           1.16    1.0000
          -0.16    0.00  
 4172.000 -1.0000  0.5660
 4172.020 -1.0000  0.4667
 4172.040 -1.0000  0.4110
 4172.060 -1.0000  0.4343
 4172.080 -1.0000  0.4594
 4172.100 -1.0000  0.4434
 4172.120 -1.0000  0.4168
 4172.140 -1.0000  0.4376
 4172.160 -1.0000  0.4192
 4172.180 -1.0000  0.3539
 4172.200 -1.0000  0.2722
 4172.220 -1.0000  0.1725
 4172.240 -1.0000  0.0204
 4172.260 -1.0000  0.0173
 4172.280 -1.0000  0.0131
 4172.300 -1.0000  0.0077
 4172.320 -1.0000  0.0021
 4172.340 -1.0000 -0.0023
 4172.360 -1.0000 -0.0030
 4172.380 -1.0000  0.0024
 4172.400 -1.0000  0.0278
 4172.420 -1.0000  0.0873
 4172.440 -1.0000  0.1393
 4172.460 -1.0000  0.2382
 4172.480 -1.0000  0.3451
 4172.500 -1.0000  0.4333
 4172.520 -1.0000  0.5048
 4172.540 -1.0000  0.5650
 4172.560 -1.0000  0.6154
 4172.580 -1.0000  0.6560
 4172.600  1.1694  0.6908
 4172.620  1.1294  0.7190
 4172.640  1.0956  0.7418
 4172.660  1.0986  0.7567
 4172.680  1.1346  0.7675
 4172.700  1.1785  0.7695
 4172.720  1.2025  0.7651
 4172.740  1.1920  0.7555
 4172.760  1.1560  0.7417
 4172.780  1.1177  0.7275
 4172.800  1.0970  0.7157
 4172.820  1.1011  0.7133
 4172.840  1.1222  0.7246
 4172.860  1.1497  0.7431
 4172.880  1.1770  0.7621
 4172.900  1.1999  0.7794
 4172.920  1.2153  0.7924
 4172.940  1.2192  0.7990
 4172.960  1.2083  0.7993
 4172.980  1.1844  0.7952
 4173.000  1.1567  0.7903
 4173.020  1.1376  0.7880
 4173.040  1.1348  0.7911
 4173.060  1.1441  0.8004
 4173.080  1.1531  0.8144
 4173.100  1.1495  0.8298
 4173.120  1.1297  0.8423
 4173.140  1.1034  0.8484
 4173.160  1.0863  0.8463
 4173.180  1.0915  0.8369
 4173.200  1.1223  0.8236
 4173.220  1.1696  0.8113
 4173.240  1.2173  0.8049
 4173.260  1.2512  0.8078
 4173.280  1.2642  0.8206
 4173.300  1.2576  0.8412
 4173.320  1.2375  0.8649
 4173.340  1.2116  0.8863
 4173.360  1.1873  0.9006
 4173.380  1.1711  0.9055
 4173.400  1.1671  0.9014
 4173.420  1.1755  0.8913
 4173.440  1.1901  0.8800
 4173.460  1.2005  0.8723
 4173.480  1.1965  0.8713
 4173.500  1.1744  0.8776
 4173.520  1.1405  0.8891
 4173.540  1.1079  0.9017
 4173.560  1.0902  0.9109
 4173.580  1.0943  0.9133
 4173.600  1.1172  0.9077
 4173.620  1.1486  0.8956
 4173.640  1.1763  0.8809
 4173.660  1.1902  0.8682
 4173.680  1.1857  0.8615
 4173.700  1.1634  0.8629
 4173.720  1.1274  0.8718
 4173.740  1.0846  0.8848
 4173.760  1.0437  0.8971
 4173.780  1.0130  0.9038
 4173.800  0.9976  0.9014
 4173.820  0.9977  0.8890
 4173.840  1.0069  0.8684
 4173.860  1.0153  0.8436
 4173.880  1.0152  0.8196
 4173.900  1.0070  0.8011
 4173.920  1.0003  0.7911
 4173.940  1.0084  0.7907
 4173.960  1.0381  0.7986
 4173.980  1.0820  0.8123
 4174.000  1.1238  0.8289
 4174.020  1.1479  0.8457
 4174.040  1.1483  0.8610
 4174.060  1.1314  0.8741
 4174.080  1.1099  0.8847
 4174.100  1.0945  0.8928
 4174.120  1.0898  0.8980
 4174.140  1.0936  0.8995
 4174.160  1.1010  0.8967
 4174.180  1.1077  0.8893
 4174.200  1.1113  0.8781
 4174.220  1.1103  0.8651
 4174.240  1.1030  0.8527
 4174.260  1.0884  0.8439
 4174.280  1.0691  0.8401
 4174.300  1.0518  0.8412
 4174.320  1.0469  0.8448
 4174.340  1.0609  0.8467
 4174.360  1.0895  0.8423
 4174.380  1.1189  0.8278
 4174.400  1.1301  0.8021
 4174.420  1.1131  0.7675
 4174.440  1.0786  0.7297
 4174.460  1.0521  0.6966
 4174.480  1.0582  0.6763
 4174.500  1.1023  0.6746
 4174.520  1.1631  0.6938
 4174.540  1.2106  0.7311
 4174.560  1.2284  0.7797
 4174.580  1.2194  0.8301
 4174.600  1.1995  0.8730
 4174.620  1.1844  0.9013
 4174.640  1.1815  0.9122
 4174.660  1.1901  0.9078
 4174.680  1.2039  0.8940
 4174.700  1.2141  0.8783
 4174.720  1.2133  0.8680
 4174.740  1.1973  0.8674
 4174.760  1.1667  0.8768
 4174.780  1.1267  0.8928
 4174.800  1.0859  0.9096
 4174.820  1.0545  0.9212
 4174.840  1.0422  0.9235
 4174.860  1.0550  0.9156
 4174.880  1.0909  0.9005
 4174.900  1.1374  0.8836
 4174.920  1.1758  0.8713
 4174.940  1.1898  0.8681
 4174.960  1.1750  0.8755
 4174.980  1.1428  0.8908
 4175.000  1.1128  0.9081
 4175.020  1.1022  0.9199
 4175.040  1.1162  0.9194
 4175.060  1.1467  0.9028
 4175.080  1.1772  0.8709
 4175.100  1.1918  0.8288
 4175.120  1.1849  0.7849
 4175.140  1.1633  0.7485
 4175.160  1.1408  0.7276
 4175.180  1.1285  0.7264
 4175.200  1.1260  0.7447
 4175.220  1.1265  0.7779
 4175.240  1.1256  0.8182
 4175.260  1.1234  0.8571
 4175.280  1.1230  0.8873
 4175.300  1.1264  0.9048
 4175.320  1.1321  0.9090
 4175.340  1.1366  0.9029
 4175.360  1.1377  0.8916
 4175.380  1.1336  0.8808
 4175.400  1.1239  0.8750
 4175.420  1.1098  0.8763
 4175.440  1.0945  0.8841
 4175.460  1.0837  0.8956
 4175.480  1.0825  0.9061
 4175.500  1.0927  0.9111
 4175.520  1.1114  0.9067
 4175.540  1.1333  0.8908
 4175.560  1.1532  0.8638
 4175.580  1.1684  0.8282
 4175.600  1.1766  0.7884
 4175.620  1.1737  0.7498
 4175.640  1.1580  0.7182
 4175.660  1.1356  0.6987
 4175.680  1.1202  0.6948
 4175.700  1.1269  0.7075
 4175.720  1.1586  0.7354
 4175.740  1.1988  0.7742
 4175.760  1.2248  0.8177
 4175.780  1.2222  0.8591
 4175.800  1.1920  0.8916
 4175.820  1.1493  0.9107
 4175.840  1.1111  0.9149
 4175.860  1.0875  0.9059
 4175.880  1.0792  0.8887
 4175.900  1.0794  0.8696
 4175.920  1.0790  0.8551
 4175.940  1.0723  0.8496
 4175.960  1.0598  0.8541
 4175.980  1.0479  0.8661
 4176.000  1.0462  0.8801
 4176.020  1.0615  0.8895
 4176.040  1.0936  0.8885
 4176.060  1.1360  0.8744
 4176.080  1.1773  0.8484
 4176.100  1.2068  0.8158
 4176.120  1.2196  0.7840
 4176.140  1.2155  0.7607
 4176.160  1.1976  0.7505
 4176.180  1.1713  0.7537
 4176.200  1.1434  0.7650
 4176.220  1.1230  0.7753
 4176.240  1.1173  0.7734
 4176.260  1.1228  0.7505
 4176.280 -1.0000  0.7021
 4176.300 -1.0000  0.6314
 4176.320 -1.0000  0.5484
 4176.340 -1.0000  0.4683
 4176.360 -1.0000  0.4079
 4176.380 -1.0000  0.3810
 4176.400 -1.0000  0.3948
 4176.420 -1.0000  0.4477
 4176.440 -1.0000  0.5287
 4176.460 -1.0000  0.6207
 4176.480 -1.0000  0.7039
 4176.500  1.2015  0.7611
 4176.520  1.2117  0.7818
 4176.540  1.2209  0.7643
 4176.560 -1.0000  0.7167
 4176.580 -1.0000  0.6534
 4176.600 -1.0000  0.5923
 4176.620 -1.0000  0.5498
 4176.640 -1.0000  0.5370
 4176.660 -1.0000  0.5573
 4176.680 -1.0000  0.6063
 4176.700 -1.0000  0.6737
 4176.720  1.1097  0.7460
 4176.740  1.1247  0.8105
 4176.760  1.1397  0.8581
 4176.780  1.1427  0.8848
 4176.800  1.1338  0.8923
 4176.820  1.1225  0.8860
 4176.840  1.1189  0.8735
 4176.860  1.1271  0.8619
 4176.880  1.1411  0.8563
 4176.900  1.1500  0.8583
 4176.920  1.1459  0.8668
 4176.940  1.1281  0.8788
 4176.960  1.1030  0.8905
 4176.980  1.0795  0.8990
 4177.000  1.0637  0.9028
 4177.020  1.0581  0.9021
 4177.040  1.0612  0.8985
 4177.060  1.0703  0.8941
 4177.080  1.0824  0.8908
 4177.100  1.0946  0.8898
 4177.120  1.1036  0.8910
 4177.140  1.1067  0.8940
 4177.160  1.1030  0.8974
 4177.180  1.0956  0.9004
 4177.200  1.0910  0.9021
 4177.220  1.0960  0.9025
 4177.240  1.1139  0.9018
 4177.260  1.1409  0.9006
 4177.280  1.1678  0.8994
 4177.300  1.1851  0.8984
 4177.320  1.1877  0.8978
 4177.340  1.1786  0.8973
 4177.360  1.1652  0.8970
 4177.380  1.1548  0.8967
 4177.400  1.1507  0.8967
 4177.420  1.1508  0.8969
 4177.440  1.1503  0.8975
 4177.460  1.1454  0.8985
 4177.480  1.1358  0.8996
 4177.500  1.1254  0.9004
 4177.520  1.1195  0.9006
 4177.540  1.1217  0.8998
 4177.560  1.1311  0.8980
 4177.580  1.1420  0.8954
 4177.600  1.1475  0.8920
 4177.620  1.1432  0.8881
 4177.640  1.1300  0.8836
 4177.660  1.1129  0.8784
 4177.680  1.0980  0.8723
 4177.700  1.0899  0.8652
 4177.720  1.0910  0.8577
 4177.740  1.1022  0.8507
 4177.760  1.1237  0.8457
 4177.780  1.1521  0.8441
 4177.800  1.1791  0.8470
 4177.820  1.1943  0.8547
 4177.840  1.1907  0.8660
 4177.860  1.1687  0.8791
 4177.880  1.1371  0.8910
 4177.900  1.1073  0.8991
 4177.920  1.0882  0.9018
 4177.940  1.0838  0.8989
 4177.960  1.0927  0.8920
 4177.980  1.1116  0.8842
 4178.000  1.1355  0.8790
 4178.020  1.1584  0.8789
 4178.040  1.1748  0.8846
 4178.060  1.1816  0.8943
 4178.080  1.1796  0.9035
 4178.100  1.1733  0.9066
 4178.120  1.1680  0.8980
 4178.140  1.1674  0.8742
 4178.160  1.1730  0.8354
 4178.180  1.1839  0.7860
 4178.200  1.1953  0.7340
 4178.220  1.1985  0.6898
 4178.240  1.1859  0.6630
 4178.260  1.1578  0.6602
 4178.280  1.1248  0.6832
 4178.300  1.1018  0.7278
 4178.320  1.0960  0.7845
 4178.340  1.1033  0.8407
 4178.360  1.1149  0.8836
 4178.380  1.1250  0.9033
 4178.400  1.1332  0.8951
 4178.420  1.1418  0.8608
 4178.440  1.1493  0.8084
 4178.460  1.1500  0.7497
 4178.480  1.1393  0.6976
 4178.500  1.1195  0.6631
 4178.520  1.1016  0.6526
 4178.540  1.0955  0.6670
 4178.560  1.0997  0.7015
 4178.580  1.1055  0.7477
 4178.600  1.1059  0.7956
 4178.620  1.1008  0.8364
 4178.640  1.0974  0.8645
 4178.660  1.1040  0.8783
 4178.680  1.1231  0.8800
 4178.700  1.1503  0.8745
 4178.720  1.1745  0.8674
 4178.740  1.1831  0.8636
 4178.760  1.1683  0.8655
 4178.780  1.1322  0.8730
 4178.800  1.0861  0.8840
 4178.820  1.0445  0.8951
 4178.840  1.0186  0.9032
 4178.860  1.0121  0.9064
 4178.880  1.0224  0.9048
 4178.900  1.0441  0.8997
 4178.920  1.0714  0.8936
 4178.940  1.0987  0.8892
 4178.960  1.1213  0.8880
 4178.980  1.1356  0.8903
 4179.000  1.1408  0.8951
 4179.020  1.1395  0.9004
 4179.040  1.1358  0.9041
 4179.060  1.1334  0.9047
 4179.080  1.1333  0.9020
 4179.100  1.1340  0.8965
 4179.120  1.1319  0.8898
 4179.140  1.1240  0.8835
 4179.160  1.1100  0.8787
 4179.180  1.0936  0.8758
 4179.200  1.0807  0.8737
 4179.220  1.0763  0.8711
 4179.240  1.0808  0.8666
 4179.260  1.0893  0.8592
 4179.280  1.0941  0.8492
 4179.300  1.0898  0.8380
 4179.320  1.0785  0.8280
 4179.340  1.0690  0.8215
 4179.360  1.0721  0.8203
 4179.380  1.0934  0.8250
 4179.400  1.1278  0.8347
 4179.420  1.1648  0.8472
 4179.440  1.1949  0.8598
 4179.460  1.2134  0.8699
 4179.480  1.2199  0.8762
 4179.500  1.2156  0.8784
 4179.520  1.2003  0.8779
 4179.540  1.1759  0.8767
 4179.560  1.1484  0.8766
 4179.580  1.1272  0.8787
 4179.600  1.1208  0.8822
 4179.620  1.1305  0.8851
 4179.640  1.1497  0.8840
 4179.660  1.1690  0.8757
 4179.680  1.1813  0.8579
 4179.700  1.1858  0.8308
 4179.720  1.1859  0.7968
 4179.740  1.1841  0.7606
 4179.760  1.1804  0.7285
 4179.780  1.1741  0.7064
 4179.800  1.1662  0.6987
 4179.820  1.1615  0.7071
 4179.840  1.1633  0.7300
 4179.860  1.1685  0.7631
 4179.880  1.1708  0.8000
 4179.900  1.1659  0.8343
 4179.920  1.1544  0.8608
 4179.940  1.1419  0.8767
 4179.960  1.1341  0.8820
 4179.980  1.1334  0.8792
 4180.000  1.1384  0.8725
 4180.020  1.1455  0.8662
 4180.040  1.1510  0.8635
 4180.060  1.1536  0.8660
 4180.080  1.1537  0.8729
 4180.100  1.1533  0.8821
 4180.120  1.1546  0.8907
 4180.140  1.1594  0.8961
 4180.160  1.1681  0.8969
 4180.180  1.1792  0.8933
 4180.200  1.1896  0.8869
 4180.220  1.1957  0.8800
 4180.240  1.1949  0.8750
 4180.260  1.1860  0.8733
 4180.280  1.1695  0.8750
 4180.300  1.1480  0.8790
 4180.320  1.1246  0.8834
 4180.340  1.1027  0.8859
 4180.360  1.0852  0.8851
 4180.380  1.0740  0.8805
 4180.400  1.0706  0.8730
 4180.420  1.0757  0.8644
 4180.440  1.0890  0.8567
 4180.460  1.1083  0.8515
 4180.480  1.1304  0.8495
 4180.500  1.1527  0.8503
 4180.520  1.1734  0.8524
 4180.540  1.1909  0.8539
 4180.560  1.2030  0.8531
 4180.580  1.2063  0.8493
 4180.600  1.1990  0.8429
 4180.620  1.1839  0.8352
 4180.640  1.1675  0.8280
 4180.660  1.1572  0.8231
 4180.680  1.1563  0.8217
 4180.700  1.1607  0.8235
 4180.720  1.1626  0.8272
 4180.740  1.1561  0.8309
 4180.760  1.1411  0.8325
 4180.780  1.1252  0.8303
 4180.800  1.1183  0.8241
 4180.820  1.1272  0.8147
 4180.840  1.1506  0.8039
 4180.860  1.1792  0.7937
 4180.880  1.2008  0.7859
 4180.900  1.2064  0.7812
 4180.920  1.1953  0.7788
 4180.940  1.1733  0.7768
 4180.960  1.1490  0.7729
 4180.980  1.1295  0.7646
 4181.000  1.1184  0.7505
 4181.020  1.1164  0.7305
 4181.040  1.1227  0.7062
 4181.060  1.1337  0.6797
 4181.080  1.1433  0.6536
 4181.100 -1.0000  0.6298
 4181.120 -1.0000  0.6085
 4181.140 -1.0000  0.5883
 4181.160 -1.0000  0.5663
 4181.180 -1.0000  0.5386
 4181.200 -1.0000  0.5017
 4181.220 -1.0000  0.4535
 4181.240 -1.0000  0.3939
 4181.260 -1.0000  0.3253
 4181.280 -1.0000  0.2525
 4181.300 -1.0000  0.1814
 4181.320 -1.0000  0.1179
 4181.340 -1.0000  0.0670
 4181.360 -1.0000  0.0310
 4181.380 -1.0000  0.0100
 4181.400 -1.0000  0.0013
 4181.420 -1.0000  0.0007
 4181.440 -1.0000  0.0032
 4181.460 -1.0000  0.0050
 4181.480 -1.0000  0.0041
 4181.500 -1.0000  0.0007
 4181.520 -1.0000 -0.0023
 4181.540 -1.0000 -0.0004
 4181.560 -1.0000  0.0111
 4181.580 -1.0000  0.0360
 4181.600 -1.0000  0.0760
 4181.620 -1.0000  0.1297
 4181.640 -1.0000  0.1928
 4181.660 -1.0000  0.2586
 4181.680 -1.0000  0.3200
 4181.700 -1.0000  0.3702
 4181.720 -1.0000  0.4054
 4181.740 -1.0000  0.4249
 4181.760 -1.0000  0.4320
 4181.780 -1.0000  0.4330
 4181.800 -1.0000  0.4359
 4181.820 -1.0000  0.4482
 4181.840 -1.0000  0.4752
 4181.860 -1.0000  0.5182
 4181.880 -1.0000  0.5744
 4181.900 -1.0000  0.6370
 4181.920 -1.0000  0.6975
 4181.940  1.1204  0.7470
 4181.960  1.1226  0.7794
 4181.980  1.1283  0.7923
 4182.000  1.1407  0.7880
 4182.020  1.1611  0.7731
 4182.040  1.1869  0.7562
 4182.060  1.2104  0.7459
 4182.080  1.2225  0.7481
 4182.100  1.2182  0.7644
 4182.120  1.1999  0.7915
 4182.140  1.1746  0.8218
 4182.160  1.1501  0.8457
 4182.180  1.1318  0.8542
 4182.200  1.1227  0.8415
 4182.220  1.1242  0.8068
 4182.240  1.1340  0.7553
 4182.260  1.1446  0.6964
 4182.280 -1.0000  0.6419
 4182.300 -1.0000  0.6030
 4182.320 -1.0000  0.5873
 4182.340 -1.0000  0.5970
 4182.360 -1.0000  0.6283
 4182.380 -1.0000  0.6725
 4182.400  1.1414  0.7182
 4182.420  1.1411  0.7545
 4182.440  1.1368  0.7734
 4182.460  1.1322  0.7718
 4182.480  1.1327  0.7522
 4182.500  1.1391  0.7214
 4182.520  1.1487  0.6890
 4182.540  1.1589  0.6643
 4182.560  1.1708  0.6543
 4182.580  1.1858  0.6623
 4182.600  1.2009  0.6868
 4182.620  1.2083  0.7231
 4182.640  1.2023  0.7642
 4182.660  1.1825  0.8030
 4182.680  1.1560  0.8342
 4182.700  1.1317  0.8551
 4182.720  1.1153  0.8655
 4182.740  1.1081  0.8680
 4182.760  1.1082  0.8661
 4182.780  1.1131  0.8631
 4182.800  1.1209  0.8618
 4182.820  1.1300  0.8630
 4182.840  1.1376  0.8666
 4182.860  1.1405  0.8713
 4182.880  1.1366  0.8758
 4182.900  1.1267  0.8789
 4182.920  1.1143  0.8804
 4182.940  1.1035  0.8806
 4182.960  1.0972  0.8801
 4182.980  1.0966  0.8796
 4183.000  1.1015  0.8798
 4183.020  1.1112  0.8804
 4183.040  1.1252  0.8812
 4183.060  1.1411  0.8819
 4183.080  1.1556  0.8821
 4183.100  1.1646  0.8820
 4183.120  1.1649  0.8821
 4183.140  1.1557  0.8828
 4183.160  1.1375  0.8848
 4183.180  1.1114  0.8877
 4183.200  1.0811  0.8912
 4183.220  1.0525  0.8942
 4183.240  1.0333  0.8958
 4183.260  1.0294  0.8954
 4183.280  1.0417  0.8929
 4183.300  1.0647  0.8893
 4183.320  1.0893  0.8858
 4183.340  1.1077  0.8838
 4183.360  1.1158  0.8844
 4183.380  1.1143  0.8875
 4183.400  1.1063  0.8920
 4183.420  1.0959  0.8960
 4183.440  1.0871  0.8973
 4183.460  1.0841  0.8944
 4183.480  1.0898  0.8871
 4183.500  1.1042  0.8768
 4183.520  1.1222  0.8663
 4183.540  1.1349  0.8594
 4183.560  1.1330  0.8590
 4183.580  1.1138  0.8668
 4183.600  1.0864  0.8815
 4183.620  1.0678  0.8990
 4183.640  1.0749  0.9131
 4183.660  1.1133  0.9163
 4183.680  1.1719  0.9023
 4183.700  1.2295  0.8674
 4183.720  1.2660  0.8123
 4183.740 -1.0000  0.7421
 4183.760 -1.0000  0.6661
 4183.780 -1.0000  0.5962
 4183.800 -1.0000  0.5442
 4183.820 -1.0000  0.5193
 4183.840 -1.0000  0.5264
 4183.860 -1.0000  0.5645
 4183.880 -1.0000  0.6273
 4183.900 -1.0000  0.7041
 4183.920  1.1022  0.7821
 4183.940  1.1031  0.8493
 4183.960  1.0932  0.8969
 4183.980  1.0752  0.9206
 4184.000  1.0642  0.9216
 4184.020  1.0733  0.9055
 4184.040  1.1041  0.8812
 4184.060  1.1440  0.8579
 4184.080  1.1733  0.8434
 4184.100  1.1770  0.8423
 4184.120  1.1537  0.8545
 4184.140  1.1175  0.8764
 4184.160  1.0894  0.9011
 4184.180  1.0861  0.9207
 4184.200  1.1105  0.9281
 4184.220  1.1519  0.9191
 4184.240  1.1917  0.8927
 4184.260  1.2130  0.8520
 4184.280  1.2085  0.8029
 4184.300  1.1802  0.7529
 4184.320  1.1350  0.7093
 4184.340  1.0821  0.6776
 4184.360  1.0330  0.6603
 4184.380  1.0021  0.6570
 4184.400  1.0058  0.6642
 4184.420  1.0497  0.6772
 4184.440  1.1198  0.6909
 4184.460  1.1897  0.7014
 4184.480  1.2345  0.7070
 4184.500  1.2428  0.7084
 4184.520  1.2225  0.7085
 4184.540  1.1912  0.7110
 4184.560  1.1634  0.7195
 4184.580  1.1449  0.7364
 4184.600  1.1322  0.7617
 4184.620  1.1206  0.7935
 4184.640  1.1089  0.8278
 4184.660  1.0991  0.8600
 4184.680  1.0940  0.8859
 4184.700  1.0951  0.9027
 4184.720  1.1019  0.9096
 4184.740  1.1131  0.9081
 4184.760  1.1262  0.9010
 4184.780  1.1383  0.8921
 4184.800  1.1467  0.8846
 4184.820  1.1500  0.8808
 4184.840  1.1484  0.8812
 4184.860  1.1440  0.8849
 4184.880  1.1394  0.8899
 4184.900  1.1374  0.8941
 4184.920  1.1398  0.8957
 4184.940  1.1472  0.8942
 4184.960  1.1584  0.8899
 4184.980  1.1704  0.8844
 4185.000  1.1796  0.8793
 4185.020  1.1830  0.8760
 4185.040  1.1783  0.8753
 4185.060  1.1650  0.8765
 4185.080  1.1434  0.8785
 4185.100  1.1155  0.8793
 4185.120  1.0857  0.8774
 4185.140  1.0593  0.8721
 4185.160  1.0412  0.8636
 4185.180  1.0339  0.8533
 4185.200  1.0364  0.8432
 4185.220  1.0455  0.8356
 4185.240  1.0579  0.8321
 4185.260  1.0707  0.8335
 4185.280  1.0817  0.8394
 4185.300  1.0891  0.8484
 4185.320  1.0924  0.8585
 4185.340  1.0923  0.8679
 4185.360  1.0913  0.8751
 4185.380  1.0923  0.8796
 4185.400  1.0964  0.8819
 4185.420  1.1029  0.8828
 4185.440  1.1088  0.8837
 4185.460  1.1107  0.8856
 4185.480  1.1070  0.8888
 4185.500  1.0996  0.8932
 4185.520  1.0937  0.8978
 4185.540  1.0958  0.9016
 4185.560  1.1093  0.9036
 4185.580  1.1318  0.9033
 4185.600  1.1560  0.9009
 4185.620  1.1730  0.8972
 4185.640  1.1773  0.8934
 4185.660  1.1704  0.8906
 4185.680  1.1579  0.8897
 4185.700  1.1461  0.8906
 4185.720  1.1395  0.8931
 4185.740  1.1390  0.8962
 4185.760  1.1440  0.8987
 4185.780  1.1534  0.8997
 4185.800  1.1656  0.8990
 4185.820  1.1773  0.8966
 4185.840  1.1841  0.8933
 4185.860  1.1824  0.8903
 4185.880  1.1718  0.8886
 4185.900  1.1558  0.8888
 4185.920  1.1397  0.8909
 4185.940  1.1282  0.8942
 4185.960  1.1225  0.8975
 4185.980  1.1209  0.8993
 4186.000  1.1207  0.8983
 4186.020  1.1207  0.8935
 4186.040  1.1224  0.8849
 4186.060  1.1289  0.8732
 4186.080  1.1428  0.8598
 4186.100  1.1639  0.8466
 4186.120  1.1874  0.8356
 4186.140  1.2064  0.8282
 4186.160  1.2150  0.8254
 4186.180  1.2116  0.8274
 4186.200  1.1994  0.8332
 4186.220  1.1842  0.8417
 4186.240  1.1716  0.8511
 4186.260  1.1640  0.8600
 4186.280  1.1611  0.8671
 4186.300  1.1609  0.8718
 4186.320  1.1611  0.8741
 4186.340  1.1602  0.8746
 4186.360  1.1567  0.8740
 4186.380  1.1494  0.8731
 4186.400  1.1382  0.8724
 4186.420  1.1248  0.8720
 4186.440  1.1126  0.8718
 4186.460  1.1054  0.8711
 4186.480  1.1055  0.8695
 4186.500  1.1119  0.8666
 4186.520  1.1213  0.8625
 4186.540  1.1301  0.8576
 4186.560  1.1359  0.8524
 4186.580  1.1388  0.8480
 4186.600  1.1402  0.8449
 4186.620  1.1415  0.8436
 4186.640  1.1438  0.8438
 4186.660  1.1474  0.8452
 4186.680  1.1529  0.8469
 4186.700  1.1603  0.8481
 4186.720  1.1689  0.8481
 4186.740  1.1766  0.8467
 4186.760  1.1805  0.8437
 4186.780  1.1786  0.8395
 4186.800  1.1712  0.8344
 4186.820  1.1610  0.8286
 4186.840  1.1514  0.8220
 4186.860  1.1450  0.8142
 4186.880  1.1426  0.8050
 4186.900  1.1437  0.7941
 4186.920  1.1469  0.7813
 4186.940  1.1510  0.7671
 4186.960  1.1546  0.7522
 4186.980  1.1563  0.7371
 4187.000  1.1549  0.7221
 4187.020  1.1513  0.7067
 4187.040  1.1479  0.6896
 4187.060  1.1464  0.6683
 4187.080 -1.0000  0.6401
 4187.100 -1.0000  0.6023
 4187.120 -1.0000  0.5534
 4187.140 -1.0000  0.4929
 4187.160 -1.0000  0.4227
 4187.180 -1.0000  0.3461
 4187.200 -1.0000  0.2680
 4187.220 -1.0000  0.1936
 4187.240 -1.0000  0.1276
 4187.260 -1.0000  0.0734
 4187.280 -1.0000  0.0328
 4187.300 -1.0000  0.0059
 4187.320 -1.0000 -0.0085
 4187.340 -1.0000 -0.0119
 4187.360 -1.0000 -0.0057
 4187.380 -1.0000  0.0098
 4187.400 -1.0000  0.0350
 4187.420 -1.0000  0.0709
 4187.440 -1.0000  0.1184
 4187.460 -1.0000  0.1776
 4187.480 -1.0000  0.2469
 4187.500 -1.0000  0.3229
 4187.520 -1.0000  0.4011
 4187.540 -1.0000  0.4758
 4187.560 -1.0000  0.5422
 4187.580 -1.0000  0.5967
 4187.600 -1.0000  0.6381
 4187.620 -1.0000  0.6674
 4187.640  1.1882  0.6876
 4187.660  1.1889  0.7027
 4187.680  1.1753  0.7165
 4187.700  1.1411  0.7315
 4187.720  1.0965  0.7489
 4187.740  1.0621  0.7677
 4187.760  1.0579  0.7858
 4187.780  1.0912  0.8009
 4187.800  1.1497  0.8114
 4187.820  1.2105  0.8168
 4187.840  1.2523  0.8182
 4187.860  1.2641  0.8178
 4187.880  1.2491  0.8183
 4187.900  1.2177  0.8218
 4187.920  1.1808  0.8288
 4187.940  1.1463  0.8386
 4187.960  1.1194  0.8490
 4187.980  1.1039  0.8571
 4188.000  1.1023  0.8608
 4188.020  1.1127  0.8592
 4188.040  1.1285  0.8534
 4188.060  1.1395  0.8461
 4188.080  1.1383  0.8410
 4188.100  1.1251  0.8412
 4188.120  1.1083  0.8485
 4188.140  1.0999  0.8615
 4188.160  1.1071  0.8763
 4188.180  1.1249  0.8870
 4188.200  1.1411  0.8869
 4188.220  1.1440  0.8707
 4188.240  1.1303  0.8362
 4188.260  1.1086  0.7856
 4188.280  1.0911  0.7254
 4188.300 -1.0000  0.6655
 4188.320 -1.0000  0.6172
 4188.340 -1.0000  0.5905
 4188.360 -1.0000  0.5918
 4188.380 -1.0000  0.6218
 4188.400 -1.0000  0.6758
 4188.420  1.0476  0.7437
 4188.440  1.0381  0.8126
 4188.460  1.0347  0.8696
 4188.480  1.0459  0.9042
 4188.500  1.0739  0.9107
 4188.520  1.1155  0.8896
 4188.540  1.1646  0.8467
 4188.560  1.2123  0.7919
 4188.580  1.2451  0.7371
 4188.600  1.2474  0.6932
 4188.620  1.2121  0.6679
 4188.640  1.1503  0.6648
 4188.660  1.0884  0.6827
 4188.680  1.0535  0.7164
 4188.700  1.0545  0.7586
 4188.720  1.0769  0.8015
 4188.740  1.0970  0.8386
 4188.760  1.0974  0.8658
 4188.780  1.0757  0.8820
 4188.800  1.0427  0.8883
 4188.820  1.0129  0.8879
 4188.840  0.9964  0.8842
 4188.860  0.9974  0.8802
 4188.880  1.0160  0.8781
 4188.900  1.0524  0.8785
 4188.920  1.1043  0.8809
 4188.940  1.1621  0.8844
 4188.960  1.2103  0.8878
 4188.980  1.2328  0.8903
 4189.000  1.2223  0.8916
 4189.020  1.1867  0.8919
 4189.040  1.1433  0.8915
 4189.060  1.1080  0.8909
 4189.080  1.0894  0.8902
 4189.100  1.0857  0.8892
 4189.120  1.0898  0.8875
 4189.140  1.0959  0.8848
 4189.160  1.1019  0.8810
 4189.180  1.1093  0.8765
 4189.200  1.1209  0.8721
 4189.220  1.1378  0.8688
 4189.240  1.1569  0.8674
 4189.260  1.1723  0.8685
 4189.280  1.1778  0.8722
 4189.300  1.1704  0.8776
 4189.320  1.1525  0.8837
 4189.340  1.1300  0.8892
 4189.360  1.1091  0.8930
 4189.380  1.0943  0.8946
 4189.400  1.0879  0.8939
 4189.420  1.0910  0.8915
 4189.440  1.1037  0.8884
 4189.460  1.1242  0.8855
 4189.480  1.1479  0.8836
 4189.500  1.1682  0.8830
 4189.520  1.1802  0.8833
 4189.540  1.1822  0.8839
 4189.560  1.1763  0.8841
 4189.580  1.1667  0.8831
 4189.600  1.1567  0.8805
 4189.620  1.1478  0.8759
 4189.640  1.1407  0.8691
 4189.660  1.1353  0.8597
 4189.680  1.1322  0.8471
 4189.700  1.1322  0.8302
 4189.720  1.1364  0.8078
 4189.740  1.1461  0.7790
 4189.760  1.1603  0.7435
 4189.780  1.1732  0.7024
 4189.800 -1.0000  0.6582
 4189.820 -1.0000  0.6149
 4189.840 -1.0000  0.5777
 4189.860 -1.0000  0.5518
 4189.880 -1.0000  0.5417
 4189.900 -1.0000  0.5503
 4189.920 -1.0000  0.5777
 4189.940 -1.0000  0.6213
 4189.960 -1.0000  0.6758
 4189.980  1.1920  0.7340
 4190.000  1.1725  0.7884
 4190.020  1.1406  0.8317
 4190.040  1.1011  0.8592
 4190.060  1.0591  0.8686
 4190.080  1.0200  0.8613
 4190.100  0.9910  0.8415
 4190.120  0.9803  0.8154
 4190.140  0.9911  0.7903
 4190.160  1.0150  0.7727
 4190.180  1.0346  0.7670
 4190.200  1.0332  0.7748
 4190.220  1.0053  0.7943
 4190.240  0.9621  0.8205
 4190.260  0.9239  0.8464
 4190.280  0.9089  0.8641
 4190.300  0.9237  0.8669
 4190.320  0.9583  0.8501
 4190.340  0.9936  0.8130
 4190.360  1.0174  0.7584
 4190.380 -1.0000  0.6932
 4190.400 -1.0000  0.6267
 4190.420 -1.0000  0.5691
 4190.440 -1.0000  0.5295
 4190.460 -1.0000  0.5145
 4190.480 -1.0000  0.5264
 4190.500 -1.0000  0.5628
 4190.520 -1.0000  0.6176
 4190.540 -1.0000  0.6816
 4190.560  1.2513  0.7443
 4190.580  1.2495  0.7965
 4190.600  1.2275  0.8314
 4190.620  1.1902  0.8456
 4190.640  1.1551  0.8400
 4190.660  1.1397  0.8184
 4190.680  1.1511  0.7869
 4190.700  1.1799  0.7523
 4190.720  1.2071  0.7205
 4190.740  1.2150  0.6956
 4190.760  1.1963  0.6795
 4190.780  1.1574  0.6718
 4190.800  1.1132  0.6707
 4190.820  1.0780  0.6733
 4190.840  1.0592  0.6767
 4190.860  1.0571  0.6778
 4190.880  1.0670  0.6743
 4190.900  1.0796  0.6639
 4190.920 -1.0000  0.6443
 4190.940 -1.0000  0.6135
 4190.960 -1.0000  0.5697
 4190.980 -1.0000  0.5117
 4191.000 -1.0000  0.4399
 4191.020 -1.0000  0.3566
 4191.040 -1.0000  0.2661
 4191.060 -1.0000  0.1750
 4191.080 -1.0000  0.0912
 4191.100 -1.0000  0.0226
 4191.120 -1.0000 -0.0238
 4191.140 -1.0000 -0.0433
 4191.160 -1.0000 -0.0345
 4191.180 -1.0000  0.0008
 4191.200 -1.0000  0.0581
 4191.220 -1.0000  0.1308
 4191.240 -1.0000  0.2117
 4191.260 -1.0000  0.2944
 4191.280 -1.0000  0.3737
 4191.300 -1.0000  0.4465
 4191.320 -1.0000  0.5114
 4191.340 -1.0000  0.5682
 4191.360 -1.0000  0.6176
 4191.380 -1.0000  0.6603
 4191.400  1.0611  0.6967
 4191.420  1.0538  0.7272
 4191.440  1.0550  0.7516
 4191.460  1.0694  0.7703
 4191.480  1.0921  0.7838
 4191.500  1.1161  0.7933
 4191.520  1.1358  0.8001
 4191.540  1.1487  0.8058
 4191.560  1.1537  0.8116
 4191.580  1.1506  0.8182
 4191.600  1.1403  0.8256
 4191.620  1.1255  0.8333
 4191.640  1.1097  0.8405
 4191.660  1.0958  0.8464
 4191.680  1.0853  0.8506
 4191.700  1.0781  0.8533
 4191.720  1.0729  0.8551
 4191.740  1.0687  0.8566
 4191.760  1.0652  0.8586
 4191.780  1.0627  0.8612
 4191.800  1.0623  0.8645
 4191.820  1.0649  0.8677
 4191.840  1.0710  0.8702
 4191.860  1.0809  0.8711
 4191.880  1.0948  0.8699
 4191.900  1.1116  0.8668
 4191.920  1.1286  0.8618
 4191.940  1.1420  0.8554
 4191.960  1.1484  0.8479
 4191.980  1.1467  0.8397
 4192.000  1.1386  0.8308
 4192.020  1.1274  0.8213
 4192.040  1.1164  0.8115
 4192.060  1.1081  0.8021
 4192.080  1.1047  0.7944
 4192.100  1.1081  0.7898
 4192.120  1.1184  0.7898
 4192.140  1.1328  0.7953
 4192.160  1.1455  0.8063
 4192.180  1.1511  0.8217
 4192.200  1.1474  0.8393
 4192.220  1.1367  0.8563
 4192.240  1.1237  0.8701
 4192.260  1.1126  0.8787
 4192.280  1.1059  0.8815
 4192.300  1.1037  0.8793
 4192.320  1.1044  0.8742
 4192.340  1.1061  0.8689
 4192.360  1.1069  0.8657
 4192.380  1.1064  0.8661
 4192.400  1.1058  0.8704
 4192.420  1.1069  0.8773
 4192.440  1.1109  0.8849
 4192.460  1.1163  0.8908
 4192.480  1.1201  0.8935
 4192.500  1.1192  0.8925
 4192.520  1.1122  0.8887
 4192.540  1.1003  0.8839
 4192.560  1.0854  0.8804
 4192.580  1.0696  0.8799
 4192.600  1.0552  0.8830
 4192.620  1.0452  0.8891
 4192.640  1.0431  0.8963
 4192.660  1.0513  0.9023
 4192.680  1.0682  0.9049
 4192.700  1.0886  0.9030
 4192.720  1.1057  0.8970
 4192.740  1.1136  0.8885
 4192.760  1.1106  0.8799
 4192.780  1.0975  0.8738
 4192.800  1.0766  0.8718
 4192.820  1.0503  0.8743
 4192.840  1.0210  0.8802
 4192.860  0.9908  0.8872
 4192.880  0.9628  0.8931
 4192.900  0.9400  0.8958
 4192.920  0.9260  0.8947
 4192.940  0.9233  0.8905
 4192.960  0.9327  0.8851
 4192.980  0.9521  0.8806
 4193.000  0.9774  0.8790
 4193.020  1.0043  0.8809
 4193.040  1.0302  0.8855
 4193.060  1.0547  0.8908
 4193.080  1.0784  0.8940
 4193.100  1.1023  0.8927
 4193.120  1.1266  0.8855
 4193.140  1.1504  0.8729
 4193.160  1.1713  0.8568
 4193.180  1.1859  0.8401
 4193.200  1.1909  0.8261
 4193.220  1.1852  0.8170
 4193.240  1.1706  0.8140
 4193.260  1.1507  0.8163
 4193.280  1.1298  0.8219
 4193.300  1.1108  0.8281
 4193.320  1.0955  0.8328
 4193.340  1.0843  0.8347
 4193.360  1.0769  0.8339
 4193.380  1.0725  0.8315
 4193.400  1.0698  0.8291
 4193.420  1.0677  0.8278
 4193.440  1.0660  0.8279
 4193.460  1.0659  0.8282
 4193.480  1.0694  0.8266
 4193.500  1.0784  0.8209
 4193.520  1.0931  0.8095
 4193.540  1.1113  0.7925
 4193.560  1.1283  0.7717
 4193.580  1.1393  0.7503
 4193.600  1.1417  0.7322
 4193.620  1.1365  0.7205
 4193.640  1.1267  0.7161
 4193.660  1.1156  0.7177
 4193.680  1.1046  0.7212
 4193.700  1.0946  0.7211
 4193.720  1.0870  0.7116
 4193.740  1.0822  0.6890
 4193.760 -1.0000  0.6525
 4193.780 -1.0000  0.6051
 4193.800 -1.0000  0.5531
 4193.820 -1.0000  0.5050
 4193.840 -1.0000  0.4694
 4193.860 -1.0000  0.4531
 4193.880 -1.0000  0.4593
 4193.900 -1.0000  0.4872
 4193.920 -1.0000  0.5320
 4193.940 -1.0000  0.5866
 4193.960 -1.0000  0.6426
 4193.980 -1.0000  0.6929
 4194.000  1.0301  0.7324
 4194.020  1.0419  0.7591
 4194.040  1.0593  0.7735
 4194.060  1.0785  0.7781
 4194.080  1.0964  0.7761
 4194.100  1.1105  0.7706
 4194.120  1.1189  0.7634
 4194.140  1.1205  0.7554
 4194.160  1.1151  0.7465
 4194.180  1.1036  0.7359
 4194.200  1.0890  0.7231
 4194.220  1.0762  0.7075
 4194.240  1.0699  0.6889
 4194.260  1.0701  0.6668
 4194.280 -1.0000  0.6403
 4194.300 -1.0000  0.6080
 4194.320 -1.0000  0.5679
 4194.340 -1.0000  0.5184
 4194.360 -1.0000  0.4585
 4194.380 -1.0000  0.3888
 4194.400 -1.0000  0.3123
 4194.420 -1.0000  0.2334
 4194.440 -1.0000  0.1582
 4194.460 -1.0000  0.0928
 4194.480 -1.0000  0.0422
 4194.500 -1.0000  0.0094
 4194.520 -1.0000 -0.0057
 4194.540 -1.0000 -0.0054
 4194.560 -1.0000  0.0057
 4194.580 -1.0000  0.0227
 4194.600 -1.0000  0.0416
 4194.620 -1.0000  0.0599
 4194.640 -1.0000  0.0776
 4194.660 -1.0000  0.0969
 4194.680 -1.0000  0.1212
 4194.700 -1.0000  0.1538
 4194.720 -1.0000  0.1972
 4194.740 -1.0000  0.2518
 4194.760 -1.0000  0.3158
 4194.780 -1.0000  0.3857
 4194.800 -1.0000  0.4566
 4194.820 -1.0000  0.5239
 4194.840 -1.0000  0.5838
 4194.860 -1.0000  0.6339
 4194.880 -1.0000  0.6735
 4194.900  1.1858  0.7035
 4194.920  1.1721  0.7254
 4194.940  1.1613  0.7414
 4194.960  1.1608  0.7533
 4194.980  1.1682  0.7625
 4195.000  1.1767  0.7700
 4195.020  1.1816  0.7763
 4195.040  1.1802  0.7819
 4195.060  1.1707  0.7872
 4195.080  1.1522  0.7925
 4195.100  1.1252  0.7979
 4195.120  1.0941  0.8033
 4195.140  1.0670  0.8082
 4195.160  1.0530  0.8122
 4195.180  1.0566  0.8146
 4195.200  1.0738  0.8150
 4195.220  1.0941  0.8134
 4195.240  1.1059  0.8104
 4195.260  1.1031  0.8066
 4195.280  1.0889  0.8032
 4195.300  1.0722  0.8005
 4195.320  1.0618  0.7985
 4195.340  1.0621  0.7966
 4195.360  1.0719  0.7936
 4195.380  1.0870  0.7883
 4195.400  1.1036  0.7797
 4195.420  1.1189  0.7674
 4195.440  1.1321  0.7514
 4195.460  1.1424  0.7320
 4195.480  1.1497  0.7090
 4195.500  1.1537  0.6814
 4195.520 -1.0000  0.6467
 4195.540 -1.0000  0.6018
 4195.560 -1.0000  0.5432
 4195.580 -1.0000  0.4688
 4195.600 -1.0000  0.3787
 4195.620 -1.0000  0.2772
 4195.640 -1.0000  0.1720
 4195.660 -1.0000  0.0744
 4195.680 -1.0000 -0.0032
 4195.700 -1.0000 -0.0498
 4195.720 -1.0000 -0.0579
 4195.740 -1.0000 -0.0261
 4195.760 -1.0000  0.0401
 4195.780 -1.0000  0.1295
 4195.800 -1.0000  0.2272
 4195.820 -1.0000  0.3177
 4195.840 -1.0000  0.3886
 4195.860 -1.0000  0.4333
 4195.880 -1.0000  0.4524
 4195.900 -1.0000  0.4527
 4195.920 -1.0000  0.4454
 4195.940 -1.0000  0.4427
 4195.960 -1.0000  0.4544
 4195.980 -1.0000  0.4855
 4196.000 -1.0000  0.5349
 4196.020 -1.0000  0.5961
 4196.040 -1.0000  0.6599
 4196.060 -1.0000  0.7167
 4196.080  1.1391  0.7599
 4196.100  1.1092  0.7872
 4196.120  1.0670  0.8012
 4196.140  1.0262  0.8074
 4196.160  1.0001  0.8125
 4196.180  0.9933  0.8208
 4196.200  0.9998  0.8329
 4196.220  1.0119  0.8446
 4196.240  1.0269  0.8486
 4196.260  1.0435  0.8365
 4196.280  1.0566  0.8023
 4196.300 -1.0000  0.7450
 4196.320 -1.0000  0.6703
 4196.340 -1.0000  0.5897
 4196.360 -1.0000  0.5184
 4196.380 -1.0000  0.4716
 4196.400 -1.0000  0.4604
 4196.420 -1.0000  0.4888
 4196.440 -1.0000  0.5524
 4196.460 -1.0000  0.6392
 4196.480 -1.0000  0.7325
 4196.500  0.9774  0.8155
 4196.520  0.9777  0.8746
 4196.540  0.9793  0.9036
 4196.560  0.9818  0.9037
 4196.580  0.9878  0.8834
 4196.600  1.0015  0.8551
 4196.620  1.0248  0.8313
 4196.640  1.0528  0.8213
 4196.660  1.0749  0.8285
 4196.680  1.0826  0.8502
 4196.700  1.0755  0.8787
 4196.720  1.0611  0.9046
 4196.740  1.0501  0.9195
 4196.760  1.0503  0.9192
 4196.780  1.0638  0.9046
 4196.800  1.0873  0.8815
 4196.820  1.1135  0.8581
 4196.840  1.1342  0.8428
 4196.860  1.1433  0.8410
 4196.880  1.1393  0.8530
 4196.900  1.1267  0.8744
 4196.920  1.1141  0.8966
 4196.940  1.1092  0.9100
 4196.960  1.1151  0.9064
 4196.980  1.1292  0.8820
 4197.000  1.1450  0.8380
 4197.020  1.1569  0.7811
 4197.040  1.1636  0.7211
 4197.060  1.1671  0.6689
 4197.080  1.1694  0.6332
 4197.100  1.1695  0.6189
 4197.120  1.1651  0.6259
 4197.140  1.1574  0.6500
 4197.160  1.1508  0.6838
 4197.180  1.1481  0.7196
 4197.200  1.1468  0.7509
 4197.220  1.1400  0.7742
 4197.240  1.1228  0.7891
 4197.260  1.0978  0.7980
 4197.280  1.0745  0.8044
 4197.300  1.0633  0.8120
 4197.320  1.0692  0.8230
 4197.340  1.0872  0.8376
 4197.360  1.1078  0.8543
 4197.380  1.1236  0.8704
 4197.400  1.1324  0.8832
 4197.420  1.1373  0.8908
 4197.440  1.1429  0.8929
 4197.460  1.1511  0.8905
 4197.480  1.1605  0.8858
 4197.500  1.1657  0.8813
 4197.520  1.1606  0.8788
 4197.540  1.1424  0.8793
 4197.560  1.1145  0.8823
 4197.580  1.0863  0.8865
 4197.600  1.0692  0.8897
 4197.620  1.0709  0.8902
 4197.640  1.0903  0.8865
 4197.660  1.1196  0.8781
 4197.680  1.1481  0.8657
 4197.700  1.1679  0.8504
 4197.720  1.1773  0.8342
 4197.740  1.1782  0.8190
 4197.760  1.1732  0.8069
 4197.780  1.1653  0.7994
 4197.800  1.1587  0.7976
 4197.820  1.1591  0.8021
 4197.840  1.1714  0.8126
 4197.860  1.1944  0.8280
 4197.880  1.2187  0.8464
 4197.900  1.2318  0.8656
 4197.920  1.2256  0.8830
 4197.940  1.2013  0.8962
 4197.960  1.1692  0.9040
 4197.980  1.1415  0.9059
 4198.000  1.1259  0.9031
 4198.020  1.1226  0.8974
 4198.040  1.1258  0.8916
 4198.060  1.1283  0.8880
 4198.080  1.1256  0.8881
 4198.100  1.1180  0.8921
 4198.120  1.1096  0.8990
 4198.140  1.1053  0.9069
 4198.160  1.1084  0.9133
 4198.180  1.1184  0.9165
 4198.200  1.1317  0.9158
 4198.220  1.1441  0.9117
 4198.240  1.1520  0.9059
 4198.260  1.1550  0.9008
 4198.280  1.1539  0.8983
 4198.300  1.1507  0.8994
 4198.320  1.1466  0.9038
 4198.340  1.1423  0.9098
 4198.360  1.1385  0.9152
 4198.380  1.1360  0.9176
 4198.400  1.1354  0.9157
 4198.420  1.1359  0.9095
 4198.440  1.1351  0.9004
 4198.460  1.1309  0.8910
 4198.480  1.1235  0.8839
 4198.500  1.1167  0.8811
 4198.520  1.1158  0.8834
 4198.540  1.1242  0.8897
 4198.560  1.1397  0.8980
 4198.580  1.1563  0.9056
 4198.600  1.1679  0.9101
 4198.620  1.1717  0.9105
 4198.640  1.1694  0.9070
 4198.660  1.1650  0.9012
 4198.680  1.1611  0.8955
 4198.700  1.1583  0.8919
 4198.720  1.1551  0.8916
 4198.740  1.1507  0.8944
 4198.760  1.1456  0.8986
 4198.780  1.1407  0.9022
 4198.800  1.1362  0.9031
 4198.820  1.1313  0.9002
 4198.840  1.1243  0.8939
 4198.860  1.1148  0.8859
 4198.880  1.1034  0.8788
 4198.900  1.0917  0.8749
 4198.920  1.0811  0.8757
 4198.940  1.0733  0.8811
 4198.960  1.0704  0.8894
 4198.980  1.0750  0.8981
 4199.000  1.0884  0.9043
 4199.020  1.1082  0.9063
 4199.040  1.1291  0.9038
 4199.060  1.1445  0.8981
 4199.080  1.1496  0.8918
 4199.100  1.1431  0.8876
 4199.120  1.1265  0.8873
 4199.140  1.1033  0.8913
 4199.160  1.0789  0.8978
 4199.180  1.0601  0.9040
 4199.200  1.0538  0.9067
 4199.220  1.0645  0.9035
 4199.240  1.0912  0.8939
 4199.260  1.1264  0.8796
 4199.280  1.1590  0.8644
 4199.300  1.1790  0.8525
 4199.320  1.1831  0.8476
 4199.340  1.1749  0.8517
 4199.360  1.1625  0.8640
 4199.380  1.1533  0.8814
 4199.400  1.1505  0.8993
 4199.420  1.1537  0.9131
 4199.440  1.1610  0.9195
 4199.460  1.1702  0.9179
 4199.480  1.1789  0.9100
 4199.500  1.1840  0.8996
 4199.520  1.1817  0.8913
 4199.540  1.1701  0.8882
 4199.560  1.1506  0.8919
 4199.580  1.1284  0.9009
 4199.600  1.1098  0.9119
 4199.620  1.0998  0.9207
 4199.640  1.1008  0.9237
 4199.660  1.1122  0.9194
 4199.680  1.1314  0.9088
 4199.700  1.1541  0.8953
 4199.720  1.1750  0.8834
 4199.740  1.1888  0.8771
 4199.760  1.1924  0.8787
 4199.780  1.1863  0.8874
 4199.800  1.1741  0.9000
 4199.820  1.1612  0.9114
 4199.840  1.1524  0.9167
 4199.860  1.1502  0.9130
 4199.880  1.1541  0.9002
 4199.900  1.1604  0.8812
 4199.920  1.1626  0.8612
 4199.940  1.1525  0.8460
 4199.960  1.1232  0.8397
 4199.980  1.0732  0.8431
 4200.000  1.0109  0.8532
 4200.020  0.9533  0.8638
 4200.040  0.9208  0.8670
 4200.060  0.9281  0.8554
 4200.080  0.9710  0.8245
 4200.100  1.0201  0.7740
 4200.120 -1.0000  0.7085
 4200.140 -1.0000  0.6363
 4200.160 -1.0000  0.5674
 4200.180 -1.0000  0.5117
 4200.200 -1.0000  0.4766
 4200.220 -1.0000  0.4658
 4200.240 -1.0000  0.4791
 4200.260 -1.0000  0.5127
 4200.280 -1.0000  0.5609
 4200.300 -1.0000  0.6172
 4200.320 -1.0000  0.6757
 4200.340  1.1790  0.7315
 4200.360  1.1492  0.7810
 4200.380  1.1034  0.8218
 4200.400  1.0593  0.8522
 4200.420  1.0361  0.8713
 4200.440  1.0457  0.8790
 4200.460  1.0854  0.8767
 4200.480  1.1381  0.8670
 4200.500  1.1795  0.8543
 4200.520  1.1910  0.8434
 4200.540  1.1702  0.8391
 4200.560  1.1306  0.8443
 4200.580  1.0924  0.8589
 4200.600  1.0715  0.8797
 4200.620  1.0709  0.9000
 4200.640  1.0866  0.9117
 4200.660  1.1146  0.9068
 4200.680  1.1516  0.8798
 4200.700  1.1916  0.8298
 4200.720  1.2217  0.7606
 4200.740 -1.0000  0.6807
 4200.760 -1.0000  0.6014
 4200.780 -1.0000  0.5343
 4200.800 -1.0000  0.4890
 4200.820 -1.0000  0.4711
 4200.840 -1.0000  0.4814
 4200.860 -1.0000  0.5160
 4200.880 -1.0000  0.5679
 4200.900 -1.0000  0.6286
 4200.920 -1.0000  0.6901
 4200.940  1.1267  0.7462
 4200.960  1.1270  0.7929
 4200.980  1.1256  0.8286
 4201.000  1.1233  0.8534
 4201.020  1.1259  0.8683
 4201.040  1.1406  0.8749
 4201.060  1.1689  0.8750
 4201.080  1.2025  0.8711
 4201.100  1.2261  0.8659
 4201.120  1.2253  0.8623
 4201.140  1.1951  0.8630
 4201.160  1.1457  0.8696
 4201.180  1.0970  0.8813
 4201.200  1.0675  0.8949
 4201.220  1.0652  0.9049
 4201.240  1.0853  0.9045
 4201.260  1.1169  0.8877
 4201.280  1.1506  0.8512
 4201.300  1.1804  0.7963
 4201.320  1.1998  0.7293
 4201.340 -1.0000  0.6610
 4201.360 -1.0000  0.6038
 4201.380 -1.0000  0.5696
 4201.400 -1.0000  0.5657
 4201.420 -1.0000  0.5933
 4201.440 -1.0000  0.6468
 4201.460 -1.0000  0.7149
 4201.480  1.1101  0.7840
 4201.500  1.1221  0.8413
 4201.520  1.1285  0.8785
 4201.540  1.1260  0.8936
 4201.560  1.1201  0.8909
 4201.580  1.1129  0.8790
 4201.600  1.1024  0.8676
 4201.620  1.0869  0.8640
 4201.640  1.0691  0.8706
 4201.660  1.0565  0.8839
 4201.680  1.0544  0.8960
 4201.700  1.0622  0.8971
 4201.720  1.0743  0.8795
 4201.740  1.0853  0.8404
 4201.760  1.0945  0.7834
 4201.780  1.1049  0.7184
 4201.800  1.1183  0.6584
 4201.820  1.1314  0.6166
 4201.840  1.1368  0.6019
 4201.860  1.1305  0.6170
 4201.880  1.1192  0.6576
 4201.900  1.1121  0.7134
 4201.920  1.1118  0.7722
 4201.940  1.1129  0.8225
 4201.960  1.1075  0.8573
 4201.980  1.0921  0.8748
 4202.000  1.0733  0.8785
 4202.020  1.0629  0.8743
 4202.040  1.0699  0.8679
 4202.060  1.0936  0.8619
 4202.080  1.1231  0.8545
 4202.100  1.1454  0.8400
 4202.120  1.1538  0.8111
 4202.140  1.1527  0.7625
 4202.160 -1.0000  0.6934
 4202.180 -1.0000  0.6095
 4202.200 -1.0000  0.5229
 4202.220 -1.0000  0.4490
 4202.240 -1.0000  0.4031
 4202.260 -1.0000  0.3956
 4202.280 -1.0000  0.4295
 4202.300 -1.0000  0.4985
 4202.320 -1.0000  0.5888
 4202.340 -1.0000  0.6825
 4202.360 -1.0000  0.7624
 4202.380  1.1611  0.8158
 4202.400  1.1558  0.8381
 4202.420  1.1537  0.8327
 4202.440  1.1562  0.8100
 4202.460  1.1579  0.7831
 4202.480  1.1538  0.7642
 4202.500  1.1430  0.7610
 4202.520  1.1265  0.7752
 4202.540  1.1063  0.8021
 4202.560  1.0860  0.8337
 4202.580  1.0702  0.8608
 4202.600  1.0629  0.8768
 4202.620  1.0652  0.8794
 4202.640  1.0741  0.8708
 4202.660  1.0841  0.8569
 4202.680  1.0908  0.8446
 4202.700  1.0932  0.8394
 4202.720  1.0939  0.8438
 4202.740  1.0960  0.8565
 4202.760  1.0988  0.8730
 4202.780  1.0991  0.8878
 4202.800  1.0936  0.8962
 4202.820  1.0824  0.8960
 4202.840  1.0707  0.8883
 4202.860  1.0651  0.8770
 4202.880  1.0695  0.8670
 4202.900  1.0825  0.8628
 4202.920  1.0977  0.8665
 4202.940  1.1092  0.8774
 4202.960  1.1148  0.8919
 4202.980 -1.0000  0.9054
 4203.000 -1.0000  0.9135
 4172.000  0.0000        
 4172.020  0.0000        
 4172.040 -0.0711        
 4172.060 -0.0888        
 4172.080 -0.0862        
 4172.100 -0.0627        
 4172.120 -0.0172        
 4172.140  0.0463        
 4172.160  0.1174        
 4172.180  0.1837        
 4172.200  0.2850        
 4172.220  0.4474        
 4172.240  0.4477        
 4172.260  0.0919        
 4172.280 -0.2249        
 4172.300 -0.3924        
 4172.320 -1.5988        
 4172.340 -3.0130        
 4172.360 -1.1228        
 4172.380  2.5325        
 4172.400  2.9628        
 4172.420  1.0627        
 4172.440  0.0602        
 4172.460 -0.0914        
 4172.480 -0.1388        
 4172.500 -0.1443        
 4172.520 -0.1289        
 4172.540 -0.1033        
 4172.560 -0.0741        
 4172.580 -0.0448        
 4172.600 -0.0173        
 4172.620  0.0077        
 4172.640  0.0297        
 4172.660  0.0476        
 4172.680  0.0596        
 4172.700  0.0633        
 4172.720  0.0560        
 4172.740  0.0373        
 4172.760  0.0119        
 4172.780 -0.0121        
 4172.800 -0.0263        
 4172.820 -0.0271        
 4172.840 -0.0180        
 4172.860 -0.0064        
 4172.880  0.0012        
 4172.900  0.0022        
 4172.920 -0.0024        
 4172.940 -0.0107        
 4172.960 -0.0206        
 4172.980 -0.0304        
 4173.000 -0.0383        
 4173.020 -0.0416        
 4173.040 -0.0394        
 4173.060 -0.0330        
 4173.080 -0.0264        
 4173.100 -0.0239        
 4173.120 -0.0274        
 4173.140 -0.0344        
 4173.160 -0.0399        
 4173.180 -0.0383        
 4173.200 -0.0277        
 4173.220 -0.0109        
 4173.240  0.0057        
 4173.260  0.0166        
 4173.280  0.0189        
 4173.300  0.0136        
 4173.320  0.0033        
 4173.340 -0.0095        
 4173.360 -0.0222        
 4173.380 -0.0322        
 4173.400 -0.0364        
 4173.420 -0.0327        
 4173.440 -0.0215        
 4173.460 -0.0058        
 4173.480  0.0105        
 4173.500  0.0242        
 4173.520  0.0336        
 4173.540  0.0384        
 4173.560  0.0385        
 4173.580  0.0346        
 4173.600  0.0278        
 4173.620  0.0198        
 4173.640  0.0124        
 4173.660  0.0065        
 4173.680  0.0021        
 4173.700 -0.0016        
 4173.720 -0.0053        
 4173.740 -0.0093        
 4173.760 -0.0135        
 4173.780 -0.0178        
 4173.800 -0.0222        
 4173.820 -0.0263        
 4173.840 -0.0295        
 4173.860 -0.0311        
 4173.880 -0.0304        
 4173.900 -0.0265        
 4173.920 -0.0183        
 4173.940 -0.0051        
 4173.960  0.0121        
 4173.980  0.0293        
 4174.000  0.0407        
 4174.020  0.0417        
 4174.040  0.0311        
 4174.060  0.0126        
 4174.080 -0.0074        
 4174.100 -0.0235        
 4174.120 -0.0331        
 4174.140 -0.0361        
 4174.160 -0.0338        
 4174.180 -0.0275        
 4174.200 -0.0188        
 4174.220 -0.0106        
 4174.240 -0.0059        
 4174.260 -0.0068        
 4174.280 -0.0118        
 4174.300 -0.0156        
 4174.320 -0.0118        
 4174.340  0.0022        
 4174.360  0.0221        
 4174.380  0.0380        
 4174.400  0.0387        
 4174.420  0.0190        
 4174.440 -0.0142        
 4174.460 -0.0446        
 4174.480 -0.0551        
 4174.500 -0.0389        
 4174.520 -0.0052        
 4174.540  0.0286        
 4174.560  0.0494        
 4174.580  0.0533        
 4174.600  0.0438        
 4174.620  0.0263        
 4174.640  0.0045        
 4174.660 -0.0173        
 4174.680 -0.0328        
 4174.700 -0.0347        
 4174.720 -0.0190        
 4174.740  0.0097        
 4174.760  0.0391        
 4174.780  0.0560        
 4174.800  0.0537        
 4174.820  0.0369        
 4174.840  0.0165        
 4174.860  0.0029        
 4174.880  0.0007        
 4174.900  0.0057        
 4174.920  0.0088        
 4174.940  0.0023        
 4174.960 -0.0149        
 4174.980 -0.0361        
 4175.000 -0.0515        
 4175.020 -0.0542        
 4175.040 -0.0440        
 4175.060 -0.0262        
 4175.080 -0.0081        
 4175.100  0.0044        
 4175.120  0.0088        
 4175.140  0.0056        
 4175.160 -0.0037        
 4175.180 -0.0162        
 4175.200 -0.0283        
 4175.220 -0.0357        
 4175.240 -0.0350        
 4175.260 -0.0260        
 4175.280 -0.0125        
 4175.300 -0.0004        
 4175.320  0.0056        
 4175.340  0.0043        
 4175.360 -0.0005        
 4175.380 -0.0027        
 4175.400  0.0027        
 4175.420  0.0154        
 4175.440  0.0295        
 4175.460  0.0367        
 4175.480  0.0318        
 4175.500  0.0162        
 4175.520 -0.0030        
 4175.540 -0.0170        
 4175.560 -0.0197        
 4175.580 -0.0114        
 4175.600  0.0032        
 4175.620  0.0174        
 4175.640  0.0255        
 4175.660  0.0252        
 4175.680  0.0162        
 4175.700 -0.0003        
 4175.720 -0.0214        
 4175.740 -0.0424        
 4175.760 -0.0586        
 4175.780 -0.0669        
 4175.800 -0.0667        
 4175.820 -0.0595        
 4175.840 -0.0470        
 4175.860 -0.0304        
 4175.880 -0.0114        
 4175.900  0.0076        
 4175.920  0.0237        
 4175.940  0.0340        
 4175.960  0.0378        
 4175.980  0.0359        
 4176.000  0.0301        
 4176.020  0.0220        
 4176.040  0.0140        
 4176.060  0.0086        
 4176.080  0.0087        
 4176.100  0.0152        
 4176.120  0.0255        
 4176.140  0.0340        
 4176.160  0.0354        
 4176.180  0.0286        
 4176.200  0.0182        
 4176.220  0.0118        
 4176.240  0.0153        
 4176.260  0.0296        
 4176.280  0.0507        
 4176.300  0.0713        
 4176.320  0.0833        
 4176.340  0.0805        
 4176.360  0.0610        
 4176.380  0.0291        
 4176.400 -0.0051        
 4176.420 -0.0306        
 4176.440 -0.0414        
 4176.460 -0.0372        
 4176.480 -0.0220        
 4176.500 -0.0030        
 4176.520  0.0128        
 4176.540  0.0197        
 4176.560  0.0143        
 4176.580 -0.0033        
 4176.600 -0.0300        
 4176.620 -0.0604        
 4176.640 -0.0877        
 4176.660 -0.1062        
 4176.680 -0.1136        
 4176.700 -0.1110        
 4176.720 -0.1015        
 4176.740 -0.0881        
 4176.760 -0.0720        
 4176.780 -0.0542        
 4176.800 -0.0359        
 4176.820 -0.0192        
 4176.840 -0.0071        
 4176.860 -0.0013        
 4176.880 -0.0009        
 4176.900 -0.0030        
 4176.920 -0.0047        
 4176.940 -0.0039        
 4176.960 -0.0008        
 4176.980  0.0037        
 4177.000  0.0087        
 4177.020  0.0133        
 4177.040  0.0162        
 4177.060  0.0159        
 4177.080  0.0115        
 4177.100  0.0032        
 4177.120 -0.0069        
 4177.140 -0.0162        
 4177.160 -0.0226        
 4177.180 -0.0260        
 4177.200 -0.0278        
 4177.220 -0.0298        
 4177.240 -0.0331        
 4177.260 -0.0365        
 4177.280 -0.0371        
 4177.300 -0.0321        
 4177.320 -0.0207        
 4177.340 -0.0055        
 4177.360  0.0082        
 4177.380  0.0159        
 4177.400  0.0156        
 4177.420  0.0091        
 4177.440 -0.0001        
 4177.460 -0.0086        
 4177.480 -0.0141        
 4177.500 -0.0154        
 4177.520 -0.0116        
 4177.540 -0.0024        
 4177.560  0.0102        
 4177.580  0.0221        
 4177.600  0.0284        
 4177.620  0.0258        
 4177.640  0.0147        
 4177.660 -0.0018        
 4177.680 -0.0193        
 4177.700 -0.0347        
 4177.720 -0.0467        
 4177.740 -0.0549        
 4177.760 -0.0593        
 4177.780 -0.0595        
 4177.800 -0.0552        
 4177.820 -0.0463        
 4177.840 -0.0330        
 4177.860 -0.0163        
 4177.880  0.0019        
 4177.900  0.0196        
 4177.920  0.0353        
 4177.940  0.0477        
 4177.960  0.0558        
 4177.980  0.0586        
 4178.000  0.0555        
 4178.020  0.0477        
 4178.040  0.0373        
 4178.060  0.0271        
 4178.080  0.0194        
 4178.100  0.0154        
 4178.120  0.0154        
 4178.140  0.0202        
 4178.160  0.0296        
 4178.180  0.0413        
 4178.200  0.0514        
 4178.220  0.0549        
 4178.240  0.0493        
 4178.260  0.0365        
 4178.280  0.0222        
 4178.300  0.0114        
 4178.320  0.0063        
 4178.340  0.0059        
 4178.360  0.0083        
 4178.380  0.0121        
 4178.400  0.0167        
 4178.420  0.0215        
 4178.440  0.0261        
 4178.460  0.0295        
 4178.480  0.0295        
 4178.500  0.0233        
 4178.520  0.0085        
 4178.540 -0.0137        
 4178.560 -0.0379        
 4178.580 -0.0571        
 4178.600 -0.0665        
 4178.620 -0.0646        
 4178.640 -0.0520        
 4178.660 -0.0298        
 4178.680  0.0012        
 4178.700  0.0374        
 4178.720  0.0709        
 4178.740  0.0911        
 4178.760  0.0901        
 4178.780  0.0683        
 4178.800  0.0346        
 4178.820  0.0012        
 4178.840 -0.0232        
 4178.860 -0.0356        
 4178.880 -0.0380        
 4178.900 -0.0333        
 4178.920 -0.0240        
 4178.940 -0.0121        
 4178.960  0.0006        
 4178.980  0.0123        
 4179.000  0.0212        
 4179.020  0.0264        
 4179.040  0.0274        
 4179.060  0.0241        
 4179.080  0.0169        
 4179.100  0.0069        
 4179.120 -0.0045        
 4179.140 -0.0156        
 4179.160 -0.0248        
 4179.180 -0.0301        
 4179.200 -0.0295        
 4179.220 -0.0221        
 4179.240 -0.0092        
 4179.260  0.0053        
 4179.280  0.0166        
 4179.300  0.0215        
 4179.320  0.0197        
 4179.340  0.0137        
 4179.360  0.0068        
 4179.380  0.0013        
 4179.400 -0.0027        
 4179.420 -0.0062        
 4179.440 -0.0103        
 4179.460 -0.0150        
 4179.480 -0.0190        
 4179.500 -0.0201        
 4179.520 -0.0165        
 4179.540 -0.0087        
 4179.560  0.0009        
 4179.580  0.0085        
 4179.600  0.0112        
 4179.620  0.0082        
 4179.640  0.0003        
 4179.660 -0.0108        
 4179.680 -0.0237        
 4179.700 -0.0358        
 4179.720 -0.0434        
 4179.740 -0.0415        
 4179.760 -0.0274        
 4179.780 -0.0047        
 4179.800  0.0177        
 4179.820  0.0300        
 4179.840  0.0275        
 4179.860  0.0139        
 4179.880 -0.0031        
 4179.900 -0.0172        
 4179.920 -0.0247        
 4179.940 -0.0240        
 4179.960 -0.0137        
 4179.980  0.0067        
 4180.000  0.0339        
 4180.020  0.0595        
 4180.040  0.0729        
 4180.060  0.0663        
 4180.080  0.0408        
 4180.100  0.0047        
 4180.120 -0.0316        
 4180.140 -0.0604        
 4180.160 -0.0787        
 4180.180 -0.0867        
 4180.200 -0.0850        
 4180.220 -0.0749        
 4180.240 -0.0592        
 4180.260 -0.0425        
 4180.280 -0.0295        
 4180.300 -0.0224        
 4180.320 -0.0201        
 4180.340 -0.0193        
 4180.360 -0.0171        
 4180.380 -0.0124        
 4180.400 -0.0061        
 4180.420 -0.0001        
 4180.440  0.0042        
 4180.460  0.0061        
 4180.480  0.0062        
 4180.500  0.0053        
 4180.520  0.0041        
 4180.540  0.0027        
 4180.560  0.0011        
 4180.580 -0.0010        
 4180.600 -0.0035        
 4180.620 -0.0054        
 4180.640 -0.0050        
 4180.660 -0.0006        
 4180.680  0.0081        
 4180.700  0.0190        
 4180.720  0.0291        
 4180.740  0.0356        
 4180.760  0.0368        
 4180.780  0.0324        
 4180.800  0.0228        
 4180.820  0.0085        
 4180.840 -0.0094        
 4180.860 -0.0289        
 4180.880 -0.0473        
 4180.900 -0.0621        
 4180.920 -0.0712        
 4180.940 -0.0724        
 4180.960 -0.0640        
 4180.980 -0.0455        
 4181.000 -0.0189        
 4181.020  0.0116        
 4181.040  0.0409        
 4181.060  0.0651        
 4181.080  0.0824        
 4181.100  0.0925        
 4181.120  0.0956        
 4181.140  0.0922        
 4181.160  0.0835        
 4181.180  0.0708        
 4181.200  0.0554        
 4181.220  0.0383        
 4181.240  0.0201        
 4181.260  0.0013        
 4181.280 -0.0169        
 4181.300 -0.0293        
 4181.320 -0.0093        
 4181.340  0.1903        
 4181.360  1.9883        
 4181.380  9.2293        
 4181.400 20.7886        
 4181.420 24.5304        
 4181.440 14.6685        
 4181.460 -0.9482        
 4181.480 *******        
 4181.500 *******        
 4181.520 16.9559        
 4181.540 37.3542        
 4181.560 24.4637        
 4181.580  5.0688        
 4181.600 -0.4421        
 4181.620 -0.1085        
 4181.640 -0.0358        
 4181.660 -0.0336        
 4181.680 -0.0560        
 4181.700 -0.0816        
 4181.720 -0.0983        
 4181.740 -0.1005        
 4181.760 -0.0885        
 4181.780 -0.0662        
 4181.800 -0.0386        
 4181.820 -0.0112        
 4181.840  0.0104        
 4181.860  0.0215        
 4181.880  0.0193        
 4181.900  0.0058        
 4181.920 -0.0117        
 4181.940 -0.0247        
 4181.960 -0.0271        
 4181.980 -0.0177        
 4182.000 -0.0006        
 4182.020  0.0170        
 4182.040  0.0290        
 4182.060  0.0316        
 4182.080  0.0245        
 4182.100  0.0091        
 4182.120 -0.0116        
 4182.140 -0.0332        
 4182.160 -0.0496        
 4182.180 -0.0550        
 4182.200 -0.0453        
 4182.220 -0.0208        
 4182.240  0.0147        
 4182.260  0.0554        
 4182.280  0.0948        
 4182.300  0.1269        
 4182.320  0.1469        
 4182.340  0.1522        
 4182.360  0.1433        
 4182.380  0.1242        
 4182.400  0.0995        
 4182.420  0.0725        
 4182.440  0.0455        
 4182.460  0.0202        
 4182.480 -0.0018        
 4182.500 -0.0186        
 4182.520 -0.0296        
 4182.540 -0.0363        
 4182.560 -0.0410        
 4182.580 -0.0456        
 4182.600 -0.0499        
 4182.620 -0.0522        
 4182.640 -0.0506        
 4182.660 -0.0446        
 4182.680 -0.0356        
 4182.700 -0.0257        
 4182.720 -0.0168        
 4182.740 -0.0100        
 4182.760 -0.0057        
 4182.780 -0.0037        
 4182.800 -0.0041        
 4182.820 -0.0064        
 4182.840 -0.0096        
 4182.860 -0.0126        
 4182.880 -0.0143        
 4182.900 -0.0143        
 4182.920 -0.0134        
 4182.940 -0.0126        
 4182.960 -0.0127        
 4182.980 -0.0132        
 4183.000 -0.0121        
 4183.020 -0.0072        
 4183.040  0.0026        
 4183.060  0.0159        
 4183.080  0.0295        
 4183.100  0.0397        
 4183.120  0.0443        
 4183.140  0.0434        
 4183.160  0.0389        
 4183.180  0.0332        
 4183.200  0.0271        
 4183.220  0.0199        
 4183.240  0.0099        
 4183.260 -0.0042        
 4183.280 -0.0215        
 4183.300 -0.0383        
 4183.320 -0.0494        
 4183.340 -0.0509        
 4183.360 -0.0428        
 4183.380 -0.0292        
 4183.400 -0.0158        
 4183.420 -0.0071        
 4183.440 -0.0050        
 4183.460 -0.0095        
 4183.480 -0.0207        
 4183.500 -0.0369        
 4183.520 -0.0536        
 4183.540 -0.0631        
 4183.560 -0.0575        
 4183.580 -0.0346        
 4183.600 -0.0022        
 4183.620  0.0267        
 4183.640  0.0413        
 4183.660  0.0376        
 4183.680  0.0206        
 4183.700 -0.0007        
 4183.720 -0.0184        
 4183.740 -0.0275        
 4183.760 -0.0261        
 4183.780 -0.0131        
 4183.800  0.0105        
 4183.820  0.0379        
 4183.840  0.0571        
 4183.860  0.0560        
 4183.880  0.0324        
 4183.900 -0.0028        
 4183.920 -0.0343        
 4183.940 -0.0503        
 4183.960 -0.0471        
 4183.980 -0.0289        
 4184.000 -0.0030        
 4184.020  0.0245        
 4184.040  0.0484        
 4184.060  0.0635        
 4184.080  0.0642        
 4184.100  0.0468        
 4184.120  0.0132        
 4184.140 -0.0272        
 4184.160 -0.0630        
 4184.180 -0.0859        
 4184.200 -0.0935        
 4184.220 -0.0880        
 4184.240 -0.0721        
 4184.260 -0.0486        
 4184.280 -0.0212        
 4184.300  0.0030        
 4184.320  0.0145        
 4184.340  0.0067        
 4184.360 -0.0169        
 4184.380 -0.0441        
 4184.400 -0.0610        
 4184.420 -0.0602        
 4184.440 -0.0459        
 4184.460 -0.0278        
 4184.480 -0.0144        
 4184.500 -0.0098        
 4184.520 -0.0134        
 4184.540 -0.0226        
 4184.560 -0.0346        
 4184.580 -0.0462        
 4184.600 -0.0535        
 4184.620 -0.0529        
 4184.640 -0.0430        
 4184.660 -0.0267        
 4184.680 -0.0104        
 4184.700 -0.0011        
 4184.720 -0.0027        
 4184.740 -0.0127        
 4184.760 -0.0241        
 4184.780 -0.0288        
 4184.800 -0.0224        
 4184.820 -0.0075        
 4184.840  0.0085        
 4184.860  0.0185        
 4184.880  0.0194        
 4184.900  0.0136        
 4184.920  0.0064        
 4184.940  0.0023        
 4184.960  0.0032        
 4184.980  0.0083        
 4185.000  0.0154        
 4185.020  0.0225        
 4185.040  0.0280        
 4185.060  0.0305        
 4185.080  0.0283        
 4185.100  0.0211        
 4185.120  0.0110        
 4185.140  0.0025        
 4185.160  0.0010        
 4185.180  0.0092        
 4185.200  0.0242        
 4185.220  0.0392        
 4185.240  0.0469        
 4185.260  0.0432        
 4185.280  0.0300        
 4185.300  0.0123        
 4185.320 -0.0053        
 4185.340 -0.0196        
 4185.360 -0.0292        
 4185.380 -0.0336        
 4185.400 -0.0322        
 4185.420 -0.0257        
 4185.440 -0.0155        
 4185.460 -0.0040        
 4185.480  0.0070        
 4185.500  0.0163        
 4185.520  0.0235        
 4185.540  0.0285        
 4185.560  0.0313        
 4185.580  0.0323        
 4185.600  0.0326        
 4185.620  0.0332        
 4185.640  0.0342        
 4185.660  0.0339        
 4185.680  0.0293        
 4185.700  0.0176        
 4185.720 -0.0012        
 4185.740 -0.0235        
 4185.760 -0.0438        
 4185.780 -0.0574        
 4185.800 -0.0623        
 4185.820 -0.0596        
 4185.840 -0.0516        
 4185.860 -0.0405        
 4185.880 -0.0285        
 4185.900 -0.0178        
 4185.920 -0.0103        
 4185.940 -0.0076        
 4185.960 -0.0091        
 4185.980 -0.0127        
 4186.000 -0.0159        
 4186.020 -0.0170        
 4186.040 -0.0156        
 4186.060 -0.0122        
 4186.080 -0.0074        
 4186.100 -0.0023        
 4186.120  0.0018        
 4186.140  0.0028        
 4186.160 -0.0008        
 4186.180 -0.0095        
 4186.200 -0.0219        
 4186.220 -0.0362        
 4186.240 -0.0503        
 4186.260 -0.0619        
 4186.280 -0.0678        
 4186.300 -0.0647        
 4186.320 -0.0508        
 4186.340 -0.0280        
 4186.360 -0.0016        
 4186.380  0.0219        
 4186.400  0.0380        
 4186.420  0.0457        
 4186.440  0.0473        
 4186.460  0.0457        
 4186.480  0.0424        
 4186.500  0.0368        
 4186.520  0.0264        
 4186.540  0.0093        
 4186.560 -0.0135        
 4186.580 -0.0362        
 4186.600 -0.0509        
 4186.620 -0.0509        
 4186.640 -0.0356        
 4186.660 -0.0110        
 4186.680  0.0138        
 4186.700  0.0313        
 4186.720  0.0384        
 4186.740  0.0363        
 4186.760  0.0271        
 4186.780  0.0133        
 4186.800 -0.0024        
 4186.820 -0.0163        
 4186.840 -0.0244        
 4186.860 -0.0248        
 4186.880 -0.0200        
 4186.900 -0.0161        
 4186.920 -0.0198        
 4186.940 -0.0332        
 4186.960 -0.0513        
 4186.980 -0.0640        
 4187.000 -0.0623        
 4187.020 -0.0436        
 4187.040 -0.0150        
 4187.060  0.0117        
 4187.080  0.0258        
 4187.100  0.0232        
 4187.120  0.0070        
 4187.140 -0.0158        
 4187.160 -0.0389        
 4187.180 -0.0595        
 4187.200 -0.0783        
 4187.220 -0.0973        
 4187.240 -0.1206        
 4187.260 -0.1854        
 4187.280 -0.2681        
 4187.300 -0.1492        
 4187.320  0.3448        
 4187.340  0.8266        
 4187.360  0.5034        
 4187.380 -0.4626        
 4187.400 -0.9396        
 4187.420 -0.7154        
 4187.440 -0.4169        
 4187.460 -0.2385        
 4187.480 -0.1041        
 4187.500 -0.0070        
 4187.520  0.0558        
 4187.540  0.0906        
 4187.560  0.1042        
 4187.580  0.1010        
 4187.600  0.0829        
 4187.620  0.0514        
 4187.640  0.0117        
 4187.660 -0.0277        
 4187.680 -0.0575        
 4187.700 -0.0725        
 4187.720 -0.0739        
 4187.740 -0.0673        
 4187.760 -0.0583        
 4187.780 -0.0505        
 4187.800 -0.0438        
 4187.820 -0.0370        
 4187.840 -0.0287        
 4187.860 -0.0195        
 4187.880 -0.0114        
 4187.900 -0.0074        
 4187.920 -0.0096        
 4187.940 -0.0166        
 4187.960 -0.0233        
 4187.980 -0.0239        
 4188.000 -0.0144        
 4188.020  0.0035        
 4188.040  0.0239        
 4188.060  0.0393        
 4188.080  0.0447        
 4188.100  0.0405        
 4188.120  0.0308        
 4188.140  0.0208        
 4188.160  0.0137        
 4188.180  0.0091        
 4188.200  0.0051        
 4188.220 -0.0002        
 4188.240 -0.0076        
 4188.260 -0.0160        
 4188.280 -0.0232        
 4188.300 -0.0264        
 4188.320 -0.0242        
 4188.340 -0.0169        
 4188.360 -0.0064        
 4188.380  0.0043        
 4188.400  0.0122        
 4188.420  0.0148        
 4188.440  0.0107        
 4188.460  0.0002        
 4188.480 -0.0139        
 4188.500 -0.0269        
 4188.520 -0.0335        
 4188.540 -0.0308        
 4188.560 -0.0209        
 4188.580 -0.0103        
 4188.600 -0.0069        
 4188.620 -0.0148        
 4188.640 -0.0296        
 4188.660 -0.0421        
 4188.680 -0.0446        
 4188.700 -0.0363        
 4188.720 -0.0228        
 4188.740 -0.0116        
 4188.760 -0.0077        
 4188.780 -0.0110        
 4188.800 -0.0173        
 4188.820 -0.0209        
 4188.840 -0.0183        
 4188.860 -0.0098        
 4188.880  0.0003        
 4188.900  0.0071        
 4188.920  0.0073        
 4188.940  0.0017        
 4188.960 -0.0070        
 4188.980 -0.0155        
 4189.000 -0.0215        
 4189.020 -0.0232        
 4189.040 -0.0194        
 4189.060 -0.0092        
 4189.080  0.0067        
 4189.100  0.0248        
 4189.120  0.0403        
 4189.140  0.0493        
 4189.160  0.0502        
 4189.180  0.0441        
 4189.200  0.0339        
 4189.220  0.0217        
 4189.240  0.0092        
 4189.260 -0.0025        
 4189.280 -0.0129        
 4189.300 -0.0211        
 4189.320 -0.0257        
 4189.340 -0.0250        
 4189.360 -0.0172        
 4189.380 -0.0024        
 4189.400  0.0156        
 4189.420  0.0309        
 4189.440  0.0375        
 4189.460  0.0333        
 4189.480  0.0218        
 4189.500  0.0098        
 4189.520  0.0036        
 4189.540  0.0050        
 4189.560  0.0111        
 4189.580  0.0166        
 4189.600  0.0174        
 4189.620  0.0133        
 4189.640  0.0078        
 4189.660  0.0059        
 4189.680  0.0107        
 4189.700  0.0214        
 4189.720  0.0331        
 4189.740  0.0400        
 4189.760  0.0374        
 4189.780  0.0240        
 4189.800  0.0006        
 4189.820 -0.0312        
 4189.840 -0.0675        
 4189.860 -0.1004        
 4189.880 -0.1190        
 4189.900 -0.1147        
 4189.920 -0.0880        
 4189.940 -0.0504        
 4189.960 -0.0164        
 4189.980  0.0047        
 4190.000  0.0117        
 4190.020  0.0097        
 4190.040  0.0050        
 4190.060  0.0017        
 4190.080  0.0010        
 4190.100  0.0024        
 4190.120  0.0047        
 4190.140  0.0069        
 4190.160  0.0088        
 4190.180  0.0100        
 4190.200  0.0105        
 4190.220  0.0101        
 4190.240  0.0089        
 4190.260  0.0067        
 4190.280  0.0036        
 4190.300 -0.0001        
 4190.320 -0.0036        
 4190.340 -0.0059        
 4190.360 -0.0058        
 4190.380 -0.0024        
 4190.400  0.0048        
 4190.420  0.0151        
 4190.440  0.0273        
 4190.460  0.0383        
 4190.480  0.0448        
 4190.500  0.0442        
 4190.520  0.0364        
 4190.540  0.0233        
 4190.560  0.0072        
 4190.580 -0.0108        
 4190.600 -0.0294        
 4190.620 -0.0458        
 4190.640 -0.0560        
 4190.660 -0.0549        
 4190.680 -0.0400        
 4190.700 -0.0148        
 4190.720  0.0132        
 4190.740  0.0354        
 4190.760  0.0463        
 4190.780  0.0461        
 4190.800  0.0380        
 4190.820  0.0257        
 4190.840  0.0125        
 4190.860  0.0011        
 4190.880 -0.0060        
 4190.900 -0.0069        
 4190.920 -0.0022        
 4190.940  0.0056        
 4190.960  0.0127        
 4190.980  0.0155        
 4191.000  0.0101        
 4191.020 -0.0109        
 4191.040 -0.0704        
 4191.060 -0.3007        
 4191.080 -0.5953        
 4191.100 -0.2616        
 4191.120  0.7316        
 4191.140 -1.4468        
 4191.160 -9.9956        
 4191.180 *******        
 4191.200 *******        
 4191.220 -2.8355        
 4191.240 -0.0026        
 4191.260  0.0316        
 4191.280  0.0140        
 4191.300 -0.0210        
 4191.320 -0.0533        
 4191.340 -0.0693        
 4191.360 -0.0646        
 4191.380 -0.0451        
 4191.400 -0.0227        
 4191.420 -0.0091        
 4191.440 -0.0092        
 4191.460 -0.0197        
 4191.480 -0.0323        
 4191.500 -0.0389        
 4191.520 -0.0356        
 4191.540 -0.0239        
 4191.560 -0.0080        
 4191.580  0.0081        
 4191.600  0.0218        
 4191.620  0.0314        
 4191.640  0.0359        
 4191.660  0.0348        
 4191.680  0.0285        
 4191.700  0.0192        
 4191.720  0.0097        
 4191.740  0.0020        
 4191.760 -0.0040        
 4191.780 -0.0106        
 4191.800 -0.0209        
 4191.820 -0.0358        
 4191.840 -0.0518        
 4191.860 -0.0623        
 4191.880 -0.0604        
 4191.900 -0.0432        
 4191.920 -0.0157        
 4191.940  0.0122        
 4191.960  0.0311        
 4191.980  0.0365        
 4192.000  0.0317        
 4192.020  0.0238        
 4192.040  0.0193        
 4192.060  0.0207        
 4192.080  0.0259        
 4192.100  0.0310        
 4192.120  0.0325        
 4192.140  0.0290        
 4192.160  0.0204        
 4192.180  0.0071        
 4192.200 -0.0097        
 4192.220 -0.0270        
 4192.240 -0.0400        
 4192.260 -0.0439        
 4192.280 -0.0368        
 4192.300 -0.0219        
 4192.320 -0.0057        
 4192.340  0.0047        
 4192.360  0.0060        
 4192.380  0.0008        
 4192.400 -0.0052        
 4192.420 -0.0068        
 4192.440 -0.0022        
 4192.460  0.0067        
 4192.480  0.0161        
 4192.500  0.0231        
 4192.520  0.0262        
 4192.540  0.0250        
 4192.560  0.0198        
 4192.580  0.0110        
 4192.600  0.0006        
 4192.620 -0.0083        
 4192.640 -0.0123        
 4192.660 -0.0097        
 4192.680 -0.0022        
 4192.700  0.0060        
 4192.720  0.0103        
 4192.740  0.0084        
 4192.760  0.0018        
 4192.780 -0.0053        
 4192.800 -0.0089        
 4192.820 -0.0076        
 4192.840 -0.0029        
 4192.860  0.0015        
 4192.880  0.0030        
 4192.900  0.0008        
 4192.920 -0.0033        
 4192.940 -0.0069        
 4192.960 -0.0081        
 4192.980 -0.0067        
 4193.000 -0.0044        
 4193.020 -0.0033        
 4193.040 -0.0048        
 4193.060 -0.0094        
 4193.080 -0.0167        
 4193.100 -0.0264        
 4193.120 -0.0377        
 4193.140 -0.0479        
 4193.160 -0.0528        
 4193.180 -0.0483        
 4193.200 -0.0330        
 4193.220 -0.0109        
 4193.240  0.0112        
 4193.260  0.0266        
 4193.280  0.0328        
 4193.300  0.0322        
 4193.320  0.0297        
 4193.340  0.0289        
 4193.360  0.0300        
 4193.380  0.0294        
 4193.400  0.0220        
 4193.420  0.0051        
 4193.440 -0.0184        
 4193.460 -0.0411        
 4193.480 -0.0543        
 4193.500 -0.0529        
 4193.520 -0.0388        
 4193.540 -0.0185        
 4193.560  0.0006        
 4193.580  0.0128        
 4193.600  0.0164        
 4193.620  0.0116        
 4193.640 -0.0007        
 4193.660 -0.0180        
 4193.680 -0.0355        
 4193.700 -0.0474        
 4193.720 -0.0488        
 4193.740 -0.0392        
 4193.760 -0.0235        
 4193.780 -0.0098        
 4193.800 -0.0053        
 4193.820 -0.0103        
 4193.840 -0.0164        
 4193.860 -0.0103        
 4193.880  0.0145        
 4193.900  0.0491        
 4193.920  0.0752        
 4193.940  0.0774        
 4193.960  0.0532        
 4193.980  0.0146        
 4194.000 -0.0220        
 4194.020 -0.0440        
 4194.040 -0.0464        
 4194.060 -0.0329        
 4194.080 -0.0108        
 4194.100  0.0136        
 4194.120  0.0345        
 4194.140  0.0467        
 4194.160  0.0443        
 4194.180  0.0236        
 4194.200 -0.0122        
 4194.220 -0.0517        
 4194.240 -0.0798        
 4194.260 -0.0846        
 4194.280 -0.0651        
 4194.300 -0.0296        
 4194.320  0.0092        
 4194.340  0.0413        
 4194.360  0.0622        
 4194.380  0.0697        
 4194.400  0.0584        
 4194.420  0.0129        
 4194.440 -0.1109        
 4194.460 -0.5604        
 4194.480 -0.9764        
 4194.500  0.3455        
 4194.520  2.8162        
 4194.540  2.7327        
 4194.560  0.2762        
 4194.580 -0.8424        
 4194.600 -0.3172        
 4194.620  0.0928        
 4194.640  0.1167        
 4194.660  0.0522        
 4194.680 -0.0220        
 4194.700 -0.0669        
 4194.720 -0.0744        
 4194.740 -0.0565        
 4194.760 -0.0292        
 4194.780 -0.0020        
 4194.800  0.0216        
 4194.820  0.0402        
 4194.840  0.0530        
 4194.860  0.0593        
 4194.880  0.0597        
 4194.900  0.0564        
 4194.920  0.0521        
 4194.940  0.0488        
 4194.960  0.0468        
 4194.980  0.0442        
 4195.000  0.0387        
 4195.020  0.0286        
 4195.040  0.0151        
 4195.060  0.0019        
 4195.080 -0.0068        
 4195.100 -0.0078        
 4195.120 -0.0012        
 4195.140  0.0111        
 4195.160  0.0263        
 4195.180  0.0421        
 4195.200  0.0561        
 4195.220  0.0659        
 4195.240  0.0693        
 4195.260  0.0652        
 4195.280  0.0545        
 4195.300  0.0394        
 4195.320  0.0225        
 4195.340  0.0058        
 4195.360 -0.0086        
 4195.380 -0.0191        
 4195.400 -0.0245        
 4195.420 -0.0241        
 4195.440 -0.0182        
 4195.460 -0.0073        
 4195.480  0.0075        
 4195.500  0.0244        
 4195.520  0.0404        
 4195.540  0.0519        
 4195.560  0.0556        
 4195.580  0.0500        
 4195.600  0.0325        
 4195.620 -0.0091        
 4195.640  0.3198        
 4195.660  1.4855        
 4195.680  2.3571        
 4195.700  1.5782        
 4195.720  0.2486        
 4195.740 -0.0812        
 4195.760  0.2687        
 4195.780  0.4114        
 4195.800  0.2485        
 4195.820  0.0839        
 4195.840 -0.0020        
 4195.860 -0.0597        
 4195.880 -0.1012        
 4195.900 -0.1284        
 4195.920 -0.1370        
 4195.940 -0.1233        
 4195.960 -0.0917        
 4195.980 -0.0551        
 4196.000 -0.0277        
 4196.020 -0.0162        
 4196.040 -0.0168        
 4196.060 -0.0205        
 4196.080 -0.0203        
 4196.100 -0.0133        
 4196.120 -0.0017        
 4196.140  0.0103        
 4196.160  0.0191        
 4196.180  0.0229        
 4196.200  0.0224        
 4196.220  0.0194        
 4196.240  0.0154        
 4196.260  0.0117        
 4196.280  0.0095        
 4196.300  0.0100        
 4196.320  0.0147        
 4196.340  0.0228        
 4196.360  0.0307        
 4196.380  0.0325        
 4196.400  0.0242        
 4196.420  0.0076        
 4196.440 -0.0107        
 4196.460 -0.0247        
 4196.480 -0.0327        
 4196.500 -0.0356        
 4196.520 -0.0353        
 4196.540 -0.0324        
 4196.560 -0.0280        
 4196.580 -0.0237        
 4196.600 -0.0221        
 4196.620 -0.0254        
 4196.640 -0.0331        
 4196.660 -0.0410        
 4196.680 -0.0440        
 4196.700 -0.0384        
 4196.720 -0.0247        
 4196.740 -0.0056        
 4196.760  0.0155        
 4196.780  0.0360        
 4196.800  0.0541        
 4196.820  0.0678        
 4196.840  0.0746        
 4196.860  0.0733        
 4196.880  0.0648        
 4196.900  0.0521        
 4196.920  0.0385        
 4196.940  0.0258        
 4196.960  0.0137        
 4196.980  0.0004        
 4197.000 -0.0160        
 4197.020 -0.0351        
 4197.040 -0.0522        
 4197.060 -0.0591        
 4197.080 -0.0484        
 4197.100 -0.0205        
 4197.120  0.0142        
 4197.140  0.0415        
 4197.160  0.0525        
 4197.180  0.0484        
 4197.200  0.0375        
 4197.220  0.0292        
 4197.240  0.0287        
 4197.260  0.0351        
 4197.280  0.0438        
 4197.300  0.0499        
 4197.320  0.0505        
 4197.340  0.0456        
 4197.360  0.0369        
 4197.380  0.0260        
 4197.400  0.0143        
 4197.420  0.0036        
 4197.440 -0.0041        
 4197.460 -0.0071        
 4197.480 -0.0058        
 4197.500 -0.0032        
 4197.520 -0.0032        
 4197.540 -0.0087        
 4197.560 -0.0185        
 4197.580 -0.0277        
 4197.600 -0.0300        
 4197.620 -0.0218        
 4197.640 -0.0050        
 4197.660  0.0143        
 4197.680  0.0291        
 4197.700  0.0346        
 4197.720  0.0312        
 4197.740  0.0228        
 4197.760  0.0138        
 4197.780  0.0066        
 4197.800 -0.0004        
 4197.820 -0.0106        
 4197.840 -0.0265        
 4197.860 -0.0469        
 4197.880 -0.0659        
 4197.900 -0.0765        
 4197.920 -0.0737        
 4197.940 -0.0576        
 4197.960 -0.0328        
 4197.980 -0.0052        
 4198.000  0.0203        
 4198.020  0.0397        
 4198.040  0.0494        
 4198.060  0.0461        
 4198.080  0.0290        
 4198.100  0.0024        
 4198.120 -0.0257        
 4198.140 -0.0468        
 4198.160 -0.0559        
 4198.180 -0.0538        
 4198.200 -0.0445        
 4198.220 -0.0317        
 4198.240 -0.0183        
 4198.260 -0.0066        
 4198.280  0.0015        
 4198.300  0.0041        
 4198.320  0.0013        
 4198.340 -0.0052        
 4198.360 -0.0130        
 4198.380 -0.0197        
 4198.400 -0.0235        
 4198.420 -0.0223        
 4198.440 -0.0143        
 4198.460  0.0010        
 4198.480  0.0212        
 4198.500  0.0410        
 4198.520  0.0546        
 4198.540  0.0585        
 4198.560  0.0531        
 4198.580  0.0414        
 4198.600  0.0268        
 4198.620  0.0115        
 4198.640 -0.0035        
 4198.660 -0.0177        
 4198.680 -0.0303        
 4198.700 -0.0403        
 4198.720 -0.0461        
 4198.740 -0.0458        
 4198.760 -0.0389        
 4198.780 -0.0271        
 4198.800 -0.0148        
 4198.820 -0.0072        
 4198.840 -0.0080        
 4198.860 -0.0172        
 4198.880 -0.0319        
 4198.900 -0.0481        
 4198.920 -0.0625        
 4198.940 -0.0729        
 4198.960 -0.0782        
 4198.980 -0.0777        
 4199.000 -0.0714        
 4199.020 -0.0609        
 4199.040 -0.0483        
 4199.060 -0.0359        
 4199.080 -0.0251        
 4199.100 -0.0162        
 4199.120 -0.0092        
 4199.140 -0.0041        
 4199.160 -0.0011        
 4199.180 -0.0011        
 4199.200 -0.0052        
 4199.220 -0.0137        
 4199.240 -0.0245        
 4199.260 -0.0336        
 4199.280 -0.0359        
 4199.300 -0.0282        
 4199.320 -0.0124        
 4199.340  0.0055        
 4199.360  0.0191        
 4199.380  0.0241        
 4199.400  0.0206        
 4199.420  0.0108        
 4199.440 -0.0029        
 4199.460 -0.0181        
 4199.480 -0.0315        
 4199.500 -0.0389        
 4199.520 -0.0366        
 4199.540 -0.0242        
 4199.560 -0.0049        
 4199.580  0.0158        
 4199.600  0.0334        
 4199.620  0.0451        
 4199.640  0.0496        
 4199.660  0.0463        
 4199.680  0.0350        
 4199.700  0.0170        
 4199.720 -0.0045        
 4199.740 -0.0256        
 4199.760 -0.0428        
 4199.780 -0.0542        
 4199.800 -0.0594        
 4199.820 -0.0584        
 4199.840 -0.0521        
 4199.860 -0.0421        
 4199.880 -0.0310        
 4199.900 -0.0208        
 4199.920 -0.0130        
 4199.940 -0.0078        
 4199.960 -0.0051        
 4199.980 -0.0045        
 4200.000 -0.0052        
 4200.020 -0.0057        
 4200.040 -0.0043        
 4200.060  0.0003        
 4200.080  0.0072        
 4200.100  0.0136        
 4200.120  0.0147        
 4200.140  0.0068        
 4200.160 -0.0089        
 4200.180 -0.0252        
 4200.200 -0.0309        
 4200.220 -0.0195        
 4200.240  0.0031        
 4200.260  0.0236        
 4200.280  0.0308        
 4200.300  0.0225        
 4200.320  0.0047        
 4200.340 -0.0146        
 4200.360 -0.0299        
 4200.380 -0.0389        
 4200.400 -0.0409        
 4200.420 -0.0354        
 4200.440 -0.0222        
 4200.460 -0.0042        
 4200.480  0.0129        
 4200.500  0.0215        
 4200.520  0.0167        
 4200.540 -0.0002        
 4200.560 -0.0218        
 4200.580 -0.0394        
 4200.600 -0.0475        
 4200.620 -0.0473        
 4200.640 -0.0439        
 4200.660 -0.0428        
 4200.680 -0.0464        
 4200.700 -0.0527        
 4200.720 -0.0560        
 4200.740 -0.0494        
 4200.760 -0.0296        
 4200.780 -0.0013        
 4200.800  0.0231        
 4200.820  0.0304        
 4200.840  0.0168        
 4200.860 -0.0091        
 4200.880 -0.0342        
 4200.900 -0.0501        
 4200.920 -0.0551        
 4200.940 -0.0511        
 4200.960 -0.0405        
 4200.980 -0.0250        
 4201.000 -0.0076        
 4201.020  0.0079        
 4201.040  0.0173        
 4201.060  0.0187        
 4201.080  0.0143        
 4201.100  0.0088        
 4201.120  0.0067        
 4201.140  0.0097        
 4201.160  0.0150        
 4201.180  0.0179        
 4201.200  0.0145        
 4201.220  0.0044        
 4201.240 -0.0092        
 4201.260 -0.0220        
 4201.280 -0.0304        
 4201.300 -0.0332        
 4201.320 -0.0313        
 4201.340 -0.0266        
 4201.360 -0.0209        
 4201.380 -0.0156        
 4201.400 -0.0122        
 4201.420 -0.0115        
 4201.440 -0.0137        
 4201.460 -0.0170        
 4201.480 -0.0192        
 4201.500 -0.0184        
 4201.520 -0.0142        
 4201.540 -0.0076        
 4201.560 -0.0002        
 4201.580  0.0067        
 4201.600  0.0116        
 4201.620  0.0129        
 4201.640  0.0089        
 4201.660 -0.0010        
 4201.680 -0.0156        
 4201.700 -0.0316        
 4201.720 -0.0452        
 4201.740 -0.0533        
 4201.760 -0.0547        
 4201.780 -0.0492        
 4201.800 -0.0374        
 4201.820 -0.0211        
 4201.840 -0.0041        
 4201.860  0.0081        
 4201.880  0.0110        
 4201.900  0.0037        
 4201.920 -0.0107        
 4201.940 -0.0280        
 4201.960 -0.0450        
 4201.980 -0.0597        
 4202.000 -0.0692        
 4202.020 -0.0704        
 4202.040 -0.0606        
 4202.060 -0.0409        
 4202.080 -0.0170        
 4202.100  0.0028        
 4202.120  0.0120        
 4202.140  0.0092        
 4202.160 -0.0021        
 4202.180 -0.0148        
 4202.200 -0.0227        
 4202.220 -0.0248        
 4202.240 -0.0264        
 4202.260 -0.0353        
 4202.280 -0.0538        
 4202.300 -0.0756        
 4202.320 -0.0921        
 4202.340 -0.0999        
 4202.360 -0.0994        
 4202.380 -0.0925        
 4202.400 -0.0797        
 4202.420 -0.0601        
 4202.440 -0.0349        
 4202.460 -0.0104        
 4202.480  0.0039        
 4202.500  0.0001        
 4202.520 -0.0198        
 4202.540 -0.0434        
 4202.560 -0.0550        
 4202.580 -0.0460        
 4202.600 -0.0196        
 4202.620  0.0111        
 4202.640  0.0309        
 4202.660  0.0305        
 4202.680  0.0125        
 4202.700 -0.0111        
 4202.720 -0.0268        
 4202.740 -0.0272        
 4202.760 -0.0154        
 4202.780 -0.0005        
 4202.800  0.0097        
 4202.820  0.0116        
 4202.840  0.0061        
 4202.860 -0.0038        
 4202.880 -0.0152        
 4202.900 -0.0246        
 4202.920 -0.0276        
 4202.940 -0.0192        
 4202.960  0.0027        
 4202.980  0.0000        
 4203.000  0.0000        
