           1.0000  1.0000
          -0.18    0.00  
 4747.000  0.7394  0.9776
 4747.020  0.7395  0.9672
 4747.040  0.7436  0.9547
 4747.060  0.7472  0.9544
 4747.080  0.7525  0.9616
 4747.100  0.7615  0.9839
 4747.120  0.7758  0.9924
 4747.140  0.7931  0.9977
 4747.160  0.8086  1.0016
 4747.180  0.8198  1.0068
 4747.200  0.8261  1.0082
 4747.220  0.8271  1.0077
 4747.240  0.8237  1.0029
 4747.260  0.8185  0.9942
 4747.280  0.8151  0.9886
 4747.300  0.8169  0.9885
 4747.320  0.8257  0.9951
 4747.340  0.8400  1.0027
 4747.360  0.8553  1.0081
 4747.380  0.8669  1.0105
 4747.400  0.8734  1.0123
 4747.420  0.8787  1.0129
 4747.440  0.8887  1.0118
 4747.460  0.9071  1.0125
 4747.480  0.9327  1.0117
 4747.500  0.9591  1.0115
 4747.520  0.9783  1.0103
 4747.540  0.9848  1.0108
 4747.560  0.9797  1.0122
 4747.580  0.9690  1.0113
 4747.600  0.9586  1.0107
 4747.620  0.9527  1.0112
 4747.640  0.9529  1.0113
 4747.660  0.9592  1.0100
 4747.680  0.9710  1.0092
 4747.700  0.9868  1.0070
 4747.720  1.0033  1.0056
 4747.740  1.0162  1.0034
 4747.760  1.0212  1.0028
 4747.780  1.0173  1.0035
 4747.800  1.0072  1.0060
 4747.820  0.9958  1.0083
 4747.840  0.9872  1.0109
 4747.860  0.9825  1.0133
 4747.880  0.9802  1.0153
 4747.900  0.9778  1.0167
 4747.920  0.9736  1.0174
 4747.940  0.9675  1.0170
 4747.960  0.9607  1.0159
 4747.980  0.9545  1.0146
 4748.000  0.9495  1.0135
 4748.020  0.9448  1.0129
 4748.040  0.9387  1.0130
 4748.060  0.9297  1.0137
 4748.080  0.9175  1.0146
 4748.100  0.9044  1.0152
 4748.120  0.8935  1.0149
 4748.140  0.8879  1.0133
 4748.160  0.8888  1.0104
 4748.180  0.8960  1.0066
 4748.200  0.9081  1.0028
 4748.220  0.9234  0.9998
 4748.240  0.9399  0.9985
 4748.260  0.9553  0.9994
 4748.280  0.9674  1.0023
 4748.300  0.9750  1.0067
 4748.320  0.9786  1.0116
 4748.340  0.9799  1.0159
 4748.360  0.9808  1.0187
 4748.380  0.9828  1.0194
 4748.400  0.9863  1.0181
 4748.420  0.9915  1.0154
 4748.440  0.9980  1.0123
 4748.460  1.0050  1.0096
 4748.480  1.0101  1.0082
 4748.500  1.0107  1.0082
 4748.520  1.0045  1.0094
 4748.540  0.9917  1.0111
 4748.560  0.9749  1.0126
 4748.580  0.9584  1.0130
 4748.600  0.9457  1.0121
 4748.620  0.9386  1.0100
 4748.640  0.9372  1.0073
 4748.660  0.9407  1.0048
 4748.680  0.9481  1.0032
 4748.700  0.9583  1.0029
 4748.720  0.9699  1.0040
 4748.740  0.9817  1.0061
 4748.760  0.9927  1.0084
 4748.780  1.0018  1.0103
 4748.800  1.0073  1.0113
 4748.820  1.0074  1.0112
 4748.840  1.0012  1.0105
 4748.860  0.9906  1.0095
 4748.880  0.9790  1.0090
 4748.900  0.9704  1.0095
 4748.920  0.9672  1.0109
 4748.940  0.9693  1.0130
 4748.960  0.9752  1.0152
 4748.980  0.9834  1.0165
 4749.000  0.9923  1.0164
 4749.020  0.9991  1.0146
 4749.040  1.0000  1.0115
 4749.060  0.9923  1.0076
 4749.080  0.9768  1.0039
 4749.100  0.9596  1.0014
 4749.120  0.9490  1.0007
 4749.140  0.9510  1.0019
 4749.160  0.9652  1.0046
 4749.180  0.9847  1.0080
 4749.200  1.0011  1.0112
 4749.220  1.0088  1.0134
 4749.240  1.0078  1.0139
 4749.260  1.0021  1.0128
 4749.280  0.9964  1.0105
 4749.300  0.9930  1.0076
 4749.320  0.9915  1.0046
 4749.340  0.9894  1.0021
 4749.360  0.9849  0.9999
 4749.380  0.9775  0.9980
 4749.400  0.9682  0.9959
 4749.420  0.9587  0.9929
 4749.440  0.9505  0.9890
 4749.460  0.9448  0.9842
 4749.480  0.9427  0.9790
 4749.500  0.9455  0.9742
 4749.520  0.9535  0.9708
 4749.540  0.9653  0.9694
 4749.560  0.9779  0.9705
 4749.580  0.9878  0.9739
 4749.600  0.9930  0.9793
 4749.620  0.9943  0.9857
 4749.640  0.9943  0.9923
 4749.660  0.9963  0.9984
 4749.680  1.0019  1.0034
 4749.700  1.0099  1.0072
 4749.720  1.0173  1.0100
 4749.740  1.0209  1.0119
 4749.760  1.0190  1.0133
 4749.780  1.0126  1.0145
 4749.800  1.0040  1.0153
 4749.820  0.9956  1.0157
 4749.840  0.9885  1.0154
 4749.860  0.9820  1.0143
 4749.880  0.9743  1.0125
 4749.900  0.9640  1.0100
 4749.920  0.9517  1.0074
 4749.940  0.9402  1.0052
 4749.960  0.9337  1.0039
 4749.980  0.9344  1.0037
 4750.000  0.9405  1.0047
 4750.020  0.9464  1.0067
 4750.040  0.9452  1.0092
 4750.060  0.9333  1.0116
 4750.080  0.9136  1.0135
 4750.100  0.8929  1.0145
 4750.120  0.8790  1.0144
 4750.140  0.8763  1.0135
 4750.160  0.8844  1.0120
 4750.180  0.8997  1.0102
 4750.200  0.9188  1.0083
 4750.220  0.9389  1.0065
 4750.240  0.9575  1.0046
 4750.260  0.9725  1.0025
 4750.280  0.9822  1.0000
 4750.300  0.9868  0.9970
 4750.320  0.9895  0.9937
 4750.340  0.9948  0.9904
 4750.360  1.0054  0.9878
 4750.380  1.0202  0.9865
 4750.400  1.0341  0.9869
 4750.420  1.0405  0.9893
 4750.440  1.0359  0.9933
 4750.460  1.0222  0.9980
 4750.480  1.0057  1.0023
 4750.500  0.9940  1.0048
 4750.520  0.9914  1.0042
 4750.540  0.9964  0.9998
 4750.560  1.0028  0.9914
 4750.580  1.0037  0.9797
 4750.600  0.9957  0.9660
 4750.620  0.9818  0.9525
 4750.640  0.9689  0.9412
 4750.660  0.9635  0.9338
 4750.680  0.9681  0.9317
 4750.700  0.9801  0.9351
 4750.720  0.9950  0.9434
 4750.740  1.0095  0.9552
 4750.760  1.0209  0.9688
 4750.780  1.0268  0.9820
 4750.800  1.0245  0.9933
 4750.820  1.0131  1.0017
 4750.840  0.9955  1.0069
 4750.860  0.9788  1.0094
 4750.880  0.9710  1.0099
 4750.900  0.9765  1.0096
 4750.920  0.9930  1.0093
 4750.940  1.0133  1.0095
 4750.960  1.0298  1.0103
 4750.980  1.0381  1.0114
 4751.000  1.0388  1.0123
 4751.020  1.0354  1.0125
 4751.040  1.0311  1.0117
 4751.060  1.0277  1.0099
 4751.080  1.0253  1.0076
 4751.100  1.0234  1.0053
 4751.120  1.0215  1.0037
 4751.140  1.0189  1.0032
 4751.160  1.0139  1.0039
 4751.180  1.0048  1.0057
 4751.200  0.9910  1.0081
 4751.220  0.9752  1.0106
 4751.240  0.9634  1.0126
 4751.260  0.9622  1.0138
 4751.280  0.9751  1.0141
 4751.300  0.9996  1.0135
 4751.320  1.0281  1.0125
 4751.340  1.0520  1.0114
 4751.360  1.0651  1.0105
 4751.380  1.0664  1.0100
 4751.400  1.0580  1.0098
 4751.420  1.0425  1.0098
 4751.440  1.0227  1.0100
 4751.460  1.0014  1.0101
 4751.480  0.9815  1.0102
 4751.500  0.9655  1.0102
 4751.520  0.9553  1.0102
 4751.540  0.9511  1.0103
 4751.560  0.9525  1.0104
 4751.580  0.9588  1.0107
 4751.600  0.9691  1.0109
 4751.620  0.9823  1.0110
 4751.640  0.9971  1.0110
 4751.660  1.0120  1.0108
 4751.680  1.0238  1.0107
 4751.700  1.0283  1.0107
 4751.720  1.0208  1.0107
 4751.740  1.0000  1.0107
 4751.760  0.9716  1.0104
 4751.780  0.9466  1.0094
 4751.800  0.9368  1.0076
 4751.820  0.9477  1.0047
 4751.840  0.9739  1.0007
 4751.860  1.0036  0.9960
 4751.880  1.0253  0.9914
 4751.900  1.0326  0.9875
 4751.920  1.0267  0.9852
 4751.940  1.0127  0.9849
 4751.960  0.9955  0.9868
 4751.980  0.9795  0.9905
 4752.000  0.9677  0.9952
 4752.020  0.9632  1.0000
 4752.040  0.9676  1.0042
 4752.060  0.9796  1.0069
 4752.080  0.9941  1.0081
 4752.100  1.0047  1.0079
 4752.120  1.0068  1.0069
 4752.140  1.0010  1.0059
 4752.160  0.9918  1.0055
 4752.180  0.9854  1.0060
 4752.200  0.9851  1.0074
 4752.220  0.9894  1.0096
 4752.240  0.9937  1.0118
 4752.260  0.9932  1.0135
 4752.280  0.9865  1.0143
 4752.300  0.9763  1.0141
 4752.320  0.9678  1.0131
 4752.340  0.9651  1.0118
 4752.360  0.9694  1.0105
 4752.380  0.9781  1.0098
 4752.400  0.9874  1.0099
 4752.420  0.9940  1.0106
 4752.440  0.9965  1.0118
 4752.460  0.9948  1.0131
 4752.480  0.9896  1.0141
 4752.500  0.9814  1.0146
 4752.520  0.9718  1.0147
 4752.540  0.9628  1.0145
 4752.560  0.9568  1.0142
 4752.580  0.9551  1.0140
 4752.600  0.9577  1.0140
 4752.620  0.9634  1.0141
 4752.640  0.9710  1.0142
 4752.660  0.9792  1.0140
 4752.680  0.9872  1.0134
 4752.700  0.9943  1.0124
 4752.720  0.9996  1.0112
 4752.740  1.0023  1.0100
 4752.760  1.0025  1.0091
 4752.780  1.0005  1.0087
 4752.800  0.9967  1.0088
 4752.820  0.9918  1.0092
 4752.840  0.9863  1.0096
 4752.860  0.9804  1.0095
 4752.880  0.9747  1.0089
 4752.900  0.9699  1.0077
 4752.920  0.9675  1.0063
 4752.940  0.9687  1.0052
 4752.960  0.9738  1.0048
 4752.980  0.9815  1.0055
 4753.000  0.9888  1.0073
 4753.020  0.9932  1.0100
 4753.040  0.9929  1.0130
 4753.060  0.9874  1.0155
 4753.080  0.9766  1.0168
 4753.100  0.9605  1.0168
 4753.120  0.9406  1.0155
 4753.140  0.9211  1.0133
 4753.160  0.9082  1.0112
 4753.180  0.9066  1.0099
 4753.200  0.9176  1.0099
 4753.220  0.9376  1.0113
 4753.240  0.9615  1.0138
 4753.260  0.9846  1.0163
 4753.280  1.0042  1.0179
 4753.300  1.0188  1.0176
 4753.320  1.0271  1.0148
 4753.340  1.0281  1.0096
 4753.360  1.0221  1.0027
 4753.380  1.0107  0.9952
 4753.400  0.9957  0.9886
 4753.420  0.9793  0.9840
 4753.440  0.9638  0.9824
 4753.460  0.9517  0.9839
 4753.480  0.9461  0.9881
 4753.500  0.9484  0.9940
 4753.520  0.9572  1.0003
 4753.540  0.9691  1.0061
 4753.560  0.9808  1.0104
 4753.580  0.9902  1.0129
 4753.600  0.9970  1.0137
 4753.620  1.0020  1.0131
 4753.640  1.0054  1.0118
 4753.660  1.0065  1.0103
 4753.680  1.0039  1.0092
 4753.700  0.9956  1.0084
 4753.720  0.9814  1.0082
 4753.740  0.9628  1.0082
 4753.760  0.9436  1.0083
 4753.780  0.9278  1.0085
 4753.800  0.9187  1.0086
 4753.820  0.9177  1.0088
 4753.840  0.9255  1.0092
 4753.860  0.9424  1.0097
 4753.880  0.9667  1.0105
 4753.900  0.9936  1.0115
 4753.920  1.0156  1.0124
 4753.940  1.0257  1.0131
 4753.960  1.0218  1.0136
 4753.980  1.0088  1.0138
 4754.000  0.9958  1.0139
 4754.020  0.9906  1.0140
 4754.040  0.9952  1.0142
 4754.060  1.0055  1.0145
 4754.080  1.0141  1.0150
 4754.100  1.0155  1.0155
 4754.120  1.0089  1.0157
 4754.140  0.9978  1.0156
 4754.160  0.9867  1.0150
 4754.180  0.9794  1.0141
 4754.200  0.9777  1.0130
 4754.220  0.9825  1.0122
 4754.240  0.9945  1.0119
 4754.260  1.0124  1.0123
 4754.280  1.0317  1.0134
 4754.300  1.0455  1.0151
 4754.320  1.0465  1.0170
 4754.340  1.0326  1.0187
 4754.360  1.0093  1.0197
 4754.380  0.9865  1.0200
 4754.400  0.9730  1.0193
 4754.420  0.9719  1.0181
 4754.440  0.9789  1.0166
 4754.460  0.9860  1.0153
 4754.480  0.9866  1.0145
 4754.500  0.9791  1.0144
 4754.520  0.9670  1.0148
 4754.540  0.9558  1.0155
 4754.560  0.9499  1.0161
 4754.580  0.9507  1.0161
 4754.600  0.9575  1.0155
 4754.620  0.9687  1.0142
 4754.640  0.9821  1.0126
 4754.660  0.9948  1.0112
 4754.680  1.0030  1.0105
 4754.700  1.0028  1.0108
 4754.720  0.9932  1.0122
 4754.740  0.9787  1.0143
 4754.760  0.9674  1.0165
 4754.780  0.9672  1.0179
 4754.800  0.9807  1.0175
 4754.820  1.0027  1.0149
 4754.840  1.0232  1.0099
 4754.860  1.0337  1.0029
 4754.880  1.0311  0.9949
 4754.900  1.0194  0.9872
 4754.920  1.0062  0.9810
 4754.940  0.9976  0.9775
 4754.960  0.9957  0.9771
 4754.980  0.9989  0.9799
 4755.000  1.0047  0.9851
 4755.020  1.0110  0.9917
 4755.040  1.0157  0.9985
 4755.060  1.0157  1.0044
 4755.080  1.0077  1.0088
 4755.100  0.9906  1.0116
 4755.120  0.9691  1.0129
 4755.140  0.9515  1.0134
 4755.160  0.9466  1.0136
 4755.180  0.9578  1.0140
 4755.200  0.9805  1.0145
 4755.220  1.0058  1.0148
 4755.240  1.0255  1.0145
 4755.260  1.0356  1.0129
 4755.280  1.0372  1.0098
 4755.300  1.0332  1.0053
 4755.320  1.0260  1.0000
 4755.340  1.0168  0.9949
 4755.360  1.0060  0.9910
 4755.380  0.9943  0.9894
 4755.400  0.9822  0.9903
 4755.420  0.9699  0.9937
 4755.440  0.9567  0.9987
 4755.460  0.9421  1.0041
 4755.480  0.9261  1.0089
 4755.500  0.9106  1.0120
 4755.520  0.8986  1.0130
 4755.540  0.8925  1.0122
 4755.560  0.8934  1.0103
 4755.580  0.9005  1.0084
 4755.600  0.9118  1.0073
 4755.620  0.9255  1.0077
 4755.640  0.9405  1.0095
 4755.660  0.9567  1.0124
 4755.680  0.9747  1.0154
 4755.700  0.9948  1.0178
 4755.720  1.0158  1.0187
 4755.740  1.0340  1.0181
 4755.760  1.0448  1.0163
 4755.780  1.0446  1.0140
 4755.800  1.0338  1.0121
 4755.820  1.0168  1.0112
 4755.840  0.9999  1.0117
 4755.860  0.9881  1.0132
 4755.880  0.9823  1.0153
 4755.900  0.9808  1.0170
 4755.920  0.9806  1.0176
 4755.940  0.9797  1.0168
 4755.960  0.9782  1.0148
 4755.980  0.9767  1.0121
 4756.000  0.9757  1.0095
 4756.020  0.9755  1.0079
 4756.040  0.9769  1.0077
 4756.060  0.9811  1.0089
 4756.080  0.9893  1.0109
 4756.100  1.0006  1.0129
 4756.120  1.0113  1.0140
 4756.140  1.0156  1.0137
 4756.160  1.0092  1.0120
 4756.180  0.9923  1.0094
 4756.200  0.9709  1.0066
 4756.220  0.9530  1.0045
 4756.240  0.9447  1.0036
 4756.260  0.9463  1.0039
 4756.280  0.9536  1.0049
 4756.300  0.9607  1.0055
 4756.320  0.9645  1.0045
 4756.340  0.9655  1.0010
 4756.360  0.9668  0.9951
 4756.380  0.9712  0.9872
 4756.400  0.9797  0.9788
 4756.420  0.9908  0.9717
 4756.440  1.0023  0.9676
 4756.460  1.0124  0.9676
 4756.480  1.0193  0.9719
 4756.500  1.0214  0.9797
 4756.520  1.0172  0.9896
 4756.540  1.0064  0.9996
 4756.560  0.9909  1.0080
 4756.580  0.9748  1.0135
 4756.600  0.9627  1.0159
 4756.620  0.9577  1.0154
 4756.640  0.9591  1.0133
 4756.660  0.9637  1.0107
 4756.680  0.9671  1.0088
 4756.700  0.9667  1.0080
 4756.720  0.9629  1.0085
 4756.740  0.9586  1.0098
 4756.760  0.9570  1.0112
 4756.780  0.9604  1.0121
 4756.800  0.9693  1.0121
 4756.820  0.9827  1.0115
 4756.840  0.9995  1.0105
 4756.860  1.0178  1.0097
 4756.880  1.0344  1.0094
 4756.900  1.0461  1.0098
 4756.920  1.0500  1.0104
 4756.940  1.0457  1.0110
 4756.960  1.0347  1.0109
 4756.980  1.0195  1.0099
 4757.000  1.0025  1.0079
 4757.020  0.9860  1.0053
 4757.040  0.9730  1.0027
 4757.060  0.9666  1.0007
 4757.080  0.9687  0.9998
 4757.100  0.9777  0.9999
 4757.120  0.9894  1.0007
 4757.140  0.9986  1.0018
 4757.160  1.0022  1.0025
 4757.180  1.0006  1.0026
 4757.200  0.9968  1.0020
 4757.220  0.9940  1.0012
 4757.240  0.9938  1.0007
 4757.260  0.9958  1.0010
 4757.280  0.9988  1.0022
 4757.300  1.0021  1.0041
 4757.320  1.0050  1.0061
 4757.340  1.0067  1.0071
 4757.360  1.0055  1.0067
 4757.380  1.0003  1.0046
 4757.400  0.9914  1.0011
 4757.420  0.9815  0.9972
 4757.440  0.9738  0.9941
 4757.460  0.9712  0.9925
 4757.480  0.9742  0.9929
 4757.500  0.9820  0.9945
 4757.520  0.9932  0.9962
 4757.540  1.0071  0.9962
 4757.560  1.0222  0.9932
 4757.580  1.0364  0.9866
 4757.600  1.0461  0.9773
 4757.620  1.0484  0.9668
 4757.640  1.0438  0.9574
 4757.660  1.0355  0.9510
 4757.680  1.0285  0.9480
 4757.700  1.0255  0.9468
 4757.720  1.0250  0.9436
 4757.740  1.0239  0.9330
 4757.760  1.0201  0.9093
 4757.780  1.0145  0.8683
 4757.800  1.0095  0.8090
 4757.820 -1.0000  0.7343
 4757.840 -1.0000  0.6517
 4757.860 -1.0000  0.5719
 4757.880 -1.0000  0.5069
 4757.900 -1.0000  0.4677
 4757.920 -1.0000  0.4616
 4757.940 -1.0000  0.4904
 4757.960 -1.0000  0.5496
 4757.980 -1.0000  0.6297
 4758.000 -1.0000  0.7175
 4758.020  0.9506  0.7992
 4758.040  0.9435  0.8631
 4758.060  0.9439  0.9019
 4758.080  0.9578  0.9138
 4758.100  0.9826  0.9025
 4758.120  1.0099  0.8759
 4758.140  1.0298  0.8436
 4758.160  1.0346  0.8152
 4758.180  1.0229  0.7977
 4758.200  1.0000  0.7948
 4758.220  0.9748  0.8062
 4758.240  0.9541  0.8289
 4758.260  0.9409  0.8581
 4758.280  0.9351  0.8885
 4758.300  0.9359  0.9163
 4758.320  0.9417  0.9388
 4758.340  0.9497  0.9555
 4758.360  0.9563  0.9671
 4758.380  0.9587  0.9750
 4758.400  0.9580  0.9806
 4758.420  0.9583  0.9850
 4758.440  0.9649  0.9884
 4758.460  0.9804  0.9910
 4758.480  1.0021  0.9925
 4758.500  1.0233  0.9930
 4758.520  1.0376  0.9926
 4758.540  1.0417  0.9923
 4758.560  1.0379  0.9926
 4758.580  1.0315  0.9941
 4758.600  1.0273  0.9970
 4758.620  1.0273  1.0009
 4758.640  1.0297  1.0049
 4758.660  1.0310  1.0082
 4758.680  1.0287  1.0099
 4758.700  1.0230  1.0099
 4758.720  1.0167  1.0083
 4758.740  1.0131  1.0057
 4758.760  1.0141  1.0031
 4758.780  1.0183  1.0012
 4758.800  1.0218  1.0004
 4758.820  1.0205  1.0008
 4758.840  1.0125  1.0018
 4758.860  0.9999  1.0030
 4758.880  0.9878  1.0039
 4758.900  0.9807  1.0042
 4758.920  0.9810  1.0042
 4758.940  0.9871  1.0043
 4758.960  0.9954  1.0050
 4758.980  1.0028  1.0067
 4759.000  1.0073  1.0092
 4759.020  1.0084  1.0122
 4759.040  1.0065  1.0148
 4759.060  1.0019  1.0163
 4759.080  0.9961  1.0161
 4759.100  0.9915  1.0144
 4759.120  0.9909  1.0117
 4759.140  0.9956  1.0090
 4759.160  1.0037  1.0076
 4759.180  1.0106  1.0081
 4759.200  1.0113  1.0108
 4759.220  1.0036  1.0149
 4759.240  0.9900  1.0192
 4759.260  0.9767  1.0220
 4759.280  0.9703  1.0218
 4759.300  0.9739  1.0177
 4759.320  0.9839  1.0099
 4759.340  0.9925  0.9995
 4759.360  0.9914  0.9884
 4759.380  0.9770  0.9786
 4759.400  0.9536  0.9722
 4759.420  0.9300  0.9702
 4759.440  0.9148  0.9728
 4759.460  0.9122  0.9792
 4759.480  0.9210  0.9879
 4759.500  0.9378  0.9969
 4759.520  0.9589  1.0047
 4759.540  0.9805  1.0103
 4759.560  0.9977  1.0134
 4759.580  1.0047  1.0143
 4759.600  0.9981  1.0137
 4759.620  0.9809  1.0126
 4759.640  0.9616  1.0117
 4759.660  0.9506  1.0113
 4759.680  0.9542  1.0112
 4759.700  0.9704  1.0113
 4759.720  0.9916  1.0112
 4759.740  1.0097  1.0107
 4759.760  1.0193  1.0098
 4759.780  1.0192  1.0089
 4759.800  1.0103  1.0081
 4759.820  0.9939  1.0080
 4759.840  0.9727  1.0085
 4759.860  0.9524  1.0096
 4759.880  0.9399  1.0110
 4759.900  0.9406  1.0121
 4759.920  0.9547  1.0127
 4759.940  0.9766  1.0127
 4759.960  0.9982  1.0121
 4759.980  1.0130  1.0112
 4760.000  1.0185  1.0105
 4760.020  1.0162  1.0103
 4760.040  1.0089  1.0107
 4760.060  0.9990  1.0116
 4760.080  0.9887  1.0127
 4760.100  0.9795  1.0137
 4760.120  0.9726  1.0143
 4760.140  0.9694  1.0144
 4760.160  0.9706  1.0140
 4760.180  0.9769  1.0136
 4760.200  0.9884  1.0133
 4760.220  1.0037  1.0133
 4760.240  1.0195  1.0137
 4760.260  1.0310  1.0141
 4760.280  1.0347  1.0143
 4760.300  1.0294  1.0139
 4760.320  1.0170  1.0127
 4760.340  1.0005  1.0108
 4760.360  0.9825  1.0085
 4760.380  0.9660  1.0065
 4760.400  0.9544  1.0052
 4760.420  0.9515  1.0050
 4760.440  0.9592  1.0059
 4760.460  0.9748  1.0075
 4760.480  0.9914  1.0093
 4760.500  1.0009  1.0105
 4760.520  0.9993  1.0108
 4760.540  0.9899  1.0099
 4760.560  0.9810  1.0082
 4760.580  0.9811  1.0062
 4760.600  0.9935  1.0045
 4760.620  1.0132  1.0036
 4760.640  1.0316  1.0037
 4760.660  1.0409  1.0043
 4760.680  1.0389  1.0047
 4760.700  1.0291  1.0043
 4760.720  1.0178  1.0021
 4760.740  1.0102  0.9981
 4760.760  1.0076  0.9924
 4760.780  1.0084  0.9857
 4760.800  1.0096  0.9786
 4760.820  1.0090  0.9718
 4760.840  1.0051  0.9652
 4760.860  0.9969  0.9583
 4760.880  0.9838  0.9499
 4760.900  0.9672  0.9386
 4760.920  0.9528  0.9235
 4760.940  0.9494  0.9044
 4760.960  0.9662  0.8825
 4760.980  1.0058  0.8600
 4761.000  1.0585  0.8401
 4761.020  1.1064  0.8262
 4761.040  1.1320  0.8213
 4761.060  1.1275  0.8271
 4761.080  1.1005  0.8432
 4761.100  1.0670  0.8679
 4761.120  1.0416  0.8975
 4761.140  1.0308  0.9280
 4761.160  1.0319  0.9552
 4761.180  1.0380  0.9760
 4761.200  1.0431  0.9891
 4761.220  1.0441  0.9946
 4761.240  1.0402  0.9944
 4761.260  1.0304  0.9911
 4761.280  1.0147  0.9875
 4761.300  0.9953  0.9859
 4761.320  0.9773  0.9873
 4761.340  0.9678  0.9917
 4761.360  0.9704  0.9981
 4761.380  0.9824  1.0047
 4761.400  0.9963  1.0099
 4761.420  1.0042  1.0124
 4761.440  1.0025  1.0116
 4761.460  0.9942  1.0079
 4761.480  0.9860  1.0020
 4761.500  0.9836  0.9952
 4761.520  0.9884  0.9886
 4761.540  0.9972  0.9832
 4761.560  1.0044  0.9794
 4761.580  1.0061  0.9776
 4761.600  1.0010  0.9777
 4761.620  0.9909  0.9794
 4761.640  0.9784  0.9826
 4761.660  0.9661  0.9870
 4761.680  0.9563  0.9923
 4761.700  0.9511  0.9983
 4761.720  0.9529  1.0043
 4761.740  0.9627  1.0097
 4761.760  0.9783  1.0139
 4761.780  0.9952  1.0164
 4761.800  1.0084  1.0170
 4761.820  1.0150  1.0157
 4761.840  1.0164  1.0133
 4761.860  1.0166  1.0104
 4761.880  1.0191  1.0079
 4761.900  1.0250  1.0065
 4761.920  1.0318  1.0064
 4761.940  1.0353  1.0074
 4761.960  1.0328  1.0090
 4761.980  1.0245  1.0104
 4762.000  1.0138  1.0110
 4762.020  1.0048  1.0103
 4762.040  1.0006  1.0084
 4762.060  1.0025  1.0059
 4762.080  1.0105  1.0036
 4762.100  1.0239  1.0022
 4762.120  1.0414  1.0021
 4762.140  1.0597  1.0034
 4762.160  1.0739  1.0055
 4762.180  1.0793  1.0074
 4762.200  1.0736  1.0079
 4762.220  1.0589  1.0063
 4762.240  1.0395  1.0020
 4762.260  1.0192  0.9955
 4762.280  1.0007  0.9876
 4762.300  0.9855  0.9799
 4762.320  0.9742  0.9739
 4762.340  0.9677  0.9709
 4762.360  0.9660  0.9715
 4762.380  0.9682  0.9758
 4762.400  0.9730  0.9828
 4762.420  0.9797  0.9912
 4762.440  0.9868  0.9994
 4762.460  0.9922  1.0060
 4762.480  0.9929  1.0102
 4762.500  0.9873  1.0119
 4762.520  0.9769  1.0115
 4762.540  0.9662  1.0099
 4762.560  0.9609  1.0082
 4762.580  0.9641  1.0072
 4762.600  0.9750  1.0074
 4762.620  0.9900  1.0090
 4762.640  1.0056  1.0115
 4762.660  1.0190  1.0143
 4762.680  1.0278  1.0168
 4762.700  1.0298  1.0184
 4762.720  1.0228  1.0190
 4762.740  1.0075  1.0187
 4762.760  0.9883  1.0178
 4762.780  0.9720  1.0169
 4762.800  0.9638  1.0162
 4762.820  0.9650  1.0160
 4762.840  0.9715  1.0163
 4762.860  0.9773  1.0167
 4762.880  0.9778  1.0169
 4762.900  0.9720  1.0166
 4762.920  0.9616  1.0156
 4762.940  0.9490  1.0141
 4762.960  0.9365  1.0124
 4762.980  0.9270  1.0108
 4763.000  0.9237  1.0099
 4763.020  0.9302  1.0100
 4763.040  0.9475  1.0110
 4763.060  0.9722  1.0127
 4763.080  0.9981  1.0147
 4763.100  1.0190  1.0164
 4763.120  1.0313  1.0173
 4763.140  1.0343  1.0171
 4763.160  1.0288  1.0156
 4763.180  1.0158  1.0133
 4763.200  0.9977  1.0106
 4763.220  0.9786  1.0081
 4763.240  0.9639  1.0064
 4763.260  0.9579  1.0059
 4763.280  0.9616  1.0065
 4763.300  0.9732  1.0080
 4763.320  0.9897  1.0097
 4763.340  1.0078  1.0110
 4763.360  1.0239  1.0113
 4763.380  1.0333  1.0101
 4763.400  1.0311  1.0074
 4763.420  1.0148  1.0036
 4763.440  0.9879  0.9994
 4763.460  0.9580  0.9957
 4763.480  0.9336  0.9932
 4763.500  0.9198  0.9928
 4763.520  0.9164  0.9946
 4763.540  0.9202  0.9985
 4763.560  0.9283  1.0038
 4763.580  0.9384  1.0095
 4763.600  0.9479  1.0144
 4763.620  0.9543  1.0175
 4763.640  0.9556  1.0179
 4763.660  0.9522  1.0153
 4763.680  0.9480  1.0098
 4763.700  0.9478  1.0022
 4763.720  0.9550  0.9935
 4763.740  0.9684  0.9851
 4763.760  0.9834  0.9784
 4763.780  0.9942  0.9741
 4763.800  0.9969  0.9730
 4763.820  0.9918  0.9749
 4763.840  0.9822  0.9794
 4763.860  0.9722  0.9854
 4763.880  0.9649  0.9920
 4763.900  0.9609  0.9979
 4763.920  0.9590  1.0023
 4763.940  0.9579  1.0048
 4763.960  0.9573  1.0053
 4763.980  0.9580  1.0043
 4764.000  0.9615  1.0024
 4764.020  0.9689  1.0005
 4764.040  0.9797  0.9991
 4764.060  0.9923  0.9988
 4764.080  1.0045  0.9995
 4764.100  1.0144  1.0009
 4764.120  1.0213  1.0024
 4764.140  1.0248  1.0033
 4764.160  1.0246  1.0030
 4764.180  1.0209  1.0011
 4764.200  1.0149  0.9975
 4764.220  1.0091  0.9925
 4764.240  1.0061  0.9868
 4764.260  1.0069  0.9811
 4764.280  1.0097  0.9762
 4764.300  1.0107  0.9724
 4764.320  1.0065  0.9699
 4764.340  0.9958  0.9680
 4764.360  0.9815  0.9657
 4764.380  0.9686  0.9614
 4764.400  0.9620  0.9533
 4764.420  0.9640  0.9394
 4764.440  0.9731  0.9182
 4764.460  0.9856  0.8889
 4764.480  0.9977  0.8515
 4764.500  1.0077  0.8070
 4764.520  1.0154  0.7578
 4764.540  1.0202  0.7070
 4764.560 -1.0000  0.6587
 4764.580 -1.0000  0.6170
 4764.600 -1.0000  0.5861
 4764.620 -1.0000  0.5690
 4764.640 -1.0000  0.5676
 4764.660 -1.0000  0.5821
 4764.680 -1.0000  0.6111
 4764.700 -1.0000  0.6518
 4764.720  0.9854  0.7002
 4764.740  0.9828  0.7517
 4764.760  0.9803  0.8022
 4764.780  0.9777  0.8480
 4764.800  0.9751  0.8868
 4764.820  0.9737  0.9175
 4764.840  0.9750  0.9400
 4764.860  0.9795  0.9553
 4764.880  0.9871  0.9646
 4764.900  0.9973  0.9693
 4764.920  1.0102  0.9705
 4764.940  1.0254  0.9687
 4764.960  1.0411  0.9643
 4764.980  1.0535  0.9574
 4765.000  1.0578  0.9485
 4765.020  1.0510  0.9382
 4765.040  1.0347  0.9275
 4765.060  1.0143  0.9180
 4765.080  0.9965  0.9110
 4765.100  0.9859  0.9076
 4765.120  0.9828  0.9083
 4765.140  0.9850  0.9126
 4765.160  0.9906  0.9192
 4765.180  0.9982  0.9262
 4765.200  1.0064  0.9315
 4765.220  1.0131  0.9333
 4765.240  1.0162  0.9305
 4765.260  1.0151  0.9233
 4765.280  1.0118  0.9128
 4765.300  1.0090  0.9013
 4765.320  1.0090  0.8911
 4765.340  1.0116  0.8847
 4765.360  1.0155  0.8840
 4765.380  1.0191  0.8897
 4765.400  1.0220  0.9014
 4765.420  1.0239  0.9177
 4765.440  1.0243  0.9365
 4765.460  1.0230  0.9555
 4765.480  1.0200  0.9725
 4765.500  1.0161  0.9860
 4765.520  1.0124  0.9955
 4765.540  1.0093  1.0011
 4765.560  1.0068  1.0034
 4765.580  1.0051  1.0037
 4765.600  1.0045  1.0031
 4765.620  1.0053  1.0024
 4765.640  1.0077  1.0022
 4765.660  1.0109  1.0027
 4765.680  1.0142  1.0038
 4765.700  1.0168  1.0049
 4765.720  1.0181  1.0059
 4765.740  1.0176  1.0062
 4765.760  1.0142  1.0059
 4765.780  1.0074  1.0051
 4765.800  0.9983  1.0039
 4765.820  0.9892  1.0027
 4765.840  0.9828  1.0019
 4765.860  0.9813  1.0018
 4765.880  0.9853  1.0027
 4765.900  0.9943  1.0045
 4765.920  1.0076  1.0072
 4765.940  1.0239  1.0103
 4765.960  1.0408  1.0133
 4765.980  1.0550  1.0157
 4766.000  1.0636  1.0170
 4766.020  1.0647  1.0167
 4766.040  1.0588  1.0147
 4766.060  1.0471  1.0113
 4766.080  1.0307  1.0068
 4766.100  1.0117  1.0022
 4766.120  0.9935  0.9983
 4766.140  0.9803  0.9959
 4766.160  0.9755  0.9956
 4766.180  0.9792  0.9975
 4766.200  0.9887  1.0012
 4766.220  0.9999  1.0060
 4766.240  1.0095  1.0109
 4766.260  1.0156  1.0149
 4766.280  1.0166  1.0174
 4766.300  1.0108  1.0180
 4766.320  0.9979  1.0170
 4766.340  0.9810  1.0150
 4766.360  0.9660  1.0128
 4766.380  0.9593  1.0114
 4766.400  0.9639  1.0111
 4766.420  0.9765  1.0121
 4766.440  0.9901  1.0139
 4766.460  0.9987  1.0157
 4766.480  0.9994  1.0164
 4766.500  0.9931  1.0153
 4766.520  0.9825  1.0118
 4766.540  0.9697  1.0062
 4766.560  0.9571  0.9992
 4766.580  0.9480  0.9919
 4766.600  0.9460  0.9857
 4766.620  0.9535  0.9819
 4766.640  0.9693  0.9812
 4766.660  0.9889  0.9837
 4766.680  1.0070  0.9891
 4766.700  1.0198  0.9962
 4766.720  1.0258  1.0038
 4766.740  1.0253  1.0108
 4766.760  1.0185  1.0162
 4766.780  1.0064  1.0195
 4766.800  0.9912  1.0208
 4766.820  0.9765  1.0205
 4766.840  0.9654  1.0193
 4766.860  0.9597  1.0176
 4766.880  0.9591  1.0160
 4766.900  0.9621  1.0146
 4766.920  0.9674  1.0132
 4766.940  0.9738  1.0117
 4766.960  0.9792  1.0098
 4766.980  0.9814  1.0074
 4767.000  0.9784  1.0048
 4767.020  0.9711  1.0023
 4767.040  0.9634  1.0005
 4767.060  0.9604  1.0000
 4767.080  0.9655  1.0010
 4767.100  0.9772  1.0036
 4767.120  0.9904  1.0074
 4767.140  0.9989  1.0117
 4767.160  0.9995  1.0156
 4767.180  0.9931  1.0186
 4767.200  0.9841  1.0199
 4767.220  0.9765  1.0194
 4767.240  0.9732  1.0173
 4767.260  0.9747  1.0141
 4767.280  0.9808  1.0106
 4767.300  0.9910  1.0074
 4767.320  1.0039  1.0050
 4767.340  1.0164  1.0037
 4767.360  1.0247  1.0035
 4767.380  1.0261  1.0040
 4767.400  1.0206  1.0047
 4767.420  1.0111  1.0054
 4767.440  1.0023  1.0057
 4767.460  0.9973  1.0057
 4767.480  0.9960  1.0054
 4767.500  0.9954  1.0052
 4767.520  0.9912  1.0053
 4767.540  0.9811  1.0060
 4767.560  0.9667  1.0073
 4767.580  0.9520  1.0093
 4767.600  0.9419  1.0114
 4767.620  0.9394  1.0134
 4767.640  0.9441  1.0148
 4767.660  0.9537  1.0154
 4767.680  0.9655  1.0150
 4767.700  0.9773  1.0135
 4767.720  0.9866  1.0112
 4767.740  0.9910  1.0084
 4767.760  0.9885  1.0053
 4767.780  0.9794  1.0022
 4767.800  0.9673  0.9995
 4767.820  0.9572  0.9971
 4767.840  0.9533  0.9953
 4767.860  0.9568  0.9938
 4767.880  0.9659  0.9927
 4767.900  0.9778  0.9916
 4767.920  0.9900  0.9904
 4767.940  1.0008  0.9890
 4767.960  1.0088  0.9873
 4767.980  1.0129  0.9855
 4768.000  1.0126  0.9837
 4768.020  1.0093  0.9823
 4768.040  1.0058  0.9818
 4768.060  1.0052  0.9824
 4768.080  1.0091  0.9846
 4768.100  1.0160  0.9884
 4768.120  1.0231  0.9936
 4768.140  1.0282  0.9998
 4768.160  1.0303  1.0061
 4768.180  1.0296  1.0116
 4768.200  1.0273  1.0156
 4768.220  1.0241  1.0173
 4768.240  1.0203  1.0163
 4768.260  1.0157  1.0130
 4768.280  1.0096  1.0076
 4768.300  1.0015  1.0012
 4768.320  0.9916  0.9946
 4768.340  0.9810  0.9888
 4768.360  0.9711  0.9844
 4768.380  0.9631  0.9819
 4768.400  0.9579  0.9812
 4768.420  0.9556  0.9823
 4768.440  0.9565  0.9846
 4768.460  0.9603  0.9878
 4768.480  0.9659  0.9916
 4768.500  0.9714  0.9958
 4768.520  0.9747  1.0003
 4768.540  0.9752  1.0049
 4768.560  0.9749  1.0096
 4768.580  0.9771  1.0139
 4768.600  0.9843  1.0175
 4768.620  0.9962  1.0197
 4768.640  1.0077  1.0201
 4768.660  1.0118  1.0185
 4768.680  1.0034  1.0151
 4768.700  0.9837  1.0104
 4768.720  0.9603  1.0051
 4768.740  0.9433  1.0004
 4768.760  0.9396  0.9970
 4768.780  0.9494  0.9956
 4768.800  0.9676  0.9965
 4768.820  0.9877  0.9994
 4768.840  1.0049  1.0036
 4768.860  1.0167  1.0082
 4768.880  1.0214  1.0123
 4768.900  1.0177  1.0153
 4768.920  1.0059  1.0170
 4768.940  0.9908  1.0175
 4768.960  0.9798  1.0172
 4768.980  0.9791  1.0167
 4769.000  0.9898  1.0163
 4769.020  1.0054  1.0164
 4769.040  1.0156  1.0169
 4769.060  1.0127  1.0173
 4769.080  0.9958  1.0174
 4769.100  0.9719  1.0166
 4769.120  0.9507  1.0150
 4769.140  0.9390  1.0127
 4769.160  0.9377  1.0102
 4769.180  0.9419  1.0081
 4769.200  0.9453  1.0068
 4769.220  0.9437  1.0065
 4769.240  0.9371  1.0069
 4769.260  0.9282  1.0073
 4769.280  0.9206  1.0070
 4769.300  0.9168  1.0050
 4769.320  0.9181  1.0011
 4769.340  0.9249  0.9952
 4769.360  0.9370  0.9883
 4769.380  0.9531  0.9816
 4769.400  0.9703  0.9765
 4769.420  0.9850  0.9743
 4769.440  0.9945  0.9757
 4769.460  0.9980  0.9807
 4769.480  0.9981  0.9881
 4769.500  0.9985  0.9964
 4769.520  1.0024  1.0037
 4769.540  1.0098  1.0082
 4769.560  1.0169  1.0088
 4769.580  1.0180  1.0053
 4769.600  1.0094  0.9986
 4769.620  0.9931  0.9903
 4769.640  0.9763  0.9823
 4769.660  0.9677  0.9765
 4769.680  0.9725  0.9742
 4769.700  0.9884  0.9758
 4769.720  1.0090  0.9810
 4769.740  1.0276  0.9885
 4769.760  1.0405  0.9967
 4769.780  1.0467  1.0043
 4769.800  1.0464  1.0100
 4769.820  1.0397  1.0135
 4769.840  1.0278  1.0150
 4769.860  1.0138  1.0152
 4769.880  1.0024  1.0151
 4769.900  0.9971  1.0154
 4769.920  0.9988  1.0166
 4769.940  1.0047  1.0185
 4769.960  1.0111  1.0208
 4769.980  1.0152  1.0226
 4770.000  1.0165  1.0235
 4770.020  1.0160  1.0232
 4770.040  1.0150  1.0218
 4770.060  1.0140  1.0197
 4770.080  1.0125  1.0178
 4770.100  1.0093  1.0166
 4770.120  1.0038  1.0165
 4770.140  0.9958  1.0175
 4770.160  0.9863  1.0192
 4770.180  0.9763  1.0210
 4770.200  0.9670  1.0221
 4770.220  0.9598  1.0222
 4770.240  0.9560  1.0211
 4770.260  0.9569  1.0194
 4770.280  0.9631  1.0175
 4770.300  0.9733  1.0163
 4770.320  0.9840  1.0162
 4770.340  0.9910  1.0172
 4770.360  0.9915  1.0189
 4770.380  0.9859  1.0204
 4770.400  0.9778  1.0207
 4770.420  0.9711  1.0190
 4770.440  0.9689  1.0151
 4770.460  0.9718  1.0094
 4770.480  0.9788  1.0028
 4770.500  0.9885  0.9969
 4770.520  0.9987  0.9928
 4770.540  1.0055  0.9918
 4770.560  1.0043  0.9941
 4770.580  0.9916  0.9991
 4770.600  0.9680  1.0058
 4770.620  0.9411  1.0124
 4770.640  0.9218  1.0176
 4770.660  0.9190  1.0200
 4770.680  0.9353  1.0195
 4770.700  0.9652  1.0163
 4770.720  0.9993  1.0114
 4770.740  1.0288  1.0062
 4770.760  1.0486  1.0017
 4770.780  1.0580  0.9989
 4770.800  1.0579  0.9978
 4770.820  1.0501  0.9983
 4770.840  1.0377  0.9995
 4770.860  1.0247  1.0010
 4770.880  1.0156  1.0020
 4770.900  1.0127  1.0026
 4770.920  1.0151  1.0029
 4770.940  1.0187  1.0034
 4770.960  1.0193  1.0044
 4770.980  1.0146  1.0062
 4771.000  1.0059  1.0085
 4771.020  0.9968  1.0108
 4771.040  0.9906  1.0125
 4771.060  0.9888  1.0131
 4771.080  0.9898  1.0126
 4771.100  0.9905  1.0112
 4771.120  0.9881  1.0096
 4771.140  0.9823  1.0088
 4771.160  0.9762  1.0093
 4771.180  0.9747  1.0111
 4771.200  0.9815  1.0136
 4771.220  0.9956  1.0156
 4771.240  1.0116  1.0154
 4771.260  1.0223  1.0119
 4771.280  1.0228  1.0042
 4771.300  1.0135  0.9928
 4771.320  0.9985  0.9792
 4771.340  0.9824  0.9658
 4771.360  0.9685  0.9551
 4771.380  0.9591  0.9494
 4771.400  0.9559  0.9499
 4771.420  0.9615  0.9563
 4771.440  0.9761  0.9671
 4771.460  0.9946  0.9797
 4771.480  1.0093  0.9912
 4771.500  1.0136  0.9991
 4771.520  1.0058  1.0023
 4771.540  0.9906  1.0007
 4771.560  0.9747  0.9958
 4771.580  0.9635  0.9898
 4771.600  0.9581  0.9851
 4771.620  0.9569  0.9835
 4771.640  0.9575  0.9858
 4771.660  0.9587  0.9916
 4771.680  0.9606  0.9996
 4771.700  0.9633  1.0078
 4771.720  0.9670  1.0144
 4771.740  0.9717  1.0182
 4771.760  0.9774  1.0191
 4771.780  0.9841  1.0175
 4771.800  0.9914  1.0147
 4771.820  0.9984  1.0120
 4771.840  1.0046  1.0104
 4771.860  1.0094  1.0103
 4771.880  1.0132  1.0113
 4771.900  1.0159  1.0128
 4771.920  1.0172  1.0139
 4771.940  1.0162  1.0141
 4771.960  1.0117  1.0133
 4771.980  1.0041  1.0120
 4772.000  0.9952  1.0108
 4772.020  0.9875  1.0103
 4772.040  0.9833  1.0106
 4772.060  0.9832  1.0113
 4772.080  0.9859  1.0116
 4772.100  0.9898  1.0104
 4772.120  0.9938  1.0068
 4772.140  0.9972  1.0006
 4772.160  0.9994  0.9925
 4772.180  0.9991  0.9839
 4772.200  0.9955  0.9769
 4772.220  0.9891  0.9731
 4772.240  0.9818  0.9738
 4772.260  0.9763  0.9790
 4772.280  0.9747  0.9876
 4772.300  0.9771  0.9977
 4772.320  0.9825  1.0071
 4772.340  0.9897  1.0139
 4772.360  0.9979  1.0171
 4772.380  1.0064  1.0169
 4772.400  1.0142  1.0143
 4772.420  1.0199  1.0113
 4772.440  1.0216  1.0093
 4772.460  1.0177  1.0096
 4772.480  1.0071  1.0119
 4772.500  0.9907  1.0155
 4772.520  0.9716  1.0186
 4772.540  0.9545  1.0196
 4772.560  0.9440  1.0175
 4772.580  0.9424  1.0124
 4772.600  0.9480  1.0054
 4772.620  0.9564  0.9984
 4772.640  0.9627  0.9936
 4772.660  0.9637  0.9925
 4772.680  0.9605  0.9956
 4772.700  0.9566  1.0021
 4772.720  0.9559  1.0103
 4772.740  0.9610  1.0177
 4772.760  0.9717  1.0224
 4772.780  0.9862  1.0234
 4772.800  1.0018  1.0208
 4772.820  1.0157  1.0161
 4772.840  1.0252  1.0113
 4772.860  1.0277  1.0084
 4772.880  1.0219  1.0086
 4772.900  1.0087  1.0119
 4772.920  0.9911  1.0168
 4772.940  0.9733  1.0213
 4772.960  0.9589  1.0230
 4772.980  0.9503  1.0202
 4773.000  0.9480  1.0128
 4773.020  0.9512  1.0018
 4773.040  0.9582  0.9897
 4773.060  0.9670  0.9794
 4773.080  0.9756  0.9734
 4773.100  0.9828  0.9730
 4773.120  0.9878  0.9779
 4773.140  0.9895  0.9862
 4773.160  0.9867  0.9955
 4773.180  0.9791  1.0027
 4773.200  0.9683  1.0058
 4773.220  0.9582  1.0042
 4773.240  0.9529  0.9986
 4773.260  0.9547  0.9909
 4773.280  0.9626  0.9835
 4773.300  0.9724  0.9785
 4773.320  0.9797  0.9768
 4773.340  0.9820  0.9782
 4773.360  0.9797  0.9813
 4773.380  0.9755  0.9840
 4773.400  0.9722  0.9848
 4773.420  0.9715  0.9828
 4773.440  0.9738  0.9782
 4773.460  0.9782  0.9726
 4773.480  0.9833  0.9681
 4773.500  0.9875  0.9665
 4773.520  0.9884  0.9693
 4773.540  0.9845  0.9762
 4773.560  0.9755  0.9861
 4773.580  0.9632  0.9970
 4773.600  0.9511  1.0066
 4773.620  0.9431  1.0132
 4773.640  0.9417  1.0162
 4773.660  0.9478  1.0159
 4773.680  0.9609  1.0139
 4773.700  0.9801  1.0117
 4773.720  1.0038  1.0109
 4773.740  1.0276  1.0119
 4773.760  1.0453  1.0142
 4773.780  1.0503  1.0165
 4773.800  1.0400  1.0172
 4773.820  1.0184  1.0149
 4773.840  0.9942  1.0093
 4773.860  0.9763  1.0011
 4773.880  0.9696  0.9921
 4773.900  0.9723  0.9844
 4773.920  0.9793  0.9800
 4773.940  0.9860  0.9800
 4773.960  0.9892  0.9845
 4773.980  0.9879  0.9921
 4774.000  0.9818  1.0007
 4774.020  0.9712  1.0081
 4774.040  0.9587  1.0127
 4774.060  0.9498  1.0138
 4774.080  0.9509  1.0120
 4774.100  0.9657  1.0087
 4774.120  0.9906  1.0055
 4774.140  1.0158  1.0041
 4774.160  1.0289  1.0051
 4774.180  1.0230  1.0081
 4774.200  1.0013  1.0122
 4774.220  0.9754  1.0156
 4774.240  0.9585  1.0171
 4774.260  0.9581  1.0160
 4774.280  0.9713  1.0126
 4774.300  0.9875  1.0079
 4774.320  0.9956  1.0034
 4774.340  0.9897  1.0008
 4774.360  0.9727  1.0007
 4774.380  0.9531  1.0034
 4774.400  0.9393  1.0079
 4774.420  0.9359  1.0130
 4774.440  0.9427  1.0172
 4774.460  0.9573  1.0195
 4774.480  0.9766  1.0196
 4774.500  0.9973  1.0179
 4774.520  1.0153  1.0155
 4774.540  1.0258  1.0134
 4774.560  1.0263  1.0124
 4774.580  1.0181  1.0125
 4774.600  1.0077  1.0133
 4774.620  1.0028  1.0137
 4774.640  1.0084  1.0125
 4774.660  1.0222  1.0091
 4774.680  1.0359  1.0033
 4774.700  1.0397  0.9959
 4774.720  1.0286  0.9879
 4774.740  1.0076  0.9808
 4774.760  0.9882  0.9758
 4774.780  0.9820  0.9738
 4774.800  0.9933  0.9746
 4774.820  1.0160  0.9776
 4774.840  1.0385  0.9821
 4774.860  1.0512  0.9871
 4774.880  1.0507  0.9920
 4774.900  1.0407  0.9963
 4774.920  1.0276  1.0003
 4774.940  1.0167  1.0040
 4774.960  1.0097  1.0074
 4774.980  1.0059  1.0105
 4775.000  1.0039  1.0129
 4775.020  1.0026  1.0142
 4775.040  1.0010  1.0141
 4775.060  0.9980  1.0126
 4775.080  0.9919  1.0102
 4775.100  0.9821  1.0075
 4775.120  0.9700  1.0051
 4775.140  0.9592  1.0031
 4775.160  0.9534  1.0011
 4775.180  0.9551  0.9980
 4775.200  0.9634  0.9926
 4775.220  0.9757  0.9835
 4775.240  0.9888  0.9707
 4775.260  1.0001  0.9550
 4775.280  1.0082  0.9388
 4775.300  1.0118  0.9250
 4775.320  1.0097  0.9171
 4775.340  1.0011  0.9172
 4775.360  0.9868  0.9261
 4775.380  0.9696  0.9421
 4775.400  0.9535  0.9617
 4775.420  0.9430  0.9804
 4775.440  0.9419  0.9935
 4775.460  0.9527  0.9980
 4775.480  0.9752  0.9929
 4775.500  1.0055  0.9801
 4775.520  1.0364  0.9633
 4775.540  1.0588  0.9473
 4775.560  1.0665  0.9359
 4775.580  1.0605  0.9308
 4775.600  1.0481  0.9307
 4775.620  1.0394  0.9316
 4775.640  1.0403  0.9275
 4775.660  1.0484  0.9126
 4775.680  1.0545  0.8831
 4775.700  1.0480  0.8386
 4775.720  1.0247  0.7827
 4775.740  0.9907  0.7231
 4775.760  0.9589  0.6693
 4775.780  0.9407  0.6307
 4775.800  0.9402  0.6145
 4775.820  0.9536  0.6237
 4775.840  0.9770  0.6567
 4775.860  1.0075  0.7074
 4775.880  1.0400  0.7669
 4775.900  1.0669  0.8259
 4775.920  1.0805  0.8765
 4775.940  1.0775  0.9137
 4775.960  1.0634  0.9364
 4775.980  1.0477  0.9468
 4776.000  1.0375  0.9490
 4776.020  1.0351  0.9481
 4776.040  1.0363  0.9482
 4776.060  1.0350  0.9516
 4776.080  1.0277  0.9586
 4776.100  1.0154  0.9677
 4776.120  1.0027  0.9770
 4776.140  0.9952  0.9845
 4776.160  0.9966  0.9892
 4776.180  1.0063  0.9912
 4776.200  1.0195  0.9915
 4776.220  1.0298  0.9916
 4776.240  1.0325  0.9925
 4776.260  1.0273  0.9946
 4776.280  1.0174  0.9975
 4776.300  1.0076  1.0000
 4776.320  1.0017  1.0008
 4776.340  1.0006  0.9991
 4776.360  1.0035  0.9947
 4776.380  1.0083  0.9885
 4776.400  1.0131  0.9818
 4776.420  1.0162  0.9763
 4776.440  1.0167  0.9731
 4776.460  1.0141  0.9727
 4776.480  1.0093  0.9747
 4776.500  1.0046  0.9778
 4776.520  1.0027  0.9808
 4776.540  1.0059  0.9826
 4776.560  1.0138  0.9829
 4776.580  1.0232  0.9822
 4776.600  1.0294  0.9813
 4776.620  1.0287  0.9816
 4776.640  1.0199  0.9841
 4776.660  1.0048  0.9891
 4776.680  0.9867  0.9960
 4776.700  0.9689  1.0038
 4776.720  0.9538  1.0110
 4776.740  0.9425  1.0161
 4776.760  0.9356  1.0183
 4776.780  0.9331  1.0177
 4776.800  0.9356  1.0147
 4776.820  0.9435  1.0105
 4776.840  0.9573  1.0063
 4776.860  0.9753  1.0031
 4776.880  0.9928  1.0015
 4776.900  1.0039  1.0016
 4776.920  1.0037  1.0031
 4776.940  0.9921  1.0056
 4776.960  0.9749  1.0086
 4776.980  0.9605  1.0115
 4777.000  0.9557  1.0136
 4777.020  0.9618  1.0141
 4777.040  0.9742  1.0119
 4777.060  0.9870  1.0056
 4777.080  0.9954  0.9943
 4777.100  0.9977  0.9774
 4777.120  0.9938  0.9556
 4777.140  0.9828  0.9308
 4777.160  0.9650  0.9060
 4777.180  0.9454  0.8853
 4777.200  0.9337  0.8723
 4777.220  0.9411  0.8700
 4777.240  0.9710  0.8795
 4777.260  1.0130  0.8995
 4777.280  1.0502  0.9268
 4777.300  1.0697  0.9567
 4777.320  1.0687  0.9841
 4777.340  1.0541  1.0050
 4777.360  1.0360  1.0169
 4777.380  1.0211  1.0197
 4777.400  1.0110  1.0154
 4777.420  1.0035  1.0076
 4777.440  0.9951  1.0000
 4777.460  0.9838  0.9954
 4777.480  0.9689  0.9954
 4777.500  0.9515  0.9993
 4777.520  0.9335  1.0054
 4777.540  0.9177  1.0111
 4777.560  0.9070  1.0140
 4777.580  0.9045  1.0129
 4777.600  0.9124  1.0081
 4777.620  0.9298  1.0013
 4777.640  0.9519  0.9947
 4777.660  0.9716  0.9906
 4777.680  0.9823  0.9905
 4777.700  0.9818  0.9944
 4777.720  0.9739  1.0011
 4777.740  0.9662  1.0087
 4777.760  0.9652  1.0151
 4777.780  0.9732  1.0186
 4777.800  0.9869  1.0191
 4777.820  0.9998  1.0171
 4777.840  1.0066  1.0144
 4777.860  1.0060  1.0125
 4777.880  1.0023  1.0126
 4777.900  1.0021  1.0147
 4777.920  1.0103  1.0178
 4777.940  1.0268  1.0202
 4777.960  1.0462  1.0199
 4777.980 -1.0000  1.0158
 4778.000 -1.0000  1.0078
 4747.000  0.0000        
 4747.020  0.0000        
 4747.040 -0.0527        
 4747.060 -0.0380        
 4747.080 -0.0229        
 4747.100 -0.0102        
 4747.120 -0.0017        
 4747.140  0.0011        
 4747.160 -0.0021        
 4747.180 -0.0104        
 4747.200 -0.0216        
 4747.220 -0.0333        
 4747.240 -0.0434        
 4747.260 -0.0508        
 4747.280 -0.0548        
 4747.300 -0.0548        
 4747.320 -0.0506        
 4747.340 -0.0425        
 4747.360 -0.0307        
 4747.380 -0.0160        
 4747.400  0.0000        
 4747.420  0.0140        
 4747.440  0.0222        
 4747.460  0.0221        
 4747.480  0.0139        
 4747.500  0.0004        
 4747.520 -0.0144        
 4747.540 -0.0274        
 4747.560 -0.0367        
 4747.580 -0.0413        
 4747.600 -0.0406        
 4747.620 -0.0347        
 4747.640 -0.0254        
 4747.660 -0.0159        
 4747.680 -0.0093        
 4747.700 -0.0068        
 4747.720 -0.0074        
 4747.740 -0.0079        
 4747.760 -0.0060        
 4747.780 -0.0012        
 4747.800  0.0041        
 4747.820  0.0065        
 4747.840  0.0033        
 4747.860 -0.0046        
 4747.880 -0.0132        
 4747.900 -0.0172        
 4747.920 -0.0133        
 4747.940 -0.0020        
 4747.960  0.0125        
 4747.980  0.0252        
 4748.000  0.0326        
 4748.020  0.0341        
 4748.040  0.0308        
 4748.060  0.0242        
 4748.080  0.0158        
 4748.100  0.0073        
 4748.120  0.0007        
 4748.140 -0.0024        
 4748.160 -0.0012        
 4748.180  0.0039        
 4748.200  0.0116        
 4748.220  0.0206        
 4748.240  0.0295        
 4748.260  0.0371        
 4748.280  0.0423        
 4748.300  0.0441        
 4748.320  0.0416        
 4748.340  0.0338        
 4748.360  0.0198        
 4748.380 -0.0001        
 4748.400 -0.0230        
 4748.420 -0.0436        
 4748.440 -0.0564        
 4748.460 -0.0582        
 4748.480 -0.0509        
 4748.500 -0.0391        
 4748.520 -0.0279        
 4748.540 -0.0201        
 4748.560 -0.0157        
 4748.580 -0.0129        
 4748.600 -0.0101        
 4748.620 -0.0064        
 4748.640 -0.0014        
 4748.660  0.0050        
 4748.680  0.0127        
 4748.700  0.0217        
 4748.720  0.0314        
 4748.740  0.0416        
 4748.760  0.0515        
 4748.780  0.0594        
 4748.800  0.0626        
 4748.820  0.0583        
 4748.840  0.0456        
 4748.860  0.0272        
 4748.880  0.0084        
 4748.900 -0.0051        
 4748.920 -0.0102        
 4748.940 -0.0081        
 4748.960 -0.0024        
 4748.980  0.0034        
 4749.000  0.0070        
 4749.020  0.0075        
 4749.040  0.0042        
 4749.060 -0.0031        
 4749.080 -0.0134        
 4749.100 -0.0242        
 4749.120 -0.0321        
 4749.140 -0.0349        
 4749.160 -0.0322        
 4749.180 -0.0264        
 4749.200 -0.0202        
 4749.220 -0.0155        
 4749.240 -0.0119        
 4749.260 -0.0071        
 4749.280  0.0013        
 4749.300  0.0140        
 4749.320  0.0281        
 4749.340  0.0388        
 4749.360  0.0415        
 4749.380  0.0344        
 4749.400  0.0203        
 4749.420  0.0042        
 4749.440 -0.0094        
 4749.460 -0.0179        
 4749.480 -0.0210        
 4749.500 -0.0193        
 4749.520 -0.0136        
 4749.540 -0.0051        
 4749.560  0.0048        
 4749.580  0.0147        
 4749.600  0.0229        
 4749.620  0.0281        
 4749.640  0.0290        
 4749.660  0.0246        
 4749.680  0.0146        
 4749.700  0.0010        
 4749.720 -0.0130        
 4749.740 -0.0241        
 4749.760 -0.0303        
 4749.780 -0.0311        
 4749.800 -0.0272        
 4749.820 -0.0191        
 4749.840 -0.0082        
 4749.860  0.0033        
 4749.880  0.0128        
 4749.900  0.0182        
 4749.920  0.0188        
 4749.940  0.0158        
 4749.960  0.0110        
 4749.980  0.0060        
 4750.000  0.0014        
 4750.020 -0.0033        
 4750.040 -0.0089        
 4750.060 -0.0155        
 4750.080 -0.0221        
 4750.100 -0.0267        
 4750.120 -0.0274        
 4750.140 -0.0232        
 4750.160 -0.0153        
 4750.180 -0.0061        
 4750.200  0.0019        
 4750.220  0.0075        
 4750.240  0.0117        
 4750.260  0.0161        
 4750.280  0.0223        
 4750.300  0.0298        
 4750.320  0.0358        
 4750.340  0.0367        
 4750.360  0.0298        
 4750.380  0.0152        
 4750.400 -0.0048        
 4750.420 -0.0269        
 4750.440 -0.0478        
 4750.460 -0.0634        
 4750.480 -0.0686        
 4750.500 -0.0585        
 4750.520 -0.0317        
 4750.540  0.0059        
 4750.560  0.0439        
 4750.580  0.0711        
 4750.600  0.0808        
 4750.620  0.0735        
 4750.640  0.0539        
 4750.660  0.0273        
 4750.680 -0.0009        
 4750.700 -0.0251        
 4750.720 -0.0393        
 4750.740 -0.0397        
 4750.760 -0.0271        
 4750.780 -0.0078        
 4750.800  0.0101        
 4750.820  0.0208        
 4750.840  0.0236        
 4750.860  0.0219        
 4750.880  0.0207        
 4750.900  0.0230        
 4750.920  0.0284        
 4750.940  0.0343        
 4750.960  0.0380        
 4750.980  0.0375        
 4751.000  0.0327        
 4751.020  0.0238        
 4751.040  0.0113        
 4751.060 -0.0034        
 4751.080 -0.0169        
 4751.100 -0.0250        
 4751.120 -0.0243        
 4751.140 -0.0149        
 4751.160 -0.0010        
 4751.180  0.0117        
 4751.200  0.0183        
 4751.220  0.0179        
 4751.240  0.0130        
 4751.260  0.0071        
 4751.280  0.0029        
 4751.300  0.0014        
 4751.320  0.0025        
 4751.340  0.0061        
 4751.360  0.0113        
 4751.380  0.0161        
 4751.400  0.0175        
 4751.420  0.0128        
 4751.440  0.0011        
 4751.460 -0.0148        
 4751.480 -0.0302        
 4751.500 -0.0407        
 4751.520 -0.0446        
 4751.540 -0.0431        
 4751.560 -0.0389        
 4751.580 -0.0343        
 4751.600 -0.0300        
 4751.620 -0.0252        
 4751.640 -0.0188        
 4751.660 -0.0099        
 4751.680  0.0009        
 4751.700  0.0126        
 4751.720  0.0239        
 4751.740  0.0333        
 4751.760  0.0398        
 4751.780  0.0421        
 4751.800  0.0389        
 4751.820  0.0301        
 4751.840  0.0169        
 4751.860  0.0014        
 4751.880 -0.0140        
 4751.900 -0.0276        
 4751.920 -0.0382        
 4751.940 -0.0448        
 4751.960 -0.0470        
 4751.980 -0.0447        
 4752.000 -0.0385        
 4752.020 -0.0289        
 4752.040 -0.0171        
 4752.060 -0.0051        
 4752.080  0.0040        
 4752.100  0.0069        
 4752.120  0.0019        
 4752.140 -0.0086        
 4752.160 -0.0188        
 4752.180 -0.0222        
 4752.200 -0.0155        
 4752.220 -0.0015        
 4752.240  0.0129        
 4752.260  0.0213        
 4752.280  0.0203        
 4752.300  0.0117        
 4752.320 -0.0002        
 4752.340 -0.0113        
 4752.360 -0.0190        
 4752.380 -0.0222        
 4752.400 -0.0202        
 4752.420 -0.0129        
 4752.440 -0.0022        
 4752.460  0.0081        
 4752.480  0.0131        
 4752.500  0.0097        
 4752.520 -0.0015        
 4752.540 -0.0166        
 4752.560 -0.0308        
 4752.580 -0.0407        
 4752.600 -0.0454        
 4752.620 -0.0462        
 4752.640 -0.0445        
 4752.660 -0.0412        
 4752.680 -0.0363        
 4752.700 -0.0292        
 4752.720 -0.0197        
 4752.740 -0.0082        
 4752.760  0.0040        
 4752.780  0.0152        
 4752.800  0.0238        
 4752.820  0.0291        
 4752.840  0.0307        
 4752.860  0.0289        
 4752.880  0.0241        
 4752.900  0.0164        
 4752.920  0.0060        
 4752.940 -0.0071        
 4752.960 -0.0218        
 4752.980 -0.0353        
 4753.000 -0.0426        
 4753.020 -0.0386        
 4753.040 -0.0221        
 4753.060  0.0019        
 4753.080  0.0241        
 4753.100  0.0357        
 4753.120  0.0320        
 4753.140  0.0149        
 4753.160 -0.0107        
 4753.180 -0.0396        
 4753.200 -0.0667        
 4753.220 -0.0862        
 4753.240 -0.0925        
 4753.260 -0.0816        
 4753.280 -0.0554        
 4753.300 -0.0210        
 4753.320  0.0126        
 4753.340  0.0376        
 4753.360  0.0501        
 4753.380  0.0487        
 4753.400  0.0328        
 4753.420  0.0041        
 4753.440 -0.0317        
 4753.460 -0.0655        
 4753.480 -0.0883        
 4753.500 -0.0948        
 4753.520 -0.0864        
 4753.540 -0.0681        
 4753.560 -0.0450        
 4753.580 -0.0214        
 4753.600 -0.0017        
 4753.620  0.0097        
 4753.640  0.0095        
 4753.660 -0.0013        
 4753.680 -0.0165        
 4753.700 -0.0274        
 4753.720 -0.0279        
 4753.740 -0.0178        
 4753.760 -0.0026        
 4753.780  0.0104        
 4753.800  0.0163        
 4753.820  0.0150        
 4753.840  0.0102        
 4753.860  0.0061        
 4753.880  0.0054        
 4753.900  0.0069        
 4753.920  0.0079        
 4753.940  0.0055        
 4753.960 -0.0009        
 4753.980 -0.0092        
 4754.000 -0.0158        
 4754.020 -0.0178        
 4754.040 -0.0140        
 4754.060 -0.0056        
 4754.080  0.0055        
 4754.100  0.0171        
 4754.120  0.0273        
 4754.140  0.0338        
 4754.160  0.0342        
 4754.180  0.0275        
 4754.200  0.0152        
 4754.220  0.0012        
 4754.240 -0.0102        
 4754.260 -0.0159        
 4754.280 -0.0158        
 4754.300 -0.0117        
 4754.320 -0.0057        
 4754.340  0.0005        
 4754.360  0.0055        
 4754.380  0.0083        
 4754.400  0.0078        
 4754.420  0.0040        
 4754.440 -0.0025        
 4754.460 -0.0105        
 4754.480 -0.0187        
 4754.500 -0.0254        
 4754.520 -0.0284        
 4754.540 -0.0250        
 4754.560 -0.0141        
 4754.580  0.0016        
 4754.600  0.0159        
 4754.620  0.0212        
 4754.640  0.0136        
 4754.660 -0.0038        
 4754.680 -0.0225        
 4754.700 -0.0330        
 4754.720 -0.0298        
 4754.740 -0.0151        
 4754.760  0.0051        
 4754.780  0.0244        
 4754.800  0.0387        
 4754.820  0.0458        
 4754.840  0.0444        
 4754.860  0.0340        
 4754.880  0.0165        
 4754.900 -0.0024        
 4754.920 -0.0149        
 4754.940 -0.0153        
 4754.960 -0.0035        
 4754.980  0.0142        
 4755.000  0.0296        
 4755.020  0.0368        
 4755.040  0.0349        
 4755.060  0.0268        
 4755.080  0.0163        
 4755.100  0.0063        
 4755.120 -0.0012        
 4755.140 -0.0049        
 4755.160 -0.0036        
 4755.180  0.0029        
 4755.200  0.0125        
 4755.220  0.0217        
 4755.240  0.0273        
 4755.260  0.0282        
 4755.280  0.0256        
 4755.300  0.0223        
 4755.320  0.0203        
 4755.340  0.0196        
 4755.360  0.0175        
 4755.380  0.0102        
 4755.400 -0.0041        
 4755.420 -0.0240        
 4755.440 -0.0445        
 4755.460 -0.0603        
 4755.480 -0.0676        
 4755.500 -0.0660        
 4755.520 -0.0572        
 4755.540 -0.0431        
 4755.560 -0.0263        
 4755.580 -0.0102        
 4755.600  0.0010        
 4755.620  0.0033        
 4755.640 -0.0039        
 4755.660 -0.0162        
 4755.680 -0.0268        
 4755.700 -0.0297        
 4755.720 -0.0235        
 4755.740 -0.0115        
 4755.760  0.0005        
 4755.780  0.0080        
 4755.800  0.0096        
 4755.820  0.0070        
 4755.840  0.0028        
 4755.860 -0.0010        
 4755.880 -0.0044        
 4755.900 -0.0092        
 4755.920 -0.0174        
 4755.940 -0.0292        
 4755.960 -0.0415        
 4755.980 -0.0490        
 4756.000 -0.0466        
 4756.020 -0.0322        
 4756.040 -0.0096        
 4756.060  0.0150        
 4756.080  0.0355        
 4756.100  0.0481        
 4756.120  0.0514        
 4756.140  0.0452        
 4756.160  0.0299        
 4756.180  0.0076        
 4756.200 -0.0171        
 4756.220 -0.0389        
 4756.240 -0.0535        
 4756.260 -0.0599        
 4756.280 -0.0603        
 4756.300 -0.0579        
 4756.320 -0.0550        
 4756.340 -0.0517        
 4756.360 -0.0465        
 4756.380 -0.0378        
 4756.400 -0.0253        
 4756.420 -0.0116        
 4756.440 -0.0011        
 4756.460  0.0026        
 4756.480 -0.0018        
 4756.500 -0.0113        
 4756.520 -0.0212        
 4756.540 -0.0273        
 4756.560 -0.0283        
 4756.580 -0.0254        
 4756.600 -0.0213        
 4756.620 -0.0179        
 4756.640 -0.0158        
 4756.660 -0.0142        
 4756.680 -0.0121        
 4756.700 -0.0089        
 4756.720 -0.0055        
 4756.740 -0.0039        
 4756.760 -0.0061        
 4756.780 -0.0129        
 4756.800 -0.0216        
 4756.820 -0.0280        
 4756.840 -0.0277        
 4756.860 -0.0189        
 4756.880 -0.0033        
 4756.900  0.0153        
 4756.920  0.0335        
 4756.940  0.0484        
 4756.960  0.0582        
 4756.980  0.0616        
 4757.000  0.0576        
 4757.020  0.0468        
 4757.040  0.0309        
 4757.060  0.0124        
 4757.080 -0.0062        
 4757.100 -0.0224        
 4757.120 -0.0339        
 4757.140 -0.0386        
 4757.160 -0.0356        
 4757.180 -0.0261        
 4757.200 -0.0128        
 4757.220  0.0015        
 4757.240  0.0140        
 4757.260  0.0213        
 4757.280  0.0200        
 4757.300  0.0072        
 4757.320 -0.0158        
 4757.340 -0.0417        
 4757.360 -0.0600        
 4757.380 -0.0623        
 4757.400 -0.0476        
 4757.420 -0.0234        
 4757.440 -0.0012        
 4757.460  0.0101        
 4757.480  0.0086        
 4757.500 -0.0015        
 4757.520 -0.0139        
 4757.540 -0.0237        
 4757.560 -0.0291        
 4757.580 -0.0300        
 4757.600 -0.0267        
 4757.620 -0.0198        
 4757.640 -0.0113        
 4757.660 -0.0039        
 4757.680 -0.0008        
 4757.700 -0.0028        
 4757.720 -0.0078        
 4757.740 -0.0117        
 4757.760 -0.0106        
 4757.780 -0.0030        
 4757.800  0.0101        
 4757.820  0.0260        
 4757.840  0.0421        
 4757.860  0.0561        
 4757.880  0.0669        
 4757.900  0.0738        
 4757.920  0.0758        
 4757.940  0.0726        
 4757.960  0.0647        
 4757.980  0.0536        
 4758.000  0.0413        
 4758.020  0.0307        
 4758.040  0.0243        
 4758.060  0.0242        
 4758.080  0.0301        
 4758.100  0.0386        
 4758.120  0.0440        
 4758.140  0.0406        
 4758.160  0.0260        
 4758.180  0.0036        
 4758.200 -0.0201        
 4758.220 -0.0386        
 4758.240 -0.0485        
 4758.260 -0.0498        
 4758.280 -0.0438        
 4758.300 -0.0322        
 4758.320 -0.0177        
 4758.340 -0.0034        
 4758.360  0.0070        
 4758.380  0.0114        
 4758.400  0.0105        
 4758.420  0.0067        
 4758.440  0.0031        
 4758.460  0.0017        
 4758.480  0.0030        
 4758.500  0.0067        
 4758.520  0.0124        
 4758.540  0.0193        
 4758.560  0.0261        
 4758.580  0.0315        
 4758.600  0.0341        
 4758.620  0.0331        
 4758.640  0.0283        
 4758.660  0.0197        
 4758.680  0.0077        
 4758.700 -0.0059        
 4758.720 -0.0177        
 4758.740 -0.0239        
 4758.760 -0.0221        
 4758.780 -0.0131        
 4758.800 -0.0005        
 4758.820  0.0108        
 4758.840  0.0181        
 4758.860  0.0209        
 4758.880  0.0212        
 4758.900  0.0211        
 4758.920  0.0217        
 4758.940  0.0234        
 4758.960  0.0259        
 4758.980  0.0290        
 4759.000  0.0325        
 4759.020  0.0361        
 4759.040  0.0398        
 4759.060  0.0432        
 4759.080  0.0459        
 4759.100  0.0474        
 4759.120  0.0469        
 4759.140  0.0441        
 4759.160  0.0385        
 4759.180  0.0298        
 4759.200  0.0174        
 4759.220  0.0022        
 4759.240 -0.0131        
 4759.260 -0.0238        
 4759.280 -0.0250        
 4759.300 -0.0148        
 4759.320  0.0032        
 4759.340  0.0220        
 4759.360  0.0345        
 4759.380  0.0370        
 4759.400  0.0318        
 4759.420  0.0238        
 4759.440  0.0180        
 4759.460  0.0159        
 4759.480  0.0161        
 4759.500  0.0153        
 4759.520  0.0115        
 4759.540  0.0044        
 4759.560 -0.0040        
 4759.580 -0.0114        
 4759.600 -0.0160        
 4759.620 -0.0174        
 4759.640 -0.0158        
 4759.660 -0.0114        
 4759.680 -0.0053        
 4759.700  0.0000        
 4759.720  0.0010        
 4759.740 -0.0063        
 4759.760 -0.0220        
 4759.780 -0.0406        
 4759.800 -0.0532        
 4759.820 -0.0520        
 4759.840 -0.0349        
 4759.860 -0.0072        
 4759.880  0.0220        
 4759.900  0.0451        
 4759.920  0.0586        
 4759.940  0.0630        
 4759.960  0.0607        
 4759.980  0.0537        
 4760.000  0.0439        
 4760.020  0.0334        
 4760.040  0.0241        
 4760.060  0.0175        
 4760.080  0.0138        
 4760.100  0.0119        
 4760.120  0.0108        
 4760.140  0.0092        
 4760.160  0.0063        
 4760.180  0.0010        
 4760.200 -0.0074        
 4760.220 -0.0186        
 4760.240 -0.0307        
 4760.260 -0.0408        
 4760.280 -0.0464        
 4760.300 -0.0465        
 4760.320 -0.0414        
 4760.340 -0.0321        
 4760.360 -0.0199        
 4760.380 -0.0061        
 4760.400  0.0075        
 4760.420  0.0190        
 4760.440  0.0271        
 4760.460  0.0314        
 4760.480  0.0324        
 4760.500  0.0309        
 4760.520  0.0277        
 4760.540  0.0239        
 4760.560  0.0205        
 4760.580  0.0188        
 4760.600  0.0190        
 4760.620  0.0204        
 4760.640  0.0214        
 4760.660  0.0205        
 4760.680  0.0170        
 4760.700  0.0111        
 4760.720  0.0031        
 4760.740 -0.0065        
 4760.760 -0.0159        
 4760.780 -0.0225        
 4760.800 -0.0227        
 4760.820 -0.0145        
 4760.840  0.0007        
 4760.860  0.0186        
 4760.880  0.0334        
 4760.900  0.0416        
 4760.920  0.0434        
 4760.940  0.0421        
 4760.960  0.0417        
 4760.980  0.0443        
 4761.000  0.0485        
 4761.020  0.0506        
 4761.040  0.0473        
 4761.060  0.0373        
 4761.080  0.0224        
 4761.100  0.0058        
 4761.120 -0.0096        
 4761.140 -0.0229        
 4761.160 -0.0346        
 4761.180 -0.0463        
 4761.200 -0.0587        
 4761.220 -0.0701        
 4761.240 -0.0762        
 4761.260 -0.0721        
 4761.280 -0.0550        
 4761.300 -0.0279        
 4761.320  0.0017        
 4761.340  0.0254        
 4761.360  0.0378        
 4761.380  0.0389        
 4761.400  0.0323        
 4761.420  0.0215        
 4761.440  0.0100        
 4761.460  0.0007        
 4761.480 -0.0033        
 4761.500  0.0008        
 4761.520  0.0124        
 4761.540  0.0267        
 4761.560  0.0365        
 4761.580  0.0362        
 4761.600  0.0255        
 4761.620  0.0101        
 4761.640 -0.0016        
 4761.660 -0.0044        
 4761.680  0.0013        
 4761.700  0.0091        
 4761.720  0.0116        
 4761.740  0.0047        
 4761.760 -0.0086        
 4761.780 -0.0205        
 4761.800 -0.0226        
 4761.820 -0.0112        
 4761.840  0.0093        
 4761.860  0.0298        
 4761.880  0.0419        
 4761.900  0.0417        
 4761.920  0.0320        
 4761.940  0.0183        
 4761.960  0.0058        
 4761.980 -0.0025        
 4762.000 -0.0063        
 4762.020 -0.0059        
 4762.040 -0.0019        
 4762.060  0.0046        
 4762.080  0.0114        
 4762.100  0.0162        
 4762.120  0.0172        
 4762.140  0.0152        
 4762.160  0.0126        
 4762.180  0.0123        
 4762.200  0.0157        
 4762.220  0.0212        
 4762.240  0.0250        
 4762.260  0.0237        
 4762.280  0.0160        
 4762.300  0.0050        
 4762.320 -0.0041        
 4762.340 -0.0067        
 4762.360 -0.0017        
 4762.380  0.0071        
 4762.400  0.0139        
 4762.420  0.0143        
 4762.440  0.0079        
 4762.460 -0.0020        
 4762.480 -0.0104        
 4762.500 -0.0141        
 4762.520 -0.0126        
 4762.540 -0.0085        
 4762.560 -0.0050        
 4762.580 -0.0037        
 4762.600 -0.0037        
 4762.620 -0.0022        
 4762.640  0.0042        
 4762.660  0.0160        
 4762.680  0.0296        
 4762.700  0.0391        
 4762.720  0.0391        
 4762.740  0.0281        
 4762.760  0.0097        
 4762.780 -0.0104        
 4762.800 -0.0267        
 4762.820 -0.0361        
 4762.840 -0.0378        
 4762.860 -0.0316        
 4762.880 -0.0183        
 4762.900 -0.0008        
 4762.920  0.0156        
 4762.940  0.0251        
 4762.960  0.0240        
 4762.980  0.0132        
 4763.000 -0.0022        
 4763.020 -0.0164        
 4763.040 -0.0254        
 4763.060 -0.0285        
 4763.080 -0.0274        
 4763.100 -0.0237        
 4763.120 -0.0183        
 4763.140 -0.0112        
 4763.160 -0.0017        
 4763.180  0.0103        
 4763.200  0.0243        
 4763.220  0.0385        
 4763.240  0.0505        
 4763.260  0.0586        
 4763.280  0.0622        
 4763.300  0.0618        
 4763.320  0.0588        
 4763.340  0.0541        
 4763.360  0.0482        
 4763.380  0.0408        
 4763.400  0.0316        
 4763.420  0.0210        
 4763.440  0.0107        
 4763.460  0.0035        
 4763.480  0.0021        
 4763.500  0.0076        
 4763.520  0.0173        
 4763.540  0.0272        
 4763.560  0.0333        
 4763.580  0.0337        
 4763.600  0.0291        
 4763.620  0.0212        
 4763.640  0.0118        
 4763.660  0.0025        
 4763.680 -0.0053        
 4763.700 -0.0102        
 4763.720 -0.0109        
 4763.740 -0.0071        
 4763.760  0.0008        
 4763.780  0.0121        
 4763.800  0.0255        
 4763.820  0.0385        
 4763.840  0.0480        
 4763.860  0.0509        
 4763.880  0.0457        
 4763.900  0.0334        
 4763.920  0.0164        
 4763.940 -0.0026        
 4763.960 -0.0209        
 4763.980 -0.0353        
 4764.000 -0.0420        
 4764.020 -0.0383        
 4764.040 -0.0246        
 4764.060 -0.0056        
 4764.080  0.0116        
 4764.100  0.0218        
 4764.120  0.0231        
 4764.140  0.0178        
 4764.160  0.0094        
 4764.180  0.0007        
 4764.200 -0.0060        
 4764.220 -0.0089        
 4764.240 -0.0065        
 4764.260  0.0017        
 4764.280  0.0138        
 4764.300  0.0256        
 4764.320  0.0331        
 4764.340  0.0338        
 4764.360  0.0289        
 4764.380  0.0211        
 4764.400  0.0130        
 4764.420  0.0064        
 4764.440  0.0014        
 4764.460 -0.0022        
 4764.480 -0.0045        
 4764.500 -0.0057        
 4764.520 -0.0060        
 4764.540 -0.0057        
 4764.560 -0.0052        
 4764.580 -0.0040        
 4764.600 -0.0006        
 4764.620  0.0068        
 4764.640  0.0182        
 4764.660  0.0297        
 4764.680  0.0352        
 4764.700  0.0293        
 4764.720  0.0121        
 4764.740 -0.0098        
 4764.760 -0.0272        
 4764.780 -0.0335        
 4764.800 -0.0273        
 4764.820 -0.0133        
 4764.840  0.0016        
 4764.860  0.0120        
 4764.880  0.0157        
 4764.900  0.0133        
 4764.920  0.0067        
 4764.940 -0.0024        
 4764.960 -0.0120        
 4764.980 -0.0196        
 4765.000 -0.0225        
 4765.020 -0.0189        
 4765.040 -0.0090        
 4765.060  0.0049        
 4765.080  0.0197        
 4765.100  0.0328        
 4765.120  0.0418        
 4765.140  0.0446        
 4765.160  0.0396        
 4765.180  0.0269        
 4765.200  0.0100        
 4765.220 -0.0065        
 4765.240 -0.0183        
 4765.260 -0.0227        
 4765.280 -0.0189        
 4765.300 -0.0066        
 4765.320  0.0135        
 4765.340  0.0375        
 4765.360  0.0576        
 4765.380  0.0646        
 4765.400  0.0530        
 4765.420  0.0266        
 4765.440 -0.0032        
 4765.460 -0.0236        
 4765.480 -0.0270        
 4765.500 -0.0154        
 4765.520  0.0032        
 4765.540  0.0200        
 4765.560  0.0294        
 4765.580  0.0302        
 4765.600  0.0236        
 4765.620  0.0109        
 4765.640 -0.0056        
 4765.660 -0.0222        
 4765.680 -0.0345        
 4765.700 -0.0386        
 4765.720 -0.0335        
 4765.740 -0.0213        
 4765.760 -0.0055        
 4765.780  0.0105        
 4765.800  0.0232        
 4765.820  0.0295        
 4765.840  0.0260        
 4765.860  0.0112        
 4765.880 -0.0123        
 4765.900 -0.0386        
 4765.920 -0.0613        
 4765.940 -0.0756        
 4765.960 -0.0802        
 4765.980 -0.0758        
 4766.000 -0.0638        
 4766.020 -0.0460        
 4766.040 -0.0267        
 4766.060 -0.0109        
 4766.080 -0.0034        
 4766.100 -0.0053        
 4766.120 -0.0124        
 4766.140 -0.0180        
 4766.160 -0.0167        
 4766.180 -0.0085        
 4766.200  0.0009        
 4766.220  0.0039        
 4766.240 -0.0045        
 4766.260 -0.0223        
 4766.280 -0.0421        
 4766.300 -0.0549        
 4766.320 -0.0551        
 4766.340 -0.0439        
 4766.360 -0.0269        
 4766.380 -0.0109        
 4766.400  0.0000        
 4766.420  0.0052        
 4766.440  0.0066        
 4766.460  0.0058        
 4766.480  0.0045        
 4766.500  0.0042        
 4766.520  0.0069        
 4766.540  0.0142        
 4766.560  0.0252        
 4766.580  0.0364        
 4766.600  0.0429        
 4766.620  0.0411        
 4766.640  0.0319        
 4766.660  0.0205        
 4766.680  0.0136        
 4766.700  0.0151        
 4766.720  0.0234        
 4766.740  0.0322        
 4766.760  0.0345        
 4766.780  0.0265        
 4766.800  0.0100        
 4766.820 -0.0100        
 4766.840 -0.0281        
 4766.860 -0.0411        
 4766.880 -0.0484        
 4766.900 -0.0510        
 4766.920 -0.0498        
 4766.940 -0.0461        
 4766.960 -0.0413        
 4766.980 -0.0376        
 4767.000 -0.0363        
 4767.020 -0.0373        
 4767.040 -0.0383        
 4767.060 -0.0364        
 4767.080 -0.0297        
 4767.100 -0.0183        
 4767.120 -0.0045        
 4767.140  0.0093        
 4767.160  0.0210        
 4767.180  0.0301        
 4767.200  0.0368        
 4767.220  0.0414        
 4767.240  0.0442        
 4767.260  0.0450        
 4767.280  0.0438        
 4767.300  0.0407        
 4767.320  0.0354        
 4767.340  0.0269        
 4767.360  0.0139        
 4767.380 -0.0043        
 4767.400 -0.0259        
 4767.420 -0.0468        
 4767.440 -0.0617        
 4767.460 -0.0665        
 4767.480 -0.0611        
 4767.500 -0.0481        
 4767.520 -0.0313        
 4767.540 -0.0144        
 4767.560  0.0001        
 4767.580  0.0094        
 4767.600  0.0115        
 4767.620  0.0056        
 4767.640 -0.0055        
 4767.660 -0.0170        
 4767.680 -0.0239        
 4767.700 -0.0239        
 4767.720 -0.0184        
 4767.740 -0.0113        
 4767.760 -0.0059        
 4767.780 -0.0031        
 4767.800 -0.0008        
 4767.820  0.0045        
 4767.840  0.0150        
 4767.860  0.0299        
 4767.880  0.0451        
 4767.900  0.0555        
 4767.920  0.0575        
 4767.940  0.0508        
 4767.960  0.0379        
 4767.980  0.0223        
 4768.000  0.0068        
 4768.020 -0.0062        
 4768.040 -0.0148        
 4768.060 -0.0172        
 4768.080 -0.0129        
 4768.100 -0.0042        
 4768.120  0.0052        
 4768.140  0.0116        
 4768.160  0.0138        
 4768.180  0.0143        
 4768.200  0.0172        
 4768.220  0.0254        
 4768.240  0.0384        
 4768.260  0.0510        
 4768.280  0.0565        
 4768.300  0.0502        
 4768.320  0.0335        
 4768.340  0.0139        
 4768.360  0.0008        
 4768.380  0.0001        
 4768.400  0.0107        
 4768.420  0.0261        
 4768.440  0.0385        
 4768.460  0.0431        
 4768.480  0.0395        
 4768.500  0.0299        
 4768.520  0.0165        
 4768.540  0.0018        
 4768.560 -0.0112        
 4768.580 -0.0190        
 4768.600 -0.0186        
 4768.620 -0.0111        
 4768.640 -0.0023        
 4768.660 -0.0007        
 4768.680 -0.0123        
 4768.700 -0.0349        
 4768.720 -0.0585        
 4768.740 -0.0695        
 4768.760 -0.0595        
 4768.780 -0.0306        
 4768.800  0.0054        
 4768.820  0.0346        
 4768.840  0.0479        
 4768.860  0.0451        
 4768.880  0.0316        
 4768.900  0.0136        
 4768.920 -0.0043        
 4768.940 -0.0188        
 4768.960 -0.0273        
 4768.980 -0.0276        
 4769.000 -0.0199        
 4769.020 -0.0078        
 4769.040  0.0031        
 4769.060  0.0081        
 4769.080  0.0059        
 4769.100 -0.0006        
 4769.120 -0.0070        
 4769.140 -0.0103        
 4769.160 -0.0104        
 4769.180 -0.0105        
 4769.200 -0.0148        
 4769.220 -0.0251        
 4769.240 -0.0391        
 4769.260 -0.0511        
 4769.280 -0.0550        
 4769.300 -0.0480        
 4769.320 -0.0325        
 4769.340 -0.0148        
 4769.360 -0.0008        
 4769.380  0.0062        
 4769.400  0.0065        
 4769.420  0.0022        
 4769.440 -0.0043        
 4769.460 -0.0106        
 4769.480 -0.0139        
 4769.500 -0.0112        
 4769.520 -0.0007        
 4769.540  0.0163        
 4769.560  0.0350        
 4769.580  0.0500        
 4769.600  0.0568        
 4769.620  0.0542        
 4769.640  0.0432        
 4769.660  0.0256        
 4769.680  0.0040        
 4769.700 -0.0177        
 4769.720 -0.0343        
 4769.740 -0.0412        
 4769.760 -0.0365        
 4769.780 -0.0229        
 4769.800 -0.0056        
 4769.820  0.0106        
 4769.840  0.0226        
 4769.860  0.0289        
 4769.880  0.0287        
 4769.900  0.0219        
 4769.920  0.0102        
 4769.940 -0.0029        
 4769.960 -0.0130        
 4769.980 -0.0167        
 4770.000 -0.0127        
 4770.020 -0.0018        
 4770.040  0.0146        
 4770.060  0.0347        
 4770.080  0.0551        
 4770.100  0.0715        
 4770.120  0.0795        
 4770.140  0.0769        
 4770.160  0.0650        
 4770.180  0.0476        
 4770.200  0.0284        
 4770.220  0.0104        
 4770.240 -0.0035        
 4770.260 -0.0106        
 4770.280 -0.0091        
 4770.300 -0.0003        
 4770.320  0.0101        
 4770.340  0.0147        
 4770.360  0.0082        
 4770.380 -0.0094        
 4770.400 -0.0325        
 4770.420 -0.0535        
 4770.440 -0.0669        
 4770.460 -0.0709        
 4770.480 -0.0667        
 4770.500 -0.0562        
 4770.520 -0.0414        
 4770.540 -0.0239        
 4770.560 -0.0055        
 4770.580  0.0122        
 4770.600  0.0273        
 4770.620  0.0389        
 4770.640  0.0461        
 4770.660  0.0484        
 4770.680  0.0456        
 4770.700  0.0373        
 4770.720  0.0233        
 4770.740  0.0038        
 4770.760 -0.0189        
 4770.780 -0.0405        
 4770.800 -0.0559        
 4770.820 -0.0618        
 4770.840 -0.0579        
 4770.860 -0.0473        
 4770.880 -0.0341        
 4770.900 -0.0214        
 4770.920 -0.0109        
 4770.940 -0.0031        
 4770.960  0.0017        
 4770.980  0.0033        
 4771.000  0.0017        
 4771.020 -0.0025        
 4771.040 -0.0091        
 4771.060 -0.0168        
 4771.080 -0.0240        
 4771.100 -0.0285        
 4771.120 -0.0286        
 4771.140 -0.0241        
 4771.160 -0.0164        
 4771.180 -0.0076        
 4771.200  0.0003        
 4771.220  0.0057        
 4771.240  0.0075        
 4771.260  0.0045        
 4771.280 -0.0036        
 4771.300 -0.0147        
 4771.320 -0.0253        
 4771.340 -0.0310        
 4771.360 -0.0291        
 4771.380 -0.0205        
 4771.400 -0.0085        
 4771.420  0.0033        
 4771.440  0.0124        
 4771.460  0.0175        
 4771.480  0.0182        
 4771.500  0.0145        
 4771.520  0.0072        
 4771.540 -0.0015        
 4771.560 -0.0086        
 4771.580 -0.0116        
 4771.600 -0.0101        
 4771.620 -0.0059        
 4771.640 -0.0015        
 4771.660  0.0010        
 4771.680  0.0012        
 4771.700  0.0002        
 4771.720 -0.0007        
 4771.740 -0.0005        
 4771.760  0.0004        
 4771.780  0.0008        
 4771.800 -0.0005        
 4771.820 -0.0038        
 4771.840 -0.0078        
 4771.860 -0.0102        
 4771.880 -0.0092        
 4771.900 -0.0040        
 4771.920  0.0039        
 4771.940  0.0124        
 4771.960  0.0194        
 4771.980  0.0240        
 4772.000  0.0262        
 4772.020  0.0267        
 4772.040  0.0260        
 4772.060  0.0244        
 4772.080  0.0220        
 4772.100  0.0192        
 4772.120  0.0159        
 4772.140  0.0121        
 4772.160  0.0073        
 4772.180  0.0010        
 4772.200 -0.0067        
 4772.220 -0.0141        
 4772.240 -0.0188        
 4772.260 -0.0185        
 4772.280 -0.0127        
 4772.300 -0.0044        
 4772.320  0.0023        
 4772.340  0.0036        
 4772.360 -0.0012        
 4772.380 -0.0095        
 4772.400 -0.0171        
 4772.420 -0.0205        
 4772.440 -0.0189        
 4772.460 -0.0137        
 4772.480 -0.0073        
 4772.500 -0.0017        
 4772.520  0.0031        
 4772.540  0.0081        
 4772.560  0.0151        
 4772.580  0.0244        
 4772.600  0.0344        
 4772.620  0.0416        
 4772.640  0.0424        
 4772.660  0.0352        
 4772.680  0.0225        
 4772.700  0.0086        
 4772.720 -0.0024        
 4772.740 -0.0084        
 4772.760 -0.0097        
 4772.780 -0.0076        
 4772.800 -0.0035        
 4772.820  0.0012        
 4772.840  0.0047        
 4772.860  0.0048        
 4772.880  0.0003        
 4772.900 -0.0071        
 4772.920 -0.0131        
 4772.940 -0.0122        
 4772.960 -0.0015        
 4772.980  0.0159        
 4773.000  0.0329        
 4773.020  0.0411        
 4773.040  0.0358        
 4773.060  0.0202        
 4773.080  0.0023        
 4773.100 -0.0098        
 4773.120 -0.0119        
 4773.140 -0.0060        
 4773.160  0.0031        
 4773.180  0.0108        
 4773.200  0.0143        
 4773.220  0.0119        
 4773.240  0.0026        
 4773.260 -0.0142        
 4773.280 -0.0358        
 4773.300 -0.0559        
 4773.320 -0.0671        
 4773.340 -0.0645        
 4773.360 -0.0491        
 4773.380 -0.0266        
 4773.400 -0.0041        
 4773.420  0.0132        
 4773.440  0.0236        
 4773.460  0.0272        
 4773.480  0.0249        
 4773.500  0.0174        
 4773.520  0.0065        
 4773.540 -0.0058        
 4773.560 -0.0173        
 4773.580 -0.0263        
 4773.600 -0.0323        
 4773.620 -0.0352        
 4773.640 -0.0349        
 4773.660 -0.0314        
 4773.680 -0.0245        
 4773.700 -0.0139        
 4773.720 -0.0001        
 4773.740  0.0141        
 4773.760  0.0242        
 4773.780  0.0251        
 4773.800  0.0141        
 4773.820 -0.0059        
 4773.840 -0.0282        
 4773.860 -0.0452        
 4773.880 -0.0519        
 4773.900 -0.0481        
 4773.920 -0.0364        
 4773.940 -0.0200        
 4773.960 -0.0025        
 4773.980  0.0118        
 4774.000  0.0182        
 4774.020  0.0131        
 4774.040 -0.0031        
 4774.060 -0.0253        
 4774.080 -0.0461        
 4774.100 -0.0593        
 4774.120 -0.0628        
 4774.140 -0.0581        
 4774.160 -0.0481        
 4774.180 -0.0358        
 4774.200 -0.0228        
 4774.220 -0.0101        
 4774.240  0.0015        
 4774.260  0.0111        
 4774.280  0.0169        
 4774.300  0.0166        
 4774.320  0.0080        
 4774.340 -0.0086        
 4774.360 -0.0276        
 4774.380 -0.0411        
 4774.400 -0.0422        
 4774.420 -0.0293        
 4774.440 -0.0080        
 4774.460  0.0130        
 4774.480  0.0264        
 4774.500  0.0294        
 4774.520  0.0237        
 4774.540  0.0131        
 4774.560  0.0007        
 4774.580 -0.0101        
 4774.600 -0.0163        
 4774.620 -0.0146        
 4774.640 -0.0038        
 4774.660  0.0129        
 4774.680  0.0282        
 4774.700  0.0342        
 4774.720  0.0270        
 4774.740  0.0100        
 4774.760 -0.0084        
 4774.780 -0.0203        
 4774.800 -0.0214        
 4774.820 -0.0139        
 4774.840 -0.0028        
 4774.860  0.0075        
 4774.880  0.0150        
 4774.900  0.0200        
 4774.920  0.0245        
 4774.940  0.0293        
 4774.960  0.0341        
 4774.980  0.0372        
 4775.000  0.0362        
 4775.020  0.0302        
 4775.040  0.0201        
 4775.060  0.0085        
 4775.080 -0.0016        
 4775.100 -0.0081        
 4775.120 -0.0110        
 4775.140 -0.0113        
 4775.160 -0.0103        
 4775.180 -0.0091        
 4775.200 -0.0091        
 4775.220 -0.0117        
 4775.240 -0.0183        
 4775.260 -0.0281        
 4775.280 -0.0371        
 4775.300 -0.0399        
 4775.320 -0.0321        
 4775.340 -0.0142        
 4775.360  0.0081        
 4775.380  0.0274        
 4775.400  0.0382        
 4775.420  0.0389        
 4775.440  0.0311        
 4775.460  0.0167        
 4775.480 -0.0021        
 4775.500 -0.0221        
 4775.520 -0.0386        
 4775.540 -0.0467        
 4775.560 -0.0434        
 4775.580 -0.0299        
 4775.600 -0.0104        
 4775.620  0.0110        
 4775.640  0.0308        
 4775.660  0.0471        
 4775.680  0.0581        
 4775.700  0.0623        
 4775.720  0.0587        
 4775.740  0.0479        
 4775.760  0.0322        
 4775.780  0.0148        
 4775.800 -0.0009        
 4775.820 -0.0117        
 4775.840 -0.0154        
 4775.860 -0.0121        
 4775.880 -0.0042        
 4775.900  0.0043        
 4775.920  0.0103        
 4775.940  0.0121        
 4775.960  0.0099        
 4775.980  0.0047        
 4776.000 -0.0028        
 4776.020 -0.0114        
 4776.040 -0.0195        
 4776.060 -0.0248        
 4776.080 -0.0255        
 4776.100 -0.0216        
 4776.120 -0.0147        
 4776.140 -0.0079        
 4776.160 -0.0034        
 4776.180 -0.0016        
 4776.200 -0.0012        
 4776.220 -0.0002        
 4776.240  0.0027        
 4776.260  0.0073        
 4776.280  0.0115        
 4776.300  0.0131        
 4776.320  0.0109        
 4776.340  0.0062        
 4776.360  0.0016        
 4776.380  0.0002        
 4776.400  0.0034        
 4776.420  0.0100        
 4776.440  0.0167        
 4776.460  0.0209        
 4776.480  0.0211        
 4776.500  0.0179        
 4776.520  0.0127        
 4776.540  0.0068        
 4776.560  0.0014        
 4776.580 -0.0024        
 4776.600 -0.0035        
 4776.620 -0.0014        
 4776.640  0.0029        
 4776.660  0.0067        
 4776.680  0.0066        
 4776.700  0.0008        
 4776.720 -0.0089        
 4776.740 -0.0182        
 4776.760 -0.0224        
 4776.780 -0.0189        
 4776.800 -0.0094        
 4776.820  0.0021        
 4776.840  0.0113        
 4776.860  0.0156        
 4776.880  0.0148        
 4776.900  0.0102        
 4776.920  0.0029        
 4776.940 -0.0056        
 4776.960 -0.0130        
 4776.980 -0.0171        
 4777.000 -0.0161        
 4777.020 -0.0099        
 4777.040 -0.0002        
 4777.060  0.0108        
 4777.080  0.0210        
 4777.100  0.0285        
 4777.120  0.0312        
 4777.140  0.0268        
 4777.160  0.0145        
 4777.180 -0.0023        
 4777.200 -0.0171        
 4777.220 -0.0226        
 4777.240 -0.0154        
 4777.260  0.0006        
 4777.280  0.0179        
 4777.300  0.0298        
 4777.320  0.0336        
 4777.340  0.0306        
 4777.360  0.0240        
 4777.380  0.0163        
 4777.400  0.0092        
 4777.420  0.0045        
 4777.440  0.0039        
 4777.460  0.0084        
 4777.480  0.0164        
 4777.500  0.0239        
 4777.520  0.0260        
 4777.540  0.0200        
 4777.560  0.0075        
 4777.580 -0.0062        
 4777.600 -0.0151        
 4777.620 -0.0159        
 4777.640 -0.0107        
 4777.660 -0.0049        
 4777.680 -0.0037        
 4777.700 -0.0094        
 4777.720 -0.0196        
 4777.740 -0.0295        
 4777.760 -0.0352        
 4777.780 -0.0347        
 4777.800 -0.0287        
 4777.820 -0.0190        
 4777.840 -0.0072        
 4777.860  0.0054        
 4777.880  0.0180        
 4777.900  0.0296        
 4777.920  0.0394        
 4777.940  0.0462        
 4777.960  0.0487        
 4777.980  0.0000        
 4778.000  0.0000        
