Table A.1
Atomic Features

   H

4616.611

   C

4364.370
4511.333
4608.793
4694.614
4702.410
4713.130
4717.610
4725.562
4755.370

   Na

4276.151
4281.776
4526.999
4532.589
4660.228

   Mg

4190.103
4192.785
4285.508
4383.225
4642.056
4658.807
4710.002
4712.643
4746.841
4747.097

   Al

4713.876
4723.760
4739.598

   Si

4166.603
4173.638
4320.039
4410.734
4424.16
4435.802
4529.273
4531.294
4559.755
4569.273
4570.339
4577.925
4581.764
4590.168
4625.520
4662.40
4665.88
4677.53
4681.629
4714.71
4747.86
4749.91
4777.409
4779.470
4785.589
4805.411
4829.921
4845.354
4852.366
4904.818
4905.815
4914.140
4924.293
4925.639
4933.478

   S

4385.738
4402.584
4414.957
4428.385
4430.655
4432.866
4438.093
4439.462
4441.732

   Ca

4336.518
4380.721
4413.109
4413.577
4418.347
4418.691
4422.017
4766.84
4884.440

  Ca II

4665.347
4674.031

   Sc

4152.60
4198.88
4271.46
4324.06
4349.23
4412.45
4416.34
4464.12
4489.78
4501.82
4530.77
4533.47
4539.25
4576.94
4583.37
4600.57

   Ti

4264.782
4353.581
4367.520
4417.173
4419.423
4438.736
4454.339
4480.955
4488.309
4496.625
4500.998
4543.285
4565.511
4572.042
4589.495
4691.654
4718.976
4726.323
4726.928
4911.355

   V

4445.632
4525.391
4582.407
4636.091
4786.496
4846.480
4920.322
4939.008

   Fe

4151.056
4178.690
4191.844
4214.050
4221.155
4242.124
4252.293
4286.041
4289.115
4314.054
4319.485
4338.193
4339.411
4375.952
4378.554
4382.350
4385.793
4387.639
4390.479
4396.254
4419.694
4444.483
4448.516
4459.092
4464.490
4466.038
4466.898
4468.017
4474.162
4491.102
4491.722
4507.711
4527.776
4561.527
4566.008
4573.752
4575.123
4578.981
4586.924
4591.008
4594.980
4599.518
4634.322
4646.625
4665.570
4697.013
4707.154
4712.068
4715.586
4716.678
4720.557
4722.834
4732.431
4732.555
4732.690
4739.076
4762.639
4769.107
4772.402
4787.457
4796.970
4805.205
4806.456
4806.600
4821.019
4822.086
4824.211
4825.648
4829.994
4834.889
4835.276
4846.060
4849.465
4853.300
4856.771
4861.548
4899.187
4909.462
4912.732
4917.69
4928.814
4929.358
4942.297
4963.136

   Ni

4634.790
4770.341
