           1.02  
          -0.30
 4297.000  0.5269
 4297.020  0.6181
 4297.040  0.6259
 4297.060  0.6120
 4297.080  0.5681
 4297.100  0.5178
 4297.120  0.4769
 4297.140  0.4500
 4297.160  0.4351
 4297.180  0.4288
 4297.200  0.4306
 4297.220  0.4444
 4297.240  0.4777
 4297.260  0.5378
 4297.280  0.6242
 4297.300  0.7230
 4297.320  0.8147
 4297.340  0.8854
 4297.360  0.9318
 4297.380  0.9617
 4297.400  0.9833
 4297.420  0.9943
 4297.440  0.9895
 4297.460  0.9722
 4297.480  0.9540
 4297.500  0.9456
 4297.520  0.9499
 4297.540  0.9631
 4297.560  0.9800
 4297.580  0.9978
 4297.600  1.0132
 4297.620  1.0192
 4297.640  1.0093
 4297.660  0.9816
 4297.680  0.9330
 4297.700  0.8498
 4297.720  0.7210
 4297.740  0.5632
 4297.760  0.4157
 4297.780  0.3072
 4297.800  0.2388
 4297.820  0.1975
 4297.840  0.1709
 4297.860  0.1507
 4297.880  0.1339
 4297.900  0.1222
 4297.920  0.1198
 4297.940  0.1276
 4297.960  0.1416
 4297.980  0.1564
 4298.000  0.1707
 4298.020  0.1881
 4298.040  0.2107
 4298.060  0.2359
 4298.080  0.2647
 4298.100  0.3077
 4298.120  0.3704
 4298.140  0.4395
 4298.160  0.4956
 4298.180  0.5270
 4298.200  0.5283
 4298.220  0.5051
 4298.240  0.4739
 4298.260  0.4460
 4298.280  0.4230
 4298.300  0.4094
 4298.320  0.4165
 4298.340  0.4541
 4298.360  0.5227
 4298.380  0.6150
 4298.400  0.7208
 4298.420  0.8184
 4298.440  0.8795
 4298.460  0.9003
 4298.480  0.9018
 4298.500  0.8918
 4298.520  0.8714
 4298.540  0.8558
 4298.560  0.8504
 4298.580  0.8445
 4298.600  0.8411
 4298.620  0.8544
 4298.640  0.8875
 4298.660  0.9302
 4298.680  0.9676
 4298.700  0.9840
 4298.720  0.9656
 4298.740  0.9011
 4298.760  0.7875
 4298.780  0.6419
 4298.800  0.4986
 4298.820  0.3840
 4298.840  0.3062
 4298.860  0.2678
 4298.880  0.2692
 4298.900  0.3018
 4298.920  0.3486
 4298.940  0.3929
 4298.960  0.4227
 4298.980  0.4326
 4299.000  0.4241
 4299.020  0.4044
 4299.040  0.3818
 4299.060  0.3619
 4299.080  0.3479
 4299.100  0.3442
 4299.120  0.3602
 4299.140  0.4060
 4299.160  0.4791
 4299.180  0.5586
 4299.200  0.6147
 4299.220  0.6260
 4299.240  0.5933
 4299.260  0.5367
 4299.280  0.4797
 4299.300  0.4353
 4299.320  0.4044
 4299.340  0.3891
 4299.360  0.4041
 4299.380  0.4614
 4299.400  0.5512
 4299.420  0.6457
 4299.440  0.7155
 4299.460  0.7417
 4299.480  0.7214
 4299.500  0.6664
 4299.520  0.5965
 4299.540  0.5316
 4299.560  0.4887
 4299.580  0.4825
 4299.600  0.5210
 4299.620  0.5965
 4299.640  0.6889
 4299.660  0.7787
 4299.680  0.8519
 4299.700  0.8920
 4299.720  0.8761
 4299.740  0.7888
 4299.760  0.6436
 4299.780  0.4865
 4299.800  0.3674
 4299.820  0.3048
 4299.840  0.2889
 4299.860  0.3063
 4299.880  0.3476
 4299.900  0.4002
 4299.920  0.4453
 4299.940  0.4663
 4299.960  0.4594
 4299.980  0.4334
 4300.000  0.4014
 4300.020  0.3742
 4300.040  0.3546
 4300.060  0.3423
 4300.080  0.3459
 4300.100  0.3789
 4300.120  0.4431
 4300.140  0.5209
 4300.160  0.5834
 4300.180  0.6075
 4300.200  0.5896
 4300.220  0.5435
 4300.240  0.4905
 4300.260  0.4491
 4300.280  0.4270
 4300.300  0.4266
 4300.320 -1.0000
 4300.340 -1.0000
 4300.360 -1.0000
 4300.380 -1.0000
 4300.400 -1.0000
 4300.420 -1.0000
 4300.440  0.9439
 4300.460  0.9658
 4300.480  0.9852
 4300.500  0.9987
 4300.520  0.9997
 4300.540  0.9921
 4300.560  0.9866
 4300.580  0.9868
 4300.600  0.9765
 4300.620  0.9226
 4300.640  0.8046
 4300.660  0.6416
 4300.680  0.4787
 4300.700  0.3535
 4300.720  0.2786
 4300.740  0.2422
 4300.760  0.2242
 4300.780  0.2112
 4300.800  0.1988
 4300.820  0.1868
 4300.840  0.1736
 4300.860  0.1573
 4300.880  0.1414
 4300.900  0.1323
 4300.920  0.1299
 4300.940  0.1289
 4300.960  0.1298
 4300.980  0.1386
 4301.000  0.1585
 4301.020  0.1885
 4301.040  0.2258
 4301.060  0.2654
 4301.080  0.2994
 4301.100  0.3223
 4301.120  0.3351
 4301.140  0.3429
 4301.160  0.3499
 4301.180  0.3599
 4301.200  0.3794
 4301.220  0.4198
 4301.240  0.4903
 4301.260  0.5847
 4301.280  0.6815
 4301.300  0.7576
 4301.320  0.7999
 4301.340  0.8144
 4301.360  0.8237
 4301.380  0.8453
 4301.400  0.8745
 4301.420  0.8896
 4301.440  0.8642
 4301.460  0.7811
 4301.480  0.6499
 4301.500  0.5097
 4301.520  0.4015
 4301.540  0.3417
 4301.560  0.3245
 4301.580  0.3354
 4301.600  0.3614
 4301.620  0.3932
 4301.640  0.4219
 4301.660  0.4378
 4301.680  0.4356
 4301.700  0.4161
 4301.720  0.3840
 4301.740  0.3466
 4301.760  0.3157
 4301.780  0.3045
 4301.800  0.3229
 4301.820  0.3690
 4301.840  0.4255
 4301.860  0.4693
 4301.880  0.4856
 4301.900  0.4739
 4301.920  0.4456
 4301.940  0.4149
 4301.960  0.3914
 4301.980  0.3801
 4302.000  0.3842
 4302.020  0.4098
 4302.040  0.4648
 4302.060  0.5509
 4302.080  0.6566
 4302.100  0.7600
 4302.120  0.8411
 4302.140  0.8906
 4302.160  0.9042
 4302.180  0.8716
 4302.200  0.7840
 4302.220  0.6517
 4302.240  0.5084
 4302.260  0.3963
 4302.280  0.3398
 4302.300  0.3317
 4302.320  0.3502
 4302.340  0.3804
 4302.360  0.4134
 4302.380  0.4393
 4302.400  0.4495
 4302.420  0.4414
 4302.440  0.4182
 4302.460  0.3867
 4302.480  0.3542
 4302.500  0.3277
 4302.520  0.3176
 4302.540  0.3341
 4302.560  0.3774
 4302.580  0.4325
 4302.600  0.4775
 4302.620  0.4963
 4302.640  0.4876
 4302.660  0.4617
 4302.680  0.4311
 4302.700  0.4056
 4302.720  0.3918
 4302.740  0.3955
 4302.760  0.4231
 4302.780  0.4776
 4302.800  0.5527
 4302.820  0.6322
 4302.840  0.6912
 4302.860  0.7012
 4302.880  0.6468
 4302.900  0.5471
 4302.920  0.4483
 4302.940  0.3881
 4302.960  0.3733
 4302.980  0.3892
 4303.000  0.4169
 4303.020  0.4451
 4303.040  0.4678
 4303.060  0.4767
 4303.080  0.4677
 4303.100  0.4464
 4303.120  0.4163
 4303.140  0.3786
 4303.160  0.3454
 4303.180  0.3307
 4303.200  0.3365
 4303.220  0.3619
 4303.240  0.4028
 4303.260  0.4420
 4303.280  0.4601
 4303.300  0.4541
 4303.320  0.4346
 4303.340  0.4119
 4303.360  0.3896
 4303.380  0.3751
 4303.400  0.3869
 4303.420  0.4357
 4303.440  0.5020
 4303.460  0.5456
 4303.480  0.5364
 4303.500  0.4789
 4303.520  0.4132
 4303.540  0.3807
 4303.560  0.3908
 4303.580  0.4260
 4303.600  0.4622
 4303.620  0.4782
 4303.640  0.4629
 4303.660  0.4202
 4303.680  0.3635
 4303.700  0.3057
 4303.720  0.2546
 4303.740  0.2119
 4303.760  0.1765
 4303.780  0.1491
 4303.800  0.1326
 4303.820  0.1268
 4303.840  0.1273
 4303.860  0.1283
 4303.880  0.1295
 4303.900  0.1372
 4303.920  0.1579
 4303.940  0.1897
 4303.960  0.2234
 4303.980  0.2497
 4304.000  0.2630
 4304.020  0.2642
 4304.040  0.2632
 4304.060  0.2760
 4304.080  0.3141
 4304.100  0.3731
 4304.120  0.4307
 4304.140  0.4605
 4304.160  0.4545
 4304.180  0.4252
 4304.200  0.3869
 4304.220  0.3467
 4304.240  0.3133
 4304.260  0.2963
 4304.280  0.2990
 4304.300  0.3149
 4304.320  0.3328
 4304.340  0.3467
 4304.360  0.3592
 4304.380  0.3693
 4304.400  0.3656
 4304.420  0.3429
 4304.440  0.3115
 4304.460  0.2836
 4304.480  0.2682
 4304.500  0.2767
 4304.520  0.3137
 4304.540  0.3650
 4304.560  0.4086
 4304.580  0.4305
 4304.600  0.4289
 4304.620  0.4108
 4304.640  0.3872
 4304.660  0.3663
 4304.680  0.3534
 4304.700  0.3518
 4304.720  0.3608
 4304.740  0.3720
 4304.760  0.3735
 4304.780  0.3619
 4304.800  0.3421
 4304.820  0.3174
 4304.840  0.2904
 4304.860  0.2710
 4304.880  0.2702
 4304.900  0.2896
 4304.920  0.3205
 4304.940  0.3510
 4304.960  0.3715
 4304.980  0.3786
 4305.000  0.3772
 4305.020  0.3743
 4305.040  0.3715
 4305.060  0.3653
 4305.080  0.3517
 4305.100  0.3291
 4305.120  0.3018
 4305.140  0.2784
 4305.160  0.2645
 4305.180  0.2609
 4305.200  0.2678
 4305.220  0.2850
 4305.240  0.3054
 4305.260  0.3206
 4305.280  0.3286
 4305.300  0.3271
 4305.320  0.3114
 4305.340  0.2837
 4305.360  0.2529
 4305.380  0.2278
 4305.400  0.2158
 4305.420  0.2202
 4305.440  0.2366
 4305.460  0.2548
 4305.480  0.2660
 4305.500  0.2680
 4305.520  0.2642
 4305.540  0.2607
 4305.560  0.2636
 4305.580  0.2770
 4305.600  0.2990
 4305.620  0.3248
 4305.640  0.3480
 4305.660  0.3617
 4305.680  0.3645
 4305.700  0.3601
 4305.720  0.3518
 4305.740  0.3450
 4305.760  0.3455
 4305.780  0.3533
 4305.800  0.3677
 4305.820  0.3922
 4305.840  0.4230
 4305.860  0.4505
 4305.880  0.4753
 4305.900  0.5101
 4305.920  0.5638
 4305.940  0.6328
 4305.960  0.7035
 4305.980  0.7656
 4306.000  0.8210
 4306.020  0.8735
 4306.040  0.9154
 4306.060  0.9358
 4306.080  0.9351
 4306.100  0.9256
 4306.120  0.9215
 4306.140  0.9290
 4306.160  0.9447
 4306.180  0.9629
 4306.200  0.9785
 4306.220  0.9839
 4306.240  0.9704
 4306.260  0.9349
 4306.280  0.8824
 4306.300  0.8235
 4306.320  0.7694
 4306.340  0.7276
 4306.360  0.7067
 4306.380  0.7160
 4306.400  0.7493
 4306.420  0.7840
 4306.440  0.8011
 4306.460  0.7886
 4306.480  0.7339
 4306.500  0.6360
 4306.520  0.5134
 4306.540  0.3903
 4306.560  0.2868
 4306.580  0.2165
 4306.600  0.1773
 4306.620  0.1526
 4306.640  0.1288
 4306.660  0.1065
 4306.680  0.0917
 4306.700  0.0862
 4306.720  0.0878
 4306.740  0.0982
 4306.760  0.1221
 4306.780  0.1574
 4306.800  0.1962
 4306.820  0.2338
 4306.840  0.2721
 4306.860  0.3170
 4306.880  0.3734
 4306.900  0.4424
 4306.920  0.5222
 4306.940  0.6062
 4306.960  0.6833
 4306.980  0.7464
 4307.000  0.7986
 4307.020  0.8436
 4307.040  0.8792
 4307.060  0.9052
 4307.080  0.9261
 4307.100  0.9437
 4307.120  0.9575
 4307.140  0.9687
 4307.160  0.9792
 4307.180  0.9871
 4307.200  0.9902
 4307.220  0.9922
 4307.240  0.9990
 4307.260  1.0093
 4307.280  1.0169
 4307.300  1.0176
 4307.320  1.0122
 4307.340  1.0069
 4307.360  1.0061
 4307.380  1.0082
 4307.400  1.0116
 4307.420  1.0189
 4307.440  1.0280
 4307.460  1.0334
 4307.480  1.0375
 4307.500  1.0446
 4307.520  1.0468
 4307.540  1.0354
 4307.560  1.0184
 4307.580  1.0027
 4307.600  0.9845
 4307.620  0.9703
 4307.640  0.9702
 4307.660  0.9768
 4307.680  0.9807
 4307.700  0.9829
 4307.720  0.9816
 4307.740  0.9702
 4307.760  0.9501
 4307.780  0.9309
 4307.800  0.9185
 4307.820  0.9095
 4307.840  0.8958
 4307.860  0.8705
 4307.880  0.8304
 4307.900  0.7761
 4307.920  0.7118
 4307.940  0.6443
 4307.960  0.5838
 4307.980  0.5465
 4308.000  0.5504
 4308.020  0.6062
 4308.040  0.7064
 4308.060  0.8225
 4308.080  0.9197
 4308.100  0.9780
 4308.120  0.9980
 4308.140  0.9917
 4308.160  0.9729
 4308.180  0.9539
 4308.200  0.9449
 4308.220  0.9508
 4308.240  0.9696
 4308.260  0.9965
 4308.280  1.0223
 4308.300  1.0381
 4308.320  1.0413
 4308.340  1.0310
 4308.360  1.0085
 4308.380  0.9843
 4308.400  0.9660
 4308.420  0.9496
 4308.440  0.9351
 4308.460  0.9312
 4308.480  0.9405
 4308.500  0.9575
 4308.520  0.9779
 4308.540  1.0010
 4308.560  1.0248
 4308.580  1.0405
 4308.600  1.0328
 4308.620  0.9881
 4308.640  0.9031
 4308.660  0.7895
 4308.680  0.6735
 4308.700  0.5845
 4308.720  0.5384
 4308.740  0.5430
 4308.760  0.6058
 4308.780  0.7138
 4308.800  0.8270
 4308.820  0.9112
 4308.840  0.9586
 4308.860  0.9767
 4308.880  0.9749
 4308.900  0.9595
 4308.920  0.9339
 4308.940  0.8990
 4308.960  0.8560
 4308.980  0.8141
 4309.000  0.7885
 4309.020  0.7873
 4309.040  0.8100
 4309.060  0.8531
 4309.080  0.9047
 4309.100  0.9487
 4309.120  0.9815
 4309.140  1.0033
 4309.160  1.0071
 4309.180  0.9870
 4309.200  0.9481
 4309.220  0.9026
 4309.240  0.8558
 4309.260  0.7955
 4309.280  0.7009
 4309.300  0.5676
 4309.320  0.4215
 4309.340  0.2984
 4309.360  0.2187
 4309.380  0.1787
 4309.400  0.1585
 4309.420  0.1428
 4309.440  0.1330
 4309.460  0.1332
 4309.480  0.1375
 4309.500  0.1405
 4309.520  0.1459
 4309.540  0.1598
 4309.560  0.1835
 4309.580  0.2154
 4309.600  0.2533
 4309.620  0.2952
 4309.640  0.3415
 4309.660  0.4007
 4309.680  0.4819
 4309.700  0.5809
 4309.720  0.6818
 4309.740  0.7714
 4309.760  0.8438
 4309.780  0.8964
 4309.800  0.9267
 4309.820  0.9359
 4309.840  0.9339
 4309.860  0.9337
 4309.880  0.9414
 4309.900  0.9556
 4309.920  0.9714
 4309.940  0.9849
 4309.960  0.9947
 4309.980  0.9995
 4310.000  0.9965
 4310.020  0.9857
 4310.040  0.9697
 4310.060  0.9535
 4310.080  0.9451
 4310.100  0.9502
 4310.120  0.9637
 4310.140  0.9750
 4310.160  0.9789
 4310.180  0.9774
 4310.200  0.9761
 4310.220  0.9796
 4310.240  0.9884
 4310.260  0.9994
 4310.280  1.0082
 4310.300  1.0108
 4310.320  1.0081
 4310.340  1.0049
 4310.360  1.0043
 4310.380  1.0081
 4310.400  1.0171
 4310.420  1.0269
 4310.440  1.0318
 4310.460  1.0324
 4310.480  1.0298
 4310.500  1.0213
 4310.520  1.0122
 4310.540  1.0124
 4310.560  1.0206
 4310.580  1.0244
 4310.600  1.0134
 4310.620  0.9901
 4310.640  0.9675
 4310.660  0.9569
 4310.680  0.9609
 4310.700  0.9721
 4310.720  0.9746
 4310.740  0.9527
 4310.760  0.8995
 4310.780  0.8191
 4310.800  0.7262
 4310.820  0.6390
 4310.840  0.5730
 4310.860  0.5405
 4310.880  0.5525
 4310.900  0.6119
 4310.920  0.7042
 4310.940  0.8020
 4310.960  0.8792
 4310.980  0.9189
 4311.000  0.9151
 4311.020  0.8807
 4311.040  0.8455
 4311.060  0.8288
 4311.080 -1.0000
 4311.100 -1.0000
 4311.120 -1.0000
 4311.140 -1.0000
 4311.160 -1.0000
 4311.180 -1.0000
 4311.200  0.8439
 4311.220  0.8407
 4311.240  0.8507
 4311.260  0.8763
 4311.280  0.9066
 4311.300  0.9351
 4311.320  0.9621
 4311.340  0.9822
 4311.360  0.9821
 4311.380  0.9561
 4311.400  0.9144
 4311.420  0.8748
 4311.440  0.8498
 4311.460  0.8416
 4311.480  0.8466
 4311.500  0.8589
 4311.520  0.8692
 4311.540  0.8646
 4311.560  0.8406
 4311.580  0.8088
 4311.600  0.7860
 4311.620  0.7811
 4311.640  0.7981
 4311.660  0.8371
 4311.680  0.8891
 4311.700  0.9395
 4311.720  0.9780
 4311.740  1.0010
 4311.760  1.0096
 4311.780  1.0083
 4311.800  1.0021
 4311.820  0.9949
 4311.840  0.9923
 4311.860  0.9996
 4311.880  1.0111
 4311.900  1.0101
 4311.920  0.9864
 4311.940  0.9379
 4311.960  0.8608
 4311.980  0.7492
 4312.000  0.6062
 4312.020  0.4537
 4312.040  0.3248
 4312.060  0.2404
 4312.080  0.1961
 4312.100  0.1738
 4312.120  0.1578
 4312.140  0.1437
 4312.160  0.1358
 4312.180  0.1375
 4312.200  0.1452
 4312.220  0.1521
 4312.240  0.1579
 4312.260  0.1721
 4312.280  0.2007
 4312.300  0.2352
 4312.320  0.2668
 4312.340  0.3011
 4312.360  0.3514
 4312.380  0.4258
 4312.400  0.5213
 4312.420  0.6232
 4312.440  0.7141
 4312.460  0.7851
 4312.480  0.8393
 4312.500  0.8845
 4312.520  0.9245
 4312.540  0.9558
 4312.560  0.9735
 4312.580  0.9786
 4312.600  0.9794
 4312.620  0.9827
 4312.640  0.9828
 4312.660  0.9735
 4312.680  0.9656
 4312.700  0.9707
 4312.720  0.9812
 4312.740  0.9867
 4312.760  0.9847
 4312.780  0.9677
 4312.800  0.9296
 4312.820  0.8815
 4312.840  0.8425
 4312.860  0.8223
 4312.880  0.8244
 4312.900  0.8476
 4312.920  0.8756
 4312.940  0.8875
 4312.960  0.8834
 4312.980  0.8806
 4313.000  0.8896
 4313.020  0.9090
 4313.040  0.9326
 4313.060  0.9571
 4313.080  0.9810
 4313.100  0.9993
 4313.120 -1.0000
 4313.140 -1.0000
 4313.160 -1.0000
 4313.180 -1.0000
 4313.200 -1.0000
 4313.220 -1.0000
 4313.240 -1.0000
 4313.260  0.9793
 4313.280  0.9700
 4313.300  0.9674
 4313.320  0.9750
 4313.340  0.9851
 4313.360  0.9934
 4313.380  0.9983
 4313.400  0.9908
 4313.420  0.9629
 4313.440  0.9230
 4313.460  0.8906
 4313.480  0.8736
 4313.500  0.8658
 4313.520  0.8595
 4313.540  0.8413
 4313.560  0.7918
 4313.580  0.7153
 4313.600  0.6398
 4313.620  0.5791
 4313.640  0.5324
 4313.660  0.5062
 4313.680  0.5063
 4313.700  0.5220
 4313.720  0.5365
 4313.740  0.5433
 4313.760  0.5458
 4313.780  0.5500
 4313.800  0.5645
 4313.820  0.6050
 4313.840  0.6738
 4313.860  0.7432
 4313.880 -1.0000
 4313.900 -1.0000
 4313.920 -1.0000
 4313.940 -1.0000
 4313.960 -1.0000
 4313.980  0.9395
 4314.000  0.9294
 4314.020  0.9264
 4314.040  0.9394
 4314.060  0.9566
 4314.080  0.9670
 4314.100  0.9710
 4314.120 -1.0000
 4314.140 -1.0000
 4314.160 -1.0000
 4314.180 -1.0000
 4314.200 -1.0000
 4314.220 -1.0000
 4314.240 -1.0000
 4314.260  0.8545
 4314.280  0.8288
 4314.300  0.8094
 4314.320  0.7956
 4314.340  0.7800
 4314.360  0.7771
 4314.380  0.7954
 4314.400 -1.0000
 4314.420 -1.0000
 4314.440 -1.0000
 4314.460 -1.0000
 4314.480 -1.0000
 4314.500 -1.0000
 4314.520 -1.0000
 4314.540  0.8885
 4314.560  0.8855
 4314.580  0.8778
 4314.600  0.8602
 4314.620  0.8282
 4314.640 -1.0000
 4314.660 -1.0000
 4314.680 -1.0000
 4314.700 -1.0000
 4314.720 -1.0000
 4314.740 -1.0000
 4314.760  0.1520
 4314.780  0.1417
 4314.800  0.1442
 4314.820  0.1472
 4314.840  0.1471
 4314.860  0.1487
 4314.880  0.1586
 4314.900  0.1764
 4314.920  0.1991
 4314.940  0.2287
 4314.960  0.2718
 4314.980  0.3308
 4315.000  0.4001
 4315.020  0.4715
 4315.040  0.5345
 4315.060  0.5744
 4315.080  0.5881
 4315.100  0.5924
 4315.120  0.6072
 4315.140  0.6427
 4315.160  0.7007
 4315.180  0.7730
 4315.200  0.8403
 4315.220  0.8850
 4315.240  0.9055
 4315.260 -1.0000
 4315.280 -1.0000
 4315.300 -1.0000
 4315.320 -1.0000
 4315.340 -1.0000
 4315.360 -1.0000
 4315.380 -1.0000
 4315.400 -1.0000
 4315.420 -1.0000
 4315.440 -1.0000
 4315.460  0.9882
 4315.480  0.9891
 4315.500  0.9968
 4315.520  1.0175
 4315.540  1.0409
 4315.560 -1.0000
 4315.580 -1.0000
 4315.600 -1.0000
 4315.620 -1.0000
 4315.640 -1.0000
 4315.660 -1.0000
 4315.680 -1.0000
 4315.700 -1.0000
 4315.720 -1.0000
 4315.740 -1.0000
 4315.760 -1.0000
 4315.780 -1.0000
 4315.800  0.9650
 4315.820  0.9514
 4315.840  0.9282
 4315.860  0.9050
 4315.880  0.8900
 4315.900 -1.0000
 4315.920 -1.0000
 4315.940 -1.0000
 4315.960 -1.0000
 4315.980 -1.0000
 4316.000 -1.0000
 4316.020 -1.0000
 4316.040 -1.0000
 4316.060 -1.0000
 4316.080 -1.0000
 4316.100 -1.0000
 4316.120  0.6990
 4316.140  0.7305
 4316.160  0.7785
 4316.180  0.8288
 4316.200  0.8704
 4316.220  0.8938
 4316.240 -1.0000
 4316.260 -1.0000
 4316.280 -1.0000
 4316.300 -1.0000
 4316.320 -1.0000
 4316.340 -1.0000
 4316.360 -1.0000
 4316.380 -1.0000
 4316.400 -1.0000
 4316.420  0.6389
 4316.440  0.7107
 4316.460  0.7987
 4316.480  0.8683
 4316.500  0.9108
 4316.520  0.9325
 4316.540 -1.0000
 4316.560 -1.0000
 4316.580 -1.0000
 4316.600 -1.0000
 4316.620 -1.0000
 4316.640 -1.0000
 4316.660 -1.0000
 4316.680 -1.0000
 4316.700  0.9298
 4316.720  0.8815
 4316.740  0.8415
 4316.760  0.8220
 4316.780  0.8092
 4316.800  0.8028
 4316.820  0.8147
 4316.840  0.8425
 4316.860  0.8788
 4316.880  0.9258
 4316.900  0.9777
 4316.920  1.0125
 4316.940  1.0239
 4316.960  1.0242
 4316.980  1.0091
 4317.000  0.9733
 4317.020  0.9395
 4317.040  0.9239
 4317.060  0.9168
 4317.080  0.9118
 4317.100  0.9146
 4317.120  0.9262
 4317.140  0.9328
 4317.160  0.9034
 4317.180  0.8084
 4317.200  0.6517
 4317.220  0.4772
 4317.240  0.3341
 4317.260  0.2437
 4317.280  0.1989
 4317.300  0.1789
 4317.320  0.1654
 4317.340  0.1563
 4317.360  0.1564
 4317.380  0.1590
 4317.400  0.1573
 4317.420  0.1577
 4317.440  0.1685
 4317.460  0.1890
 4317.480  0.2143
 4317.500  0.2424
 4317.520  0.2737
 4317.540  0.3103
 4317.560  0.3568
 4317.580  0.4161
 4317.600  0.4827
 4317.620  0.5470
 4317.640  0.6060
 4317.660  0.6648
 4317.680  0.7275
 4317.700  0.7892
 4317.720  0.8449
 4317.740  0.8954
 4317.760  0.9361
 4317.780  0.9570
 4317.800  0.9595
 4317.820  0.9556
 4317.840  0.9544
 4317.860  0.9586
 4317.880  0.9661
 4317.900  0.9715
 4317.920  0.9706
 4317.940  0.9635
 4317.960  0.9526
 4317.980  0.9418
 4318.000  0.9367
 4318.020  0.9402
 4318.040  0.9502
 4318.060  0.9641
 4318.080  0.9789
 4318.100  0.9916
 4318.120  1.0021
 4318.140  1.0102
 4318.160  1.0155
 4318.180  1.0224
 4318.200  1.0308
 4318.220  1.0316
 4318.240  1.0202
 4318.260  1.0034
 4318.280  0.9876
 4318.300  0.9735
 4318.320  0.9655
 4318.340  0.9722
 4318.360  0.9908
 4318.380  1.0079
 4318.400  1.0156
 4318.420  1.0171
 4318.440  1.0178
 4318.460  1.0192
 4318.480  1.0193
 4318.500  1.0163
 4318.520  1.0131
 4318.540  1.0131
 4318.560  1.0142
 4318.580  1.0120
 4318.600  1.0042
 4318.620  0.9922
 4318.640  0.9811
 4318.660  0.9775
 4318.680  0.9847
 4318.700  0.9978
 4318.720  1.0065
 4318.740  1.0065
 4318.760  1.0013
 4318.780  0.9976
 4318.800  1.0002
 4318.820  1.0059
 4318.840  1.0033
 4318.860  0.9779
 4318.880  0.9208
 4318.900  0.8367
 4318.920  0.7415
 4318.940  0.6536
 4318.960  0.5856
 4318.980  0.5410
 4319.000  0.5203
 4319.020  0.5273
 4319.040  0.5651
 4319.060  0.6266
 4319.080  0.6939
 4319.100  0.7483
 4319.120  0.7844
 4319.140  0.8122
 4319.160  0.8425
 4319.180  0.8773
 4319.200  0.9126
 4319.220  0.9456
 4319.240  0.9762
 4319.260  1.0040
 4319.280  1.0252
 4319.300  1.0351
 4319.320  1.0323
 4319.340  1.0181
 4319.360  0.9938
 4319.380  0.9625
 4319.400  0.9307
 4319.420  0.9059
 4319.440  0.8941
 4319.460  0.9007
 4319.480  0.9248
 4319.500  0.9563
 4319.520  0.9840
 4319.540  1.0021
 4319.560  1.0080
 4319.580  0.9994
 4319.600  0.9748
 4319.620  0.9346
 4319.640  0.8723
 4319.660  0.7742
 4319.680  0.6395
 4319.700  0.4919
 4319.720  0.3604
 4319.740  0.2625
 4319.760  0.2015
 4319.780  0.1685
 4319.800  0.1518
 4319.820  0.1450
 4319.840  0.1455
 4319.860  0.1492
 4319.880  0.1536
 4319.900  0.1597
 4319.920  0.1702
 4319.940  0.1862
 4319.960  0.2068
 4319.980  0.2305
 4320.000  0.2586
 4320.020  0.2952
 4320.040  0.3454
 4320.060  0.4120
 4320.080  0.4940
 4320.100  0.5859
 4320.120  0.6779
 4320.140  0.7588
 4320.160  0.8202
 4320.180  0.8594
 4320.200  0.8781
 4320.220  0.8828
 4320.240  0.8832
 4320.260  0.8842
 4320.280  0.8820
 4320.300  0.8728
 4320.320  0.8597
 4320.340  0.8514
 4320.360  0.8564
 4320.380  0.8768
 4320.400  0.9063
 4320.420  0.9352
 4320.440  0.9570
 4320.460  0.9695
 4320.480  0.9722
 4320.500  0.9624
 4320.520  0.9372
 4320.540  0.8997
 4320.560  0.8602
 4320.580  0.8287
 4320.600  0.8087
 4320.620  0.7986
 4320.640  0.7963
 4320.660  0.8043
 4320.680  0.8264
 4320.700  0.8618
 4320.720  0.9038
 4320.740  0.9409
 4320.760  0.9605
 4320.780  0.9539
 4320.800  0.9257
 4320.820  0.8931
 4320.840  0.8725
 4320.860  0.8717
 4320.880  0.8903
 4320.900  0.9198
 4320.920  0.9471
 4320.940  0.9636
 4320.960  0.9686
 4320.980  0.9668
 4321.000  0.9643
 4321.020  0.9641
 4321.040  0.9632
 4321.060  0.9563
 4321.080  0.9422
 4321.100  0.9271
 4321.120  0.9195
 4321.140  0.9211
 4321.160  0.9262
 4321.180  0.9296
 4321.200  0.9322
 4321.220  0.9380
 4321.240  0.9481
 4321.260  0.9581
 4321.280  0.9626
 4321.300  0.9620
 4321.320  0.9575
 4321.340  0.9415
 4321.360  0.9026
 4321.380  0.8384
 4321.400  0.7587
 4321.420  0.6816
 4321.440  0.6205
 4321.460  0.5767
 4321.480  0.5459
 4321.500  0.5258
 4321.520  0.5139
 4321.540  0.5045
 4321.560  0.4933
 4321.580  0.4796
 4321.600  0.4640
 4321.620  0.4473
 4321.640  0.4331
 4321.660  0.4283
 4321.680  0.4435
 4321.700  0.4869
 4321.720  0.5552
 4321.740  0.6348
 4321.760  0.7116
 4321.780  0.7784
 4321.800  0.8363
 4321.820  0.8889
 4321.840  0.9344
 4321.860  0.9690
 4321.880  0.9907
 4321.900  1.0003
 4321.920  1.0010
 4321.940  0.9977
 4321.960  0.9952
 4321.980  0.9941
 4322.000  0.9907
 4322.020  0.9809
 4322.040  0.9604
 4322.060  0.9160
 4322.080  0.8293
 4322.100  0.6945
 4322.120  0.5305
 4322.140  0.3753
 4322.160  0.2636
 4322.180  0.2035
 4322.200  0.1781
 4322.220  0.1659
 4322.240  0.1559
 4322.260  0.1500
 4322.280  0.1528
 4322.300  0.1627
 4322.320  0.1738
 4322.340  0.1830
 4322.360  0.1929
 4322.380  0.2092
 4322.400  0.2345
 4322.420  0.2656
 4322.440  0.3017
 4322.460  0.3485
 4322.480  0.4127
 4322.500  0.4946
 4322.520  0.5870
 4322.540  0.6782
 4322.560  0.7592
 4322.580  0.8268
 4322.600  0.8805
 4322.620  0.9205
 4322.640  0.9488
 4322.660  0.9673
 4322.680  0.9771
 4322.700  0.9819
 4322.720  0.9860
 4322.740  0.9904
 4322.760  0.9930
 4322.780  0.9900
 4322.800  0.9765
 4322.820  0.9505
 4322.840  0.9163
 4322.860  0.8843
 4322.880  0.8660
 4322.900  0.8678
 4322.920  0.8888
 4322.940  0.9208
 4322.960  0.9519
 4322.980  0.9735
 4323.000  0.9839
 4323.020  0.9886
 4323.040  0.9928
 4323.060  0.9967
 4323.080  0.9984
 4323.100  1.0001
 4323.120  1.0052
 4323.140  1.0120
 4323.160  1.0156
 4323.180  1.0120
 4323.200  0.9981
 4323.220  0.9747
 4323.240  0.9499
 4323.260  0.9342
 4323.280  0.9327
 4323.300  0.9427
 4323.320  0.9575
 4323.340  0.9710
 4323.360  0.9803
 4323.380  0.9851
 4323.400  0.9859
 4323.420  0.9814
 4323.440  0.9688
 4323.460  0.9464
 4323.480  0.9153
 4323.500  0.8803
 4323.520  0.8471
 4323.540  0.8209
 4323.560  0.8072
 4323.580  0.8110
 4323.600  0.8348
 4323.620  0.8721
 4323.640  0.9090
 4323.660  0.9349
 4323.680  0.9505
 4323.700  0.9608
 4323.720  0.9681
 4323.740  0.9734
 4323.760  0.9773
 4323.780  0.9823
 4323.800  0.9909
 4323.820  0.9992
 4323.840  0.9971
 4323.860  0.9731
 4323.880  0.9204
 4323.900  0.8416
 4323.920  0.7478
 4323.940  0.6541
 4323.960  0.5752
 4323.980  0.5195
 4324.000  0.4908
 4324.020  0.4939
 4324.040  0.5335
 4324.060  0.6095
 4324.080  0.7129
 4324.100  0.8243
 4324.120  0.9170
 4324.140  0.9667
 4324.160  0.9617
 4324.180  0.9072
 4324.200  0.8209
 4324.220  0.7258
 4324.240  0.6421
 4324.260  0.5818
 4324.280  0.5462
 4324.300  0.5287
 4324.320  0.5213
 4324.340  0.5172
 4324.360  0.5111
 4324.380  0.5008
 4324.400  0.4865
 4324.420  0.4657
 4324.440  0.4310
 4324.460  0.3780
 4324.480  0.3127
 4324.500  0.2495
 4324.520  0.2026
 4324.540  0.1746
 4324.560  0.1583
 4324.580  0.1479
 4324.600  0.1438
 4324.620  0.1451
 4324.640  0.1489
 4324.660  0.1566
 4324.680  0.1713
 4324.700  0.1911
 4324.720  0.2117
 4324.740  0.2347
 4324.760  0.2637
 4324.780  0.2987
 4324.800  0.3446
 4324.820  0.4152
 4324.840  0.5076
 4324.860  0.5904
 4324.880 -1.0000
 4324.900 -1.0000
 4324.920 -1.0000
 4324.940 -1.0000
 4324.960 -1.0000
 4324.980 -1.0000
 4325.000  0.9455
 4325.020  0.9542
 4325.040  0.9636
 4325.060  0.9769
 4325.080  0.9913
 4325.100  1.0037
 4325.120  1.0136
 4325.140  1.0206
 4325.160  1.0208
 4325.180  1.0114
 4325.200  1.0009
 4325.220  0.9996
 4325.240  1.0062
 4325.260  1.0133
 4325.280  1.0173
 4325.300  1.0185
 4325.320  1.0152
 4325.340  1.0056
 4325.360  0.9931
 4325.380  0.9821
 4325.400  0.9739
 4325.420  0.9671
 4325.440  0.9597
 4325.460  0.9497
 4325.480  0.9385
 4325.500  0.9342
 4325.520  0.9435
 4325.540  0.9630
 4325.560  0.9832
 4325.580  0.9964
 4325.600  1.0002
 4325.620  0.9988
 4325.640  0.9969
 4325.660  0.9936
 4325.680  0.9854
 4325.700  0.9727
 4325.720  0.9540
 4325.740  0.9242
 4325.760  0.8836
 4325.780  0.8399
 4325.800  0.8035
 4325.820  0.7831
 4325.840  0.7842
 4325.860  0.8047
 4325.880  0.8313
 4325.900  0.8481
 4325.920  0.8488
 4325.940  0.8362
 4325.960  0.8154
 4325.980  0.7940
 4326.000  0.7831
 4326.020  0.7936
 4326.040  0.8270
 4326.060  0.8747
 4326.080  0.9213
 4326.100  0.9498
 4326.120  0.9488
 4326.140  0.9195
 4326.160  0.8757
 4326.180  0.8374
 4326.200  0.8199
 4326.220  0.8223
 4326.240  0.8294
 4326.260  0.8237
 4326.280  0.7945
 4326.300  0.7396
 4326.320  0.6658
 4326.340  0.5892
 4326.360  0.5284
 4326.380  0.4944
 4326.400  0.4930
 4326.420  0.5298
 4326.440  0.6036
 4326.460  0.6981
 4326.480  0.7896
 4326.500  0.8619
 4326.520  0.9118
 4326.540  0.9462
 4326.560  0.9719
 4326.580  0.9898
 4326.600  0.9972
 4326.620  0.9935
 4326.640  0.9778
 4326.660  0.9445
 4326.680  0.8819
 4326.700  0.7785
 4326.720  0.6360
 4326.740  0.4765
 4326.760  0.3366
 4326.780  0.2441
 4326.800  0.1966
 4326.820  0.1732
 4326.840  0.1591
 4326.860  0.1514
 4326.880  0.1514
 4326.900  0.1588
 4326.920  0.1712
 4326.940  0.1852
 4326.960  0.1983
 4326.980  0.2099
 4327.000  0.2222
 4327.020  0.2395
 4327.040  0.2664
 4327.060  0.3043
 4327.080  0.3531
 4327.100  0.4138
 4327.120  0.4877
 4327.140  0.5698
 4327.160  0.6494
 4327.180  0.7161
 4327.200  0.7664
 4327.220  0.8045
 4327.240  0.8383
 4327.260  0.8745
 4327.280  0.9122
 4327.300  0.9416
 4327.320  0.9564
 4327.340  0.9628
 4327.360  0.9696
 4327.380  0.9775
 4327.400  0.9824
 4327.420  0.9801
 4327.440  0.9708
 4327.460  0.9610
 4327.480  0.9565
 4327.500  0.9587
 4327.520  0.9652
 4327.540  0.9708
 4327.560  0.9732
 4327.580  0.9747
 4327.600  0.9751
 4327.620  0.9708
 4327.640  0.9580
 4327.660  0.9352
 4327.680  0.9049
 4327.700  0.8729
 4327.720  0.8464
 4327.740  0.8357
 4327.760  0.8490
 4327.780  0.8816
 4327.800  0.9168
 4327.820  0.9438
 4327.840  0.9643
 4327.860  0.9816
 4327.880  0.9929
 4327.900  0.9966
 4327.920  0.9968
 4327.940  0.9977
 4327.960  0.9989
 4327.980 -1.0000
 4328.000 -1.0000
 4297.000  0.0000
 4297.020  0.0000
 4297.040  0.0090
 4297.060  0.0051
 4297.080  0.0002
 4297.100 -0.0047
 4297.120 -0.0065
 4297.140 -0.0035
 4297.160  0.0026
 4297.180  0.0096
 4297.200  0.0158
 4297.220  0.0203
 4297.240  0.0230
 4297.260  0.0236
 4297.280  0.0227
 4297.300  0.0209
 4297.320  0.0182
 4297.340  0.0139
 4297.360  0.0098
 4297.380  0.0099
 4297.400  0.0142
 4297.420  0.0161
 4297.440  0.0108
 4297.460  0.0007
 4297.480 -0.0075
 4297.500 -0.0096
 4297.520 -0.0063
 4297.540 -0.0020
 4297.560 -0.0002
 4297.580 -0.0012
 4297.600 -0.0038
 4297.620 -0.0065
 4297.640 -0.0071
 4297.660 -0.0055
 4297.680 -0.0050
 4297.700 -0.0090
 4297.720 -0.0164
 4297.740 -0.0229
 4297.760 -0.0246
 4297.780 -0.0199
 4297.800 -0.0107
 4297.820 -0.0015
 4297.840  0.0028
 4297.860  0.0012
 4297.880 -0.0026
 4297.900 -0.0039
 4297.920 -0.0010
 4297.940  0.0032
 4297.960  0.0048
 4297.980  0.0032
 4298.000  0.0008
 4298.020 -0.0007
 4298.040 -0.0015
 4298.060 -0.0008
 4298.080  0.0022
 4298.100  0.0057
 4298.120  0.0079
 4298.140  0.0091
 4298.160  0.0111
 4298.180  0.0140
 4298.200  0.0156
 4298.220  0.0134
 4298.240  0.0090
 4298.260  0.0070
 4298.280  0.0088
 4298.300  0.0115
 4298.320  0.0128
 4298.340  0.0130
 4298.360  0.0112
 4298.380  0.0050
 4298.400 -0.0049
 4298.420 -0.0135
 4298.440 -0.0147
 4298.460 -0.0074
 4298.480  0.0027
 4298.500  0.0085
 4298.520  0.0082
 4298.540  0.0043
 4298.560 -0.0016
 4298.580 -0.0077
 4298.600 -0.0099
 4298.620 -0.0065
 4298.640 -0.0012
 4298.660 -0.0001
 4298.680 -0.0056
 4298.700 -0.0149
 4298.720 -0.0222
 4298.740 -0.0238
 4298.760 -0.0209
 4298.780 -0.0174
 4298.800 -0.0159
 4298.820 -0.0153
 4298.840 -0.0132
 4298.860 -0.0099
 4298.880 -0.0082
 4298.900 -0.0089
 4298.920 -0.0097
 4298.940 -0.0069
 4298.960 -0.0012
 4298.980  0.0015
 4299.000 -0.0022
 4299.020 -0.0072
 4299.040 -0.0073
 4299.060 -0.0030
 4299.080  0.0019
 4299.100  0.0051
 4299.120  0.0074
 4299.140  0.0105
 4299.160  0.0141
 4299.180  0.0159
 4299.200  0.0151
 4299.220  0.0129
 4299.240  0.0111
 4299.260  0.0106
 4299.280  0.0113
 4299.300  0.0117
 4299.320  0.0101
 4299.340  0.0071
 4299.360  0.0063
 4299.380  0.0093
 4299.400  0.0116
 4299.420  0.0089
 4299.440  0.0028
 4299.460 -0.0026
 4299.480 -0.0058
 4299.500 -0.0072
 4299.520 -0.0067
 4299.540 -0.0035
 4299.560  0.0022
 4299.580  0.0081
 4299.600  0.0114
 4299.620  0.0122
 4299.640  0.0116
 4299.660  0.0087
 4299.680  0.0018
 4299.700 -0.0067
 4299.720 -0.0122
 4299.740 -0.0138
 4299.760 -0.0140
 4299.780 -0.0137
 4299.800 -0.0121
 4299.820 -0.0096
 4299.840 -0.0066
 4299.860 -0.0032
 4299.880  0.0009
 4299.900  0.0047
 4299.920  0.0052
 4299.940 -0.0006
 4299.960 -0.0103
 4299.980 -0.0174
 4300.000 -0.0173
 4300.020 -0.0109
 4300.040 -0.0016
 4300.060  0.0075
 4300.080  0.0146
 4300.100  0.0184
 4300.120  0.0176
 4300.140  0.0116
 4300.160  0.0026
 4300.180 -0.0049
 4300.200 -0.0073
 4300.220 -0.0047
 4300.240 -0.0001
 4300.260  0.0030
 4300.280  0.0032
 4300.300  0.0016
 4300.320  0.0004
 4300.340  0.0032
 4300.360  0.0110
 4300.380  0.0195
 4300.400  0.0230
 4300.420  0.0205
 4300.440  0.0151
 4300.460  0.0090
 4300.480  0.0026
 4300.500 -0.0030
 4300.520 -0.0061
 4300.540 -0.0048
 4300.560 -0.0008
 4300.580 -0.0005
 4300.600 -0.0081
 4300.620 -0.0195
 4300.640 -0.0266
 4300.660 -0.0261
 4300.680 -0.0200
 4300.700 -0.0118
 4300.720 -0.0055
 4300.740 -0.0042
 4300.760 -0.0080
 4300.780 -0.0138
 4300.800 -0.0171
 4300.820 -0.0152
 4300.840 -0.0102
 4300.860 -0.0067
 4300.880 -0.0057
 4300.900 -0.0048
 4300.920 -0.0036
 4300.940 -0.0033
 4300.960 -0.0035
 4300.980 -0.0021
 4301.000  0.0014
 4301.020  0.0057
 4301.040  0.0096
 4301.060  0.0124
 4301.080  0.0144
 4301.100  0.0145
 4301.120  0.0112
 4301.140  0.0053
 4301.160  0.0010
 4301.180  0.0019
 4301.200  0.0070
 4301.220  0.0134
 4301.240  0.0184
 4301.260  0.0207
 4301.280  0.0197
 4301.300  0.0158
 4301.320  0.0108
 4301.340  0.0085
 4301.360  0.0113
 4301.380  0.0172
 4301.400  0.0204
 4301.420  0.0165
 4301.440  0.0061
 4301.460 -0.0049
 4301.480 -0.0102
 4301.500 -0.0084
 4301.520 -0.0028
 4301.540  0.0017
 4301.560  0.0024
 4301.580  0.0004
 4301.600 -0.0014
 4301.620 -0.0015
 4301.640 -0.0012
 4301.660 -0.0026
 4301.680 -0.0064
 4301.700 -0.0112
 4301.720 -0.0162
 4301.740 -0.0203
 4301.760 -0.0198
 4301.780 -0.0115
 4301.800  0.0012
 4301.820  0.0105
 4301.840  0.0100
 4301.860  0.0013
 4301.880 -0.0065
 4301.900 -0.0075
 4301.920 -0.0066
 4301.940 -0.0090
 4301.960 -0.0111
 4301.980 -0.0081
 4302.000 -0.0017
 4302.020  0.0034
 4302.040  0.0054
 4302.060  0.0071
 4302.080  0.0113
 4302.100  0.0159
 4302.120  0.0162
 4302.140  0.0122
 4302.160  0.0079
 4302.180  0.0037
 4302.200 -0.0020
 4302.220 -0.0075
 4302.240 -0.0088
 4302.260 -0.0055
 4302.280 -0.0004
 4302.300  0.0040
 4302.320  0.0068
 4302.340  0.0085
 4302.360  0.0093
 4302.380  0.0077
 4302.400  0.0030
 4302.420 -0.0029
 4302.440 -0.0073
 4302.460 -0.0085
 4302.480 -0.0069
 4302.500 -0.0050
 4302.520 -0.0049
 4302.540 -0.0067
 4302.560 -0.0074
 4302.580 -0.0044
 4302.600  0.0001
 4302.620  0.0017
 4302.640 -0.0004
 4302.660 -0.0028
 4302.680 -0.0023
 4302.700  0.0018
 4302.720  0.0071
 4302.740  0.0103
 4302.760  0.0104
 4302.780  0.0091
 4302.800  0.0091
 4302.820  0.0102
 4302.840  0.0090
 4302.860  0.0035
 4302.880 -0.0031
 4302.900 -0.0053
 4302.920 -0.0007
 4302.940  0.0069
 4302.960  0.0104
 4302.980  0.0076
 4303.000  0.0019
 4303.020 -0.0038
 4303.040 -0.0085
 4303.060 -0.0104
 4303.080 -0.0080
 4303.100 -0.0026
 4303.120  0.0027
 4303.140  0.0058
 4303.160  0.0064
 4303.180  0.0050
 4303.200  0.0025
 4303.220 -0.0001
 4303.240 -0.0010
 4303.260  0.0013
 4303.280  0.0055
 4303.300  0.0078
 4303.320  0.0062
 4303.340  0.0020
 4303.360 -0.0018
 4303.380 -0.0034
 4303.400 -0.0024
 4303.420 -0.0004
 4303.440  0.0011
 4303.460  0.0008
 4303.480 -0.0012
 4303.500 -0.0042
 4303.520 -0.0069
 4303.540 -0.0083
 4303.560 -0.0080
 4303.580 -0.0068
 4303.600 -0.0068
 4303.620 -0.0083
 4303.640 -0.0088
 4303.660 -0.0077
 4303.680 -0.0072
 4303.700 -0.0082
 4303.720 -0.0079
 4303.740 -0.0046
 4303.760 -0.0003
 4303.780  0.0007
 4303.800 -0.0034
 4303.820 -0.0088
 4303.840 -0.0102
 4303.860 -0.0078
 4303.880 -0.0055
 4303.900 -0.0042
 4303.920 -0.0020
 4303.940  0.0009
 4303.960  0.0024
 4303.980  0.0013
 4304.000 -0.0018
 4304.020 -0.0043
 4304.040 -0.0038
 4304.060  0.0004
 4304.080  0.0060
 4304.100  0.0087
 4304.120  0.0058
 4304.140 -0.0009
 4304.160 -0.0061
 4304.180 -0.0051
 4304.200  0.0013
 4304.220  0.0079
 4304.240  0.0108
 4304.260  0.0097
 4304.280  0.0057
 4304.300  0.0008
 4304.320 -0.0021
 4304.340 -0.0011
 4304.360  0.0026
 4304.380  0.0057
 4304.400  0.0053
 4304.420  0.0016
 4304.440 -0.0016
 4304.460 -0.0015
 4304.480  0.0008
 4304.500  0.0031
 4304.520  0.0049
 4304.540  0.0066
 4304.560  0.0076
 4304.580  0.0054
 4304.600 -0.0021
 4304.620 -0.0114
 4304.640 -0.0154
 4304.660 -0.0110
 4304.680 -0.0012
 4304.700  0.0079
 4304.720  0.0118
 4304.740  0.0098
 4304.760  0.0039
 4304.780 -0.0019
 4304.800 -0.0043
 4304.820 -0.0021
 4304.840  0.0025
 4304.860  0.0055
 4304.880  0.0056
 4304.900  0.0058
 4304.920  0.0066
 4304.940  0.0042
 4304.960 -0.0020
 4304.980 -0.0071
 4305.000 -0.0079
 4305.020 -0.0067
 4305.040 -0.0069
 4305.060 -0.0085
 4305.080 -0.0082
 4305.100 -0.0045
 4305.120 -0.0019
 4305.140 -0.0045
 4305.160 -0.0084
 4305.180 -0.0073
 4305.200 -0.0028
 4305.220 -0.0009
 4305.240 -0.0038
 4305.260 -0.0088
 4305.280 -0.0119
 4305.300 -0.0115
 4305.320 -0.0090
 4305.340 -0.0067
 4305.360 -0.0052
 4305.380 -0.0042
 4305.400 -0.0037
 4305.420 -0.0040
 4305.440 -0.0045
 4305.460 -0.0044
 4305.480 -0.0030
 4305.500 -0.0001
 4305.520  0.0035
 4305.540  0.0063
 4305.560  0.0081
 4305.580  0.0112
 4305.600  0.0164
 4305.620  0.0197
 4305.640  0.0174
 4305.660  0.0111
 4305.680  0.0054
 4305.700  0.0024
 4305.720  0.0013
 4305.740  0.0006
 4305.760  0.0001
 4305.780  0.0016
 4305.800  0.0052
 4305.820  0.0084
 4305.840  0.0093
 4305.860  0.0079
 4305.880  0.0061
 4305.900  0.0059
 4305.920  0.0078
 4305.940  0.0106
 4305.960  0.0122
 4305.980  0.0116
 4306.000  0.0094
 4306.020  0.0066
 4306.040  0.0039
 4306.060  0.0020
 4306.080  0.0023
 4306.100  0.0047
 4306.120  0.0065
 4306.140  0.0055
 4306.160  0.0019
 4306.180 -0.0021
 4306.200 -0.0053
 4306.220 -0.0075
 4306.240 -0.0094
 4306.260 -0.0104
 4306.280 -0.0100
 4306.300 -0.0093
 4306.320 -0.0101
 4306.340 -0.0106
 4306.360 -0.0083
 4306.380 -0.0041
 4306.400 -0.0019
 4306.420 -0.0043
 4306.440 -0.0104
 4306.460 -0.0170
 4306.480 -0.0219
 4306.500 -0.0255
 4306.520 -0.0279
 4306.540 -0.0274
 4306.560 -0.0235
 4306.580 -0.0186
 4306.600 -0.0157
 4306.620 -0.0149
 4306.640 -0.0137
 4306.660 -0.0101
 4306.680 -0.0057
 4306.700 -0.0046
 4306.720 -0.0072
 4306.740 -0.0089
 4306.760 -0.0048
 4306.780  0.0051
 4306.800  0.0146
 4306.820  0.0170
 4306.840  0.0130
 4306.860  0.0085
 4306.880  0.0075
 4306.900  0.0103
 4306.920  0.0147
 4306.940  0.0186
 4306.960  0.0217
 4306.980  0.0239
 4307.000  0.0251
 4307.020  0.0254
 4307.040  0.0256
 4307.060  0.0253
 4307.080  0.0233
 4307.100  0.0193
 4307.120  0.0144
 4307.140  0.0102
 4307.160  0.0080
 4307.180  0.0088
 4307.200  0.0118
 4307.220  0.0132
 4307.240  0.0102
 4307.260  0.0043
 4307.280 -0.0003
 4307.300 -0.0018
 4307.320 -0.0011
 4307.340 -0.0001
 4307.360  0.0005
 4307.380  0.0013
 4307.400  0.0023
 4307.420  0.0021
 4307.440  0.0006
 4307.460 -0.0005
 4307.480 -0.0017
 4307.500 -0.0056
 4307.520 -0.0121
 4307.540 -0.0177
 4307.560 -0.0190
 4307.580 -0.0152
 4307.600 -0.0078
 4307.620  0.0000
 4307.640  0.0050
 4307.660  0.0063
 4307.680  0.0052
 4307.700  0.0038
 4307.720  0.0040
 4307.740  0.0059
 4307.760  0.0084
 4307.780  0.0104
 4307.800  0.0122
 4307.820  0.0136
 4307.840  0.0129
 4307.860  0.0093
 4307.880  0.0041
 4307.900 -0.0009
 4307.920 -0.0042
 4307.940 -0.0041
 4307.960  0.0002
 4307.980  0.0072
 4308.000  0.0136
 4308.020  0.0171
 4308.040  0.0173
 4308.060  0.0150
 4308.080  0.0115
 4308.100  0.0084
 4308.120  0.0062
 4308.140  0.0047
 4308.160  0.0036
 4308.180  0.0034
 4308.200  0.0038
 4308.220  0.0031
 4308.240  0.0009
 4308.260 -0.0008
 4308.280  0.0004
 4308.300  0.0042
 4308.320  0.0061
 4308.340  0.0025
 4308.360 -0.0040
 4308.380 -0.0064
 4308.400 -0.0034
 4308.420  0.0008
 4308.440  0.0033
 4308.460  0.0047
 4308.480  0.0058
 4308.500  0.0069
 4308.520  0.0078
 4308.540  0.0083
 4308.560  0.0081
 4308.580  0.0062
 4308.600  0.0015
 4308.620 -0.0057
 4308.640 -0.0126
 4308.660 -0.0152
 4308.680 -0.0114
 4308.700 -0.0027
 4308.720  0.0063
 4308.740  0.0108
 4308.760  0.0105
 4308.780  0.0098
 4308.800  0.0121
 4308.820  0.0149
 4308.840  0.0139
 4308.860  0.0098
 4308.880  0.0065
 4308.900  0.0046
 4308.920  0.0021
 4308.940 -0.0009
 4308.960 -0.0026
 4308.980 -0.0026
 4309.000 -0.0017
 4309.020 -0.0006
 4309.040  0.0011
 4309.060  0.0043
 4309.080  0.0082
 4309.100  0.0114
 4309.120  0.0130
 4309.140  0.0128
 4309.160  0.0095
 4309.180  0.0021
 4309.200 -0.0055
 4309.220 -0.0076
 4309.240 -0.0051
 4309.260 -0.0034
 4309.280 -0.0059
 4309.300 -0.0104
 4309.320 -0.0130
 4309.340 -0.0111
 4309.360 -0.0054
 4309.380  0.0010
 4309.400  0.0038
 4309.420  0.0013
 4309.440 -0.0038
 4309.460 -0.0074
 4309.480 -0.0074
 4309.500 -0.0056
 4309.520 -0.0053
 4309.540 -0.0065
 4309.560 -0.0063
 4309.580 -0.0044
 4309.600 -0.0037
 4309.620 -0.0043
 4309.640 -0.0023
 4309.660  0.0045
 4309.680  0.0135
 4309.700  0.0191
 4309.720  0.0180
 4309.740  0.0127
 4309.760  0.0082
 4309.780  0.0079
 4309.800  0.0108
 4309.820  0.0129
 4309.840  0.0111
 4309.860  0.0067
 4309.880  0.0037
 4309.900  0.0045
 4309.920  0.0075
 4309.940  0.0078
 4309.960  0.0042
 4309.980  0.0006
 4310.000  0.0006
 4310.020  0.0032
 4310.040  0.0062
 4310.060  0.0076
 4310.080  0.0067
 4310.100  0.0037
 4310.120 -0.0002
 4310.140 -0.0025
 4310.160 -0.0004
 4310.180  0.0065
 4310.200  0.0141
 4310.220  0.0177
 4310.240  0.0156
 4310.260  0.0109
 4310.280  0.0078
 4310.300  0.0069
 4310.320  0.0044
 4310.340 -0.0014
 4310.360 -0.0070
 4310.380 -0.0072
 4310.400 -0.0014
 4310.420  0.0045
 4310.440  0.0038
 4310.460 -0.0034
 4310.480 -0.0098
 4310.500 -0.0085
 4310.520  0.0006
 4310.540  0.0113
 4310.560  0.0171
 4310.580  0.0166
 4310.600  0.0125
 4310.620  0.0075
 4310.640  0.0023
 4310.660 -0.0031
 4310.680 -0.0077
 4310.700 -0.0092
 4310.720 -0.0068
 4310.740 -0.0033
 4310.760 -0.0014
 4310.780 -0.0016
 4310.800 -0.0022
 4310.820 -0.0012
 4310.840  0.0020
 4310.860  0.0064
 4310.880  0.0098
 4310.900  0.0101
 4310.920  0.0063
 4310.940 -0.0001
 4310.960 -0.0054
 4310.980 -0.0072
 4311.000 -0.0065
 4311.020 -0.0055
 4311.040 -0.0040
 4311.060 -0.0012
 4311.080  0.0013
 4311.100  0.0022
 4311.120  0.0035
 4311.140  0.0070
 4311.160  0.0111
 4311.180  0.0132
 4311.200  0.0130
 4311.220  0.0137
 4311.240  0.0181
 4311.260  0.0237
 4311.280  0.0246
 4311.300  0.0183
 4311.320  0.0085
 4311.340  0.0003
 4311.360 -0.0033
 4311.380 -0.0026
 4311.400  0.0002
 4311.420  0.0031
 4311.440  0.0048
 4311.460  0.0045
 4311.480  0.0023
 4311.500 -0.0005
 4311.520 -0.0022
 4311.540 -0.0014
 4311.560  0.0016
 4311.580  0.0051
 4311.600  0.0061
 4311.620  0.0031
 4311.640 -0.0014
 4311.660 -0.0024
 4311.680  0.0011
 4311.700  0.0047
 4311.720  0.0031
 4311.740 -0.0042
 4311.760 -0.0127
 4311.780 -0.0173
 4311.800 -0.0173
 4311.820 -0.0142
 4311.840 -0.0077
 4311.860  0.0013
 4311.880  0.0067
 4311.900  0.0042
 4311.920 -0.0041
 4311.940 -0.0127
 4311.960 -0.0171
 4311.980 -0.0171
 4312.000 -0.0153
 4312.020 -0.0135
 4312.040 -0.0116
 4312.060 -0.0105
 4312.080 -0.0120
 4312.100 -0.0140
 4312.120 -0.0126
 4312.140 -0.0083
 4312.160 -0.0060
 4312.180 -0.0070
 4312.200 -0.0075
 4312.220 -0.0037
 4312.240  0.0038
 4312.260  0.0097
 4312.280  0.0101
 4312.300  0.0068
 4312.320  0.0046
 4312.340  0.0054
 4312.360  0.0084
 4312.380  0.0125
 4312.400  0.0160
 4312.420  0.0173
 4312.440  0.0165
 4312.460  0.0148
 4312.480  0.0124
 4312.500  0.0083
 4312.520  0.0033
 4312.540  0.0010
 4312.560  0.0034
 4312.580  0.0087
 4312.600  0.0132
 4312.620  0.0141
 4312.640  0.0114
 4312.660  0.0071
 4312.680  0.0034
 4312.700  0.0014
 4312.720  0.0011
 4312.740  0.0009
 4312.760 -0.0009
 4312.780 -0.0040
 4312.800 -0.0059
 4312.820 -0.0058
 4312.840 -0.0054
 4312.860 -0.0052
 4312.880 -0.0036
 4312.900 -0.0018
 4312.920 -0.0037
 4312.940 -0.0084
 4312.960 -0.0099
 4312.980 -0.0055
 4313.000  0.0016
 4313.020  0.0058
 4313.040  0.0045
 4313.060  0.0005
 4313.080 -0.0024
 4313.100 -0.0061
 4313.120 -0.0117
 4313.140 -0.0110
 4313.160  0.0038
 4313.180  0.0252
 4313.200  0.0363
 4313.220  0.0312
 4313.240  0.0182
 4313.260  0.0075
 4313.280  0.0030
 4313.300  0.0028
 4313.320  0.0050
 4313.340  0.0086
 4313.360  0.0106
 4313.380  0.0072
 4313.400 -0.0010
 4313.420 -0.0086
 4313.440 -0.0112
 4313.460 -0.0094
 4313.480 -0.0078
 4313.500 -0.0094
 4313.520 -0.0116
 4313.540 -0.0109
 4313.560 -0.0100
 4313.580 -0.0123
 4313.600 -0.0149
 4313.620 -0.0131
 4313.640 -0.0070
 4313.660 -0.0014
 4313.680 -0.0001
 4313.700 -0.0019
 4313.720 -0.0030
 4313.740 -0.0016
 4313.760  0.0009
 4313.780  0.0045
 4313.800  0.0100
 4313.820  0.0142
 4313.840  0.0125
 4313.860  0.0048
 4313.880 -0.0029
 4313.900 -0.0042
 4313.920  0.0017
 4313.940  0.0085
 4313.960  0.0102
 4313.980  0.0086
 4314.000  0.0084
 4314.020  0.0098
 4314.040  0.0105
 4314.060  0.0087
 4314.080  0.0041
 4314.100 -0.0026
 4314.120 -0.0103
 4314.140 -0.0171
 4314.160 -0.0190
 4314.180 -0.0128
 4314.200 -0.0024
 4314.220  0.0033
 4314.240  0.0008
 4314.260 -0.0058
 4314.280 -0.0095
 4314.300 -0.0069
 4314.320 -0.0013
 4314.340  0.0022
 4314.360  0.0019
 4314.380 -0.0022
 4314.400 -0.0116
 4314.420 -0.0257
 4314.440 -0.0368
 4314.460 -0.0332
 4314.480 -0.0145
 4314.500  0.0051
 4314.520  0.0118
 4314.540  0.0065
 4314.560 -0.0023
 4314.580 -0.0093
 4314.600 -0.0152
 4314.620 -0.0208
 4314.640 -0.0240
 4314.660 -0.0213
 4314.680 -0.0113
 4314.700  0.0004
 4314.720  0.0056
 4314.740  0.0034
 4314.760 -0.0016
 4314.780 -0.0065
 4314.800 -0.0102
 4314.820 -0.0121
 4314.840 -0.0108
 4314.860 -0.0061
 4314.880 -0.0004
 4314.900  0.0025
 4314.920  0.0017
 4314.940  0.0008
 4314.960  0.0027
 4314.980  0.0067
 4315.000  0.0097
 4315.020  0.0103
 4315.040  0.0092
 4315.060  0.0080
 4315.080  0.0078
 4315.100  0.0093
 4315.120  0.0129
 4315.140  0.0175
 4315.160  0.0202
 4315.180  0.0191
 4315.200  0.0156
 4315.220  0.0111
 4315.240  0.0040
 4315.260 -0.0060
 4315.280 -0.0144
 4315.300 -0.0167
 4315.320 -0.0133
 4315.340 -0.0073
 4315.360 -0.0002
 4315.380  0.0066
 4315.400  0.0107
 4315.420  0.0102
 4315.440  0.0057
 4315.460  0.0018
 4315.480  0.0023
 4315.500  0.0029
 4315.520 -0.0027
 4315.540 -0.0120
 4315.560 -0.0169
 4315.580 -0.0156
 4315.600 -0.0146
 4315.620 -0.0233
 4315.640 -0.0414
 4315.660 -0.0465
 4315.680 -0.0187
 4315.700  0.0203
 4315.720  0.0356
 4315.740  0.0272
 4315.760  0.0126
 4315.780 -0.0005
 4315.800 -0.0092
 4315.820 -0.0100
 4315.840 -0.0035
 4315.860  0.0045
 4315.880  0.0064
 4315.900 -0.0016
 4315.920 -0.0166
 4315.940 -0.0305
 4315.960 -0.0354
 4315.980 -0.0270
 4316.000 -0.0052
 4316.020  0.0209
 4316.040  0.0337
 4316.060  0.0269
 4316.080  0.0120
 4316.100  0.0011
 4316.120 -0.0023
 4316.140  0.0000
 4316.160  0.0038
 4316.180  0.0032
 4316.200 -0.0058
 4316.220 -0.0204
 4316.240 -0.0322
 4316.260 -0.0333
 4316.280 -0.0235
 4316.300 -0.0113
 4316.320 -0.0066
 4316.340 -0.0098
 4316.360 -0.0122
 4316.380 -0.0075
 4316.400  0.0032
 4316.420  0.0142
 4316.440  0.0195
 4316.460  0.0157
 4316.480  0.0050
 4316.500 -0.0049
 4316.520 -0.0089
 4316.540 -0.0085
 4316.560 -0.0058
 4316.580  0.0029
 4316.600  0.0195
 4316.620  0.0348
 4316.640  0.0369
 4316.660  0.0262
 4316.680  0.0132
 4316.700  0.0066
 4316.720  0.0067
 4316.740  0.0089
 4316.760  0.0087
 4316.780  0.0056
 4316.800  0.0016
 4316.820 -0.0011
 4316.840 -0.0023
 4316.860 -0.0040
 4316.880 -0.0081
 4316.900 -0.0133
 4316.920 -0.0152
 4316.940 -0.0119
 4316.960 -0.0074
 4316.980 -0.0051
 4317.000 -0.0026
 4317.020  0.0028
 4317.040  0.0093
 4317.060  0.0122
 4317.080  0.0085
 4317.100  0.0004
 4317.120 -0.0066
 4317.140 -0.0105
 4317.160 -0.0130
 4317.180 -0.0150
 4317.200 -0.0163
 4317.220 -0.0171
 4317.240 -0.0190
 4317.260 -0.0229
 4317.280 -0.0272
 4317.300 -0.0267
 4317.320 -0.0179
 4317.340 -0.0053
 4317.360  0.0032
 4317.380  0.0048
 4317.400  0.0025
 4317.420 -0.0008
 4317.440 -0.0048
 4317.460 -0.0105
 4317.480 -0.0141
 4317.500 -0.0100
 4317.520  0.0001
 4317.540  0.0073
 4317.560  0.0079
 4317.580  0.0075
 4317.600  0.0111
 4317.620  0.0177
 4317.640  0.0218
 4317.660  0.0205
 4317.680  0.0171
 4317.700  0.0155
 4317.720  0.0144
 4317.740  0.0121
 4317.760  0.0105
 4317.780  0.0101
 4317.800  0.0074
 4317.820  0.0015
 4317.840 -0.0021
 4317.860  0.0009
 4317.880  0.0078
 4317.900  0.0132
 4317.920  0.0136
 4317.940  0.0095
 4317.960  0.0038
 4317.980  0.0003
 4318.000  0.0011
 4318.020  0.0054
 4318.040  0.0099
 4318.060  0.0107
 4318.080  0.0072
 4318.100  0.0041
 4318.120  0.0052
 4318.140  0.0075
 4318.160  0.0061
 4318.180  0.0009
 4318.200 -0.0040
 4318.220 -0.0049
 4318.240 -0.0012
 4318.260  0.0042
 4318.280  0.0075
 4318.300  0.0070
 4318.320  0.0041
 4318.340  0.0014
 4318.360 -0.0004
 4318.380 -0.0021
 4318.400 -0.0016
 4318.420  0.0038
 4318.440  0.0117
 4318.460  0.0163
 4318.480  0.0137
 4318.500  0.0057
 4318.520 -0.0018
 4318.540 -0.0046
 4318.560 -0.0038
 4318.580 -0.0024
 4318.600 -0.0011
 4318.620 -0.0006
 4318.640 -0.0027
 4318.660 -0.0060
 4318.680 -0.0051
 4318.700  0.0007
 4318.720  0.0057
 4318.740  0.0051
 4318.760  0.0004
 4318.780 -0.0031
 4318.800 -0.0027
 4318.820 -0.0005
 4318.840 -0.0005
 4318.860 -0.0031
 4318.880 -0.0058
 4318.900 -0.0079
 4318.920 -0.0096
 4318.940 -0.0089
 4318.960 -0.0038
 4318.980  0.0042
 4319.000  0.0111
 4319.020  0.0140
 4319.040  0.0132
 4319.060  0.0107
 4319.080  0.0081
 4319.100  0.0061
 4319.120  0.0060
 4319.140  0.0095
 4319.160  0.0155
 4319.180  0.0198
 4319.200  0.0193
 4319.220  0.0148
 4319.240  0.0093
 4319.260  0.0054
 4319.280  0.0030
 4319.300  0.0015
 4319.320  0.0018
 4319.340  0.0043
 4319.360  0.0064
 4319.380  0.0053
 4319.400  0.0017
 4319.420 -0.0019
 4319.440 -0.0047
 4319.460 -0.0067
 4319.480 -0.0076
 4319.500 -0.0068
 4319.520 -0.0046
 4319.540 -0.0033
 4319.560 -0.0053
 4319.580 -0.0088
 4319.600 -0.0098
 4319.620 -0.0077
 4319.640 -0.0066
 4319.660 -0.0108
 4319.680 -0.0199
 4319.700 -0.0285
 4319.720 -0.0308
 4319.740 -0.0262
 4319.760 -0.0185
 4319.780 -0.0110
 4319.800 -0.0052
 4319.820 -0.0013
 4319.840  0.0006
 4319.860  0.0002
 4319.880 -0.0017
 4319.900 -0.0027
 4319.920 -0.0015
 4319.940  0.0001
 4319.960  0.0004
 4319.980 -0.0001
 4320.000  0.0006
 4320.020  0.0043
 4320.040  0.0111
 4320.060  0.0186
 4320.080  0.0227
 4320.100  0.0214
 4320.120  0.0177
 4320.140  0.0161
 4320.160  0.0175
 4320.180  0.0187
 4320.200  0.0161
 4320.220  0.0105
 4320.240  0.0073
 4320.260  0.0096
 4320.280  0.0140
 4320.300  0.0163
 4320.320  0.0169
 4320.340  0.0171
 4320.360  0.0155
 4320.380  0.0111
 4320.400  0.0056
 4320.420  0.0022
 4320.440  0.0027
 4320.460  0.0062
 4320.480  0.0098
 4320.500  0.0108
 4320.520  0.0085
 4320.540  0.0036
 4320.560 -0.0020
 4320.580 -0.0057
 4320.600 -0.0061
 4320.620 -0.0040
 4320.640 -0.0009
 4320.660  0.0026
 4320.680  0.0060
 4320.700  0.0079
 4320.720  0.0076
 4320.740  0.0051
 4320.760  0.0015
 4320.780 -0.0019
 4320.800 -0.0027
 4320.820  0.0006
 4320.840  0.0056
 4320.860  0.0079
 4320.880  0.0050
 4320.900 -0.0011
 4320.920 -0.0058
 4320.940 -0.0054
 4320.960  0.0005
 4320.980  0.0088
 4321.000  0.0145
 4321.020  0.0139
 4321.040  0.0075
 4321.060 -0.0008
 4321.080 -0.0059
 4321.100 -0.0051
 4321.120  0.0002
 4321.140  0.0065
 4321.160  0.0103
 4321.180  0.0100
 4321.200  0.0063
 4321.220  0.0014
 4321.240 -0.0025
 4321.260 -0.0038
 4321.280 -0.0026
 4321.300 -0.0002
 4321.320  0.0005
 4321.340 -0.0030
 4321.360 -0.0093
 4321.380 -0.0119
 4321.400 -0.0060
 4321.420  0.0039
 4321.440  0.0094
 4321.460  0.0077
 4321.480  0.0019
 4321.500 -0.0034
 4321.520 -0.0055
 4321.540 -0.0041
 4321.560 -0.0006
 4321.580  0.0029
 4321.600  0.0039
 4321.620  0.0008
 4321.640 -0.0038
 4321.660 -0.0052
 4321.680 -0.0027
 4321.700 -0.0004
 4321.720 -0.0001
 4321.740  0.0004
 4321.760  0.0036
 4321.780  0.0092
 4321.800  0.0148
 4321.820  0.0173
 4321.840  0.0157
 4321.860  0.0111
 4321.880  0.0061
 4321.900  0.0030
 4321.920  0.0035
 4321.940  0.0077
 4321.960  0.0134
 4321.980  0.0158
 4322.000  0.0102
 4322.020 -0.0015
 4322.040 -0.0113
 4322.060 -0.0149
 4322.080 -0.0148
 4322.100 -0.0149
 4322.120 -0.0153
 4322.140 -0.0127
 4322.160 -0.0061
 4322.180 -0.0003
 4322.200  0.0002
 4322.220 -0.0017
 4322.240 -0.0009
 4322.260  0.0006
 4322.280 -0.0006
 4322.300 -0.0020
 4322.320 -0.0003
 4322.340  0.0020
 4322.360  0.0012
 4322.380 -0.0009
 4322.400 -0.0004
 4322.420  0.0037
 4322.440  0.0087
 4322.460  0.0110
 4322.480  0.0104
 4322.500  0.0094
 4322.520  0.0089
 4322.540  0.0086
 4322.560  0.0107
 4322.580  0.0174
 4322.600  0.0236
 4322.620  0.0223
 4322.640  0.0143
 4322.660  0.0068
 4322.680  0.0044
 4322.700  0.0069
 4322.720  0.0111
 4322.740  0.0144
 4322.760  0.0156
 4322.780  0.0142
 4322.800  0.0099
 4322.820  0.0042
 4322.840  0.0006
 4322.860  0.0019
 4322.880  0.0072
 4322.900  0.0131
 4322.920  0.0163
 4322.940  0.0154
 4322.960  0.0114
 4322.980  0.0070
 4323.000  0.0041
 4323.020  0.0026
 4323.040  0.0010
 4323.060 -0.0015
 4323.080 -0.0035
 4323.100 -0.0029
 4323.120  0.0006
 4323.140  0.0039
 4323.160  0.0024
 4323.180 -0.0049
 4323.200 -0.0127
 4323.220 -0.0124
 4323.240 -0.0029
 4323.260  0.0062
 4323.280  0.0077
 4323.300  0.0040
 4323.320  0.0013
 4323.340  0.0021
 4323.360  0.0038
 4323.380  0.0030
 4323.400  0.0010
 4323.420  0.0009
 4323.440  0.0019
 4323.460  0.0008
 4323.480 -0.0014
 4323.500 -0.0013
 4323.520  0.0012
 4323.540  0.0033
 4323.560  0.0033
 4323.580  0.0021
 4323.600  0.0017
 4323.620  0.0030
 4323.640  0.0044
 4323.660  0.0043
 4323.680  0.0038
 4323.700  0.0044
 4323.720  0.0065
 4323.740  0.0081
 4323.760  0.0070
 4323.780  0.0035
 4323.800  0.0008
 4323.820  0.0011
 4323.840  0.0040
 4323.860  0.0060
 4323.880  0.0046
 4323.900  0.0006
 4323.920 -0.0031
 4323.940 -0.0038
 4323.960 -0.0016
 4323.980  0.0016
 4324.000  0.0046
 4324.020  0.0081
 4324.040  0.0126
 4324.060  0.0166
 4324.080  0.0174
 4324.100  0.0135
 4324.120  0.0063
 4324.140 -0.0012
 4324.160 -0.0066
 4324.180 -0.0091
 4324.200 -0.0082
 4324.220 -0.0041
 4324.240 -0.0004
 4324.260 -0.0014
 4324.280 -0.0071
 4324.300 -0.0128
 4324.320 -0.0139
 4324.340 -0.0095
 4324.360 -0.0035
 4324.380 -0.0007
 4324.400 -0.0029
 4324.420 -0.0089
 4324.440 -0.0160
 4324.460 -0.0208
 4324.480 -0.0209
 4324.500 -0.0163
 4324.520 -0.0100
 4324.540 -0.0054
 4324.560 -0.0033
 4324.580 -0.0027
 4324.600 -0.0020
 4324.620 -0.0007
 4324.640  0.0008
 4324.660  0.0017
 4324.680  0.0020
 4324.700  0.0018
 4324.720  0.0013
 4324.740  0.0011
 4324.760  0.0024
 4324.780  0.0064
 4324.800  0.0126
 4324.820  0.0182
 4324.840  0.0194
 4324.860  0.0144
 4324.880  0.0053
 4324.900 -0.0022
 4324.920 -0.0015
 4324.940  0.0083
 4324.960  0.0193
 4324.980  0.0230
 4325.000  0.0191
 4325.020  0.0134
 4325.040  0.0101
 4325.060  0.0088
 4325.080  0.0074
 4325.100  0.0049
 4325.120  0.0021
 4325.140 -0.0003
 4325.160 -0.0036
 4325.180 -0.0078
 4325.200 -0.0092
 4325.220 -0.0047
 4325.240  0.0033
 4325.260  0.0095
 4325.280  0.0104
 4325.300  0.0061
 4325.320 -0.0008
 4325.340 -0.0063
 4325.360 -0.0070
 4325.380 -0.0038
 4325.400 -0.0007
 4325.420 -0.0004
 4325.440 -0.0011
 4325.460  0.0007
 4325.480  0.0063
 4325.500  0.0124
 4325.520  0.0140
 4325.540  0.0101
 4325.560  0.0037
 4325.580 -0.0017
 4325.600 -0.0035
 4325.620 -0.0004
 4325.640  0.0057
 4325.660  0.0097
 4325.680  0.0080
 4325.700  0.0028
 4325.720 -0.0012
 4325.740 -0.0013
 4325.760  0.0015
 4325.780  0.0047
 4325.800  0.0057
 4325.820  0.0045
 4325.840  0.0026
 4325.860  0.0020
 4325.880  0.0027
 4325.900  0.0032
 4325.920  0.0018
 4325.940 -0.0009
 4325.960 -0.0019
 4325.980  0.0008
 4326.000  0.0048
 4326.020  0.0063
 4326.040  0.0049
 4326.060  0.0033
 4326.080  0.0036
 4326.100  0.0062
 4326.120  0.0100
 4326.140  0.0131
 4326.160  0.0136
 4326.180  0.0114
 4326.200  0.0076
 4326.220  0.0045
 4326.240  0.0035
 4326.260  0.0041
 4326.280  0.0046
 4326.300  0.0048
 4326.320  0.0049
 4326.340  0.0037
 4326.360  0.0003
 4326.380 -0.0026
 4326.400  0.0000
 4326.420  0.0099
 4326.440  0.0223
 4326.460  0.0276
 4326.480  0.0200
 4326.500  0.0035
 4326.520 -0.0122
 4326.540 -0.0200
 4326.560 -0.0181
 4326.580 -0.0095
 4326.600  0.0002
 4326.620  0.0059
 4326.640  0.0049
 4326.660 -0.0016
 4326.680 -0.0099
 4326.700 -0.0161
 4326.720 -0.0194
 4326.740 -0.0204
 4326.760 -0.0191
 4326.780 -0.0151
 4326.800 -0.0099
 4326.820 -0.0061
 4326.840 -0.0041
 4326.860 -0.0024
 4326.880  0.0004
 4326.900  0.0027
 4326.920  0.0014
 4326.940 -0.0043
 4326.960 -0.0096
 4326.980 -0.0088
 4327.000 -0.0014
 4327.020  0.0083
 4327.040  0.0146
 4327.060  0.0157
 4327.080  0.0148
 4327.100  0.0154
 4327.120  0.0179
 4327.140  0.0198
 4327.160  0.0187
 4327.180  0.0153
 4327.200  0.0129
 4327.220  0.0133
 4327.240  0.0155
 4327.260  0.0165
 4327.280  0.0146
 4327.300  0.0118
 4327.320  0.0110
 4327.340  0.0126
 4327.360  0.0143
 4327.380  0.0133
 4327.400  0.0091
 4327.420  0.0044
 4327.440  0.0019
 4327.460  0.0023
 4327.480  0.0040
 4327.500  0.0050
 4327.520  0.0040
 4327.540  0.0014
 4327.560 -0.0005
 4327.580 -0.0005
 4327.600  0.0003
 4327.620 -0.0002
 4327.640 -0.0009
 4327.660 -0.0001
 4327.680  0.0011
 4327.700  0.0008
 4327.720 -0.0001
 4327.740  0.0006
 4327.760  0.0035
 4327.780  0.0058
 4327.800  0.0040
 4327.820 -0.0013
 4327.840 -0.0048
 4327.860 -0.0037
 4327.880 -0.0009
 4327.900  0.0006
 4327.920  0.0004
 4327.940 -0.0011
 4327.960 -0.0037
 4327.980  0.0000
 4328.000  0.0000
