           1.02  
          -0.31
 4322.000  0.9953
 4322.020  0.9834
 4322.040  0.9604
 4322.060  0.9160
 4322.080  0.8293
 4322.100  0.6945
 4322.120  0.5305
 4322.140  0.3753
 4322.160  0.2636
 4322.180  0.2035
 4322.200  0.1781
 4322.220  0.1659
 4322.240  0.1559
 4322.260  0.1500
 4322.280  0.1528
 4322.300  0.1627
 4322.320  0.1738
 4322.340  0.1830
 4322.360  0.1929
 4322.380  0.2092
 4322.400  0.2345
 4322.420  0.2656
 4322.440  0.3017
 4322.460  0.3485
 4322.480  0.4127
 4322.500  0.4946
 4322.520  0.5870
 4322.540  0.6782
 4322.560  0.7592
 4322.580  0.8268
 4322.600  0.8805
 4322.620  0.9205
 4322.640  0.9488
 4322.660  0.9673
 4322.680  0.9771
 4322.700  0.9819
 4322.720  0.9860
 4322.740  0.9904
 4322.760  0.9930
 4322.780  0.9900
 4322.800  0.9765
 4322.820  0.9505
 4322.840  0.9163
 4322.860  0.8843
 4322.880  0.8660
 4322.900  0.8678
 4322.920  0.8888
 4322.940  0.9208
 4322.960  0.9519
 4322.980  0.9735
 4323.000  0.9839
 4323.020  0.9886
 4323.040  0.9928
 4323.060  0.9967
 4323.080  0.9984
 4323.100  1.0001
 4323.120  1.0052
 4323.140  1.0120
 4323.160  1.0156
 4323.180  1.0120
 4323.200  0.9981
 4323.220  0.9747
 4323.240  0.9499
 4323.260  0.9342
 4323.280  0.9327
 4323.300  0.9427
 4323.320  0.9575
 4323.340  0.9710
 4323.360  0.9803
 4323.380  0.9851
 4323.400  0.9859
 4323.420  0.9814
 4323.440  0.9688
 4323.460  0.9464
 4323.480  0.9153
 4323.500  0.8803
 4323.520  0.8471
 4323.540  0.8209
 4323.560  0.8072
 4323.580  0.8110
 4323.600  0.8348
 4323.620  0.8721
 4323.640  0.9090
 4323.660  0.9349
 4323.680  0.9505
 4323.700  0.9608
 4323.720  0.9681
 4323.740  0.9734
 4323.760  0.9773
 4323.780  0.9823
 4323.800  0.9909
 4323.820  0.9992
 4323.840  0.9971
 4323.860  0.9731
 4323.880  0.9204
 4323.900  0.8416
 4323.920  0.7478
 4323.940  0.6541
 4323.960  0.5752
 4323.980  0.5195
 4324.000  0.4908
 4324.020  0.4939
 4324.040  0.5335
 4324.060  0.6095
 4324.080  0.7129
 4324.100  0.8243
 4324.120  0.9170
 4324.140  0.9667
 4324.160  0.9617
 4324.180  0.9072
 4324.200  0.8209
 4324.220  0.7258
 4324.240  0.6421
 4324.260  0.5818
 4324.280  0.5461
 4324.300  0.5286
 4324.320  0.5213
 4324.340  0.5172
 4324.360  0.5111
 4324.380  0.5008
 4324.400  0.4865
 4324.420  0.4657
 4324.440  0.4310
 4324.460  0.3780
 4324.480  0.3127
 4324.500  0.2495
 4324.520  0.2026
 4324.540  0.1746
 4324.560  0.1583
 4324.580  0.1479
 4324.600  0.1438
 4324.620  0.1451
 4324.640  0.1489
 4324.660  0.1566
 4324.680  0.1713
 4324.700  0.1911
 4324.720  0.2117
 4324.740  0.2347
 4324.760  0.2637
 4324.780  0.2987
 4324.800  0.3446
 4324.820  0.4152
 4324.840  0.5076
 4324.860  0.5904
 4324.880 -1.0000
 4324.900 -1.0000
 4324.920 -1.0000
 4324.940 -1.0000
 4324.960 -1.0000
 4324.980 -1.0000
 4325.000  0.9455
 4325.020  0.9542
 4325.040  0.9636
 4325.060  0.9769
 4325.080  0.9913
 4325.100  1.0037
 4325.120  1.0136
 4325.140  1.0206
 4325.160  1.0208
 4325.180  1.0114
 4325.200  1.0009
 4325.220  0.9996
 4325.240  1.0062
 4325.260  1.0133
 4325.280  1.0173
 4325.300  1.0185
 4325.320  1.0152
 4325.340  1.0056
 4325.360  0.9931
 4325.380  0.9821
 4325.400  0.9739
 4325.420  0.9671
 4325.440  0.9597
 4325.460  0.9497
 4325.480  0.9385
 4325.500  0.9342
 4325.520  0.9435
 4325.540  0.9630
 4325.560  0.9832
 4325.580  0.9964
 4325.600  1.0002
 4325.620  0.9988
 4325.640  0.9969
 4325.660  0.9936
 4325.680  0.9854
 4325.700  0.9727
 4325.720  0.9540
 4325.740  0.9242
 4325.760  0.8836
 4325.780  0.8399
 4325.800  0.8035
 4325.820  0.7831
 4325.840  0.7842
 4325.860  0.8047
 4325.880  0.8313
 4325.900  0.8481
 4325.920  0.8488
 4325.940  0.8362
 4325.960  0.8154
 4325.980  0.7940
 4326.000  0.7831
 4326.020  0.7936
 4326.040  0.8270
 4326.060  0.8747
 4326.080  0.9213
 4326.100  0.9498
 4326.120  0.9488
 4326.140  0.9195
 4326.160  0.8757
 4326.180  0.8374
 4326.200  0.8199
 4326.220  0.8223
 4326.240  0.8294
 4326.260  0.8237
 4326.280  0.7945
 4326.300  0.7396
 4326.320  0.6658
 4326.340  0.5892
 4326.360  0.5284
 4326.380  0.4944
 4326.400  0.4930
 4326.420  0.5299
 4326.440  0.6037
 4326.460  0.6981
 4326.480  0.7896
 4326.500  0.8619
 4326.520  0.9118
 4326.540  0.9462
 4326.560  0.9719
 4326.580  0.9898
 4326.600  0.9972
 4326.620  0.9935
 4326.640  0.9778
 4326.660  0.9445
 4326.680  0.8819
 4326.700  0.7785
 4326.720  0.6360
 4326.740  0.4765
 4326.760  0.3366
 4326.780  0.2441
 4326.800  0.1966
 4326.820  0.1732
 4326.840  0.1591
 4326.860  0.1514
 4326.880  0.1514
 4326.900  0.1588
 4326.920  0.1712
 4326.940  0.1852
 4326.960  0.1983
 4326.980  0.2099
 4327.000  0.2222
 4327.020  0.2395
 4327.040  0.2664
 4327.060  0.3043
 4327.080  0.3531
 4327.100  0.4138
 4327.120  0.4877
 4327.140  0.5698
 4327.160  0.6494
 4327.180  0.7161
 4327.200  0.7664
 4327.220  0.8045
 4327.240  0.8383
 4327.260  0.8745
 4327.280  0.9122
 4327.300  0.9416
 4327.320  0.9564
 4327.340  0.9628
 4327.360  0.9696
 4327.380  0.9775
 4327.400  0.9824
 4327.420  0.9801
 4327.440  0.9708
 4327.460  0.9610
 4327.480  0.9565
 4327.500  0.9587
 4327.520  0.9652
 4327.540  0.9708
 4327.560  0.9732
 4327.580  0.9747
 4327.600  0.9751
 4327.620  0.9708
 4327.640  0.9580
 4327.660  0.9352
 4327.680  0.9049
 4327.700  0.8729
 4327.720  0.8464
 4327.740  0.8357
 4327.760  0.8490
 4327.780  0.8816
 4327.800  0.9168
 4327.820  0.9438
 4327.840  0.9643
 4327.860  0.9816
 4327.880  0.9929
 4327.900  0.9966
 4327.920  0.9968
 4327.940  0.9977
 4327.960  0.9989
 4327.980  0.9980
 4328.000  0.9931
 4328.020  0.9846
 4328.040  0.9739
 4328.060  0.9608
 4328.080  0.9480
 4328.100  0.9459
 4328.120  0.9608
 4328.140  0.9844
 4328.160  1.0028
 4328.180  1.0099
 4328.200  1.0056
 4328.220  0.9921
 4328.240  0.9745
 4328.260  0.9603
 4328.280  0.9546
 4328.300  0.9577
 4328.320  0.9660
 4328.340  0.9765
 4328.360  0.9881
 4328.380  0.9979
 4328.400  1.0001
 4328.420  0.9910
 4328.440  0.9733
 4328.460  0.9559
 4328.480  0.9467
 4328.500  0.9450
 4328.520  0.9429
 4328.540  0.9295
 4328.560  0.8928
 4328.580  0.8272
 4328.600  0.7413
 4328.620  0.6519
 4328.640  0.5733
 4328.660  0.5146
 4328.680  0.4814
 4328.700  0.4779
 4328.720  0.5096
 4328.740  0.5796
 4328.760  0.6779
 4328.780  0.7790
 4328.800  0.8566
 4328.820  0.9004
 4328.840  0.9153
 4328.860  0.9048
 4328.880  0.8616
 4328.900  0.7718
 4328.920  0.6335
 4328.940  0.4736
 4328.960  0.3330
 4328.980  0.2370
 4329.000  0.1864
 4329.020  0.1673
 4329.040  0.1647
 4329.060  0.1680
 4329.080  0.1706
 4329.100  0.1698
 4329.120  0.1678
 4329.140  0.1692
 4329.160  0.1793
 4329.180  0.2009
 4329.200  0.2312
 4329.220  0.2635
 4329.240  0.2933
 4329.260  0.3245
 4329.280  0.3683
 4329.300  0.4351
 4329.320  0.5255
 4329.340  0.6274
 4329.360  0.7232
 4329.380  0.7987
 4329.400  0.8486
 4329.420  0.8754
 4329.440  0.8826
 4329.460  0.8716
 4329.480  0.8450
 4329.500  0.8078
 4329.520  0.7664
 4329.540  0.7272
 4329.560  0.6952
 4329.580  0.6730
 4329.600  0.6619
 4329.620  0.6636
 4329.640  0.6793
 4329.660  0.7089
 4329.680  0.7484
 4329.700  0.7860
 4329.720  0.8124
 4329.740  0.8354
 4329.760  0.8705
 4329.780  0.9185
 4329.800  0.9673
 4329.820  1.0057
 4329.840  1.0246
 4329.860  1.0156
 4329.880  0.9785
 4329.900  0.9260
 4329.920  0.8787
 4329.940  0.8518
 4329.960  0.8459
 4329.980  0.8530
 4330.000  0.8722
 4330.020  0.9056
 4330.040  0.9385
 4330.060  0.9562
 4330.080  0.9697
 4330.100  0.9862
 4330.120  0.9963
 4330.140  1.0044
 4330.160  1.0133
 4330.180  1.0066
 4330.200  0.9847
 4330.220  0.9694
 4330.240  0.9686
 4330.260  0.9745
 4330.280  0.9819
 4330.300  0.9898
 4330.320  0.9951
 4330.340  0.9934
 4330.360  0.9841
 4330.380  0.9714
 4330.400  0.9608
 4330.420  0.9524
 4330.440  0.9399
 4330.460  0.9187
 4330.480  0.8915
 4330.500  0.8674
 4330.520  0.8550
 4330.540  0.8584
 4330.560  0.8769
 4330.580  0.9044
 4330.600  0.9327
 4330.620  0.9534
 4330.640  0.9621
 4330.660  0.9611
 4330.680  0.9596
 4330.700  0.9659
 4330.720  0.9777
 4330.740  0.9813
 4330.760  0.9604
 4330.780  0.9059
 4330.800  0.8231
 4330.820  0.7272
 4330.840  0.6330
 4330.860  0.5521
 4330.880  0.4962
 4330.900  0.4722
 4330.920  0.4776
 4330.940  0.5116
 4330.960  0.5754
 4330.980  0.6530
 4331.000  0.7045
 4331.020  0.6902
 4331.040  0.6014
 4331.060  0.4681
 4331.080  0.3402
 4331.100  0.2518
 4331.120  0.2022
 4331.140  0.1752
 4331.160  0.1602
 4331.180  0.1553
 4331.200  0.1593
 4331.220  0.1665
 4331.240  0.1716
 4331.260  0.1778
 4331.280  0.1921
 4331.300  0.2136
 4331.320  0.2347
 4331.340  0.2523
 4331.360  0.2714
 4331.380  0.3015
 4331.400  0.3491
 4331.420  0.4153
 4331.440  0.4952
 4331.460  0.5778
 4331.480  0.6501
 4331.500  0.7064
 4331.520  0.7524
 4331.540  0.7987
 4331.560  0.8488
 4331.580  0.8966
 4331.600  0.9358
 4331.620  0.9644
 4331.640  0.9811
 4331.660  0.9847
 4331.680  0.9803
 4331.700  0.9770
 4331.720  0.9821
 4331.740  0.9953
 4331.760  1.0085
 4331.780  1.0143
 4331.800  1.0121
 4331.820  1.0049
 4331.840  0.9942
 4331.860  0.9786
 4331.880  0.9584
 4331.900  0.9349
 4331.920  0.9072
 4331.940  0.8775
 4331.960  0.8542
 4331.980  0.8456
 4332.000  0.8552
 4332.020  0.8818
 4332.040  0.9142
 4332.060  0.9366
 4332.080  0.9464
 4332.100  0.9518
 4332.120  0.9552
 4332.140  0.9544
 4332.160  0.9511
 4332.180  0.9491
 4332.200  0.9510
 4332.220  0.9584
 4332.240  0.9692
 4332.260  0.9775
 4332.280  0.9781
 4332.300  0.9678
 4332.320  0.9446
 4332.340  0.9111
 4332.360  0.8759
 4332.380  0.8467
 4332.400  0.8253
 4332.420  0.8094
 4332.440  0.7974
 4332.460  0.7897
 4332.480  0.7880
 4332.500  0.7920
 4332.520  0.7986
 4332.540  0.8048
 4332.560  0.8087
 4332.580  0.8070
 4332.600  0.7947
 4332.620  0.7795
 4332.640  0.7836
 4332.660  0.8153
 4332.680  0.8583
 4332.700  0.8973
 4332.720  0.9233
 4332.740  0.9276
 4332.760  0.9124
 4332.780  0.8914
 4332.800  0.8794
 4332.820  0.8871
 4332.840  0.9166
 4332.860  0.9534
 4332.880  0.9715
 4332.900  0.9532
 4332.920  0.8978
 4332.940  0.8152
 4332.960  0.7190
 4332.980  0.6244
 4333.000  0.5448
 4333.020  0.4877
 4333.040  0.4543
 4333.060  0.4401
 4333.080  0.4312
 4333.100  0.4054
 4333.120  0.3503
 4333.140  0.2774
 4333.160  0.2122
 4333.180  0.1725
 4333.200  0.1584
 4333.220  0.1573
 4333.240  0.1601
 4333.260  0.1687
 4333.280  0.1820
 4333.300  0.1913
 4333.320  0.1961
 4333.340  0.2068
 4333.360  0.2264
 4333.380  0.2489
 4333.400 -1.0000
 4333.420 -1.0000
 4333.440 -1.0000
 4333.460 -1.0000
 4333.480 -1.0000
 4333.500  0.5777
 4333.520  0.6462
 4333.540  0.7201
 4333.560  0.7738
 4333.580 -1.0000
 4333.600 -1.0000
 4333.620 -1.0000
 4333.640 -1.0000
 4333.660 -1.0000
 4333.680 -1.0000
 4333.700 -1.0000
 4333.720 -1.0000
 4333.740 -1.0000
 4333.760  0.8254
 4333.780  0.8362
 4333.800  0.8648
 4333.820  0.9028
 4333.840  0.9321
 4333.860  0.9484
 4333.880  0.9579
 4333.900  0.9604
 4333.920  0.9520
 4333.940  0.9378
 4333.960  0.9219
 4333.980  0.8974
 4334.000  0.8610
 4334.020  0.8275
 4334.040  0.8164
 4334.060  0.8328
 4334.080  0.8677
 4334.100  0.9067
 4334.120  0.9386
 4334.140  0.9593
 4334.160  0.9691
 4334.180  0.9709
 4334.200  0.9690
 4334.220  0.9669
 4334.240  0.9657
 4334.260  0.9653
 4334.280  0.9662
 4334.300  0.9688
 4334.320  0.9715
 4334.340  0.9700
 4334.360  0.9594
 4334.380  0.9364
 4334.400  0.9007
 4334.420  0.8578
 4334.440  0.8192
 4334.460  0.7980
 4334.480  0.8008
 4334.500  0.8255
 4334.520  0.8629
 4334.540  0.9009
 4334.560  0.9295
 4334.580  0.9475
 4334.600  0.9630
 4334.620  0.9809
 4334.640  0.9964
 4334.660  1.0042
 4334.680  1.0051
 4334.700  0.9987
 4334.720  0.9850
 4334.740  0.9732
 4334.760  0.9723
 4334.780  0.9759
 4334.800  0.9728
 4334.820  0.9652
 4334.840  0.9611
 4334.860  0.9613
 4334.880  0.9646
 4334.900  0.9725
 4334.920  0.9786
 4334.940  0.9687
 4334.960  0.9328
 4334.980  0.8687
 4335.000  0.7789
 4335.020  0.6712
 4335.040  0.5593
 4335.060  0.4574
 4335.080  0.3731
 4335.100  0.3064
 4335.120  0.2540
 4335.140  0.2133
 4335.160  0.1841
 4335.180  0.1670
 4335.200  0.1599
 4335.220  0.1600
 4335.240  0.1658
 4335.260  0.1754
 4335.280  0.1856
 4335.300  0.1968
 4335.320  0.2127
 4335.340  0.2320
 4335.360  0.2526
 4335.380 -1.0000
 4335.400 -1.0000
 4335.420 -1.0000
 4335.440 -1.0000
 4335.460 -1.0000
 4335.480 -1.0000
 4335.500  0.7225
 4335.520  0.7618
 4335.540  0.7980
 4335.560  0.8260
 4335.580  0.8480
 4335.600  0.8697
 4335.620  0.8931
 4335.640  0.9161
 4335.660  0.9348
 4335.680  0.9482
 4335.700  0.9582
 4335.720  0.9672
 4335.740  0.9769
 4335.760  0.9867
 4335.780  0.9937
 4335.800  0.9965
 4335.820  0.9961
 4335.840  0.9957
 4335.860  0.9973
 4335.880  0.9985
 4335.900  0.9971
 4335.920  0.9970
 4335.940  1.0017
 4335.960  1.0062
 4335.980  1.0016
 4336.000  0.9814
 4336.020  0.9414
 4336.040  0.8818
 4336.060  0.8107
 4336.080  0.7435
 4336.100  0.6963
 4336.120  0.6798
 4336.140  0.6965
 4336.160  0.7396
 4336.180  0.7959
 4336.200  0.8514
 4336.220  0.9000
 4336.240  0.9404
 4336.260  0.9657
 4336.280  0.9695
 4336.300  0.9614
 4336.320  0.9548
 4336.340  0.9520
 4336.360  0.9531
 4336.380  0.9578
 4336.400  0.9593
 4336.420  0.9500
 4336.440  0.9288
 4336.460  0.8989
 4336.480  0.8675
 4336.500  0.8441
 4336.520  0.8373
 4336.540  0.8511
 4336.560  0.8781
 4336.580  0.9047
 4336.600  0.9229
 4336.620  0.9317
 4336.640  0.9326
 4336.660  0.9269
 4336.680  0.9149
 4336.700  0.8954
 4336.720  0.8670
 4336.740  0.8291
 4336.760  0.7805
 4336.780  0.7236
 4336.800  0.6714
 4336.820  0.6465
 4336.840  0.6693
 4336.860  0.7377
 4336.880  0.8203
 4336.900  0.8773
 4336.920  0.8810
 4336.940  0.8178
 4336.960  0.6924
 4336.980  0.5361
 4337.000  0.3929
 4337.020  0.2887
 4337.040  0.2239
 4337.060  0.1881
 4337.080  0.1718
 4337.100  0.1683
 4337.120  0.1721
 4337.140  0.1786
 4337.160  0.1845
 4337.180  0.1899
 4337.200  0.1979
 4337.220  0.2128
 4337.240  0.2347
 4337.260  0.2571
 4337.280  0.2760
 4337.300  0.2978
 4337.320  0.3354
 4337.340  0.3997
 4337.360  0.4905
 4337.380  0.5960
 4337.400  0.7001
 4337.420  0.7827
 4337.440  0.8309
 4337.460  0.8555
 4337.480  0.8728
 4337.500 -1.0000
 4337.520 -1.0000
 4337.540 -1.0000
 4337.560 -1.0000
 4337.580 -1.0000
 4337.600  0.9622
 4337.620  0.9744
 4337.640  0.9845
 4337.660  0.9944
 4337.680  1.0034
 4337.700  1.0054
 4337.720  0.9989
 4337.740  0.9882
 4337.760  0.9767
 4337.780  0.9676
 4337.800  0.9658
 4337.820  0.9730
 4337.840  0.9829
 4337.860  0.9840
 4337.880  0.9689
 4337.900  0.9432
 4337.920  0.9215
 4337.940  0.9127
 4337.960  0.9155
 4337.980  0.9278
 4338.000  0.9473
 4338.020  0.9666
 4338.040  0.9777
 4338.060  0.9816
 4338.080  0.9844
 4338.100  0.9881
 4338.120  0.9914
 4338.140  0.9937
 4338.160  0.9951
 4338.180  0.9943
 4338.200  0.9893
 4338.220  0.9800
 4338.240  0.9710
 4338.260  0.9687
 4338.280  0.9746
 4338.300  0.9829
 4338.320  0.9879
 4338.340  0.9888
 4338.360  0.9845
 4338.380  0.9724
 4338.400  0.9543
 4338.420  0.9354
 4338.440  0.9167
 4338.460  0.8993
 4338.480  0.8933
 4338.500  0.9032
 4338.520  0.9195
 4338.540  0.9370
 4338.560  0.9536
 4338.580  0.9611
 4338.600  0.9590
 4338.620  0.9577
 4338.640  0.9623
 4338.660  0.9690
 4338.680  0.9730
 4338.700  0.9688
 4338.720  0.9508
 4338.740  0.9165
 4338.760  0.8635
 4338.780  0.7804
 4338.800  0.6568
 4338.820  0.5079
 4338.840  0.3681
 4338.860  0.2646
 4338.880  0.2039
 4338.900  0.1736
 4338.920  0.1582
 4338.940  0.1536
 4338.960  0.1606
 4338.980  0.1748
 4339.000  0.1892
 4339.020  0.2012
 4339.040  0.2113
 4339.060  0.2222
 4339.080  0.2371
 4339.100  0.2558
 4339.120  0.2774
 4339.140  0.3062
 4339.160  0.3466
 4339.180  0.3951
 4339.200  0.4414
 4339.220  0.4748
 4339.240  0.4846
 4339.260  0.4699
 4339.280  0.4484
 4339.300  0.4369
 4339.320  0.4333
 4339.340  0.4392
 4339.360  0.4763
 4339.380  0.5503
 4339.400  0.6267
 4339.420 -1.0000
 4339.440 -1.0000
 4339.460 -1.0000
 4339.480 -1.0000
 4339.500 -1.0000
 4339.520 -1.0000
 4339.540 -1.0000
 4339.560 -1.0000
 4339.580  0.9691
 4339.600  0.9752
 4339.620  0.9705
 4339.640  0.9469
 4339.660  0.9059
 4339.680  0.8593
 4339.700  0.8158
 4339.720  0.7802
 4339.740  0.7625
 4339.760  0.7722
 4339.780  0.8055
 4339.800  0.8489
 4339.820  0.8915
 4339.840  0.9265
 4339.860  0.9498
 4339.880  0.9638
 4339.900  0.9753
 4339.920  0.9867
 4339.940  0.9944
 4339.960  0.9947
 4339.980  0.9886
 4340.000  0.9816
 4340.020  0.9789
 4340.040  0.9843
 4340.060  0.9965
 4340.080  1.0068
 4340.100  1.0066
 4340.120  0.9983
 4340.140  0.9911
 4340.160  0.9879
 4340.180  0.9852
 4340.200  0.9792
 4340.220  0.9694
 4340.240  0.9605
 4340.260  0.9560
 4340.280  0.9536
 4340.300  0.9534
 4340.320  0.9602
 4340.340  0.9708
 4340.360  0.9787
 4340.380  0.9889
 4340.400  1.0079
 4340.420  1.0222
 4340.440 -1.0000
 4340.460 -1.0000
 4340.480 -1.0000
 4340.500 -1.0000
 4340.520 -1.0000
 4340.540  0.6746
 4340.560  0.5668
 4340.580  0.4342
 4340.600  0.3227
 4340.620  0.2511
 4340.640  0.2083
 4340.660  0.1821
 4340.680  0.1689
 4340.700  0.1686
 4340.720  0.1781
 4340.740  0.1917
 4340.760  0.2045
 4340.780  0.2127
 4340.800  0.2176
 4340.820  0.2270
 4340.840  0.2458
 4340.860  0.2726
 4340.880  0.3045
 4340.900  0.3415
 4340.920  0.3880
 4340.940  0.4481
 4340.960  0.5204
 4340.980  0.5985
 4341.000  0.6699
 4341.020  0.7217
 4341.040  0.7556
 4341.060  0.7792
 4341.080  0.7911
 4341.100  0.7968
 4341.120  0.8096
 4341.140  0.8302
 4341.160  0.8529
 4341.180  0.8776
 4341.200  0.9020
 4341.220  0.9226
 4341.240  0.9396
 4341.260  0.9528
 4341.280  0.9597
 4341.300  0.9578
 4341.320  0.9434
 4341.340  0.9159
 4341.360  0.8790
 4341.380  0.8371
 4341.400  0.7983
 4341.420  0.7774
 4341.440  0.7858
 4341.460  0.8182
 4341.480  0.8581
 4341.500  0.8944
 4341.520  0.9242
 4341.540  0.9443
 4341.560  0.9519
 4341.580  0.9534
 4341.600  0.9561
 4341.620  0.9581
 4341.640  0.9556
 4341.660  0.9492
 4341.680  0.9378
 4341.700  0.9165
 4341.720  0.8825
 4341.740  0.8399
 4341.760  0.8018
 4341.780  0.7808
 4341.800  0.7793
 4341.820  0.7920
 4341.840  0.8143
 4341.860  0.8388
 4341.880  0.8513
 4341.900  0.8433
 4341.920  0.8233
 4341.940  0.8059
 4341.960  0.7971
 4341.980  0.7964
 4342.000  0.8044
 4342.020  0.8200
 4342.040  0.8385
 4342.060  0.8554
 4342.080  0.8712
 4342.100  0.8887
 4342.120  0.9082
 4342.140  0.9256
 4342.160  0.9351
 4342.180  0.9278
 4342.200  0.8857
 4342.220  0.7892
 4342.240  0.6406
 4342.260  0.4740
 4342.280  0.3322
 4342.300  0.2399
 4342.320  0.1955
 4342.340  0.1802
 4342.360  0.1773
 4342.380  0.1833
 4342.400  0.1963
 4342.420  0.2077
 4342.440  0.2119
 4342.460  0.2133
 4342.480  0.2202
 4342.500  0.2375
 4342.520  0.2631
 4342.540  0.2892
 4342.560  0.3120
 4342.580  0.3391
 4342.600  0.3813
 4342.620  0.4442
 4342.640  0.5280
 4342.660  0.6249
 4342.680  0.7144
 4342.700  0.7782
 4342.720  0.8194
 4342.740  0.8495
 4342.760  0.8697
 4342.780  0.8839
 4342.800  0.9013
 4342.820  0.9156
 4342.840  0.9186
 4342.860  0.9156
 4342.880  0.9088
 4342.900  0.8942
 4342.920  0.8771
 4342.940  0.8653
 4342.960  0.8596
 4342.980  0.8557
 4343.000  0.8494
 4343.020  0.8372
 4343.040  0.8174
 4343.060  0.7934
 4343.080  0.7756
 4343.100  0.7774
 4343.120  0.8035
 4343.140  0.8429
 4343.160  0.8821
 4343.180  0.9179
 4343.200  0.9501
 4343.220  0.9765
 4343.240  0.9950
 4343.260  1.0041
 4343.280  1.0022
 4343.300  0.9872
 4343.320  0.9544
 4343.340  0.9027
 4343.360  0.8442
 4343.380  0.7994
 4343.400  0.7815
 4343.420  0.7926
 4343.440  0.8252
 4343.460  0.8653
 4343.480  0.8994
 4343.500  0.9231
 4343.520  0.9384
 4343.540  0.9496
 4343.560  0.9627
 4343.580  0.9790
 4343.600  0.9886
 4343.620  0.9867
 4343.640  0.9843
 4343.660  0.9855
 4343.680  0.9799
 4343.700  0.9712
 4343.720  0.9705
 4343.740  0.9685
 4343.760  0.9546
 4343.780  0.9293
 4343.800  0.8774
 4343.820  0.7798
 4343.840  0.6460
 4343.860  0.5028
 4343.880  0.3729
 4343.900  0.2728
 4343.920  0.2101
 4343.940  0.1798
 4343.960  0.1708
 4343.980  0.1741
 4344.000  0.1853
 4344.020  0.2012
 4344.040  0.2180
 4344.060  0.2316
 4344.080  0.2410
 4344.100  0.2494
 4344.120  0.2612
 4344.140  0.2779
 4344.160  0.2976
 4344.180  0.3207
 4344.200  0.3553
 4344.220  0.4116
 4344.240  0.4912
 4344.260  0.5845
 4344.280  0.6760
 4344.300  0.7522
 4344.320  0.8091
 4344.340  0.8527
 4344.360  0.8921
 4344.380  0.9280
 4344.400  0.9529
 4344.420  0.9666
 4344.440  0.9750
 4344.460  0.9742
 4344.480  0.9620
 4344.500  0.9476
 4344.520  0.9306
 4344.540  0.9011
 4344.560  0.8626
 4344.580  0.8273
 4344.600  0.8037
 4344.620  0.7998
 4344.640  0.8209
 4344.660  0.8598
 4344.680  0.9000
 4344.700  0.9304
 4344.720  0.9497
 4344.740  0.9586
 4344.760  0.9563
 4344.780  0.9440
 4344.800  0.9269
 4344.820  0.9145
 4344.840  0.9131
 4344.860  0.9213
 4344.880  0.9352
 4344.900  0.9520
 4344.920  0.9658
 4344.940  0.9719
 4344.960  0.9707
 4344.980  0.9674
 4345.000  0.9651
 4345.020  0.9617
 4345.040  0.9519
 4345.060  0.9294
 4345.080  0.8927
 4345.100  0.8538
 4345.120  0.8324
 4345.140  0.8394
 4345.160  0.8707
 4345.180  0.9123
 4345.200  0.9496
 4345.220  0.9738
 4345.240  0.9815
 4345.260  0.9724
 4345.280  0.9494
 4345.300  0.9189
 4345.320  0.8851
 4345.340  0.8386
 4345.360  0.7594
 4345.380  0.6387
 4345.400  0.4932
 4345.420  0.3562
 4345.440  0.2560
 4345.460  0.1981
 4345.480  0.1699
 4345.500  0.1593
 4345.520  0.1625
 4345.540  0.1772
 4345.560  0.1978
 4345.580  0.2175
 4345.600  0.2334
 4345.620  0.2486
 4345.640  0.2658
 4345.660  0.2820
 4345.680  0.2934
 4345.700  0.3019
 4345.720  0.3137
 4345.740  0.3343
 4345.760  0.3682
 4345.780  0.4191
 4345.800  0.4859
 4345.820  0.5600
 4345.840  0.6259
 4345.860  0.6704
 4345.880  0.6987
 4345.900  0.7305
 4345.920  0.7772
 4345.940  0.8338
 4345.960  0.8882
 4345.980  0.9315
 4346.000  0.9587
 4346.020  0.9658
 4346.040  0.9534
 4346.060  0.9343
 4346.080  0.9218
 4346.100  0.9141
 4346.120  0.9126
 4346.140  0.9284
 4346.160  0.9528
 4346.180  0.9674
 4346.200  0.9760
 4346.220  0.9870
 4346.240  0.9926
 4346.260  0.9878
 4346.280  0.9827
 4346.300  0.9852
 4346.320  0.9913
 4346.340  0.9955
 4346.360 -1.0000
 4346.380 -1.0000
 4346.400 -1.0000
 4346.420 -1.0000
 4346.440 -1.0000
 4346.460  1.0341
 4346.480  1.0143
 4346.500  0.9948
 4346.520  0.9879
 4346.540  0.9884
 4346.560  0.9879
 4346.580  0.9898
 4346.600  0.9996
 4346.620  1.0146
 4346.640  1.0279
 4346.660  1.0314
 4346.680  1.0154
 4346.700  0.9772
 4346.720  0.9260
 4346.740  0.8736
 4346.760  0.8318
 4346.780  0.8068
 4346.800  0.7805
 4346.820  0.7182
 4346.840  0.6057
 4346.860  0.4640
 4346.880  0.3319
 4346.900  0.2400
 4346.920  0.1952
 4346.940  0.1839
 4346.960  0.1870
 4346.980  0.1946
 4347.000  0.2081
 4347.020  0.2253
 4347.040  0.2371
 4347.060  0.2437
 4347.080  0.2560
 4347.100  0.2760
 4347.120  0.2927
 4347.140  0.2998
 4347.160  0.3038
 4347.180  0.3118
 4347.200  0.3228
 4347.220  0.3382
 4347.240  0.3684
 4347.260  0.4201
 4347.280  0.4923
 4347.300  0.5848
 4347.320  0.6903
 4347.340  0.7862
 4347.360  0.8574
 4347.380  0.9118
 4347.400  0.9532
 4347.420  0.9708
 4347.440  0.9698
 4347.460  0.9687
 4347.480  0.9708
 4347.500  0.9732
 4347.520  0.9808
 4347.540  0.9903
 4347.560  0.9934
 4347.580  0.9937
 4347.600  0.9970
 4347.620  1.0024
 4347.640  1.0087
 4347.660  1.0146
 4347.680  1.0160
 4347.700 -1.0000
 4347.720 -1.0000
 4347.740 -1.0000
 4347.760 -1.0000
 4347.780 -1.0000
 4347.800  0.8953
 4347.820  0.8601
 4347.840  0.8349
 4347.860  0.8370
 4347.880  0.8595
 4347.900  0.8907
 4347.920  0.9272
 4347.940  0.9593
 4347.960  0.9727
 4347.980  0.9684
 4348.000  0.9620
 4348.020  0.9627
 4348.040  0.9678
 4348.060  0.9730
 4348.080  0.9753
 4348.100  0.9714
 4348.120  0.9595
 4348.140  0.9374
 4348.160  0.8958
 4348.180  0.8241
 4348.200  0.7192
 4348.220  0.5849
 4348.240  0.4393
 4348.260  0.3172
 4348.280  0.2402
 4348.300  0.2009
 4348.320  0.1840
 4348.340  0.1825
 4348.360  0.1924
 4348.380  0.2085
 4348.400  0.2266
 4348.420  0.2445
 4348.440  0.2606
 4348.460  0.2749
 4348.480  0.2884
 4348.500  0.3010
 4348.520  0.3104
 4348.540  0.3155
 4348.560  0.3180
 4348.580  0.3215
 4348.600  0.3286
 4348.620  0.3394
 4348.640  0.3565
 4348.660  0.3917
 4348.680  0.4607
 4348.700  0.5622
 4348.720  0.6748
 4348.740  0.7771
 4348.760  0.8571
 4348.780  0.9045
 4348.800  0.9164
 4348.820  0.9135
 4348.840  0.9214
 4348.860  0.9396
 4348.880 -1.0000
 4348.900 -1.0000
 4348.920 -1.0000
 4348.940 -1.0000
 4348.960 -1.0000
 4348.980 -1.0000
 4349.000 -1.0000
 4349.020  1.0120
 4349.040  0.9996
 4349.060  0.9867
 4349.080  0.9738
 4349.100  0.9484
 4349.120  0.9045
 4349.140  0.8526
 4349.160  0.8043
 4349.180  0.7664
 4349.200  0.7479
 4349.220  0.7580
 4349.240  0.7927
 4349.260  0.8363
 4349.280  0.8749
 4349.300  0.9027
 4349.320  0.9171
 4349.340  0.9132
 4349.360  0.8840
 4349.380  0.8253
 4349.400  0.7394
 4349.420  0.6365
 4349.440  0.5335
 4349.460  0.4474
 4349.480  0.3864
 4349.500  0.3479
 4349.520  0.3225
 4349.540  0.3006
 4349.560  0.2756
 4349.580  0.2452
 4349.600  0.2123
 4349.620  0.1864
 4349.640  0.1768
 4349.660  0.1840
 4349.680  0.2009
 4349.700  0.2209
 4349.720  0.2401
 4349.740  0.2546
 4349.760  0.2633
 4349.780  0.2720
 4349.800  0.2862
 4349.820  0.3016
 4349.840  0.3121
 4349.860  0.3207
 4349.880  0.3303
 4349.900  0.3375
 4349.920  0.3422
 4349.940  0.3500
 4349.960  0.3667
 4349.980  0.3975
 4350.000  0.4508
 4350.020  0.5328
 4350.040  0.6378
 4350.060  0.7463
 4350.080  0.8339
 4350.100  0.8895
 4350.120  0.9228
 4350.140  0.9485
 4350.160  0.9682
 4350.180  0.9789
 4350.200  0.9846
 4350.220  0.9895
 4350.240  0.9910
 4350.260  0.9873
 4350.280  0.9828
 4350.300  0.9784
 4350.320  0.9666
 4350.340  0.9403
 4350.360  0.9047
 4350.380  0.8725
 4350.400  0.8518
 4350.420  0.8504
 4350.440  0.8765
 4350.460  0.9154
 4350.480  0.9390
 4350.500  0.9451
 4350.520  0.9473
 4350.540  0.9465
 4350.560  0.9460
 4350.580  0.9532
 4350.600  0.9655
 4350.620  0.9819
 4350.640  1.0027
 4350.660  1.0104
 4350.680 -1.0000
 4350.700 -1.0000
 4350.720 -1.0000
 4350.740 -1.0000
 4350.760 -1.0000
 4350.780  0.4416
 4350.800  0.3504
 4350.820  0.2686
 4350.840  0.2229
 4350.860  0.2083
 4350.880  0.2074
 4350.900  0.2134
 4350.920  0.2249
 4350.940  0.2384
 4350.960  0.2490
 4350.980 -1.0000
 4351.000 -1.0000
 4351.020 -1.0000
 4351.040 -1.0000
 4351.060 -1.0000
 4351.080 -1.0000
 4351.100 -1.0000
 4351.120  0.3372
 4351.140  0.3440
 4351.160  0.3516
 4351.180  0.3587
 4351.200  0.3659
 4351.220  0.3806
 4351.240  0.4169
 4351.260  0.4834
 4351.280  0.5755
 4351.300  0.6791
 4351.320  0.7784
 4351.340  0.8590
 4351.360  0.9131
 4351.380  0.9430
 4351.400  0.9580
 4351.420  0.9670
 4351.440  0.9728
 4351.460  0.9727
 4351.480  0.9668
 4351.500  0.9630
 4351.520  0.9690
 4351.540  0.9817
 4351.560  0.9955
 4351.580  1.0084
 4351.600  1.0096
 4351.620  0.9877
 4351.640  0.9513
 4351.660  0.9201
 4351.680  0.9055
 4351.700  0.9098
 4351.720  0.9290
 4351.740  0.9544
 4351.760  0.9776
 4351.780  0.9929
 4351.800  0.9978
 4351.820  0.9933
 4351.840  0.9813
 4351.860  0.9582
 4351.880  0.9100
 4351.900  0.8185
 4351.920  0.6777
 4351.940  0.5100
 4351.960  0.3610
 4351.980  0.2631
 4352.000  0.2141
 4352.020  0.1970
 4352.040  0.2001
 4352.060  0.2153
 4352.080  0.2339
 4352.100  0.2508
 4352.120  0.2651
 4352.140  0.2764
 4352.160  0.2833
 4352.180  0.2860
 4352.200  0.2888
 4352.220  0.2980
 4352.240  0.3153
 4352.260  0.3336
 4352.280  0.3455
 4352.300  0.3528
 4352.320  0.3592
 4352.340  0.3630
 4352.360  0.3632
 4352.380  0.3668
 4352.400  0.3835
 4352.420  0.4189
 4352.440  0.4746
 4352.460  0.5495
 4352.480  0.6375
 4352.500  0.7277
 4352.520  0.8073
 4352.540  0.8667
 4352.560  0.9042
 4352.580  0.9252
 4352.600  0.9373
 4352.620  0.9471
 4352.640  0.9573
 4352.660  0.9679
 4352.680  0.9793
 4352.700  0.9907
 4352.720  0.9974
 4352.740  0.9961
 4352.760  0.9899
 4352.780  0.9838
 4352.800  0.9782
 4352.820  0.9705
 4352.840  0.9591
 4352.860  0.9471
 4352.880  0.9409
 4352.900  0.9428
 4352.920  0.9458
 4352.940  0.9375
 4352.960  0.9015
 4352.980 -1.0000
 4353.000 -1.0000
 4322.000  0.0000
 4322.020  0.0000
 4322.040 -0.0113
 4322.060 -0.0149
 4322.080 -0.0148
 4322.100 -0.0149
 4322.120 -0.0153
 4322.140 -0.0127
 4322.160 -0.0061
 4322.180 -0.0003
 4322.200  0.0002
 4322.220 -0.0017
 4322.240 -0.0009
 4322.260  0.0006
 4322.280 -0.0006
 4322.300 -0.0020
 4322.320 -0.0003
 4322.340  0.0020
 4322.360  0.0012
 4322.380 -0.0009
 4322.400 -0.0004
 4322.420  0.0037
 4322.440  0.0087
 4322.460  0.0110
 4322.480  0.0104
 4322.500  0.0094
 4322.520  0.0089
 4322.540  0.0086
 4322.560  0.0107
 4322.580  0.0174
 4322.600  0.0236
 4322.620  0.0223
 4322.640  0.0143
 4322.660  0.0068
 4322.680  0.0044
 4322.700  0.0069
 4322.720  0.0111
 4322.740  0.0144
 4322.760  0.0156
 4322.780  0.0142
 4322.800  0.0099
 4322.820  0.0042
 4322.840  0.0006
 4322.860  0.0019
 4322.880  0.0072
 4322.900  0.0131
 4322.920  0.0163
 4322.940  0.0154
 4322.960  0.0114
 4322.980  0.0070
 4323.000  0.0041
 4323.020  0.0026
 4323.040  0.0010
 4323.060 -0.0015
 4323.080 -0.0035
 4323.100 -0.0029
 4323.120  0.0006
 4323.140  0.0039
 4323.160  0.0024
 4323.180 -0.0049
 4323.200 -0.0127
 4323.220 -0.0124
 4323.240 -0.0029
 4323.260  0.0062
 4323.280  0.0077
 4323.300  0.0040
 4323.320  0.0013
 4323.340  0.0021
 4323.360  0.0038
 4323.380  0.0030
 4323.400  0.0010
 4323.420  0.0009
 4323.440  0.0019
 4323.460  0.0008
 4323.480 -0.0014
 4323.500 -0.0013
 4323.520  0.0012
 4323.540  0.0033
 4323.560  0.0033
 4323.580  0.0021
 4323.600  0.0017
 4323.620  0.0030
 4323.640  0.0044
 4323.660  0.0043
 4323.680  0.0038
 4323.700  0.0044
 4323.720  0.0065
 4323.740  0.0081
 4323.760  0.0070
 4323.780  0.0035
 4323.800  0.0008
 4323.820  0.0011
 4323.840  0.0040
 4323.860  0.0060
 4323.880  0.0046
 4323.900  0.0006
 4323.920 -0.0031
 4323.940 -0.0038
 4323.960 -0.0016
 4323.980  0.0016
 4324.000  0.0046
 4324.020  0.0081
 4324.040  0.0126
 4324.060  0.0166
 4324.080  0.0174
 4324.100  0.0135
 4324.120  0.0063
 4324.140 -0.0012
 4324.160 -0.0066
 4324.180 -0.0091
 4324.200 -0.0082
 4324.220 -0.0041
 4324.240 -0.0004
 4324.260 -0.0014
 4324.280 -0.0071
 4324.300 -0.0128
 4324.320 -0.0139
 4324.340 -0.0095
 4324.360 -0.0035
 4324.380 -0.0007
 4324.400 -0.0029
 4324.420 -0.0089
 4324.440 -0.0160
 4324.460 -0.0208
 4324.480 -0.0209
 4324.500 -0.0163
 4324.520 -0.0100
 4324.540 -0.0054
 4324.560 -0.0033
 4324.580 -0.0027
 4324.600 -0.0020
 4324.620 -0.0007
 4324.640  0.0008
 4324.660  0.0017
 4324.680  0.0020
 4324.700  0.0018
 4324.720  0.0013
 4324.740  0.0011
 4324.760  0.0024
 4324.780  0.0064
 4324.800  0.0126
 4324.820  0.0182
 4324.840  0.0194
 4324.860  0.0144
 4324.880  0.0053
 4324.900 -0.0022
 4324.920 -0.0015
 4324.940  0.0083
 4324.960  0.0193
 4324.980  0.0230
 4325.000  0.0191
 4325.020  0.0134
 4325.040  0.0101
 4325.060  0.0088
 4325.080  0.0074
 4325.100  0.0049
 4325.120  0.0021
 4325.140 -0.0003
 4325.160 -0.0036
 4325.180 -0.0078
 4325.200 -0.0092
 4325.220 -0.0047
 4325.240  0.0033
 4325.260  0.0095
 4325.280  0.0104
 4325.300  0.0061
 4325.320 -0.0008
 4325.340 -0.0063
 4325.360 -0.0070
 4325.380 -0.0038
 4325.400 -0.0007
 4325.420 -0.0004
 4325.440 -0.0011
 4325.460  0.0007
 4325.480  0.0063
 4325.500  0.0124
 4325.520  0.0140
 4325.540  0.0101
 4325.560  0.0037
 4325.580 -0.0017
 4325.600 -0.0035
 4325.620 -0.0004
 4325.640  0.0057
 4325.660  0.0097
 4325.680  0.0080
 4325.700  0.0028
 4325.720 -0.0012
 4325.740 -0.0013
 4325.760  0.0015
 4325.780  0.0047
 4325.800  0.0057
 4325.820  0.0045
 4325.840  0.0026
 4325.860  0.0020
 4325.880  0.0027
 4325.900  0.0032
 4325.920  0.0018
 4325.940 -0.0009
 4325.960 -0.0019
 4325.980  0.0008
 4326.000  0.0048
 4326.020  0.0063
 4326.040  0.0049
 4326.060  0.0033
 4326.080  0.0036
 4326.100  0.0062
 4326.120  0.0100
 4326.140  0.0131
 4326.160  0.0136
 4326.180  0.0114
 4326.200  0.0076
 4326.220  0.0045
 4326.240  0.0035
 4326.260  0.0041
 4326.280  0.0046
 4326.300  0.0048
 4326.320  0.0049
 4326.340  0.0037
 4326.360  0.0003
 4326.380 -0.0026
 4326.400  0.0000
 4326.420  0.0099
 4326.440  0.0223
 4326.460  0.0276
 4326.480  0.0200
 4326.500  0.0035
 4326.520 -0.0122
 4326.540 -0.0200
 4326.560 -0.0181
 4326.580 -0.0095
 4326.600  0.0002
 4326.620  0.0059
 4326.640  0.0049
 4326.660 -0.0016
 4326.680 -0.0099
 4326.700 -0.0161
 4326.720 -0.0194
 4326.740 -0.0204
 4326.760 -0.0191
 4326.780 -0.0151
 4326.800 -0.0099
 4326.820 -0.0061
 4326.840 -0.0041
 4326.860 -0.0024
 4326.880  0.0004
 4326.900  0.0027
 4326.920  0.0014
 4326.940 -0.0043
 4326.960 -0.0096
 4326.980 -0.0088
 4327.000 -0.0014
 4327.020  0.0083
 4327.040  0.0146
 4327.060  0.0157
 4327.080  0.0148
 4327.100  0.0154
 4327.120  0.0179
 4327.140  0.0198
 4327.160  0.0187
 4327.180  0.0153
 4327.200  0.0129
 4327.220  0.0133
 4327.240  0.0155
 4327.260  0.0165
 4327.280  0.0146
 4327.300  0.0118
 4327.320  0.0110
 4327.340  0.0126
 4327.360  0.0143
 4327.380  0.0133
 4327.400  0.0091
 4327.420  0.0044
 4327.440  0.0019
 4327.460  0.0023
 4327.480  0.0040
 4327.500  0.0050
 4327.520  0.0040
 4327.540  0.0014
 4327.560 -0.0005
 4327.580 -0.0005
 4327.600  0.0003
 4327.620 -0.0002
 4327.640 -0.0009
 4327.660 -0.0001
 4327.680  0.0011
 4327.700  0.0008
 4327.720 -0.0001
 4327.740  0.0006
 4327.760  0.0035
 4327.780  0.0058
 4327.800  0.0040
 4327.820 -0.0013
 4327.840 -0.0048
 4327.860 -0.0037
 4327.880 -0.0009
 4327.900  0.0006
 4327.920  0.0004
 4327.940 -0.0011
 4327.960 -0.0037
 4327.980 -0.0054
 4328.000 -0.0035
 4328.020  0.0023
 4328.040  0.0088
 4328.060  0.0118
 4328.080  0.0100
 4328.100  0.0056
 4328.120  0.0019
 4328.140  0.0004
 4328.160  0.0012
 4328.180  0.0045
 4328.200  0.0092
 4328.220  0.0126
 4328.240  0.0127
 4328.260  0.0106
 4328.280  0.0081
 4328.300  0.0062
 4328.320  0.0062
 4328.340  0.0085
 4328.360  0.0112
 4328.380  0.0104
 4328.400  0.0049
 4328.420 -0.0022
 4328.440 -0.0053
 4328.460 -0.0011
 4328.480  0.0079
 4328.500  0.0152
 4328.520  0.0155
 4328.540  0.0080
 4328.560 -0.0027
 4328.580 -0.0114
 4328.600 -0.0155
 4328.620 -0.0156
 4328.640 -0.0134
 4328.660 -0.0094
 4328.680 -0.0037
 4328.700  0.0022
 4328.720  0.0054
 4328.740  0.0037
 4328.760 -0.0022
 4328.780 -0.0082
 4328.800 -0.0106
 4328.820 -0.0089
 4328.840 -0.0069
 4328.860 -0.0090
 4328.880 -0.0155
 4328.900 -0.0198
 4328.920 -0.0166
 4328.940 -0.0094
 4328.960 -0.0050
 4328.980 -0.0046
 4329.000 -0.0045
 4329.020 -0.0022
 4329.040  0.0015
 4329.060  0.0044
 4329.080  0.0053
 4329.100  0.0048
 4329.120  0.0038
 4329.140  0.0026
 4329.160  0.0021
 4329.180  0.0037
 4329.200  0.0064
 4329.220  0.0080
 4329.240  0.0084
 4329.260  0.0089
 4329.280  0.0087
 4329.300  0.0078
 4329.320  0.0090
 4329.340  0.0144
 4329.360  0.0195
 4329.380  0.0190
 4329.400  0.0138
 4329.420  0.0086
 4329.440  0.0065
 4329.460  0.0061
 4329.480  0.0042
 4329.500 -0.0001
 4329.520 -0.0044
 4329.540 -0.0069
 4329.560 -0.0083
 4329.580 -0.0089
 4329.600 -0.0071
 4329.620 -0.0028
 4329.640  0.0020
 4329.660  0.0059
 4329.680  0.0078
 4329.700  0.0064
 4329.720  0.0019
 4329.740 -0.0020
 4329.760 -0.0015
 4329.780  0.0017
 4329.800  0.0037
 4329.820  0.0030
 4329.840  0.0015
 4329.860  0.0013
 4329.880  0.0029
 4329.900  0.0041
 4329.920  0.0031
 4329.940 -0.0002
 4329.960 -0.0038
 4329.980 -0.0054
 4330.000 -0.0043
 4330.020 -0.0016
 4330.040  0.0003
 4330.060  0.0010
 4330.080  0.0049
 4330.100  0.0144
 4330.120  0.0228
 4330.140  0.0212
 4330.160  0.0112
 4330.180  0.0006
 4330.200 -0.0049
 4330.220 -0.0042
 4330.240  0.0007
 4330.260  0.0066
 4330.280  0.0105
 4330.300  0.0111
 4330.320  0.0086
 4330.340  0.0056
 4330.360  0.0049
 4330.380  0.0074
 4330.400  0.0114
 4330.420  0.0161
 4330.440  0.0215
 4330.460  0.0251
 4330.480  0.0232
 4330.500  0.0147
 4330.520  0.0029
 4330.540 -0.0065
 4330.560 -0.0090
 4330.580 -0.0049
 4330.600  0.0021
 4330.620  0.0074
 4330.640  0.0078
 4330.660  0.0035
 4330.680 -0.0025
 4330.700 -0.0065
 4330.720 -0.0066
 4330.740 -0.0044
 4330.760 -0.0035
 4330.780 -0.0072
 4330.800 -0.0153
 4330.820 -0.0235
 4330.840 -0.0272
 4330.860 -0.0254
 4330.880 -0.0210
 4330.900 -0.0178
 4330.920 -0.0154
 4330.940 -0.0105
 4330.960 -0.0030
 4330.980  0.0030
 4331.000  0.0017
 4331.020 -0.0079
 4331.040 -0.0179
 4331.060 -0.0205
 4331.080 -0.0162
 4331.100 -0.0108
 4331.120 -0.0075
 4331.140 -0.0060
 4331.160 -0.0042
 4331.180 -0.0025
 4331.200 -0.0027
 4331.220 -0.0039
 4331.240 -0.0023
 4331.260  0.0021
 4331.280  0.0056
 4331.300  0.0075
 4331.320  0.0094
 4331.340  0.0101
 4331.360  0.0076
 4331.380  0.0045
 4331.400  0.0052
 4331.420  0.0097
 4331.440  0.0138
 4331.460  0.0145
 4331.480  0.0138
 4331.500  0.0166
 4331.520  0.0234
 4331.540  0.0276
 4331.560  0.0254
 4331.580  0.0209
 4331.600  0.0179
 4331.620  0.0150
 4331.640  0.0110
 4331.660  0.0084
 4331.680  0.0080
 4331.700  0.0078
 4331.720  0.0056
 4331.740  0.0016
 4331.760 -0.0029
 4331.780 -0.0061
 4331.800 -0.0064
 4331.820 -0.0034
 4331.840  0.0010
 4331.860  0.0034
 4331.880  0.0010
 4331.900 -0.0044
 4331.920 -0.0066
 4331.940 -0.0033
 4331.960  0.0003
 4331.980  0.0008
 4332.000  0.0015
 4332.020  0.0044
 4332.040  0.0051
 4332.060  0.0013
 4332.080 -0.0029
 4332.100 -0.0030
 4332.120  0.0004
 4332.140  0.0033
 4332.160  0.0026
 4332.180  0.0003
 4332.200  0.0002
 4332.220  0.0024
 4332.240  0.0045
 4332.260  0.0058
 4332.280  0.0069
 4332.300  0.0072
 4332.320  0.0066
 4332.340  0.0063
 4332.360  0.0058
 4332.380  0.0022
 4332.400 -0.0041
 4332.420 -0.0073
 4332.440 -0.0037
 4332.460  0.0042
 4332.480  0.0111
 4332.500  0.0142
 4332.520  0.0133
 4332.540  0.0097
 4332.560  0.0045
 4332.580 -0.0008
 4332.600 -0.0027
 4332.620  0.0007
 4332.640  0.0064
 4332.660  0.0096
 4332.680  0.0103
 4332.700  0.0104
 4332.720  0.0089
 4332.740  0.0044
 4332.760 -0.0001
 4332.780 -0.0003
 4332.800  0.0048
 4332.820  0.0115
 4332.840  0.0147
 4332.860  0.0133
 4332.880  0.0103
 4332.900  0.0068
 4332.920  0.0008
 4332.940 -0.0080
 4332.960 -0.0156
 4332.980 -0.0171
 4333.000 -0.0122
 4333.020 -0.0068
 4333.040 -0.0069
 4333.060 -0.0117
 4333.080 -0.0154
 4333.100 -0.0146
 4333.120 -0.0109
 4333.140 -0.0082
 4333.160 -0.0088
 4333.180 -0.0111
 4333.200 -0.0125
 4333.220 -0.0120
 4333.240 -0.0096
 4333.260 -0.0054
 4333.280 -0.0011
 4333.300  0.0007
 4333.320 -0.0004
 4333.340 -0.0012
 4333.360  0.0005
 4333.380  0.0040
 4333.400  0.0062
 4333.420  0.0056
 4333.440  0.0042
 4333.460  0.0054
 4333.480  0.0081
 4333.500  0.0095
 4333.520  0.0096
 4333.540  0.0103
 4333.560  0.0123
 4333.580  0.0126
 4333.600  0.0061
 4333.620 -0.0084
 4333.640 -0.0202
 4333.660 -0.0149
 4333.680  0.0048
 4333.700  0.0206
 4333.720  0.0243
 4333.740  0.0225
 4333.760  0.0213
 4333.780  0.0197
 4333.800  0.0141
 4333.820  0.0057
 4333.840 -0.0011
 4333.860 -0.0038
 4333.880 -0.0038
 4333.900 -0.0032
 4333.920 -0.0029
 4333.940 -0.0025
 4333.960 -0.0022
 4333.980 -0.0038
 4334.000 -0.0075
 4334.020 -0.0100
 4334.040 -0.0087
 4334.060 -0.0055
 4334.080 -0.0036
 4334.100 -0.0045
 4334.120 -0.0066
 4334.140 -0.0077
 4334.160 -0.0076
 4334.180 -0.0076
 4334.200 -0.0073
 4334.220 -0.0053
 4334.240 -0.0018
 4334.260  0.0015
 4334.280  0.0039
 4334.300  0.0062
 4334.320  0.0087
 4334.340  0.0097
 4334.360  0.0070
 4334.380  0.0011
 4334.400 -0.0034
 4334.420 -0.0025
 4334.440  0.0024
 4334.460  0.0073
 4334.480  0.0092
 4334.500  0.0080
 4334.520  0.0058
 4334.540  0.0053
 4334.560  0.0075
 4334.580  0.0107
 4334.600  0.0125
 4334.620  0.0125
 4334.640  0.0123
 4334.660  0.0117
 4334.680  0.0094
 4334.700  0.0059
 4334.720  0.0035
 4334.740  0.0039
 4334.760  0.0060
 4334.780  0.0060
 4334.800  0.0026
 4334.820 -0.0010
 4334.840 -0.0024
 4334.860 -0.0037
 4334.880 -0.0067
 4334.900 -0.0093
 4334.920 -0.0100
 4334.940 -0.0105
 4334.960 -0.0111
 4334.980 -0.0091
 4335.000 -0.0042
 4335.020  0.0002
 4335.040 -0.0004
 4335.060 -0.0064
 4335.080 -0.0125
 4335.100 -0.0132
 4335.120 -0.0098
 4335.140 -0.0063
 4335.160 -0.0025
 4335.180  0.0033
 4335.200  0.0079
 4335.220  0.0069
 4335.240  0.0012
 4335.260 -0.0042
 4335.280 -0.0052
 4335.300 -0.0017
 4335.320  0.0024
 4335.340  0.0037
 4335.360  0.0018
 4335.380 -0.0008
 4335.400 -0.0003
 4335.420  0.0065
 4335.440  0.0182
 4335.460  0.0280
 4335.480  0.0302
 4335.500  0.0254
 4335.520  0.0185
 4335.540  0.0146
 4335.560  0.0154
 4335.580  0.0177
 4335.600  0.0176
 4335.620  0.0158
 4335.640  0.0152
 4335.660  0.0171
 4335.680  0.0197
 4335.700  0.0198
 4335.720  0.0169
 4335.740  0.0139
 4335.760  0.0129
 4335.780  0.0120
 4335.800  0.0090
 4335.820  0.0041
 4335.840 -0.0013
 4335.860 -0.0058
 4335.880 -0.0084
 4335.900 -0.0089
 4335.920 -0.0086
 4335.940 -0.0088
 4335.960 -0.0096
 4335.980 -0.0097
 4336.000 -0.0078
 4336.020 -0.0043
 4336.040 -0.0026
 4336.060 -0.0043
 4336.080 -0.0073
 4336.100 -0.0083
 4336.120 -0.0070
 4336.140 -0.0046
 4336.160 -0.0025
 4336.180 -0.0015
 4336.200 -0.0015
 4336.220 -0.0012
 4336.240  0.0004
 4336.260  0.0023
 4336.280  0.0023
 4336.300  0.0008
 4336.320  0.0013
 4336.340  0.0073
 4336.360  0.0168
 4336.380  0.0223
 4336.400  0.0174
 4336.420  0.0052
 4336.440 -0.0051
 4336.460 -0.0060
 4336.480  0.0031
 4336.500  0.0166
 4336.520  0.0258
 4336.540  0.0252
 4336.560  0.0152
 4336.580  0.0017
 4336.600 -0.0073
 4336.620 -0.0070
 4336.640  0.0005
 4336.660  0.0075
 4336.680  0.0088
 4336.700  0.0043
 4336.720 -0.0031
 4336.740 -0.0102
 4336.760 -0.0134
 4336.780 -0.0104
 4336.800 -0.0024
 4336.820  0.0057
 4336.840  0.0086
 4336.860  0.0040
 4336.880 -0.0047
 4336.900 -0.0126
 4336.920 -0.0178
 4336.940 -0.0198
 4336.960 -0.0184
 4336.980 -0.0149
 4337.000 -0.0128
 4337.020 -0.0144
 4337.040 -0.0182
 4337.060 -0.0204
 4337.080 -0.0177
 4337.100 -0.0102
 4337.120 -0.0020
 4337.140  0.0021
 4337.160  0.0001
 4337.180 -0.0048
 4337.200 -0.0070
 4337.220 -0.0033
 4337.240  0.0044
 4337.260  0.0099
 4337.280  0.0088
 4337.300  0.0037
 4337.320 -0.0001
 4337.340  0.0008
 4337.360  0.0057
 4337.380  0.0124
 4337.400  0.0192
 4337.420  0.0247
 4337.440  0.0260
 4337.460  0.0211
 4337.480  0.0117
 4337.500  0.0040
 4337.520  0.0046
 4337.540  0.0146
 4337.560  0.0246
 4337.580  0.0245
 4337.600  0.0161
 4337.620  0.0081
 4337.640  0.0054
 4337.660  0.0072
 4337.680  0.0103
 4337.700  0.0121
 4337.720  0.0113
 4337.740  0.0081
 4337.760  0.0033
 4337.780 -0.0006
 4337.800 -0.0004
 4337.820  0.0035
 4337.840  0.0067
 4337.860  0.0060
 4337.880  0.0025
 4337.900 -0.0014
 4337.920 -0.0045
 4337.940 -0.0054
 4337.960 -0.0028
 4337.980  0.0018
 4338.000  0.0051
 4338.020  0.0057
 4338.040  0.0045
 4338.060  0.0034
 4338.080  0.0026
 4338.100  0.0013
 4338.120 -0.0006
 4338.140 -0.0017
 4338.160 -0.0020
 4338.180 -0.0040
 4338.200 -0.0079
 4338.220 -0.0095
 4338.240 -0.0049
 4338.260  0.0041
 4338.280  0.0127
 4338.300  0.0174
 4338.320  0.0168
 4338.340  0.0120
 4338.360  0.0054
 4338.380 -0.0002
 4338.400 -0.0033
 4338.420 -0.0036
 4338.440 -0.0018
 4338.460  0.0003
 4338.480  0.0006
 4338.500 -0.0013
 4338.520 -0.0019
 4338.540  0.0012
 4338.560  0.0064
 4338.580  0.0097
 4338.600  0.0088
 4338.620  0.0047
 4338.640  0.0004
 4338.660 -0.0030
 4338.680 -0.0060
 4338.700 -0.0075
 4338.720 -0.0049
 4338.740 -0.0007
 4338.760 -0.0005
 4338.780 -0.0057
 4338.800 -0.0117
 4338.820 -0.0142
 4338.840 -0.0133
 4338.860 -0.0118
 4338.880 -0.0116
 4338.900 -0.0125
 4338.920 -0.0127
 4338.940 -0.0114
 4338.960 -0.0083
 4338.980 -0.0036
 4339.000  0.0014
 4339.020  0.0036
 4339.040  0.0017
 4339.060 -0.0018
 4339.080 -0.0049
 4339.100 -0.0069
 4339.120 -0.0053
 4339.140  0.0023
 4339.160  0.0131
 4339.180  0.0196
 4339.200  0.0168
 4339.220  0.0072
 4339.240 -0.0030
 4339.260 -0.0079
 4339.280 -0.0061
 4339.300  0.0005
 4339.320  0.0101
 4339.340  0.0197
 4339.360  0.0243
 4339.380  0.0205
 4339.400  0.0099
 4339.420 -0.0008
 4339.440 -0.0021
 4339.460  0.0127
 4339.480  0.0361
 4339.500  0.0493
 4339.520  0.0432
 4339.540  0.0268
 4339.560  0.0136
 4339.580  0.0077
 4339.600  0.0052
 4339.620  0.0033
 4339.640  0.0025
 4339.660  0.0044
 4339.680  0.0081
 4339.700  0.0101
 4339.720  0.0091
 4339.740  0.0081
 4339.760  0.0097
 4339.780  0.0102
 4339.800  0.0059
 4339.820  0.0005
 4339.840 -0.0006
 4339.860  0.0023
 4339.880  0.0056
 4339.900  0.0066
 4339.920  0.0052
 4339.940  0.0029
 4339.960  0.0008
 4339.980 -0.0006
 4340.000 -0.0002
 4340.020  0.0024
 4340.040  0.0052
 4340.060  0.0057
 4340.080  0.0038
 4340.100  0.0016
 4340.120 -0.0012
 4340.140 -0.0046
 4340.160 -0.0055
 4340.180 -0.0015
 4340.200  0.0037
 4340.220  0.0057
 4340.240  0.0053
 4340.260  0.0057
 4340.280  0.0066
 4340.300  0.0055
 4340.320  0.0004
 4340.340 -0.0067
 4340.360 -0.0117
 4340.380 -0.0133
 4340.400 -0.0136
 4340.420 -0.0130
 4340.440 -0.0100
 4340.460 -0.0072
 4340.480 -0.0086
 4340.500 -0.0117
 4340.520 -0.0114
 4340.540 -0.0097
 4340.560 -0.0113
 4340.580 -0.0145
 4340.600 -0.0145
 4340.620 -0.0097
 4340.640 -0.0033
 4340.660  0.0004
 4340.680  0.0004
 4340.700 -0.0007
 4340.720 -0.0016
 4340.740 -0.0040
 4340.760 -0.0060
 4340.780 -0.0016
 4340.800  0.0089
 4340.820  0.0170
 4340.840  0.0175
 4340.860  0.0131
 4340.880  0.0096
 4340.900  0.0096
 4340.920  0.0114
 4340.940  0.0121
 4340.960  0.0099
 4340.980  0.0066
 4341.000  0.0058
 4341.020  0.0088
 4341.040  0.0124
 4341.060  0.0124
 4341.080  0.0095
 4341.100  0.0078
 4341.120  0.0087
 4341.140  0.0097
 4341.160  0.0076
 4341.180  0.0043
 4341.200  0.0056
 4341.220  0.0115
 4341.240  0.0151
 4341.260  0.0131
 4341.280  0.0086
 4341.300  0.0049
 4341.320  0.0014
 4341.340 -0.0028
 4341.360 -0.0067
 4341.380 -0.0078
 4341.400 -0.0043
 4341.420  0.0019
 4341.440  0.0073
 4341.460  0.0090
 4341.480  0.0060
 4341.500 -0.0010
 4341.520 -0.0089
 4341.540 -0.0137
 4341.560 -0.0139
 4341.580 -0.0120
 4341.600 -0.0102
 4341.620 -0.0084
 4341.640 -0.0061
 4341.660 -0.0039
 4341.680 -0.0022
 4341.700 -0.0006
 4341.720  0.0010
 4341.740  0.0017
 4341.760  0.0009
 4341.780 -0.0012
 4341.800 -0.0032
 4341.820 -0.0032
 4341.840 -0.0005
 4341.860  0.0036
 4341.880  0.0062
 4341.900  0.0048
 4341.920  0.0002
 4341.940 -0.0044
 4341.960 -0.0055
 4341.980 -0.0024
 4342.000  0.0018
 4342.020  0.0035
 4342.040  0.0016
 4342.060 -0.0018
 4342.080 -0.0037
 4342.100 -0.0029
 4342.120 -0.0012
 4342.140 -0.0012
 4342.160 -0.0037
 4342.180 -0.0065
 4342.200 -0.0075
 4342.220 -0.0074
 4342.240 -0.0085
 4342.260 -0.0106
 4342.280 -0.0119
 4342.300 -0.0117
 4342.320 -0.0110
 4342.340 -0.0110
 4342.360 -0.0115
 4342.380 -0.0107
 4342.400 -0.0085
 4342.420 -0.0067
 4342.440 -0.0066
 4342.460 -0.0071
 4342.480 -0.0067
 4342.500 -0.0047
 4342.520 -0.0008
 4342.540  0.0044
 4342.560  0.0100
 4342.580  0.0146
 4342.600  0.0164
 4342.620  0.0149
 4342.640  0.0127
 4342.660  0.0132
 4342.680  0.0164
 4342.700  0.0196
 4342.720  0.0203
 4342.740  0.0179
 4342.760  0.0128
 4342.780  0.0057
 4342.800 -0.0019
 4342.820 -0.0070
 4342.840 -0.0063
 4342.860 -0.0005
 4342.880  0.0057
 4342.900  0.0091
 4342.920  0.0095
 4342.940  0.0075
 4342.960  0.0037
 4342.980 -0.0005
 4343.000 -0.0027
 4343.020 -0.0007
 4343.040  0.0047
 4343.060  0.0095
 4343.080  0.0103
 4343.100  0.0080
 4343.120  0.0061
 4343.140  0.0067
 4343.160  0.0088
 4343.180  0.0100
 4343.200  0.0081
 4343.220  0.0034
 4343.240 -0.0010
 4343.260 -0.0015
 4343.280  0.0017
 4343.300  0.0050
 4343.320  0.0043
 4343.340 -0.0005
 4343.360 -0.0053
 4343.380 -0.0061
 4343.400 -0.0041
 4343.420 -0.0039
 4343.440 -0.0074
 4343.460 -0.0121
 4343.480 -0.0142
 4343.500 -0.0121
 4343.520 -0.0068
 4343.540 -0.0013
 4343.560  0.0025
 4343.580  0.0031
 4343.600 -0.0003
 4343.620 -0.0067
 4343.640 -0.0121
 4343.660 -0.0145
 4343.680 -0.0151
 4343.700 -0.0152
 4343.720 -0.0142
 4343.740 -0.0125
 4343.760 -0.0121
 4343.780 -0.0126
 4343.800 -0.0111
 4343.820 -0.0068
 4343.840 -0.0034
 4343.860 -0.0056
 4343.880 -0.0135
 4343.900 -0.0200
 4343.920 -0.0187
 4343.940 -0.0118
 4343.960 -0.0047
 4343.980  0.0017
 4344.000  0.0081
 4344.020  0.0116
 4344.040  0.0091
 4344.060  0.0021
 4344.080 -0.0054
 4344.100 -0.0096
 4344.120 -0.0092
 4344.140 -0.0047
 4344.160  0.0026
 4344.180  0.0107
 4344.200  0.0168
 4344.220  0.0191
 4344.240  0.0189
 4344.260  0.0187
 4344.280  0.0179
 4344.300  0.0154
 4344.320  0.0144
 4344.340  0.0171
 4344.360  0.0198
 4344.380  0.0175
 4344.400  0.0114
 4344.420  0.0070
 4344.440  0.0072
 4344.460  0.0111
 4344.480  0.0148
 4344.500  0.0160
 4344.520  0.0149
 4344.540  0.0114
 4344.560  0.0049
 4344.580 -0.0014
 4344.600 -0.0025
 4344.620  0.0026
 4344.640  0.0094
 4344.660  0.0132
 4344.680  0.0126
 4344.700  0.0083
 4344.720  0.0026
 4344.740 -0.0016
 4344.760 -0.0026
 4344.780 -0.0005
 4344.800  0.0035
 4344.820  0.0074
 4344.840  0.0098
 4344.860  0.0094
 4344.880  0.0059
 4344.900  0.0009
 4344.920 -0.0024
 4344.940 -0.0017
 4344.960  0.0012
 4344.980  0.0018
 4345.000 -0.0023
 4345.020 -0.0090
 4345.040 -0.0146
 4345.060 -0.0169
 4345.080 -0.0158
 4345.100 -0.0121
 4345.120 -0.0065
 4345.140 -0.0002
 4345.160  0.0039
 4345.180  0.0039
 4345.200  0.0016
 4345.220  0.0002
 4345.240  0.0004
 4345.260  0.0010
 4345.280  0.0011
 4345.300  0.0004
 4345.320 -0.0012
 4345.340 -0.0052
 4345.360 -0.0129
 4345.380 -0.0214
 4345.400 -0.0251
 4345.420 -0.0217
 4345.440 -0.0151
 4345.460 -0.0096
 4345.480 -0.0068
 4345.500 -0.0063
 4345.520 -0.0069
 4345.540 -0.0082
 4345.560 -0.0098
 4345.580 -0.0111
 4345.600 -0.0116
 4345.620 -0.0118
 4345.640 -0.0118
 4345.660 -0.0100
 4345.680 -0.0051
 4345.700  0.0019
 4345.720  0.0094
 4345.740  0.0161
 4345.760  0.0206
 4345.780  0.0216
 4345.800  0.0196
 4345.820  0.0171
 4345.840  0.0158
 4345.860  0.0158
 4345.880  0.0168
 4345.900  0.0183
 4345.920  0.0190
 4345.940  0.0169
 4345.960  0.0111
 4345.980  0.0030
 4346.000 -0.0036
 4346.020 -0.0062
 4346.040 -0.0055
 4346.060 -0.0039
 4346.080 -0.0017
 4346.100  0.0023
 4346.120  0.0085
 4346.140  0.0148
 4346.160  0.0175
 4346.180  0.0142
 4346.200  0.0068
 4346.220 -0.0005
 4346.240 -0.0042
 4346.260 -0.0043
 4346.280 -0.0037
 4346.300 -0.0046
 4346.320 -0.0062
 4346.340 -0.0062
 4346.360 -0.0023
 4346.380  0.0051
 4346.400  0.0115
 4346.420  0.0113
 4346.440  0.0033
 4346.460 -0.0072
 4346.480 -0.0138
 4346.500 -0.0135
 4346.520 -0.0086
 4346.540 -0.0038
 4346.560 -0.0021
 4346.580 -0.0027
 4346.600 -0.0036
 4346.620 -0.0042
 4346.640 -0.0058
 4346.660 -0.0102
 4346.680 -0.0156
 4346.700 -0.0179
 4346.720 -0.0139
 4346.740 -0.0055
 4346.760  0.0013
 4346.780  0.0019
 4346.800 -0.0029
 4346.820 -0.0087
 4346.840 -0.0112
 4346.860 -0.0096
 4346.880 -0.0056
 4346.900 -0.0027
 4346.920 -0.0033
 4346.940 -0.0074
 4346.960 -0.0118
 4346.980 -0.0133
 4347.000 -0.0107
 4347.020 -0.0050
 4347.040  0.0017
 4347.060  0.0070
 4347.080  0.0100
 4347.100  0.0112
 4347.120  0.0114
 4347.140  0.0100
 4347.160  0.0069
 4347.180  0.0058
 4347.200  0.0105
 4347.220  0.0177
 4347.240  0.0201
 4347.260  0.0151
 4347.280  0.0076
 4347.300  0.0081
 4347.320  0.0197
 4347.340  0.0320
 4347.360  0.0335
 4347.380  0.0253
 4347.400  0.0149
 4347.420  0.0072
 4347.440  0.0047
 4347.460  0.0082
 4347.480  0.0154
 4347.500  0.0214
 4347.520  0.0224
 4347.540  0.0186
 4347.560  0.0135
 4347.580  0.0107
 4347.600  0.0103
 4347.620  0.0104
 4347.640  0.0096
 4347.660  0.0073
 4347.680  0.0033
 4347.700 -0.0021
 4347.720 -0.0054
 4347.740 -0.0047
 4347.760 -0.0026
 4347.780 -0.0009
 4347.800  0.0020
 4347.820  0.0066
 4347.840  0.0090
 4347.860  0.0069
 4347.880  0.0028
 4347.900  0.0004
 4347.920  0.0008
 4347.940  0.0023
 4347.960  0.0028
 4347.980  0.0021
 4348.000  0.0008
 4348.020 -0.0026
 4348.040 -0.0079
 4348.060 -0.0101
 4348.080 -0.0053
 4348.100  0.0013
 4348.120  0.0020
 4348.140 -0.0039
 4348.160 -0.0110
 4348.180 -0.0150
 4348.200 -0.0158
 4348.220 -0.0170
 4348.240 -0.0198
 4348.260 -0.0214
 4348.280 -0.0191
 4348.300 -0.0130
 4348.320 -0.0057
 4348.340 -0.0001
 4348.360  0.0012
 4348.380 -0.0018
 4348.400 -0.0056
 4348.420 -0.0058
 4348.440 -0.0014
 4348.460  0.0042
 4348.480  0.0073
 4348.500  0.0063
 4348.520  0.0029
 4348.540  0.0006
 4348.560  0.0015
 4348.580  0.0050
 4348.600  0.0084
 4348.620  0.0103
 4348.640  0.0117
 4348.660  0.0132
 4348.680  0.0135
 4348.700  0.0123
 4348.720  0.0113
 4348.740  0.0118
 4348.760  0.0135
 4348.780  0.0145
 4348.800  0.0139
 4348.820  0.0126
 4348.840  0.0117
 4348.860  0.0085
 4348.880  0.0011
 4348.900 -0.0050
 4348.920 -0.0009
 4348.940  0.0119
 4348.960  0.0219
 4348.980  0.0229
 4349.000  0.0182
 4349.020  0.0127
 4349.040  0.0083
 4349.060  0.0046
 4349.080  0.0005
 4349.100 -0.0043
 4349.120 -0.0082
 4349.140 -0.0091
 4349.160 -0.0049
 4349.180  0.0032
 4349.200  0.0103
 4349.220  0.0112
 4349.240  0.0062
 4349.260 -0.0004
 4349.280 -0.0052
 4349.300 -0.0079
 4349.320 -0.0082
 4349.340 -0.0063
 4349.360 -0.0033
 4349.380 -0.0020
 4349.400 -0.0044
 4349.420 -0.0092
 4349.440 -0.0120
 4349.460 -0.0105
 4349.480 -0.0073
 4349.500 -0.0065
 4349.520 -0.0089
 4349.540 -0.0113
 4349.560 -0.0102
 4349.580 -0.0062
 4349.600 -0.0034
 4349.620 -0.0039
 4349.640 -0.0060
 4349.660 -0.0071
 4349.680 -0.0069
 4349.700 -0.0072
 4349.720 -0.0088
 4349.740 -0.0085
 4349.760 -0.0032
 4349.780  0.0045
 4349.800  0.0087
 4349.820  0.0067
 4349.840  0.0017
 4349.860 -0.0006
 4349.880  0.0030
 4349.900  0.0107
 4349.920  0.0173
 4349.940  0.0185
 4349.960  0.0146
 4349.980  0.0109
 4350.000  0.0113
 4350.020  0.0155
 4350.040  0.0201
 4350.060  0.0226
 4350.080  0.0234
 4350.100  0.0238
 4350.120  0.0233
 4350.140  0.0211
 4350.160  0.0186
 4350.180  0.0171
 4350.200  0.0146
 4350.220  0.0091
 4350.240  0.0031
 4350.260 -0.0006
 4350.280 -0.0022
 4350.300 -0.0034
 4350.320 -0.0040
 4350.340 -0.0040
 4350.360 -0.0044
 4350.380 -0.0061
 4350.400 -0.0082
 4350.420 -0.0083
 4350.440 -0.0055
 4350.460 -0.0022
 4350.480 -0.0016
 4350.500 -0.0032
 4350.520 -0.0043
 4350.540 -0.0044
 4350.560 -0.0046
 4350.580 -0.0041
 4350.600 -0.0028
 4350.620 -0.0039
 4350.640 -0.0087
 4350.660 -0.0125
 4350.680 -0.0117
 4350.700 -0.0099
 4350.720 -0.0127
 4350.740 -0.0201
 4350.760 -0.0267
 4350.780 -0.0280
 4350.800 -0.0241
 4350.820 -0.0190
 4350.840 -0.0152
 4350.860 -0.0127
 4350.880 -0.0120
 4350.900 -0.0132
 4350.920 -0.0127
 4350.940 -0.0076
 4350.960 -0.0022
 4350.980 -0.0028
 4351.000 -0.0070
 4351.020 -0.0063
 4351.040  0.0026
 4351.060  0.0132
 4351.080  0.0166
 4351.100  0.0118
 4351.120  0.0054
 4351.140  0.0019
 4351.160  0.0004
 4351.180  0.0002
 4351.200  0.0027
 4351.220  0.0087
 4351.240  0.0149
 4351.260  0.0177
 4351.280  0.0158
 4351.300  0.0112
 4351.320  0.0078
 4351.340  0.0085
 4351.360  0.0127
 4351.380  0.0169
 4351.400  0.0173
 4351.420  0.0137
 4351.440  0.0092
 4351.460  0.0075
 4351.480  0.0085
 4351.500  0.0082
 4351.520  0.0036
 4351.540 -0.0022
 4351.560 -0.0038
 4351.580  0.0003
 4351.600  0.0061
 4351.620  0.0090
 4351.640  0.0083
 4351.660  0.0066
 4351.680  0.0042
 4351.700 -0.0009
 4351.720 -0.0078
 4351.740 -0.0120
 4351.760 -0.0106
 4351.780 -0.0056
 4351.800 -0.0020
 4351.820 -0.0031
 4351.840 -0.0071
 4351.860 -0.0105
 4351.880 -0.0130
 4351.900 -0.0156
 4351.920 -0.0177
 4351.940 -0.0177
 4351.960 -0.0157
 4351.980 -0.0130
 4352.000 -0.0107
 4352.020 -0.0085
 4352.040 -0.0057
 4352.060 -0.0027
 4352.080 -0.0011
 4352.100 -0.0014
 4352.120 -0.0027
 4352.140 -0.0032
 4352.160 -0.0024
 4352.180 -0.0008
 4352.200  0.0001
 4352.220  0.0001
 4352.240 -0.0007
 4352.260 -0.0019
 4352.280 -0.0016
 4352.300  0.0035
 4352.320  0.0142
 4352.340  0.0252
 4352.360  0.0300
 4352.380  0.0260
 4352.400  0.0181
 4352.420  0.0147
 4352.440  0.0188
 4352.460  0.0252
 4352.480  0.0285
 4352.500  0.0280
 4352.520  0.0255
 4352.540  0.0228
 4352.560  0.0207
 4352.580  0.0190
 4352.600  0.0162
 4352.620  0.0114
 4352.640  0.0056
 4352.660  0.0008
 4352.680 -0.0009
 4352.700 -0.0001
 4352.720  0.0001
 4352.740 -0.0019
 4352.760 -0.0039
 4352.780 -0.0036
 4352.800 -0.0026
 4352.820 -0.0028
 4352.840 -0.0037
 4352.860 -0.0036
 4352.880 -0.0025
 4352.900 -0.0016
 4352.920 -0.0030
 4352.940 -0.0073
 4352.960 -0.0139
 4352.980  0.0000
 4353.000  0.0000
