           0.99  
          -0.33
 4622.000  0.8465
 4622.020  0.8141
 4622.040  0.7679
 4622.060  0.7280
 4622.080  0.6983
 4622.100  0.6871
 4622.120  0.6981
 4622.140  0.7275
 4622.160  0.7674
 4622.180  0.8094
 4622.200  0.8499
 4622.220  0.8895
 4622.240  0.9213
 4622.260  0.9298
 4622.280  0.9106
 4622.300  0.8843
 4622.320  0.8738
 4622.340  0.8795
 4622.360  0.8869
 4622.380  0.8848
 4622.400  0.8713
 4622.420  0.8498
 4622.440  0.8231
 4622.460  0.7908
 4622.480  0.7569
 4622.500  0.7323
 4622.520  0.7282
 4622.540  0.7479
 4622.560  0.7839
 4622.580  0.8221
 4622.600  0.8515
 4622.620  0.8684
 4622.640  0.8710
 4622.660  0.8575
 4622.680  0.8297
 4622.700  0.7933
 4622.720  0.7544
 4622.740  0.7213
 4622.760  0.7043
 4622.780  0.7090
 4622.800  0.7331
 4622.820  0.7712
 4622.840  0.8181
 4622.860  0.8663
 4622.880  0.9075
 4622.900  0.9342
 4622.920  0.9418
 4622.940  0.9313
 4622.960  0.9092
 4622.980  0.8838
 4623.000  0.8607
 4623.020  0.8420
 4623.040  0.8252
 4623.060  0.8033
 4623.080  0.7705
 4623.100  0.7278
 4623.120  0.6813
 4623.140  0.6416
 4623.160  0.6214
 4623.180  0.6302
 4623.200  0.6668
 4623.220  0.7177
 4623.240  0.7670
 4623.260  0.8079
 4623.280  0.8411
 4623.300  0.8687
 4623.320  0.8927
 4623.340  0.9139
 4623.360  0.9315
 4623.380  0.9434
 4623.400  0.9482
 4623.420  0.9464
 4623.440  0.9422
 4623.460  0.9394
 4623.480  0.9373
 4623.500  0.9360
 4623.520  0.9387
 4623.540  0.9444
 4623.560  0.9490
 4623.580  0.9503
 4623.600  0.9500
 4623.620  0.9515
 4623.640  0.9562
 4623.660  0.9621
 4623.680  0.9648
 4623.700  0.9606
 4623.720  0.9488
 4623.740  0.9313
 4623.760  0.9130
 4623.780  0.8995
 4623.800  0.8936
 4623.820  0.8945
 4623.840  0.9001
 4623.860  0.9098
 4623.880  0.9219
 4623.900  0.9290
 4623.920  0.9216
 4623.940  0.8966
 4623.960  0.8585
 4623.980  0.8156
 4624.000  0.7746
 4624.020  0.7395
 4624.040  0.7176
 4624.060  0.7194
 4624.080  0.7476
 4624.100  0.7934
 4624.120  0.8428
 4624.140  0.8839
 4624.160  0.9139
 4624.180  0.9355
 4624.200  0.9491
 4624.220  0.9561
 4624.240  0.9611
 4624.260  0.9664
 4624.280  0.9718
 4624.300  0.9752
 4624.320  0.9745
 4624.340  0.9720
 4624.360  0.9727
 4624.380  0.9784
 4624.400  0.9825
 4624.420  0.9757
 4624.440  0.9533
 4624.460  0.9198
 4624.480  0.8865
 4624.500  0.8659
 4624.520  0.8648
 4624.540  0.8811
 4624.560  0.9060
 4624.580  0.9285
 4624.600  0.9416
 4624.620  0.9445
 4624.640  0.9412
 4624.660  0.9370
 4624.680  0.9348
 4624.700  0.9352
 4624.720  0.9389
 4624.740  0.9443
 4624.760  0.9461
 4624.780  0.9384
 4624.800  0.9180
 4624.820  0.8868
 4624.840  0.8497
 4624.860  0.8113
 4624.880  0.7746
 4624.900  0.7426
 4624.920  0.7191
 4624.940  0.7098
 4624.960  0.7186
 4624.980  0.7428
 4625.000  0.7766
 4625.020  0.8147
 4625.040  0.8524
 4625.060  0.8850
 4625.080  0.9052
 4625.100  0.9066
 4625.120  0.8926
 4625.140  0.8745
 4625.160  0.8627
 4625.180  0.8619
 4625.200  0.8705
 4625.220  0.8832
 4625.240  0.8935
 4625.260  0.8978
 4625.280  0.8973
 4625.300  0.8980
 4625.320  0.9073
 4625.340  0.9240
 4625.360  0.9369
 4625.380  0.9389
 4625.400  0.9326
 4625.420  0.9232
 4625.440  0.9146
 4625.460  0.9078
 4625.480  0.9010
 4625.500  0.8932
 4625.520  0.8840
 4625.540  0.8701
 4625.560  0.8495
 4625.580  0.8269
 4625.600  0.8076
 4625.620  0.7887
 4625.640  0.7652
 4625.660  0.7372
 4625.680  0.7105
 4625.700  0.6916
 4625.720  0.6823
 4625.740  0.6796
 4625.760  0.6791
 4625.780  0.6789
 4625.800  0.6826
 4625.820  0.6977
 4625.840  0.7285
 4625.860  0.7720
 4625.880  0.8180
 4625.900  0.8558
 4625.920  0.8796
 4625.940  0.8912
 4625.960  0.8971
 4625.980  0.9012
 4626.000  0.9008
 4626.020  0.8918
 4626.040  0.8731
 4626.060  0.8488
 4626.080  0.8271
 4626.100  0.8170
 4626.120  0.8233
 4626.140  0.8436
 4626.160  0.8683
 4626.180  0.8863
 4626.200  0.8896
 4626.220  0.8774
 4626.240  0.8536
 4626.260  0.8208
 4626.280  0.7825
 4626.300  0.7488
 4626.320  0.7329
 4626.340  0.7416
 4626.360  0.7710
 4626.380  0.8099
 4626.400  0.8465
 4626.420  0.8734
 4626.440  0.8905
 4626.460  0.9028
 4626.480  0.9129
 4626.500  0.9191
 4626.520  0.9214
 4626.540  0.9251
 4626.560  0.9330
 4626.580  0.9416
 4626.600  0.9472
 4626.620  0.9460
 4626.640  0.9339
 4626.660  0.9115
 4626.680  0.8821
 4626.700  0.8455
 4626.720  0.8041
 4626.740  0.7671
 4626.760  0.7427
 4626.780  0.7336
 4626.800  0.7396
 4626.820  0.7600
 4626.840  0.7953
 4626.860  0.8425
 4626.880  0.8882
 4626.900  0.9185
 4626.920  0.9329
 4626.940  0.9395
 4626.960  0.9411
 4626.980  0.9343
 4627.000  0.9175
 4627.020  0.8913
 4627.040  0.8539
 4627.060  0.8092
 4627.080  0.7711
 4627.100  0.7522
 4627.120  0.7547
 4627.140  0.7731
 4627.160  0.7994
 4627.180  0.8254
 4627.200  0.8435
 4627.220  0.8473
 4627.240  0.8351
 4627.260  0.8119
 4627.280  0.7850
 4627.300  0.7588
 4627.320  0.7394
 4627.340  0.7378
 4627.360  0.7590
 4627.380  0.7976
 4627.400  0.8454
 4627.420  0.8925
 4627.440  0.9290
 4627.460  0.9511
 4627.480  0.9612
 4627.500  0.9644
 4627.520  0.9667
 4627.540  0.9703
 4627.560  0.9715
 4627.580  0.9694
 4627.600  0.9703
 4627.620  0.9763
 4627.640  0.9829
 4627.660  0.9877
 4627.680  0.9869
 4627.700  0.9745
 4627.720  0.9523
 4627.740  0.9304
 4627.760  0.9181
 4627.780  0.9173
 4627.800  0.9204
 4627.820  0.9198
 4627.840  0.9157
 4627.860  0.9111
 4627.880  0.9067
 4627.900  0.9035
 4627.920  0.9030
 4627.940  0.9073
 4627.960  0.9170
 4627.980  0.9298
 4628.000  0.9403
 4628.020  0.9427
 4628.040  0.9352
 4628.060  0.9202
 4628.080  0.9021
 4628.100  0.8841
 4628.120  0.8655
 4628.140  0.8435
 4628.160  0.8173
 4628.180  0.7887
 4628.200  0.7578
 4628.220  0.7241
 4628.240  0.6932
 4628.260  0.6765
 4628.280  0.6836
 4628.300  0.7154
 4628.320  0.7641
 4628.340  0.8181
 4628.360  0.8672
 4628.380  0.9051
 4628.400  0.9287
 4628.420  0.9394
 4628.440  0.9449
 4628.460  0.9512
 4628.480  0.9584
 4628.500  0.9633
 4628.520  0.9633
 4628.540  0.9583
 4628.560  0.9519
 4628.580  0.9474
 4628.600  0.9447
 4628.620  0.9437
 4628.640  0.9440
 4628.660  0.9430
 4628.680  0.9380
 4628.700  0.9294
 4628.720  0.9186
 4628.740  0.9060
 4628.760  0.8919
 4628.780  0.8809
 4628.800  0.8793
 4628.820  0.8877
 4628.840  0.9002
 4628.860  0.9107
 4628.880  0.9159
 4628.900  0.9146
 4628.920  0.9071
 4628.940  0.8944
 4628.960  0.8782
 4628.980  0.8613
 4629.000  0.8447
 4629.020  0.8273
 4629.040  0.8101
 4629.060  0.7975
 4629.080  0.7900
 4629.100  0.7806
 4629.120  0.7641
 4629.140  0.7422
 4629.160  0.7192
 4629.180  0.6993
 4629.200  0.6877
 4629.220  0.6884
 4629.240  0.6996
 4629.260  0.7135
 4629.280  0.7218
 4629.300  0.7234
 4629.320  0.7238
 4629.340  0.7272
 4629.360  0.7288
 4629.380  0.7206
 4629.400  0.7008
 4629.420  0.6786
 4629.440  0.6706
 4629.460  0.6904
 4629.480  0.7386
 4629.500  0.8014
 4629.520  0.8593
 4629.540  0.8991
 4629.560  0.9197
 4629.580  0.9277
 4629.600  0.9320
 4629.620  0.9386
 4629.640  0.9454
 4629.660  0.9448
 4629.680  0.9334
 4629.700  0.9151
 4629.720  0.8951
 4629.740  0.8745
 4629.760  0.8499
 4629.780  0.8174
 4629.800  0.7767
 4629.820  0.7322
 4629.840  0.6908
 4629.860  0.6600
 4629.880  0.6451
 4629.900  0.6478
 4629.920  0.6637
 4629.940  0.6843
 4629.960  0.6997
 4629.980  0.7034
 4630.000  0.6970
 4630.020  0.6888
 4630.040  0.6864
 4630.060  0.6934
 4630.080  0.7091
 4630.100  0.7296
 4630.120  0.7512
 4630.140  0.7735
 4630.160  0.7965
 4630.180  0.8200
 4630.200  0.8422
 4630.220  0.8588
 4630.240  0.8652
 4630.260  0.8583
 4630.280  0.8366
 4630.300  0.8016
 4630.320  0.7586
 4630.340  0.7162
 4630.360  0.6856
 4630.380  0.6767
 4630.400  0.6937
 4630.420  0.7322
 4630.440  0.7800
 4630.460  0.8222
 4630.480  0.8493
 4630.500  0.8609
 4630.520  0.8637
 4630.540  0.8649
 4630.560  0.8696
 4630.580  0.8809
 4630.600  0.8979
 4630.620  0.9166
 4630.640  0.9321
 4630.660  0.9424
 4630.680  0.9494
 4630.700  0.9563
 4630.720  0.9624
 4630.740  0.9635
 4630.760  0.9553
 4630.780  0.9362
 4630.800  0.9083
 4630.820  0.8746
 4630.840  0.8386
 4630.860  0.8056
 4630.880  0.7776
 4630.900  0.7516
 4630.920  0.7258
 4630.940  0.7044
 4630.960  0.6973
 4630.980  0.7136
 4631.000  0.7548
 4631.020  0.8117
 4631.040  0.8693
 4631.060  0.9136
 4631.080  0.9372
 4631.100  0.9397
 4631.120  0.9255
 4631.140  0.9034
 4631.160  0.8827
 4631.180  0.8707
 4631.200  0.8717
 4631.220  0.8829
 4631.240  0.8958
 4631.260  0.9023
 4631.280  0.8997
 4631.300  0.8908
 4631.320  0.8818
 4631.340  0.8802
 4631.360  0.8887
 4631.380  0.9020
 4631.400  0.9136
 4631.420  0.9228
 4631.440  0.9310
 4631.460  0.9368
 4631.480  0.9394
 4631.500  0.9404
 4631.520  0.9412
 4631.540  0.9402
 4631.560  0.9342
 4631.580  0.9239
 4631.600  0.9145
 4631.620  0.9086
 4631.640  0.9035
 4631.660  0.8969
 4631.680  0.8900
 4631.700  0.8841
 4631.720  0.8757
 4631.740  0.8586
 4631.760  0.8303
 4631.780  0.7950
 4631.800  0.7610
 4631.820  0.7376
 4631.840  0.7305
 4631.860  0.7393
 4631.880  0.7580
 4631.900  0.7793
 4631.920  0.7996
 4631.940  0.8209
 4631.960  0.8466
 4631.980  0.8739
 4632.000  0.8926
 4632.020  0.8945
 4632.040  0.8794
 4632.060  0.8509
 4632.080  0.8137
 4632.100  0.7742
 4632.120  0.7428
 4632.140  0.7320
 4632.160  0.7493
 4632.180  0.7901
 4632.200  0.8403
 4632.220  0.8851
 4632.240  0.9172
 4632.260  0.9395
 4632.280  0.9577
 4632.300  0.9717
 4632.320  0.9761
 4632.340  0.9660
 4632.360  0.9434
 4632.380  0.9189
 4632.400  0.9014
 4632.420  0.8951
 4632.440  0.9007
 4632.460  0.9140
 4632.480  0.9281
 4632.500  0.9354
 4632.520  0.9304
 4632.540  0.9154
 4632.560  0.8969
 4632.580  0.8777
 4632.600  0.8543
 4632.620  0.8235
 4632.640  0.7876
 4632.660  0.7530
 4632.680  0.7252
 4632.700  0.7105
 4632.720  0.7158
 4632.740  0.7445
 4632.760  0.7889
 4632.780  0.8328
 4632.800  0.8618
 4632.820  0.8693
 4632.840  0.8585
 4632.860  0.8402
 4632.880  0.8276
 4632.900  0.8309
 4632.920  0.8518
 4632.940  0.8816
 4632.960  0.9077
 4632.980  0.9225
 4633.000  0.9269
 4633.020  0.9276
 4633.040  0.9303
 4633.060  0.9369
 4633.080  0.9441
 4633.100  0.9466
 4633.120  0.9436
 4633.140  0.9411
 4633.160  0.9436
 4633.180  0.9510
 4633.200  0.9591
 4633.220  0.9622
 4633.240  0.9586
 4633.260  0.9500
 4633.280  0.9369
 4633.300  0.9215
 4633.320  0.9101
 4633.340  0.9069
 4633.360  0.9079
 4633.380  0.9072
 4633.400  0.9054
 4633.420  0.9074
 4633.440  0.9151
 4633.460  0.9260
 4633.480  0.9369
 4633.500  0.9457
 4633.520  0.9530
 4633.540  0.9594
 4633.560  0.9642
 4633.580  0.9654
 4633.600  0.9619
 4633.620  0.9550
 4633.640  0.9455
 4633.660  0.9363
 4633.680  0.9333
 4633.700  0.9363
 4633.720  0.9392
 4633.740  0.9397
 4633.760  0.9400
 4633.780  0.9410
 4633.800  0.9417
 4633.820  0.9413
 4633.840  0.9407
 4633.860  0.9419
 4633.880  0.9454
 4633.900  0.9489
 4633.920  0.9510
 4633.940  0.9521
 4633.960  0.9515
 4633.980  0.9476
 4634.000  0.9414
 4634.020  0.9357
 4634.040  0.9344
 4634.060  0.9405
 4634.080  0.9512
 4634.100  0.9532
 4634.120  0.9292
 4634.140  0.8690
 4634.160  0.7767
 4634.180  0.6687
 4634.200  0.5645
 4634.220  0.4821
 4634.240  0.4374
 4634.260  0.4436
 4634.280  0.5052
 4634.300  0.6106
 4634.320  0.7304
 4634.340  0.8308
 4634.360  0.8928
 4634.380  0.9182
 4634.400  0.9216
 4634.420  0.9195
 4634.440  0.9240
 4634.460  0.9383
 4634.480  0.9553
 4634.500  0.9598
 4634.520  0.9363
 4634.540  0.8786
 4634.560  0.7950
 4634.580  0.7043
 4634.600  0.6294
 4634.620  0.5914
 4634.640  0.6022
 4634.660  0.6587
 4634.680  0.7421
 4634.700  0.8243
 4634.720  0.8844
 4634.740  0.9194
 4634.760  0.9386
 4634.780  0.9517
 4634.800  0.9628
 4634.820  0.9704
 4634.840  0.9719
 4634.860  0.9666
 4634.880  0.9551
 4634.900  0.9384
 4634.920  0.9199
 4634.940  0.9043
 4634.960  0.8938
 4634.980  0.8846
 4635.000  0.8719
 4635.020  0.8570
 4635.040  0.8455
 4635.060  0.8416
 4635.080  0.8454
 4635.100  0.8537
 4635.120  0.8620
 4635.140  0.8663
 4635.160  0.8638
 4635.180  0.8531
 4635.200  0.8362
 4635.220  0.8181
 4635.240  0.8055
 4635.260  0.8059
 4635.280  0.8232
 4635.300  0.8525
 4635.320  0.8823
 4635.340  0.9035
 4635.360  0.9143
 4635.380  0.9168
 4635.400  0.9143
 4635.420  0.9134
 4635.440  0.9194
 4635.460  0.9312
 4635.480  0.9431
 4635.500  0.9508
 4635.520  0.9557
 4635.540  0.9636
 4635.560  0.9747
 4635.580  0.9800
 4635.600  0.9739
 4635.620  0.9622
 4635.640  0.9521
 4635.660  0.9440
 4635.680  0.9359
 4635.700  0.9295
 4635.720  0.9283
 4635.740  0.9321
 4635.760  0.9364
 4635.780  0.9351
 4635.800  0.9243
 4635.820  0.9052
 4635.840  0.8806
 4635.860  0.8529
 4635.880  0.8248
 4635.900  0.7984
 4635.920  0.7717
 4635.940  0.7421
 4635.960  0.7124
 4635.980  0.6902
 4636.000  0.6824
 4636.020  0.6939
 4636.040  0.7267
 4636.060  0.7725
 4636.080  0.8135
 4636.100  0.8316
 4636.120  0.8175
 4636.140  0.7741
 4636.160  0.7133
 4636.180  0.6492
 4636.200  0.5945
 4636.220  0.5578
 4636.240  0.5400
 4636.260  0.5338
 4636.280  0.5305
 4636.300  0.5269
 4636.320  0.5250
 4636.340  0.5247
 4636.360  0.5241
 4636.380  0.5244
 4636.400  0.5277
 4636.420  0.5322
 4636.440  0.5344
 4636.460  0.5345
 4636.480  0.5421
 4636.500  0.5723
 4636.520  0.6327
 4636.540  0.7152
 4636.560  0.7981
 4636.580  0.8603
 4636.600  0.8945
 4636.620  0.9071
 4636.640  0.9071
 4636.660  0.8987
 4636.680  0.8799
 4636.700  0.8509
 4636.720  0.8207
 4636.740  0.8017
 4636.760  0.7989
 4636.780  0.8081
 4636.800  0.8204
 4636.820  0.8269
 4636.840  0.8212
 4636.860  0.8012
 4636.880  0.7721
 4636.900  0.7435
 4636.920  0.7271
 4636.940  0.7320
 4636.960  0.7581
 4636.980  0.7960
 4637.000  0.8347
 4637.020  0.8665
 4637.040  0.8872
 4637.060  0.8966
 4637.080  0.8967
 4637.100  0.8888
 4637.120  0.8746
 4637.140  0.8584
 4637.160  0.8448
 4637.180  0.8370
 4637.200  0.8377
 4637.220  0.8486
 4637.240  0.8668
 4637.260  0.8841
 4637.280  0.8934
 4637.300  0.8943
 4637.320  0.8913
 4637.340  0.8887
 4637.360  0.8878
 4637.380  0.8864
 4637.400  0.8815
 4637.420  0.8719
 4637.440  0.8608
 4637.460  0.8555
 4637.480  0.8624
 4637.500  0.8800
 4637.520  0.8982
 4637.540  0.9051
 4637.560  0.8931
 4637.580  0.8631
 4637.600  0.8237
 4637.620  0.7857
 4637.640  0.7576
 4637.660  0.7464
 4637.680  0.7574
 4637.700  0.7895
 4637.720  0.8323
 4637.740  0.8733
 4637.760  0.9044
 4637.780  0.9236
 4637.800  0.9332
 4637.820  0.9369
 4637.840  0.9374
 4637.860  0.9352
 4637.880  0.9295
 4637.900  0.9183
 4637.920  0.9000
 4637.940  0.8776
 4637.960  0.8547
 4637.980  0.8277
 4638.000  0.7924
 4638.020  0.7543
 4638.040  0.7244
 4638.060  0.7120
 4638.080  0.7221
 4638.100  0.7532
 4638.120  0.7983
 4638.140  0.8474
 4638.160  0.8905
 4638.180  0.9191
 4638.200  0.9303
 4638.220  0.9275
 4638.240  0.9186
 4638.260  0.9106
 4638.280  0.9073
 4638.300  0.9104
 4638.320  0.9186
 4638.340  0.9286
 4638.360  0.9390
 4638.380  0.9495
 4638.400  0.9557
 4638.420  0.9526
 4638.440  0.9409
 4638.460  0.9253
 4638.480  0.9099
 4638.500  0.8977
 4638.520  0.8893
 4638.540  0.8812
 4638.560  0.8684
 4638.580  0.8497
 4638.600  0.8293
 4638.620  0.8127
 4638.640  0.8016
 4638.660  0.7918
 4638.680  0.7771
 4638.700  0.7551
 4638.720  0.7328
 4638.740  0.7258
 4638.760  0.7453
 4638.780  0.7868
 4638.800  0.8328
 4638.820  0.8639
 4638.840  0.8727
 4638.860  0.8680
 4638.880  0.8637
 4638.900  0.8638
 4638.920  0.8646
 4638.940  0.8652
 4638.960  0.8693
 4638.980  0.8802
 4639.000  0.8977
 4639.020  0.9165
 4639.040  0.9286
 4639.060  0.9280
 4639.080  0.9169
 4639.100  0.9049
 4639.120  0.9002
 4639.140  0.9042
 4639.160  0.9123
 4639.180  0.9169
 4639.200  0.9137
 4639.220  0.9021
 4639.240  0.8806
 4639.260  0.8479
 4639.280  0.8078
 4639.300  0.7705
 4639.320  0.7460
 4639.340  0.7403
 4639.360  0.7567
 4639.380  0.7927
 4639.400  0.8371
 4639.420  0.8762
 4639.440  0.9012
 4639.460  0.9114
 4639.480  0.9134
 4639.500  0.9144
 4639.520  0.9165
 4639.540  0.9194
 4639.560  0.9226
 4639.580  0.9267
 4639.600  0.9336
 4639.620  0.9437
 4639.640  0.9523
 4639.660  0.9538
 4639.680  0.9487
 4639.700  0.9419
 4639.720  0.9376
 4639.740  0.9360
 4639.760  0.9324
 4639.780  0.9190
 4639.800  0.8905
 4639.820  0.8485
 4639.840  0.7996
 4639.860  0.7558
 4639.880  0.7313
 4639.900  0.7321
 4639.920  0.7558
 4639.940  0.7950
 4639.960  0.8390
 4639.980  0.8771
 4640.000  0.9041
 4640.020  0.9214
 4640.040  0.9319
 4640.060  0.9376
 4640.080  0.9397
 4640.100  0.9401
 4640.120  0.9429
 4640.140  0.9509
 4640.160  0.9611
 4640.180  0.9665
 4640.200  0.9610
 4640.220  0.9447
 4640.240  0.9234
 4640.260  0.9041
 4640.280  0.8918
 4640.300  0.8887
 4640.320  0.8938
 4640.340  0.9054
 4640.360  0.9205
 4640.380  0.9345
 4640.400  0.9429
 4640.420  0.9451
 4640.440  0.9447
 4640.460  0.9429
 4640.480  0.9370
 4640.500  0.9258
 4640.520  0.9130
 4640.540  0.9033
 4640.560  0.8943
 4640.580  0.8771
 4640.600  0.8489
 4640.620  0.8155
 4640.640  0.7845
 4640.660  0.7608
 4640.680  0.7437
 4640.700  0.7279
 4640.720  0.7118
 4640.740  0.7021
 4640.760  0.7097
 4640.780  0.7399
 4640.800  0.7860
 4640.820  0.8327
 4640.840  0.8652
 4640.860  0.8751
 4640.880  0.8611
 4640.900  0.8270
 4640.920  0.7806
 4640.940  0.7328
 4640.960  0.6957
 4640.980  0.6803
 4641.000  0.6935
 4641.020  0.7324
 4641.040  0.7848
 4641.060  0.8371
 4641.080  0.8786
 4641.100  0.9032
 4641.120  0.9115
 4641.140  0.9066
 4641.160  0.8902
 4641.180  0.8652
 4641.200  0.8355
 4641.220  0.8065
 4641.240  0.7858
 4641.260  0.7798
 4641.280  0.7912
 4641.300  0.8159
 4641.320  0.8442
 4641.340  0.8686
 4641.360  0.8835
 4641.380  0.8829
 4641.400  0.8666
 4641.420  0.8450
 4641.440  0.8310
 4641.460  0.8316
 4641.480  0.8447
 4641.500  0.8615
 4641.520  0.8732
 4641.540  0.8753
 4641.560  0.8674
 4641.580  0.8509
 4641.600  0.8265
 4641.620  0.7929
 4641.640  0.7509
 4641.660  0.7070
 4641.680  0.6728
 4641.700  0.6601
 4641.720  0.6750
 4641.740  0.7142
 4641.760  0.7646
 4641.780  0.8116
 4641.800  0.8482
 4641.820  0.8753
 4641.840  0.8947
 4641.860  0.9057
 4641.880  0.9073
 4641.900  0.9007
 4641.920  0.8878
 4641.940  0.8698
 4641.960  0.8473
 4641.980  0.8220
 4642.000  0.7981
 4642.020  0.7819
 4642.040  0.7801
 4642.060  0.7970
 4642.080  0.8294
 4642.100  0.8672
 4642.120  0.9014
 4642.140  0.9284
 4642.160  0.9481
 4642.180  0.9586
 4642.200  0.9589
 4642.220  0.9521
 4642.240  0.9430
 4642.260  0.9328
 4642.280  0.9194
 4642.300  0.9024
 4642.320  0.8853
 4642.340  0.8710
 4642.360  0.8581
 4642.380  0.8422
 4642.400  0.8230
 4642.420  0.8074
 4642.440  0.8047
 4642.460  0.8185
 4642.480  0.8448
 4642.500  0.8769
 4642.520  0.9079
 4642.540  0.9313
 4642.560  0.9423
 4642.580  0.9401
 4642.600  0.9278
 4642.620  0.9098
 4642.640  0.8901
 4642.660  0.8719
 4642.680  0.8577
 4642.700  0.8503
 4642.720  0.8517
 4642.740  0.8606
 4642.760  0.8737
 4642.780  0.8847
 4642.800  0.8840
 4642.820  0.8647
 4642.840  0.8270
 4642.860  0.7822
 4642.880  0.7483
 4642.900  0.7378
 4642.920  0.7527
 4642.940  0.7873
 4642.960  0.8313
 4642.980  0.8741
 4643.000  0.9056
 4643.020  0.9167
 4643.040  0.9052
 4643.060  0.8768
 4643.080  0.8413
 4643.100  0.8107
 4643.120  0.7960
 4643.140  0.8023
 4643.160  0.8267
 4643.180  0.8609
 4643.200  0.8937
 4643.220  0.9143
 4643.240  0.9205
 4643.260  0.9180
 4643.280  0.9143
 4643.300  0.9127
 4643.320  0.9081
 4643.340  0.8924
 4643.360  0.8637
 4643.380  0.8269
 4643.400  0.7881
 4643.420  0.7532
 4643.440  0.7300
 4643.460  0.7268
 4643.480  0.7493
 4643.500  0.7941
 4643.520  0.8434
 4643.540  0.8790
 4643.560  0.9003
 4643.580  0.9155
 4643.600  0.9271
 4643.620  0.9336
 4643.640  0.9344
 4643.660  0.9304
 4643.680  0.9237
 4643.700  0.9173
 4643.720  0.9146
 4643.740  0.9177
 4643.760  0.9261
 4643.780  0.9362
 4643.800  0.9425
 4643.820  0.9437
 4643.840  0.9442
 4643.860  0.9473
 4643.880  0.9506
 4643.900  0.9487
 4643.920  0.9375
 4643.940  0.9184
 4643.960  0.8971
 4643.980  0.8760
 4644.000  0.8525
 4644.020  0.8227
 4644.040  0.7873
 4644.060  0.7525
 4644.080  0.7234
 4644.100  0.7022
 4644.120  0.6944
 4644.140  0.7055
 4644.160  0.7331
 4644.180  0.7664
 4644.200  0.7913
 4644.220  0.7987
 4644.240  0.7909
 4644.260  0.7775
 4644.280  0.7683
 4644.300  0.7699
 4644.320  0.7855
 4644.340  0.8126
 4644.360  0.8435
 4644.380  0.8725
 4644.400  0.8975
 4644.420  0.9160
 4644.440  0.9241
 4644.460  0.9230
 4644.480  0.9188
 4644.500  0.9160
 4644.520  0.9136
 4644.540  0.9045
 4644.560  0.8817
 4644.580  0.8471
 4644.600  0.8104
 4644.620  0.7793
 4644.640  0.7563
 4644.660  0.7400
 4644.680  0.7273
 4644.700  0.7158
 4644.720  0.7059
 4644.740  0.7027
 4644.760  0.7102
 4644.780  0.7259
 4644.800  0.7448
 4644.820  0.7623
 4644.840  0.7754
 4644.860  0.7841
 4644.880  0.7905
 4644.900  0.7962
 4644.920  0.8016
 4644.940  0.8080
 4644.960  0.8173
 4644.980  0.8300
 4645.000  0.8447
 4645.020  0.8556
 4645.040  0.8536
 4645.060  0.8354
 4645.080  0.8098
 4645.100  0.7884
 4645.120  0.7754
 4645.140  0.7677
 4645.160  0.7603
 4645.180  0.7489
 4645.200  0.7319
 4645.220  0.7115
 4645.240  0.6942
 4645.260  0.6891
 4645.280  0.7024
 4645.300  0.7334
 4645.320  0.7748
 4645.340  0.8163
 4645.360  0.8498
 4645.380  0.8716
 4645.400  0.8834
 4645.420  0.8913
 4645.440  0.9016
 4645.460  0.9163
 4645.480  0.9326
 4645.500  0.9467
 4645.520  0.9548
 4645.540  0.9546
 4645.560  0.9491
 4645.580  0.9458
 4645.600  0.9487
 4645.620  0.9557
 4645.640  0.9636
 4645.660  0.9701
 4645.680  0.9726
 4645.700  0.9701
 4645.720  0.9635
 4645.740  0.9543
 4645.760  0.9463
 4645.780  0.9435
 4645.800  0.9441
 4645.820  0.9437
 4645.840  0.9441
 4645.860  0.9495
 4645.880  0.9573
 4645.900  0.9599
 4645.920  0.9565
 4645.940  0.9528
 4645.960  0.9535
 4645.980  0.9566
 4646.000  0.9556
 4646.020  0.9485
 4646.040  0.9427
 4646.060  0.9430
 4646.080  0.9452
 4646.100  0.9433
 4646.120  0.9365
 4646.140  0.9288
 4646.160  0.9238
 4646.180  0.9234
 4646.200  0.9274
 4646.220  0.9332
 4646.240  0.9390
 4646.260  0.9456
 4646.280  0.9525
 4646.300  0.9568
 4646.320  0.9562
 4646.340  0.9494
 4646.360  0.9382
 4646.380  0.9301
 4646.400  0.9310
 4646.420  0.9365
 4646.440  0.9391
 4646.460  0.9379
 4646.480  0.9361
 4646.500  0.9360
 4646.520  0.9374
 4646.540  0.9367
 4646.560  0.9287
 4646.580  0.9113
 4646.600  0.8857
 4646.620  0.8536
 4646.640  0.8170
 4646.660  0.7819
 4646.680  0.7592
 4646.700  0.7560
 4646.720  0.7702
 4646.740  0.7926
 4646.760  0.8108
 4646.780  0.8182
 4646.800  0.8204
 4646.820  0.8255
 4646.840  0.8339
 4646.860  0.8414
 4646.880  0.8446
 4646.900  0.8434
 4646.920  0.8411
 4646.940  0.8413
 4646.960  0.8443
 4646.980  0.8460
 4647.000  0.8437
 4647.020  0.8389
 4647.040  0.8357
 4647.060  0.8384
 4647.080  0.8496
 4647.100  0.8685
 4647.120  0.8884
 4647.140  0.9005
 4647.160  0.8993
 4647.180  0.8839
 4647.200  0.8594
 4647.220  0.8361
 4647.240  0.8242
 4647.260  0.8273
 4647.280  0.8429
 4647.300  0.8655
 4647.320  0.8909
 4647.340  0.9165
 4647.360  0.9370
 4647.380  0.9472
 4647.400  0.9484
 4647.420  0.9459
 4647.440  0.9427
 4647.460  0.9409
 4647.480  0.9428
 4647.500  0.9474
 4647.520  0.9503
 4647.540  0.9461
 4647.560  0.9324
 4647.580  0.9127
 4647.600  0.8921
 4647.620  0.8731
 4647.640  0.8562
 4647.660  0.8446
 4647.680  0.8429
 4647.700  0.8502
 4647.720  0.8570
 4647.740  0.8524
 4647.760  0.8330
 4647.780  0.8036
 4647.800  0.7730
 4647.820  0.7482
 4647.840  0.7341
 4647.860  0.7365
 4647.880  0.7603
 4647.900  0.8014
 4647.920  0.8453
 4647.940  0.8776
 4647.960  0.8955
 4647.980  0.9078
 4648.000  0.9220
 4648.020  0.9354
 4648.040  0.9421
 4648.060  0.9413
 4648.080  0.9380
 4648.100  0.9368
 4648.120  0.9365
 4648.140  0.9302
 4648.160  0.9132
 4648.180  0.8865
 4648.200  0.8516
 4648.220  0.8133
 4648.240  0.7838
 4648.260  0.7743
 4648.280  0.7887
 4648.300  0.8225
 4648.320  0.8637
 4648.340  0.8975
 4648.360  0.9137
 4648.380  0.9115
 4648.400  0.8999
 4648.420  0.8904
 4648.440  0.8897
 4648.460  0.8965
 4648.480  0.9015
 4648.500  0.8954
 4648.520  0.8762
 4648.540  0.8471
 4648.560  0.8112
 4648.580  0.7718
 4648.600  0.7353
 4648.620  0.7087
 4648.640  0.6985
 4648.660  0.7083
 4648.680  0.7353
 4648.700  0.7719
 4648.720  0.8090
 4648.740  0.8380
 4648.760  0.8552
 4648.780  0.8664
 4648.800  0.8824
 4648.820  0.9068
 4648.840  0.9338
 4648.860  0.9556
 4648.880  0.9676
 4648.900  0.9699
 4648.920  0.9654
 4648.940  0.9578
 4648.960  0.9501
 4648.980  0.9437
 4649.000  0.9393
 4649.020  0.9376
 4649.040  0.9397
 4649.060  0.9448
 4649.080  0.9488
 4649.100  0.9478
 4649.120  0.9430
 4649.140  0.9396
 4649.160  0.9393
 4649.180  0.9404
 4649.200  0.9424
 4649.220  0.9454
 4649.240  0.9481
 4649.260  0.9492
 4649.280  0.9476
 4649.300  0.9440
 4649.320  0.9400
 4649.340  0.9366
 4649.360  0.9322
 4649.380  0.9227
 4649.400  0.9033
 4649.420  0.8736
 4649.440  0.8377
 4649.460  0.8003
 4649.480  0.7656
 4649.500  0.7360
 4649.520  0.7131
 4649.540  0.6967
 4649.560  0.6865
 4649.580  0.6838
 4649.600  0.6910
 4649.620  0.7090
 4649.640  0.7365
 4649.660  0.7715
 4649.680  0.8106
 4649.700  0.8508
 4649.720  0.8885
 4649.740  0.9183
 4649.760  0.9347
 4649.780  0.9369
 4649.800  0.9296
 4649.820  0.9195
 4649.840  0.9119
 4649.860  0.9112
 4649.880  0.9187
 4649.900  0.9311
 4649.920  0.9435
 4649.940  0.9548
 4649.960  0.9653
 4649.980  0.9727
 4650.000  0.9714
 4650.020  0.9576
 4650.040  0.9364
 4650.060  0.9179
 4650.080  0.9071
 4650.100  0.9039
 4650.120  0.9058
 4650.140  0.9114
 4650.160  0.9211
 4650.180  0.9338
 4650.200  0.9436
 4650.220  0.9453
 4650.240  0.9365
 4650.260  0.9179
 4650.280  0.8958
 4650.300  0.8802
 4650.320  0.8789
 4650.340  0.8918
 4650.360  0.9111
 4650.380  0.9287
 4650.400  0.9420
 4650.420  0.9517
 4650.440  0.9584
 4650.460  0.9600
 4650.480  0.9558
 4650.500  0.9485
 4650.520  0.9410
 4650.540  0.9327
 4650.560  0.9209
 4650.580  0.9071
 4650.600  0.8958
 4650.620  0.8894
 4650.640  0.8865
 4650.660  0.8845
 4650.680  0.8833
 4650.700  0.8846
 4650.720  0.8887
 4650.740  0.8949
 4650.760  0.9010
 4650.780  0.9046
 4650.800  0.9057
 4650.820  0.9061
 4650.840  0.9068
 4650.860  0.9088
 4650.880  0.9108
 4650.900  0.9111
 4650.920  0.9110
 4650.940  0.9127
 4650.960  0.9152
 4650.980  0.9161
 4651.000  0.9154
 4651.020  0.9138
 4651.040  0.9093
 4651.060  0.8963
 4651.080  0.8704
 4651.100  0.8351
 4651.120  0.8020
 4651.140  0.7797
 4651.160  0.7674
 4651.180  0.7598
 4651.200  0.7509
 4651.220  0.7350
 4651.240  0.7104
 4651.260  0.6838
 4651.280  0.6685
 4651.300  0.6744
 4651.320  0.7032
 4651.340  0.7463
 4651.360  0.7903
 4651.380  0.8279
 4651.400  0.8596
 4651.420  0.8848
 4651.440  0.9017
 4651.460  0.9136
 4651.480  0.9246
 4651.500  0.9329
 4651.520  0.9334
 4651.540  0.9241
 4651.560  0.9074
 4651.580  0.8875
 4651.600  0.8695
 4651.620  0.8581
 4651.640  0.8542
 4651.660  0.8531
 4651.680  0.8460
 4651.700  0.8259
 4651.720  0.7929
 4651.740  0.7537
 4651.760  0.7191
 4651.780  0.6997
 4651.800  0.7041
 4651.820  0.7322
 4651.840  0.7719
 4651.860  0.8087
 4651.880  0.8374
 4651.900  0.8598
 4651.920  0.8765
 4651.940  0.8846
 4651.960  0.8815
 4651.980  0.8699
 4652.000  0.8559
 4652.020  0.8446
 4652.040  0.8400
 4652.060  0.8431
 4652.080  0.8514
 4652.100  0.8573
 4652.120  0.8528
 4652.140  0.8354
 4652.160  0.8079
 4652.180  0.7755
 4652.200  0.7468
 4652.220  0.7325
 4652.240  0.7367
 4652.260  0.7534
 4652.280  0.7716
 4652.300  0.7838
 4652.320  0.7895
 4652.340  0.7934
 4652.360  0.7994
 4652.380  0.8076
 4652.400  0.8135
 4652.420  0.8102
 4652.440  0.7934
 4652.460  0.7652
 4652.480  0.7347
 4652.500  0.7136
 4652.520  0.7093
 4652.540  0.7226
 4652.560  0.7519
 4652.580  0.7905
 4652.600  0.8235
 4652.620  0.8373
 4652.640  0.8301
 4652.660  0.8107
 4652.680  0.7903
 4652.700  0.7762
 4652.720  0.7723
 4652.740  0.7809
 4652.760  0.8009
 4652.780  0.8250
 4652.800  0.8442
 4652.820  0.8563
 4652.840  0.8661
 4652.860  0.8770
 4652.880  0.8855
 4652.900  0.8854
 4652.920  0.8738
 4652.940  0.8504
 4652.960  0.8164
 4652.980 -1.0000
 4653.000 -1.0000
 4622.000  0.0000
 4622.020  0.0000
 4622.040  0.0045
 4622.060  0.0011
 4622.080 -0.0019
 4622.100 -0.0026
 4622.120 -0.0007
 4622.140  0.0019
 4622.160  0.0027
 4622.180  0.0006
 4622.200 -0.0032
 4622.220 -0.0062
 4622.240 -0.0066
 4622.260 -0.0045
 4622.280 -0.0011
 4622.300  0.0026
 4622.320  0.0057
 4622.340  0.0059
 4622.360  0.0024
 4622.380 -0.0025
 4622.400 -0.0045
 4622.420 -0.0008
 4622.440  0.0048
 4622.460  0.0055
 4622.480  0.0018
 4622.500  0.0008
 4622.520  0.0064
 4622.540  0.0148
 4622.560  0.0179
 4622.580  0.0126
 4622.600  0.0050
 4622.620  0.0025
 4622.640  0.0041
 4622.660  0.0044
 4622.680  0.0022
 4622.700 -0.0001
 4622.720 -0.0012
 4622.740 -0.0021
 4622.760 -0.0047
 4622.780 -0.0080
 4622.800 -0.0078
 4622.820 -0.0025
 4622.840  0.0047
 4622.860  0.0102
 4622.880  0.0131
 4622.900  0.0130
 4622.920  0.0097
 4622.940  0.0040
 4622.960 -0.0019
 4622.980 -0.0056
 4623.000 -0.0064
 4623.020 -0.0062
 4623.040 -0.0067
 4623.060 -0.0069
 4623.080 -0.0055
 4623.100 -0.0035
 4623.120 -0.0022
 4623.140 -0.0010
 4623.160  0.0012
 4623.180  0.0043
 4623.200  0.0068
 4623.220  0.0072
 4623.240  0.0053
 4623.260  0.0024
 4623.280  0.0001
 4623.300 -0.0004
 4623.320  0.0012
 4623.340  0.0042
 4623.360  0.0068
 4623.380  0.0073
 4623.400  0.0048
 4623.420  0.0005
 4623.440 -0.0032
 4623.460 -0.0040
 4623.480 -0.0018
 4623.500  0.0016
 4623.520  0.0032
 4623.540  0.0015
 4623.560 -0.0019
 4623.580 -0.0041
 4623.600 -0.0027
 4623.620  0.0018
 4623.640  0.0063
 4623.660  0.0075
 4623.680  0.0044
 4623.700 -0.0005
 4623.720 -0.0034
 4623.740 -0.0031
 4623.760 -0.0010
 4623.780  0.0025
 4623.800  0.0075
 4623.820  0.0126
 4623.840  0.0149
 4623.860  0.0132
 4623.880  0.0092
 4623.900  0.0056
 4623.920  0.0040
 4623.940  0.0034
 4623.960  0.0024
 4623.980  0.0012
 4624.000  0.0007
 4624.020  0.0011
 4624.040  0.0028
 4624.060  0.0064
 4624.080  0.0103
 4624.100  0.0112
 4624.120  0.0083
 4624.140  0.0048
 4624.160  0.0029
 4624.180  0.0028
 4624.200  0.0043
 4624.220  0.0068
 4624.240  0.0090
 4624.260  0.0094
 4624.280  0.0080
 4624.300  0.0061
 4624.320  0.0052
 4624.340  0.0048
 4624.360  0.0027
 4624.380 -0.0006
 4624.400 -0.0009
 4624.420  0.0033
 4624.440  0.0075
 4624.460  0.0077
 4624.480  0.0056
 4624.500  0.0040
 4624.520  0.0035
 4624.540  0.0022
 4624.560 -0.0014
 4624.580 -0.0050
 4624.600 -0.0055
 4624.620 -0.0025
 4624.640  0.0012
 4624.660  0.0035
 4624.680  0.0045
 4624.700  0.0048
 4624.720  0.0044
 4624.740  0.0029
 4624.760  0.0011
 4624.780  0.0009
 4624.800  0.0032
 4624.820  0.0061
 4624.840  0.0067
 4624.860  0.0041
 4624.880  0.0004
 4624.900 -0.0009
 4624.920  0.0002
 4624.940  0.0007
 4624.960 -0.0002
 4624.980  0.0004
 4625.000  0.0039
 4625.020  0.0080
 4625.040  0.0091
 4625.060  0.0056
 4625.080  0.0002
 4625.100 -0.0034
 4625.120 -0.0042
 4625.140 -0.0029
 4625.160  0.0002
 4625.180  0.0045
 4625.200  0.0068
 4625.220  0.0056
 4625.240  0.0037
 4625.260  0.0047
 4625.280  0.0090
 4625.300  0.0132
 4625.320  0.0138
 4625.340  0.0111
 4625.360  0.0086
 4625.380  0.0081
 4625.400  0.0076
 4625.420  0.0052
 4625.440  0.0012
 4625.460 -0.0015
 4625.480 -0.0005
 4625.500  0.0031
 4625.520  0.0056
 4625.540  0.0041
 4625.560 -0.0004
 4625.580 -0.0035
 4625.600 -0.0024
 4625.620 -0.0002
 4625.640 -0.0017
 4625.660 -0.0069
 4625.680 -0.0112
 4625.700 -0.0090
 4625.720 -0.0010
 4625.740  0.0062
 4625.760  0.0084
 4625.780  0.0075
 4625.800  0.0068
 4625.820  0.0068
 4625.840  0.0067
 4625.860  0.0061
 4625.880  0.0057
 4625.900  0.0055
 4625.920  0.0036
 4625.940 -0.0012
 4625.960 -0.0056
 4625.980 -0.0059
 4626.000 -0.0029
 4626.020  0.0002
 4626.040  0.0014
 4626.060  0.0014
 4626.080  0.0018
 4626.100  0.0037
 4626.120  0.0065
 4626.140  0.0085
 4626.160  0.0088
 4626.180  0.0075
 4626.200  0.0063
 4626.220  0.0065
 4626.240  0.0075
 4626.260  0.0073
 4626.280  0.0045
 4626.300  0.0002
 4626.320 -0.0026
 4626.340 -0.0026
 4626.360 -0.0003
 4626.380  0.0029
 4626.400  0.0055
 4626.420  0.0059
 4626.440  0.0043
 4626.460  0.0028
 4626.480  0.0029
 4626.500  0.0038
 4626.520  0.0042
 4626.540  0.0045
 4626.560  0.0053
 4626.580  0.0056
 4626.600  0.0035
 4626.620 -0.0014
 4626.640 -0.0054
 4626.660 -0.0047
 4626.680 -0.0013
 4626.700 -0.0008
 4626.720 -0.0035
 4626.740 -0.0054
 4626.760 -0.0043
 4626.780 -0.0019
 4626.800 -0.0007
 4626.820 -0.0008
 4626.840  0.0006
 4626.860  0.0048
 4626.880  0.0084
 4626.900  0.0084
 4626.920  0.0061
 4626.940  0.0039
 4626.960  0.0019
 4626.980  0.0002
 4627.000 -0.0004
 4627.020 -0.0001
 4627.040 -0.0006
 4627.060 -0.0022
 4627.080 -0.0034
 4627.100 -0.0030
 4627.120 -0.0012
 4627.140  0.0000
 4627.160 -0.0005
 4627.180 -0.0009
 4627.200  0.0001
 4627.220  0.0006
 4627.240 -0.0009
 4627.260 -0.0024
 4627.280 -0.0006
 4627.300  0.0044
 4627.320  0.0092
 4627.340  0.0107
 4627.360  0.0085
 4627.380  0.0052
 4627.400  0.0045
 4627.420  0.0073
 4627.440  0.0111
 4627.460  0.0120
 4627.480  0.0089
 4627.500  0.0041
 4627.520  0.0003
 4627.540 -0.0020
 4627.560 -0.0037
 4627.580 -0.0049
 4627.600 -0.0036
 4627.620  0.0011
 4627.640  0.0065
 4627.660  0.0087
 4627.680  0.0069
 4627.700  0.0026
 4627.720 -0.0022
 4627.740 -0.0047
 4627.760 -0.0021
 4627.780  0.0040
 4627.800  0.0076
 4627.820  0.0057
 4627.840  0.0007
 4627.860 -0.0025
 4627.880 -0.0020
 4627.900  0.0010
 4627.920  0.0037
 4627.940  0.0056
 4627.960  0.0067
 4627.980  0.0057
 4628.000  0.0014
 4628.020 -0.0033
 4628.040 -0.0046
 4628.060 -0.0027
 4628.080  0.0000
 4628.100  0.0030
 4628.120  0.0058
 4628.140  0.0059
 4628.160  0.0026
 4628.180 -0.0014
 4628.200 -0.0022
 4628.220  0.0011
 4628.240  0.0056
 4628.260  0.0075
 4628.280  0.0065
 4628.300  0.0059
 4628.320  0.0065
 4628.340  0.0065
 4628.360  0.0062
 4628.380  0.0076
 4628.400  0.0109
 4628.420  0.0142
 4628.440  0.0157
 4628.460  0.0152
 4628.480  0.0132
 4628.500  0.0109
 4628.520  0.0095
 4628.540  0.0099
 4628.560  0.0118
 4628.580  0.0138
 4628.600  0.0139
 4628.620  0.0120
 4628.640  0.0095
 4628.660  0.0078
 4628.680  0.0061
 4628.700  0.0037
 4628.720  0.0010
 4628.740 -0.0014
 4628.760 -0.0030
 4628.780 -0.0028
 4628.800 -0.0004
 4628.820  0.0029
 4628.840  0.0047
 4628.860  0.0049
 4628.880  0.0048
 4628.900  0.0055
 4628.920  0.0065
 4628.940  0.0059
 4628.960  0.0027
 4628.980 -0.0011
 4629.000 -0.0025
 4629.020 -0.0006
 4629.040  0.0030
 4629.060  0.0054
 4629.080  0.0045
 4629.100  0.0008
 4629.120 -0.0025
 4629.140 -0.0026
 4629.160 -0.0001
 4629.180  0.0019
 4629.200  0.0030
 4629.220  0.0048
 4629.240  0.0079
 4629.260  0.0103
 4629.280  0.0098
 4629.300  0.0059
 4629.320  0.0013
 4629.340 -0.0014
 4629.360 -0.0025
 4629.380 -0.0027
 4629.400 -0.0015
 4629.420  0.0010
 4629.440  0.0034
 4629.460  0.0052
 4629.480  0.0078
 4629.500  0.0106
 4629.520  0.0106
 4629.540  0.0064
 4629.560  0.0005
 4629.580 -0.0022
 4629.600  0.0005
 4629.620  0.0058
 4629.640  0.0087
 4629.660  0.0082
 4629.680  0.0067
 4629.700  0.0060
 4629.720  0.0053
 4629.740  0.0029
 4629.760 -0.0015
 4629.780 -0.0064
 4629.800 -0.0094
 4629.820 -0.0086
 4629.840 -0.0047
 4629.860 -0.0004
 4629.880  0.0027
 4629.900  0.0042
 4629.920  0.0035
 4629.940  0.0004
 4629.960 -0.0030
 4629.980 -0.0031
 4630.000  0.0003
 4630.020  0.0036
 4630.040  0.0034
 4630.060  0.0002
 4630.080 -0.0019
 4630.100  0.0000
 4630.120  0.0031
 4630.140  0.0043
 4630.160  0.0049
 4630.180  0.0074
 4630.200  0.0101
 4630.220  0.0097
 4630.240  0.0057
 4630.260  0.0008
 4630.280 -0.0021
 4630.300 -0.0017
 4630.320  0.0011
 4630.340  0.0039
 4630.360  0.0051
 4630.380  0.0049
 4630.400  0.0046
 4630.420  0.0053
 4630.440  0.0067
 4630.460  0.0075
 4630.480  0.0067
 4630.500  0.0048
 4630.520  0.0030
 4630.540  0.0022
 4630.560  0.0029
 4630.580  0.0053
 4630.600  0.0076
 4630.620  0.0063
 4630.640  0.0012
 4630.660 -0.0029
 4630.680 -0.0020
 4630.700  0.0022
 4630.720  0.0061
 4630.740  0.0083
 4630.760  0.0080
 4630.780  0.0053
 4630.800  0.0011
 4630.820 -0.0018
 4630.840 -0.0015
 4630.860  0.0010
 4630.880  0.0014
 4630.900 -0.0029
 4630.920 -0.0081
 4630.940 -0.0086
 4630.960 -0.0052
 4630.980 -0.0024
 4631.000 -0.0013
 4631.020  0.0001
 4631.040  0.0036
 4631.060  0.0084
 4631.080  0.0116
 4631.100  0.0111
 4631.120  0.0075
 4631.140  0.0037
 4631.160  0.0021
 4631.180  0.0026
 4631.200  0.0033
 4631.220  0.0033
 4631.240  0.0038
 4631.260  0.0056
 4631.280  0.0074
 4631.300  0.0064
 4631.320  0.0023
 4631.340 -0.0004
 4631.360  0.0022
 4631.380  0.0072
 4631.400  0.0093
 4631.420  0.0075
 4631.440  0.0044
 4631.460  0.0020
 4631.480  0.0004
 4631.500 -0.0006
 4631.520 -0.0009
 4631.540  0.0000
 4631.560  0.0007
 4631.580 -0.0003
 4631.600 -0.0022
 4631.620 -0.0019
 4631.640  0.0008
 4631.660  0.0030
 4631.680  0.0032
 4631.700  0.0029
 4631.720  0.0044
 4631.740  0.0074
 4631.760  0.0087
 4631.780  0.0057
 4631.800  0.0007
 4631.820 -0.0020
 4631.840 -0.0012
 4631.860  0.0013
 4631.880  0.0036
 4631.900  0.0056
 4631.920  0.0088
 4631.940  0.0130
 4631.960  0.0148
 4631.980  0.0120
 4632.000  0.0070
 4632.020  0.0039
 4632.040  0.0049
 4632.060  0.0084
 4632.080  0.0104
 4632.100  0.0088
 4632.120  0.0052
 4632.140  0.0035
 4632.160  0.0058
 4632.180  0.0100
 4632.200  0.0127
 4632.220  0.0129
 4632.240  0.0123
 4632.260  0.0131
 4632.280  0.0143
 4632.300  0.0126
 4632.320  0.0066
 4632.340 -0.0007
 4632.360 -0.0052
 4632.380 -0.0064
 4632.400 -0.0054
 4632.420 -0.0032
 4632.440 -0.0007
 4632.460  0.0015
 4632.480  0.0028
 4632.500  0.0028
 4632.520  0.0021
 4632.540  0.0012
 4632.560 -0.0004
 4632.580 -0.0029
 4632.600 -0.0048
 4632.620 -0.0049
 4632.640 -0.0044
 4632.660 -0.0052
 4632.680 -0.0067
 4632.700 -0.0064
 4632.720 -0.0022
 4632.740  0.0049
 4632.760  0.0111
 4632.780  0.0128
 4632.800  0.0097
 4632.820  0.0053
 4632.840  0.0035
 4632.860  0.0051
 4632.880  0.0073
 4632.900  0.0060
 4632.920  0.0010
 4632.940 -0.0028
 4632.960 -0.0008
 4632.980  0.0044
 4633.000  0.0064
 4633.020  0.0022
 4633.040 -0.0044
 4633.060 -0.0075
 4633.080 -0.0040
 4633.100  0.0027
 4633.120  0.0080
 4633.140  0.0103
 4633.160  0.0104
 4633.180  0.0098
 4633.200  0.0100
 4633.220  0.0122
 4633.240  0.0146
 4633.260  0.0136
 4633.280  0.0086
 4633.300  0.0033
 4633.320  0.0009
 4633.340  0.0014
 4633.360  0.0019
 4633.380  0.0001
 4633.400 -0.0027
 4633.420 -0.0038
 4633.440 -0.0018
 4633.460  0.0026
 4633.480  0.0081
 4633.500  0.0123
 4633.520  0.0120
 4633.540  0.0071
 4633.560  0.0021
 4633.580  0.0009
 4633.600  0.0028
 4633.620  0.0049
 4633.640  0.0053
 4633.660  0.0048
 4633.680  0.0051
 4633.700  0.0068
 4633.720  0.0086
 4633.740  0.0089
 4633.760  0.0072
 4633.780  0.0039
 4633.800  0.0001
 4633.820 -0.0025
 4633.840 -0.0035
 4633.860 -0.0048
 4633.880 -0.0074
 4633.900 -0.0085
 4633.920 -0.0058
 4633.940 -0.0023
 4633.960 -0.0014
 4633.980 -0.0029
 4634.000 -0.0032
 4634.020 -0.0001
 4634.040  0.0041
 4634.060  0.0048
 4634.080  0.0015
 4634.100 -0.0018
 4634.120 -0.0029
 4634.140 -0.0043
 4634.160 -0.0076
 4634.180 -0.0112
 4634.200 -0.0115
 4634.220 -0.0072
 4634.240 -0.0003
 4634.260  0.0058
 4634.280  0.0097
 4634.300  0.0117
 4634.320  0.0121
 4634.340  0.0114
 4634.360  0.0118
 4634.380  0.0138
 4634.400  0.0153
 4634.420  0.0141
 4634.440  0.0110
 4634.460  0.0085
 4634.480  0.0076
 4634.500  0.0065
 4634.520  0.0027
 4634.540 -0.0026
 4634.560 -0.0049
 4634.580 -0.0033
 4634.600 -0.0013
 4634.620 -0.0010
 4634.640 -0.0013
 4634.660  0.0006
 4634.680  0.0048
 4634.700  0.0072
 4634.720  0.0047
 4634.740 -0.0011
 4634.760 -0.0053
 4634.780 -0.0055
 4634.800 -0.0022
 4634.820  0.0019
 4634.840  0.0033
 4634.860  0.0000
 4634.880 -0.0052
 4634.900 -0.0064
 4634.920 -0.0011
 4634.940  0.0071
 4634.960  0.0127
 4634.980  0.0137
 4635.000  0.0114
 4635.020  0.0083
 4635.040  0.0048
 4635.060  0.0009
 4635.080 -0.0007
 4635.100  0.0020
 4635.120  0.0054
 4635.140  0.0050
 4635.160  0.0022
 4635.180  0.0012
 4635.200  0.0034
 4635.220  0.0067
 4635.240  0.0080
 4635.260  0.0069
 4635.280  0.0058
 4635.300  0.0066
 4635.320  0.0092
 4635.340  0.0127
 4635.360  0.0158
 4635.380  0.0159
 4635.400  0.0110
 4635.420  0.0041
 4635.440  0.0009
 4635.460  0.0026
 4635.480  0.0054
 4635.500  0.0050
 4635.520  0.0014
 4635.540 -0.0008
 4635.560  0.0019
 4635.580  0.0074
 4635.600  0.0102
 4635.620  0.0075
 4635.640  0.0016
 4635.660 -0.0022
 4635.680 -0.0008
 4635.700  0.0032
 4635.720  0.0048
 4635.740  0.0010
 4635.760 -0.0054
 4635.780 -0.0087
 4635.800 -0.0063
 4635.820 -0.0003
 4635.840  0.0048
 4635.860  0.0067
 4635.880  0.0050
 4635.900  0.0016
 4635.920 -0.0012
 4635.940 -0.0022
 4635.960 -0.0017
 4635.980 -0.0005
 4636.000  0.0010
 4636.020  0.0023
 4636.040  0.0026
 4636.060  0.0016
 4636.080 -0.0002
 4636.100 -0.0022
 4636.120 -0.0041
 4636.140 -0.0069
 4636.160 -0.0112
 4636.180 -0.0154
 4636.200 -0.0165
 4636.220 -0.0127
 4636.240 -0.0053
 4636.260  0.0018
 4636.280  0.0053
 4636.300  0.0049
 4636.320  0.0029
 4636.340  0.0023
 4636.360  0.0036
 4636.380  0.0049
 4636.400  0.0041
 4636.420  0.0021
 4636.440  0.0009
 4636.460  0.0004
 4636.480  0.0005
 4636.500  0.0026
 4636.520  0.0075
 4636.540  0.0143
 4636.560  0.0200
 4636.580  0.0218
 4636.600  0.0192
 4636.620  0.0141
 4636.640  0.0092
 4636.660  0.0061
 4636.680  0.0055
 4636.700  0.0067
 4636.720  0.0079
 4636.740  0.0074
 4636.760  0.0060
 4636.780  0.0046
 4636.800  0.0030
 4636.820  0.0003
 4636.840 -0.0030
 4636.860 -0.0056
 4636.880 -0.0072
 4636.900 -0.0069
 4636.920 -0.0034
 4636.940  0.0027
 4636.960  0.0075
 4636.980  0.0082
 4637.000  0.0055
 4637.020  0.0026
 4637.040  0.0014
 4637.060  0.0010
 4637.080 -0.0006
 4637.100 -0.0027
 4637.120 -0.0033
 4637.140 -0.0033
 4637.160 -0.0042
 4637.180 -0.0049
 4637.200 -0.0027
 4637.220  0.0018
 4637.240  0.0059
 4637.260  0.0080
 4637.280  0.0079
 4637.300  0.0058
 4637.320  0.0028
 4637.340  0.0005
 4637.360  0.0001
 4637.380  0.0012
 4637.400  0.0024
 4637.420  0.0030
 4637.440  0.0036
 4637.460  0.0057
 4637.480  0.0081
 4637.500  0.0086
 4637.520  0.0074
 4637.540  0.0068
 4637.560  0.0087
 4637.580  0.0123
 4637.600  0.0155
 4637.620  0.0158
 4637.640  0.0117
 4637.660  0.0050
 4637.680  0.0004
 4637.700  0.0015
 4637.720  0.0064
 4637.740  0.0105
 4637.760  0.0104
 4637.780  0.0072
 4637.800  0.0044
 4637.820  0.0043
 4637.840  0.0057
 4637.860  0.0062
 4637.880  0.0055
 4637.900  0.0050
 4637.920  0.0058
 4637.940  0.0071
 4637.960  0.0070
 4637.980  0.0049
 4638.000  0.0020
 4638.020  0.0001
 4638.040  0.0004
 4638.060  0.0028
 4638.080  0.0063
 4638.100  0.0097
 4638.120  0.0112
 4638.140  0.0092
 4638.160  0.0039
 4638.180 -0.0014
 4638.200 -0.0041
 4638.220 -0.0041
 4638.240 -0.0022
 4638.260  0.0007
 4638.280  0.0032
 4638.300  0.0034
 4638.320  0.0022
 4638.340  0.0017
 4638.360  0.0022
 4638.380  0.0021
 4638.400  0.0010
 4638.420  0.0007
 4638.440  0.0036
 4638.460  0.0087
 4638.480  0.0102
 4638.500  0.0054
 4638.520 -0.0005
 4638.540 -0.0016
 4638.560  0.0006
 4638.580  0.0015
 4638.600 -0.0004
 4638.620 -0.0030
 4638.640 -0.0030
 4638.660  0.0008
 4638.680  0.0066
 4638.700  0.0108
 4638.720  0.0113
 4638.740  0.0088
 4638.760  0.0060
 4638.780  0.0053
 4638.800  0.0066
 4638.820  0.0077
 4638.840  0.0067
 4638.860  0.0045
 4638.880  0.0033
 4638.900  0.0036
 4638.920  0.0042
 4638.940  0.0035
 4638.960  0.0008
 4638.980 -0.0022
 4639.000 -0.0029
 4639.020  0.0010
 4639.040  0.0072
 4639.060  0.0109
 4639.080  0.0102
 4639.100  0.0078
 4639.120  0.0061
 4639.140  0.0044
 4639.160  0.0021
 4639.180 -0.0001
 4639.200 -0.0016
 4639.220 -0.0023
 4639.240 -0.0016
 4639.260  0.0012
 4639.280  0.0060
 4639.300  0.0111
 4639.320  0.0136
 4639.340  0.0133
 4639.360  0.0136
 4639.380  0.0155
 4639.400  0.0153
 4639.420  0.0118
 4639.440  0.0100
 4639.460  0.0123
 4639.480  0.0143
 4639.500  0.0116
 4639.520  0.0056
 4639.540  0.0011
 4639.560  0.0011
 4639.580  0.0038
 4639.600  0.0055
 4639.620  0.0061
 4639.640  0.0069
 4639.660  0.0057
 4639.680  0.0008
 4639.700 -0.0038
 4639.720 -0.0035
 4639.740  0.0001
 4639.760  0.0018
 4639.780 -0.0004
 4639.800 -0.0041
 4639.820 -0.0057
 4639.840 -0.0041
 4639.860 -0.0013
 4639.880  0.0006
 4639.900  0.0018
 4639.920  0.0030
 4639.940  0.0044
 4639.960  0.0065
 4639.980  0.0099
 4640.000  0.0130
 4640.020  0.0135
 4640.040  0.0110
 4640.060  0.0078
 4640.080  0.0062
 4640.100  0.0066
 4640.120  0.0070
 4640.140  0.0057
 4640.160  0.0035
 4640.180  0.0025
 4640.200  0.0035
 4640.220  0.0063
 4640.240  0.0091
 4640.260  0.0102
 4640.280  0.0086
 4640.300  0.0053
 4640.320  0.0025
 4640.340  0.0015
 4640.360  0.0017
 4640.380  0.0018
 4640.400  0.0010
 4640.420 -0.0004
 4640.440 -0.0015
 4640.460 -0.0014
 4640.480  0.0003
 4640.500  0.0037
 4640.520  0.0077
 4640.540  0.0096
 4640.560  0.0077
 4640.580  0.0041
 4640.600  0.0016
 4640.620  0.0014
 4640.640  0.0023
 4640.660  0.0024
 4640.680  0.0013
 4640.700  0.0003
 4640.720  0.0009
 4640.740  0.0030
 4640.760  0.0050
 4640.780  0.0052
 4640.800  0.0041
 4640.820  0.0039
 4640.840  0.0061
 4640.860  0.0093
 4640.880  0.0100
 4640.900  0.0067
 4640.920  0.0020
 4640.940 -0.0003
 4640.960  0.0005
 4640.980  0.0023
 4641.000  0.0041
 4641.020  0.0058
 4641.040  0.0072
 4641.060  0.0075
 4641.080  0.0062
 4641.100  0.0042
 4641.120  0.0035
 4641.140  0.0040
 4641.160  0.0034
 4641.180 -0.0001
 4641.200 -0.0050
 4641.220 -0.0081
 4641.240 -0.0067
 4641.260 -0.0018
 4641.280  0.0041
 4641.300  0.0096
 4641.320  0.0147
 4641.340  0.0174
 4641.360  0.0153
 4641.380  0.0077
 4641.400 -0.0019
 4641.420 -0.0078
 4641.440 -0.0071
 4641.460 -0.0026
 4641.480  0.0017
 4641.500  0.0047
 4641.520  0.0064
 4641.540  0.0060
 4641.560  0.0037
 4641.580  0.0015
 4641.600  0.0005
 4641.620 -0.0003
 4641.640 -0.0009
 4641.660 -0.0002
 4641.680  0.0032
 4641.700  0.0086
 4641.720  0.0125
 4641.740  0.0123
 4641.760  0.0090
 4641.780  0.0055
 4641.800  0.0024
 4641.820  0.0000
 4641.840  0.0005
 4641.860  0.0046
 4641.880  0.0085
 4641.900  0.0088
 4641.920  0.0061
 4641.940  0.0028
 4641.960 -0.0002
 4641.980 -0.0039
 4642.000 -0.0079
 4642.020 -0.0087
 4642.040 -0.0029
 4642.060  0.0068
 4642.080  0.0129
 4642.100  0.0120
 4642.120  0.0076
 4642.140  0.0046
 4642.160  0.0053
 4642.180  0.0081
 4642.200  0.0099
 4642.220  0.0097
 4642.240  0.0086
 4642.260  0.0088
 4642.280  0.0109
 4642.300  0.0133
 4642.320  0.0140
 4642.340  0.0125
 4642.360  0.0102
 4642.380  0.0088
 4642.400  0.0081
 4642.420  0.0072
 4642.440  0.0058
 4642.460  0.0053
 4642.480  0.0063
 4642.500  0.0080
 4642.520  0.0094
 4642.540  0.0100
 4642.560  0.0096
 4642.580  0.0082
 4642.600  0.0065
 4642.620  0.0055
 4642.640  0.0062
 4642.660  0.0079
 4642.680  0.0077
 4642.700  0.0046
 4642.720  0.0014
 4642.740  0.0016
 4642.760  0.0056
 4642.780  0.0097
 4642.800  0.0096
 4642.820  0.0046
 4642.840 -0.0007
 4642.860 -0.0015
 4642.880  0.0029
 4642.900  0.0086
 4642.920  0.0108
 4642.940  0.0084
 4642.960  0.0042
 4642.980  0.0022
 4643.000  0.0035
 4643.020  0.0058
 4643.040  0.0059
 4643.060  0.0034
 4643.080  0.0002
 4643.100 -0.0022
 4643.120 -0.0025
 4643.140 -0.0004
 4643.160  0.0035
 4643.180  0.0075
 4643.200  0.0093
 4643.220  0.0080
 4643.240  0.0047
 4643.260  0.0022
 4643.280  0.0015
 4643.300  0.0016
 4643.320  0.0009
 4643.340 -0.0004
 4643.360 -0.0012
 4643.380 -0.0009
 4643.400 -0.0001
 4643.420  0.0004
 4643.440  0.0014
 4643.460  0.0042
 4643.480  0.0079
 4643.500  0.0106
 4643.520  0.0108
 4643.540  0.0094
 4643.560  0.0085
 4643.580  0.0088
 4643.600  0.0091
 4643.620  0.0082
 4643.640  0.0074
 4643.660  0.0080
 4643.680  0.0097
 4643.700  0.0111
 4643.720  0.0106
 4643.740  0.0079
 4643.760  0.0041
 4643.780  0.0011
 4643.800  0.0010
 4643.820  0.0049
 4643.840  0.0112
 4643.860  0.0158
 4643.880  0.0147
 4643.900  0.0084
 4643.920  0.0007
 4643.940 -0.0039
 4643.960 -0.0037
 4643.980 -0.0009
 4644.000  0.0014
 4644.020  0.0019
 4644.040  0.0013
 4644.060  0.0005
 4644.080  0.0000
 4644.100  0.0000
 4644.120  0.0011
 4644.140  0.0033
 4644.160  0.0049
 4644.180  0.0040
 4644.200  0.0018
 4644.220  0.0016
 4644.240  0.0050
 4644.260  0.0098
 4644.280  0.0118
 4644.300  0.0095
 4644.320  0.0072
 4644.340  0.0090
 4644.360  0.0138
 4644.380  0.0168
 4644.400  0.0148
 4644.420  0.0100
 4644.440  0.0077
 4644.460  0.0100
 4644.480  0.0127
 4644.500  0.0115
 4644.520  0.0068
 4644.540  0.0023
 4644.560  0.0013
 4644.580  0.0028
 4644.600  0.0040
 4644.620  0.0045
 4644.640  0.0052
 4644.660  0.0053
 4644.680  0.0034
 4644.700  0.0012
 4644.720  0.0016
 4644.740  0.0042
 4644.760  0.0061
 4644.780  0.0054
 4644.800  0.0033
 4644.820  0.0030
 4644.840  0.0048
 4644.860  0.0051
 4644.880  0.0022
 4644.900 -0.0014
 4644.920 -0.0021
 4644.940  0.0005
 4644.960  0.0036
 4644.980  0.0044
 4645.000  0.0022
 4645.020 -0.0008
 4645.040 -0.0022
 4645.060 -0.0007
 4645.080  0.0033
 4645.100  0.0083
 4645.120  0.0120
 4645.140  0.0117
 4645.160  0.0060
 4645.180 -0.0026
 4645.200 -0.0076
 4645.220 -0.0052
 4645.240  0.0017
 4645.260  0.0083
 4645.280  0.0132
 4645.300  0.0174
 4645.320  0.0214
 4645.340  0.0230
 4645.360  0.0201
 4645.380  0.0138
 4645.400  0.0084
 4645.420  0.0061
 4645.440  0.0061
 4645.460  0.0077
 4645.480  0.0099
 4645.500  0.0101
 4645.520  0.0072
 4645.540  0.0042
 4645.560  0.0045
 4645.580  0.0064
 4645.600  0.0073
 4645.620  0.0075
 4645.640  0.0089
 4645.660  0.0107
 4645.680  0.0106
 4645.700  0.0078
 4645.720  0.0047
 4645.740  0.0046
 4645.760  0.0064
 4645.780  0.0058
 4645.800  0.0026
 4645.820  0.0015
 4645.840  0.0037
 4645.860  0.0063
 4645.880  0.0074
 4645.900  0.0073
 4645.920  0.0070
 4645.940  0.0067
 4645.960  0.0067
 4645.980  0.0073
 4646.000  0.0076
 4646.020  0.0069
 4646.040  0.0065
 4646.060  0.0073
 4646.080  0.0093
 4646.100  0.0111
 4646.120  0.0123
 4646.140  0.0133
 4646.160  0.0147
 4646.180  0.0142
 4646.200  0.0095
 4646.220  0.0040
 4646.240  0.0034
 4646.260  0.0074
 4646.280  0.0096
 4646.300  0.0070
 4646.320  0.0027
 4646.340  0.0010
 4646.360  0.0030
 4646.380  0.0049
 4646.400  0.0033
 4646.420 -0.0007
 4646.440 -0.0036
 4646.460 -0.0041
 4646.480 -0.0032
 4646.500 -0.0025
 4646.520 -0.0023
 4646.540 -0.0021
 4646.560 -0.0025
 4646.580 -0.0043
 4646.600 -0.0065
 4646.620 -0.0058
 4646.640 -0.0012
 4646.660  0.0044
 4646.680  0.0073
 4646.700  0.0069
 4646.720  0.0075
 4646.740  0.0120
 4646.760  0.0153
 4646.780  0.0112
 4646.800  0.0021
 4646.820 -0.0047
 4646.840 -0.0067
 4646.860 -0.0058
 4646.880 -0.0040
 4646.900 -0.0017
 4646.920  0.0018
 4646.940  0.0053
 4646.960  0.0067
 4646.980  0.0056
 4647.000  0.0044
 4647.020  0.0043
 4647.040  0.0048
 4647.060  0.0072
 4647.080  0.0124
 4647.100  0.0167
 4647.120  0.0148
 4647.140  0.0085
 4647.160  0.0042
 4647.180  0.0047
 4647.200  0.0078
 4647.220  0.0103
 4647.240  0.0104
 4647.260  0.0086
 4647.280  0.0054
 4647.300  0.0010
 4647.320 -0.0023
 4647.340 -0.0012
 4647.360  0.0033
 4647.380  0.0052
 4647.400  0.0032
 4647.420  0.0031
 4647.440  0.0083
 4647.460  0.0145
 4647.480  0.0153
 4647.500  0.0093
 4647.520  0.0012
 4647.540 -0.0028
 4647.560 -0.0011
 4647.580  0.0027
 4647.600  0.0047
 4647.620  0.0037
 4647.640  0.0016
 4647.660  0.0014
 4647.680  0.0045
 4647.700  0.0091
 4647.720  0.0106
 4647.740  0.0073
 4647.760  0.0021
 4647.780 -0.0010
 4647.800 -0.0008
 4647.820  0.0024
 4647.840  0.0078
 4647.860  0.0127
 4647.880  0.0137
 4647.900  0.0101
 4647.920  0.0043
 4647.940 -0.0004
 4647.960 -0.0023
 4647.980 -0.0024
 4648.000 -0.0018
 4648.020 -0.0003
 4648.040  0.0026
 4648.060  0.0047
 4648.080  0.0047
 4648.100  0.0047
 4648.120  0.0061
 4648.140  0.0059
 4648.160  0.0012
 4648.180 -0.0058
 4648.200 -0.0107
 4648.220 -0.0107
 4648.240 -0.0070
 4648.260 -0.0025
 4648.280  0.0013
 4648.300  0.0044
 4648.320  0.0074
 4648.340  0.0100
 4648.360  0.0129
 4648.380  0.0161
 4648.400  0.0180
 4648.420  0.0166
 4648.440  0.0123
 4648.460  0.0071
 4648.480  0.0018
 4648.500 -0.0029
 4648.520 -0.0051
 4648.540 -0.0032
 4648.560  0.0014
 4648.580  0.0058
 4648.600  0.0075
 4648.620  0.0062
 4648.640  0.0037
 4648.660  0.0024
 4648.680  0.0038
 4648.700  0.0066
 4648.720  0.0082
 4648.740  0.0078
 4648.760  0.0074
 4648.780  0.0082
 4648.800  0.0100
 4648.820  0.0109
 4648.840  0.0103
 4648.860  0.0098
 4648.880  0.0101
 4648.900  0.0089
 4648.920  0.0054
 4648.940  0.0044
 4648.960  0.0089
 4648.980  0.0141
 4649.000  0.0144
 4649.020  0.0105
 4649.040  0.0063
 4649.060  0.0044
 4649.080  0.0041
 4649.100  0.0035
 4649.120  0.0024
 4649.140  0.0024
 4649.160  0.0037
 4649.180  0.0047
 4649.200  0.0049
 4649.220  0.0046
 4649.240  0.0030
 4649.260  0.0004
 4649.280  0.0007
 4649.300  0.0058
 4649.320  0.0106
 4649.340  0.0092
 4649.360  0.0033
 4649.380 -0.0019
 4649.400 -0.0042
 4649.420 -0.0042
 4649.440 -0.0032
 4649.460 -0.0023
 4649.480 -0.0021
 4649.500 -0.0030
 4649.520 -0.0051
 4649.540 -0.0060
 4649.560 -0.0039
 4649.580  0.0000
 4649.600  0.0025
 4649.620  0.0037
 4649.640  0.0055
 4649.660  0.0068
 4649.680  0.0056
 4649.700  0.0042
 4649.720  0.0052
 4649.740  0.0061
 4649.760  0.0029
 4649.780 -0.0033
 4649.800 -0.0068
 4649.820 -0.0023
 4649.840  0.0084
 4649.860  0.0171
 4649.880  0.0178
 4649.900  0.0128
 4649.920  0.0083
 4649.940  0.0072
 4649.960  0.0080
 4649.980  0.0072
 4650.000  0.0033
 4650.020 -0.0011
 4650.040 -0.0029
 4650.060 -0.0011
 4650.080  0.0016
 4650.100  0.0028
 4650.120  0.0040
 4650.140  0.0070
 4650.160  0.0097
 4650.180  0.0091
 4650.200  0.0056
 4650.220  0.0021
 4650.240  0.0012
 4650.260  0.0032
 4650.280  0.0067
 4650.300  0.0097
 4650.320  0.0111
 4650.340  0.0102
 4650.360  0.0071
 4650.380  0.0029
 4650.400 -0.0002
 4650.420 -0.0013
 4650.440 -0.0007
 4650.460  0.0001
 4650.480  0.0004
 4650.500  0.0006
 4650.520  0.0022
 4650.540  0.0061
 4650.560  0.0106
 4650.580  0.0112
 4650.600  0.0063
 4650.620  0.0011
 4650.640  0.0004
 4650.660  0.0027
 4650.680  0.0043
 4650.700  0.0045
 4650.720  0.0055
 4650.740  0.0089
 4650.760  0.0127
 4650.780  0.0133
 4650.800  0.0107
 4650.820  0.0078
 4650.840  0.0058
 4650.860  0.0035
 4650.880  0.0018
 4650.900  0.0021
 4650.920  0.0026
 4650.940  0.0003
 4650.960 -0.0046
 4650.980 -0.0083
 4651.000 -0.0083
 4651.020 -0.0051
 4651.040 -0.0018
 4651.060  0.0000
 4651.080  0.0012
 4651.100  0.0021
 4651.120  0.0006
 4651.140 -0.0034
 4651.160 -0.0062
 4651.180 -0.0063
 4651.200 -0.0056
 4651.220 -0.0060
 4651.240 -0.0067
 4651.260 -0.0053
 4651.280 -0.0014
 4651.300  0.0026
 4651.320  0.0043
 4651.340  0.0055
 4651.360  0.0083
 4651.380  0.0114
 4651.400  0.0120
 4651.420  0.0112
 4651.440  0.0112
 4651.460  0.0126
 4651.480  0.0135
 4651.500  0.0116
 4651.520  0.0064
 4651.540  0.0007
 4651.560 -0.0026
 4651.580 -0.0018
 4651.600  0.0017
 4651.620  0.0047
 4651.640  0.0045
 4651.660  0.0014
 4651.680 -0.0011
 4651.700 -0.0001
 4651.720  0.0027
 4651.740  0.0036
 4651.760  0.0027
 4651.780  0.0025
 4651.800  0.0036
 4651.820  0.0042
 4651.840  0.0037
 4651.860  0.0030
 4651.880  0.0042
 4651.900  0.0069
 4651.920  0.0082
 4651.940  0.0066
 4651.960  0.0038
 4651.980  0.0020
 4652.000  0.0016
 4652.020  0.0025
 4652.040  0.0041
 4652.060  0.0044
 4652.080  0.0015
 4652.100 -0.0027
 4652.120 -0.0040
 4652.140 -0.0003
 4652.160  0.0059
 4652.180  0.0102
 4652.200  0.0096
 4652.220  0.0057
 4652.240  0.0018
 4652.260 -0.0004
 4652.280 -0.0009
 4652.300 -0.0001
 4652.320  0.0015
 4652.340  0.0037
 4652.360  0.0057
 4652.380  0.0063
 4652.400  0.0040
 4652.420 -0.0011
 4652.440 -0.0057
 4652.460 -0.0054
 4652.480 -0.0008
 4652.500  0.0039
 4652.520  0.0055
 4652.540  0.0052
 4652.560  0.0059
 4652.580  0.0082
 4652.600  0.0098
 4652.620  0.0080
 4652.640  0.0045
 4652.660  0.0024
 4652.680  0.0027
 4652.700  0.0036
 4652.720  0.0027
 4652.740  0.0002
 4652.760 -0.0012
 4652.780  0.0012
 4652.800  0.0070
 4652.820  0.0117
 4652.840  0.0110
 4652.860  0.0058
 4652.880  0.0020
 4652.900  0.0033
 4652.920  0.0073
 4652.940  0.0087
 4652.960  0.0051
 4652.980  0.0000
 4653.000  0.0000
