           1.0400  1.0000
          -0.1300  0.0000
 4372.000  1.0223  0.9459
 4372.020  0.9900  0.9554
 4372.040  0.9852  0.9544
 4372.060  0.9824  0.9590
 4372.080  0.9854  0.9619
 4372.100  0.9900  0.9776
 4372.120  0.9952  0.9795
 4372.140  1.0006  0.9820
 4372.160  1.0059  0.9766
 4372.180  1.0107  0.9659
 4372.200  1.0129  0.9570
 4372.220  1.0115  0.9545
 4372.240  1.0081  0.9592
 4372.260  1.0067  0.9695
 4372.280  1.0104  0.9770
 4372.300  1.0190  0.9814
 4372.320  1.0293  0.9753
 4372.340  1.0365  0.9658
 4372.360  1.0369  0.9559
 4372.380  1.0307  0.9465
 4372.400  1.0201  0.9422
 4372.420  1.0087  0.9370
 4372.440  0.9988  0.9324
 4372.460  0.9891  0.9160
 4372.480  0.9774  0.9161
 4372.500  0.9666  0.9101
 4372.520  0.9611  0.9016
 4372.540  0.9613  0.8928
 4372.560  0.9644  0.8916
 4372.580  0.9685  0.9017
 4372.600  0.9735  0.9139
 4372.620  0.9792  0.9250
 4372.640  0.9847  0.9336
 4372.660  0.9893  0.9374
 4372.680  0.9926  0.9394
 4372.700  0.9947  0.9422
 4372.720  0.9960  0.9460
 4372.740  0.9969  0.9495
 4372.760  0.9974  0.9499
 4372.780  0.9971  0.9453
 4372.800  0.9955  0.9351
 4372.820  0.9925  0.9222
 4372.840  0.9883  0.9117
 4372.860  0.9842  0.9082
 4372.880  0.9817  0.9142
 4372.900  0.9820  0.9279
 4372.920  0.9856  0.9444
 4372.940  0.9920  0.9571
 4372.960  0.9997  0.9605
 4372.980  1.0074  0.9519
 4373.000  1.0140  0.9328
 4373.020  1.0194  0.9079
 4373.040  1.0241  0.8830
 4373.060  1.0292  0.8627
 4373.080  1.0354  0.8493
 4373.100  1.0423  0.8422
 4373.120  1.0480  0.8396
 4373.140  1.0501  0.8395
 4373.160  1.0468  0.8408
 4373.180  1.0379  0.8441
 4373.200  1.0258  0.8503
 4373.220  1.0142  0.8601
 4373.240  1.0075  0.8726
 4373.260  1.0080  0.8862
 4373.280  1.0160  0.8987
 4373.300  1.0287  0.9087
 4373.320  1.0419  0.9164
 4373.340  1.0510  0.9231
 4373.360  1.0534  0.9304
 4373.380  1.0483  0.9393
 4373.400  1.0377  0.9494
 4373.420  1.0243  0.9591
 4373.440  1.0110  0.9661
 4373.460  0.9994  0.9693
 4373.480  0.9897  0.9689
 4373.500  0.9813  0.9662
 4373.520  0.9737  0.9633
 4373.540  0.9667  0.9618
 4373.560  0.9611  0.9620
 4373.580  0.9581  0.9631
 4373.600  0.9583  0.9639
 4373.620  0.9615  0.9634
 4373.640  0.9667  0.9619
 4373.660  0.9719  0.9603
 4373.680  0.9755  0.9597
 4373.700  0.9766  0.9604
 4373.720  0.9753  0.9615
 4373.740  0.9725  0.9613
 4373.760  0.9695  0.9584
 4373.780  0.9670  0.9526
 4373.800  0.9648  0.9454
 4373.820  0.9625  0.9396
 4373.840  0.9594  0.9380
 4373.860  0.9558  0.9418
 4373.880  0.9523  0.9503
 4373.900  0.9502  0.9607
 4373.920  0.9509  0.9696
 4373.940  0.9546  0.9745
 4373.960  0.9607  0.9749
 4373.980  0.9674  0.9722
 4374.000  0.9726  0.9687
 4374.020  0.9744  0.9661
 4374.040  0.9716  0.9647
 4374.060  0.9644  0.9632
 4374.080  0.9537  0.9599
 4374.100  0.9410  0.9540
 4374.120  0.9280  0.9467
 4374.140  0.9161  0.9408
 4374.160  0.9068  0.9395
 4374.180  0.9011  0.9446
 4374.200  0.8999  0.9552
 4374.220  0.9031  0.9676
 4374.240  0.9102  0.9773
 4374.260  0.9201  0.9810
 4374.280  0.9315  0.9778
 4374.300  0.9430  0.9705
 4374.320  0.9534  0.9634
 4374.340  0.9624  0.9605
 4374.360  0.9702  0.9634
 4374.380  0.9773  0.9701
 4374.400  0.9843  0.9768
 4374.420  0.9912  0.9793
 4374.440  0.9973  0.9758
 4374.460  1.0015  0.9678
 4374.480  1.0032  0.9592
 4374.500  1.0023  0.9545
 4374.520  1.0003  0.9558
 4374.540  0.9989  0.9620
 4374.560  0.9999  0.9692
 4374.580  1.0039  0.9730
 4374.600  1.0098  0.9707
 4374.620  1.0159  0.9633
 4374.640  1.0197  0.9547
 4374.660  1.0201  0.9498
 4374.680  1.0173  0.9513
 4374.700  1.0134  0.9582
 4374.720  1.0109  0.9657
 4374.740  1.0116  0.9676
 4374.760  1.0155  0.9594
 4374.780  1.0214  0.9409
 4374.800  1.0266  0.9169
 4374.820  1.0291  0.8947
 4374.840  1.0279  0.8812
 4374.860  1.0244  0.8793
 4374.880  1.0213  0.8868
 4374.900  1.0211  0.8979
 4374.920  1.0246  0.9061
 4374.940  1.0306  0.9080
 4374.960  1.0364  0.9044
 4374.980  1.0392  0.9002
 4375.000  1.0376  0.9011
 4375.020  1.0328  0.9106
 4375.040  1.0276  0.9274
 4375.060  1.0254  0.9461
 4375.080  1.0280  0.9596
 4375.100  1.0348  0.9628
 4375.120  1.0430  0.9551
 4375.140  1.0489  0.9409
 4375.160  1.0495  0.9274
 4375.180  1.0443  0.9211
 4375.200  1.0356  0.9248
 4375.220  1.0274  0.9365
 4375.240  1.0233  0.9507
 4375.260  1.0244  0.9613
 4375.280  1.0292  0.9647
 4375.300  1.0346  0.9612
 4375.320  1.0373  0.9542
 4375.340  1.0362  0.9481
 4375.360  1.0324  0.9455
 4375.380  1.0294  0.9459
 4375.400  1.0302  0.9468
 4375.420  1.0358  0.9445
 4375.440  1.0441  0.9369
 4375.460  1.0501  0.9234
 4375.480  1.0481  0.9042
 4375.500  1.0367  0.8787
 4375.520  1.0226  0.8438
 4375.540 -1.0000  0.7947
 4375.560 -1.0000  0.7274
 4375.580 -1.0000  0.6422
 4375.600 -1.0000  0.5466
 4375.620 -1.0000  0.4554
 4375.640 -1.0000  0.3870
 4375.660 -1.0000  0.3579
 4375.680 -1.0000  0.3766
 4375.700 -1.0000  0.4398
 4375.720 -1.0000  0.5336
 4375.740 -1.0000  0.6379
 4375.760 -1.0000  0.7334
 4375.780 -1.0000  0.8075
 4375.800  0.9707  0.8572
 4375.820  0.9746  0.8877
 4375.840  0.9777  0.9074
 4375.860  0.9765  0.9236
 4375.880  0.9709  0.9389
 4375.900  0.9631  0.9511
 4375.920  0.9555  0.9564
 4375.940  0.9489  0.9524
 4375.960  0.9420  0.9412
 4375.980  0.9316  0.9286
 4376.000  0.9147  0.9215
 4376.020  0.8903  0.9241
 4376.040  0.8611  0.9356
 4376.060  0.8322  0.9507
 4376.080  0.8098  0.9620
 4376.100  0.7989  0.9645
 4376.120  0.8018  0.9579
 4376.140  0.8176  0.9474
 4376.160  0.8423  0.9402
 4376.180  0.8699  0.9419
 4376.200  0.8945  0.9524
 4376.220  0.9129  0.9652
 4376.240  0.9247  0.9702
 4376.260  0.9324  0.9581
 4376.280  0.9390  0.9257
 4376.300  0.9469  0.8777
 4376.320  0.9568  0.8262
 4376.340  0.9674  0.7856
 4376.360  0.9763  0.7677
 4376.380  0.9816  0.7770
 4376.400  0.9831  0.8092
 4376.420  0.9823  0.8539
 4376.440  0.9815  0.8986
 4376.460  0.9822  0.9336
 4376.480  0.9850  0.9543
 4376.500  0.9891  0.9621
 4376.520  0.9935  0.9619
 4376.540  0.9971  0.9593
 4376.560  0.9993  0.9581
 4376.580  1.0001  0.9592
 4376.600  1.0003  0.9616
 4376.620  1.0006  0.9635
 4376.640  1.0015  0.9639
 4376.660  1.0032  0.9629
 4376.680  1.0056  0.9615
 4376.700  1.0086  0.9606
 4376.720  1.0118  0.9604
 4376.740  1.0152  0.9605
 4376.760  1.0183  0.9604
 4376.780  1.0207  0.9598
 4376.800  1.0219  0.9592
 4376.820  1.0217  0.9592
 4376.840  1.0200  0.9603
 4376.860  1.0174  0.9621
 4376.880  1.0146  0.9635
 4376.900  1.0124  0.9635
 4376.920  1.0107  0.9616
 4376.940  1.0090  0.9586
 4376.960  1.0064  0.9563
 4376.980  1.0017  0.9563
 4377.000  0.9948  0.9593
 4377.020  0.9862  0.9644
 4377.040  0.9773  0.9693
 4377.060  0.9702  0.9713
 4377.080  0.9663  0.9692
 4377.100  0.9664  0.9635
 4377.120  0.9703  0.9565
 4377.140  0.9770  0.9512
 4377.160  0.9849  0.9496
 4377.180  0.9925  0.9520
 4377.200  0.9991  0.9565
 4377.220  1.0042  0.9603
 4377.240  1.0080  0.9612
 4377.260  1.0107  0.9586
 4377.280  1.0123  0.9539
 4377.300  1.0129  0.9493
 4377.320  1.0128  0.9466
 4377.340  1.0127  0.9464
 4377.360  1.0135  0.9474
 4377.380  1.0158  0.9479
 4377.400  1.0198  0.9468
 4377.420  1.0247  0.9445
 4377.440  1.0292  0.9426
 4377.460  1.0316  0.9431
 4377.480  1.0308  0.9465
 4377.500  1.0269  0.9511
 4377.520  1.0212  0.9535
 4377.540  1.0155  0.9505
 4377.560  1.0117  0.9410
 4377.580  1.0107  0.9278
 4377.600  1.0125  0.9161
 4377.620  1.0156  0.9122
 4377.640  1.0183  0.9192
 4377.660  1.0192  0.9356
 4377.680  1.0181  0.9543
 4377.700  1.0157  0.9654
 4377.720  1.0133  0.9600
 4377.740  1.0120  0.9346
 4377.760  1.0123  0.8929
 4377.780  1.0138  0.8448
 4377.800  1.0154  0.8032
 4377.820  1.0160  0.7787
 4377.840  1.0150  0.7765
 4377.860  1.0128  0.7946
 4377.880  1.0105  0.8257
 4377.900  1.0090  0.8601
 4377.920  1.0087  0.8897
 4377.940  1.0091  0.9096
 4377.960  1.0097  0.9192
 4377.980  1.0101  0.9204
 4378.000  1.0102  0.9162
 4378.020  1.0107  0.9094
 4378.040  1.0125  0.9026
 4378.060  1.0159  0.8979
 4378.080  1.0202  0.8965
 4378.100  1.0242  0.8978
 4378.120  1.0263  0.8976
 4378.140  1.0263  0.8877
 4378.160 -1.0000  0.8568
 4378.180 -1.0000  0.7949
 4378.200 -1.0000  0.6979
 4378.220 -1.0000  0.5728
 4378.240 -1.0000  0.4388
 4378.260 -1.0000  0.3235
 4378.280 -1.0000  0.2557
 4378.300 -1.0000  0.2551
 4378.320 -1.0000  0.3246
 4378.340 -1.0000  0.4483
 4378.360 -1.0000  0.5957
 4378.380 -1.0000  0.7315
 4378.400 -1.0000  0.8269
 4378.420  0.9807  0.8687
 4378.440  0.9783  0.8621
 4378.460  0.9743  0.8261
 4378.480  0.9676  0.7856
 4378.500  0.9573  0.7611
 4378.520  0.9430  0.7626
 4378.540  0.9250  0.7882
 4378.560  0.9040  0.8274
 4378.580  0.8801  0.8677
 4378.600  0.8538  0.8997
 4378.620  0.8261  0.9203
 4378.640  0.7994  0.9317
 4378.660  0.7777  0.9383
 4378.680  0.7653  0.9436
 4378.700  0.7656  0.9484
 4378.720  0.7798  0.9512
 4378.740  0.8068  0.9503
 4378.760  0.8427  0.9460
 4378.780  0.8822  0.9406
 4378.800  0.9195  0.9375
 4378.820  0.9497  0.9392
 4378.840  0.9706  0.9455
 4378.860  0.9826  0.9536
 4378.880  0.9887  0.9595
 4378.900  0.9924  0.9603
 4378.920  0.9963  0.9560
 4378.940  1.0016  0.9495
 4378.960  1.0078  0.9449
 4378.980  1.0133  0.9454
 4379.000  1.0166  0.9511
 4379.020  1.0173  0.9591
 4379.040  1.0159  0.9654
 4379.060  1.0141  0.9667
 4379.080  1.0130  0.9629
 4379.100  1.0135  0.9568
 4379.120  1.0153  0.9527
 4379.140  1.0173  0.9535
 4379.160  1.0177  0.9594
 4379.180  1.0153  0.9672
 4379.200  1.0096  0.9725
 4379.220  1.0006  0.9721
 4379.240  0.9890  0.9664
 4379.260  0.9758  0.9587
 4379.280  0.9623  0.9541
 4379.300  0.9499  0.9560
 4379.320  0.9400  0.9639
 4379.340  0.9337  0.9740
 4379.360  0.9318  0.9805
 4379.380  0.9347  0.9794
 4379.400  0.9421  0.9709
 4379.420  0.9529  0.9592
 4379.440  0.9652  0.9505
 4379.460  0.9762  0.9493
 4379.480  0.9833  0.9553
 4379.500  0.9846  0.9635
 4379.520  0.9796  0.9669
 4379.540  0.9690  0.9605
 4379.560  0.9548  0.9451
 4379.580  0.9394  0.9271
 4379.600  0.9258  0.9160
 4379.620  0.9166  0.9184
 4379.640  0.9132  0.9334
 4379.660  0.9154  0.9521
 4379.680  0.9220  0.9606
 4379.700  0.9315  0.9469
 4379.720  0.9427  0.9079
 4379.740  0.9546  0.8524
 4379.760  0.9662  0.7985
 4379.780  0.9758  0.7659
 4379.800  0.9819  0.7667
 4379.820  0.9844  0.7995
 4379.840  0.9843  0.8494
 4379.860  0.9838  0.8945
 4379.880  0.9851  0.9160
 4379.900  0.9900  0.9064
 4379.920  0.9999  0.8727
 4379.940  1.0142  0.8317
 4379.960  1.0309  0.8005
 4379.980  1.0457  0.7869
 4380.000  1.0550  0.7846
 4380.020 -1.0000  0.7767
 4380.040 -1.0000  0.7445
 4380.060 -1.0000  0.6793
 4380.080 -1.0000  0.5889
 4380.100 -1.0000  0.4970
 4380.120 -1.0000  0.4333
 4380.140 -1.0000  0.4203
 4380.160 -1.0000  0.4622
 4380.180 -1.0000  0.5416
 4380.200 -1.0000  0.6260
 4380.220 -1.0000  0.6818
 4380.240 -1.0000  0.6883
 4380.260 -1.0000  0.6470
 4380.280 -1.0000  0.5806
 4380.300 -1.0000  0.5220
 4380.320 -1.0000  0.5009
 4380.340 -1.0000  0.5306
 4380.360 -1.0000  0.6041
 4380.380 -1.0000  0.6991
 4380.400 -1.0000  0.7884
 4380.420 -1.0000  0.8525
 4380.440  1.0251  0.8853
 4380.460  1.0264  0.8935
 4380.480  1.0241  0.8890
 4380.500  1.0162  0.8800
 4380.520  1.0054  0.8657
 4380.540  0.9961  0.8367
 4380.560 -1.0000  0.7827
 4380.580 -1.0000  0.7012
 4380.600 -1.0000  0.6030
 4380.620 -1.0000  0.5113
 4380.640 -1.0000  0.4536
 4380.660 -1.0000  0.4504
 4380.680 -1.0000  0.5056
 4380.700 -1.0000  0.6038
 4380.720 -1.0000  0.7161
 4380.740 -1.0000  0.8109
 4380.760  0.9209  0.8665
 4380.780  0.9056  0.8783
 4380.800  0.8794  0.8590
 4380.820  0.8453  0.8307
 4380.840  0.8109  0.8147
 4380.860  0.7849  0.8220
 4380.880  0.7733  0.8505
 4380.900  0.7762  0.8876
 4380.920  0.7900  0.9183
 4380.940  0.8095  0.9326
 4380.960  0.8309  0.9304
 4380.980  0.8517  0.9198
 4381.000  0.8709  0.9123
 4381.020  0.8885  0.9158
 4381.040  0.9048  0.9308
 4381.060  0.9204  0.9500
 4381.080  0.9357  0.9630
 4381.100  0.9510  0.9614
 4381.120  0.9664  0.9439
 4381.140  0.9816  0.9168
 4381.160  0.9960  0.8906
 4381.180  1.0084  0.8759
 4381.200  1.0178  0.8776
 4381.220  1.0231  0.8939
 4381.240  1.0236  0.9174
 4381.260  1.0189  0.9390
 4381.280  1.0089  0.9526
 4381.300  0.9941  0.9568
 4381.320  0.9757  0.9549
 4381.340  0.9556  0.9523
 4381.360  0.9360  0.9529
 4381.380  0.9189  0.9572
 4381.400  0.9051  0.9623
 4381.420  0.8942  0.9639
 4381.440  0.8852  0.9592
 4381.460  0.8774  0.9484
 4381.480  0.8706  0.9353
 4381.500  0.8660  0.9251
 4381.520  0.8654  0.9222
 4381.540  0.8704  0.9277
 4381.560  0.8815  0.9394
 4381.580  0.8981  0.9530
 4381.600  0.9182  0.9638
 4381.620  0.9393  0.9695
 4381.640  0.9592  0.9702
 4381.660  0.9757  0.9684
 4381.680  0.9878  0.9671
 4381.700  0.9954  0.9679
 4381.720  0.9995  0.9709
 4381.740  1.0016  0.9740
 4381.760  1.0034  0.9753
 4381.780  1.0062  0.9735
 4381.800  1.0104  0.9692
 4381.820  1.0161  0.9645
 4381.840  1.0224  0.9619
 4381.860  1.0283  0.9628
 4381.880  1.0330  0.9668
 4381.900  1.0358  0.9722
 4381.920  1.0366  0.9762
 4381.940  1.0361  0.9770
 4381.960  1.0345  0.9742
 4381.980  1.0326  0.9690
 4382.000  1.0305  0.9636
 4382.020  1.0282  0.9602
 4382.040  1.0254  0.9596
 4382.060  1.0220  0.9610
 4382.080  1.0180  0.9625
 4382.100  1.0141  0.9614
 4382.120  1.0112  0.9561
 4382.140  1.0102  0.9464
 4382.160  1.0116  0.9338
 4382.180  1.0150  0.9213
 4382.200  1.0189  0.9122
 4382.220  1.0210  0.9092
 4382.240  1.0192  0.9133
 4382.260  1.0123  0.9235
 4382.280  1.0007  0.9371
 4382.300  0.9859  0.9503
 4382.320  0.9703  0.9594
 4382.340  0.9560  0.9617
 4382.360  0.9444  0.9568
 4382.380  0.9357  0.9464
 4382.400  0.9293  0.9335
 4382.420  0.9241  0.9221
 4382.440  0.9196  0.9152
 4382.460  0.9160  0.9141
 4382.480  0.9144  0.9182
 4382.500  0.9161  0.9253
 4382.520  0.9223  0.9329
 4382.540  0.9330  0.9388
 4382.560  0.9469  0.9424
 4382.580  0.9619  0.9440
 4382.600  0.9756  0.9447
 4382.620  0.9862  0.9457
 4382.640  0.9929  0.9473
 4382.660  0.9963  0.9493
 4382.680  0.9975  0.9512
 4382.700  0.9980  0.9529
 4382.720  0.9985  0.9551
 4382.740  0.9990  0.9585
 4382.760  0.9992  0.9630
 4382.780  0.9987  0.9667
 4382.800  0.9976  0.9659
 4382.820  0.9966  0.9560
 4382.840  0.9967  0.9334
 4382.860  0.9986  0.8982
 4382.880  1.0023  0.8551
 4382.900  1.0063  0.8132
 4382.920  1.0083  0.7837
 4382.940  1.0060  0.7759
 4382.960  0.9986  0.7937
 4382.980  0.9876  0.8338
 4383.000  0.9757  0.8860
 4383.020  0.9652  0.9370
 4383.040  0.9571  0.9748
 4383.060  0.9508  0.9928
 4383.080  0.9442  0.9917
 4383.100  0.9345  0.9786
 4383.120  0.9192  0.9635
 4383.140  0.8968  0.9548
 4383.160  0.8676  0.9562
 4383.180  0.8336  0.9656
 4383.200  0.7969  0.9768
 4383.220  0.7595  0.9830
 4383.240  0.7225  0.9804
 4383.260  0.6870  0.9693
 4383.280  0.6545  0.9546
 4383.300  0.6273  0.9427
 4383.320  0.6082  0.9383
 4383.340  0.5993  0.9426
 4383.360  0.6011  0.9529
 4383.380  0.6129  0.9638
 4383.400  0.6325  0.9703
 4383.420  0.6580  0.9701
 4383.440  0.6872  0.9645
 4383.460  0.7185  0.9574
 4383.480  0.7508  0.9530
 4383.500  0.7831  0.9538
 4383.520  0.8149  0.9595
 4383.540  0.8459  0.9669
 4383.560  0.8754  0.9720
 4383.580  0.9027  0.9722
 4383.600  0.9264  0.9674
 4383.620  0.9449  0.9598
 4383.640  0.9573  0.9530
 4383.660  0.9637  0.9497
 4383.680  0.9654  0.9505
 4383.700  0.9650  0.9535
 4383.720  0.9649  0.9560
 4383.740  0.9665  0.9558
 4383.760  0.9694  0.9527
 4383.780  0.9720  0.9485
 4383.800  0.9714  0.9463
 4383.820  0.9658  0.9486
 4383.840  0.9547  0.9552
 4383.860  0.9397  0.9638
 4383.880  0.9238  0.9703
 4383.900  0.9106  0.9715
 4383.920  0.9028  0.9666
 4383.940  0.9018  0.9577
 4383.960  0.9071  0.9492
 4383.980  0.9165  0.9452
 4384.000  0.9269  0.9473
 4384.020  0.9360  0.9533
 4384.040  0.9423  0.9582
 4384.060  0.9463  0.9567
 4384.080  0.9495  0.9461
 4384.100  0.9538  0.9284
 4384.120  0.9606  0.9097
 4384.140  0.9702  0.8977
 4384.160  0.9816  0.8967
 4384.180  0.9929  0.9046
 4384.200  1.0021  0.9113
 4384.220  1.0079  0.9015
 4384.240 -1.0000  0.8600
 4384.260 -1.0000  0.7780
 4384.280 -1.0000  0.6587
 4384.300 -1.0000  0.5181
 4384.320 -1.0000  0.3818
 4384.340 -1.0000  0.2779
 4384.360 -1.0000  0.2291
 4384.380 -1.0000  0.2457
 4384.400 -1.0000  0.3226
 4384.420 -1.0000  0.4420
 4384.440 -1.0000  0.5783
 4384.460 -1.0000  0.7061
 4384.480 -1.0000  0.8065
 4384.500  1.0127  0.8705
 4384.520  1.0093  0.9003
 4384.540  1.0042  0.9052
 4384.560  0.9992  0.8984
 4384.580  0.9968  0.8917
 4384.600  0.9983  0.8930
 4384.620  1.0037  0.9040
 4384.640  1.0110  0.9214
 4384.660  1.0177  0.9379
 4384.680  1.0213  0.9448
 4384.700  1.0208  0.9347
 4384.720  1.0169  0.9040
 4384.740  1.0121  0.8543
 4384.760 -1.0000  0.7931
 4384.780 -1.0000  0.7326
 4384.800 -1.0000  0.6863
 4384.820 -1.0000  0.6658
 4384.840 -1.0000  0.6766
 4384.860 -1.0000  0.7163
 4384.880 -1.0000  0.7749
 4384.900  0.9897  0.8377
 4384.920  0.9891  0.8902
 4384.940  0.9883  0.9229
 4384.960  0.9869  0.9337
 4384.980  0.9843  0.9283
 4385.000  0.9796  0.9169
 4385.020  0.9723  0.9098
 4385.040  0.9630  0.9130
 4385.060  0.9530  0.9261
 4385.080  0.9440  0.9438
 4385.100  0.9378  0.9582
 4385.120  0.9353  0.9639
 4385.140  0.9364  0.9599
 4385.160  0.9405  0.9504
 4385.180  0.9461  0.9425
 4385.200  0.9519  0.9418
 4385.220  0.9569  0.9497
 4385.240  0.9611  0.9620
 4385.260  0.9653  0.9706
 4385.280  0.9705  0.9673
 4385.300  0.9778  0.9478
 4385.320  0.9873  0.9144
 4385.340  0.9979  0.8756
 4385.360  1.0077  0.8429
 4385.380  1.0140  0.8262
 4385.400  1.0150  0.8304
 4385.420  1.0108  0.8533
 4385.440  1.0030  0.8867
 4385.460  0.9942  0.9203
 4385.480  0.9866  0.9456
 4385.500  0.9814  0.9585
 4385.520  0.9788  0.9604
 4385.540  0.9781  0.9565
 4385.560  0.9779  0.9528
 4385.580  0.9767  0.9536
 4385.600  0.9733  0.9595
 4385.620  0.9675  0.9684
 4385.640  0.9598  0.9766
 4385.660  0.9517  0.9811
 4385.680  0.9449  0.9809
 4385.700  0.9407  0.9771
 4385.720  0.9400  0.9718
 4385.740  0.9424  0.9673
 4385.760  0.9465  0.9647
 4385.780  0.9500  0.9639
 4385.800  0.9509  0.9640
 4385.820  0.9476  0.9642
 4385.840  0.9402  0.9641
 4385.860  0.9302  0.9643
 4385.880  0.9202  0.9653
 4385.900  0.9132  0.9669
 4385.920  0.9113  0.9686
 4385.940  0.9155  0.9689
 4385.960  0.9249  0.9671
 4385.980  0.9373  0.9631
 4386.000  0.9498  0.9581
 4386.020  0.9601  0.9543
 4386.040  0.9668  0.9534
 4386.060  0.9697  0.9563
 4386.080  0.9703  0.9621
 4386.100  0.9704  0.9687
 4386.120  0.9715  0.9733
 4386.140  0.9742  0.9742
 4386.160  0.9779  0.9708
 4386.180  0.9813  0.9646
 4386.200  0.9828  0.9578
 4386.220  0.9815  0.9528
 4386.240  0.9775  0.9509
 4386.260  0.9717  0.9519
 4386.280  0.9657  0.9547
 4386.300  0.9611  0.9577
 4386.320  0.9588  0.9599
 4386.340  0.9588  0.9611
 4386.360  0.9603  0.9616
 4386.380  0.9623  0.9624
 4386.400  0.9641  0.9640
 4386.420  0.9654  0.9665
 4386.440  0.9669  0.9694
 4386.460  0.9693  0.9719
 4386.480  0.9737  0.9736
 4386.500  0.9802  0.9742
 4386.520  0.9884  0.9742
 4386.540  0.9971  0.9737
 4386.560  1.0045  0.9729
 4386.580  1.0089  0.9719
 4386.600  1.0090  0.9706
 4386.620  1.0044  0.9690
 4386.640  0.9957  0.9676
 4386.660  0.9841  0.9670
 4386.680  0.9713  0.9675
 4386.700  0.9591  0.9690
 4386.720  0.9491  0.9705
 4386.740  0.9423  0.9708
 4386.760  0.9391  0.9686
 4386.780  0.9397  0.9639
 4386.800  0.9437  0.9573
 4386.820  0.9504  0.9507
 4386.840  0.9585  0.9464
 4386.860  0.9668  0.9459
 4386.880  0.9739  0.9493
 4386.900  0.9785  0.9556
 4386.920  0.9801  0.9626
 4386.940  0.9787  0.9683
 4386.960  0.9751  0.9715
 4386.980  0.9704  0.9721
 4387.000  0.9660  0.9711
 4387.020  0.9629  0.9699
 4387.040  0.9620  0.9693
 4387.060  0.9634  0.9694
 4387.080  0.9670  0.9695
 4387.100  0.9724  0.9687
 4387.120  0.9790  0.9664
 4387.140  0.9866  0.9628
 4387.160  0.9948  0.9590
 4387.180  1.0034  0.9560
 4387.200  1.0120  0.9547
 4387.220  1.0198  0.9549
 4387.240  1.0259  0.9561
 4387.260  1.0294  0.9572
 4387.280  1.0300  0.9578
 4387.300  1.0276  0.9577
 4387.320  1.0231  0.9576
 4387.340  1.0177  0.9578
 4387.360  1.0130  0.9584
 4387.380  1.0103  0.9588
 4387.400  1.0103  0.9579
 4387.420  1.0127  0.9549
 4387.440  1.0165  0.9502
 4387.460  1.0205  0.9450
 4387.480  1.0232  0.9417
 4387.500  1.0237  0.9420
 4387.520  1.0216  0.9470
 4387.540  1.0173  0.9554
 4387.560  1.0118  0.9650
 4387.580  1.0058  0.9726
 4387.600  0.9998  0.9761
 4387.620  0.9939  0.9751
 4387.640  0.9878  0.9711
 4387.660  0.9810  0.9665
 4387.680  0.9730  0.9640
 4387.700  0.9637  0.9644
 4387.720  0.9532  0.9671
 4387.740  0.9420  0.9699
 4387.760  0.9310  0.9704
 4387.780  0.9211  0.9678
 4387.800  0.9130  0.9627
 4387.820  0.9073  0.9577
 4387.840  0.9043  0.9553
 4387.860  0.9036  0.9572
 4387.880  0.9045  0.9631
 4387.900  0.9063  0.9704
 4387.920  0.9086  0.9758
 4387.940  0.9112  0.9766
 4387.960  0.9145  0.9722
 4387.980  0.9191  0.9644
 4388.000  0.9253  0.9568
 4388.020  0.9327  0.9529
 4388.040  0.9401  0.9543
 4388.060  0.9460  0.9598
 4388.080  0.9490  0.9656
 4388.100  0.9485  0.9666
 4388.120  0.9449  0.9586
 4388.140  0.9395  0.9403
 4388.160  0.9340  0.9137
 4388.180  0.9304  0.8844
 4388.200  0.9296  0.8589
 4388.220  0.9313  0.8434
 4388.240  0.9340  0.8415
 4388.260  0.9360  0.8530
 4388.280  0.9359  0.8749
 4388.300  0.9341  0.9018
 4388.320  0.9322  0.9280
 4388.340  0.9327  0.9489
 4388.360  0.9377  0.9624
 4388.380  0.9483  0.9683
 4388.400  0.9637  0.9686
 4388.420  0.9817  0.9659
 4388.440  0.9990  0.9629
 4388.460  1.0124  0.9615
 4388.480  1.0201  0.9623
 4388.500  1.0220  0.9647
 4388.520  1.0199  0.9675
 4388.540  1.0163  0.9693
 4388.560  1.0136  0.9693
 4388.580  1.0132  0.9670
 4388.600  1.0151  0.9630
 4388.620  1.0181  0.9580
 4388.640  1.0208  0.9529
 4388.660  1.0220  0.9485
 4388.680  1.0213  0.9452
 4388.700  1.0195  0.9433
 4388.720  1.0178  0.9429
 4388.740  1.0172  0.9445
 4388.760  1.0183  0.9480
 4388.780  1.0207  0.9534
 4388.800  1.0236  0.9598
 4388.820  1.0260  0.9659
 4388.840  1.0272  0.9702
 4388.860  1.0272  0.9716
 4388.880  1.0263  0.9698
 4388.900  1.0252  0.9658
 4388.920  1.0242  0.9617
 4388.940  1.0232  0.9596
 4388.960  1.0217  0.9607
 4388.980  1.0188  0.9650
 4389.000  1.0141  0.9708
 4389.020  1.0077  0.9754
 4389.040  1.0002  0.9764
 4389.060  0.9930  0.9720
 4389.080  0.9877  0.9626
 4389.100  0.9857  0.9498
 4389.120  0.9880  0.9358
 4389.140  0.9945  0.9227
 4389.160  1.0044  0.9120
 4389.180  1.0158  0.9043
 4389.200  1.0267  0.8999
 4389.220  1.0351  0.8995
 4389.240  1.0395  0.9042
 4389.260  1.0397  0.9143
 4389.280  1.0363  0.9288
 4389.300  1.0307  0.9442
 4389.320  1.0245  0.9547
 4389.340  1.0192  0.9535
 4389.360  1.0160  0.9358
 4389.380  1.0154  0.9011
 4389.400  1.0175  0.8546
 4389.420  1.0217  0.8067
 4389.440  1.0268  0.7703
 4389.460  1.0315  0.7561
 4389.480  1.0343  0.7688
 4389.500  1.0349  0.8054
 4389.520  1.0335  0.8554
 4389.540  1.0311  0.9048
 4389.560  1.0286  0.9410
 4389.580  1.0264  0.9568
 4389.600  1.0248  0.9524
 4389.620  1.0235  0.9349
 4389.640  1.0223  0.9146
 4389.660  1.0206  0.9010
 4389.680  1.0179  0.8992
 4389.700  1.0141  0.9088
 4389.720  1.0096  0.9250
 4389.740  1.0050  0.9415
 4389.760  1.0011  0.9530
 4389.780  0.9990  0.9574
 4389.800  0.9995  0.9556
 4389.820  1.0028  0.9504
 4389.840  1.0085  0.9450
 4389.860  1.0155  0.9409
 4389.880  1.0220  0.9384
 4389.900  1.0264  0.9367
 4389.920  1.0277  0.9353
 4389.940  1.0254  0.9344
 4389.960  1.0201  0.9351
 4389.980  1.0128  0.9384
 4390.000  1.0048  0.9445
 4390.020  0.9971  0.9525
 4390.040  0.9902  0.9602
 4390.060  0.9844  0.9654
 4390.080  0.9796  0.9671
 4390.100  0.9764  0.9657
 4390.120  0.9752  0.9629
 4390.140  0.9768  0.9611
 4390.160  0.9819  0.9617
 4390.180  0.9900  0.9650
 4390.200  1.0000  0.9693
 4390.220  1.0100  0.9729
 4390.240  1.0179  0.9740
 4390.260  1.0220  0.9723
 4390.280  1.0215  0.9687
 4390.300  1.0169  0.9651
 4390.320  1.0100  0.9632
 4390.340  1.0028  0.9637
 4390.360  0.9977  0.9662
 4390.380  0.9959  0.9694
 4390.400  0.9974  0.9719
 4390.420  1.0010  0.9727
 4390.440  1.0046  0.9715
 4390.460  1.0060  0.9685
 4390.480  1.0033  0.9640
 4390.500  0.9954  0.9584
 4390.520  0.9826  0.9521
 4390.540  0.9664  0.9456
 4390.560  0.9494  0.9400
 4390.580  0.9346  0.9367
 4390.600  0.9249  0.9370
 4390.620  0.9223  0.9411
 4390.640  0.9270  0.9483
 4390.660  0.9377  0.9563
 4390.680  0.9517  0.9626
 4390.700  0.9662  0.9653
 4390.720  0.9788  0.9637
 4390.740  0.9881  0.9588
 4390.760  0.9944  0.9525
 4390.780  0.9991  0.9464
 4390.800  1.0039  0.9409
 4390.820  1.0105  0.9354
 4390.840  1.0191  0.9288
 4390.860  1.0287  0.9213
 4390.880  1.0370  0.9145
 4390.900  1.0413  0.9116
 4390.920  1.0402  0.9156
 4390.940  1.0339  0.9276
 4390.960  1.0244  0.9446
 4390.980  1.0148  0.9605
 4391.000  1.0075  0.9677
 4391.020  1.0041  0.9609
 4391.040  1.0044  0.9401
 4391.060  1.0072  0.9117
 4391.080  1.0106  0.8863
 4391.100  1.0126  0.8742
 4391.120  1.0125  0.8795
 4391.140  1.0105  0.8975
 4391.160  1.0074  0.9143
 4391.180  1.0043  0.9122
 4391.200  1.0019  0.8766
 4391.220 -1.0000  0.8033
 4391.240 -1.0000  0.7020
 4391.260 -1.0000  0.5944
 4391.280 -1.0000  0.5075
 4391.300 -1.0000  0.4643
 4391.320 -1.0000  0.4760
 4391.340 -1.0000  0.5382
 4391.360 -1.0000  0.6333
 4391.380 -1.0000  0.7369
 4391.400 -1.0000  0.8269
 4391.420  0.9906  0.8894
 4391.440  0.9904  0.9223
 4391.460  0.9870  0.9326
 4391.480  0.9805  0.9317
 4391.500  0.9745  0.9297
 4391.520  0.9732  0.9319
 4391.540  0.9791  0.9384
 4391.560  0.9919  0.9461
 4391.580  1.0084  0.9520
 4391.600  1.0238  0.9548
 4391.620  1.0338  0.9555
 4391.640  1.0358  0.9553
 4391.660  1.0300  0.9542
 4391.680  1.0191  0.9496
 4391.700  1.0075  0.9379
 4391.720  0.9991  0.9165
 4391.740  0.9966  0.8865
 4391.760  1.0003  0.8536
 4391.780  1.0083  0.8268
 4391.800  1.0170  0.8147
 4391.820  1.0229  0.8223
 4391.840  1.0242  0.8480
 4391.860  1.0213  0.8841
 4391.880  1.0166  0.9199
 4391.900  1.0122  0.9457
 4391.920  1.0099  0.9566
 4391.940  1.0100  0.9542
 4391.960  1.0119  0.9447
 4391.980  1.0145  0.9362
 4392.000  1.0165  0.9342
 4392.020  1.0172  0.9400
 4392.040  1.0165  0.9501
 4392.060  1.0148  0.9591
 4392.080  1.0123  0.9620
 4392.100  1.0089  0.9570
 4392.120  1.0037  0.9460
 4392.140  0.9958  0.9332
 4392.160  0.9846  0.9226
 4392.180  0.9706  0.9163
 4392.200  0.9548  0.9136
 4392.220  0.9391  0.9122
 4392.240  0.9250  0.9097
 4392.260  0.9133  0.9053
 4392.280  0.9037  0.9007
 4392.300  0.8951  0.8985
 4392.320  0.8865  0.9013
 4392.340  0.8771  0.9096
 4392.360  0.8675  0.9218
 4392.380  0.8593  0.9345
 4392.400  0.8549  0.9444
 4392.420  0.8566  0.9497
 4392.440  0.8654  0.9503
 4392.460  0.8807  0.9470
 4392.480  0.8999  0.9403
 4392.500  0.9195  0.9290
 4392.520  0.9359  0.9094
 4392.540  0.9468  0.8778
 4392.560  0.9521  0.8313
 4392.580 -1.0000  0.7714
 4392.600 -1.0000  0.7038
 4392.620 -1.0000  0.6384
 4392.640 -1.0000  0.5860
 4392.660 -1.0000  0.5555
 4392.680 -1.0000  0.5515
 4392.700 -1.0000  0.5728
 4392.720 -1.0000  0.6138
 4392.740 -1.0000  0.6666
 4392.760 -1.0000  0.7232
 4392.780 -1.0000  0.7779
 4392.800  0.9467  0.8271
 4392.820  0.9477  0.8692
 4392.840  0.9492  0.9032
 4392.860  0.9504  0.9285
 4392.880  0.9508  0.9446
 4392.900  0.9506  0.9518
 4392.920  0.9508  0.9521
 4392.940  0.9530  0.9485
 4392.960  0.9582  0.9450
 4392.980  0.9662  0.9446
 4393.000  0.9758  0.9487
 4393.020  0.9848  0.9560
 4393.040  0.9914  0.9635
 4393.060  0.9946  0.9681
 4393.080  0.9947  0.9678
 4393.100  0.9932  0.9631
 4393.120  0.9919  0.9565
 4393.140  0.9925  0.9513
 4393.160  0.9956  0.9500
 4393.180  1.0014  0.9531
 4393.200  1.0087  0.9586
 4393.220  1.0166  0.9635
 4393.240  1.0239  0.9650
 4393.260  1.0297  0.9622
 4393.280  1.0331  0.9567
 4393.300  1.0335  0.9513
 4393.320  1.0305  0.9486
 4393.340  1.0245  0.9493
 4393.360  1.0166  0.9516
 4393.380  1.0091  0.9520
 4393.400  1.0039  0.9473
 4393.420  1.0028  0.9363
 4393.440  1.0057  0.9214
 4393.460  1.0107  0.9078
 4393.480  1.0143  0.9014
 4393.500  1.0127  0.9060
 4393.520  1.0039  0.9206
 4393.540  0.9888  0.9393
 4393.560  0.9708  0.9530
 4393.580  0.9547  0.9530
 4393.600  0.9450  0.9348
 4393.620  0.9441  0.9006
 4393.640  0.9513  0.8588
 4393.660  0.9620  0.8208
 4393.680  0.9691  0.7962
 4393.700  0.9656  0.7879
 4393.720  0.9513  0.7899
 4393.740  0.9354  0.7890
 4393.760 -1.0000  0.7697
 4393.780 -1.0000  0.7206
 4393.800 -1.0000  0.6409
 4393.820 -1.0000  0.5417
 4393.840 -1.0000  0.4448
 4393.860 -1.0000  0.3757
 4393.880 -1.0000  0.3552
 4393.900 -1.0000  0.3923
 4393.920 -1.0000  0.4804
 4393.940 -1.0000  0.5996
 4393.960 -1.0000  0.7226
 4393.980 -1.0000  0.8242
 4394.000  0.9966  0.8882
 4394.020  1.0007  0.9123
 4394.040  1.0068  0.9069
 4394.060  1.0135  0.8893
 4394.080  1.0184  0.8767
 4394.100  1.0201  0.8787
 4394.120  1.0191  0.8940
 4394.140  1.0164  0.9116
 4394.160  1.0133  0.9155
 4394.180  1.0109  0.8913
 4394.200 -1.0000  0.8329
 4394.220 -1.0000  0.7447
 4394.240 -1.0000  0.6415
 4394.260 -1.0000  0.5439
 4394.280 -1.0000  0.4723
 4394.300 -1.0000  0.4414
 4394.320 -1.0000  0.4561
 4394.340 -1.0000  0.5109
 4394.360 -1.0000  0.5921
 4394.380 -1.0000  0.6818
 4394.400 -1.0000  0.7630
 4394.420 -1.0000  0.8234
 4394.440  1.0137  0.8583
 4394.460  1.0117  0.8704
 4394.480  1.0057  0.8681
 4394.500  0.9967  0.8616
 4394.520  0.9889  0.8594
 4394.540  0.9865  0.8647
 4394.560  0.9918  0.8736
 4394.580  1.0032  0.8770
 4394.600  1.0142  0.8628
 4394.620 -1.0000  0.8216
 4394.640 -1.0000  0.7503
 4394.660 -1.0000  0.6555
 4394.680 -1.0000  0.5523
 4394.700 -1.0000  0.4612
 4394.720 -1.0000  0.4021
 4394.740 -1.0000  0.3886
 4394.760 -1.0000  0.4237
 4394.780 -1.0000  0.4992
 4394.800 -1.0000  0.5982
 4394.820 -1.0000  0.7006
 4394.840 -1.0000  0.7888
 4394.860  0.9919  0.8521
 4394.880  0.9863  0.8886
 4394.900  0.9746  0.9036
 4394.920  0.9595  0.9065
 4394.940  0.9472  0.9065
 4394.960  0.9427  0.9098
 4394.980  0.9470  0.9183
 4395.000  0.9567  0.9305
 4395.020  0.9667  0.9428
 4395.040  0.9725  0.9517
 4395.060  0.9731  0.9550
 4395.080  0.9706  0.9523
 4395.100  0.9700  0.9445
 4395.120  0.9759  0.9337
 4395.140  0.9904  0.9221
 4395.160  1.0118  0.9119
 4395.180  1.0344  0.9055
 4395.200  1.0513  0.9041
 4395.220  1.0575  0.9082
 4395.240  1.0519  0.9166
 4395.260  1.0379  0.9266
 4395.280  1.0214  0.9349
 4395.300  1.0081  0.9382
 4395.320  1.0013  0.9354
 4395.340  1.0009  0.9275
 4395.360  1.0041  0.9180
 4395.380  1.0070  0.9114
 4395.400  1.0070  0.9113
 4395.420  1.0040  0.9190
 4395.440  1.0005  0.9329
 4395.460  0.9993  0.9488
 4395.480  1.0023  0.9622
 4395.500  1.0089  0.9697
 4395.520  1.0162  0.9706
 4395.540  1.0202  0.9665
 4395.560  1.0177  0.9611
 4395.580  1.0077  0.9575
 4395.600  0.9921  0.9572
 4395.620  0.9750  0.9593
 4395.640  0.9603  0.9611
 4395.660  0.9506  0.9596
 4395.680  0.9458  0.9529
 4395.700  0.9440  0.9415
 4395.720  0.9427  0.9279
 4395.740  0.9401  0.9159
 4395.760  0.9366  0.9087
 4395.780  0.9344  0.9081
 4395.800  0.9361  0.9132
 4395.820  0.9437  0.9208
 4395.840  0.9567  0.9263
 4395.860  0.9730  0.9243
 4395.880  0.9892  0.9105
 4395.900  1.0018  0.8825
 4395.920  1.0090  0.8409
 4395.940 -1.0000  0.7895
 4395.960 -1.0000  0.7354
 4395.980 -1.0000  0.6881
 4396.000 -1.0000  0.6574
 4396.020 -1.0000  0.6509
 4396.040 -1.0000  0.6719
 4396.060 -1.0000  0.7179
 4396.080 -1.0000  0.7804
 4396.100  0.9943  0.8477
 4396.120  0.9887  0.9073
 4396.140  0.9807  0.9501
 4396.160  0.9717  0.9725
 4396.180  0.9622  0.9769
 4396.200  0.9522  0.9697
 4396.220  0.9414  0.9592
 4396.240  0.9294  0.9513
 4396.260  0.9160  0.9490
 4396.280  0.9012  0.9512
 4396.300  0.8850  0.9550
 4396.320  0.8678  0.9576
 4396.340  0.8503  0.9578
 4396.360  0.8339  0.9567
 4396.380  0.8205  0.9567
 4396.400  0.8126  0.9595
 4396.420  0.8120  0.9651
 4396.440  0.8197  0.9717
 4396.460  0.8350  0.9762
 4396.480  0.8561  0.9761
 4396.500  0.8799  0.9709
 4396.520  0.9031  0.9625
 4396.540  0.9227  0.9542
 4396.560  0.9371  0.9493
 4396.580  0.9462  0.9492
 4396.600  0.9517  0.9533
 4396.620  0.9557  0.9591
 4396.640  0.9605  0.9639
 4396.660  0.9668  0.9662
 4396.680  0.9743  0.9663
 4396.700  0.9816  0.9659
 4396.720  0.9873  0.9665
 4396.740  0.9904  0.9683
 4396.760  0.9911  0.9699
 4396.780  0.9904  0.9685
 4396.800  0.9901  0.9617
 4396.820  0.9912  0.9495
 4396.840  0.9945  0.9342
 4396.860  0.9994  0.9205
 4396.880  1.0051  0.9133
 4396.900  1.0100  0.9153
 4396.920  1.0132  0.9259
 4396.940  1.0144  0.9412
 4396.960  1.0134  0.9559
 4396.980  1.0108  0.9653
 4397.000  1.0065  0.9675
 4397.020  1.0008  0.9642
 4397.040  0.9935  0.9590
 4397.060  0.9848  0.9562
 4397.080  0.9753  0.9581
 4397.100  0.9659  0.9642
 4397.120  0.9577  0.9715
 4397.140  0.9516  0.9768
 4397.160  0.9484  0.9775
 4397.180  0.9483  0.9738
 4397.200  0.9512  0.9680
 4397.220  0.9565  0.9632
 4397.240  0.9626  0.9618
 4397.260  0.9680  0.9640
 4397.280  0.9708  0.9682
 4397.300  0.9697  0.9716
 4397.320  0.9642  0.9720
 4397.340  0.9550  0.9690
 4397.360  0.9440  0.9640
 4397.380  0.9336  0.9596
 4397.400  0.9265  0.9579
 4397.420  0.9246  0.9598
 4397.440  0.9283  0.9640
 4397.460  0.9366  0.9685
 4397.480  0.9476  0.9711
 4397.500  0.9591  0.9711
 4397.520  0.9696  0.9690
 4397.540  0.9782  0.9669
 4397.560  0.9853  0.9663
 4397.580  0.9915  0.9682
 4397.600  0.9973  0.9718
 4397.620  1.0030  0.9755
 4397.640  1.0080  0.9777
 4397.660  1.0116  0.9775
 4397.680  1.0134  0.9753
 4397.700  1.0133  0.9724
 4397.720  1.0120  0.9701
 4397.740  1.0103  0.9693
 4397.760  1.0087  0.9698
 4397.780  1.0073  0.9708
 4397.800  1.0056  0.9714
 4397.820  1.0029  0.9712
 4397.840  0.9989  0.9702
 4397.860  0.9946  0.9686
 4397.880  0.9914  0.9660
 4397.900  0.9915  0.9615
 4397.920  0.9961  0.9541
 4397.940  1.0051  0.9436
 4397.960  1.0170  0.9314
 4397.980  1.0285  0.9203
 4398.000  1.0366  0.9141
 4398.020  1.0389  0.9156
 4398.040  1.0354  0.9253
 4398.060  1.0281  0.9403
 4398.080  1.0196  0.9556
 4398.100  1.0121  0.9656
 4398.120  1.0065  0.9666
 4398.140  1.0019  0.9583
 4398.160  0.9966  0.9435
 4398.180  0.9892  0.9262
 4398.200  0.9794  0.9092
 4398.220  0.9687  0.8923
 4398.240  0.9597  0.8722
 4398.260  0.9552  0.8449
 4398.280  0.9572  0.8087
 4398.300  0.9659  0.7665
 4398.320  0.9795  0.7270
 4398.340  0.9943  0.7016
 4398.360  1.0064  0.7006
 4398.380  1.0135  0.7280
 4398.400  1.0159  0.7797
 4398.420  1.0159  0.8438
 4398.440  1.0157  0.9046
 4398.460  1.0162  0.9487
 4398.480  1.0168  0.9696
 4398.500  1.0160  0.9694
 4398.520  1.0120  0.9574
 4398.540  1.0042  0.9450
 4398.560  0.9933  0.9409
 4398.580  0.9814  0.9474
 4398.600  0.9706  0.9606
 4398.620  0.9624  0.9730
 4398.640  0.9569  0.9780
 4398.660  0.9530  0.9731
 4398.680  0.9498  0.9613
 4398.700  0.9466  0.9492
 4398.720  0.9440  0.9431
 4398.740  0.9432  0.9463
 4398.760  0.9453  0.9569
 4398.780  0.9510  0.9696
 4398.800  0.9592  0.9782
 4398.820  0.9684  0.9793
 4398.840  0.9762  0.9736
 4398.860  0.9810  0.9656
 4398.880  0.9822  0.9607
 4398.900  0.9806  0.9622
 4398.920  0.9781  0.9695
 4398.940  0.9767  0.9781
 4398.960  0.9775  0.9823
 4398.980  0.9807  0.9776
 4399.000  0.9855  0.9639
 4399.020  0.9904  0.9450
 4399.040  0.9945  0.9270
 4399.060  0.9972  0.9157
 4399.080  0.9992  0.9136
 4399.100  1.0009  0.9194
 4399.120  1.0029  0.9287
 4399.140  1.0048  0.9371
 4399.160  1.0057  0.9417
 4399.180  1.0043  0.9430
 4399.200  0.9998  0.9434
 4399.220  0.9928  0.9462
 4399.240  0.9844  0.9526
 4399.260  0.9767  0.9616
 4399.280  0.9709  0.9702
 4399.300  0.9675  0.9751
 4399.320  0.9658  0.9747
 4399.340  0.9644  0.9703
 4399.360  0.9622  0.9651
 4399.380  0.9589  0.9625
 4399.400  0.9555  0.9644
 4399.420  0.9540  0.9700
 4399.440  0.9565  0.9760
 4399.460  0.9639  0.9786
 4399.480  0.9761  0.9757
 4399.500  0.9914  0.9676
 4399.520  1.0067  0.9575
 4399.540  1.0191  0.9496
 4399.560  1.0263  0.9470
 4399.580  1.0281  0.9500
 4399.600  1.0257  0.9564
 4399.620  1.0217  0.9619
 4399.640  1.0187  0.9631
 4399.660  1.0185  0.9583
 4399.680  1.0213  0.9485
 4399.700  1.0263  0.9363
 4399.720  1.0318  0.9250
 4399.740  1.0360  0.9166
 4399.760  1.0381  0.9118
 4399.780  1.0381  0.9100
 4399.800  1.0371  0.9105
 4399.820  1.0363  0.9136
 4399.840  1.0368  0.9201
 4399.860  1.0389  0.9306
 4399.880  1.0419  0.9445
 4399.900  1.0446  0.9588
 4399.920  1.0460  0.9692
 4399.940  1.0451  0.9714
 4399.960  1.0418  0.9628
 4399.980  1.0366  0.9443
 4400.000  1.0305  0.9198
 4400.020  1.0244  0.8945
 4400.040  1.0195  0.8731
 4400.060  1.0159  0.8575
 4400.080  1.0131  0.8471
 4400.100  1.0102  0.8402
 4400.120  1.0062  0.8355
 4400.140  1.0010  0.8342
 4400.160  0.9954  0.8395
 4400.180  0.9911  0.8546
 4400.200  0.9899  0.8798
 4400.220  0.9930  0.9102
 4400.240  1.0002  0.9364
 4400.260  1.0102  0.9472
 4400.280  1.0209  0.9343
 4400.300  1.0300  0.8968
 4400.320  1.0347  0.8428
 4400.340  1.0331  0.7864
 4400.360  1.0245  0.7428
 4400.380  1.0107  0.7212
 4400.400  0.9959  0.7205
 4400.420  0.9853  0.7294
 4400.440 -1.0000  0.7310
 4400.460 -1.0000  0.7106
 4400.480 -1.0000  0.6631
 4400.500 -1.0000  0.5963
 4400.520 -1.0000  0.5293
 4400.540 -1.0000  0.4851
 4400.560 -1.0000  0.4820
 4400.580 -1.0000  0.5262
 4400.600 -1.0000  0.6094
 4400.620 -1.0000  0.7123
 4400.640 -1.0000  0.8115
 4400.660  1.0014  0.8881
 4400.680  1.0083  0.9333
 4400.700  1.0145  0.9492
 4400.720  1.0161  0.9456
 4400.740  1.0123  0.9343
 4400.760  1.0050  0.9236
 4400.780  0.9968  0.9163
 4400.800  0.9908  0.9104
 4400.820  0.9888  0.9025
 4400.840  0.9915  0.8915
 4400.860  0.9975  0.8796
 4400.880  1.0045  0.8718
 4400.900  1.0098  0.8726
 4400.920  1.0119  0.8828
 4400.940  1.0110  0.8988
 4400.960  1.0085  0.9140
 4400.980  1.0062  0.9219
 4401.000  1.0057  0.9196
 4401.020  1.0071  0.9100
 4401.040  1.0093  0.9000
 4401.060  1.0105  0.8971
 4401.080  1.0091  0.9057
 4401.100  1.0049  0.9237
 4401.120  0.9991  0.9433
 4401.140  0.9944  0.9545
 4401.160  0.9930  0.9496
 4401.180  0.9966  0.9273
 4401.200  1.0048  0.8937
 4401.220  1.0149  0.8603
 4401.240  1.0226  0.8390
 4401.260  1.0232  0.8374
 4401.280  1.0147  0.8559
 4401.300  0.9981  0.8875
 4401.320  0.9770  0.9218
 4401.340  0.9555  0.9488
 4401.360  0.9370  0.9635
 4401.380  0.9228  0.9662
 4401.400  0.9131  0.9621
 4401.420  0.9070  0.9570
 4401.440  0.9029  0.9547
 4401.460  0.9000  0.9554
 4401.480  0.8983  0.9559
 4401.500  0.8986  0.9527
 4401.520  0.9021  0.9441
 4401.540  0.9093  0.9320
 4401.560  0.9197  0.9212
 4401.580  0.9311  0.9167
 4401.600  0.9408  0.9214
 4401.620  0.9468  0.9337
 4401.640  0.9484  0.9482
 4401.660  0.9470  0.9581
 4401.680  0.9449  0.9581
 4401.700  0.9443  0.9474
 4401.720  0.9472  0.9299
 4401.740  0.9538  0.9129
 4401.760  0.9634  0.9038
 4401.780  0.9744  0.9069
 4401.800  0.9855  0.9217
 4401.820  0.9961  0.9433
 4401.840  1.0063  0.9643
 4401.860  1.0163  0.9780
 4401.880  1.0259  0.9811
 4401.900  1.0339  0.9740
 4401.920  1.0387  0.9606
 4401.940  1.0390  0.9457
 4401.960  1.0346  0.9333
 4401.980  1.0273  0.9251
 4402.000  1.0199  0.9208
 4402.020  1.0154  0.9189
 4402.040  1.0153  0.9183
 4402.060  1.0191  0.9188
 4402.080  1.0248  0.9207
 4402.100  1.0292  0.9244
 4402.120  1.0305  0.9290
 4402.140  1.0281  0.9321
 4402.160  1.0239  0.9301
 4402.180  1.0202  0.9198
 4402.200  1.0195  0.9000
 4402.220  1.0225  0.8724
 4402.240  1.0279  0.8417
 4402.260  1.0326  0.8142
 4402.280  1.0333  0.7963
 4402.300  1.0282  0.7923
 4402.320  1.0184  0.8032
 4402.340  1.0072  0.8269
 4402.360  0.9985  0.8588
 4402.380  0.9944  0.8934
 4402.400  0.9946  0.9257
 4402.420  0.9969  0.9522
 4402.440  0.9979  0.9712
 4402.460  0.9955  0.9828
 4402.480  0.9888  0.9880
 4402.500  0.9793  0.9885
 4402.520  0.9693  0.9857
 4402.540  0.9612  0.9812
 4402.560  0.9556  0.9758
 4402.580  0.9512  0.9706
 4402.600  0.9450  0.9659
 4402.620  0.9337  0.9624
 4402.640  0.9158  0.9603
 4402.660  0.8926  0.9599
 4402.680  0.8679  0.9613
 4402.700  0.8472  0.9643
 4402.720  0.8355  0.9680
 4402.740  0.8355  0.9717
 4402.760  0.8469  0.9742
 4402.780  0.8666  0.9749
 4402.800  0.8904  0.9735
 4402.820  0.9141  0.9707
 4402.840  0.9351  0.9678
 4402.860  0.9526  0.9659
 4402.880  0.9669  0.9660
 4402.900  0.9792  0.9679
 4402.920  0.9901  0.9706
 4402.940  0.9997  0.9729
 4402.960  1.0071  0.9735
 4402.980 -1.0000  0.9721
 4403.000 -1.0000  0.9696
 4372.000  0.0000        
 4372.020  0.0000        
 4372.040 -0.0251        
 4372.060 -0.0266        
 4372.080 -0.0286        
 4372.100 -0.0305        
 4372.120 -0.0319        
 4372.140 -0.0319        
 4372.160 -0.0299        
 4372.180 -0.0262        
 4372.200 -0.0220        
 4372.220 -0.0188        
 4372.240 -0.0181        
 4372.260 -0.0201        
 4372.280 -0.0237        
 4372.300 -0.0278        
 4372.320 -0.0311        
 4372.340 -0.0329        
 4372.360 -0.0329        
 4372.380 -0.0311        
 4372.400 -0.0279        
 4372.420 -0.0245        
 4372.440 -0.0225        
 4372.460 -0.0230        
 4372.480 -0.0261        
 4372.500 -0.0308        
 4372.520 -0.0353        
 4372.540 -0.0378        
 4372.560 -0.0375        
 4372.580 -0.0345        
 4372.600 -0.0298        
 4372.620 -0.0245        
 4372.640 -0.0196        
 4372.660 -0.0153        
 4372.680 -0.0118        
 4372.700 -0.0091        
 4372.720 -0.0069        
 4372.740 -0.0055        
 4372.760 -0.0048        
 4372.780 -0.0050        
 4372.800 -0.0064        
 4372.820 -0.0091        
 4372.840 -0.0128        
 4372.860 -0.0169        
 4372.880 -0.0208        
 4372.900 -0.0238        
 4372.920 -0.0257        
 4372.940 -0.0266        
 4372.960 -0.0269        
 4372.980 -0.0267        
 4373.000 -0.0263        
 4373.020 -0.0253        
 4373.040 -0.0233        
 4373.060 -0.0201        
 4373.080 -0.0159        
 4373.100 -0.0118        
 4373.120 -0.0090        
 4373.140 -0.0087        
 4373.160 -0.0116        
 4373.180 -0.0173        
 4373.200 -0.0244        
 4373.220 -0.0307        
 4373.240 -0.0342        
 4373.260 -0.0339        
 4373.280 -0.0298        
 4373.300 -0.0233        
 4373.320 -0.0168        
 4373.340 -0.0122        
 4373.360 -0.0111        
 4373.380 -0.0136        
 4373.400 -0.0187        
 4373.420 -0.0245        
 4373.440 -0.0291        
 4373.460 -0.0314        
 4373.480 -0.0311        
 4373.500 -0.0286        
 4373.520 -0.0253        
 4373.540 -0.0220        
 4373.560 -0.0195        
 4373.580 -0.0177        
 4373.600 -0.0164        
 4373.620 -0.0148        
 4373.640 -0.0129        
 4373.660 -0.0108        
 4373.680 -0.0091        
 4373.700 -0.0084        
 4373.720 -0.0090        
 4373.740 -0.0107        
 4373.760 -0.0127        
 4373.780 -0.0143        
 4373.800 -0.0149        
 4373.820 -0.0144        
 4373.840 -0.0131        
 4373.860 -0.0119        
 4373.880 -0.0114        
 4373.900 -0.0120        
 4373.920 -0.0133        
 4373.940 -0.0146        
 4373.960 -0.0152        
 4373.980 -0.0145        
 4374.000 -0.0126        
 4374.020 -0.0099        
 4374.040 -0.0076        
 4374.060 -0.0067        
 4374.080 -0.0077        
 4374.100 -0.0109        
 4374.120 -0.0157        
 4374.140 -0.0209        
 4374.160 -0.0251        
 4374.180 -0.0275        
 4374.200 -0.0276        
 4374.220 -0.0257        
 4374.240 -0.0231        
 4374.260 -0.0210        
 4374.280 -0.0207        
 4374.300 -0.0227        
 4374.320 -0.0267        
 4374.340 -0.0317        
 4374.360 -0.0358        
 4374.380 -0.0375        
 4374.400 -0.0362        
 4374.420 -0.0321        
 4374.440 -0.0268        
 4374.460 -0.0224        
 4374.480 -0.0207        
 4374.500 -0.0224        
 4374.520 -0.0267        
 4374.540 -0.0315        
 4374.560 -0.0338        
 4374.580 -0.0319        
 4374.600 -0.0251        
 4374.620 -0.0153        
 4374.640 -0.0056        
 4374.660  0.0003        
 4374.680 -0.0005        
 4374.700 -0.0080        
 4374.720 -0.0199        
 4374.740 -0.0324        
 4374.760 -0.0413        
 4374.780 -0.0441        
 4374.800 -0.0404        
 4374.820 -0.0323        
 4374.840 -0.0238        
 4374.860 -0.0187        
 4374.880 -0.0192        
 4374.900 -0.0245        
 4374.920 -0.0317        
 4374.940 -0.0372        
 4374.960 -0.0382        
 4374.980 -0.0342        
 4375.000 -0.0268        
 4375.020 -0.0192        
 4375.040 -0.0146        
 4375.060 -0.0146        
 4375.080 -0.0186        
 4375.100 -0.0245        
 4375.120 -0.0294        
 4375.140 -0.0312        
 4375.160 -0.0292        
 4375.180 -0.0245        
 4375.200 -0.0196        
 4375.220 -0.0170        
 4375.240 -0.0182        
 4375.260 -0.0230        
 4375.280 -0.0297        
 4375.300 -0.0360        
 4375.320 -0.0398        
 4375.340 -0.0399        
 4375.360 -0.0361        
 4375.380 -0.0296        
 4375.400 -0.0218        
 4375.420 -0.0144        
 4375.440 -0.0083        
 4375.460 -0.0043        
 4375.480 -0.0026        
 4375.500 -0.0033        
 4375.520 -0.0065        
 4375.540 -0.0119        
 4375.560 -0.0191        
 4375.580 -0.0271        
 4375.600 -0.0345        
 4375.620 -0.0386        
 4375.640 -0.0371        
 4375.660 -0.0298        
 4375.680 -0.0203        
 4375.700 -0.0136        
 4375.720 -0.0124        
 4375.740 -0.0162        
 4375.760 -0.0228        
 4375.780 -0.0301        
 4375.800 -0.0364        
 4375.820 -0.0405        
 4375.840 -0.0413        
 4375.860 -0.0387        
 4375.880 -0.0330        
 4375.900 -0.0256        
 4375.920 -0.0179        
 4375.940 -0.0120        
 4375.960 -0.0093        
 4375.980 -0.0110        
 4376.000 -0.0169        
 4376.020 -0.0256        
 4376.040 -0.0346        
 4376.060 -0.0413        
 4376.080 -0.0437        
 4376.100 -0.0415        
 4376.120 -0.0358        
 4376.140 -0.0289        
 4376.160 -0.0235        
 4376.180 -0.0218        
 4376.200 -0.0245        
 4376.220 -0.0301        
 4376.240 -0.0363        
 4376.260 -0.0403        
 4376.280 -0.0403        
 4376.300 -0.0358        
 4376.320 -0.0281        
 4376.340 -0.0200        
 4376.360 -0.0145        
 4376.380 -0.0136        
 4376.400 -0.0170        
 4376.420 -0.0221        
 4376.440 -0.0266        
 4376.460 -0.0288        
 4376.480 -0.0287        
 4376.500 -0.0275        
 4376.520 -0.0267        
 4376.540 -0.0276        
 4376.560 -0.0303        
 4376.580 -0.0339        
 4376.600 -0.0367        
 4376.620 -0.0374        
 4376.640 -0.0355        
 4376.660 -0.0317        
 4376.680 -0.0278        
 4376.700 -0.0255        
 4376.720 -0.0256        
 4376.740 -0.0279        
 4376.760 -0.0310        
 4376.780 -0.0331        
 4376.800 -0.0329        
 4376.820 -0.0301        
 4376.840 -0.0259        
 4376.860 -0.0219        
 4376.880 -0.0198        
 4376.900 -0.0203        
 4376.920 -0.0229        
 4376.940 -0.0261        
 4376.960 -0.0280        
 4376.980 -0.0271        
 4377.000 -0.0227        
 4377.020 -0.0157        
 4377.040 -0.0075        
 4377.060  0.0001        
 4377.080  0.0055        
 4377.100  0.0080        
 4377.120  0.0075        
 4377.140  0.0044        
 4377.160 -0.0002        
 4377.180 -0.0055        
 4377.200 -0.0109        
 4377.220 -0.0160        
 4377.240 -0.0211        
 4377.260 -0.0267        
 4377.280 -0.0333        
 4377.300 -0.0411        
 4377.320 -0.0495        
 4377.340 -0.0574        
 4377.360 -0.0630        
 4377.380 -0.0646        
 4377.400 -0.0608        
 4377.420 -0.0516        
 4377.440 -0.0383        
 4377.460 -0.0236        
 4377.480 -0.0107        
 4377.500 -0.0026        
 4377.520 -0.0010        
 4377.540 -0.0057        
 4377.560 -0.0151        
 4377.580 -0.0265        
 4377.600 -0.0367        
 4377.620 -0.0434        
 4377.640 -0.0453        
 4377.660 -0.0426        
 4377.680 -0.0366        
 4377.700 -0.0288        
 4377.720 -0.0202        
 4377.740 -0.0114        
 4377.760 -0.0028        
 4377.780  0.0048        
 4377.800  0.0104        
 4377.820  0.0126        
 4377.840  0.0107        
 4377.860  0.0054        
 4377.880 -0.0015        
 4377.900 -0.0083        
 4377.920 -0.0135        
 4377.940 -0.0169        
 4377.960 -0.0190        
 4377.980 -0.0208        
 4378.000 -0.0233        
 4378.020 -0.0270        
 4378.040 -0.0316        
 4378.060 -0.0361        
 4378.080 -0.0395        
 4378.100 -0.0408        
 4378.120 -0.0400        
 4378.140 -0.0378        
 4378.160 -0.0347        
 4378.180 -0.0309        
 4378.200 -0.0255        
 4378.220 -0.0164        
 4378.240 -0.0005        
 4378.260  0.0221        
 4378.280  0.0427        
 4378.300  0.0479        
 4378.320  0.0328        
 4378.340  0.0069        
 4378.360 -0.0173        
 4378.380 -0.0341        
 4378.400 -0.0431        
 4378.420 -0.0448        
 4378.440 -0.0401        
 4378.460 -0.0302        
 4378.480 -0.0177        
 4378.500 -0.0058        
 4378.520  0.0024        
 4378.540  0.0062        
 4378.560  0.0069        
 4378.580  0.0069        
 4378.600  0.0074        
 4378.620  0.0083        
 4378.640  0.0081        
 4378.660  0.0050        
 4378.680 -0.0017        
 4378.700 -0.0114        
 4378.720 -0.0217        
 4378.740 -0.0299        
 4378.760 -0.0336        
 4378.780 -0.0327        
 4378.800 -0.0286        
 4378.820 -0.0242        
 4378.840 -0.0221        
 4378.860 -0.0235        
 4378.880 -0.0273        
 4378.900 -0.0312        
 4378.920 -0.0326        
 4378.940 -0.0301        
 4378.960 -0.0245        
 4378.980 -0.0186        
 4379.000 -0.0155        
 4379.020 -0.0176        
 4379.040 -0.0246        
 4379.060 -0.0340        
 4379.080 -0.0420        
 4379.100 -0.0450        
 4379.120 -0.0414        
 4379.140 -0.0327        
 4379.160 -0.0223        
 4379.180 -0.0147        
 4379.200 -0.0129        
 4379.220 -0.0175        
 4379.240 -0.0266        
 4379.260 -0.0369        
 4379.280 -0.0446        
 4379.300 -0.0476        
 4379.320 -0.0458        
 4379.340 -0.0409        
 4379.360 -0.0353        
 4379.380 -0.0307        
 4379.400 -0.0276        
 4379.420 -0.0253        
 4379.440 -0.0231        
 4379.460 -0.0204        
 4379.480 -0.0179        
 4379.500 -0.0167        
 4379.520 -0.0181        
 4379.540 -0.0225        
 4379.560 -0.0290        
 4379.580 -0.0358        
 4379.600 -0.0407        
 4379.620 -0.0421        
 4379.640 -0.0403        
 4379.660 -0.0369        
 4379.680 -0.0341        
 4379.700 -0.0338        
 4379.720 -0.0365        
 4379.740 -0.0410        
 4379.760 -0.0451        
 4379.780 -0.0460        
 4379.800 -0.0422        
 4379.820 -0.0345        
 4379.840 -0.0254        
 4379.860 -0.0174        
 4379.880 -0.0119        
 4379.900 -0.0089        
 4379.920 -0.0077        
 4379.940 -0.0076        
 4379.960 -0.0081        
 4379.980 -0.0090        
 4380.000 -0.0105        
 4380.020 -0.0128        
 4380.040 -0.0157        
 4380.060 -0.0184        
 4380.080 -0.0196        
 4380.100 -0.0180        
 4380.120 -0.0138        
 4380.140 -0.0095        
 4380.160 -0.0091        
 4380.180 -0.0145        
 4380.200 -0.0246        
 4380.220 -0.0373        
 4380.240 -0.0503        
 4380.260 -0.0615        
 4380.280 -0.0683        
 4380.300 -0.0685        
 4380.320 -0.0626        
 4380.340 -0.0544        
 4380.360 -0.0488        
 4380.380 -0.0480        
 4380.400 -0.0510        
 4380.420 -0.0546        
 4380.440 -0.0561        
 4380.460 -0.0535        
 4380.480 -0.0463        
 4380.500 -0.0357        
 4380.520 -0.0245        
 4380.540 -0.0154        
 4380.560 -0.0104        
 4380.580 -0.0104        
 4380.600 -0.0154        
 4380.620 -0.0243        
 4380.640 -0.0343        
 4380.660 -0.0419        
 4380.680 -0.0451        
 4380.700 -0.0444        
 4380.720 -0.0415        
 4380.740 -0.0375        
 4380.760 -0.0324        
 4380.780 -0.0257        
 4380.800 -0.0173        
 4380.820 -0.0081        
 4380.840  0.0000        
 4380.860  0.0044        
 4380.880  0.0041        
 4380.900 -0.0004        
 4380.920 -0.0074        
 4380.940 -0.0147        
 4380.960 -0.0207        
 4380.980 -0.0244        
 4381.000 -0.0259        
 4381.020 -0.0259        
 4381.040 -0.0258        
 4381.060 -0.0265        
 4381.080 -0.0281        
 4381.100 -0.0302        
 4381.120 -0.0319        
 4381.140 -0.0320        
 4381.160 -0.0300        
 4381.180 -0.0262        
 4381.200 -0.0217        
 4381.220 -0.0179        
 4381.240 -0.0161        
 4381.260 -0.0167        
 4381.280 -0.0193        
 4381.300 -0.0233        
 4381.320 -0.0274        
 4381.340 -0.0306        
 4381.360 -0.0319        
 4381.380 -0.0311        
 4381.400 -0.0282        
 4381.420 -0.0239        
 4381.440 -0.0192        
 4381.460 -0.0149        
 4381.480 -0.0119        
 4381.500 -0.0107        
 4381.520 -0.0112        
 4381.540 -0.0129        
 4381.560 -0.0149        
 4381.580 -0.0162        
 4381.600 -0.0164        
 4381.620 -0.0155        
 4381.640 -0.0141        
 4381.660 -0.0133        
 4381.680 -0.0141        
 4381.700 -0.0173        
 4381.720 -0.0228        
 4381.740 -0.0300        
 4381.760 -0.0375        
 4381.780 -0.0437        
 4381.800 -0.0472        
 4381.820 -0.0470        
 4381.840 -0.0430        
 4381.860 -0.0361        
 4381.880 -0.0276        
 4381.900 -0.0191        
 4381.920 -0.0122        
 4381.940 -0.0078        
 4381.960 -0.0062        
 4381.980 -0.0070        
 4382.000 -0.0099        
 4382.020 -0.0138        
 4382.040 -0.0182        
 4382.060 -0.0225        
 4382.080 -0.0263        
 4382.100 -0.0292        
 4382.120 -0.0311        
 4382.140 -0.0316        
 4382.160 -0.0305        
 4382.180 -0.0278        
 4382.200 -0.0241        
 4382.220 -0.0204        
 4382.240 -0.0179        
 4382.260 -0.0177        
 4382.280 -0.0203        
 4382.300 -0.0252        
 4382.320 -0.0313        
 4382.340 -0.0370        
 4382.360 -0.0410        
 4382.380 -0.0425        
 4382.400 -0.0419        
 4382.420 -0.0400        
 4382.440 -0.0383        
 4382.460 -0.0380        
 4382.480 -0.0391        
 4382.500 -0.0409        
 4382.520 -0.0419        
 4382.540 -0.0408        
 4382.560 -0.0370        
 4382.580 -0.0311        
 4382.600 -0.0249        
 4382.620 -0.0204        
 4382.640 -0.0191        
 4382.660 -0.0213        
 4382.680 -0.0260        
 4382.700 -0.0313        
 4382.720 -0.0351        
 4382.740 -0.0361        
 4382.760 -0.0346        
 4382.780 -0.0317        
 4382.800 -0.0293        
 4382.820 -0.0289        
 4382.840 -0.0309        
 4382.860 -0.0348        
 4382.880 -0.0385        
 4382.900 -0.0401        
 4382.920 -0.0380        
 4382.940 -0.0325        
 4382.960 -0.0256        
 4382.980 -0.0203        
 4383.000 -0.0186        
 4383.020 -0.0210        
 4383.040 -0.0263        
 4383.060 -0.0329        
 4383.080 -0.0386        
 4383.100 -0.0417        
 4383.120 -0.0413        
 4383.140 -0.0374        
 4383.160 -0.0310        
 4383.180 -0.0237        
 4383.200 -0.0168        
 4383.220 -0.0116        
 4383.240 -0.0082        
 4383.260 -0.0069        
 4383.280 -0.0074        
 4383.300 -0.0095        
 4383.320 -0.0123        
 4383.340 -0.0151        
 4383.360 -0.0169        
 4383.380 -0.0170        
 4383.400 -0.0151        
 4383.420 -0.0116        
 4383.440 -0.0075        
 4383.460 -0.0041        
 4383.480 -0.0029        
 4383.500 -0.0046        
 4383.520 -0.0094        
 4383.540 -0.0166        
 4383.560 -0.0249        
 4383.580 -0.0329        
 4383.600 -0.0394        
 4383.620 -0.0437        
 4383.640 -0.0451        
 4383.660 -0.0436        
 4383.680 -0.0395        
 4383.700 -0.0332        
 4383.720 -0.0258        
 4383.740 -0.0182        
 4383.760 -0.0118        
 4383.780 -0.0076        
 4383.800 -0.0063        
 4383.820 -0.0079        
 4383.840 -0.0115        
 4383.860 -0.0155        
 4383.880 -0.0185        
 4383.900 -0.0194        
 4383.920 -0.0179        
 4383.940 -0.0148        
 4383.960 -0.0111        
 4383.980 -0.0084        
 4384.000 -0.0073        
 4384.020 -0.0079        
 4384.040 -0.0095        
 4384.060 -0.0110        
 4384.080 -0.0115        
 4384.100 -0.0110        
 4384.120 -0.0097        
 4384.140 -0.0088        
 4384.160 -0.0091        
 4384.180 -0.0112        
 4384.200 -0.0147        
 4384.220 -0.0190        
 4384.240 -0.0232        
 4384.260 -0.0267        
 4384.280 -0.0295        
 4384.300 -0.0320        
 4384.320 -0.0354        
 4384.340 -0.0403        
 4384.360 -0.0457        
 4384.380 -0.0488        
 4384.400 -0.0474        
 4384.420 -0.0423        
 4384.440 -0.0353        
 4384.460 -0.0278        
 4384.480 -0.0203        
 4384.500 -0.0130        
 4384.520 -0.0063        
 4384.540 -0.0009        
 4384.560  0.0024        
 4384.580  0.0029        
 4384.600  0.0004        
 4384.620 -0.0049        
 4384.640 -0.0118        
 4384.660 -0.0192        
 4384.680 -0.0258        
 4384.700 -0.0309        
 4384.720 -0.0339        
 4384.740 -0.0345        
 4384.760 -0.0328        
 4384.780 -0.0290        
 4384.800 -0.0238        
 4384.820 -0.0181        
 4384.840 -0.0128        
 4384.860 -0.0086        
 4384.880 -0.0054        
 4384.900 -0.0032        
 4384.920 -0.0016        
 4384.940 -0.0005        
 4384.960 -0.0001        
 4384.980 -0.0005        
 4385.000 -0.0016        
 4385.020 -0.0036        
 4385.040 -0.0060        
 4385.060 -0.0088        
 4385.080 -0.0120        
 4385.100 -0.0158        
 4385.120 -0.0204        
 4385.140 -0.0256        
 4385.160 -0.0308        
 4385.180 -0.0351        
 4385.200 -0.0373        
 4385.220 -0.0369        
 4385.240 -0.0340        
 4385.260 -0.0297        
 4385.280 -0.0253        
 4385.300 -0.0220        
 4385.320 -0.0206        
 4385.340 -0.0209        
 4385.360 -0.0220        
 4385.380 -0.0221        
 4385.400 -0.0202        
 4385.420 -0.0159        
 4385.440 -0.0101        
 4385.460 -0.0044        
 4385.480 -0.0003        
 4385.500  0.0012        
 4385.520  0.0002        
 4385.540 -0.0027        
 4385.560 -0.0064        
 4385.580 -0.0096        
 4385.600 -0.0117        
 4385.620 -0.0129        
 4385.640 -0.0143        
 4385.660 -0.0168        
 4385.680 -0.0211        
 4385.700 -0.0269        
 4385.720 -0.0331        
 4385.740 -0.0381        
 4385.760 -0.0404        
 4385.780 -0.0391        
 4385.800 -0.0346        
 4385.820 -0.0284        
 4385.840 -0.0222        
 4385.860 -0.0176        
 4385.880 -0.0154        
 4385.900 -0.0156        
 4385.920 -0.0174        
 4385.940 -0.0196        
 4385.960 -0.0212        
 4385.980 -0.0221        
 4386.000 -0.0223        
 4386.020 -0.0224        
 4386.040 -0.0226        
 4386.060 -0.0232        
 4386.080 -0.0236        
 4386.100 -0.0234        
 4386.120 -0.0222        
 4386.140 -0.0201        
 4386.160 -0.0180        
 4386.180 -0.0169        
 4386.200 -0.0177        
 4386.220 -0.0209        
 4386.240 -0.0260        
 4386.260 -0.0314        
 4386.280 -0.0353        
 4386.300 -0.0362        
 4386.320 -0.0335        
 4386.340 -0.0279        
 4386.360 -0.0210        
 4386.380 -0.0149        
 4386.400 -0.0116        
 4386.420 -0.0119        
 4386.440 -0.0153        
 4386.460 -0.0204        
 4386.480 -0.0250        
 4386.500 -0.0272        
 4386.520 -0.0263        
 4386.540 -0.0226        
 4386.560 -0.0173        
 4386.580 -0.0124        
 4386.600 -0.0096        
 4386.620 -0.0097        
 4386.640 -0.0125        
 4386.660 -0.0169        
 4386.680 -0.0211        
 4386.700 -0.0239        
 4386.720 -0.0245        
 4386.740 -0.0229        
 4386.760 -0.0200        
 4386.780 -0.0168        
 4386.800 -0.0141        
 4386.820 -0.0126        
 4386.840 -0.0122        
 4386.860 -0.0125        
 4386.880 -0.0130        
 4386.900 -0.0136        
 4386.920 -0.0142        
 4386.940 -0.0152        
 4386.960 -0.0169        
 4386.980 -0.0193        
 4387.000 -0.0221        
 4387.020 -0.0250        
 4387.040 -0.0271        
 4387.060 -0.0280        
 4387.080 -0.0276        
 4387.100 -0.0261        
 4387.120 -0.0242        
 4387.140 -0.0223        
 4387.160 -0.0209        
 4387.180 -0.0201        
 4387.200 -0.0193        
 4387.220 -0.0183        
 4387.240 -0.0167        
 4387.260 -0.0146        
 4387.280 -0.0123        
 4387.300 -0.0106        
 4387.320 -0.0101        
 4387.340 -0.0113        
 4387.360 -0.0141        
 4387.380 -0.0180        
 4387.400 -0.0221        
 4387.420 -0.0256        
 4387.440 -0.0277        
 4387.460 -0.0283        
 4387.480 -0.0275        
 4387.500 -0.0257        
 4387.520 -0.0237        
 4387.540 -0.0219        
 4387.560 -0.0208        
 4387.580 -0.0206        
 4387.600 -0.0214        
 4387.620 -0.0232        
 4387.640 -0.0261        
 4387.660 -0.0297        
 4387.680 -0.0338        
 4387.700 -0.0378        
 4387.720 -0.0411        
 4387.740 -0.0430        
 4387.760 -0.0432        
 4387.780 -0.0414        
 4387.800 -0.0379        
 4387.820 -0.0335        
 4387.840 -0.0289        
 4387.860 -0.0251        
 4387.880 -0.0229        
 4387.900 -0.0226        
 4387.920 -0.0241        
 4387.940 -0.0267        
 4387.960 -0.0296        
 4387.980 -0.0319        
 4388.000 -0.0327        
 4388.020 -0.0315        
 4388.040 -0.0282        
 4388.060 -0.0234        
 4388.080 -0.0179        
 4388.100 -0.0129        
 4388.120 -0.0091        
 4388.140 -0.0073        
 4388.160 -0.0075        
 4388.180 -0.0093        
 4388.200 -0.0119        
 4388.220 -0.0143        
 4388.240 -0.0157        
 4388.260 -0.0161        
 4388.280 -0.0163        
 4388.300 -0.0174        
 4388.320 -0.0204        
 4388.340 -0.0255        
 4388.360 -0.0323        
 4388.380 -0.0395        
 4388.400 -0.0456        
 4388.420 -0.0490        
 4388.440 -0.0489        
 4388.460 -0.0456        
 4388.480 -0.0405        
 4388.500 -0.0355        
 4388.520 -0.0326        
 4388.540 -0.0326        
 4388.560 -0.0355        
 4388.580 -0.0401        
 4388.600 -0.0445        
 4388.620 -0.0471        
 4388.640 -0.0466        
 4388.660 -0.0429        
 4388.680 -0.0367        
 4388.700 -0.0296        
 4388.720 -0.0231        
 4388.740 -0.0183        
 4388.760 -0.0157        
 4388.780 -0.0150        
 4388.800 -0.0156        
 4388.820 -0.0165        
 4388.840 -0.0169        
 4388.860 -0.0163        
 4388.880 -0.0145        
 4388.900 -0.0117        
 4388.920 -0.0083        
 4388.940 -0.0052        
 4388.960 -0.0033        
 4388.980 -0.0035        
 4389.000 -0.0062        
 4389.020 -0.0113        
 4389.040 -0.0178        
 4389.060 -0.0243        
 4389.080 -0.0291        
 4389.100 -0.0308        
 4389.120 -0.0289        
 4389.140 -0.0237        
 4389.160 -0.0172        
 4389.180 -0.0117        
 4389.200 -0.0097        
 4389.220 -0.0124        
 4389.240 -0.0196        
 4389.260 -0.0295        
 4389.280 -0.0391        
 4389.300 -0.0460        
 4389.320 -0.0486        
 4389.340 -0.0467        
 4389.360 -0.0413        
 4389.380 -0.0343        
 4389.400 -0.0278        
 4389.420 -0.0232        
 4389.440 -0.0216        
 4389.460 -0.0223        
 4389.480 -0.0239        
 4389.500 -0.0248        
 4389.520 -0.0242        
 4389.540 -0.0225        
 4389.560 -0.0208        
 4389.580 -0.0205        
 4389.600 -0.0226        
 4389.620 -0.0274        
 4389.640 -0.0342        
 4389.660 -0.0414        
 4389.680 -0.0468        
 4389.700 -0.0487        
 4389.720 -0.0466        
 4389.740 -0.0412        
 4389.760 -0.0343        
 4389.780 -0.0278        
 4389.800 -0.0234        
 4389.820 -0.0220        
 4389.840 -0.0237        
 4389.860 -0.0277        
 4389.880 -0.0323        
 4389.900 -0.0358        
 4389.920 -0.0371        
 4389.940 -0.0358        
 4389.960 -0.0322        
 4389.980 -0.0275        
 4390.000 -0.0228        
 4390.020 -0.0194        
 4390.040 -0.0176        
 4390.060 -0.0173        
 4390.080 -0.0180        
 4390.100 -0.0188        
 4390.120 -0.0192        
 4390.140 -0.0190        
 4390.160 -0.0187        
 4390.180 -0.0189        
 4390.200 -0.0206        
 4390.220 -0.0243        
 4390.240 -0.0301        
 4390.260 -0.0372        
 4390.280 -0.0445        
 4390.300 -0.0505        
 4390.320 -0.0538        
 4390.340 -0.0536        
 4390.360 -0.0500        
 4390.380 -0.0439        
 4390.400 -0.0369        
 4390.420 -0.0306        
 4390.440 -0.0265        
 4390.460 -0.0252        
 4390.480 -0.0271        
 4390.500 -0.0316        
 4390.520 -0.0377        
 4390.540 -0.0440        
 4390.560 -0.0492        
 4390.580 -0.0524        
 4390.600 -0.0527        
 4390.620 -0.0502        
 4390.640 -0.0450        
 4390.660 -0.0383        
 4390.680 -0.0314        
 4390.700 -0.0256        
 4390.720 -0.0223        
 4390.740 -0.0224        
 4390.760 -0.0260        
 4390.780 -0.0321        
 4390.800 -0.0390        
 4390.820 -0.0445        
 4390.840 -0.0468        
 4390.860 -0.0447        
 4390.880 -0.0387        
 4390.900 -0.0305        
 4390.920 -0.0227        
 4390.940 -0.0178        
 4390.960 -0.0171        
 4390.980 -0.0205        
 4391.000 -0.0265        
 4391.020 -0.0330        
 4391.040 -0.0379        
 4391.060 -0.0399        
 4391.080 -0.0388        
 4391.100 -0.0357        
 4391.120 -0.0327        
 4391.140 -0.0316        
 4391.160 -0.0334        
 4391.180 -0.0378        
 4391.200 -0.0438        
 4391.220 -0.0501        
 4391.240 -0.0549        
 4391.260 -0.0567        
 4391.280 -0.0543        
 4391.300 -0.0483        
 4391.320 -0.0411        
 4391.340 -0.0355        
 4391.360 -0.0322        
 4391.380 -0.0303        
 4391.400 -0.0281        
 4391.420 -0.0247        
 4391.440 -0.0199        
 4391.460 -0.0142        
 4391.480 -0.0088        
 4391.500 -0.0051        
 4391.520 -0.0042        
 4391.540 -0.0063        
 4391.560 -0.0110        
 4391.580 -0.0171        
 4391.600 -0.0234        
 4391.620 -0.0289        
 4391.640 -0.0330        
 4391.660 -0.0356        
 4391.680 -0.0369        
 4391.700 -0.0374        
 4391.720 -0.0376        
 4391.740 -0.0381        
 4391.760 -0.0391        
 4391.780 -0.0409        
 4391.800 -0.0433        
 4391.820 -0.0459        
 4391.840 -0.0483        
 4391.860 -0.0501        
 4391.880 -0.0511        
 4391.900 -0.0513        
 4391.920 -0.0509        
 4391.940 -0.0498        
 4391.960 -0.0480        
 4391.980 -0.0455        
 4392.000 -0.0424        
 4392.020 -0.0388        
 4392.040 -0.0351        
 4392.060 -0.0317        
 4392.080 -0.0291        
 4392.100 -0.0277        
 4392.120 -0.0274        
 4392.140 -0.0283        
 4392.160 -0.0298        
 4392.180 -0.0314        
 4392.200 -0.0329        
 4392.220 -0.0343        
 4392.240 -0.0361        
 4392.260 -0.0387        
 4392.280 -0.0423        
 4392.300 -0.0463        
 4392.320 -0.0495        
 4392.340 -0.0500        
 4392.360 -0.0466        
 4392.380 -0.0391        
 4392.400 -0.0284        
 4392.420 -0.0169        
 4392.440 -0.0074        
 4392.460 -0.0025        
 4392.480 -0.0035        
 4392.500 -0.0103        
 4392.520 -0.0211        
 4392.540 -0.0330        
 4392.560 -0.0431        
 4392.580 -0.0491        
 4392.600 -0.0497        
 4392.620 -0.0453        
 4392.640 -0.0381        
 4392.660 -0.0311        
 4392.680 -0.0273        
 4392.700 -0.0276        
 4392.720 -0.0308        
 4392.740 -0.0346        
 4392.760 -0.0374        
 4392.780 -0.0384        
 4392.800 -0.0378        
 4392.820 -0.0360        
 4392.840 -0.0337        
 4392.860 -0.0311        
 4392.880 -0.0286        
 4392.900 -0.0263        
 4392.920 -0.0244        
 4392.940 -0.0234        
 4392.960 -0.0239        
 4392.980 -0.0261        
 4393.000 -0.0298        
 4393.020 -0.0345        
 4393.040 -0.0391        
 4393.060 -0.0428        
 4393.080 -0.0451        
 4393.100 -0.0459        
 4393.120 -0.0456        
 4393.140 -0.0445        
 4393.160 -0.0430        
 4393.180 -0.0411        
 4393.200 -0.0385        
 4393.220 -0.0350        
 4393.240 -0.0308        
 4393.260 -0.0265        
 4393.280 -0.0230        
 4393.300 -0.0216        
 4393.320 -0.0227        
 4393.340 -0.0264        
 4393.360 -0.0314        
 4393.380 -0.0361        
 4393.400 -0.0390        
 4393.420 -0.0389        
 4393.440 -0.0357        
 4393.460 -0.0301        
 4393.480 -0.0237        
 4393.500 -0.0179        
 4393.520 -0.0140        
 4393.540 -0.0121        
 4393.560 -0.0118        
 4393.580 -0.0127        
 4393.600 -0.0141        
 4393.620 -0.0160        
 4393.640 -0.0185        
 4393.660 -0.0218        
 4393.680 -0.0254        
 4393.700 -0.0286        
 4393.720 -0.0306        
 4393.740 -0.0308        
 4393.760 -0.0291        
 4393.780 -0.0262        
 4393.800 -0.0228        
 4393.820 -0.0200        
 4393.840 -0.0189        
 4393.860 -0.0199        
 4393.880 -0.0224        
 4393.900 -0.0246        
 4393.920 -0.0256        
 4393.940 -0.0257        
 4393.960 -0.0261        
 4393.980 -0.0279        
 4394.000 -0.0312        
 4394.020 -0.0355        
 4394.040 -0.0397        
 4394.060 -0.0421        
 4394.080 -0.0411        
 4394.100 -0.0361        
 4394.120 -0.0280        
 4394.140 -0.0189        
 4394.160 -0.0106        
 4394.180 -0.0047        
 4394.200 -0.0019        
 4394.220 -0.0022        
 4394.240 -0.0057        
 4394.260 -0.0119        
 4394.280 -0.0201        
 4394.300 -0.0288        
 4394.320 -0.0365        
 4394.340 -0.0419        
 4394.360 -0.0447        
 4394.380 -0.0450        
 4394.400 -0.0427        
 4394.420 -0.0381        
 4394.440 -0.0314        
 4394.460 -0.0237        
 4394.480 -0.0168        
 4394.500 -0.0124        
 4394.520 -0.0120        
 4394.540 -0.0155        
 4394.560 -0.0213        
 4394.580 -0.0270        
 4394.600 -0.0302        
 4394.620 -0.0293        
 4394.640 -0.0241        
 4394.660 -0.0158        
 4394.680 -0.0076        
 4394.700 -0.0044        
 4394.720 -0.0108        
 4394.740 -0.0262        
 4394.760 -0.0443        
 4394.780 -0.0571        
 4394.800 -0.0612        
 4394.820 -0.0584        
 4394.840 -0.0523        
 4394.860 -0.0459        
 4394.880 -0.0412        
 4394.900 -0.0390        
 4394.920 -0.0387        
 4394.940 -0.0389        
 4394.960 -0.0381        
 4394.980 -0.0351        
 4395.000 -0.0301        
 4395.020 -0.0243        
 4395.040 -0.0195        
 4395.060 -0.0172        
 4395.080 -0.0178        
 4395.100 -0.0206        
 4395.120 -0.0238        
 4395.140 -0.0251        
 4395.160 -0.0231        
 4395.180 -0.0177        
 4395.200 -0.0103        
 4395.220 -0.0033        
 4395.240  0.0012        
 4395.260  0.0022        
 4395.280  0.0000        
 4395.300 -0.0036        
 4395.320 -0.0066        
 4395.340 -0.0075        
 4395.360 -0.0059        
 4395.380 -0.0029        
 4395.400 -0.0002        
 4395.420  0.0003        
 4395.440 -0.0023        
 4395.460 -0.0075        
 4395.480 -0.0141        
 4395.500 -0.0204        
 4395.520 -0.0248        
 4395.540 -0.0269        
 4395.560 -0.0269        
 4395.580 -0.0254        
 4395.600 -0.0236        
 4395.620 -0.0221        
 4395.640 -0.0209        
 4395.660 -0.0199        
 4395.680 -0.0188        
 4395.700 -0.0173        
 4395.720 -0.0159        
 4395.740 -0.0150        
 4395.760 -0.0150        
 4395.780 -0.0160        
 4395.800 -0.0172        
 4395.820 -0.0180        
 4395.840 -0.0175        
 4395.860 -0.0154        
 4395.880 -0.0120        
 4395.900 -0.0083        
 4395.920 -0.0057        
 4395.940 -0.0054        
 4395.960 -0.0083        
 4395.980 -0.0146        
 4396.000 -0.0230        
 4396.020 -0.0314        
 4396.040 -0.0377        
 4396.060 -0.0405        
 4396.080 -0.0400        
 4396.100 -0.0370        
 4396.120 -0.0326        
 4396.140 -0.0277        
 4396.160 -0.0229        
 4396.180 -0.0189        
 4396.200 -0.0161        
 4396.220 -0.0151        
 4396.240 -0.0159        
 4396.260 -0.0181        
 4396.280 -0.0208        
 4396.300 -0.0228        
 4396.320 -0.0234        
 4396.340 -0.0223        
 4396.360 -0.0198        
 4396.380 -0.0171        
 4396.400 -0.0151        
 4396.420 -0.0147        
 4396.440 -0.0156        
 4396.460 -0.0174        
 4396.480 -0.0189        
 4396.500 -0.0194        
 4396.520 -0.0187        
 4396.540 -0.0171        
 4396.560 -0.0156        
 4396.580 -0.0148        
 4396.600 -0.0148        
 4396.620 -0.0151        
 4396.640 -0.0145        
 4396.660 -0.0124        
 4396.680 -0.0085        
 4396.700 -0.0035        
 4396.720  0.0010        
 4396.740  0.0037        
 4396.760  0.0039        
 4396.780  0.0017        
 4396.800 -0.0014        
 4396.820 -0.0041        
 4396.840 -0.0054        
 4396.860 -0.0053        
 4396.880 -0.0051        
 4396.900 -0.0066        
 4396.920 -0.0111        
 4396.940 -0.0182        
 4396.960 -0.0262        
 4396.980 -0.0323        
 4397.000 -0.0339        
 4397.020 -0.0298        
 4397.040 -0.0205        
 4397.060 -0.0088        
 4397.080  0.0018        
 4397.100  0.0079        
 4397.120  0.0084        
 4397.140  0.0039        
 4397.160 -0.0030        
 4397.180 -0.0093        
 4397.200 -0.0131        
 4397.220 -0.0138        
 4397.240 -0.0126        
 4397.260 -0.0116        
 4397.280 -0.0124        
 4397.300 -0.0156        
 4397.320 -0.0199        
 4397.340 -0.0234        
 4397.360 -0.0240        
 4397.380 -0.0211        
 4397.400 -0.0156        
 4397.420 -0.0099        
 4397.440 -0.0065        
 4397.460 -0.0069        
 4397.480 -0.0108        
 4397.500 -0.0163        
 4397.520 -0.0206        
 4397.540 -0.0217        
 4397.560 -0.0190        
 4397.580 -0.0139        
 4397.600 -0.0094        
 4397.620 -0.0081        
 4397.640 -0.0117        
 4397.660 -0.0196        
 4397.680 -0.0293        
 4397.700 -0.0374        
 4397.720 -0.0408        
 4397.740 -0.0381        
 4397.760 -0.0305        
 4397.780 -0.0205        
 4397.800 -0.0117        
 4397.820 -0.0068        
 4397.840 -0.0068        
 4397.860 -0.0107        
 4397.880 -0.0162        
 4397.900 -0.0206        
 4397.920 -0.0218        
 4397.940 -0.0191        
 4397.960 -0.0133        
 4397.980 -0.0063        
 4398.000 -0.0004        
 4398.020  0.0026        
 4398.040  0.0022        
 4398.060 -0.0012        
 4398.080 -0.0064        
 4398.100 -0.0120        
 4398.120 -0.0167        
 4398.140 -0.0200        
 4398.160 -0.0213        
 4398.180 -0.0206        
 4398.200 -0.0180        
 4398.220 -0.0139        
 4398.240 -0.0088        
 4398.260 -0.0035        
 4398.280  0.0013        
 4398.300  0.0044        
 4398.320  0.0051        
 4398.340  0.0028        
 4398.360 -0.0021        
 4398.380 -0.0087        
 4398.400 -0.0155        
 4398.420 -0.0212        
 4398.440 -0.0255        
 4398.460 -0.0283        
 4398.480 -0.0300        
 4398.500 -0.0308        
 4398.520 -0.0309        
 4398.540 -0.0305        
 4398.560 -0.0298        
 4398.580 -0.0292        
 4398.600 -0.0287        
 4398.620 -0.0282        
 4398.640 -0.0275        
 4398.660 -0.0262        
 4398.680 -0.0240        
 4398.700 -0.0206        
 4398.720 -0.0166        
 4398.740 -0.0126        
 4398.760 -0.0097        
 4398.780 -0.0084        
 4398.800 -0.0091        
 4398.820 -0.0116        
 4398.840 -0.0152        
 4398.860 -0.0190        
 4398.880 -0.0224        
 4398.900 -0.0247        
 4398.920 -0.0259        
 4398.940 -0.0261        
 4398.960 -0.0257        
 4398.980 -0.0251        
 4399.000 -0.0246        
 4399.020 -0.0242        
 4399.040 -0.0237        
 4399.060 -0.0231        
 4399.080 -0.0219        
 4399.100 -0.0202        
 4399.120 -0.0178        
 4399.140 -0.0150        
 4399.160 -0.0124        
 4399.180 -0.0107        
 4399.200 -0.0110        
 4399.220 -0.0141        
 4399.240 -0.0201        
 4399.260 -0.0285        
 4399.280 -0.0376        
 4399.300 -0.0454        
 4399.320 -0.0496        
 4399.340 -0.0488        
 4399.360 -0.0429        
 4399.380 -0.0333        
 4399.400 -0.0229        
 4399.420 -0.0145        
 4399.440 -0.0105        
 4399.460 -0.0112        
 4399.480 -0.0152        
 4399.500 -0.0201        
 4399.520 -0.0229        
 4399.540 -0.0217        
 4399.560 -0.0163        
 4399.580 -0.0086        
 4399.600 -0.0015        
 4399.620  0.0021        
 4399.640  0.0007        
 4399.660 -0.0056        
 4399.680 -0.0149        
 4399.700 -0.0244        
 4399.720 -0.0315        
 4399.740 -0.0347        
 4399.760 -0.0338        
 4399.780 -0.0305        
 4399.800 -0.0267        
 4399.820 -0.0241        
 4399.840 -0.0234        
 4399.860 -0.0243        
 4399.880 -0.0256        
 4399.900 -0.0267        
 4399.920 -0.0271        
 4399.940 -0.0270        
 4399.960 -0.0271        
 4399.980 -0.0277        
 4400.000 -0.0287        
 4400.020 -0.0296        
 4400.040 -0.0297        
 4400.060 -0.0286        
 4400.080 -0.0264        
 4400.100 -0.0241        
 4400.120 -0.0228        
 4400.140 -0.0232        
 4400.160 -0.0250        
 4400.180 -0.0272        
 4400.200 -0.0284        
 4400.220 -0.0276        
 4400.240 -0.0249        
 4400.260 -0.0211        
 4400.280 -0.0179        
 4400.300 -0.0163        
 4400.320 -0.0172        
 4400.340 -0.0199        
 4400.360 -0.0225        
 4400.380 -0.0224        
 4400.400 -0.0178        
 4400.420 -0.0089        
 4400.440  0.0024        
 4400.460  0.0133        
 4400.480  0.0209        
 4400.500  0.0225        
 4400.520  0.0163        
 4400.540  0.0034        
 4400.560 -0.0118        
 4400.580 -0.0234        
 4400.600 -0.0283        
 4400.620 -0.0275        
 4400.640 -0.0243        
 4400.660 -0.0211        
 4400.680 -0.0194        
 4400.700 -0.0193        
 4400.720 -0.0204        
 4400.740 -0.0219        
 4400.760 -0.0231        
 4400.780 -0.0237        
 4400.800 -0.0238        
 4400.820 -0.0238        
 4400.840 -0.0240        
 4400.860 -0.0244        
 4400.880 -0.0248        
 4400.900 -0.0249        
 4400.920 -0.0248        
 4400.940 -0.0248        
 4400.960 -0.0253        
 4400.980 -0.0266        
 4401.000 -0.0282        
 4401.020 -0.0293        
 4401.040 -0.0286        
 4401.060 -0.0254        
 4401.080 -0.0198        
 4401.100 -0.0130        
 4401.120 -0.0071        
 4401.140 -0.0040        
 4401.160 -0.0048        
 4401.180 -0.0097        
 4401.200 -0.0179        
 4401.220 -0.0275        
 4401.240 -0.0362        
 4401.260 -0.0423        
 4401.280 -0.0450        
 4401.300 -0.0453        
 4401.320 -0.0446        
 4401.340 -0.0441        
 4401.360 -0.0441        
 4401.380 -0.0442        
 4401.400 -0.0433        
 4401.420 -0.0408        
 4401.440 -0.0364        
 4401.460 -0.0309        
 4401.480 -0.0253        
 4401.500 -0.0209        
 4401.520 -0.0181        
 4401.540 -0.0170        
 4401.560 -0.0171        
 4401.580 -0.0175        
 4401.600 -0.0179        
 4401.620 -0.0182        
 4401.640 -0.0186        
 4401.660 -0.0196        
 4401.680 -0.0213        
 4401.700 -0.0237        
 4401.720 -0.0262        
 4401.740 -0.0281        
 4401.760 -0.0289        
 4401.780 -0.0282        
 4401.800 -0.0263        
 4401.820 -0.0233        
 4401.840 -0.0197        
 4401.860 -0.0157        
 4401.880 -0.0117        
 4401.900 -0.0082        
 4401.920 -0.0060        
 4401.940 -0.0062        
 4401.960 -0.0094        
 4401.980 -0.0156        
 4402.000 -0.0237        
 4402.020 -0.0321        
 4402.040 -0.0387        
 4402.060 -0.0422        
 4402.080 -0.0423        
 4402.100 -0.0400        
 4402.120 -0.0371        
 4402.140 -0.0355        
 4402.160 -0.0364        
 4402.180 -0.0396        
 4402.200 -0.0439        
 4402.220 -0.0475        
 4402.240 -0.0486        
 4402.260 -0.0465        
 4402.280 -0.0419        
 4402.300 -0.0367        
 4402.320 -0.0331        
 4402.340 -0.0324        
 4402.360 -0.0346        
 4402.380 -0.0382        
 4402.400 -0.0414        
 4402.420 -0.0429        
 4402.440 -0.0422        
 4402.460 -0.0396        
 4402.480 -0.0361        
 4402.500 -0.0329        
 4402.520 -0.0306        
 4402.540 -0.0295        
 4402.560 -0.0294        
 4402.580 -0.0297        
 4402.600 -0.0301        
 4402.620 -0.0303        
 4402.640 -0.0303        
 4402.660 -0.0300        
 4402.680 -0.0292        
 4402.700 -0.0277        
 4402.720 -0.0252        
 4402.740 -0.0221        
 4402.760 -0.0189        
 4402.780 -0.0167        
 4402.800 -0.0163        
 4402.820 -0.0181        
 4402.840 -0.0217        
 4402.860 -0.0260        
 4402.880 -0.0295        
 4402.900 -0.0311        
 4402.920 -0.0304        
 4402.940 -0.0280        
 4402.960 -0.0251        
 4402.980  0.0000        
 4403.000  0.0000        
