           1.0400  1.0000
          -0.1300  0.0000
 4422.000  0.9081  0.9450
 4422.020  0.9090  0.9052
 4422.040  0.8506  0.8992
 4422.060  0.7954  0.9015
 4422.080  0.7422  0.8883
 4422.100  0.7046  0.8522
 4422.120  0.6843  0.8061
 4422.140  0.6736  0.7662
 4422.160  0.6695  0.7767
 4422.180  0.6832  0.8107
 4422.200  0.7185  0.8009
 4422.220  0.7585  0.8364
 4422.240  0.7933  0.9126
 4422.260  0.8300  0.9427
 4422.280  0.8712  0.9488
 4422.300  0.9108  0.9430
 4422.320  0.9443  0.9412
 4422.340  0.9711  0.9409
 4422.360  0.9911  0.9484
 4422.380  1.0042  0.9585
 4422.400  1.0111  0.9673
 4422.420  1.0138  0.9658
 4422.440  1.0146  0.9564
 4422.460  1.0162  0.9390
 4422.480  1.0194  0.9240
 4422.500  1.0231  0.9183
 4422.520  1.0240  0.9226
 4422.540  1.0204  0.9289
 4422.560  1.0151  0.9205
 4422.580 -1.0000  0.8806
 4422.600 -1.0000  0.8030
 4422.620 -1.0000  0.6946
 4422.640 -1.0000  0.5677
 4422.660 -1.0000  0.4533
 4422.680 -1.0000  0.3959
 4422.700 -1.0000  0.4291
 4422.720 -1.0000  0.5197
 4422.740 -1.0000  0.6374
 4422.760 -1.0000  0.7470
 4422.780 -1.0000  0.8294
 4422.800  1.0091  0.8752
 4422.820  1.0191  0.8882
 4422.840  1.0286  0.8826
 4422.860  1.0316  0.8761
 4422.880  1.0272  0.8814
 4422.900  1.0183  0.9003
 4422.920  1.0094  0.9247
 4422.940  1.0044  0.9406
 4422.960  1.0052  0.9363
 4422.980  1.0107  0.9085
 4423.000  1.0175  0.8647
 4423.020  1.0216  0.8202
 4423.040  1.0199  0.7918
 4423.060  1.0129  0.7901
 4423.080  1.0042  0.8148
 4423.100  0.9987  0.8555
 4423.120  0.9995  0.8966
 4423.140  1.0070  0.9239
 4423.160  1.0189  0.9311
 4423.180  1.0314  0.9215
 4423.200  1.0402  0.9054
 4423.220  1.0425  0.8951
 4423.240  1.0380  0.8986
 4423.260  1.0290  0.9164
 4423.280  1.0193  0.9422
 4423.300  1.0121  0.9662
 4423.320  1.0086  0.9802
 4423.340  1.0085  0.9813
 4423.360  1.0103  0.9728
 4423.380  1.0119  0.9617
 4423.400  1.0124  0.9551
 4423.420  1.0114  0.9563
 4423.440  1.0095  0.9638
 4423.460  1.0079  0.9720
 4423.480  1.0072  0.9750
 4423.500  1.0078  0.9693
 4423.520  1.0097  0.9555
 4423.540  1.0128  0.9386
 4423.560  1.0171  0.9250
 4423.580  1.0226  0.9199
 4423.600  1.0293  0.9248
 4423.620  1.0366  0.9373
 4423.640  1.0437  0.9521
 4423.660  1.0495  0.9639
 4423.680  1.0528  0.9696
 4423.700  1.0530  0.9689
 4423.720  1.0500  0.9645
 4423.740  1.0440  0.9600
 4423.760  1.0358  0.9585
 4423.780  1.0261  0.9606
 4423.800  1.0152  0.9648
 4423.820  1.0032  0.9682
 4423.840  0.9905  0.9681
 4423.860  0.9776  0.9629
 4423.880  0.9661  0.9535
 4423.900  0.9577  0.9424
 4423.920  0.9537  0.9332
 4423.940  0.9547  0.9291
 4423.960  0.9595  0.9315
 4423.980  0.9658  0.9396
 4424.000  0.9710  0.9504
 4424.020  0.9734  0.9595
 4424.040  0.9730  0.9623
 4424.060  0.9712  0.9556
 4424.080  0.9701  0.9388
 4424.100  0.9718  0.9138
 4424.120  0.9770  0.8853
 4424.140  0.9845  0.8589
 4424.160  0.9918  0.8397
 4424.180  0.9955  0.8310
 4424.200  0.9935  0.8332
 4424.220  0.9859  0.8444
 4424.240  0.9749  0.8608
 4424.260  0.9636  0.8783
 4424.280  0.9548  0.8939
 4424.300  0.9496  0.9057
 4424.320  0.9478  0.9133
 4424.340  0.9479  0.9167
 4424.360  0.9483  0.9160
 4424.380  0.9481  0.9110
 4424.400  0.9477  0.9020
 4424.420  0.9482  0.8902
 4424.440  0.9515  0.8781
 4424.460  0.9582  0.8693
 4424.480  0.9679  0.8674
 4424.500  0.9784  0.8744
 4424.520  0.9869  0.8892
 4424.540  0.9913  0.9082
 4424.560  0.9907  0.9255
 4424.580  0.9863  0.9357
 4424.600  0.9803  0.9358
 4424.620  0.9752  0.9263
 4424.640  0.9735  0.9113
 4424.660  0.9762  0.8966
 4424.680  0.9830  0.8876
 4424.700  0.9918  0.8871
 4424.720  1.0002  0.8944
 4424.740  1.0057  0.9062
 4424.760  1.0070  0.9182
 4424.780  1.0040  0.9271
 4424.800  0.9973  0.9313
 4424.820  0.9884  0.9314
 4424.840  0.9788  0.9290
 4424.860  0.9697  0.9252
 4424.880  0.9620  0.9205
 4424.900  0.9564  0.9144
 4424.920  0.9529  0.9065
 4424.940  0.9517  0.8978
 4424.960  0.9527  0.8904
 4424.980  0.9561  0.8878
 4425.000  0.9617  0.8926
 4425.020  0.9688  0.9054
 4425.040  0.9761  0.9242
 4425.060  0.9821  0.9445
 4425.080  0.9851  0.9613
 4425.100  0.9837  0.9710
 4425.120  0.9774  0.9732
 4425.140  0.9668  0.9700
 4425.160  0.9541  0.9656
 4425.180  0.9421  0.9636
 4425.200  0.9341  0.9655
 4425.220  0.9321  0.9704
 4425.240  0.9364  0.9751
 4425.260  0.9451  0.9767
 4425.280  0.9552  0.9734
 4425.300  0.9634  0.9661
 4425.320  0.9670  0.9576
 4425.340  0.9651  0.9511
 4425.360  0.9586  0.9488
 4425.380  0.9503  0.9509
 4425.400  0.9428  0.9553
 4425.420  0.9384  0.9597
 4425.440  0.9377  0.9621
 4425.460  0.9400  0.9621
 4425.480  0.9438  0.9609
 4425.500  0.9476  0.9600
 4425.520  0.9508  0.9602
 4425.540  0.9535  0.9605
 4425.560  0.9566  0.9588
 4425.580  0.9608  0.9525
 4425.600  0.9664  0.9408
 4425.620  0.9727  0.9250
 4425.640  0.9784  0.9087
 4425.660  0.9823  0.8964
 4425.680  0.9835  0.8917
 4425.700  0.9824  0.8958
 4425.720  0.9805  0.9072
 4425.740  0.9792  0.9222
 4425.760  0.9795  0.9368
 4425.780  0.9814  0.9484
 4425.800  0.9837  0.9560
 4425.820  0.9847  0.9608
 4425.840  0.9829  0.9645
 4425.860  0.9778  0.9682
 4425.880  0.9700  0.9721
 4425.900  0.9611  0.9751
 4425.920  0.9531  0.9763
 4425.940  0.9477  0.9754
 4425.960  0.9459  0.9734
 4425.980  0.9475  0.9717
 4426.000  0.9516  0.9718
 4426.020  0.9569  0.9740
 4426.040  0.9621  0.9773
 4426.060  0.9663  0.9800
 4426.080  0.9693  0.9803
 4426.100  0.9711  0.9779
 4426.120  0.9723  0.9741
 4426.140  0.9733  0.9709
 4426.160  0.9748  0.9699
 4426.180  0.9771  0.9712
 4426.200  0.9804  0.9727
 4426.220  0.9848  0.9714
 4426.240  0.9902  0.9645
 4426.260  0.9963  0.9512
 4426.280  1.0027  0.9337
 4426.300  1.0088  0.9163
 4426.320  1.0140  0.9043
 4426.340  1.0181  0.9013
 4426.360  1.0208  0.9081
 4426.380  1.0222  0.9223
 4426.400  1.0226  0.9394
 4426.420  1.0222  0.9548
 4426.440  1.0211  0.9655
 4426.460  1.0196  0.9709
 4426.480  1.0176  0.9726
 4426.500  1.0154  0.9727
 4426.520  1.0130  0.9729
 4426.540  1.0105  0.9734
 4426.560  1.0078  0.9736
 4426.580  1.0048  0.9724
 4426.600  1.0014  0.9697
 4426.620  0.9979  0.9665
 4426.640  0.9952  0.9645
 4426.660  0.9943  0.9652
 4426.680  0.9959  0.9686
 4426.700  1.0003  0.9733
 4426.720  1.0068  0.9772
 4426.740  1.0141  0.9784
 4426.760  1.0203  0.9762
 4426.780  1.0240  0.9722
 4426.800  1.0243  0.9688
 4426.820  1.0216  0.9680
 4426.840  1.0171  0.9704
 4426.860  1.0124  0.9743
 4426.880  1.0087  0.9763
 4426.900  1.0064  0.9732
 4426.920  1.0051  0.9634
 4426.940  1.0039  0.9480
 4426.960  1.0024  0.9307
 4426.980  1.0006  0.9165
 4427.000  0.9992  0.9093
 4427.020  0.9990  0.9110
 4427.040  1.0003  0.9205
 4427.060  1.0023  0.9346
 4427.080  1.0035  0.9495
 4427.100  1.0022  0.9620
 4427.120  0.9975  0.9707
 4427.140  0.9897  0.9757
 4427.160  0.9805  0.9779
 4427.180  0.9723  0.9783
 4427.200  0.9669  0.9775
 4427.220  0.9645  0.9758
 4427.240  0.9639  0.9739
 4427.260  0.9623  0.9724
 4427.280  0.9573  0.9722
 4427.300  0.9475  0.9739
 4427.320  0.9341  0.9769
 4427.340  0.9204  0.9795
 4427.360  0.9104  0.9800
 4427.380  0.9076  0.9771
 4427.400  0.9131  0.9715
 4427.420  0.9254  0.9657
 4427.440  0.9405  0.9628
 4427.460  0.9535  0.9650
 4427.480  0.9604  0.9718
 4427.500  0.9596  0.9796
 4427.520  0.9520  0.9833
 4427.540  0.9404  0.9784
 4427.560  0.9279  0.9637
 4427.580  0.9172  0.9425
 4427.600  0.9094  0.9215
 4427.620  0.9043  0.9080
 4427.640  0.9010  0.9058
 4427.660  0.8981  0.9128
 4427.680  0.8952  0.9207
 4427.700  0.8923  0.9185
 4427.720  0.8902  0.8972
 4427.740  0.8897  0.8547
 4427.760  0.8911  0.7976
 4427.780 -1.0000  0.7405
 4427.800 -1.0000  0.7002
 4427.820 -1.0000  0.6901
 4427.840 -1.0000  0.7145
 4427.860 -1.0000  0.7672
 4427.880  0.9413  0.8339
 4427.900  0.9435  0.8974
 4427.920  0.9454  0.9442
 4427.940  0.9480  0.9683
 4427.960  0.9518  0.9722
 4427.980  0.9576  0.9642
 4428.000  0.9658  0.9545
 4428.020  0.9761  0.9500
 4428.040  0.9874  0.9533
 4428.060  0.9981  0.9618
 4428.080  1.0063  0.9711
 4428.100  1.0105  0.9771
 4428.120  1.0104  0.9778
 4428.140  1.0064  0.9740
 4428.160  1.0005  0.9674
 4428.180  0.9950  0.9598
 4428.200  0.9920  0.9515
 4428.220  0.9927  0.9423
 4428.240  0.9966  0.9322
 4428.260  1.0018  0.9223
 4428.280  1.0061  0.9153
 4428.300  1.0077  0.9139
 4428.320  1.0059  0.9198
 4428.340  1.0017  0.9319
 4428.360  0.9967  0.9463
 4428.380  0.9922  0.9582
 4428.400  0.9887  0.9632
 4428.420  0.9856  0.9601
 4428.440  0.9819  0.9514
 4428.460  0.9766  0.9420
 4428.480  0.9698  0.9369
 4428.500  0.9624  0.9390
 4428.520  0.9561  0.9476
 4428.540  0.9519  0.9590
 4428.560  0.9501  0.9685
 4428.580  0.9497  0.9729
 4428.600  0.9487  0.9720
 4428.620  0.9457  0.9685
 4428.640  0.9400  0.9659
 4428.660  0.9324  0.9662
 4428.680  0.9245  0.9679
 4428.700  0.9182  0.9668
 4428.720  0.9147  0.9572
 4428.740  0.9138  0.9356
 4428.760  0.9144  0.9027
 4428.780  0.9146  0.8644
 4428.800  0.9132  0.8299
 4428.820  0.9100  0.8082
 4428.840  0.9063  0.8051
 4428.860  0.9041  0.8204
 4428.880  0.9047  0.8489
 4428.900  0.9082  0.8821
 4428.920  0.9130  0.9117
 4428.940  0.9170  0.9327
 4428.960  0.9186  0.9443
 4428.980  0.9171  0.9493
 4429.000  0.9134  0.9518
 4429.020  0.9097  0.9551
 4429.040  0.9086  0.9597
 4429.060  0.9120  0.9644
 4429.080  0.9206  0.9668
 4429.100  0.9333  0.9653
 4429.120  0.9480  0.9603
 4429.140  0.9624  0.9536
 4429.160  0.9743  0.9483
 4429.180  0.9827  0.9463
 4429.200  0.9877  0.9480
 4429.220  0.9901  0.9522
 4429.240  0.9908  0.9569
 4429.260  0.9905  0.9602
 4429.280  0.9889  0.9615
 4429.300  0.9858  0.9614
 4429.320  0.9808  0.9611
 4429.340  0.9738  0.9611
 4429.360  0.9658  0.9608
 4429.380  0.9580  0.9585
 4429.400  0.9519  0.9521
 4429.420  0.9492  0.9408
 4429.440  0.9506  0.9258
 4429.460  0.9566  0.9103
 4429.480  0.9662  0.8985
 4429.500  0.9779  0.8944
 4429.520  0.9893  0.8997
 4429.540  0.9983  0.9132
 4429.560  1.0036  0.9312
 4429.580  1.0049  0.9487
 4429.600  1.0031  0.9611
 4429.620  0.9995  0.9663
 4429.640  0.9955  0.9651
 4429.660  0.9919  0.9606
 4429.680  0.9882  0.9569
 4429.700  0.9836  0.9571
 4429.720  0.9766  0.9621
 4429.740  0.9663  0.9699
 4429.760  0.9530  0.9766
 4429.780  0.9384  0.9778
 4429.800  0.9254  0.9711
 4429.820  0.9172  0.9568
 4429.840  0.9164  0.9384
 4429.860  0.9237  0.9213
 4429.880  0.9374  0.9110
 4429.900  0.9538  0.9107
 4429.920  0.9684  0.9197
 4429.940  0.9781  0.9343
 4429.960  0.9822  0.9484
 4429.980  0.9824  0.9565
 4430.000  0.9816  0.9555
 4430.020  0.9827  0.9460
 4430.040  0.9872  0.9320
 4430.060  0.9949  0.9186
 4430.080  1.0038  0.9103
 4430.100  1.0112  0.9088
 4430.120  1.0151  0.9130
 4430.140  1.0149  0.9197
 4430.160  1.0115  0.9261
 4430.180  1.0066  0.9309
 4430.200  1.0016  0.9352
 4430.220  0.9973  0.9407
 4430.240  0.9933  0.9483
 4430.260  0.9886  0.9558
 4430.280  0.9823  0.9580
 4430.300  0.9738  0.9482
 4430.320  0.9634  0.9212
 4430.340  0.9517  0.8771
 4430.360  0.9401  0.8221
 4430.380  0.9298  0.7676
 4430.400  0.9224  0.7266
 4430.420  0.9188  0.7089
 4430.440  0.9190  0.7175
 4430.460  0.9222  0.7475
 4430.480  0.9270  0.7884
 4430.500  0.9324  0.8289
 4430.520  0.9374  0.8606
 4430.540  0.9416  0.8812
 4430.560  0.9445  0.8930
 4430.580  0.9457  0.9002
 4430.600  0.9454  0.9045
 4430.620  0.9439  0.9034
 4430.640  0.9419  0.8907
 4430.660  0.9400  0.8607
 4430.680 -1.0000  0.8123
 4430.700 -1.0000  0.7527
 4430.720 -1.0000  0.6960
 4430.740 -1.0000  0.6595
 4430.760 -1.0000  0.6564
 4430.780 -1.0000  0.6901
 4430.800 -1.0000  0.7526
 4430.820 -1.0000  0.8267
 4430.840  0.9141  0.8929
 4430.860  0.9267  0.9368
 4430.880  0.9433  0.9538
 4430.900  0.9582  0.9497
 4430.920  0.9682  0.9367
 4430.940  0.9730  0.9269
 4430.960  0.9742  0.9268
 4430.980  0.9749  0.9354
 4431.000  0.9780  0.9464
 4431.020  0.9848  0.9527
 4431.040  0.9944  0.9510
 4431.060  1.0038  0.9435
 4431.080  1.0096  0.9355
 4431.100  1.0092  0.9311
 4431.120  1.0022  0.9287
 4431.140  0.9913  0.9207
 4431.160  0.9817  0.8958
 4431.180 -1.0000  0.8457
 4431.200 -1.0000  0.7710
 4431.220 -1.0000  0.6840
 4431.240 -1.0000  0.6062
 4431.260 -1.0000  0.5603
 4431.280 -1.0000  0.5617
 4431.300 -1.0000  0.6116
 4431.320 -1.0000  0.6961
 4431.340 -1.0000  0.7915
 4431.360 -1.0000  0.8732
 4431.380  0.9551  0.9252
 4431.400  0.9539  0.9447
 4431.420  0.9514  0.9411
 4431.440  0.9483  0.9303
 4431.460  0.9470  0.9261
 4431.480  0.9504  0.9343
 4431.500  0.9598  0.9518
 4431.520  0.9740  0.9692
 4431.540  0.9900  0.9774
 4431.560  1.0033  0.9727
 4431.580  1.0100  0.9584
 4431.600  1.0085  0.9428
 4431.620  1.0002  0.9341
 4431.640  0.9895  0.9355
 4431.660  0.9820  0.9437
 4431.680  0.9816  0.9510
 4431.700  0.9890  0.9497
 4431.720  1.0012  0.9367
 4431.740  1.0132  0.9161
 4431.760  1.0197  0.8967
 4431.780  1.0176  0.8881
 4431.800  1.0078  0.8955
 4431.820  0.9947  0.9169
 4431.840  0.9833  0.9438
 4431.860  0.9774  0.9658
 4431.880  0.9773  0.9756
 4431.900  0.9809  0.9721
 4431.920  0.9851  0.9611
 4431.940  0.9868  0.9512
 4431.960  0.9853  0.9496
 4431.980  0.9822  0.9578
 4432.000  0.9802  0.9715
 4432.020  0.9821  0.9830
 4432.040  0.9884  0.9858
 4432.060  0.9978  0.9784
 4432.080  1.0072  0.9651
 4432.100  1.0134  0.9537
 4432.120  1.0145  0.9509
 4432.140  1.0107  0.9585
 4432.160  1.0045  0.9719
 4432.180  0.9985  0.9823
 4432.200  0.9943  0.9816
 4432.220  0.9912  0.9666
 4432.240  0.9872  0.9413
 4432.260  0.9797  0.9151
 4432.280  0.9675  0.8984
 4432.300  0.9520  0.8972
 4432.320  0.9369  0.9107
 4432.340  0.9266  0.9309
 4432.360  0.9239  0.9475
 4432.380  0.9293  0.9532
 4432.400  0.9408  0.9466
 4432.420  0.9550  0.9332
 4432.440  0.9680  0.9219
 4432.460  0.9771  0.9189
 4432.480  0.9814  0.9243
 4432.500  0.9824  0.9303
 4432.520  0.9828  0.9250
 4432.540  0.9843  0.8982
 4432.560  0.9862  0.8472
 4432.580 -1.0000  0.7799
 4432.600 -1.0000  0.7127
 4432.620 -1.0000  0.6646
 4432.640 -1.0000  0.6502
 4432.660 -1.0000  0.6736
 4432.680 -1.0000  0.7270
 4432.700 -1.0000  0.7938
 4432.720  0.9525  0.8553
 4432.740  0.9490  0.8972
 4432.760  0.9460  0.9142
 4432.780  0.9447  0.9104
 4432.800  0.9454  0.8963
 4432.820  0.9479  0.8834
 4432.840  0.9512  0.8801
 4432.860  0.9542  0.8888
 4432.880  0.9552  0.9067
 4432.900  0.9526  0.9280
 4432.920  0.9459  0.9469
 4432.940  0.9357  0.9598
 4432.960  0.9235  0.9660
 4432.980  0.9117  0.9671
 4433.000  0.9030  0.9654
 4433.020  0.8988  0.9630
 4433.040  0.8998  0.9612
 4433.060  0.9049  0.9605
 4433.080  0.9124  0.9609
 4433.100  0.9205  0.9620
 4433.120  0.9279  0.9632
 4433.140  0.9338  0.9636
 4433.160  0.9382  0.9623
 4433.180  0.9412  0.9585
 4433.200  0.9427  0.9528
 4433.220  0.9425  0.9464
 4433.240  0.9407  0.9409
 4433.260  0.9380  0.9373
 4433.280  0.9356  0.9348
 4433.300  0.9352  0.9305
 4433.320  0.9379  0.9205
 4433.340  0.9443  0.9018
 4433.360  0.9536  0.8745
 4433.380  0.9638  0.8433
 4433.400  0.9722  0.8165
 4433.420  0.9766  0.8034
 4433.440  0.9764  0.8105
 4433.460  0.9733  0.8383
 4433.480  0.9701  0.8796
 4433.500  0.9696  0.9214
 4433.520  0.9731  0.9491
 4433.540  0.9807  0.9518
 4433.560  0.9911  0.9268
 4433.580  1.0025  0.8803
 4433.600  1.0124  0.8260
 4433.620  1.0186  0.7799
 4433.640  1.0194  0.7548
 4433.660  1.0150  0.7564
 4433.680  1.0072  0.7817
 4433.700  0.9980  0.8212
 4433.720  0.9893  0.8626
 4433.740  0.9821  0.8958
 4433.760  0.9771  0.9155
 4433.780  0.9748  0.9225
 4433.800  0.9755  0.9216
 4433.820  0.9791  0.9194
 4433.840  0.9846  0.9208
 4433.860  0.9903  0.9279
 4433.880  0.9946  0.9393
 4433.900  0.9962  0.9520
 4433.920  0.9952  0.9625
 4433.940  0.9926  0.9687
 4433.960  0.9901  0.9705
 4433.980  0.9892  0.9691
 4434.000  0.9903  0.9666
 4434.020  0.9927  0.9647
 4434.040  0.9945  0.9642
 4434.060  0.9939  0.9652
 4434.080  0.9899  0.9667
 4434.100  0.9834  0.9679
 4434.120  0.9765  0.9679
 4434.140  0.9722  0.9664
 4434.160  0.9726  0.9634
 4434.180  0.9782  0.9592
 4434.200  0.9875  0.9539
 4434.220  0.9977  0.9481
 4434.240  1.0057  0.9419
 4434.260  1.0096  0.9361
 4434.280  1.0094  0.9311
 4434.300  1.0069  0.9280
 4434.320  1.0047  0.9274
 4434.340  1.0050  0.9300
 4434.360  1.0080  0.9359
 4434.380  1.0123  0.9442
 4434.400  1.0153  0.9534
 4434.420  1.0144  0.9614
 4434.440  1.0085  0.9661
 4434.460  0.9980  0.9662
 4434.480  0.9852  0.9616
 4434.500  0.9730  0.9539
 4434.520  0.9640  0.9461
 4434.540  0.9596  0.9412
 4434.560  0.9595  0.9414
 4434.580  0.9616  0.9471
 4434.600  0.9637  0.9567
 4434.620  0.9634  0.9667
 4434.640  0.9599  0.9736
 4434.660  0.9535  0.9748
 4434.680  0.9454  0.9698
 4434.700  0.9376  0.9604
 4434.720  0.9320  0.9500
 4434.740  0.9302  0.9421
 4434.760  0.9329  0.9394
 4434.780  0.9398  0.9424
 4434.800  0.9496  0.9496
 4434.820  0.9606  0.9585
 4434.840  0.9708  0.9663
 4434.860  0.9788  0.9714
 4434.880  0.9837  0.9735
 4434.900  0.9855  0.9735
 4434.920  0.9853  0.9730
 4434.940  0.9843  0.9731
 4434.960  0.9841  0.9741
 4434.980  0.9856  0.9755
 4435.000  0.9889  0.9762
 4435.020  0.9935  0.9750
 4435.040  0.9983  0.9707
 4435.060  1.0025  0.9629
 4435.080  1.0054  0.9516
 4435.100  1.0072  0.9372
 4435.120  1.0083  0.9211
 4435.140  1.0094  0.9052
 4435.160  1.0108  0.8919
 4435.180  1.0123  0.8841
 4435.200  1.0134  0.8838
 4435.220  1.0136  0.8918
 4435.240  1.0126  0.9068
 4435.260  1.0104  0.9258
 4435.280  1.0073  0.9447
 4435.300  1.0034  0.9598
 4435.320  0.9984  0.9685
 4435.340  0.9918  0.9709
 4435.360  0.9833  0.9690
 4435.380  0.9731  0.9658
 4435.400  0.9623  0.9642
 4435.420  0.9526  0.9659
 4435.440  0.9460  0.9702
 4435.460  0.9439  0.9754
 4435.480  0.9467  0.9789
 4435.500  0.9537  0.9788
 4435.520  0.9634  0.9747
 4435.540  0.9737  0.9675
 4435.560  0.9830  0.9590
 4435.580  0.9902  0.9512
 4435.600  0.9946  0.9454
 4435.620  0.9959  0.9417
 4435.640  0.9940  0.9394
 4435.660  0.9887  0.9368
 4435.680  0.9800  0.9322
 4435.700  0.9682  0.9240
 4435.720  0.9544  0.9112
 4435.740  0.9400  0.8939
 4435.760  0.9269  0.8735
 4435.780  0.9158  0.8533
 4435.800  0.9064  0.8376
 4435.820  0.8970  0.8312
 4435.840  0.8848  0.8375
 4435.860  0.8678  0.8573
 4435.880  0.8459  0.8875
 4435.900  0.8208  0.9215
 4435.920  0.7960  0.9513
 4435.940  0.7751  0.9694
 4435.960  0.7615  0.9726
 4435.980  0.7578  0.9622
 4436.000  0.7651  0.9446
 4436.020  0.7831  0.9281
 4436.040  0.8091  0.9195
 4436.060  0.8392  0.9218
 4436.080  0.8695  0.9327
 4436.100  0.8965  0.9460
 4436.120  0.9181  0.9550
 4436.140  0.9333  0.9556
 4436.160  0.9412  0.9486
 4436.180  0.9414  0.9391
 4436.200  0.9346  0.9335
 4436.220  0.9230  0.9356
 4436.240  0.9101  0.9436
 4436.260  0.9000  0.9490
 4436.280  0.8951  0.9397
 4436.300  0.8944  0.9046
 4436.320 -1.0000  0.8387
 4436.340 -1.0000  0.7471
 4436.360 -1.0000  0.6443
 4436.380 -1.0000  0.5505
 4436.400 -1.0000  0.4860
 4436.420 -1.0000  0.4646
 4436.440 -1.0000  0.4899
 4436.460 -1.0000  0.5549
 4436.480 -1.0000  0.6443
 4436.500 -1.0000  0.7399
 4436.520 -1.0000  0.8254
 4436.540  0.8977  0.8901
 4436.560  0.8881  0.9302
 4436.580  0.8746  0.9480
 4436.600  0.8609  0.9498
 4436.620  0.8497  0.9429
 4436.640  0.8431  0.9342
 4436.660  0.8417  0.9284
 4436.680  0.8453  0.9280
 4436.700  0.8529  0.9329
 4436.720  0.8635  0.9412
 4436.740  0.8770  0.9500
 4436.760  0.8935  0.9562
 4436.780  0.9133  0.9578
 4436.800  0.9356  0.9547
 4436.820  0.9581  0.9489
 4436.840  0.9776  0.9436
 4436.860  0.9908  0.9420
 4436.880  0.9959  0.9458
 4436.900  0.9935  0.9540
 4436.920  0.9868  0.9632
 4436.940  0.9798  0.9696
 4436.960  0.9757  0.9702
 4436.980  0.9761  0.9652
 4437.000  0.9800  0.9577
 4437.020  0.9847  0.9524
 4437.040  0.9874  0.9532
 4437.060  0.9862  0.9603
 4437.080  0.9817  0.9689
 4437.100  0.9763  0.9712
 4437.120  0.9727  0.9587
 4437.140  0.9732  0.9268
 4437.160  0.9784  0.8776
 4437.180  0.9866  0.8204
 4437.200  0.9944  0.7694
 4437.220  0.9980  0.7388
 4437.240  0.9954  0.7376
 4437.260  0.9879  0.7665
 4437.280  0.9792  0.8169
 4437.300  0.9730  0.8747
 4437.320  0.9713  0.9247
 4437.340  0.9737  0.9560
 4437.360  0.9788  0.9654
 4437.380  0.9846  0.9574
 4437.400  0.9893  0.9414
 4437.420  0.9923  0.9279
 4437.440  0.9940  0.9237
 4437.460  0.9956  0.9306
 4437.480  0.9982  0.9449
 4437.500  1.0019  0.9600
 4437.520  1.0059  0.9693
 4437.540  1.0090  0.9695
 4437.560  1.0099  0.9610
 4437.580  1.0079  0.9478
 4437.600  1.0033  0.9354
 4437.620  0.9970  0.9285
 4437.640  0.9903  0.9292
 4437.660  0.9843  0.9366
 4437.680  0.9792  0.9470
 4437.700  0.9751  0.9557
 4437.720  0.9721  0.9584
 4437.740  0.9701  0.9525
 4437.760  0.9699  0.9381
 4437.780  0.9717  0.9176
 4437.800  0.9754  0.8950
 4437.820  0.9800  0.8751
 4437.840  0.9836  0.8617
 4437.860  0.9846  0.8574
 4437.880  0.9819  0.8624
 4437.900  0.9760  0.8753
 4437.920  0.9688  0.8929
 4437.940  0.9628  0.9118
 4437.960  0.9597  0.9287
 4437.980  0.9603  0.9418
 4438.000  0.9639  0.9504
 4438.020  0.9688  0.9552
 4438.040  0.9733  0.9575
 4438.060  0.9759  0.9588
 4438.080  0.9761  0.9599
 4438.100  0.9741  0.9614
 4438.120  0.9704  0.9634
 4438.140  0.9656  0.9657
 4438.160  0.9596  0.9680
 4438.180  0.9525  0.9697
 4438.200  0.9444  0.9704
 4438.220  0.9364  0.9692
 4438.240  0.9300  0.9651
 4438.260  0.9274  0.9577
 4438.280  0.9299  0.9469
 4438.300  0.9380  0.9336
 4438.320  0.9502  0.9192
 4438.340  0.9637  0.9054
 4438.360  0.9750  0.8938
 4438.380  0.9814  0.8849
 4438.400  0.9823  0.8785
 4438.420  0.9787  0.8741
 4438.440  0.9733  0.8712
 4438.460  0.9688  0.8698
 4438.480  0.9669  0.8707
 4438.500  0.9675  0.8750
 4438.520  0.9692  0.8837
 4438.540  0.9702  0.8966
 4438.560  0.9691  0.9122
 4438.580  0.9661  0.9284
 4438.600  0.9626  0.9425
 4438.620  0.9602  0.9528
 4438.640  0.9605  0.9587
 4438.660  0.9637  0.9612
 4438.680  0.9686  0.9620
 4438.700  0.9733  0.9630
 4438.720  0.9755  0.9653
 4438.740  0.9737  0.9687
 4438.760  0.9677  0.9722
 4438.780  0.9582  0.9746
 4438.800  0.9469  0.9750
 4438.820  0.9353  0.9734
 4438.840  0.9246  0.9706
 4438.860  0.9154  0.9678
 4438.880  0.9079  0.9660
 4438.900  0.9023  0.9654
 4438.920  0.8984  0.9658
 4438.940  0.8965  0.9665
 4438.960  0.8966  0.9668
 4438.980  0.8983  0.9665
 4439.000  0.9012  0.9659
 4439.020  0.9046  0.9657
 4439.040  0.9077  0.9662
 4439.060  0.9102  0.9675
 4439.080  0.9126  0.9693
 4439.100  0.9155  0.9708
 4439.120  0.9200  0.9712
 4439.140  0.9268  0.9701
 4439.160  0.9357  0.9675
 4439.180  0.9460  0.9638
 4439.200  0.9563  0.9601
 4439.220  0.9653  0.9574
 4439.240  0.9718  0.9566
 4439.260  0.9756  0.9582
 4439.280  0.9773  0.9622
 4439.300  0.9779  0.9676
 4439.320  0.9783  0.9731
 4439.340  0.9790  0.9766
 4439.360  0.9794  0.9768
 4439.380  0.9786  0.9729
 4439.400  0.9749  0.9658
 4439.420  0.9673  0.9578
 4439.440  0.9554  0.9515
 4439.460  0.9401  0.9490
 4439.480  0.9234  0.9503
 4439.500  0.9081  0.9526
 4439.520  0.8965  0.9511
 4439.540  0.8899  0.9403
 4439.560  0.8884  0.9166
 4439.580  0.8911  0.8808
 4439.600  0.8963  0.8382
 4439.620  0.9018  0.7984
 4439.640  0.9060  0.7721
 4439.660  0.9082  0.7673
 4439.680  0.9092  0.7864
 4439.700  0.9103  0.8248
 4439.720  0.9129  0.8725
 4439.740  0.9169  0.9170
 4439.760  0.9216  0.9481
 4439.780  0.9251  0.9609
 4439.800  0.9256  0.9573
 4439.820  0.9220  0.9448
 4439.840  0.9147  0.9324
 4439.860  0.9058  0.9276
 4439.880  0.8985  0.9327
 4439.900  0.8961  0.9442
 4439.920  0.9000  0.9549
 4439.940  0.9102  0.9566
 4439.960  0.9245  0.9441
 4439.980  0.9398  0.9173
 4440.000  0.9526  0.8813
 4440.020  0.9603  0.8449
 4440.040  0.9616  0.8174
 4440.060  0.9572  0.8058
 4440.080  0.9500  0.8125
 4440.100  0.9430  0.8353
 4440.120  0.9385  0.8681
 4440.140  0.9369  0.9036
 4440.160  0.9377  0.9349
 4440.180  0.9396  0.9573
 4440.200  0.9417  0.9694
 4440.220  0.9438  0.9727
 4440.240  0.9461  0.9702
 4440.260  0.9488  0.9659
 4440.280  0.9520  0.9629
 4440.300  0.9553  0.9633
 4440.320  0.9581  0.9670
 4440.340  0.9596  0.9728
 4440.360  0.9597  0.9784
 4440.380  0.9585  0.9819
 4440.400  0.9569  0.9822
 4440.420  0.9554  0.9796
 4440.440  0.9544  0.9757
 4440.460  0.9539  0.9723
 4440.480  0.9532  0.9710
 4440.500  0.9513  0.9721
 4440.520  0.9476  0.9748
 4440.540  0.9420  0.9772
 4440.560  0.9348  0.9774
 4440.580  0.9266  0.9744
 4440.600  0.9182  0.9687
 4440.620  0.9101  0.9619
 4440.640  0.9027  0.9562
 4440.660  0.8963  0.9534
 4440.680  0.8915  0.9538
 4440.700  0.8890  0.9569
 4440.720  0.8895  0.9607
 4440.740  0.8938  0.9637
 4440.760  0.9019  0.9647
 4440.780  0.9132  0.9640
 4440.800  0.9263  0.9624
 4440.820  0.9392  0.9613
 4440.840  0.9501  0.9612
 4440.860  0.9580  0.9623
 4440.880  0.9628  0.9636
 4440.900  0.9655  0.9643
 4440.920  0.9676  0.9638
 4440.940  0.9703  0.9625
 4440.960  0.9742  0.9610
 4440.980  0.9791  0.9605
 4441.000  0.9838  0.9614
 4441.020  0.9871  0.9635
 4441.040  0.9876  0.9661
 4441.060  0.9847  0.9681
 4441.080  0.9787  0.9688
 4441.100  0.9703  0.9679
 4441.120  0.9607  0.9656
 4441.140  0.9513  0.9620
 4441.160  0.9429  0.9569
 4441.180  0.9360  0.9501
 4441.200  0.9301  0.9414
 4441.220  0.9249  0.9314
 4441.240  0.9193  0.9219
 4441.260  0.9131  0.9154
 4441.280  0.9060  0.9144
 4441.300  0.8989  0.9200
 4441.320  0.8925  0.9316
 4441.340  0.8881  0.9462
 4441.360  0.8861  0.9596
 4441.380  0.8868  0.9683
 4441.400  0.8897  0.9704
 4441.420  0.8940  0.9665
 4441.440  0.8987  0.9597
 4441.460  0.9029  0.9539
 4441.480  0.9063  0.9520
 4441.500  0.9088  0.9549
 4441.520  0.9106  0.9611
 4441.540  0.9122  0.9679
 4441.560  0.9136  0.9727
 4441.580  0.9147  0.9743
 4441.600  0.9152  0.9738
 4441.620  0.9149  0.9733
 4441.640  0.9142  0.9746
 4441.660  0.9138  0.9783
 4441.680  0.9149  0.9827
 4441.700  0.9184  0.9851
 4441.720  0.9244  0.9827
 4441.740  0.9324  0.9748
 4441.760  0.9406  0.9631
 4441.780  0.9469  0.9510
 4441.800  0.9497  0.9424
 4441.820  0.9485  0.9395
 4441.840  0.9443  0.9418
 4441.860  0.9396  0.9463
 4441.880  0.9370  0.9491
 4441.900  0.9387  0.9476
 4441.920  0.9451  0.9415
 4441.940  0.9551  0.9337
 4441.960  0.9659  0.9284
 4441.980  0.9747  0.9292
 4442.000  0.9790  0.9370
 4442.020  0.9785  0.9495
 4442.040  0.9742  0.9615
 4442.060  0.9684  0.9680
 4442.080  0.9636  0.9656
 4442.100  0.9615  0.9549
 4442.120  0.9626  0.9396
 4442.140  0.9663  0.9252
 4442.160  0.9711  0.9166
 4442.180  0.9754  0.9160
 4442.200  0.9781  0.9220
 4442.220  0.9792  0.9310
 4442.240  0.9793  0.9386
 4442.260  0.9793  0.9420
 4442.280  0.9798  0.9409
 4442.300  0.9809  0.9371
 4442.320  0.9822  0.9339
 4442.340  0.9831  0.9334
 4442.360  0.9830  0.9361
 4442.380  0.9822  0.9403
 4442.400  0.9813  0.9430
 4442.420  0.9815  0.9414
 4442.440  0.9839  0.9340
 4442.460  0.9891  0.9214
 4442.480  0.9966  0.9061
 4442.500  1.0049  0.8915
 4442.520  1.0118  0.8809
 4442.540  1.0150  0.8767
 4442.560  1.0131  0.8799
 4442.580  1.0065  0.8897
 4442.600  0.9966  0.9044
 4442.620  0.9861  0.9211
 4442.640  0.9772  0.9366
 4442.660  0.9716  0.9478
 4442.680  0.9693  0.9526
 4442.700  0.9693  0.9507
 4442.720  0.9699  0.9437
 4442.740  0.9691  0.9347
 4442.760  0.9663  0.9274
 4442.780  0.9618  0.9249
 4442.800  0.9572  0.9281
 4442.820  0.9546  0.9355
 4442.840  0.9551  0.9439
 4442.860  0.9591  0.9502
 4442.880  0.9651  0.9524
 4442.900  0.9709  0.9514
 4442.920  0.9743  0.9498
 4442.940  0.9742  0.9510
 4442.960  0.9706  0.9568
 4442.980  0.9651  0.9663
 4443.000  0.9598  0.9755
 4443.020  0.9562  0.9793
 4443.040  0.9542  0.9742
 4443.060  0.9525  0.9602
 4443.080  0.9490  0.9418
 4443.100  0.9415  0.9263
 4443.120  0.9298  0.9202
 4443.140  0.9154  0.9262
 4443.160  0.9017  0.9403
 4443.180  0.8919  0.9533
 4443.200  0.8885  0.9535
 4443.220  0.8923  0.9323
 4443.240  0.9013  0.8876
 4443.260  0.9111  0.8268
 4443.280 -1.0000  0.7640
 4443.300 -1.0000  0.7161
 4443.320 -1.0000  0.6967
 4443.340 -1.0000  0.7111
 4443.360 -1.0000  0.7549
 4443.380  0.9577  0.8159
 4443.400  0.9585  0.8785
 4443.420  0.9600  0.9293
 4443.440  0.9634  0.9610
 4443.460  0.9684  0.9734
 4443.480  0.9743  0.9721
 4443.500  0.9802  0.9650
 4443.520  0.9852  0.9589
 4443.540  0.9880  0.9572
 4443.560  0.9874  0.9595
 4443.580  0.9823  0.9637
 4443.600  0.9722  0.9670
 4443.620  0.9575  0.9682
 4443.640  0.9398  0.9677
 4443.660  0.9214  0.9666
 4443.680  0.9051  0.9661
 4443.700  0.8929  0.9665
 4443.720  0.8858  0.9673
 4443.740  0.8833  0.9678
 4443.760  0.8843  0.9680
 4443.780  0.8873  0.9686
 4443.800  0.8912  0.9700
 4443.820  0.8962  0.9719
 4443.840  0.9028  0.9721
 4443.860  0.9120  0.9666
 4443.880  0.9243  0.9512
 4443.900  0.9392  0.9236
 4443.920  0.9553  0.8856
 4443.940  0.9700  0.8435
 4443.960  0.9803  0.8070
 4443.980  0.9841  0.7864
 4444.000  0.9815  0.7885
 4444.020  0.9751  0.8141
 4444.040  0.9687  0.8572
 4444.060  0.9654  0.9067
 4444.080  0.9668  0.9505
 4444.100  0.9724  0.9789
 4444.120  0.9806  0.9888
 4444.140  0.9891  0.9833
 4444.160  0.9954  0.9701
 4444.180  0.9976  0.9583
 4444.200  0.9953  0.9538
 4444.220  0.9894  0.9582
 4444.240  0.9821  0.9681
 4444.260  0.9756  0.9776
 4444.280  0.9719  0.9814
 4444.300  0.9716  0.9775
 4444.320  0.9746  0.9679
 4444.340  0.9797  0.9575
 4444.360  0.9849  0.9517
 4444.380  0.9886  0.9532
 4444.400  0.9895  0.9614
 4444.420  0.9868  0.9722
 4444.440  0.9807  0.9804
 4444.460  0.9715  0.9822
 4444.480  0.9600  0.9773
 4444.500  0.9468  0.9689
 4444.520  0.9329  0.9620
 4444.540  0.9196  0.9609
 4444.560  0.9081  0.9668
 4444.580  0.8993  0.9770
 4444.600  0.8936  0.9864
 4444.620  0.8908  0.9898
 4444.640  0.8902  0.9849
 4444.660  0.8910  0.9736
 4444.680  0.8926  0.9615
 4444.700  0.8947  0.9548
 4444.720  0.8978  0.9573
 4444.740  0.9028  0.9677
 4444.760  0.9103  0.9796
 4444.780  0.9210  0.9835
 4444.800  0.9345  0.9716
 4444.820  0.9498  0.9413
 4444.840  0.9646  0.8972
 4444.860  0.9766  0.8503
 4444.880  0.9834  0.8137
 4444.900  0.9846  0.7976
 4444.920  0.9823  0.8051
 4444.940  0.9801  0.8308
 4444.960  0.9811  0.8632
 4444.980  0.9865  0.8891
 4445.000  0.9951  0.8993
 4445.020  1.0037  0.8920
 4445.040  1.0085  0.8731
 4445.060  1.0067  0.8536
 4445.080  0.9980  0.8445
 4445.100  0.9852  0.8524
 4445.120  0.9736  0.8767
 4445.140  0.9674  0.9109
 4445.160  0.9687  0.9452
 4445.180  0.9758  0.9707
 4445.200  0.9852  0.9831
 4445.220  0.9921  0.9835
 4445.240  0.9931  0.9770
 4445.260  0.9866  0.9699
 4445.280  0.9742  0.9668
 4445.300  0.9596  0.9690
 4445.320  0.9469  0.9746
 4445.340  0.9393  0.9800
 4445.360  0.9378  0.9826
 4445.380  0.9412  0.9813
 4445.400  0.9476  0.9775
 4445.420  0.9551  0.9736
 4445.440  0.9626  0.9714
 4445.460  0.9700  0.9717
 4445.480  0.9774  0.9737
 4445.500  0.9846  0.9758
 4445.520  0.9906  0.9767
 4445.540  0.9937  0.9760
 4445.560  0.9924  0.9744
 4445.580  0.9864  0.9728
 4445.600  0.9767  0.9717
 4445.620  0.9657  0.9708
 4445.640  0.9562  0.9690
 4445.660  0.9502  0.9657
 4445.680  0.9481  0.9611
 4445.700  0.9490  0.9567
 4445.720  0.9514  0.9545
 4445.740  0.9540  0.9560
 4445.760  0.9570  0.9611
 4445.780  0.9613  0.9682
 4445.800  0.9683  0.9746
 4445.820  0.9784  0.9778
 4445.840  0.9899  0.9773
 4445.860  0.9999  0.9743
 4445.880  1.0047  0.9715
 4445.900  1.0019  0.9713
 4445.920  0.9918  0.9742
 4445.940  0.9778  0.9779
 4445.960  0.9648  0.9782
 4445.980  0.9576  0.9712
 4446.000  0.9589  0.9552
 4446.020  0.9680  0.9323
 4446.040  0.9813  0.9080
 4446.060  0.9932  0.8894
 4446.080  0.9991  0.8821
 4446.100  0.9975  0.8880
 4446.120  0.9904  0.9042
 4446.140  0.9824  0.9246
 4446.160  0.9775  0.9422
 4446.180  0.9775  0.9524
 4446.200  0.9814  0.9541
 4446.220  0.9858  0.9502
 4446.240  0.9870  0.9455
 4446.260  0.9829  0.9442
 4446.280  0.9739  0.9480
 4446.300  0.9627  0.9554
 4446.320  0.9529  0.9631
 4446.340  0.9468  0.9677
 4446.360  0.9443  0.9677
 4446.380  0.9434  0.9640
 4446.400  0.9409  0.9592
 4446.420  0.9345  0.9560
 4446.440  0.9243  0.9554
 4446.460  0.9128  0.9565
 4446.480  0.9037  0.9571
 4446.500  0.9008  0.9547
 4446.520  0.9057  0.9488
 4446.540  0.9173  0.9410
 4446.560  0.9325  0.9344
 4446.580  0.9472  0.9323
 4446.600  0.9584  0.9362
 4446.620  0.9652  0.9451
 4446.640  0.9690  0.9558
 4446.660  0.9724  0.9646
 4446.680  0.9771  0.9688
 4446.700  0.9836  0.9680
 4446.720  0.9906  0.9643
 4446.740  0.9960  0.9604
 4446.760  0.9984  0.9587
 4446.780  0.9977  0.9600
 4446.800  0.9957  0.9628
 4446.820  0.9949  0.9651
 4446.840  0.9974  0.9650
 4446.860  1.0035  0.9620
 4446.880  1.0117  0.9578
 4446.900  1.0189  0.9544
 4446.920  1.0222  0.9538
 4446.940  1.0201  0.9564
 4446.960  1.0132  0.9606
 4446.980  1.0039  0.9642
 4447.000  0.9952  0.9653
 4447.020  0.9894  0.9634
 4447.040  0.9874  0.9599
 4447.060  0.9881  0.9570
 4447.080  0.9897  0.9568
 4447.100  0.9902  0.9601
 4447.120  0.9888  0.9659
 4447.140  0.9856  0.9719
 4447.160  0.9821  0.9758
 4447.180  0.9797  0.9768
 4447.200  0.9794  0.9754
 4447.220  0.9811  0.9733
 4447.240  0.9843  0.9722
 4447.260  0.9876  0.9726
 4447.280  0.9897  0.9736
 4447.300  0.9897  0.9732
 4447.320  0.9869  0.9697
 4447.340  0.9812  0.9631
 4447.360  0.9725  0.9551
 4447.380  0.9616  0.9489
 4447.400  0.9497  0.9476
 4447.420  0.9389  0.9526
 4447.440  0.9313  0.9627
 4447.460  0.9284  0.9743
 4447.480  0.9309  0.9834
 4447.500  0.9380  0.9867
 4447.520  0.9479  0.9836
 4447.540  0.9585  0.9758
 4447.560  0.9675  0.9668
 4447.580  0.9737  0.9602
 4447.600  0.9771  0.9578
 4447.620  0.9787  0.9594
 4447.640  0.9800  0.9631
 4447.660  0.9818  0.9663
 4447.680  0.9841  0.9675
 4447.700  0.9857  0.9663
 4447.720  0.9856  0.9639
 4447.740  0.9827  0.9616
 4447.760  0.9775  0.9607
 4447.780  0.9713  0.9614
 4447.800  0.9661  0.9632
 4447.820  0.9635  0.9653
 4447.840  0.9644  0.9672
 4447.860  0.9681  0.9694
 4447.880  0.9733  0.9722
 4447.900  0.9786  0.9760
 4447.920  0.9825  0.9802
 4447.940  0.9849  0.9835
 4447.960  0.9857  0.9848
 4447.980  0.9855  0.9834
 4448.000  0.9846  0.9801
 4448.020  0.9830  0.9766
 4448.040  0.9808  0.9751
 4448.060  0.9781  0.9767
 4448.080  0.9751  0.9808
 4448.100  0.9723  0.9854
 4448.120  0.9697  0.9878
 4448.140  0.9669  0.9863
 4448.160  0.9627  0.9809
 4448.180  0.9561  0.9737
 4448.200  0.9462  0.9679
 4448.220  0.9339  0.9660
 4448.240  0.9208  0.9686
 4448.260  0.9094  0.9737
 4448.280  0.9017  0.9780
 4448.300  0.8980  0.9781
 4448.320  0.8969  0.9727
 4448.340  0.8958  0.9631
 4448.360  0.8916  0.9527
 4448.380  0.8827  0.9454
 4448.400  0.8696  0.9437
 4448.420  0.8550  0.9475
 4448.440  0.8422  0.9542
 4448.460  0.8337  0.9599
 4448.480  0.8292  0.9615
 4448.500  0.8261  0.9584
 4448.520  0.8203  0.9524
 4448.540  0.8077  0.9470
 4448.560  0.7868  0.9453
 4448.580  0.7593  0.9486
 4448.600  0.7299  0.9560
 4448.620  0.7046  0.9649
 4448.640  0.6884  0.9722
 4448.660  0.6841  0.9764
 4448.680  0.6914  0.9775
 4448.700  0.7081  0.9770
 4448.720  0.7311  0.9767
 4448.740  0.7574  0.9775
 4448.760  0.7854  0.9790
 4448.780  0.8143  0.9797
 4448.800  0.8438  0.9787
 4448.820  0.8727  0.9759
 4448.840  0.8989  0.9725
 4448.860  0.9198  0.9706
 4448.880  0.9331  0.9712
 4448.900  0.9385  0.9741
 4448.920  0.9381  0.9776
 4448.940  0.9355  0.9793
 4448.960  0.9345  0.9776
 4448.980  0.9377  0.9730
 4449.000  0.9448  0.9678
 4449.020  0.9538  0.9647
 4449.040  0.9615  0.9656
 4449.060  0.9655  0.9696
 4449.080  0.9653  0.9736
 4449.100  0.9623  0.9738
 4449.120  0.9591  0.9678
 4449.140  0.9576  0.9566
 4449.160  0.9580  0.9445
 4449.180  0.9591  0.9373
 4449.200  0.9588  0.9389
 4449.220  0.9559  0.9489
 4449.240  0.9511  0.9616
 4449.260  0.9467  0.9686
 4449.280  0.9461  0.9619
 4449.300  0.9515  0.9390
 4449.320  0.9632  0.9044
 4449.340  0.9783  0.8688
 4449.360  0.9915  0.8447
 4449.380  0.9975  0.8413
 4449.400  0.9943  0.8601
 4449.420  0.9840  0.8945
 4449.440  0.9721  0.9324
 4449.460  0.9639  0.9615
 4449.480  0.9626  0.9751
 4449.500  0.9680  0.9735
 4449.520  0.9773  0.9640
 4449.540  0.9863  0.9556
 4449.560  0.9915  0.9545
 4449.580  0.9920  0.9606
 4449.600  0.9898  0.9680
 4449.620  0.9885  0.9682
 4449.640  0.9911  0.9551
 4449.660  0.9983  0.9286
 4449.680  1.0077  0.8941
 4449.700  1.0144  0.8600
 4449.720  1.0136  0.8325
 4449.740  1.0045  0.8116
 4449.760  0.9935  0.7911
 4449.780 -1.0000  0.7622
 4449.800 -1.0000  0.7192
 4449.820 -1.0000  0.6646
 4449.840 -1.0000  0.6103
 4449.860 -1.0000  0.5743
 4449.880 -1.0000  0.5726
 4449.900 -1.0000  0.6119
 4449.920 -1.0000  0.6841
 4449.940 -1.0000  0.7684
 4449.960 -1.0000  0.8375
 4449.980  0.9805  0.8683
 4450.000  0.9753  0.8508
 4450.020 -1.0000  0.7922
 4450.040 -1.0000  0.7139
 4450.060 -1.0000  0.6439
 4450.080 -1.0000  0.6060
 4450.100 -1.0000  0.6122
 4450.120 -1.0000  0.6592
 4450.140 -1.0000  0.7320
 4450.160 -1.0000  0.8102
 4450.180  0.9990  0.8765
 4450.200  1.0026  0.9213
 4450.220  1.0023  0.9441
 4450.240  0.9949  0.9508
 4450.260  0.9812  0.9497
 4450.280  0.9650  0.9467
 4450.300  0.9511  0.9445
 4450.320  0.9427  0.9430
 4450.340  0.9409  0.9413
 4450.360  0.9439  0.9393
 4450.380  0.9484  0.9389
 4450.400  0.9512  0.9417
 4450.420  0.9501  0.9482
 4450.440  0.9449  0.9564
 4450.460  0.9365  0.9618
 4450.480  0.9259  0.9600
 4450.500  0.9137  0.9484
 4450.520  0.8996  0.9282
 4450.540  0.8832  0.9040
 4450.560  0.8653  0.8820
 4450.580  0.8481  0.8674
 4450.600  0.8349  0.8619
 4450.620  0.8290  0.8637
 4450.640  0.8321  0.8684
 4450.660  0.8436  0.8719
 4450.680  0.8611  0.8726
 4450.700  0.8810  0.8720
 4450.720  0.9000  0.8741
 4450.740  0.9161  0.8827
 4450.760  0.9289  0.8995
 4450.780  0.9392  0.9225
 4450.800  0.9483  0.9465
 4450.820  0.9564  0.9657
 4450.840  0.9627  0.9757
 4450.860  0.9658  0.9757
 4450.880  0.9646  0.9689
 4450.900  0.9593  0.9603
 4450.920  0.9519  0.9550
 4450.940  0.9458  0.9553
 4450.960  0.9439  0.9602
 4450.980  0.9475  0.9657
 4451.000  0.9554  0.9671
 4451.020  0.9645  0.9614
 4451.040  0.9709  0.9487
 4451.060  0.9717  0.9325
 4451.080  0.9667  0.9184
 4451.100  0.9579  0.9121
 4451.120  0.9494  0.9166
 4451.140  0.9448  0.9313
 4451.160  0.9459  0.9516
 4451.180  0.9517  0.9702
 4451.200  0.9595  0.9798
 4451.220  0.9663  0.9750
 4451.240  0.9703  0.9547
 4451.260  0.9712  0.9221
 4451.280  0.9707  0.8846
 4451.300  0.9712  0.8512
 4451.320  0.9747  0.8301
 4451.340  0.9813  0.8261
 4451.360  0.9891  0.8397
 4451.380  0.9953  0.8666
 4451.400  0.9976  0.8994
 4451.420  0.9953  0.9305
 4451.440  0.9897  0.9540
 4451.460  0.9827  0.9676
 4451.480  0.9766  0.9723
 4451.500  0.9728  0.9713
 4451.520  0.9718  0.9678
 4451.540  0.9730  0.9633
 4451.560  0.9753  0.9575
 4451.580  0.9775  0.9485
 4451.600  0.9788  0.9351
 4451.620  0.9786  0.9183
 4451.640  0.9767  0.9017
 4451.660  0.9729  0.8904
 4451.680  0.9677  0.8887
 4451.700  0.9621  0.8978
 4451.720  0.9577  0.9143
 4451.740  0.9564  0.9315
 4451.760  0.9596  0.9414
 4451.780  0.9679  0.9384
 4451.800  0.9797  0.9219
 4451.820  0.9921  0.8970
 4451.840  1.0004  0.8722
 4451.860  1.0003  0.8564
 4451.880  0.9896  0.8550
 4451.900  0.9698  0.8679
 4451.920  0.9453  0.8899
 4451.940  0.9217  0.9130
 4451.960  0.9033  0.9305
 4451.980  0.8921  0.9387
 4452.000  0.8877  0.9386
 4452.020  0.8884  0.9335
 4452.040  0.8916  0.9272
 4452.060  0.8954  0.9210
 4452.080  0.8991  0.9132
 4452.100  0.9029  0.9007
 4452.120  0.9075  0.8812
 4452.140  0.9128  0.8561
 4452.160  0.9178  0.8310
 4452.180  0.9204  0.8138
 4452.200  0.9186  0.8117
 4452.220  0.9123  0.8271
 4452.240  0.9036  0.8562
 4452.260  0.8959  0.8894
 4452.280  0.8926  0.9146
 4452.300  0.8959  0.9226
 4452.320  0.9063  0.9101
 4452.340  0.9222  0.8817
 4452.360  0.9406  0.8481
 4452.380  0.9574  0.8214
 4452.400  0.9694  0.8110
 4452.420  0.9756  0.8200
 4452.440  0.9772  0.8446
 4452.460  0.9770  0.8765
 4452.480  0.9773  0.9062
 4452.500  0.9788  0.9271
 4452.520  0.9808  0.9370
 4452.540  0.9820  0.9383
 4452.560  0.9811  0.9359
 4452.580  0.9777  0.9345
 4452.600  0.9725  0.9366
 4452.620  0.9664  0.9419
 4452.640  0.9601  0.9486
 4452.660  0.9533  0.9542
 4452.680  0.9450  0.9575
 4452.700  0.9342  0.9590
 4452.720  0.9212  0.9600
 4452.740  0.9077  0.9621
 4452.760  0.8966  0.9660
 4452.780  0.8912  0.9709
 4452.800  0.8934  0.9755
 4452.820  0.9033  0.9784
 4452.840  0.9186  0.9787
 4452.860  0.9353  0.9769
 4452.880  0.9493  0.9739
 4452.900  0.9575  0.9710
 4452.920  0.9588  0.9688
 4452.940  0.9545  0.9672
 4452.960  0.9471  0.9657
 4452.980 -1.0000  0.9636
 4453.000 -1.0000  0.9606
 4422.000  0.0000        
 4422.020  0.0000        
 4422.040 -0.0058        
 4422.060 -0.0019        
 4422.080 -0.0013        
 4422.100 -0.0039        
 4422.120 -0.0086        
 4422.140 -0.0144        
 4422.160 -0.0205        
 4422.180 -0.0266        
 4422.200 -0.0329        
 4422.220 -0.0384        
 4422.240 -0.0427        
 4422.260 -0.0455        
 4422.280 -0.0457        
 4422.300 -0.0417        
 4422.320 -0.0331        
 4422.340 -0.0222        
 4422.360 -0.0128        
 4422.380 -0.0087        
 4422.400 -0.0111        
 4422.420 -0.0181        
 4422.440 -0.0258        
 4422.460 -0.0303        
 4422.480 -0.0297        
 4422.500 -0.0248        
 4422.520 -0.0185        
 4422.540 -0.0142        
 4422.560 -0.0137        
 4422.580 -0.0178        
 4422.600 -0.0263        
 4422.620 -0.0385        
 4422.640 -0.0530        
 4422.660 -0.0650        
 4422.680 -0.0680        
 4422.700 -0.0602        
 4422.720 -0.0474        
 4422.740 -0.0374        
 4422.760 -0.0331        
 4422.780 -0.0336        
 4422.800 -0.0362        
 4422.820 -0.0384        
 4422.840 -0.0385        
 4422.860 -0.0354        
 4422.880 -0.0297        
 4422.900 -0.0229        
 4422.920 -0.0167        
 4422.940 -0.0125        
 4422.960 -0.0108        
 4422.980 -0.0118        
 4423.000 -0.0151        
 4423.020 -0.0206        
 4423.040 -0.0277        
 4423.060 -0.0354        
 4423.080 -0.0424        
 4423.100 -0.0475        
 4423.120 -0.0499        
 4423.140 -0.0492        
 4423.160 -0.0454        
 4423.180 -0.0394        
 4423.200 -0.0324        
 4423.220 -0.0266        
 4423.240 -0.0237        
 4423.260 -0.0243        
 4423.280 -0.0275        
 4423.300 -0.0311        
 4423.320 -0.0326        
 4423.340 -0.0305        
 4423.360 -0.0247        
 4423.380 -0.0169        
 4423.400 -0.0100        
 4423.420 -0.0068        
 4423.440 -0.0087        
 4423.460 -0.0151        
 4423.480 -0.0233        
 4423.500 -0.0296        
 4423.520 -0.0310        
 4423.540 -0.0263        
 4423.560 -0.0165        
 4423.580 -0.0051        
 4423.600  0.0040        
 4423.620  0.0077        
 4423.640  0.0052        
 4423.660 -0.0015        
 4423.680 -0.0095        
 4423.700 -0.0155        
 4423.720 -0.0176        
 4423.740 -0.0159        
 4423.760 -0.0119        
 4423.780 -0.0082        
 4423.800 -0.0069        
 4423.820 -0.0088        
 4423.840 -0.0131        
 4423.860 -0.0181        
 4423.880 -0.0222        
 4423.900 -0.0245        
 4423.920 -0.0253        
 4423.940 -0.0257        
 4423.960 -0.0271        
 4423.980 -0.0301        
 4424.000 -0.0342        
 4424.020 -0.0379        
 4424.040 -0.0394        
 4424.060 -0.0377        
 4424.080 -0.0326        
 4424.100 -0.0252        
 4424.120 -0.0174        
 4424.140 -0.0113        
 4424.160 -0.0082        
 4424.180 -0.0084        
 4424.200 -0.0106        
 4424.220 -0.0131        
 4424.240 -0.0146        
 4424.260 -0.0146        
 4424.280 -0.0138        
 4424.300 -0.0133        
 4424.320 -0.0142        
 4424.340 -0.0166        
 4424.360 -0.0203        
 4424.380 -0.0240        
 4424.400 -0.0267        
 4424.420 -0.0277        
 4424.440 -0.0270        
 4424.460 -0.0256        
 4424.480 -0.0248        
 4424.500 -0.0258        
 4424.520 -0.0291        
 4424.540 -0.0341        
 4424.560 -0.0395        
 4424.580 -0.0437        
 4424.600 -0.0452        
 4424.620 -0.0429        
 4424.640 -0.0368        
 4424.660 -0.0276        
 4424.680 -0.0172        
 4424.700 -0.0078        
 4424.720 -0.0016        
 4424.740 -0.0001        
 4424.760 -0.0031        
 4424.780 -0.0096        
 4424.800 -0.0177        
 4424.820 -0.0255        
 4424.840 -0.0310        
 4424.860 -0.0331        
 4424.880 -0.0317        
 4424.900 -0.0273        
 4424.920 -0.0215        
 4424.940 -0.0159        
 4424.960 -0.0117        
 4424.980 -0.0099        
 4425.000 -0.0107        
 4425.020 -0.0138        
 4425.040 -0.0182        
 4425.060 -0.0231        
 4425.080 -0.0277        
 4425.100 -0.0314        
 4425.120 -0.0337        
 4425.140 -0.0346        
 4425.160 -0.0343        
 4425.180 -0.0335        
 4425.200 -0.0330        
 4425.220 -0.0337        
 4425.240 -0.0359        
 4425.260 -0.0390        
 4425.280 -0.0421        
 4425.300 -0.0437        
 4425.320 -0.0425        
 4425.340 -0.0384        
 4425.360 -0.0324        
 4425.380 -0.0266        
 4425.400 -0.0234        
 4425.420 -0.0243        
 4425.440 -0.0293        
 4425.460 -0.0366        
 4425.480 -0.0433        
 4425.500 -0.0463        
 4425.520 -0.0437        
 4425.540 -0.0356        
 4425.560 -0.0239        
 4425.580 -0.0123        
 4425.600 -0.0043        
 4425.620 -0.0024        
 4425.640 -0.0072        
 4425.660 -0.0171        
 4425.680 -0.0289        
 4425.700 -0.0391        
 4425.720 -0.0451        
 4425.740 -0.0461        
 4425.760 -0.0430        
 4425.780 -0.0375        
 4425.800 -0.0311        
 4425.820 -0.0250        
 4425.840 -0.0195        
 4425.860 -0.0150        
 4425.880 -0.0114        
 4425.900 -0.0094        
 4425.920 -0.0095        
 4425.940 -0.0121        
 4425.960 -0.0170        
 4425.980 -0.0233        
 4426.000 -0.0292        
 4426.020 -0.0331        
 4426.040 -0.0338        
 4426.060 -0.0315        
 4426.080 -0.0272        
 4426.100 -0.0229        
 4426.120 -0.0203        
 4426.140 -0.0207        
 4426.160 -0.0236        
 4426.180 -0.0278        
 4426.200 -0.0310        
 4426.220 -0.0313        
 4426.240 -0.0276        
 4426.260 -0.0202        
 4426.280 -0.0106        
 4426.300 -0.0016        
 4426.320  0.0041        
 4426.340  0.0042        
 4426.360 -0.0017        
 4426.380 -0.0120        
 4426.400 -0.0238        
 4426.420 -0.0336        
 4426.440 -0.0384        
 4426.460 -0.0365        
 4426.480 -0.0281        
 4426.500 -0.0153        
 4426.520 -0.0014        
 4426.540  0.0095        
 4426.560  0.0142        
 4426.580  0.0115        
 4426.600  0.0025        
 4426.620 -0.0098        
 4426.640 -0.0213        
 4426.660 -0.0284        
 4426.680 -0.0293        
 4426.700 -0.0246        
 4426.720 -0.0171        
 4426.740 -0.0102        
 4426.760 -0.0069        
 4426.780 -0.0086        
 4426.800 -0.0147        
 4426.820 -0.0227        
 4426.840 -0.0296        
 4426.860 -0.0332        
 4426.880 -0.0330        
 4426.900 -0.0298        
 4426.920 -0.0257        
 4426.940 -0.0223        
 4426.960 -0.0208        
 4426.980 -0.0211        
 4427.000 -0.0221        
 4427.020 -0.0228        
 4427.040 -0.0226        
 4427.060 -0.0219        
 4427.080 -0.0220        
 4427.100 -0.0239        
 4427.120 -0.0277        
 4427.140 -0.0326        
 4427.160 -0.0370        
 4427.180 -0.0391        
 4427.200 -0.0380        
 4427.220 -0.0338        
 4427.240 -0.0278        
 4427.260 -0.0218        
 4427.280 -0.0171        
 4427.300 -0.0143        
 4427.320 -0.0125        
 4427.340 -0.0105        
 4427.360 -0.0074        
 4427.380 -0.0031        
 4427.400  0.0011        
 4427.420  0.0035        
 4427.440  0.0024        
 4427.460 -0.0027        
 4427.480 -0.0104        
 4427.500 -0.0182        
 4427.520 -0.0235        
 4427.540 -0.0245        
 4427.560 -0.0212        
 4427.580 -0.0153        
 4427.600 -0.0098        
 4427.620 -0.0075        
 4427.640 -0.0097        
 4427.660 -0.0158        
 4427.680 -0.0234        
 4427.700 -0.0295        
 4427.720 -0.0320        
 4427.740 -0.0303        
 4427.760 -0.0255        
 4427.780 -0.0202        
 4427.800 -0.0177        
 4427.820 -0.0203        
 4427.840 -0.0273        
 4427.860 -0.0361        
 4427.880 -0.0432        
 4427.900 -0.0463        
 4427.920 -0.0450        
 4427.940 -0.0401        
 4427.960 -0.0331        
 4427.980 -0.0257        
 4428.000 -0.0194        
 4428.020 -0.0152        
 4428.040 -0.0133        
 4428.060 -0.0132        
 4428.080 -0.0139        
 4428.100 -0.0148        
 4428.120 -0.0154        
 4428.140 -0.0157        
 4428.160 -0.0158        
 4428.180 -0.0160        
 4428.200 -0.0165        
 4428.220 -0.0177        
 4428.240 -0.0197        
 4428.260 -0.0226        
 4428.280 -0.0265        
 4428.300 -0.0310        
 4428.320 -0.0354        
 4428.340 -0.0390        
 4428.360 -0.0410        
 4428.380 -0.0409        
 4428.400 -0.0389        
 4428.420 -0.0354        
 4428.440 -0.0310        
 4428.460 -0.0268        
 4428.480 -0.0235        
 4428.500 -0.0216        
 4428.520 -0.0212        
 4428.540 -0.0219        
 4428.560 -0.0230        
 4428.580 -0.0240        
 4428.600 -0.0244        
 4428.620 -0.0240        
 4428.640 -0.0229        
 4428.660 -0.0216        
 4428.680 -0.0204        
 4428.700 -0.0199        
 4428.720 -0.0202        
 4428.740 -0.0212        
 4428.760 -0.0228        
 4428.780 -0.0241        
 4428.800 -0.0245        
 4428.820 -0.0234        
 4428.840 -0.0208        
 4428.860 -0.0176        
 4428.880 -0.0149        
 4428.900 -0.0137        
 4428.920 -0.0147        
 4428.940 -0.0177        
 4428.960 -0.0220        
 4428.980 -0.0263        
 4429.000 -0.0296        
 4429.020 -0.0309        
 4429.040 -0.0299        
 4429.060 -0.0271        
 4429.080 -0.0232        
 4429.100 -0.0191        
 4429.120 -0.0153        
 4429.140 -0.0121        
 4429.160 -0.0092        
 4429.180 -0.0066        
 4429.200 -0.0043        
 4429.220 -0.0027        
 4429.240 -0.0024        
 4429.260 -0.0037        
 4429.280 -0.0068        
 4429.300 -0.0109        
 4429.320 -0.0151        
 4429.340 -0.0180        
 4429.360 -0.0188        
 4429.380 -0.0172        
 4429.400 -0.0138        
 4429.420 -0.0098        
 4429.440 -0.0064        
 4429.460 -0.0046        
 4429.480 -0.0046        
 4429.500 -0.0060        
 4429.520 -0.0079        
 4429.540 -0.0097        
 4429.560 -0.0112        
 4429.580 -0.0125        
 4429.600 -0.0144        
 4429.620 -0.0174        
 4429.640 -0.0217        
 4429.660 -0.0266        
 4429.680 -0.0313        
 4429.700 -0.0347        
 4429.720 -0.0360        
 4429.740 -0.0353        
 4429.760 -0.0335        
 4429.780 -0.0317        
 4429.800 -0.0310        
 4429.820 -0.0319        
 4429.840 -0.0344        
 4429.860 -0.0380        
 4429.880 -0.0416        
 4429.900 -0.0446        
 4429.920 -0.0465        
 4429.940 -0.0476        
 4429.960 -0.0482        
 4429.980 -0.0491        
 4430.000 -0.0502        
 4430.020 -0.0515        
 4430.040 -0.0522        
 4430.060 -0.0517        
 4430.080 -0.0494        
 4430.100 -0.0453        
 4430.120 -0.0398        
 4430.140 -0.0339        
 4430.160 -0.0285        
 4430.180 -0.0246        
 4430.200 -0.0227        
 4430.220 -0.0233        
 4430.240 -0.0262        
 4430.260 -0.0309        
 4430.280 -0.0365        
 4430.300 -0.0418        
 4430.320 -0.0456        
 4430.340 -0.0469        
 4430.360 -0.0445        
 4430.380 -0.0382        
 4430.400 -0.0289        
 4430.420 -0.0190        
 4430.440 -0.0112        
 4430.460 -0.0077        
 4430.480 -0.0086        
 4430.500 -0.0130        
 4430.520 -0.0188        
 4430.540 -0.0243        
 4430.560 -0.0281        
 4430.580 -0.0297        
 4430.600 -0.0294        
 4430.620 -0.0282        
 4430.640 -0.0271        
 4430.660 -0.0272        
 4430.680 -0.0289        
 4430.700 -0.0319        
 4430.720 -0.0351        
 4430.740 -0.0367        
 4430.760 -0.0355        
 4430.780 -0.0314        
 4430.800 -0.0261        
 4430.820 -0.0215        
 4430.840 -0.0194        
 4430.860 -0.0207        
 4430.880 -0.0256        
 4430.900 -0.0336        
 4430.920 -0.0433        
 4430.940 -0.0523        
 4430.960 -0.0582        
 4430.980 -0.0591        
 4431.000 -0.0546        
 4431.020 -0.0458        
 4431.040 -0.0348        
 4431.060 -0.0239        
 4431.080 -0.0156        
 4431.100 -0.0112        
 4431.120 -0.0108        
 4431.140 -0.0131        
 4431.160 -0.0161        
 4431.180 -0.0177        
 4431.200 -0.0165        
 4431.220 -0.0126        
 4431.240 -0.0076        
 4431.260 -0.0046        
 4431.280 -0.0062        
 4431.300 -0.0123        
 4431.320 -0.0200        
 4431.340 -0.0258        
 4431.360 -0.0277        
 4431.380 -0.0255        
 4431.400 -0.0200        
 4431.420 -0.0133        
 4431.440 -0.0077        
 4431.460 -0.0056        
 4431.480 -0.0076        
 4431.500 -0.0129        
 4431.520 -0.0191        
 4431.540 -0.0234        
 4431.560 -0.0239        
 4431.580 -0.0201        
 4431.600 -0.0131        
 4431.620 -0.0053        
 4431.640  0.0005        
 4431.660  0.0024        
 4431.680  0.0002        
 4431.700 -0.0049        
 4431.720 -0.0107        
 4431.740 -0.0152        
 4431.760 -0.0168        
 4431.780 -0.0155        
 4431.800 -0.0124        
 4431.820 -0.0095        
 4431.840 -0.0086        
 4431.860 -0.0107        
 4431.880 -0.0158        
 4431.900 -0.0230        
 4431.920 -0.0307        
 4431.940 -0.0373        
 4431.960 -0.0412        
 4431.980 -0.0417        
 4432.000 -0.0391        
 4432.020 -0.0344        
 4432.040 -0.0292        
 4432.060 -0.0250        
 4432.080 -0.0229        
 4432.100 -0.0233        
 4432.120 -0.0259        
 4432.140 -0.0294        
 4432.160 -0.0322        
 4432.180 -0.0331        
 4432.200 -0.0315        
 4432.220 -0.0277        
 4432.240 -0.0231        
 4432.260 -0.0195        
 4432.280 -0.0187        
 4432.300 -0.0216        
 4432.320 -0.0278        
 4432.340 -0.0353        
 4432.360 -0.0421        
 4432.380 -0.0464        
 4432.400 -0.0473        
 4432.420 -0.0449        
 4432.440 -0.0404        
 4432.460 -0.0351        
 4432.480 -0.0308        
 4432.500 -0.0281        
 4432.520 -0.0271        
 4432.540 -0.0271        
 4432.560 -0.0276        
 4432.580 -0.0280        
 4432.600 -0.0282        
 4432.620 -0.0284        
 4432.640 -0.0285        
 4432.660 -0.0281        
 4432.680 -0.0266        
 4432.700 -0.0236        
 4432.720 -0.0192        
 4432.740 -0.0140        
 4432.760 -0.0090        
 4432.780 -0.0050        
 4432.800 -0.0029        
 4432.820 -0.0026        
 4432.840 -0.0032        
 4432.860 -0.0032        
 4432.880 -0.0015        
 4432.900  0.0022        
 4432.920  0.0069        
 4432.940  0.0110        
 4432.960  0.0128        
 4432.980  0.0114        
 4433.000  0.0072        
 4433.020  0.0020        
 4433.040 -0.0022        
 4433.060 -0.0034        
 4433.080 -0.0014        
 4433.100  0.0026        
 4433.120  0.0061        
 4433.140  0.0062        
 4433.160  0.0015        
 4433.180 -0.0083        
 4433.200 -0.0210        
 4433.220 -0.0336        
 4433.240 -0.0428        
 4433.260 -0.0464        
 4433.280 -0.0440        
 4433.300 -0.0370        
 4433.320 -0.0277        
 4433.340 -0.0185        
 4433.360 -0.0112        
 4433.380 -0.0063        
 4433.400 -0.0037        
 4433.420 -0.0025        
 4433.440 -0.0020        
 4433.460 -0.0018        
 4433.480 -0.0024        
 4433.500 -0.0042        
 4433.520 -0.0078        
 4433.540 -0.0134        
 4433.560 -0.0209        
 4433.580 -0.0299        
 4433.600 -0.0389        
 4433.620 -0.0463        
 4433.640 -0.0501        
 4433.660 -0.0497        
 4433.680 -0.0456        
 4433.700 -0.0398        
 4433.720 -0.0345        
 4433.740 -0.0312        
 4433.760 -0.0307        
 4433.780 -0.0326        
 4433.800 -0.0356        
 4433.820 -0.0381        
 4433.840 -0.0383        
 4433.860 -0.0352        
 4433.880 -0.0290        
 4433.900 -0.0212        
 4433.920 -0.0141        
 4433.940 -0.0100        
 4433.960 -0.0103        
 4433.980 -0.0152        
 4434.000 -0.0236        
 4434.020 -0.0330        
 4434.040 -0.0410        
 4434.060 -0.0456        
 4434.080 -0.0459        
 4434.100 -0.0424        
 4434.120 -0.0362        
 4434.140 -0.0287        
 4434.160 -0.0210        
 4434.180 -0.0139        
 4434.200 -0.0077        
 4434.220 -0.0029        
 4434.240  0.0000        
 4434.260  0.0003        
 4434.280 -0.0021        
 4434.300 -0.0069        
 4434.320 -0.0130        
 4434.340 -0.0182        
 4434.360 -0.0208        
 4434.380 -0.0196        
 4434.400 -0.0149        
 4434.420 -0.0083        
 4434.440 -0.0021        
 4434.460  0.0018        
 4434.480  0.0021        
 4434.500 -0.0010        
 4434.520 -0.0063        
 4434.540 -0.0120        
 4434.560 -0.0166        
 4434.580 -0.0197        
 4434.600 -0.0219        
 4434.620 -0.0241        
 4434.640 -0.0272        
 4434.660 -0.0309        
 4434.680 -0.0340        
 4434.700 -0.0350        
 4434.720 -0.0325        
 4434.740 -0.0268        
 4434.760 -0.0195        
 4434.780 -0.0134        
 4434.800 -0.0113        
 4434.820 -0.0145        
 4434.840 -0.0223        
 4434.860 -0.0322        
 4434.880 -0.0410        
 4434.900 -0.0458        
 4434.920 -0.0453        
 4434.940 -0.0403        
 4434.960 -0.0330        
 4434.980 -0.0264        
 4435.000 -0.0226        
 4435.020 -0.0222        
 4435.040 -0.0244        
 4435.060 -0.0269        
 4435.080 -0.0281        
 4435.100 -0.0267        
 4435.120 -0.0233        
 4435.140 -0.0193        
 4435.160 -0.0169        
 4435.180 -0.0175        
 4435.200 -0.0212        
 4435.220 -0.0265        
 4435.240 -0.0313        
 4435.260 -0.0337        
 4435.280 -0.0328        
 4435.300 -0.0292        
 4435.320 -0.0244        
 4435.340 -0.0201        
 4435.360 -0.0177        
 4435.380 -0.0180        
 4435.400 -0.0203        
 4435.420 -0.0233        
 4435.440 -0.0254        
 4435.460 -0.0252        
 4435.480 -0.0224        
 4435.500 -0.0175        
 4435.520 -0.0119        
 4435.540 -0.0074        
 4435.560 -0.0055        
 4435.580 -0.0072        
 4435.600 -0.0121        
 4435.620 -0.0191        
 4435.640 -0.0262        
 4435.660 -0.0315        
 4435.680 -0.0335        
 4435.700 -0.0319        
 4435.720 -0.0273        
 4435.740 -0.0213        
 4435.760 -0.0158        
 4435.780 -0.0123        
 4435.800 -0.0116        
 4435.820 -0.0132        
 4435.840 -0.0159        
 4435.860 -0.0183        
 4435.880 -0.0195        
 4435.900 -0.0196        
 4435.920 -0.0193        
 4435.940 -0.0196        
 4435.960 -0.0215        
 4435.980 -0.0250        
 4436.000 -0.0298        
 4436.020 -0.0346        
 4436.040 -0.0383        
 4436.060 -0.0402        
 4436.080 -0.0402        
 4436.100 -0.0391        
 4436.120 -0.0379        
 4436.140 -0.0370        
 4436.160 -0.0365        
 4436.180 -0.0359        
 4436.200 -0.0344        
 4436.220 -0.0317        
 4436.240 -0.0276        
 4436.260 -0.0228        
 4436.280 -0.0177        
 4436.300 -0.0127        
 4436.320 -0.0075        
 4436.340 -0.0014        
 4436.360  0.0064        
 4436.380  0.0155        
 4436.400  0.0237        
 4436.420  0.0276        
 4436.440  0.0245        
 4436.460  0.0155        
 4436.480  0.0039        
 4436.500 -0.0065        
 4436.520 -0.0134        
 4436.540 -0.0161        
 4436.560 -0.0148        
 4436.580 -0.0109        
 4436.600 -0.0061        
 4436.620 -0.0028        
 4436.640 -0.0026        
 4436.660 -0.0063        
 4436.680 -0.0129        
 4436.700 -0.0204        
 4436.720 -0.0263        
 4436.740 -0.0288        
 4436.760 -0.0273        
 4436.780 -0.0225        
 4436.800 -0.0163        
 4436.820 -0.0110        
 4436.840 -0.0084        
 4436.860 -0.0098        
 4436.880 -0.0148        
 4436.900 -0.0220        
 4436.920 -0.0295        
 4436.940 -0.0354        
 4436.960 -0.0382        
 4436.980 -0.0375        
 4437.000 -0.0335        
 4437.020 -0.0272        
 4437.040 -0.0204        
 4437.060 -0.0145        
 4437.080 -0.0108        
 4437.100 -0.0095        
 4437.120 -0.0102        
 4437.140 -0.0122        
 4437.160 -0.0146        
 4437.180 -0.0166        
 4437.200 -0.0178        
 4437.220 -0.0183        
 4437.240 -0.0186        
 4437.260 -0.0192        
 4437.280 -0.0204        
 4437.300 -0.0220        
 4437.320 -0.0237        
 4437.340 -0.0251        
 4437.360 -0.0261        
 4437.380 -0.0267        
 4437.400 -0.0273        
 4437.420 -0.0278        
 4437.440 -0.0280        
 4437.460 -0.0274        
 4437.480 -0.0255        
 4437.500 -0.0218        
 4437.520 -0.0166        
 4437.540 -0.0107        
 4437.560 -0.0053        
 4437.580 -0.0018        
 4437.600 -0.0010        
 4437.620 -0.0029        
 4437.640 -0.0065        
 4437.660 -0.0099        
 4437.680 -0.0117        
 4437.700 -0.0110        
 4437.720 -0.0080        
 4437.740 -0.0041        
 4437.760 -0.0006        
 4437.780  0.0010        
 4437.800  0.0001        
 4437.820 -0.0032        
 4437.840 -0.0079        
 4437.860 -0.0129        
 4437.880 -0.0174        
 4437.900 -0.0211        
 4437.920 -0.0241        
 4437.940 -0.0263        
 4437.960 -0.0277        
 4437.980 -0.0276        
 4438.000 -0.0256        
 4438.020 -0.0215        
 4438.040 -0.0163        
 4438.060 -0.0115        
 4438.080 -0.0093        
 4438.100 -0.0112        
 4438.120 -0.0175        
 4438.140 -0.0269        
 4438.160 -0.0369        
 4438.180 -0.0445        
 4438.200 -0.0475        
 4438.220 -0.0449        
 4438.240 -0.0378        
 4438.260 -0.0284        
 4438.280 -0.0194        
 4438.300 -0.0131        
 4438.320 -0.0107        
 4438.340 -0.0118        
 4438.360 -0.0153        
 4438.380 -0.0195        
 4438.400 -0.0231        
 4438.420 -0.0256        
 4438.440 -0.0272        
 4438.460 -0.0281        
 4438.480 -0.0284        
 4438.500 -0.0278        
 4438.520 -0.0262        
 4438.540 -0.0233        
 4438.560 -0.0199        
 4438.580 -0.0170        
 4438.600 -0.0159        
 4438.620 -0.0175        
 4438.640 -0.0218        
 4438.660 -0.0275        
 4438.680 -0.0326        
 4438.700 -0.0351        
 4438.720 -0.0336        
 4438.740 -0.0281        
 4438.760 -0.0201        
 4438.780 -0.0120        
 4438.800 -0.0062        
 4438.820 -0.0044        
 4438.840 -0.0068        
 4438.860 -0.0124        
 4438.880 -0.0188        
 4438.900 -0.0240        
 4438.920 -0.0262        
 4438.940 -0.0251        
 4438.960 -0.0215        
 4438.980 -0.0173        
 4439.000 -0.0142        
 4439.020 -0.0139        
 4439.040 -0.0166        
 4439.060 -0.0218        
 4439.080 -0.0282        
 4439.100 -0.0342        
 4439.120 -0.0381        
 4439.140 -0.0393        
 4439.160 -0.0378        
 4439.180 -0.0342        
 4439.200 -0.0299        
 4439.220 -0.0262        
 4439.240 -0.0242        
 4439.260 -0.0246        
 4439.280 -0.0269        
 4439.300 -0.0304        
 4439.320 -0.0339        
 4439.340 -0.0364        
 4439.360 -0.0370        
 4439.380 -0.0356        
 4439.400 -0.0326        
 4439.420 -0.0289        
 4439.440 -0.0251        
 4439.460 -0.0218        
 4439.480 -0.0190        
 4439.500 -0.0164        
 4439.520 -0.0135        
 4439.540 -0.0098        
 4439.560 -0.0056        
 4439.580 -0.0015        
 4439.600  0.0007        
 4439.620 -0.0005        
 4439.640 -0.0063        
 4439.660 -0.0161        
 4439.680 -0.0275        
 4439.700 -0.0374        
 4439.720 -0.0431        
 4439.740 -0.0436        
 4439.760 -0.0394        
 4439.780 -0.0320        
 4439.800 -0.0236        
 4439.820 -0.0163        
 4439.840 -0.0119        
 4439.860 -0.0110        
 4439.880 -0.0128        
 4439.900 -0.0156        
 4439.920 -0.0173        
 4439.940 -0.0170        
 4439.960 -0.0146        
 4439.980 -0.0113        
 4440.000 -0.0090        
 4440.020 -0.0095        
 4440.040 -0.0135        
 4440.060 -0.0200        
 4440.080 -0.0265        
 4440.100 -0.0302        
 4440.120 -0.0296        
 4440.140 -0.0251        
 4440.160 -0.0188        
 4440.180 -0.0134        
 4440.200 -0.0112        
 4440.220 -0.0134        
 4440.240 -0.0198        
 4440.260 -0.0286        
 4440.280 -0.0369        
 4440.300 -0.0423        
 4440.320 -0.0435        
 4440.340 -0.0407        
 4440.360 -0.0354        
 4440.380 -0.0296        
 4440.400 -0.0248        
 4440.420 -0.0217        
 4440.440 -0.0204        
 4440.460 -0.0199        
 4440.480 -0.0196        
 4440.500 -0.0193        
 4440.520 -0.0191        
 4440.540 -0.0196        
 4440.560 -0.0212        
 4440.580 -0.0236        
 4440.600 -0.0263        
 4440.620 -0.0284        
 4440.640 -0.0291        
 4440.660 -0.0284        
 4440.680 -0.0268        
 4440.700 -0.0252        
 4440.720 -0.0244        
 4440.740 -0.0244        
 4440.760 -0.0250        
 4440.780 -0.0253        
 4440.800 -0.0249        
 4440.820 -0.0239        
 4440.840 -0.0233        
 4440.860 -0.0241        
 4440.880 -0.0273        
 4440.900 -0.0328        
 4440.920 -0.0395        
 4440.940 -0.0454        
 4440.960 -0.0487        
 4440.980 -0.0482        
 4441.000 -0.0445        
 4441.020 -0.0393        
 4441.040 -0.0349        
 4441.060 -0.0331        
 4441.080 -0.0342        
 4441.100 -0.0370        
 4441.120 -0.0393        
 4441.140 -0.0388        
 4441.160 -0.0344        
 4441.180 -0.0265        
 4441.200 -0.0174        
 4441.220 -0.0100        
 4441.240 -0.0069        
 4441.260 -0.0091        
 4441.280 -0.0157        
 4441.300 -0.0239        
 4441.320 -0.0307        
 4441.340 -0.0339        
 4441.360 -0.0331        
 4441.380 -0.0294        
 4441.400 -0.0246        
 4441.420 -0.0209        
 4441.440 -0.0193        
 4441.460 -0.0200        
 4441.480 -0.0222        
 4441.500 -0.0245        
 4441.520 -0.0262        
 4441.540 -0.0270        
 4441.560 -0.0273        
 4441.580 -0.0281        
 4441.600 -0.0297        
 4441.620 -0.0320        
 4441.640 -0.0342        
 4441.660 -0.0355        
 4441.680 -0.0349        
 4441.700 -0.0323        
 4441.720 -0.0286        
 4441.740 -0.0247        
 4441.760 -0.0220        
 4441.780 -0.0213        
 4441.800 -0.0227        
 4441.820 -0.0254        
 4441.840 -0.0282        
 4441.860 -0.0297        
 4441.880 -0.0293        
 4441.900 -0.0270        
 4441.920 -0.0237        
 4441.940 -0.0208        
 4441.960 -0.0198        
 4441.980 -0.0214        
 4442.000 -0.0254        
 4442.020 -0.0306        
 4442.040 -0.0350        
 4442.060 -0.0370        
 4442.080 -0.0355        
 4442.100 -0.0304        
 4442.120 -0.0233        
 4442.140 -0.0164        
 4442.160 -0.0124        
 4442.180 -0.0133        
 4442.200 -0.0190        
 4442.220 -0.0279        
 4442.240 -0.0368        
 4442.260 -0.0427        
 4442.280 -0.0433        
 4442.300 -0.0381        
 4442.320 -0.0289        
 4442.340 -0.0186        
 4442.360 -0.0108        
 4442.380 -0.0076        
 4442.400 -0.0097        
 4442.420 -0.0157        
 4442.440 -0.0231        
 4442.460 -0.0294        
 4442.480 -0.0330        
 4442.500 -0.0337        
 4442.520 -0.0328        
 4442.540 -0.0321        
 4442.560 -0.0331        
 4442.580 -0.0359        
 4442.600 -0.0394        
 4442.620 -0.0418        
 4442.640 -0.0416        
 4442.660 -0.0383        
 4442.680 -0.0329        
 4442.700 -0.0270        
 4442.720 -0.0227        
 4442.740 -0.0214        
 4442.760 -0.0236        
 4442.780 -0.0284        
 4442.800 -0.0339        
 4442.820 -0.0383        
 4442.840 -0.0402        
 4442.860 -0.0391        
 4442.880 -0.0355        
 4442.900 -0.0302        
 4442.920 -0.0246        
 4442.940 -0.0195        
 4442.960 -0.0157        
 4442.980 -0.0135        
 4443.000 -0.0129        
 4443.020 -0.0135        
 4443.040 -0.0147        
 4443.060 -0.0159        
 4443.080 -0.0163        
 4443.100 -0.0158        
 4443.120 -0.0144        
 4443.140 -0.0131        
 4443.160 -0.0130        
 4443.180 -0.0151        
 4443.200 -0.0199        
 4443.220 -0.0268        
 4443.240 -0.0344        
 4443.260 -0.0405        
 4443.280 -0.0426        
 4443.300 -0.0391        
 4443.320 -0.0308        
 4443.340 -0.0208        
 4443.360 -0.0132        
 4443.380 -0.0107        
 4443.400 -0.0134        
 4443.420 -0.0195        
 4443.440 -0.0264        
 4443.460 -0.0318        
 4443.480 -0.0342        
 4443.500 -0.0334        
 4443.520 -0.0302        
 4443.540 -0.0263        
 4443.560 -0.0231        
 4443.580 -0.0212        
 4443.600 -0.0203        
 4443.620 -0.0194        
 4443.640 -0.0178        
 4443.660 -0.0156        
 4443.680 -0.0140        
 4443.700 -0.0144        
 4443.720 -0.0182        
 4443.740 -0.0256        
 4443.760 -0.0351        
 4443.780 -0.0444        
 4443.800 -0.0509        
 4443.820 -0.0529        
 4443.840 -0.0502        
 4443.860 -0.0444        
 4443.880 -0.0381        
 4443.900 -0.0338        
 4443.920 -0.0330        
 4443.940 -0.0359        
 4443.960 -0.0409        
 4443.980 -0.0453        
 4444.000 -0.0469        
 4444.020 -0.0452        
 4444.040 -0.0414        
 4444.060 -0.0379        
 4444.080 -0.0363        
 4444.100 -0.0373        
 4444.120 -0.0400        
 4444.140 -0.0426        
 4444.160 -0.0430        
 4444.180 -0.0395        
 4444.200 -0.0319        
 4444.220 -0.0216        
 4444.240 -0.0111        
 4444.260 -0.0028        
 4444.280  0.0015        
 4444.300  0.0013        
 4444.320 -0.0026        
 4444.340 -0.0087        
 4444.360 -0.0152        
 4444.380 -0.0205        
 4444.400 -0.0239        
 4444.420 -0.0254        
 4444.440 -0.0254        
 4444.460 -0.0246        
 4444.480 -0.0235        
 4444.500 -0.0223        
 4444.520 -0.0210        
 4444.540 -0.0195        
 4444.560 -0.0181        
 4444.580 -0.0170        
 4444.600 -0.0166        
 4444.620 -0.0172        
 4444.640 -0.0187        
 4444.660 -0.0212        
 4444.680 -0.0242        
 4444.700 -0.0272        
 4444.720 -0.0300        
 4444.740 -0.0324        
 4444.760 -0.0345        
 4444.780 -0.0365        
 4444.800 -0.0385        
 4444.820 -0.0406        
 4444.840 -0.0425        
 4444.860 -0.0438        
 4444.880 -0.0438        
 4444.900 -0.0424        
 4444.920 -0.0400        
 4444.940 -0.0370        
 4444.960 -0.0343        
 4444.980 -0.0324        
 4445.000 -0.0314        
 4445.020 -0.0312        
 4445.040 -0.0316        
 4445.060 -0.0323        
 4445.080 -0.0333        
 4445.100 -0.0344        
 4445.120 -0.0355        
 4445.140 -0.0365        
 4445.160 -0.0371        
 4445.180 -0.0371        
 4445.200 -0.0364        
 4445.220 -0.0348        
 4445.240 -0.0327        
 4445.260 -0.0306        
 4445.280 -0.0290        
 4445.300 -0.0282        
 4445.320 -0.0281        
 4445.340 -0.0282        
 4445.360 -0.0276        
 4445.380 -0.0255        
 4445.400 -0.0219        
 4445.420 -0.0171        
 4445.440 -0.0123        
 4445.460 -0.0091        
 4445.480 -0.0086        
 4445.500 -0.0113        
 4445.520 -0.0166        
 4445.540 -0.0234        
 4445.560 -0.0296        
 4445.580 -0.0339        
 4445.600 -0.0352        
 4445.620 -0.0338        
 4445.640 -0.0306        
 4445.660 -0.0273        
 4445.680 -0.0252        
 4445.700 -0.0251        
 4445.720 -0.0272        
 4445.740 -0.0305        
 4445.760 -0.0337        
 4445.780 -0.0356        
 4445.800 -0.0355        
 4445.820 -0.0333        
 4445.840 -0.0295        
 4445.860 -0.0250        
 4445.880 -0.0208        
 4445.900 -0.0177        
 4445.920 -0.0163        
 4445.940 -0.0166        
 4445.960 -0.0184        
 4445.980 -0.0212        
 4446.000 -0.0249        
 4446.020 -0.0294        
 4446.040 -0.0346        
 4446.060 -0.0404        
 4446.080 -0.0465        
 4446.100 -0.0524        
 4446.120 -0.0569        
 4446.140 -0.0593        
 4446.160 -0.0586        
 4446.180 -0.0545        
 4446.200 -0.0469        
 4446.220 -0.0366        
 4446.240 -0.0249        
 4446.260 -0.0140        
 4446.280 -0.0058        
 4446.300 -0.0014        
 4446.320 -0.0012        
 4446.340 -0.0043        
 4446.360 -0.0090        
 4446.380 -0.0137        
 4446.400 -0.0171        
 4446.420 -0.0186        
 4446.440 -0.0185        
 4446.460 -0.0173        
 4446.480 -0.0161        
 4446.500 -0.0154        
 4446.520 -0.0153        
 4446.540 -0.0155        
 4446.560 -0.0157        
 4446.580 -0.0156        
 4446.600 -0.0151        
 4446.620 -0.0146        
 4446.640 -0.0148        
 4446.660 -0.0159        
 4446.680 -0.0179        
 4446.700 -0.0205        
 4446.720 -0.0233        
 4446.740 -0.0257        
 4446.760 -0.0277        
 4446.780 -0.0293        
 4446.800 -0.0311        
 4446.820 -0.0334        
 4446.840 -0.0361        
 4446.860 -0.0388        
 4446.880 -0.0403        
 4446.900 -0.0396        
 4446.920 -0.0358        
 4446.940 -0.0290        
 4446.960 -0.0204        
 4446.980 -0.0120        
 4447.000 -0.0059        
 4447.020 -0.0039        
 4447.040 -0.0069        
 4447.060 -0.0145        
 4447.080 -0.0247        
 4447.100 -0.0347        
 4447.120 -0.0418        
 4447.140 -0.0439        
 4447.160 -0.0406        
 4447.180 -0.0329        
 4447.200 -0.0230        
 4447.220 -0.0137        
 4447.240 -0.0076        
 4447.260 -0.0058        
 4447.280 -0.0082        
 4447.300 -0.0131        
 4447.320 -0.0182        
 4447.340 -0.0215        
 4447.360 -0.0216        
 4447.380 -0.0188        
 4447.400 -0.0145        
 4447.420 -0.0106        
 4447.440 -0.0087        
 4447.460 -0.0093        
 4447.480 -0.0118        
 4447.500 -0.0148        
 4447.520 -0.0167        
 4447.540 -0.0164        
 4447.560 -0.0139        
 4447.580 -0.0103        
 4447.600 -0.0070        
 4447.620 -0.0055        
 4447.640 -0.0065        
 4447.660 -0.0097        
 4447.680 -0.0140        
 4447.700 -0.0183        
 4447.720 -0.0217        
 4447.740 -0.0240        
 4447.760 -0.0255        
 4447.780 -0.0267        
 4447.800 -0.0279        
 4447.820 -0.0288        
 4447.840 -0.0287        
 4447.860 -0.0270        
 4447.880 -0.0233        
 4447.900 -0.0183        
 4447.920 -0.0133        
 4447.940 -0.0097        
 4447.960 -0.0088        
 4447.980 -0.0108        
 4448.000 -0.0150        
 4448.020 -0.0200        
 4448.040 -0.0241        
 4448.060 -0.0262        
 4448.080 -0.0259        
 4448.100 -0.0239        
 4448.120 -0.0214        
 4448.140 -0.0194        
 4448.160 -0.0186        
 4448.180 -0.0187        
 4448.200 -0.0193        
 4448.220 -0.0197        
 4448.240 -0.0197        
 4448.260 -0.0196        
 4448.280 -0.0202        
 4448.300 -0.0221        
 4448.320 -0.0254        
 4448.340 -0.0296        
 4448.360 -0.0335        
 4448.380 -0.0359        
 4448.400 -0.0358        
 4448.420 -0.0333        
 4448.440 -0.0295        
 4448.460 -0.0261        
 4448.480 -0.0246        
 4448.500 -0.0261        
 4448.520 -0.0304        
 4448.540 -0.0361        
 4448.560 -0.0412        
 4448.580 -0.0433        
 4448.600 -0.0410        
 4448.620 -0.0342        
 4448.640 -0.0243        
 4448.660 -0.0135        
 4448.680 -0.0047        
 4448.700 -0.0001        
 4448.720 -0.0010        
 4448.740 -0.0072        
 4448.760 -0.0168        
 4448.780 -0.0270        
 4448.800 -0.0348        
 4448.820 -0.0383        
 4448.840 -0.0369        
 4448.860 -0.0317        
 4448.880 -0.0249        
 4448.900 -0.0193        
 4448.920 -0.0165        
 4448.940 -0.0169        
 4448.960 -0.0195        
 4448.980 -0.0221        
 4449.000 -0.0226        
 4449.020 -0.0201        
 4449.040 -0.0151        
 4449.060 -0.0095        
 4449.080 -0.0058        
 4449.100 -0.0061        
 4449.120 -0.0112        
 4449.140 -0.0200        
 4449.160 -0.0304        
 4449.180 -0.0394        
 4449.200 -0.0447        
 4449.220 -0.0456        
 4449.240 -0.0428        
 4449.260 -0.0384        
 4449.280 -0.0341        
 4449.300 -0.0312        
 4449.320 -0.0301        
 4449.340 -0.0301        
 4449.360 -0.0305        
 4449.380 -0.0306        
 4449.400 -0.0306        
 4449.420 -0.0310        
 4449.440 -0.0323        
 4449.460 -0.0346        
 4449.480 -0.0371        
 4449.500 -0.0387        
 4449.520 -0.0381        
 4449.540 -0.0347        
 4449.560 -0.0293        
 4449.580 -0.0232        
 4449.600 -0.0186        
 4449.620 -0.0170        
 4449.640 -0.0188        
 4449.660 -0.0234        
 4449.680 -0.0295        
 4449.700 -0.0352        
 4449.720 -0.0387        
 4449.740 -0.0396        
 4449.760 -0.0382        
 4449.780 -0.0355        
 4449.800 -0.0328        
 4449.820 -0.0306        
 4449.840 -0.0290        
 4449.860 -0.0275        
 4449.880 -0.0260        
 4449.900 -0.0248        
 4449.920 -0.0246        
 4449.940 -0.0257        
 4449.960 -0.0284        
 4449.980 -0.0320        
 4450.000 -0.0361        
 4450.020 -0.0397        
 4450.040 -0.0417        
 4450.060 -0.0415        
 4450.080 -0.0394        
 4450.100 -0.0368        
 4450.120 -0.0356        
 4450.140 -0.0367        
 4450.160 -0.0396        
 4450.180 -0.0430        
 4450.200 -0.0454        
 4450.220 -0.0456        
 4450.240 -0.0431        
 4450.260 -0.0380        
 4450.280 -0.0312        
 4450.300 -0.0244        
 4450.320 -0.0190        
 4450.340 -0.0162        
 4450.360 -0.0163        
 4450.380 -0.0189        
 4450.400 -0.0228        
 4450.420 -0.0266        
 4450.440 -0.0289        
 4450.460 -0.0292        
 4450.480 -0.0273        
 4450.500 -0.0241        
 4450.520 -0.0211        
 4450.540 -0.0198        
 4450.560 -0.0214        
 4450.580 -0.0261        
 4450.600 -0.0329        
 4450.620 -0.0396        
 4450.640 -0.0439        
 4450.660 -0.0438        
 4450.680 -0.0388        
 4450.700 -0.0297        
 4450.720 -0.0187        
 4450.740 -0.0083        
 4450.760 -0.0011        
 4450.780  0.0016        
 4450.800  0.0000        
 4450.820 -0.0048        
 4450.840 -0.0112        
 4450.860 -0.0177        
 4450.880 -0.0235        
 4450.900 -0.0279        
 4450.920 -0.0309        
 4450.940 -0.0324        
 4450.960 -0.0325        
 4450.980 -0.0315        
 4451.000 -0.0299        
 4451.020 -0.0282        
 4451.040 -0.0270        
 4451.060 -0.0268        
 4451.080 -0.0277        
 4451.100 -0.0295        
 4451.120 -0.0311        
 4451.140 -0.0317        
 4451.160 -0.0305        
 4451.180 -0.0277        
 4451.200 -0.0240        
 4451.220 -0.0205        
 4451.240 -0.0183        
 4451.260 -0.0184        
 4451.280 -0.0211        
 4451.300 -0.0259        
 4451.320 -0.0319        
 4451.340 -0.0379        
 4451.360 -0.0429        
 4451.380 -0.0466        
 4451.400 -0.0487        
 4451.420 -0.0494        
 4451.440 -0.0485        
 4451.460 -0.0457        
 4451.480 -0.0411        
 4451.500 -0.0350        
 4451.520 -0.0288        
 4451.540 -0.0236        
 4451.560 -0.0208        
 4451.580 -0.0208        
 4451.600 -0.0229        
 4451.620 -0.0257        
 4451.640 -0.0274        
 4451.660 -0.0270        
 4451.680 -0.0242        
 4451.700 -0.0204        
 4451.720 -0.0171        
 4451.740 -0.0158        
 4451.760 -0.0168        
 4451.780 -0.0194        
 4451.800 -0.0220        
 4451.820 -0.0233        
 4451.840 -0.0225        
 4451.860 -0.0201        
 4451.880 -0.0177        
 4451.900 -0.0170        
 4451.920 -0.0190        
 4451.940 -0.0234        
 4451.960 -0.0289        
 4451.980 -0.0338        
 4452.000 -0.0368        
 4452.020 -0.0376        
 4452.040 -0.0368        
 4452.060 -0.0352        
 4452.080 -0.0338        
 4452.100 -0.0325        
 4452.120 -0.0305        
 4452.140 -0.0267        
 4452.160 -0.0205        
 4452.180 -0.0125        
 4452.200 -0.0050        
 4452.220 -0.0008        
 4452.240 -0.0016        
 4452.260 -0.0072        
 4452.280 -0.0156        
 4452.300 -0.0241        
 4452.320 -0.0301        
 4452.340 -0.0323        
 4452.360 -0.0306        
 4452.380 -0.0267        
 4452.400 -0.0229        
 4452.420 -0.0212        
 4452.440 -0.0218        
 4452.460 -0.0235        
 4452.480 -0.0241        
 4452.500 -0.0224        
 4452.520 -0.0186        
 4452.540 -0.0143        
 4452.560 -0.0118        
 4452.580 -0.0131        
 4452.600 -0.0186        
 4452.620 -0.0268        
 4452.640 -0.0350        
 4452.660 -0.0403        
 4452.680 -0.0412        
 4452.700 -0.0378        
 4452.720 -0.0324        
 4452.740 -0.0277        
 4452.760 -0.0257        
 4452.780 -0.0271        
 4452.800 -0.0307        
 4452.820 -0.0343        
 4452.840 -0.0359        
 4452.860 -0.0347        
 4452.880 -0.0316        
 4452.900 -0.0283        
 4452.920 -0.0270        
 4452.940 -0.0288        
 4452.960 -0.0332        
 4452.980  0.0000        
 4453.000  0.0000        
