           1.0100  1.0000
          -0.1300  0.0000
 4597.000  0.9245  0.9861
 4597.020  0.9103  0.9851
 4597.040  0.8999  0.9864
 4597.060  0.8954  0.9852
 4597.080  0.8991  0.9822
 4597.100  0.9095  0.9860
 4597.120  0.9233  0.9868
 4597.140  0.9367  0.9874
 4597.160  0.9464  0.9881
 4597.180  0.9519  0.9859
 4597.200  0.9549  0.9863
 4597.220  0.9569  0.9812
 4597.240  0.9581  0.9805
 4597.260  0.9587  0.9827
 4597.280  0.9600  0.9832
 4597.300  0.9633  0.9875
 4597.320  0.9686  0.9847
 4597.340  0.9738  0.9861
 4597.360  0.9765  0.9834
 4597.380  0.9745  0.9797
 4597.400  0.9660  0.9745
 4597.420  0.9509  0.9757
 4597.440  0.9325  0.9777
 4597.460  0.9142  0.9782
 4597.480  0.8987  0.9823
 4597.500  0.8876  0.9824
 4597.520  0.8817  0.9826
 4597.540  0.8805  0.9815
 4597.560  0.8832  0.9796
 4597.580  0.8886  0.9756
 4597.600  0.8957  0.9705
 4597.620  0.9034  0.9644
 4597.640  0.9111  0.9573
 4597.660  0.9182  0.9538
 4597.680  0.9249  0.9511
 4597.700  0.9305  0.9506
 4597.720  0.9341  0.9532
 4597.740  0.9348  0.9596
 4597.760  0.9331  0.9670
 4597.780  0.9305  0.9740
 4597.800  0.9284  0.9793
 4597.820  0.9282  0.9823
 4597.840  0.9306  0.9834
 4597.860  0.9356  0.9833
 4597.880  0.9425  0.9832
 4597.900  0.9499  0.9836
 4597.920  0.9566  0.9846
 4597.940  0.9614  0.9857
 4597.960  0.9636  0.9863
 4597.980  0.9628  0.9860
 4598.000  0.9591  0.9848
 4598.020  0.9529  0.9832
 4598.040  0.9448  0.9820
 4598.060  0.9357  0.9815
 4598.080  0.9266  0.9821
 4598.100  0.9186  0.9832
 4598.120  0.9125  0.9845
 4598.140  0.9089  0.9854
 4598.160  0.9082  0.9858
 4598.180  0.9105  0.9858
 4598.200  0.9156  0.9857
 4598.220  0.9235  0.9856
 4598.240  0.9339  0.9853
 4598.260  0.9464  0.9846
 4598.280  0.9603  0.9833
 4598.300  0.9742  0.9817
 4598.320  0.9864  0.9804
 4598.340  0.9953  0.9800
 4598.360  0.9997  0.9810
 4598.380  0.9996  0.9829
 4598.400  0.9961  0.9848
 4598.420  0.9915  0.9854
 4598.440  0.9882  0.9838
 4598.460  0.9880  0.9803
 4598.480  0.9917  0.9759
 4598.500  0.9984  0.9723
 4598.520  1.0058  0.9704
 4598.540  1.0116  0.9696
 4598.560  1.0140  0.9679
 4598.580  1.0125  0.9618
 4598.600  1.0080  0.9483
 4598.620  1.0022  0.9266
 4598.640  0.9965  0.8989
 4598.660  0.9920  0.8706
 4598.680  0.9883  0.8487
 4598.700  0.9842  0.8391
 4598.720  0.9783  0.8448
 4598.740  0.9701  0.8644
 4598.760  0.9601  0.8925
 4598.780  0.9502  0.9217
 4598.800  0.9423  0.9454
 4598.820  0.9380  0.9597
 4598.840  0.9378  0.9646
 4598.860  0.9410  0.9637
 4598.880  0.9462  0.9615
 4598.900  0.9513  0.9619
 4598.920  0.9547  0.9666
 4598.940  0.9556  0.9742
 4598.960  0.9544  0.9821
 4598.980  0.9520  0.9873
 4599.000  0.9497  0.9885
 4599.020  0.9487  0.9862
 4599.040  0.9496  0.9825
 4599.060  0.9525  0.9796
 4599.080  0.9575  0.9789
 4599.100  0.9641  0.9803
 4599.120  0.9722  0.9823
 4599.140  0.9813  0.9837
 4599.160  0.9907  0.9834
 4599.180  0.9994  0.9819
 4599.200  1.0060  0.9806
 4599.220  1.0097  0.9807
 4599.240  1.0099  0.9828
 4599.260  1.0069  0.9862
 4599.280  1.0016  0.9894
 4599.300  0.9952  0.9907
 4599.320  0.9889  0.9895
 4599.340  0.9833  0.9866
 4599.360  0.9784  0.9835
 4599.380  0.9741  0.9822
 4599.400  0.9701  0.9838
 4599.420  0.9661  0.9876
 4599.440  0.9624  0.9919
 4599.460  0.9589  0.9944
 4599.480  0.9554  0.9936
 4599.500  0.9511  0.9895
 4599.520  0.9450  0.9838
 4599.540  0.9362  0.9787
 4599.560  0.9244  0.9763
 4599.580  0.9103  0.9771
 4599.600  0.8956  0.9802
 4599.620  0.8826  0.9835
 4599.640  0.8736  0.9851
 4599.660  0.8702  0.9843
 4599.680  0.8726  0.9816
 4599.700  0.8801  0.9788
 4599.720  0.8907  0.9779
 4599.740  0.9021  0.9796
 4599.760  0.9125  0.9835
 4599.780  0.9206  0.9878
 4599.800  0.9259  0.9905
 4599.820  0.9286  0.9903
 4599.840  0.9288  0.9874
 4599.860  0.9266  0.9834
 4599.880  0.9219  0.9804
 4599.900  0.9148  0.9800
 4599.920  0.9056  0.9823
 4599.940  0.8952  0.9860
 4599.960  0.8846  0.9887
 4599.980  0.8753  0.9882
 4600.000  0.8681  0.9833
 4600.020  0.8637  0.9747
 4600.040  0.8621  0.9645
 4600.060  0.8634  0.9554
 4600.080  0.8672  0.9495
 4600.100  0.8734  0.9480
 4600.120  0.8822  0.9508
 4600.140  0.8934  0.9567
 4600.160  0.9070  0.9640
 4600.180  0.9221  0.9714
 4600.200  0.9374  0.9779
 4600.220  0.9514  0.9829
 4600.240  0.9625  0.9862
 4600.260  0.9697  0.9878
 4600.280  0.9728  0.9879
 4600.300  0.9725  0.9868
 4600.320  0.9701  0.9853
 4600.340  0.9671  0.9843
 4600.360  0.9650  0.9846
 4600.380  0.9644  0.9862
 4600.400  0.9656  0.9887
 4600.420  0.9681  0.9911
 4600.440  0.9709  0.9921
 4600.460  0.9732  0.9913
 4600.480  0.9738  0.9887
 4600.500  0.9720  0.9852
 4600.520  0.9672  0.9823
 4600.540  0.9593  0.9808
 4600.560  0.9491  0.9810
 4600.580  0.9379  0.9822
 4600.600  0.9275  0.9832
 4600.620  0.9197  0.9834
 4600.640  0.9161  0.9823
 4600.660  0.9176  0.9808
 4600.680  0.9239  0.9800
 4600.700  0.9337  0.9807
 4600.720  0.9451  0.9830
 4600.740  0.9562  0.9863
 4600.760  0.9657  0.9889
 4600.780  0.9732  0.9897
 4600.800  0.9792  0.9883
 4600.820  0.9845  0.9854
 4600.840  0.9900  0.9826
 4600.860  0.9958  0.9814
 4600.880  1.0015  0.9826
 4600.900  1.0058  0.9857
 4600.920  1.0076  0.9892
 4600.940  1.0063  0.9913
 4600.960  1.0019  0.9910
 4600.980  0.9955  0.9884
 4601.000  0.9886  0.9847
 4601.020  0.9829  0.9819
 4601.040  0.9794  0.9811
 4601.060  0.9784  0.9826
 4601.080  0.9793  0.9852
 4601.100  0.9811  0.9872
 4601.120  0.9826  0.9873
 4601.140  0.9832  0.9852
 4601.160  0.9830  0.9819
 4601.180  0.9825  0.9792
 4601.200  0.9825  0.9784
 4601.220  0.9834  0.9802
 4601.240  0.9854  0.9836
 4601.260  0.9878  0.9868
 4601.280  0.9896  0.9883
 4601.300  0.9903  0.9872
 4601.320  0.9894  0.9843
 4601.340  0.9871  0.9811
 4601.360  0.9841  0.9793
 4601.380  0.9812  0.9798
 4601.400  0.9788  0.9819
 4601.420  0.9767  0.9842
 4601.440  0.9742  0.9848
 4601.460  0.9706  0.9831
 4601.480  0.9651  0.9798
 4601.500  0.9579  0.9767
 4601.520  0.9498  0.9759
 4601.540  0.9422  0.9786
 4601.560  0.9365  0.9840
 4601.580  0.9333  0.9897
 4601.600  0.9326  0.9928
 4601.620  0.9334  0.9909
 4601.640  0.9344  0.9836
 4601.660  0.9341  0.9727
 4601.680  0.9317  0.9613
 4601.700  0.9270  0.9525
 4601.720  0.9207  0.9482
 4601.740  0.9137  0.9486
 4601.760  0.9071  0.9521
 4601.780  0.9018  0.9567
 4601.800  0.8984  0.9612
 4601.820  0.8975  0.9652
 4601.840  0.8994  0.9696
 4601.860  0.9041  0.9751
 4601.880  0.9114  0.9815
 4601.900  0.9203  0.9873
 4601.920  0.9295  0.9903
 4601.940  0.9373  0.9888
 4601.960  0.9418  0.9827
 4601.980  0.9419  0.9743
 4602.000  0.9375  0.9673
 4602.020  0.9294  0.9652
 4602.040  0.9196  0.9694
 4602.060  0.9103  0.9782
 4602.080  0.9031  0.9864
 4602.100  0.8988  0.9880
 4602.120  0.8971  0.9781
 4602.140  0.8975  0.9557
 4602.160  0.8999  0.9244
 4602.180  0.9045  0.8917
 4602.200  0.9122  0.8663
 4602.220  0.9237  0.8554
 4602.240  0.9388  0.8615
 4602.260  0.9559  0.8824
 4602.280  0.9725  0.9118
 4602.300  0.9861  0.9414
 4602.320  0.9947  0.9644
 4602.340  0.9974  0.9767
 4602.360  0.9945  0.9783
 4602.380  0.9877  0.9724
 4602.400  0.9796  0.9634
 4602.420  0.9727  0.9556
 4602.440  0.9689  0.9515
 4602.460  0.9689  0.9513
 4602.480  0.9718  0.9536
 4602.500  0.9760  0.9553
 4602.520  0.9798  0.9536
 4602.540  0.9819  0.9462
 4602.560  0.9823  0.9321
 4602.580  0.9816  0.9123
 4602.600  0.9808  0.8896
 4602.620  0.9809  0.8681
 4602.640  0.9827  0.8519
 4602.660  0.9858  0.8443
 4602.680  0.9899  0.8458
 4602.700  0.9941  0.8542
 4602.720  0.9975  0.8644
 4602.740  0.9999  0.8704
 4602.760  1.0009  0.8672
 4602.780  1.0003  0.8536
 4602.800  0.9980  0.8326
 4602.820  0.9943  0.8112
 4602.840  0.9896  0.7980
 4602.860  0.9850  0.7999
 4602.880  0.9814  0.8197
 4602.900  0.9793  0.8545
 4602.920  0.9784  0.8968
 4602.940  0.9776  0.9371
 4602.960  0.9757  0.9672
 4602.980  0.9718  0.9830
 4603.000  0.9658  0.9854
 4603.020  0.9588  0.9793
 4603.040  0.9527  0.9714
 4603.060  0.9500  0.9670
 4603.080  0.9522  0.9685
 4603.100  0.9595  0.9747
 4603.120  0.9704  0.9824
 4603.140  0.9821  0.9878
 4603.160  0.9915  0.9889
 4603.180  0.9960  0.9861
 4603.200  0.9943  0.9817
 4603.220  0.9869  0.9782
 4603.240  0.9755  0.9777
 4603.260  0.9629  0.9800
 4603.280  0.9516  0.9836
 4603.300  0.9438  0.9863
 4603.320  0.9403  0.9866
 4603.340  0.9413  0.9842
 4603.360  0.9460  0.9804
 4603.380  0.9530  0.9771
 4603.400  0.9604  0.9761
 4603.420  0.9659  0.9776
 4603.440  0.9672  0.9809
 4603.460  0.9628  0.9843
 4603.480  0.9522  0.9863
 4603.500  0.9362  0.9862
 4603.520  0.9175  0.9846
 4603.540  0.8994  0.9825
 4603.560  0.8854  0.9814
 4603.580  0.8777  0.9815
 4603.600  0.8766  0.9826
 4603.620  0.8804  0.9834
 4603.640  0.8860  0.9831
 4603.660  0.8908  0.9811
 4603.680  0.8929  0.9779
 4603.700  0.8927  0.9749
 4603.720  0.8923  0.9733
 4603.740  0.8943  0.9741
 4603.760  0.9010  0.9771
 4603.780  0.9130  0.9810
 4603.800  0.9293  0.9845
 4603.820  0.9472  0.9863
 4603.840  0.9642  0.9859
 4603.860  0.9783  0.9837
 4603.880  0.9888  0.9807
 4603.900  0.9964  0.9780
 4603.920  1.0022  0.9764
 4603.940  1.0070  0.9761
 4603.960  1.0108  0.9769
 4603.980  1.0123  0.9781
 4604.000  1.0102  0.9793
 4604.020  1.0037  0.9805
 4604.040  0.9930  0.9815
 4604.060  0.9801  0.9824
 4604.080  0.9676  0.9832
 4604.100  0.9582  0.9836
 4604.120  0.9532  0.9832
 4604.140  0.9524  0.9818
 4604.160  0.9544  0.9794
 4604.180  0.9569  0.9765
 4604.200  0.9581  0.9736
 4604.220  0.9574  0.9714
 4604.240  0.9555  0.9700
 4604.260  0.9540  0.9698
 4604.280  0.9546  0.9704
 4604.300  0.9580  0.9717
 4604.320  0.9640  0.9735
 4604.340  0.9711  0.9756
 4604.360  0.9777  0.9779
 4604.380  0.9824  0.9802
 4604.400  0.9849  0.9821
 4604.420  0.9858  0.9831
 4604.440  0.9863  0.9831
 4604.460  0.9875  0.9819
 4604.480  0.9901  0.9799
 4604.500  0.9937  0.9779
 4604.520  0.9975  0.9765
 4604.540  1.0006  0.9763
 4604.560  1.0020  0.9773
 4604.580  1.0015  0.9791
 4604.600  0.9993  0.9811
 4604.620  0.9958  0.9826
 4604.640  0.9913  0.9834
 4604.660  0.9862  0.9837
 4604.680  0.9808  0.9838
 4604.700  0.9754  0.9841
 4604.720  0.9709  0.9850
 4604.740  0.9679  0.9863
 4604.760  0.9675  0.9875
 4604.780  0.9698  0.9882
 4604.800  0.9744  0.9880
 4604.820  0.9803  0.9870
 4604.840  0.9857  0.9858
 4604.860  0.9890  0.9847
 4604.880  0.9893  0.9844
 4604.900  0.9868  0.9849
 4604.920  0.9826  0.9860
 4604.940  0.9786  0.9870
 4604.960  0.9765  0.9874
 4604.980  0.9775  0.9870
 4605.000  0.9813  0.9857
 4605.020  0.9866  0.9840
 4605.040  0.9914  0.9822
 4605.060  0.9932  0.9808
 4605.080  0.9906  0.9800
 4605.100  0.9830  0.9797
 4605.120  0.9715  0.9797
 4605.140  0.9583  0.9798
 4605.160  0.9459  0.9801
 4605.180  0.9369  0.9805
 4605.200  0.9329  0.9812
 4605.220  0.9341  0.9821
 4605.240  0.9398  0.9829
 4605.260  0.9480  0.9833
 4605.280  0.9568  0.9830
 4605.300  0.9647  0.9817
 4605.320  0.9710  0.9798
 4605.340  0.9758  0.9774
 4605.360  0.9801  0.9754
 4605.380  0.9848  0.9742
 4605.400  0.9902  0.9742
 4605.420  0.9956  0.9755
 4605.440  0.9993  0.9778
 4605.460  0.9991  0.9806
 4605.480  0.9928  0.9832
 4605.500  0.9793  0.9852
 4605.520  0.9589  0.9863
 4605.540  0.9334  0.9865
 4605.560  0.9059  0.9859
 4605.580  0.8799  0.9849
 4605.600  0.8588  0.9838
 4605.620  0.8447  0.9829
 4605.640  0.8385  0.9824
 4605.660  0.8393  0.9823
 4605.680  0.8452  0.9824
 4605.700  0.8538  0.9827
 4605.720  0.8628  0.9830
 4605.740  0.8708  0.9832
 4605.760  0.8771  0.9832
 4605.780  0.8824  0.9831
 4605.800  0.8879  0.9828
 4605.820  0.8950  0.9826
 4605.840  0.9047  0.9824
 4605.860  0.9172  0.9825
 4605.880  0.9314  0.9826
 4605.900  0.9451  0.9830
 4605.920  0.9556  0.9834
 4605.940  0.9607  0.9838
 4605.960  0.9589  0.9842
 4605.980  0.9509  0.9845
 4606.000  0.9386  0.9848
 4606.020  0.9255  0.9851
 4606.040  0.9153  0.9855
 4606.060  0.9108  0.9860
 4606.080  0.9131  0.9867
 4606.100  0.9215  0.9875
 4606.120  0.9336  0.9882
 4606.140  0.9464  0.9888
 4606.160  0.9570  0.9891
 4606.180  0.9633  0.9891
 4606.200  0.9645  0.9887
 4606.220  0.9609  0.9882
 4606.240  0.9533  0.9876
 4606.260  0.9430  0.9873
 4606.280  0.9308  0.9873
 4606.300  0.9175  0.9879
 4606.320  0.9041  0.9888
 4606.340  0.8916  0.9898
 4606.360  0.8812  0.9905
 4606.380  0.8739  0.9907
 4606.400  0.8703  0.9901
 4606.420  0.8699  0.9889
 4606.440  0.8713  0.9871
 4606.460  0.8726  0.9851
 4606.480  0.8719  0.9831
 4606.500  0.8678  0.9816
 4606.520  0.8606  0.9808
 4606.540  0.8517  0.9805
 4606.560  0.8432  0.9808
 4606.580  0.8378  0.9814
 4606.600  0.8372  0.9822
 4606.620  0.8424  0.9830
 4606.640  0.8530  0.9837
 4606.660  0.8679  0.9843
 4606.680  0.8853  0.9850
 4606.700  0.9036  0.9856
 4606.720  0.9211  0.9861
 4606.740  0.9364  0.9864
 4606.760  0.9486  0.9862
 4606.780  0.9567  0.9855
 4606.800  0.9604  0.9843
 4606.820  0.9597  0.9828
 4606.840  0.9550  0.9816
 4606.860  0.9473  0.9811
 4606.880  0.9377  0.9817
 4606.900  0.9272  0.9833
 4606.920  0.9161  0.9854
 4606.940  0.9046  0.9876
 4606.960  0.8924  0.9890
 4606.980  0.8794  0.9892
 4607.000  0.8663  0.9882
 4607.020  0.8544  0.9864
 4607.040  0.8455  0.9844
 4607.060  0.8417  0.9828
 4607.080  0.8440  0.9820
 4607.100  0.8528  0.9819
 4607.120  0.8667  0.9820
 4607.140  0.8839  0.9821
 4607.160  0.9022  0.9819
 4607.180  0.9197  0.9816
 4607.200  0.9355  0.9814
 4607.220  0.9492  0.9817
 4607.240  0.9612  0.9825
 4607.260  0.9718  0.9833
 4607.280  0.9811  0.9835
 4607.300  0.9888  0.9823
 4607.320  0.9944  0.9797
 4607.340  0.9975  0.9763
 4607.360  0.9980  0.9733
 4607.380  0.9964  0.9720
 4607.400  0.9936  0.9729
 4607.420  0.9906  0.9757
 4607.440  0.9882  0.9785
 4607.460  0.9867  0.9788
 4607.480  0.9857  0.9746
 4607.500  0.9846  0.9650
 4607.520  0.9827  0.9508
 4607.540  0.9791  0.9352
 4607.560  0.9735  0.9217
 4607.580  0.9656  0.9141
 4607.600  0.9559  0.9142
 4607.620  0.9451  0.9219
 4607.640  0.9343  0.9348
 4607.660  0.9246  0.9495
 4607.680  0.9172  0.9625
 4607.700  0.9131  0.9717
 4607.720  0.9129  0.9765
 4607.740  0.9163  0.9781
 4607.760  0.9225  0.9783
 4607.780  0.9299  0.9787
 4607.800  0.9365  0.9801
 4607.820  0.9407  0.9823
 4607.840  0.9419  0.9843
 4607.860  0.9401  0.9851
 4607.880  0.9364  0.9841
 4607.900  0.9322  0.9817
 4607.920  0.9288  0.9786
 4607.940  0.9267  0.9759
 4607.960  0.9258  0.9744
 4607.980  0.9252  0.9744
 4608.000  0.9237  0.9756
 4608.020  0.9204  0.9774
 4608.040  0.9149  0.9794
 4608.060  0.9074  0.9813
 4608.080  0.8989  0.9830
 4608.100  0.8907  0.9844
 4608.120  0.8843  0.9856
 4608.140  0.8815  0.9865
 4608.160  0.8835  0.9868
 4608.180  0.8912  0.9866
 4608.200  0.9047  0.9862
 4608.220  0.9230  0.9857
 4608.240  0.9445  0.9857
 4608.260  0.9665  0.9862
 4608.280  0.9861  0.9870
 4608.300  1.0009  0.9879
 4608.320  1.0095  0.9883
 4608.340  1.0120  0.9880
 4608.360  1.0099  0.9872
 4608.380  1.0052  0.9862
 4608.400  1.0002  0.9855
 4608.420  0.9965  0.9853
 4608.440  0.9946  0.9854
 4608.460  0.9939  0.9853
 4608.480  0.9934  0.9847
 4608.500  0.9921  0.9834
 4608.520  0.9894  0.9821
 4608.540  0.9858  0.9812
 4608.560  0.9821  0.9816
 4608.580  0.9791  0.9834
 4608.600  0.9770  0.9861
 4608.620  0.9752  0.9888
 4608.640  0.9726  0.9904
 4608.660  0.9675  0.9900
 4608.680  0.9592  0.9881
 4608.700  0.9478  0.9853
 4608.720  0.9348  0.9830
 4608.740  0.9223  0.9820
 4608.760  0.9127  0.9823
 4608.780  0.9078  0.9829
 4608.800  0.9080  0.9825
 4608.820  0.9125  0.9797
 4608.840  0.9197  0.9747
 4608.860  0.9274  0.9684
 4608.880  0.9341  0.9631
 4608.900  0.9386  0.9606
 4608.920  0.9410  0.9621
 4608.940  0.9420  0.9674
 4608.960  0.9427  0.9744
 4608.980  0.9441  0.9809
 4609.000  0.9467  0.9846
 4609.020  0.9506  0.9847
 4609.040  0.9555  0.9817
 4609.060  0.9606  0.9777
 4609.080  0.9651  0.9746
 4609.100  0.9683  0.9739
 4609.120  0.9700  0.9758
 4609.140  0.9700  0.9793
 4609.160  0.9689  0.9830
 4609.180  0.9669  0.9855
 4609.200  0.9646  0.9865
 4609.220  0.9621  0.9864
 4609.240  0.9593  0.9861
 4609.260  0.9557  0.9863
 4609.280  0.9509  0.9872
 4609.300  0.9447  0.9881
 4609.320  0.9371  0.9881
 4609.340  0.9290  0.9866
 4609.360  0.9217  0.9836
 4609.380  0.9168  0.9800
 4609.400  0.9159  0.9771
 4609.420  0.9198  0.9759
 4609.440  0.9283  0.9767
 4609.460  0.9403  0.9790
 4609.480  0.9537  0.9817
 4609.500  0.9663  0.9838
 4609.520  0.9763  0.9848
 4609.540  0.9824  0.9849
 4609.560  0.9844  0.9848
 4609.580  0.9827  0.9852
 4609.600  0.9786  0.9863
 4609.620  0.9736  0.9877
 4609.640  0.9689  0.9886
 4609.660  0.9654  0.9882
 4609.680  0.9635  0.9864
 4609.700  0.9630  0.9836
 4609.720  0.9638  0.9811
 4609.740  0.9654  0.9798
 4609.760  0.9676  0.9804
 4609.780  0.9704  0.9825
 4609.800  0.9737  0.9852
 4609.820  0.9776  0.9874
 4609.840  0.9818  0.9881
 4609.860  0.9859  0.9875
 4609.880  0.9891  0.9859
 4609.900  0.9908  0.9845
 4609.920  0.9903  0.9837
 4609.940  0.9878  0.9837
 4609.960  0.9838  0.9842
 4609.980  0.9794  0.9845
 4610.000  0.9759  0.9841
 4610.020  0.9744  0.9831
 4610.040  0.9750  0.9820
 4610.060  0.9775  0.9813
 4610.080  0.9805  0.9812
 4610.100  0.9827  0.9816
 4610.120  0.9828  0.9817
 4610.140  0.9800  0.9809
 4610.160  0.9744  0.9791
 4610.180  0.9664  0.9768
 4610.200  0.9569  0.9751
 4610.220  0.9466  0.9750
 4610.240  0.9357  0.9770
 4610.260  0.9244  0.9804
 4610.280  0.9128  0.9840
 4610.300  0.9017  0.9864
 4610.320  0.8924  0.9865
 4610.340  0.8872  0.9844
 4610.360  0.8883  0.9812
 4610.380  0.8968  0.9785
 4610.400  0.9126  0.9775
 4610.420  0.9332  0.9784
 4610.440  0.9550  0.9804
 4610.460  0.9741  0.9822
 4610.480  0.9873  0.9825
 4610.500  0.9938  0.9812
 4610.520  0.9945  0.9789
 4610.540  0.9924  0.9771
 4610.560  0.9907  0.9770
 4610.580  0.9918  0.9789
 4610.600  0.9964  0.9818
 4610.620  1.0031  0.9841
 4610.640  1.0093  0.9846
 4610.660  1.0121  0.9825
 4610.680  1.0100  0.9789
 4610.700  1.0032  0.9752
 4610.720  0.9939  0.9731
 4610.740  0.9853  0.9733
 4610.760  0.9804  0.9750
 4610.780  0.9805  0.9763
 4610.800  0.9851  0.9757
 4610.820  0.9918  0.9725
 4610.840  0.9973  0.9678
 4610.860  0.9990  0.9638
 4610.880  0.9954  0.9623
 4610.900  0.9872  0.9633
 4610.920  0.9767  0.9644
 4610.940  0.9667  0.9609
 4610.960  0.9592  0.9477
 4610.980  0.9551  0.9217
 4611.000  0.9537  0.8843
 4611.020  0.9531  0.8412
 4611.040  0.9506  0.8015
 4611.060  0.9442  0.7749
 4611.080  0.9332  0.7681
 4611.100  0.9188  0.7828
 4611.120  0.9037  0.8149
 4611.140  0.8908  0.8559
 4611.160  0.8824  0.8963
 4611.180  0.8797  0.9283
 4611.200  0.8832  0.9484
 4611.220  0.8928  0.9571
 4611.240  0.9076  0.9584
 4611.260  0.9259  0.9571
 4611.280  0.9451  0.9568
 4611.300  0.9622  0.9591
 4611.320  0.9744  0.9633
 4611.340  0.9801  0.9679
 4611.360  0.9789  0.9712
 4611.380  0.9721  0.9730
 4611.400  0.9619  0.9738
 4611.420  0.9508  0.9748
 4611.440  0.9415  0.9767
 4611.460  0.9353  0.9796
 4611.480  0.9328  0.9827
 4611.500  0.9332  0.9848
 4611.520  0.9353  0.9854
 4611.540  0.9379  0.9845
 4611.560  0.9400  0.9829
 4611.580  0.9412  0.9817
 4611.600  0.9417  0.9814
 4611.620  0.9415  0.9819
 4611.640  0.9410  0.9827
 4611.660  0.9401  0.9829
 4611.680  0.9389  0.9820
 4611.700  0.9374  0.9803
 4611.720  0.9357  0.9786
 4611.740  0.9343  0.9778
 4611.760  0.9338  0.9783
 4611.780  0.9343  0.9801
 4611.800  0.9360  0.9822
 4611.820  0.9384  0.9837
 4611.840  0.9410  0.9838
 4611.860  0.9432  0.9826
 4611.880  0.9448  0.9808
 4611.900  0.9457  0.9793
 4611.920  0.9464  0.9787
 4611.940  0.9472  0.9795
 4611.960  0.9484  0.9810
 4611.980  0.9499  0.9826
 4612.000  0.9516  0.9838
 4612.020  0.9531  0.9842
 4612.040  0.9544  0.9842
 4612.060  0.9559  0.9841
 4612.080  0.9580  0.9843
 4612.100  0.9612  0.9848
 4612.120  0.9656  0.9852
 4612.140  0.9708  0.9851
 4612.160  0.9760  0.9844
 4612.180  0.9804  0.9833
 4612.200  0.9832  0.9824
 4612.220  0.9845  0.9821
 4612.240  0.9845  0.9825
 4612.260  0.9840  0.9832
 4612.280  0.9837  0.9835
 4612.300  0.9837  0.9826
 4612.320  0.9839  0.9807
 4612.340  0.9835  0.9783
 4612.360  0.9819  0.9764
 4612.380  0.9791  0.9760
 4612.400  0.9756  0.9774
 4612.420  0.9727  0.9799
 4612.440  0.9717  0.9823
 4612.460  0.9735  0.9832
 4612.480  0.9779  0.9818
 4612.500  0.9842  0.9787
 4612.520  0.9908  0.9753
 4612.540  0.9962  0.9733
 4612.560  0.9996  0.9737
 4612.580  1.0009  0.9764
 4612.600  1.0009  0.9793
 4612.620  1.0005  0.9802
 4612.640  1.0003  0.9768
 4612.660  1.0001  0.9684
 4612.680  0.9990  0.9562
 4612.700  0.9960  0.9434
 4612.720  0.9908  0.9334
 4612.740  0.9838  0.9293
 4612.760  0.9767  0.9322
 4612.780  0.9719  0.9409
 4612.800  0.9710  0.9530
 4612.820  0.9745  0.9650
 4612.840  0.9813  0.9744
 4612.860  0.9893  0.9798
 4612.880  0.9960  0.9815
 4612.900  0.9993  0.9810
 4612.920  0.9988  0.9799
 4612.940  0.9953  0.9793
 4612.960  0.9908  0.9799
 4612.980  0.9872  0.9812
 4613.000  0.9855  0.9827
 4613.020  0.9848  0.9839
 4613.040  0.9830  0.9844
 4613.060  0.9775  0.9844
 4613.080  0.9662  0.9843
 4613.100  0.9488  0.9841
 4613.120  0.9276  0.9842
 4613.140  0.9062  0.9844
 4613.160  0.8893  0.9847
 4613.180  0.8805  0.9851
 4613.200  0.8817  0.9855
 4613.220  0.8918  0.9858
 4613.240  0.9078  0.9862
 4613.260  0.9256  0.9862
 4613.280  0.9410  0.9859
 4613.300  0.9514  0.9851
 4613.320  0.9559  0.9839
 4613.340  0.9555  0.9823
 4613.360  0.9521  0.9806
 4613.380  0.9477  0.9788
 4613.400  0.9438  0.9769
 4613.420  0.9407  0.9745
 4613.440  0.9381  0.9718
 4613.460  0.9354  0.9687
 4613.480  0.9323  0.9659
 4613.500  0.9291  0.9638
 4613.520  0.9262  0.9630
 4613.540  0.9245  0.9638
 4613.560  0.9242  0.9659
 4613.580  0.9249  0.9688
 4613.600  0.9257  0.9716
 4613.620  0.9254  0.9740
 4613.640  0.9231  0.9756
 4613.660  0.9188  0.9766
 4613.680  0.9130  0.9771
 4613.700  0.9071  0.9773
 4613.720  0.9023  0.9769
 4613.740  0.8995  0.9758
 4613.760  0.8988  0.9740
 4613.780  0.8994  0.9718
 4613.800  0.9005  0.9700
 4613.820  0.9011  0.9695
 4613.840  0.9009  0.9710
 4613.860  0.9001  0.9742
 4613.880  0.8993  0.9785
 4613.900  0.8990  0.9822
 4613.920  0.8994  0.9843
 4613.940  0.9001  0.9843
 4613.960  0.9005  0.9825
 4613.980  0.9003  0.9804
 4614.000  0.8992  0.9793
 4614.020  0.8980  0.9802
 4614.040  0.8974  0.9825
 4614.060  0.8979  0.9851
 4614.080  0.8994  0.9860
 4614.100  0.9007  0.9843
 4614.120  0.9002  0.9801
 4614.140  0.8962  0.9750
 4614.160  0.8883  0.9713
 4614.180  0.8774  0.9709
 4614.200  0.8659  0.9740
 4614.220  0.8571  0.9791
 4614.240  0.8536  0.9834
 4614.260  0.8567  0.9834
 4614.280  0.8656  0.9771
 4614.300  0.8778  0.9643
 4614.320  0.8901  0.9467
 4614.340  0.8995  0.9274
 4614.360  0.9048  0.9095
 4614.380  0.9066  0.8954
 4614.400  0.9075  0.8858
 4614.420  0.9107  0.8807
 4614.440  0.9187  0.8795
 4614.460  0.9315  0.8821
 4614.480  0.9471  0.8888
 4614.500  0.9621  0.9002
 4614.520  0.9730  0.9157
 4614.540  0.9781  0.9339
 4614.560  0.9776  0.9520
 4614.580  0.9736  0.9671
 4614.600  0.9689  0.9768
 4614.620  0.9656  0.9809
 4614.640  0.9649  0.9805
 4614.660  0.9662  0.9782
 4614.680  0.9683  0.9759
 4614.700  0.9696  0.9746
 4614.720  0.9694  0.9734
 4614.740  0.9681  0.9706
 4614.760  0.9669  0.9650
 4614.780  0.9672  0.9569
 4614.800  0.9700  0.9490
 4614.820  0.9752  0.9449
 4614.840  0.9816  0.9473
 4614.860  0.9876  0.9567
 4614.880  0.9920  0.9700
 4614.900  0.9941  0.9813
 4614.920  0.9944  0.9845
 4614.940  0.9940  0.9760
 4614.960  0.9937  0.9565
 4614.980  0.9941  0.9312
 4615.000  0.9952  0.9079
 4615.020  0.9963  0.8937
 4615.040  0.9969  0.8921
 4615.060  0.9967  0.9014
 4615.080  0.9957  0.9155
 4615.100  0.9941  0.9267
 4615.120  0.9921  0.9294
 4615.140  0.9895  0.9224
 4615.160  0.9860  0.9094
 4615.180  0.9815  0.8973
 4615.200  0.9766  0.8928
 4615.220  0.9725  0.8995
 4615.240  0.9706  0.9160
 4615.260  0.9720  0.9370
 4615.280  0.9765  0.9553
 4615.300  0.9831  0.9658
 4615.320  0.9897  0.9669
 4615.340  0.9942  0.9614
 4615.360  0.9953  0.9543
 4615.380  0.9929  0.9508
 4615.400  0.9886  0.9535
 4615.420  0.9847  0.9615
 4615.440  0.9832  0.9711
 4615.460  0.9849  0.9781
 4615.480  0.9887  0.9797
 4615.500  0.9921  0.9762
 4615.520  0.9926  0.9702
 4615.540  0.9888  0.9656
 4615.560  0.9810  0.9650
 4615.580  0.9720  0.9690
 4615.600  0.9652  0.9755
 4615.620  0.9636  0.9813
 4615.640  0.9686  0.9837
 4615.660  0.9790  0.9817
 4615.680  0.9919  0.9769
 4615.700  1.0034  0.9719
 4615.720  1.0106  0.9696
 4615.740  1.0121  0.9712
 4615.760  1.0091  0.9761
 4615.780  1.0040  0.9819
 4615.800  0.9993  0.9862
 4615.820  0.9966  0.9875
 4615.840  0.9959  0.9858
 4615.860  0.9959  0.9829
 4615.880  0.9948  0.9807
 4615.900  0.9913  0.9807
 4615.920  0.9856  0.9829
 4615.940  0.9791  0.9860
 4615.960  0.9734  0.9884
 4615.980  0.9698  0.9887
 4616.000  0.9686  0.9869
 4616.020  0.9687  0.9842
 4616.040  0.9684  0.9821
 4616.060  0.9663  0.9818
 4616.080  0.9619  0.9830
 4616.100  0.9559  0.9848
 4616.120  0.9496  0.9854
 4616.140  0.9446  0.9835
 4616.160  0.9414  0.9790
 4616.180  0.9394  0.9731
 4616.200  0.9372  0.9677
 4616.220  0.9331  0.9649
 4616.240  0.9262  0.9654
 4616.260  0.9167  0.9688
 4616.280  0.9063  0.9737
 4616.300  0.8970  0.9781
 4616.320  0.8907  0.9807
 4616.340  0.8878  0.9813
 4616.360  0.8877  0.9805
 4616.380  0.8883  0.9796
 4616.400  0.8875  0.9795
 4616.420  0.8836  0.9805
 4616.440  0.8761  0.9820
 4616.460  0.8658  0.9831
 4616.480  0.8544  0.9829
 4616.500  0.8436  0.9812
 4616.520  0.8345  0.9785
 4616.540  0.8275  0.9758
 4616.560  0.8223  0.9739
 4616.580  0.8182  0.9734
 4616.600  0.8148  0.9742
 4616.620  0.8123  0.9756
 4616.640  0.8113  0.9769
 4616.660  0.8127  0.9777
 4616.680  0.8171  0.9780
 4616.700  0.8243  0.9781
 4616.720  0.8332  0.9784
 4616.740  0.8423  0.9794
 4616.760  0.8499  0.9808
 4616.780  0.8549  0.9825
 4616.800  0.8573  0.9837
 4616.820  0.8580  0.9843
 4616.840  0.8584  0.9841
 4616.860  0.8599  0.9834
 4616.880  0.8635  0.9827
 4616.900  0.8690  0.9824
 4616.920  0.8753  0.9828
 4616.940  0.8805  0.9837
 4616.960  0.8829  0.9850
 4616.980  0.8811  0.9860
 4617.000  0.8751  0.9865
 4617.020  0.8658  0.9862
 4617.040  0.8551  0.9850
 4617.060  0.8456  0.9833
 4617.080  0.8392  0.9816
 4617.100  0.8374  0.9804
 4617.120  0.8403  0.9802
 4617.140  0.8472  0.9812
 4617.160  0.8568  0.9832
 4617.180  0.8677  0.9854
 4617.200  0.8786  0.9872
 4617.220  0.8891  0.9879
 4617.240  0.8987  0.9873
 4617.260  0.9075  0.9858
 4617.280  0.9153  0.9842
 4617.300  0.9216  0.9833
 4617.320  0.9259  0.9835
 4617.340  0.9279  0.9844
 4617.360  0.9277  0.9846
 4617.380  0.9260  0.9828
 4617.400  0.9238  0.9778
 4617.420  0.9224  0.9694
 4617.440  0.9223  0.9591
 4617.460  0.9236  0.9489
 4617.480  0.9257  0.9414
 4617.500  0.9274  0.9385
 4617.520  0.9279  0.9405
 4617.540  0.9266  0.9463
 4617.560  0.9236  0.9537
 4617.580  0.9198  0.9603
 4617.600  0.9161  0.9645
 4617.620  0.9130  0.9661
 4617.640  0.9109  0.9663
 4617.660  0.9096  0.9668
 4617.680  0.9087  0.9689
 4617.700  0.9077  0.9731
 4617.720  0.9063  0.9786
 4617.740  0.9045  0.9839
 4617.760  0.9021  0.9874
 4617.780  0.8988  0.9883
 4617.800  0.8941  0.9867
 4617.820  0.8875  0.9840
 4617.840  0.8789  0.9814
 4617.860  0.8689  0.9801
 4617.880  0.8589  0.9804
 4617.900  0.8509  0.9816
 4617.920  0.8469  0.9826
 4617.940  0.8480  0.9828
 4617.960  0.8545  0.9818
 4617.980  0.8654  0.9801
 4618.000  0.8786  0.9787
 4618.020  0.8917  0.9783
 4618.040  0.9026  0.9793
 4618.060  0.9096  0.9812
 4618.080  0.9120  0.9833
 4618.100  0.9096  0.9847
 4618.120  0.9026  0.9850
 4618.140  0.8913  0.9843
 4618.160  0.8765  0.9832
 4618.180  0.8596  0.9823
 4618.200  0.8429  0.9821
 4618.220  0.8290  0.9827
 4618.240  0.8207  0.9836
 4618.260  0.8195  0.9846
 4618.280  0.8259  0.9851
 4618.300  0.8383  0.9854
 4618.320  0.8539  0.9855
 4618.340  0.8698  0.9857
 4618.360  0.8835  0.9861
 4618.380  0.8946  0.9867
 4618.400  0.9038  0.9871
 4618.420  0.9132  0.9870
 4618.440  0.9246  0.9864
 4618.460  0.9388  0.9855
 4618.480  0.9546  0.9844
 4618.500  0.9698  0.9832
 4618.520  0.9817  0.9817
 4618.540  0.9884  0.9795
 4618.560  0.9895  0.9763
 4618.580  0.9865  0.9721
 4618.600  0.9819  0.9676
 4618.620  0.9782  0.9637
 4618.640  0.9766  0.9616
 4618.660  0.9770  0.9620
 4618.680  0.9778  0.9649
 4618.700  0.9773  0.9692
 4618.720  0.9745  0.9738
 4618.740  0.9694  0.9773
 4618.760  0.9638  0.9791
 4618.780  0.9597  0.9796
 4618.800  0.9588  0.9795
 4618.820  0.9620  0.9800
 4618.840  0.9683  0.9817
 4618.860  0.9759  0.9843
 4618.880  0.9827  0.9867
 4618.900  0.9871  0.9874
 4618.920  0.9888  0.9855
 4618.940  0.9883  0.9807
 4618.960  0.9869  0.9740
 4618.980  0.9857  0.9674
 4619.000  0.9855  0.9627
 4619.020  0.9864  0.9611
 4619.040  0.9880  0.9630
 4619.060  0.9897  0.9676
 4619.080  0.9912  0.9732
 4619.100  0.9923  0.9785
 4619.120  0.9929  0.9823
 4619.140  0.9933  0.9845
 4619.160  0.9935  0.9854
 4619.180  0.9935  0.9855
 4619.200  0.9936  0.9855
 4619.220  0.9940  0.9855
 4619.240  0.9950  0.9854
 4619.260  0.9966  0.9850
 4619.280  0.9985  0.9843
 4619.300  1.0000  0.9834
 4619.320  1.0002  0.9827
 4619.340  0.9983  0.9825
 4619.360  0.9944  0.9828
 4619.380  0.9892  0.9833
 4619.400  0.9844  0.9835
 4619.420  0.9818  0.9830
 4619.440  0.9823  0.9817
 4619.460  0.9862  0.9796
 4619.480  0.9924  0.9773
 4619.500  0.9989  0.9751
 4619.520  1.0039  0.9733
 4619.540  1.0062  0.9718
 4619.560  1.0059  0.9704
 4619.580  1.0042  0.9688
 4619.600  1.0025  0.9669
 4619.620  1.0019  0.9651
 4619.640  1.0025  0.9641
 4619.660  1.0034  0.9645
 4619.680  1.0030  0.9666
 4619.700  1.0001  0.9704
 4619.720  0.9947  0.9752
 4619.740  0.9873  0.9801
 4619.760  0.9796  0.9841
 4619.780  0.9726  0.9866
 4619.800  0.9666  0.9874
 4619.820  0.9607  0.9869
 4619.840  0.9532  0.9857
 4619.860  0.9422  0.9844
 4619.880  0.9266  0.9836
 4619.900  0.9068  0.9833
 4619.920  0.8845  0.9834
 4619.940  0.8621  0.9835
 4619.960  0.8421  0.9836
 4619.980  0.8266  0.9834
 4620.000  0.8165  0.9832
 4620.020  0.8123  0.9833
 4620.040  0.8137  0.9837
 4620.060  0.8206  0.9846
 4620.080  0.8323  0.9858
 4620.100  0.8478  0.9870
 4620.120  0.8653  0.9876
 4620.140  0.8824  0.9875
 4620.160  0.8964  0.9865
 4620.180  0.9049  0.9850
 4620.200  0.9073  0.9836
 4620.220  0.9044  0.9827
 4620.240  0.8985  0.9829
 4620.260  0.8927  0.9841
 4620.280  0.8895  0.9861
 4620.300  0.8900  0.9882
 4620.320  0.8938  0.9894
 4620.340  0.8996  0.9894
 4620.360  0.9062  0.9880
 4620.380  0.9132  0.9857
 4620.400  0.9215  0.9831
 4620.420  0.9321  0.9810
 4620.440  0.9457  0.9800
 4620.460  0.9613  0.9801
 4620.480  0.9762  0.9808
 4620.500  0.9870  0.9814
 4620.520  0.9907  0.9813
 4620.540  0.9863  0.9801
 4620.560  0.9757  0.9780
 4620.580  0.9634  0.9757
 4620.600  0.9542  0.9739
 4620.620  0.9516  0.9731
 4620.640  0.9558  0.9737
 4620.660  0.9636  0.9754
 4620.680  0.9692  0.9777
 4620.700  0.9672  0.9802
 4620.720  0.9547  0.9824
 4620.740  0.9327  0.9841
 4620.760  0.9061  0.9851
 4620.780  0.8815  0.9857
 4620.800  0.8650  0.9858
 4620.820  0.8596  0.9858
 4620.840  0.8648  0.9857
 4620.860  0.8767  0.9856
 4620.880  0.8908  0.9856
 4620.900  0.9032  0.9857
 4620.920  0.9128  0.9859
 4620.940  0.9207  0.9859
 4620.960  0.9291  0.9854
 4620.980  0.9397  0.9844
 4621.000  0.9524  0.9829
 4621.020  0.9645  0.9814
 4621.040  0.9727  0.9805
 4621.060  0.9740  0.9808
 4621.080  0.9681  0.9822
 4621.100  0.9571  0.9844
 4621.120  0.9454  0.9867
 4621.140  0.9377  0.9882
 4621.160  0.9367  0.9883
 4621.180  0.9428  0.9872
 4621.200  0.9535  0.9856
 4621.220  0.9649  0.9843
 4621.240  0.9734  0.9840
 4621.260  0.9774  0.9846
 4621.280  0.9776  0.9855
 4621.300  0.9767  0.9858
 4621.320  0.9778  0.9846
 4621.340  0.9828  0.9819
 4621.360  0.9917  0.9787
 4621.380  1.0026  0.9762
 4621.400  1.0123  0.9758
 4621.420  1.0181  0.9780
 4621.440  1.0188  0.9817
 4621.460  1.0147  0.9854
 4621.480  1.0076  0.9869
 4621.500  0.9994  0.9852
 4621.520  0.9921  0.9804
 4621.540  0.9865  0.9739
 4621.560  0.9828  0.9681
 4621.580  0.9809  0.9649
 4621.600  0.9805  0.9648
 4621.620  0.9816  0.9671
 4621.640  0.9841  0.9702
 4621.660  0.9877  0.9724
 4621.680  0.9917  0.9729
 4621.700  0.9946  0.9724
 4621.720  0.9950  0.9721
 4621.740  0.9917  0.9731
 4621.760  0.9840  0.9752
 4621.780  0.9720  0.9762
 4621.800  0.9566  0.9730
 4621.820  0.9385  0.9627
 4621.840  0.9186  0.9445
 4621.860  0.8982  0.9203
 4621.880  0.8791  0.8950
 4621.900  0.8639  0.8746
 4621.920  0.8559  0.8641
 4621.940  0.8576  0.8658
 4621.960  0.8696  0.8781
 4621.980  0.8899  0.8966
 4622.000  0.9146  0.9161
 4622.020  0.9386  0.9321
 4622.040  0.9573  0.9427
 4622.060  0.9673  0.9482
 4622.080  0.9677  0.9497
 4622.100  0.9602  0.9476
 4622.120  0.9486  0.9404
 4622.140  0.9372  0.9248
 4622.160  0.9301  0.8980
 4622.180  0.9293  0.8595
 4622.200  0.9345  0.8130
 4622.220  0.9429  0.7667
 4622.240  0.9502  0.7311
 4622.260  0.9520  0.7157
 4622.280  0.9462  0.7254
 4622.300  0.9340  0.7587
 4622.320  0.9189  0.8076
 4622.340  0.9047  0.8607
 4622.360  0.8939  0.9068
 4622.380  0.8874  0.9384
 4622.400  0.8852  0.9540
 4622.420  0.8865  0.9571
 4622.440  0.8906  0.9539
 4622.460  0.8961  0.9506
 4622.480  0.9022  0.9509
 4622.500  0.9076  0.9547
 4622.520  0.9115  0.9599
 4622.540  0.9138  0.9636
 4622.560  0.9147  0.9643
 4622.580  0.9149  0.9625
 4622.600  0.9157  0.9606
 4622.620  0.9180  0.9610
 4622.640  0.9225  0.9650
 4622.660  0.9289  0.9716
 4622.680  0.9363  0.9785
 4622.700  0.9430  0.9832
 4622.720  0.9476  0.9840
 4622.740  0.9488  0.9814
 4622.760  0.9461  0.9774
 4622.780  0.9396  0.9747
 4622.800  0.9298  0.9751
 4622.820  0.9174  0.9789
 4622.840  0.9025  0.9844
 4622.860  0.8853  0.9891
 4622.880  0.8655  0.9912
 4622.900  0.8437  0.9898
 4622.920  0.8214  0.9862
 4622.940  0.8012  0.9823
 4622.960  0.7864  0.9801
 4622.980  0.7798  0.9803
 4623.000  0.7832  0.9824
 4623.020  0.7962  0.9849
 4623.040  0.8169  0.9862
 4623.060  0.8419  0.9855
 4623.080  0.8678  0.9834
 4623.100  0.8913  0.9812
 4623.120  0.9105  0.9802
 4623.140  0.9250  0.9812
 4623.160  0.9355  0.9836
 4623.180  0.9434  0.9860
 4623.200  0.9503  0.9868
 4623.220  0.9573  0.9854
 4623.240  0.9646  0.9821
 4623.260  0.9714  0.9785
 4623.280  0.9768  0.9764
 4623.300  0.9797  0.9769
 4623.320  0.9796  0.9799
 4623.340  0.9766  0.9840
 4623.360  0.9718  0.9873
 4623.380  0.9667  0.9882
 4623.400  0.9631  0.9859
 4623.420  0.9622  0.9810
 4623.440  0.9648  0.9752
 4623.460  0.9705  0.9700
 4623.480  0.9782  0.9666
 4623.500  0.9859  0.9654
 4623.520  0.9919  0.9660
 4623.540  0.9950  0.9677
 4623.560  0.9947  0.9697
 4623.580  0.9917  0.9720
 4623.600  0.9871  0.9746
 4623.620  0.9823  0.9776
 4623.640  0.9783  0.9810
 4623.660  0.9755  0.9840
 4623.680  0.9735  0.9862
 4623.700  0.9713  0.9870
 4623.720  0.9681  0.9862
 4623.740  0.9630  0.9841
 4623.760  0.9557  0.9814
 4623.780  0.9467  0.9786
 4623.800  0.9366  0.9758
 4623.820  0.9265  0.9729
 4623.840  0.9173  0.9700
 4623.860  0.9102  0.9671
 4623.880  0.9061  0.9650
 4623.900  0.9060  0.9644
 4623.920  0.9104  0.9659
 4623.940  0.9194  0.9693
 4623.960  0.9323  0.9732
 4623.980  0.9478  0.9758
 4624.000  0.9638  0.9751
 4624.020  0.9784  0.9701
 4624.040  0.9898  0.9614
 4624.060  0.9971  0.9512
 4624.080  1.0001  0.9425
 4624.100  0.9999  0.9380
 4624.120  0.9978  0.9389
 4624.140  0.9953  0.9448
 4624.160  0.9935  0.9534
 4624.180  0.9928  0.9620
 4624.200  0.9926  0.9682
 4624.220  0.9925  0.9712
 4624.240  0.9919  0.9715
 4624.260  0.9906  0.9708
 4624.280  0.9887  0.9707
 4624.300  0.9865  0.9720
 4624.320  0.9844  0.9744
 4624.340  0.9826  0.9767
 4624.360  0.9814  0.9775
 4624.380  0.9808  0.9761
 4624.400  0.9814  0.9730
 4624.420  0.9835  0.9692
 4624.440  0.9873  0.9661
 4624.460  0.9925  0.9644
 4624.480  0.9977  0.9640
 4624.500  1.0013  0.9641
 4624.520  1.0012  0.9637
 4624.540  0.9958  0.9623
 4624.560  0.9847  0.9603
 4624.580  0.9690  0.9591
 4624.600  0.9512  0.9598
 4624.620  0.9347  0.9632
 4624.640  0.9222  0.9690
 4624.660  0.9154  0.9758
 4624.680  0.9141  0.9817
 4624.700  0.9168  0.9852
 4624.720  0.9213  0.9860
 4624.740  0.9257  0.9846
 4624.760  0.9288  0.9824
 4624.780  0.9307  0.9809
 4624.800  0.9323  0.9808
 4624.820  0.9348  0.9817
 4624.840  0.9391  0.9827
 4624.860  0.9454  0.9827
 4624.880  0.9530  0.9811
 4624.900  0.9609  0.9782
 4624.920  0.9680  0.9750
 4624.940  0.9734  0.9727
 4624.960  0.9771  0.9720
 4624.980  0.9796  0.9729
 4625.000  0.9818  0.9748
 4625.020  0.9846  0.9768
 4625.040  0.9886  0.9782
 4625.060  0.9943  0.9789
 4625.080  1.0013  0.9794
 4625.100  1.0091  0.9804
 4625.120  1.0166  0.9821
 4625.140  1.0223  0.9844
 4625.160  1.0248  0.9865
 4625.180  1.0232  0.9878
 4625.200  1.0170  0.9879
 4625.220  1.0068  0.9869
 4625.240  0.9944  0.9854
 4625.260  0.9822  0.9844
 4625.280  0.9726  0.9839
 4625.300  0.9670  0.9835
 4625.320  0.9656  0.9826
 4625.340  0.9665  0.9804
 4625.360  0.9669  0.9767
 4625.380  0.9640  0.9724
 4625.400  0.9553  0.9690
 4625.420  0.9406  0.9679
 4625.440  0.9210  0.9698
 4625.460  0.8992  0.9739
 4625.480  0.8779  0.9785
 4625.500  0.8589  0.9814
 4625.520  0.8430  0.9812
 4625.540  0.8298  0.9779
 4625.560  0.8188  0.9732
 4625.580  0.8101  0.9694
 4625.600  0.8046  0.9688
 4625.620  0.8040  0.9721
 4625.640  0.8096  0.9786
 4625.660  0.8221  0.9857
 4625.680  0.8404  0.9908
 4625.700  0.8624  0.9924
 4625.720  0.8847  0.9903
 4625.740  0.9043  0.9862
 4625.760  0.9190  0.9824
 4625.780  0.9282  0.9807
 4625.800  0.9327  0.9817
 4625.820  0.9345  0.9841
 4625.840  0.9357  0.9861
 4625.860  0.9376  0.9860
 4625.880  0.9403  0.9833
 4625.900  0.9432  0.9793
 4625.920  0.9453  0.9761
 4625.940  0.9463  0.9758
 4625.960  0.9464  0.9790
 4625.980  0.9465  0.9845
 4626.000  0.9474  0.9898
 4626.020  0.9495  0.9925
 4626.040  0.9521  0.9910
 4626.060  0.9542  0.9859
 4626.080  0.9543  0.9797
 4626.100  0.9519  0.9751
 4626.120  0.9472  0.9743
 4626.140  0.9416  0.9775
 4626.160  0.9371  0.9826
 4626.180  0.9353  0.9867
 4626.200  0.9367  0.9872
 4626.220  0.9409  0.9832
 4626.240  0.9464  0.9761
 4626.260  0.9519  0.9688
 4626.280  0.9560  0.9642
 4626.300  0.9588  0.9638
 4626.320  0.9607  0.9669
 4626.340  0.9628  0.9711
 4626.360  0.9660  0.9739
 4626.380  0.9702  0.9737
 4626.400  0.9747  0.9710
 4626.420  0.9781  0.9682
 4626.440  0.9792  0.9681
 4626.460  0.9772  0.9719
 4626.480  0.9722  0.9783
 4626.500  0.9649  0.9834
 4626.520  0.9562  0.9824
 4626.540  0.9469  0.9720
 4626.560  0.9377  0.9521
 4626.580  0.9293  0.9268
 4626.600  0.9227  0.9030
 4626.620  0.9195  0.8878
 4626.640  0.9210  0.8857
 4626.660  0.9279  0.8961
 4626.680  0.9392  0.9144
 4626.700  0.9530  0.9329
 4626.720  0.9664  0.9446
 4626.740  0.9766  0.9461
 4626.760  0.9814  0.9384
 4626.780  0.9799  0.9268
 4626.800  0.9729  0.9178
 4626.820  0.9629  0.9162
 4626.840  0.9531  0.9232
 4626.860  0.9462  0.9356
 4626.880  0.9432  0.9476
 4626.900  0.9433  0.9536
 4626.920  0.9448  0.9508
 4626.940  0.9455  0.9406
 4626.960  0.9436  0.9280
 4626.980  0.9388  0.9193
 4627.000  0.9317  0.9193
 4627.020  0.9239  0.9294
 4627.040  0.9168  0.9468
 4627.060  0.9114  0.9661
 4627.080  0.9077  0.9814
 4627.100  0.9058  0.9886
 4627.120  0.9055  0.9870
 4627.140  0.9074  0.9792
 4627.160  0.9123  0.9695
 4627.180  0.9207  0.9617
 4627.200  0.9328  0.9580
 4627.220  0.9475  0.9577
 4627.240  0.9631  0.9582
 4627.260  0.9779  0.9562
 4627.280  0.9904  0.9496
 4627.300  0.9998  0.9385
 4627.320  1.0062  0.9253
 4627.340  1.0103  0.9138
 4627.360  1.0129  0.9079
 4627.380  1.0144  0.9100
 4627.400  1.0150  0.9204
 4627.420  1.0145  0.9368
 4627.440  1.0128  0.9551
 4627.460  1.0101  0.9706
 4627.480  1.0069  0.9790
 4627.500  1.0039  0.9781
 4627.520  1.0016  0.9677
 4627.540  1.0001  0.9502
 4627.560  0.9988  0.9296
 4627.580  0.9966  0.9104
 4627.600  0.9928  0.8963
 4627.620  0.9873  0.8891
 4627.640  0.9809  0.8884
 4627.660  0.9753  0.8919
 4627.680  0.9721  0.8963
 4627.700  0.9719  0.8990
 4627.720  0.9744  0.8989
 4627.740  0.9780  0.8972
 4627.760  0.9807  0.8968
 4627.780  0.9806  0.9007
 4627.800  0.9772  0.9110
 4627.820  0.9714  0.9273
 4627.840  0.9647  0.9470
 4627.860  0.9590  0.9660
 4627.880  0.9551  0.9800
 4627.900  0.9529  0.9867
 4627.920  0.9510  0.9865
 4627.940  0.9479  0.9820
 4627.960  0.9424  0.9768
 4627.980 -1.0000  0.9742
 4628.000 -1.0000  0.9752
 4597.000  0.0000        
 4597.020  0.0000        
 4597.040 -0.0224        
 4597.060 -0.0243        
 4597.080 -0.0269        
 4597.100 -0.0287        
 4597.120 -0.0279        
 4597.140 -0.0244        
 4597.160 -0.0197        
 4597.180 -0.0162        
 4597.200 -0.0158        
 4597.220 -0.0188        
 4597.240 -0.0236        
 4597.260 -0.0284        
 4597.280 -0.0317        
 4597.300 -0.0331        
 4597.320 -0.0332        
 4597.340 -0.0328        
 4597.360 -0.0326        
 4597.380 -0.0332        
 4597.400 -0.0349        
 4597.420 -0.0375        
 4597.440 -0.0406        
 4597.460 -0.0425        
 4597.480 -0.0417        
 4597.500 -0.0371        
 4597.520 -0.0290        
 4597.540 -0.0192        
 4597.560 -0.0102        
 4597.580 -0.0043        
 4597.600 -0.0025        
 4597.620 -0.0046        
 4597.640 -0.0095        
 4597.660 -0.0157        
 4597.680 -0.0216        
 4597.700 -0.0259        
 4597.720 -0.0281        
 4597.740 -0.0286        
 4597.760 -0.0287        
 4597.780 -0.0298        
 4597.800 -0.0327        
 4597.820 -0.0374        
 4597.840 -0.0427        
 4597.860 -0.0469        
 4597.880 -0.0483        
 4597.900 -0.0459        
 4597.920 -0.0401        
 4597.940 -0.0323        
 4597.960 -0.0245        
 4597.980 -0.0187        
 4598.000 -0.0161        
 4598.020 -0.0168        
 4598.040 -0.0196        
 4598.060 -0.0230        
 4598.080 -0.0251        
 4598.100 -0.0250        
 4598.120 -0.0229        
 4598.140 -0.0197        
 4598.160 -0.0169        
 4598.180 -0.0155        
 4598.200 -0.0159        
 4598.220 -0.0173        
 4598.240 -0.0186        
 4598.260 -0.0184        
 4598.280 -0.0161        
 4598.300 -0.0121        
 4598.320 -0.0077        
 4598.340 -0.0047        
 4598.360 -0.0047        
 4598.380 -0.0085        
 4598.400 -0.0154        
 4598.420 -0.0238        
 4598.440 -0.0313        
 4598.460 -0.0357        
 4598.480 -0.0356        
 4598.500 -0.0308        
 4598.520 -0.0224        
 4598.540 -0.0125        
 4598.560 -0.0034        
 4598.580  0.0029        
 4598.600  0.0050        
 4598.620  0.0029        
 4598.640 -0.0029        
 4598.660 -0.0110        
 4598.680 -0.0198        
 4598.700 -0.0277        
 4598.720 -0.0335        
 4598.740 -0.0371        
 4598.760 -0.0388        
 4598.780 -0.0394        
 4598.800 -0.0397        
 4598.820 -0.0400        
 4598.840 -0.0400        
 4598.860 -0.0395        
 4598.880 -0.0382        
 4598.900 -0.0360        
 4598.920 -0.0333        
 4598.940 -0.0305        
 4598.960 -0.0282        
 4598.980 -0.0266        
 4599.000 -0.0257        
 4599.020 -0.0252        
 4599.040 -0.0248        
 4599.060 -0.0242        
 4599.080 -0.0233        
 4599.100 -0.0223        
 4599.120 -0.0216        
 4599.140 -0.0216        
 4599.160 -0.0224        
 4599.180 -0.0237        
 4599.200 -0.0253        
 4599.220 -0.0269        
 4599.240 -0.0282        
 4599.260 -0.0294        
 4599.280 -0.0307        
 4599.300 -0.0321        
 4599.320 -0.0337        
 4599.340 -0.0346        
 4599.360 -0.0342        
 4599.380 -0.0316        
 4599.400 -0.0266        
 4599.420 -0.0196        
 4599.440 -0.0121        
 4599.460 -0.0060        
 4599.480 -0.0030        
 4599.500 -0.0042        
 4599.520 -0.0097        
 4599.540 -0.0181        
 4599.560 -0.0275        
 4599.580 -0.0352        
 4599.600 -0.0396        
 4599.620 -0.0399        
 4599.640 -0.0366        
 4599.660 -0.0312        
 4599.680 -0.0254        
 4599.700 -0.0207        
 4599.720 -0.0178        
 4599.740 -0.0167        
 4599.760 -0.0169        
 4599.780 -0.0176        
 4599.800 -0.0184        
 4599.820 -0.0192        
 4599.840 -0.0201        
 4599.860 -0.0215        
 4599.880 -0.0233        
 4599.900 -0.0252        
 4599.920 -0.0266        
 4599.940 -0.0270        
 4599.960 -0.0263        
 4599.980 -0.0247        
 4600.000 -0.0230        
 4600.020 -0.0219        
 4600.040 -0.0215        
 4600.060 -0.0219        
 4600.080 -0.0222        
 4600.100 -0.0217        
 4600.120 -0.0202        
 4600.140 -0.0180        
 4600.160 -0.0163        
 4600.180 -0.0167        
 4600.200 -0.0202        
 4600.220 -0.0268        
 4600.240 -0.0355        
 4600.260 -0.0440        
 4600.280 -0.0500        
 4600.300 -0.0516        
 4600.320 -0.0485        
 4600.340 -0.0419        
 4600.360 -0.0344        
 4600.380 -0.0289        
 4600.400 -0.0275        
 4600.420 -0.0306        
 4600.440 -0.0370        
 4600.460 -0.0443        
 4600.480 -0.0497        
 4600.500 -0.0513        
 4600.520 -0.0483        
 4600.540 -0.0419        
 4600.560 -0.0339        
 4600.580 -0.0266        
 4600.600 -0.0217        
 4600.620 -0.0197        
 4600.640 -0.0202        
 4600.660 -0.0225        
 4600.680 -0.0254        
 4600.700 -0.0284        
 4600.720 -0.0313        
 4600.740 -0.0339        
 4600.760 -0.0360        
 4600.780 -0.0373        
 4600.800 -0.0372        
 4600.820 -0.0353        
 4600.840 -0.0316        
 4600.860 -0.0269        
 4600.880 -0.0224        
 4600.900 -0.0195        
 4600.920 -0.0191        
 4600.940 -0.0211        
 4600.960 -0.0248        
 4600.980 -0.0288        
 4601.000 -0.0320        
 4601.020 -0.0335        
 4601.040 -0.0333        
 4601.060 -0.0322        
 4601.080 -0.0308        
 4601.100 -0.0296        
 4601.120 -0.0285        
 4601.140 -0.0271        
 4601.160 -0.0246        
 4601.180 -0.0209        
 4601.200 -0.0166        
 4601.220 -0.0129        
 4601.240 -0.0110        
 4601.260 -0.0121        
 4601.280 -0.0162        
 4601.300 -0.0226        
 4601.320 -0.0300        
 4601.340 -0.0366        
 4601.360 -0.0416        
 4601.380 -0.0446        
 4601.400 -0.0462        
 4601.420 -0.0471        
 4601.440 -0.0479        
 4601.460 -0.0486        
 4601.480 -0.0486        
 4601.500 -0.0470        
 4601.520 -0.0432        
 4601.540 -0.0376        
 4601.560 -0.0312        
 4601.580 -0.0255        
 4601.600 -0.0219        
 4601.620 -0.0211        
 4601.640 -0.0228        
 4601.660 -0.0261        
 4601.680 -0.0295        
 4601.700 -0.0320        
 4601.720 -0.0334        
 4601.740 -0.0342        
 4601.760 -0.0350        
 4601.780 -0.0365        
 4601.800 -0.0384        
 4601.820 -0.0397        
 4601.840 -0.0392        
 4601.860 -0.0357        
 4601.880 -0.0292        
 4601.900 -0.0211        
 4601.920 -0.0136        
 4601.940 -0.0091        
 4601.960 -0.0094        
 4601.980 -0.0149        
 4602.000 -0.0241        
 4602.020 -0.0343        
 4602.040 -0.0422        
 4602.060 -0.0454        
 4602.080 -0.0432        
 4602.100 -0.0369        
 4602.120 -0.0289        
 4602.140 -0.0217        
 4602.160 -0.0178        
 4602.180 -0.0179        
 4602.200 -0.0217        
 4602.220 -0.0273        
 4602.240 -0.0322        
 4602.260 -0.0349        
 4602.280 -0.0351        
 4602.300 -0.0336        
 4602.320 -0.0318        
 4602.340 -0.0308        
 4602.360 -0.0306        
 4602.380 -0.0304        
 4602.400 -0.0291        
 4602.420 -0.0254        
 4602.440 -0.0193        
 4602.460 -0.0116        
 4602.480 -0.0045        
 4602.500 -0.0001        
 4602.520 -0.0001        
 4602.540 -0.0051        
 4602.560 -0.0140        
 4602.580 -0.0247        
 4602.600 -0.0348        
 4602.620 -0.0418        
 4602.640 -0.0446        
 4602.660 -0.0436        
 4602.680 -0.0407        
 4602.700 -0.0382        
 4602.720 -0.0379        
 4602.740 -0.0405        
 4602.760 -0.0454        
 4602.780 -0.0510        
 4602.800 -0.0553        
 4602.820 -0.0563        
 4602.840 -0.0532        
 4602.860 -0.0463        
 4602.880 -0.0374        
 4602.900 -0.0292        
 4602.920 -0.0236        
 4602.940 -0.0221        
 4602.960 -0.0247        
 4602.980 -0.0309        
 4603.000 -0.0394        
 4603.020 -0.0485        
 4603.040 -0.0564        
 4603.060 -0.0610        
 4603.080 -0.0616        
 4603.100 -0.0580        
 4603.120 -0.0515        
 4603.140 -0.0438        
 4603.160 -0.0368        
 4603.180 -0.0317        
 4603.200 -0.0291        
 4603.220 -0.0285        
 4603.240 -0.0290        
 4603.260 -0.0295        
 4603.280 -0.0291        
 4603.300 -0.0280        
 4603.320 -0.0264        
 4603.340 -0.0250        
 4603.360 -0.0241        
 4603.380 -0.0238        
 4603.400 -0.0235        
 4603.420 -0.0228        
 4603.440 -0.0216        
 4603.460 -0.0203        
 4603.480 -0.0199        
 4603.500 -0.0211        
 4603.520 -0.0242        
 4603.540 -0.0283        
 4603.560 -0.0319        
 4603.580 -0.0328        
 4603.600 -0.0300        
 4603.620 -0.0235        
 4603.640 -0.0152        
 4603.660 -0.0082        
 4603.680 -0.0055        
 4603.700 -0.0093        
 4603.720 -0.0193        
 4603.740 -0.0332        
 4603.760 -0.0470        
 4603.780 -0.0568        
 4603.800 -0.0600        
 4603.820 -0.0563        
 4603.840 -0.0475        
 4603.860 -0.0366        
 4603.880 -0.0270        
 4603.900 -0.0207        
 4603.920 -0.0185        
 4603.940 -0.0194        
 4603.960 -0.0218        
 4603.980 -0.0241        
 4604.000 -0.0258        
 4604.020 -0.0268        
 4604.040 -0.0280        
 4604.060 -0.0298        
 4604.080 -0.0322        
 4604.100 -0.0342        
 4604.120 -0.0348        
 4604.140 -0.0329        
 4604.160 -0.0282        
 4604.180 -0.0214        
 4604.200 -0.0140        
 4604.220 -0.0077        
 4604.240 -0.0038        
 4604.260 -0.0028        
 4604.280 -0.0046        
 4604.300 -0.0080        
 4604.320 -0.0119        
 4604.340 -0.0153        
 4604.360 -0.0177        
 4604.380 -0.0188        
 4604.400 -0.0190        
 4604.420 -0.0186        
 4604.440 -0.0183        
 4604.460 -0.0183        
 4604.480 -0.0191        
 4604.500 -0.0206        
 4604.520 -0.0227        
 4604.540 -0.0251        
 4604.560 -0.0272        
 4604.580 -0.0286        
 4604.600 -0.0291        
 4604.620 -0.0291        
 4604.640 -0.0291        
 4604.660 -0.0297        
 4604.680 -0.0310        
 4604.700 -0.0326        
 4604.720 -0.0336        
 4604.740 -0.0331        
 4604.760 -0.0305        
 4604.780 -0.0263        
 4604.800 -0.0215        
 4604.820 -0.0181        
 4604.840 -0.0173        
 4604.860 -0.0195        
 4604.880 -0.0237        
 4604.900 -0.0281        
 4604.920 -0.0303        
 4604.940 -0.0292        
 4604.960 -0.0254        
 4604.980 -0.0209        
 4605.000 -0.0187        
 4605.020 -0.0212        
 4605.040 -0.0289        
 4605.060 -0.0399        
 4605.080 -0.0503        
 4605.100 -0.0558        
 4605.120 -0.0534        
 4605.140 -0.0429        
 4605.160 -0.0271        
 4605.180 -0.0110        
 4605.200  0.0001        
 4605.220  0.0026        
 4605.240 -0.0039        
 4605.260 -0.0167        
 4605.280 -0.0309        
 4605.300 -0.0415        
 4605.320 -0.0450        
 4605.340 -0.0407        
 4605.360 -0.0307        
 4605.380 -0.0187        
 4605.400 -0.0089        
 4605.420 -0.0039        
 4605.440 -0.0045        
 4605.460 -0.0096        
 4605.480 -0.0169        
 4605.500 -0.0242        
 4605.520 -0.0298        
 4605.540 -0.0333        
 4605.560 -0.0350        
 4605.580 -0.0356        
 4605.600 -0.0357        
 4605.620 -0.0353        
 4605.640 -0.0343        
 4605.660 -0.0324        
 4605.680 -0.0296        
 4605.700 -0.0261        
 4605.720 -0.0227        
 4605.740 -0.0201        
 4605.760 -0.0191        
 4605.780 -0.0199        
 4605.800 -0.0226        
 4605.820 -0.0266        
 4605.840 -0.0313        
 4605.860 -0.0357        
 4605.880 -0.0391        
 4605.900 -0.0406        
 4605.920 -0.0401        
 4605.940 -0.0378        
 4605.960 -0.0344        
 4605.980 -0.0307        
 4606.000 -0.0279        
 4606.020 -0.0264        
 4606.040 -0.0262        
 4606.060 -0.0267        
 4606.080 -0.0269        
 4606.100 -0.0259        
 4606.120 -0.0232        
 4606.140 -0.0192        
 4606.160 -0.0147        
 4606.180 -0.0112        
 4606.200 -0.0097        
 4606.220 -0.0108        
 4606.240 -0.0145        
 4606.260 -0.0198        
 4606.280 -0.0254        
 4606.300 -0.0301        
 4606.320 -0.0328        
 4606.340 -0.0330        
 4606.360 -0.0307        
 4606.380 -0.0265        
 4606.400 -0.0214        
 4606.420 -0.0164        
 4606.440 -0.0129        
 4606.460 -0.0119        
 4606.480 -0.0140        
 4606.500 -0.0192        
 4606.520 -0.0264        
 4606.540 -0.0339        
 4606.560 -0.0395        
 4606.580 -0.0418        
 4606.600 -0.0400        
 4606.620 -0.0349        
 4606.640 -0.0284        
 4606.660 -0.0228        
 4606.680 -0.0202        
 4606.700 -0.0213        
 4606.720 -0.0255        
 4606.740 -0.0308        
 4606.760 -0.0349        
 4606.780 -0.0358        
 4606.800 -0.0326        
 4606.820 -0.0259        
 4606.840 -0.0173        
 4606.860 -0.0087        
 4606.880 -0.0017        
 4606.900  0.0029        
 4606.920  0.0053        
 4606.940  0.0059        
 4606.960  0.0055        
 4606.980  0.0042        
 4607.000  0.0021        
 4607.020 -0.0011        
 4607.040 -0.0053        
 4607.060 -0.0100        
 4607.080 -0.0143        
 4607.100 -0.0174        
 4607.120 -0.0188        
 4607.140 -0.0187        
 4607.160 -0.0184        
 4607.180 -0.0191        
 4607.200 -0.0221        
 4607.220 -0.0275        
 4607.240 -0.0346        
 4607.260 -0.0418        
 4607.280 -0.0471        
 4607.300 -0.0489        
 4607.320 -0.0468        
 4607.340 -0.0412        
 4607.360 -0.0338        
 4607.380 -0.0266        
 4607.400 -0.0212        
 4607.420 -0.0187        
 4607.440 -0.0191        
 4607.460 -0.0214        
 4607.480 -0.0243        
 4607.500 -0.0264        
 4607.520 -0.0266        
 4607.540 -0.0248        
 4607.560 -0.0215        
 4607.580 -0.0177        
 4607.600 -0.0148        
 4607.620 -0.0141        
 4607.640 -0.0157        
 4607.660 -0.0193        
 4607.680 -0.0238        
 4607.700 -0.0280        
 4607.720 -0.0309        
 4607.740 -0.0321        
 4607.760 -0.0321        
 4607.780 -0.0317        
 4607.800 -0.0322        
 4607.820 -0.0341        
 4607.840 -0.0373        
 4607.860 -0.0407        
 4607.880 -0.0428        
 4607.900 -0.0420        
 4607.920 -0.0375        
 4607.940 -0.0298        
 4607.960 -0.0203        
 4607.980 -0.0111        
 4608.000 -0.0043        
 4608.020 -0.0010        
 4608.040 -0.0012        
 4608.060 -0.0036        
 4608.080 -0.0066        
 4608.100 -0.0085        
 4608.120 -0.0087        
 4608.140 -0.0072        
 4608.160 -0.0048        
 4608.180 -0.0029        
 4608.200 -0.0026        
 4608.220 -0.0045        
 4608.240 -0.0087        
 4608.260 -0.0147        
 4608.280 -0.0217        
 4608.300 -0.0287        
 4608.320 -0.0347        
 4608.340 -0.0387        
 4608.360 -0.0399        
 4608.380 -0.0379        
 4608.400 -0.0329        
 4608.420 -0.0258        
 4608.440 -0.0182        
 4608.460 -0.0118        
 4608.480 -0.0084        
 4608.500 -0.0086        
 4608.520 -0.0120        
 4608.540 -0.0173        
 4608.560 -0.0225        
 4608.580 -0.0260        
 4608.600 -0.0273        
 4608.620 -0.0269        
 4608.640 -0.0261        
 4608.660 -0.0265        
 4608.680 -0.0289        
 4608.700 -0.0331        
 4608.720 -0.0375        
 4608.740 -0.0405        
 4608.760 -0.0402        
 4608.780 -0.0364        
 4608.800 -0.0303        
 4608.820 -0.0243        
 4608.840 -0.0212        
 4608.860 -0.0231        
 4608.880 -0.0307        
 4608.900 -0.0425        
 4608.920 -0.0554        
 4608.940 -0.0659        
 4608.960 -0.0709        
 4608.980 -0.0692        
 4609.000 -0.0615        
 4609.020 -0.0501        
 4609.040 -0.0382        
 4609.060 -0.0289        
 4609.080 -0.0242        
 4609.100 -0.0245        
 4609.120 -0.0285        
 4609.140 -0.0337        
 4609.160 -0.0374        
 4609.180 -0.0376        
 4609.200 -0.0337        
 4609.220 -0.0266        
 4609.240 -0.0184        
 4609.260 -0.0117        
 4609.280 -0.0086        
 4609.300 -0.0099        
 4609.320 -0.0151        
 4609.340 -0.0224        
 4609.360 -0.0293        
 4609.380 -0.0335        
 4609.400 -0.0341        
 4609.420 -0.0312        
 4609.440 -0.0264        
 4609.460 -0.0217        
 4609.480 -0.0192        
 4609.500 -0.0196        
 4609.520 -0.0229        
 4609.540 -0.0276        
 4609.560 -0.0322        
 4609.580 -0.0351        
 4609.600 -0.0356        
 4609.620 -0.0340        
 4609.640 -0.0312        
 4609.660 -0.0284        
 4609.680 -0.0267        
 4609.700 -0.0265        
 4609.720 -0.0274        
 4609.740 -0.0287        
 4609.760 -0.0291        
 4609.780 -0.0277        
 4609.800 -0.0238        
 4609.820 -0.0177        
 4609.840 -0.0101        
 4609.860 -0.0026        
 4609.880  0.0029        
 4609.900  0.0050        
 4609.920  0.0026        
 4609.940 -0.0040        
 4609.960 -0.0137        
 4609.980 -0.0241        
 4610.000 -0.0327        
 4610.020 -0.0378        
 4610.040 -0.0386        
 4610.060 -0.0359        
 4610.080 -0.0320        
 4610.100 -0.0291        
 4610.120 -0.0294        
 4610.140 -0.0333        
 4610.160 -0.0400        
 4610.180 -0.0470        
 4610.200 -0.0519        
 4610.220 -0.0526        
 4610.240 -0.0487        
 4610.260 -0.0412        
 4610.280 -0.0322        
 4610.300 -0.0242        
 4610.320 -0.0188        
 4610.340 -0.0166        
 4610.360 -0.0171        
 4610.380 -0.0194        
 4610.400 -0.0223        
 4610.420 -0.0253        
 4610.440 -0.0281        
 4610.460 -0.0309        
 4610.480 -0.0338        
 4610.500 -0.0363        
 4610.520 -0.0380        
 4610.540 -0.0381        
 4610.560 -0.0364        
 4610.580 -0.0335        
 4610.600 -0.0302        
 4610.620 -0.0277        
 4610.640 -0.0268        
 4610.660 -0.0277        
 4610.680 -0.0299        
 4610.700 -0.0325        
 4610.720 -0.0348        
 4610.740 -0.0364        
 4610.760 -0.0373        
 4610.780 -0.0380        
 4610.800 -0.0383        
 4610.820 -0.0381        
 4610.840 -0.0365        
 4610.860 -0.0331        
 4610.880 -0.0277        
 4610.900 -0.0213        
 4610.920 -0.0154        
 4610.940 -0.0116        
 4610.960 -0.0111        
 4610.980 -0.0140        
 4611.000 -0.0192        
 4611.020 -0.0249        
 4611.040 -0.0289        
 4611.060 -0.0302        
 4611.080 -0.0293        
 4611.100 -0.0280        
 4611.120 -0.0283        
 4611.140 -0.0309        
 4611.160 -0.0350        
 4611.180 -0.0384        
 4611.200 -0.0386        
 4611.220 -0.0340        
 4611.240 -0.0246        
 4611.260 -0.0124        
 4611.280 -0.0006        
 4611.300  0.0077        
 4611.320  0.0105        
 4611.340  0.0080        
 4611.360  0.0021        
 4611.380 -0.0044        
 4611.400 -0.0090        
 4611.420 -0.0107        
 4611.440 -0.0099        
 4611.460 -0.0086        
 4611.480 -0.0086        
 4611.500 -0.0112        
 4611.520 -0.0164        
 4611.540 -0.0231        
 4611.560 -0.0300        
 4611.580 -0.0358        
 4611.600 -0.0400        
 4611.620 -0.0430        
 4611.640 -0.0452        
 4611.660 -0.0469        
 4611.680 -0.0478        
 4611.700 -0.0471        
 4611.720 -0.0440        
 4611.740 -0.0384        
 4611.760 -0.0311        
 4611.780 -0.0238        
 4611.800 -0.0182        
 4611.820 -0.0155        
 4611.840 -0.0160        
 4611.860 -0.0188        
 4611.880 -0.0226        
 4611.900 -0.0260        
 4611.920 -0.0285        
 4611.940 -0.0304        
 4611.960 -0.0325        
 4611.980 -0.0353        
 4612.000 -0.0387        
 4612.020 -0.0418        
 4612.040 -0.0434        
 4612.060 -0.0424        
 4612.080 -0.0390        
 4612.100 -0.0345        
 4612.120 -0.0311        
 4612.140 -0.0307        
 4612.160 -0.0341        
 4612.180 -0.0404        
 4612.200 -0.0474        
 4612.220 -0.0521        
 4612.240 -0.0524        
 4612.260 -0.0476        
 4612.280 -0.0392        
 4612.300 -0.0298        
 4612.320 -0.0222        
 4612.340 -0.0181        
 4612.360 -0.0175        
 4612.380 -0.0185        
 4612.400 -0.0189        
 4612.420 -0.0165        
 4612.440 -0.0112        
 4612.460 -0.0043        
 4612.480  0.0014        
 4612.500  0.0032        
 4612.520 -0.0002        
 4612.540 -0.0082        
 4612.560 -0.0183        
 4612.580 -0.0269        
 4612.600 -0.0310        
 4612.620 -0.0297        
 4612.640 -0.0240        
 4612.660 -0.0171        
 4612.680 -0.0125        
 4612.700 -0.0129        
 4612.720 -0.0189        
 4612.740 -0.0288        
 4612.760 -0.0388        
 4612.780 -0.0448        
 4612.800 -0.0445        
 4612.820 -0.0379        
 4612.840 -0.0272        
 4612.860 -0.0161        
 4612.880 -0.0084        
 4612.900 -0.0062        
 4612.920 -0.0098        
 4612.940 -0.0174        
 4612.960 -0.0257        
 4612.980 -0.0316        
 4613.000 -0.0332        
 4613.020 -0.0304        
 4613.040 -0.0250        
 4613.060 -0.0194        
 4613.080 -0.0161        
 4613.100 -0.0165        
 4613.120 -0.0201        
 4613.140 -0.0256        
 4613.160 -0.0308        
 4613.180 -0.0339        
 4613.200 -0.0343        
 4613.220 -0.0324        
 4613.240 -0.0296        
 4613.260 -0.0276        
 4613.280 -0.0272        
 4613.300 -0.0287        
 4613.320 -0.0312        
 4613.340 -0.0331        
 4613.360 -0.0331        
 4613.380 -0.0305        
 4613.400 -0.0256        
 4613.420 -0.0198        
 4613.440 -0.0148        
 4613.460 -0.0124        
 4613.480 -0.0137        
 4613.500 -0.0187        
 4613.520 -0.0262        
 4613.540 -0.0345        
 4613.560 -0.0415        
 4613.580 -0.0454        
 4613.600 -0.0455        
 4613.620 -0.0423        
 4613.640 -0.0371        
 4613.660 -0.0316        
 4613.680 -0.0277        
 4613.700 -0.0263        
 4613.720 -0.0274        
 4613.740 -0.0299        
 4613.760 -0.0323        
 4613.780 -0.0330        
 4613.800 -0.0313        
 4613.820 -0.0274        
 4613.840 -0.0228        
 4613.860 -0.0193        
 4613.880 -0.0186        
 4613.900 -0.0212        
 4613.920 -0.0266        
 4613.940 -0.0332        
 4613.960 -0.0392        
 4613.980 -0.0431        
 4614.000 -0.0443        
 4614.020 -0.0434        
 4614.040 -0.0415        
 4614.060 -0.0397        
 4614.080 -0.0385        
 4614.100 -0.0378        
 4614.120 -0.0372        
 4614.140 -0.0361        
 4614.160 -0.0351        
 4614.180 -0.0349        
 4614.200 -0.0368        
 4614.220 -0.0415        
 4614.240 -0.0484        
 4614.260 -0.0556        
 4614.280 -0.0602        
 4614.300 -0.0596        
 4614.320 -0.0527        
 4614.340 -0.0406        
 4614.360 -0.0267        
 4614.380 -0.0159        
 4614.400 -0.0123        
 4614.420 -0.0174        
 4614.440 -0.0292        
 4614.460 -0.0425        
 4614.480 -0.0515        
 4614.500 -0.0520        
 4614.520 -0.0432        
 4614.540 -0.0284        
 4614.560 -0.0132        
 4614.580 -0.0030        
 4614.600 -0.0014        
 4614.620 -0.0087        
 4614.640 -0.0219        
 4614.660 -0.0360        
 4614.680 -0.0461        
 4614.700 -0.0487        
 4614.720 -0.0437        
 4614.740 -0.0334        
 4614.760 -0.0221        
 4614.780 -0.0136        
 4614.800 -0.0106        
 4614.820 -0.0132        
 4614.840 -0.0197        
 4614.860 -0.0271        
 4614.880 -0.0328        
 4614.900 -0.0352        
 4614.920 -0.0345        
 4614.940 -0.0317        
 4614.960 -0.0281        
 4614.980 -0.0251        
 4615.000 -0.0232        
 4615.020 -0.0225        
 4615.040 -0.0226        
 4615.060 -0.0228        
 4615.080 -0.0229        
 4615.100 -0.0225        
 4615.120 -0.0218        
 4615.140 -0.0211        
 4615.160 -0.0208        
 4615.180 -0.0213        
 4615.200 -0.0229        
 4615.220 -0.0254        
 4615.240 -0.0281        
 4615.260 -0.0304        
 4615.280 -0.0312        
 4615.300 -0.0298        
 4615.320 -0.0262        
 4615.340 -0.0210        
 4615.360 -0.0154        
 4615.380 -0.0113        
 4615.400 -0.0098        
 4615.420 -0.0114        
 4615.440 -0.0151        
 4615.460 -0.0192        
 4615.480 -0.0217        
 4615.500 -0.0213        
 4615.520 -0.0177        
 4615.540 -0.0120        
 4615.560 -0.0061        
 4615.580 -0.0020        
 4615.600 -0.0010        
 4615.620 -0.0031        
 4615.640 -0.0070        
 4615.660 -0.0110        
 4615.680 -0.0135        
 4615.700 -0.0136        
 4615.720 -0.0118        
 4615.740 -0.0094        
 4615.760 -0.0078        
 4615.780 -0.0084        
 4615.800 -0.0114        
 4615.820 -0.0163        
 4615.840 -0.0219        
 4615.860 -0.0270        
 4615.880 -0.0306        
 4615.900 -0.0324        
 4615.920 -0.0325        
 4615.940 -0.0314        
 4615.960 -0.0298        
 4615.980 -0.0280        
 4616.000 -0.0262        
 4616.020 -0.0246        
 4616.040 -0.0230        
 4616.060 -0.0218        
 4616.080 -0.0209        
 4616.100 -0.0208        
 4616.120 -0.0214        
 4616.140 -0.0228        
 4616.160 -0.0248        
 4616.180 -0.0272        
 4616.200 -0.0294        
 4616.220 -0.0313        
 4616.240 -0.0325        
 4616.260 -0.0329        
 4616.280 -0.0326        
 4616.300 -0.0317        
 4616.320 -0.0304        
 4616.340 -0.0291        
 4616.360 -0.0277        
 4616.380 -0.0262        
 4616.400 -0.0242        
 4616.420 -0.0214        
 4616.440 -0.0176        
 4616.460 -0.0129        
 4616.480 -0.0080        
 4616.500 -0.0038        
 4616.520 -0.0013        
 4616.540 -0.0011        
 4616.560 -0.0033        
 4616.580 -0.0069        
 4616.600 -0.0106        
 4616.620 -0.0132        
 4616.640 -0.0139        
 4616.660 -0.0128        
 4616.680 -0.0108        
 4616.700 -0.0095        
 4616.720 -0.0097        
 4616.740 -0.0119        
 4616.760 -0.0154        
 4616.780 -0.0189        
 4616.800 -0.0208        
 4616.820 -0.0201        
 4616.840 -0.0165        
 4616.860 -0.0109        
 4616.880 -0.0046        
 4616.900  0.0012        
 4616.920  0.0054        
 4616.940  0.0076        
 4616.960  0.0079        
 4616.980  0.0065        
 4617.000  0.0035        
 4617.020 -0.0012        
 4617.040 -0.0078        
 4617.060 -0.0163        
 4617.080 -0.0260        
 4617.100 -0.0358        
 4617.120 -0.0441        
 4617.140 -0.0494        
 4617.160 -0.0508        
 4617.180 -0.0484        
 4617.200 -0.0432        
 4617.220 -0.0366        
 4617.240 -0.0301        
 4617.260 -0.0250        
 4617.280 -0.0220        
 4617.300 -0.0211        
 4617.320 -0.0221        
 4617.340 -0.0246        
 4617.360 -0.0279        
 4617.380 -0.0314        
 4617.400 -0.0346        
 4617.420 -0.0370        
 4617.440 -0.0382        
 4617.460 -0.0382        
 4617.480 -0.0374        
 4617.500 -0.0363        
 4617.520 -0.0357        
 4617.540 -0.0356        
 4617.560 -0.0358        
 4617.580 -0.0355        
 4617.600 -0.0339        
 4617.620 -0.0304        
 4617.640 -0.0252        
 4617.660 -0.0195        
 4617.680 -0.0148        
 4617.700 -0.0126        
 4617.720 -0.0134        
 4617.740 -0.0167        
 4617.760 -0.0209        
 4617.780 -0.0240        
 4617.800 -0.0245        
 4617.820 -0.0219        
 4617.840 -0.0170        
 4617.860 -0.0115        
 4617.880 -0.0074        
 4617.900 -0.0063        
 4617.920 -0.0085        
 4617.940 -0.0134        
 4617.960 -0.0193        
 4617.980 -0.0250        
 4618.000 -0.0293        
 4618.020 -0.0319        
 4618.040 -0.0330        
 4618.060 -0.0332        
 4618.080 -0.0327        
 4618.100 -0.0316        
 4618.120 -0.0297        
 4618.140 -0.0268        
 4618.160 -0.0232        
 4618.180 -0.0194        
 4618.200 -0.0161        
 4618.220 -0.0140        
 4618.240 -0.0130        
 4618.260 -0.0129        
 4618.280 -0.0131        
 4618.300 -0.0132        
 4618.320 -0.0134        
 4618.340 -0.0142        
 4618.360 -0.0166        
 4618.380 -0.0212        
 4618.400 -0.0277        
 4618.420 -0.0352        
 4618.440 -0.0417        
 4618.460 -0.0455        
 4618.480 -0.0452        
 4618.500 -0.0408        
 4618.520 -0.0335        
 4618.540 -0.0253        
 4618.560 -0.0185        
 4618.580 -0.0148        
 4618.600 -0.0148        
 4618.620 -0.0179        
 4618.640 -0.0227        
 4618.660 -0.0275        
 4618.680 -0.0306        
 4618.700 -0.0314        
 4618.720 -0.0297        
 4618.740 -0.0262        
 4618.760 -0.0218        
 4618.780 -0.0176        
 4618.800 -0.0146        
 4618.820 -0.0137        
 4618.840 -0.0151        
 4618.860 -0.0188        
 4618.880 -0.0240        
 4618.900 -0.0297        
 4618.920 -0.0347        
 4618.940 -0.0381        
 4618.960 -0.0394        
 4618.980 -0.0389        
 4619.000 -0.0372        
 4619.020 -0.0354        
 4619.040 -0.0343        
 4619.060 -0.0343        
 4619.080 -0.0347        
 4619.100 -0.0348        
 4619.120 -0.0337        
 4619.140 -0.0308        
 4619.160 -0.0265        
 4619.180 -0.0218        
 4619.200 -0.0180        
 4619.220 -0.0164        
 4619.240 -0.0174        
 4619.260 -0.0208        
 4619.280 -0.0254        
 4619.300 -0.0296        
 4619.320 -0.0317        
 4619.340 -0.0310        
 4619.360 -0.0272        
 4619.380 -0.0212        
 4619.400 -0.0145        
 4619.420 -0.0091        
 4619.440 -0.0066        
 4619.460 -0.0079        
 4619.480 -0.0133        
 4619.500 -0.0220        
 4619.520 -0.0323        
 4619.540 -0.0421        
 4619.560 -0.0494        
 4619.580 -0.0529        
 4619.600 -0.0521        
 4619.620 -0.0475        
 4619.640 -0.0406        
 4619.660 -0.0331        
 4619.680 -0.0265        
 4619.700 -0.0217        
 4619.720 -0.0190        
 4619.740 -0.0180        
 4619.760 -0.0181        
 4619.780 -0.0187        
 4619.800 -0.0193        
 4619.820 -0.0194        
 4619.840 -0.0190        
 4619.860 -0.0177        
 4619.880 -0.0156        
 4619.900 -0.0128        
 4619.920 -0.0101        
 4619.940 -0.0090        
 4619.960 -0.0106        
 4619.980 -0.0160        
 4620.000 -0.0246        
 4620.020 -0.0348        
 4620.040 -0.0435        
 4620.060 -0.0476        
 4620.080 -0.0448        
 4620.100 -0.0350        
 4620.120 -0.0207        
 4620.140 -0.0059        
 4620.160  0.0047        
 4620.180  0.0077        
 4620.200  0.0024        
 4620.220 -0.0089        
 4620.240 -0.0219        
 4620.260 -0.0318        
 4620.280 -0.0352        
 4620.300 -0.0316        
 4620.320 -0.0233        
 4620.340 -0.0143        
 4620.360 -0.0089        
 4620.380 -0.0093        
 4620.400 -0.0153        
 4620.420 -0.0243        
 4620.440 -0.0325        
 4620.460 -0.0367        
 4620.480 -0.0358        
 4620.500 -0.0309        
 4620.520 -0.0249        
 4620.540 -0.0210        
 4620.560 -0.0211        
 4620.580 -0.0252        
 4620.600 -0.0313        
 4620.620 -0.0362        
 4620.640 -0.0372        
 4620.660 -0.0333        
 4620.680 -0.0251        
 4620.700 -0.0151        
 4620.720 -0.0064        
 4620.740 -0.0012        
 4620.760 -0.0004        
 4620.780 -0.0036        
 4620.800 -0.0089        
 4620.820 -0.0144        
 4620.840 -0.0187        
 4620.860 -0.0213        
 4620.880 -0.0223        
 4620.900 -0.0226        
 4620.920 -0.0229        
 4620.940 -0.0233        
 4620.960 -0.0237        
 4620.980 -0.0239        
 4621.000 -0.0236        
 4621.020 -0.0228        
 4621.040 -0.0220        
 4621.060 -0.0220        
 4621.080 -0.0232        
 4621.100 -0.0259        
 4621.120 -0.0299        
 4621.140 -0.0347        
 4621.160 -0.0397        
 4621.180 -0.0445        
 4621.200 -0.0488        
 4621.220 -0.0522        
 4621.240 -0.0544        
 4621.260 -0.0552        
 4621.280 -0.0541        
 4621.300 -0.0507        
 4621.320 -0.0448        
 4621.340 -0.0370        
 4621.360 -0.0280        
 4621.380 -0.0194        
 4621.400 -0.0124        
 4621.420 -0.0084        
 4621.440 -0.0075        
 4621.460 -0.0093        
 4621.480 -0.0125        
 4621.500 -0.0154        
 4621.520 -0.0168        
 4621.540 -0.0158        
 4621.560 -0.0127        
 4621.580 -0.0087        
 4621.600 -0.0055        
 4621.620 -0.0046        
 4621.640 -0.0069        
 4621.660 -0.0125        
 4621.680 -0.0203        
 4621.700 -0.0289        
 4621.720 -0.0365        
 4621.740 -0.0417        
 4621.760 -0.0439        
 4621.780 -0.0429        
 4621.800 -0.0393        
 4621.820 -0.0338        
 4621.840 -0.0270        
 4621.860 -0.0198        
 4621.880 -0.0129        
 4621.900 -0.0073        
 4621.920 -0.0039        
 4621.940 -0.0034        
 4621.960 -0.0058        
 4621.980 -0.0103        
 4622.000 -0.0155        
 4622.020 -0.0201        
 4622.040 -0.0231        
 4622.060 -0.0241        
 4622.080 -0.0237        
 4622.100 -0.0228        
 4622.120 -0.0223        
 4622.140 -0.0228        
 4622.160 -0.0242        
 4622.180 -0.0257        
 4622.200 -0.0260        
 4622.220 -0.0246        
 4622.240 -0.0216        
 4622.260 -0.0189        
 4622.280 -0.0187        
 4622.300 -0.0226        
 4622.320 -0.0300        
 4622.340 -0.0390        
 4622.360 -0.0465        
 4622.380 -0.0502        
 4622.400 -0.0486        
 4622.420 -0.0419        
 4622.440 -0.0322        
 4622.460 -0.0229        
 4622.480 -0.0175        
 4622.500 -0.0182        
 4622.520 -0.0251        
 4622.540 -0.0360        
 4622.560 -0.0472        
 4622.580 -0.0551        
 4622.600 -0.0574        
 4622.620 -0.0536        
 4622.640 -0.0450        
 4622.660 -0.0345        
 4622.680 -0.0246        
 4622.700 -0.0173        
 4622.720 -0.0130        
 4622.740 -0.0112        
 4622.760 -0.0109        
 4622.780 -0.0113        
 4622.800 -0.0120        
 4622.820 -0.0130        
 4622.840 -0.0144        
 4622.860 -0.0159        
 4622.880 -0.0170        
 4622.900 -0.0171        
 4622.920 -0.0154        
 4622.940 -0.0122        
 4622.960 -0.0081        
 4622.980 -0.0048        
 4623.000 -0.0036        
 4623.020 -0.0056        
 4623.040 -0.0104        
 4623.060 -0.0168        
 4623.080 -0.0229        
 4623.100 -0.0267        
 4623.120 -0.0270        
 4623.140 -0.0240        
 4623.160 -0.0190        
 4623.180 -0.0143        
 4623.200 -0.0118        
 4623.220 -0.0129        
 4623.240 -0.0173        
 4623.260 -0.0237        
 4623.280 -0.0298        
 4623.300 -0.0332        
 4623.320 -0.0322        
 4623.340 -0.0268        
 4623.360 -0.0183        
 4623.380 -0.0092        
 4623.400 -0.0021        
 4623.420  0.0007        
 4623.440 -0.0017        
 4623.460 -0.0088        
 4623.480 -0.0187        
 4623.500 -0.0287        
 4623.520 -0.0365        
 4623.540 -0.0405        
 4623.560 -0.0405        
 4623.580 -0.0376        
 4623.600 -0.0336        
 4623.620 -0.0302        
 4623.640 -0.0289        
 4623.660 -0.0300        
 4623.680 -0.0332        
 4623.700 -0.0376        
 4623.720 -0.0421        
 4623.740 -0.0459        
 4623.760 -0.0481        
 4623.780 -0.0484        
 4623.800 -0.0469        
 4623.820 -0.0435        
 4623.840 -0.0389        
 4623.860 -0.0339        
 4623.880 -0.0296        
 4623.900 -0.0269        
 4623.920 -0.0267        
 4623.940 -0.0288        
 4623.960 -0.0324        
 4623.980 -0.0361        
 4624.000 -0.0381        
 4624.020 -0.0375        
 4624.040 -0.0341        
 4624.060 -0.0290        
 4624.080 -0.0241        
 4624.100 -0.0216        
 4624.120 -0.0228        
 4624.140 -0.0278        
 4624.160 -0.0353        
 4624.180 -0.0432        
 4624.200 -0.0496        
 4624.220 -0.0534        
 4624.240 -0.0547        
 4624.260 -0.0543        
 4624.280 -0.0535        
 4624.300 -0.0530        
 4624.320 -0.0527        
 4624.340 -0.0519        
 4624.360 -0.0493        
 4624.380 -0.0441        
 4624.400 -0.0363        
 4624.420 -0.0269        
 4624.440 -0.0175        
 4624.460 -0.0099        
 4624.480 -0.0053        
 4624.500 -0.0041        
 4624.520 -0.0060        
 4624.540 -0.0102        
 4624.560 -0.0160        
 4624.580 -0.0228        
 4624.600 -0.0300        
 4624.620 -0.0369        
 4624.640 -0.0425        
 4624.660 -0.0456        
 4624.680 -0.0453        
 4624.700 -0.0414        
 4624.720 -0.0348        
 4624.740 -0.0271        
 4624.760 -0.0202        
 4624.780 -0.0160        
 4624.800 -0.0150        
 4624.820 -0.0168        
 4624.840 -0.0198        
 4624.860 -0.0227        
 4624.880 -0.0244        
 4624.900 -0.0252        
 4624.920 -0.0262        
 4624.940 -0.0284        
 4624.960 -0.0324        
 4624.980 -0.0376        
 4625.000 -0.0424        
 4625.020 -0.0449        
 4625.040 -0.0438        
 4625.060 -0.0392        
 4625.080 -0.0325        
 4625.100 -0.0262        
 4625.120 -0.0221        
 4625.140 -0.0211        
 4625.160 -0.0227        
 4625.180 -0.0255        
 4625.200 -0.0279        
 4625.220 -0.0292        
 4625.240 -0.0301        
 4625.260 -0.0321        
 4625.280 -0.0367        
 4625.300 -0.0441        
 4625.320 -0.0527        
 4625.340 -0.0594        
 4625.360 -0.0607        
 4625.380 -0.0546        
 4625.400 -0.0412        
 4625.420 -0.0236        
 4625.440 -0.0065        
 4625.460  0.0053        
 4625.480  0.0093        
 4625.500  0.0055        
 4625.520 -0.0033        
 4625.540 -0.0133        
 4625.560 -0.0209        
 4625.580 -0.0246        
 4625.600 -0.0247        
 4625.620 -0.0237        
 4625.640 -0.0238        
 4625.660 -0.0264        
 4625.680 -0.0310        
 4625.700 -0.0357        
 4625.720 -0.0382        
 4625.740 -0.0371        
 4625.760 -0.0327        
 4625.780 -0.0268        
 4625.800 -0.0221        
 4625.820 -0.0209        
 4625.840 -0.0239        
 4625.860 -0.0299        
 4625.880 -0.0366        
 4625.900 -0.0414        
 4625.920 -0.0426        
 4625.940 -0.0402        
 4625.960 -0.0352        
 4625.980 -0.0296        
 4626.000 -0.0248        
 4626.020 -0.0214        
 4626.040 -0.0189        
 4626.060 -0.0166        
 4626.080 -0.0138        
 4626.100 -0.0110        
 4626.120 -0.0091        
 4626.140 -0.0094        
 4626.160 -0.0127        
 4626.180 -0.0186        
 4626.200 -0.0254        
 4626.220 -0.0310        
 4626.240 -0.0332        
 4626.260 -0.0307        
 4626.280 -0.0235        
 4626.300 -0.0132        
 4626.320 -0.0023        
 4626.340  0.0066        
 4626.360  0.0115        
 4626.380  0.0112        
 4626.400  0.0057        
 4626.420 -0.0043        
 4626.440 -0.0173        
 4626.460 -0.0313        
 4626.480 -0.0440        
 4626.500 -0.0535        
 4626.520 -0.0586        
 4626.540 -0.0588        
 4626.560 -0.0549        
 4626.580 -0.0483        
 4626.600 -0.0412        
 4626.620 -0.0356        
 4626.640 -0.0327        
 4626.660 -0.0322        
 4626.680 -0.0325        
 4626.700 -0.0315        
 4626.720 -0.0278        
 4626.740 -0.0213        
 4626.760 -0.0136        
 4626.780 -0.0073        
 4626.800 -0.0050        
 4626.820 -0.0080        
 4626.840 -0.0155        
 4626.860 -0.0246        
 4626.880 -0.0317        
 4626.900 -0.0344        
 4626.920 -0.0318        
 4626.940 -0.0254        
 4626.960 -0.0185        
 4626.980 -0.0147        
 4627.000 -0.0165        
 4627.020 -0.0238        
 4627.040 -0.0342        
 4627.060 -0.0440        
 4627.080 -0.0500        
 4627.100 -0.0504        
 4627.120 -0.0459        
 4627.140 -0.0388        
 4627.160 -0.0320        
 4627.180 -0.0280        
 4627.200 -0.0276        
 4627.220 -0.0301        
 4627.240 -0.0330        
 4627.260 -0.0343        
 4627.280 -0.0329        
 4627.300 -0.0292        
 4627.320 -0.0252        
 4627.340 -0.0233        
 4627.360 -0.0250        
 4627.380 -0.0301        
 4627.400 -0.0367        
 4627.420 -0.0421        
 4627.440 -0.0441        
 4627.460 -0.0420        
 4627.480 -0.0370        
 4627.500 -0.0315        
 4627.520 -0.0281        
 4627.540 -0.0288        
 4627.560 -0.0338        
 4627.580 -0.0417        
 4627.600 -0.0497        
 4627.620 -0.0548        
 4627.640 -0.0551        
 4627.660 -0.0507        
 4627.680 -0.0433        
 4627.700 -0.0351        
 4627.720 -0.0283        
 4627.740 -0.0238        
 4627.760 -0.0213        
 4627.780 -0.0197        
 4627.800 -0.0181        
 4627.820 -0.0160        
 4627.840 -0.0139        
 4627.860 -0.0128        
 4627.880 -0.0137        
 4627.900 -0.0171        
 4627.920 -0.0222        
 4627.940 -0.0279        
 4627.960 -0.0325        
 4627.980  0.0000        
 4628.000  0.0000        
