           1.0300  1.0000
          -0.1400  0.0000
 4722.000  0.9766  0.9921
 4722.020  0.9721  0.9894
 4722.040  0.9675  0.9857
 4722.060  0.9626  0.9865
 4722.080  0.9580  0.9850
 4722.100  0.9537  0.9861
 4722.120  0.9502  0.9896
 4722.140  0.9488  0.9943
 4722.160  0.9500  0.9906
 4722.180  0.9528  0.9921
 4722.200  0.9565  0.9879
 4722.220  0.9607  0.9828
 4722.240  0.9645  0.9804
 4722.260  0.9677  0.9804
 4722.280  0.9705  0.9852
 4722.300  0.9743  0.9916
 4722.320  0.9795  0.9929
 4722.340  0.9852  0.9929
 4722.360  0.9895  0.9899
 4722.380  0.9915  0.9874
 4722.400  0.9911  0.9857
 4722.420  0.9886  0.9845
 4722.440  0.9850  0.9869
 4722.460  0.9817  0.9905
 4722.480  0.9806  0.9934
 4722.500  0.9824  0.9931
 4722.520  0.9859  0.9911
 4722.540  0.9892  0.9877
 4722.560  0.9902  0.9839
 4722.580  0.9879  0.9829
 4722.600  0.9836  0.9848
 4722.620  0.9798  0.9880
 4722.640  0.9791  0.9918
 4722.660  0.9829  0.9929
 4722.680  0.9902  0.9902
 4722.700  0.9985  0.9844
 4722.720  1.0043  0.9762
 4722.740  1.0049  0.9684
 4722.760  0.9990  0.9629
 4722.780  0.9874  0.9608
 4722.800  0.9721  0.9626
 4722.820  0.9555  0.9666
 4722.840  0.9399  0.9716
 4722.860  0.9260  0.9763
 4722.880  0.9139  0.9803
 4722.900  0.9031  0.9836
 4722.920  0.8934  0.9864
 4722.940  0.8855  0.9887
 4722.960  0.8810  0.9903
 4722.980  0.8813  0.9909
 4723.000  0.8875  0.9901
 4723.020  0.8990  0.9883
 4723.040  0.9140  0.9862
 4723.060  0.9295  0.9847
 4723.080  0.9427  0.9845
 4723.100  0.9521  0.9859
 4723.120  0.9578  0.9883
 4723.140  0.9612  0.9905
 4723.160  0.9643  0.9918
 4723.180  0.9685  0.9915
 4723.200  0.9737  0.9903
 4723.220  0.9787  0.9889
 4723.240  0.9816  0.9884
 4723.260  0.9812  0.9891
 4723.280  0.9776  0.9901
 4723.300  0.9725  0.9900
 4723.320  0.9681  0.9873
 4723.340  0.9663  0.9813
 4723.360  0.9675  0.9728
 4723.380  0.9702  0.9641
 4723.400  0.9716  0.9582
 4723.420  0.9693  0.9573
 4723.440  0.9623  0.9623
 4723.460  0.9520  0.9717
 4723.480  0.9415  0.9826
 4723.500  0.9343  0.9914
 4723.520  0.9322  0.9959
 4723.540  0.9350  0.9957
 4723.560  0.9397  0.9927
 4723.580  0.9425  0.9901
 4723.600  0.9408  0.9893
 4723.620  0.9339  0.9886
 4723.640  0.9225  0.9878
 4723.660  0.9082  0.9870
 4723.680  0.8923  0.9863
 4723.700  0.8755  0.9855
 4723.720  0.8582  0.9848
 4723.740  0.8412  0.9840
 4723.760  0.8231  0.9637
 4723.780  0.7979  0.9470
 4723.800  0.7605  0.9380
 4723.820  0.7121  0.9381
 4723.840  0.6594  0.9460
 4723.860  0.6110  0.9582
 4723.880  0.5748  0.9704
 4723.900  0.5558  0.9793
 4723.920  0.5552  0.9837
 4723.940  0.5710  0.9843
 4723.960  0.5990  0.9832
 4723.980  0.6340  0.9827
 4724.000  0.6713  0.9843
 4724.020  0.7076  0.9879
 4724.040  0.7410  0.9924
 4724.060  0.7708  0.9961
 4724.080  0.7971  0.9979
 4724.100  0.8195  0.9972
 4724.120  0.8376  0.9946
 4724.140  0.8508  0.9913
 4724.160  0.8591  0.9884
 4724.180  0.8627  0.9867
 4724.200  0.8630  0.9861
 4724.220  0.8611  0.9864
 4724.240  0.8585  0.9870
 4724.260  0.8559  0.9876
 4724.280  0.8537  0.9884
 4724.300  0.8519  0.9894
 4724.320  0.8503  0.9907
 4724.340  0.8487  0.9922
 4724.360  0.8468  0.9933
 4724.380  0.8445  0.9936
 4724.400  0.8413  0.9928
 4724.420  0.8370  0.9910
 4724.440  0.8316  0.9890
 4724.460  0.8259  0.9877
 4724.480  0.8211  0.9876
 4724.500  0.8190  0.9886
 4724.520  0.8212  0.9901
 4724.540  0.8288  0.9906
 4724.560  0.8416  0.9890
 4724.580  0.8584  0.9849
 4724.600  0.8770  0.9786
 4724.620  0.8953  0.9717
 4724.640  0.9114  0.9659
 4724.660  0.9247  0.9628
 4724.680  0.9352  0.9633
 4724.700  0.9435  0.9671
 4724.720  0.9503  0.9729
 4724.740  0.9556  0.9791
 4724.760  0.9591  0.9842
 4724.780  0.9601  0.9874
 4724.800  0.9583  0.9886
 4724.820  0.9542  0.9885
 4724.840  0.9488  0.9879
 4724.860  0.9436  0.9875
 4724.880  0.9398  0.9876
 4724.900  0.9378  0.9883
 4724.920  0.9370  0.9893
 4724.940  0.9361  0.9903
 4724.960  0.9336  0.9910
 4724.980  0.9288  0.9911
 4725.000  0.9221  0.9902
 4725.020  0.9150  0.9880
 4725.040  0.9095  0.9842
 4725.060  0.9074  0.9788
 4725.080  0.9099  0.9721
 4725.100  0.9168  0.9652
 4725.120  0.9272  0.9597
 4725.140  0.9395  0.9570
 4725.160  0.9517  0.9581
 4725.180  0.9625  0.9631
 4725.200  0.9709  0.9711
 4725.220  0.9768  0.9801
 4725.240  0.9800  0.9878
 4725.260  0.9810  0.9922
 4725.280  0.9805  0.9921
 4725.300  0.9792  0.9877
 4725.320  0.9783  0.9800
 4725.340  0.9788  0.9711
 4725.360  0.9810  0.9632
 4725.380  0.9845  0.9580
 4725.400  0.9882  0.9564
 4725.420  0.9900  0.9585
 4725.440  0.9887  0.9633
 4725.460  0.9837  0.9691
 4725.480  0.9758  0.9743
 4725.500  0.9670  0.9773
 4725.520  0.9595  0.9775
 4725.540  0.9548  0.9750
 4725.560  0.9535  0.9710
 4725.580  0.9544  0.9669
 4725.600  0.9554  0.9646
 4725.620  0.9546  0.9652
 4725.640  0.9512  0.9690
 4725.660  0.9457  0.9751
 4725.680  0.9399  0.9821
 4725.700  0.9359  0.9882
 4725.720  0.9350  0.9919
 4725.740  0.9366  0.9928
 4725.760  0.9391  0.9915
 4725.780  0.9398  0.9890
 4725.800  0.9368  0.9870
 4725.820  0.9295  0.9864
 4725.840  0.9191  0.9874
 4725.860  0.9083  0.9894
 4725.880  0.8999  0.9915
 4725.900  0.8957  0.9925
 4725.920  0.8958  0.9922
 4725.940  0.8988  0.9908
 4725.960  0.9029  0.9891
 4725.980  0.9067  0.9880
 4726.000  0.9099  0.9880
 4726.020  0.9137  0.9890
 4726.040  0.9197  0.9905
 4726.060  0.9291  0.9916
 4726.080  0.9415  0.9918
 4726.100  0.9553  0.9912
 4726.120  0.9676  0.9902
 4726.140  0.9760  0.9894
 4726.160  0.9796  0.9893
 4726.180  0.9790  0.9897
 4726.200  0.9766  0.9901
 4726.220  0.9749  0.9900
 4726.240  0.9755  0.9891
 4726.260  0.9781  0.9876
 4726.280  0.9805  0.9863
 4726.300  0.9797  0.9860
 4726.320  0.9734  0.9870
 4726.340  0.9609  0.9888
 4726.360  0.9436  0.9902
 4726.380  0.9246  0.9898
 4726.400  0.9077  0.9867
 4726.420  0.8957  0.9808
 4726.440  0.8902  0.9737
 4726.460  0.8909  0.9674
 4726.480  0.8964  0.9641
 4726.500  0.9046  0.9650
 4726.520  0.9138  0.9695
 4726.540  0.9228  0.9760
 4726.560  0.9310  0.9819
 4726.580  0.9379  0.9853
 4726.600  0.9429  0.9854
 4726.620  0.9453  0.9831
 4726.640  0.9447  0.9803
 4726.660  0.9412  0.9790
 4726.680  0.9359  0.9803
 4726.700  0.9304  0.9837
 4726.720  0.9265  0.9871
 4726.740  0.9256  0.9880
 4726.760  0.9277  0.9844
 4726.780  0.9321  0.9761
 4726.800  0.9375  0.9649
 4726.820  0.9427  0.9541
 4726.840  0.9470  0.9471
 4726.860  0.9505  0.9465
 4726.880  0.9534  0.9525
 4726.900  0.9559  0.9633
 4726.920  0.9572  0.9757
 4726.940  0.9559  0.9862
 4726.960  0.9504  0.9923
 4726.980  0.9396  0.9936
 4727.000  0.9235  0.9910
 4727.020  0.9035  0.9870
 4727.040  0.8820  0.9837
 4727.060  0.8620  0.9826
 4727.080  0.8456  0.9837
 4727.100  0.8337  0.9861
 4727.120  0.8263  0.9885
 4727.140  0.8227  0.9898
 4727.160  0.8225  0.9899
 4727.180  0.8260  0.9893
 4727.200  0.8338  0.9887
 4727.220  0.8466  0.9888
 4727.240  0.8640  0.9894
 4727.260  0.8846  0.9898
 4727.280  0.9059  0.9890
 4727.300  0.9251  0.9862
 4727.320  0.9402  0.9814
 4727.340  0.9504  0.9756
 4727.360  0.9563  0.9704
 4727.380  0.9596  0.9673
 4727.400  0.9621  0.9676
 4727.420  0.9650  0.9712
 4727.440  0.9684  0.9772
 4727.460  0.9720  0.9837
 4727.480  0.9749  0.9890
 4727.500  0.9769  0.9922
 4727.520  0.9782  0.9929
 4727.540  0.9793  0.9918
 4727.560  0.9803  0.9901
 4727.580  0.9801  0.9888
 4727.600  0.9770  0.9887
 4727.620  0.9688  0.9894
 4727.640  0.9540  0.9903
 4727.660  0.9327  0.9906
 4727.680  0.9071  0.9898
 4727.700  0.8811  0.9879
 4727.720  0.8589  0.9853
 4727.740  0.8436  0.9829
 4727.760  0.8366  0.9816
 4727.780  0.8366  0.9818
 4727.800  0.8409  0.9833
 4727.820  0.8467  0.9858
 4727.840  0.8524  0.9884
 4727.860  0.8581  0.9903
 4727.880  0.8656  0.9912
 4727.900  0.8769  0.9910
 4727.920  0.8931  0.9900
 4727.940  0.9133  0.9886
 4727.960  0.9351  0.9874
 4727.980  0.9551  0.9868
 4728.000  0.9703  0.9870
 4728.020  0.9793  0.9880
 4728.040  0.9829  0.9896
 4728.060  0.9830  0.9913
 4728.080  0.9818  0.9928
 4728.100  0.9809  0.9936
 4728.120  0.9805  0.9935
 4728.140  0.9798  0.9925
 4728.160  0.9779  0.9907
 4728.180  0.9746  0.9886
 4728.200  0.9708  0.9865
 4728.220  0.9685  0.9847
 4728.240  0.9697  0.9833
 4728.260  0.9752  0.9821
 4728.280  0.9840  0.9812
 4728.300  0.9936  0.9807
 4728.320  1.0004  0.9806
 4728.340  1.0015  0.9815
 4728.360  0.9957  0.9835
 4728.380  0.9837  0.9864
 4728.400  0.9683  0.9892
 4728.420  0.9529  0.9905
 4728.440  0.9401  0.9887
 4728.460  0.9315  0.9830
 4728.480  0.9272  0.9736
 4728.500  0.9261  0.9621
 4728.520  0.9269  0.9512
 4728.540  0.9284  0.9440
 4728.560  0.9305  0.9427
 4728.580  0.9331  0.9481
 4728.600  0.9365  0.9588
 4728.620  0.9410  0.9717
 4728.640  0.9466  0.9835
 4728.660  0.9533  0.9913
 4728.680  0.9611  0.9937
 4728.700  0.9702  0.9916
 4728.720  0.9808  0.9870
 4728.740  0.9922  0.9826
 4728.760  1.0029  0.9807
 4728.780  1.0105  0.9819
 4728.800  1.0126  0.9855
 4728.820  1.0073  0.9899
 4728.840  0.9947  0.9933
 4728.860  0.9769  0.9948
 4728.880  0.9578  0.9945
 4728.900  0.9423  0.9932
 4728.920  0.9343  0.9923
 4728.940  0.9357  0.9924
 4728.960  0.9453  0.9936
 4728.980  0.9594  0.9952
 4729.000  0.9731  0.9960
 4729.020  0.9817  0.9954
 4729.040  0.9829  0.9932
 4729.060  0.9768  0.9901
 4729.080  0.9658  0.9872
 4729.100  0.9534  0.9853
 4729.120  0.9427  0.9850
 4729.140  0.9350  0.9859
 4729.160  0.9296  0.9876
 4729.180  0.9241  0.9892
 4729.200  0.9160  0.9904
 4729.220  0.9035  0.9910
 4729.240  0.8869  0.9915
 4729.260  0.8685  0.9921
 4729.280  0.8516  0.9929
 4729.300  0.8396  0.9936
 4729.320  0.8348  0.9938
 4729.340  0.8377  0.9934
 4729.360  0.8471  0.9925
 4729.380  0.8604  0.9914
 4729.400  0.8749  0.9908
 4729.420  0.8881  0.9909
 4729.440  0.8987  0.9916
 4729.460  0.9062  0.9926
 4729.480  0.9111  0.9931
 4729.500  0.9143  0.9926
 4729.520  0.9165  0.9911
 4729.540  0.9183  0.9891
 4729.560  0.9202  0.9873
 4729.580  0.9220  0.9865
 4729.600  0.9237  0.9867
 4729.620  0.9250  0.9876
 4729.640  0.9256  0.9884
 4729.660  0.9252  0.9887
 4729.680  0.9238  0.9881
 4729.700  0.9216  0.9870
 4729.720  0.9195  0.9862
 4729.740  0.9183  0.9863
 4729.760  0.9192  0.9875
 4729.780  0.9226  0.9893
 4729.800  0.9286  0.9909
 4729.820  0.9362  0.9916
 4729.840  0.9441  0.9910
 4729.860  0.9507  0.9895
 4729.880  0.9548  0.9878
 4729.900  0.9562  0.9867
 4729.920  0.9559  0.9865
 4729.940  0.9556  0.9870
 4729.960  0.9570  0.9875
 4729.980  0.9612  0.9873
 4730.000  0.9682  0.9863
 4730.020  0.9766  0.9850
 4730.040  0.9843  0.9844
 4730.060  0.9893  0.9853
 4730.080  0.9903  0.9874
 4730.100  0.9877  0.9894
 4730.120  0.9827  0.9893
 4730.140  0.9774  0.9850
 4730.160  0.9736  0.9759
 4730.180  0.9721  0.9632
 4730.200  0.9726  0.9497
 4730.220  0.9741  0.9393
 4730.240  0.9750  0.9352
 4730.260  0.9744  0.9389
 4730.280  0.9720  0.9491
 4730.300  0.9687  0.9629
 4730.320  0.9652  0.9761
 4730.340  0.9620  0.9857
 4730.360  0.9590  0.9901
 4730.380  0.9554  0.9900
 4730.400  0.9504  0.9877
 4730.420  0.9439  0.9855
 4730.440  0.9367  0.9850
 4730.460  0.9308  0.9865
 4730.480  0.9281  0.9888
 4730.500  0.9303  0.9906
 4730.520  0.9376  0.9909
 4730.540  0.9489  0.9897
 4730.560  0.9616  0.9880
 4730.580  0.9730  0.9871
 4730.600  0.9812  0.9878
 4730.620  0.9853  0.9900
 4730.640  0.9861  0.9927
 4730.660  0.9855  0.9946
 4730.680  0.9848  0.9948
 4730.700  0.9849  0.9933
 4730.720  0.9850  0.9909
 4730.740  0.9836  0.9889
 4730.760  0.9787  0.9883
 4730.780  0.9692  0.9892
 4730.800  0.9551  0.9910
 4730.820  0.9377  0.9926
 4730.840  0.9194  0.9933
 4730.860  0.9026  0.9928
 4730.880  0.8894  0.9919
 4730.900  0.8812  0.9915
 4730.920  0.8785  0.9922
 4730.940  0.8814  0.9942
 4730.960  0.8897  0.9964
 4730.980  0.9028  0.9976
 4731.000  0.9197  0.9972
 4731.020  0.9390  0.9949
 4731.040  0.9584  0.9919
 4731.060  0.9753  0.9895
 4731.080  0.9873  0.9888
 4731.100  0.9930  0.9900
 4731.120  0.9927  0.9925
 4731.140  0.9881  0.9947
 4731.160  0.9819  0.9954
 4731.180  0.9767  0.9941
 4731.200  0.9740  0.9914
 4731.220  0.9740  0.9887
 4731.240  0.9757  0.9874
 4731.260  0.9772  0.9879
 4731.280  0.9771  0.9899
 4731.300  0.9749  0.9921
 4731.320  0.9713  0.9930
 4731.340  0.9674  0.9919
 4731.360  0.9648  0.9894
 4731.380  0.9640  0.9868
 4731.400  0.9647  0.9857
 4731.420  0.9661  0.9869
 4731.440  0.9667  0.9902
 4731.460  0.9659  0.9940
 4731.480  0.9637  0.9967
 4731.500  0.9609  0.9967
 4731.520  0.9586  0.9942
 4731.540  0.9575  0.9901
 4731.560  0.9575  0.9864
 4731.580  0.9574  0.9843
 4731.600  0.9556  0.9844
 4731.620  0.9504  0.9859
 4731.640  0.9410  0.9872
 4731.660  0.9280  0.9872
 4731.680  0.9129  0.9859
 4731.700  0.8983  0.9842
 4731.720  0.8869  0.9838
 4731.740  0.8813  0.9858
 4731.760  0.8825  0.9897
 4731.780  0.8905  0.9933
 4731.800  0.9044  0.9936
 4731.820  0.9223  0.9881
 4731.840  0.9420  0.9760
 4731.860  0.9614  0.9594
 4731.880  0.9784  0.9424
 4731.900  0.9911  0.9301
 4731.920  0.9988  0.9263
 4731.940  1.0014  0.9321
 4731.960  1.0000  0.9455
 4731.980  0.9962  0.9621
 4732.000  0.9913  0.9771
 4732.020  0.9861  0.9869
 4732.040  0.9810  0.9904
 4732.060  0.9759  0.9890
 4732.080  0.9708  0.9855
 4732.100  0.9664  0.9827
 4732.120  0.9636  0.9823
 4732.140  0.9634  0.9842
 4732.160  0.9666  0.9870
 4732.180  0.9731  0.9890
 4732.200  0.9818  0.9894
 4732.220  0.9909  0.9883
 4732.240  0.9983  0.9869
 4732.260  1.0024  0.9865
 4732.280  1.0027  0.9878
 4732.300  0.9998  0.9905
 4732.320  0.9951  0.9934
 4732.340  0.9901  0.9953
 4732.360  0.9858  0.9952
 4732.380  0.9821  0.9933
 4732.400  0.9783  0.9902
 4732.420  0.9730  0.9872
 4732.440  0.9650  0.9851
 4732.460  0.9537  0.9843
 4732.480  0.9391  0.9845
 4732.500  0.9215  0.9850
 4732.520  0.9016  0.9856
 4732.540  0.8800  0.9862
 4732.560  0.8571  0.9870
 4732.580  0.8336  0.9885
 4732.600  0.8105  0.9903
 4732.620  0.7895  0.9921
 4732.640  0.7721  0.9930
 4732.660  0.7602  0.9923
 4732.680  0.7547  0.9899
 4732.700  0.7560  0.9865
 4732.720  0.7630  0.9831
 4732.740  0.7740  0.9809
 4732.760  0.7872  0.9803
 4732.780  0.8009  0.9812
 4732.800  0.8142  0.9829
 4732.820  0.8272  0.9844
 4732.840  0.8405  0.9852
 4732.860  0.8549  0.9853
 4732.880  0.8706  0.9854
 4732.900  0.8876  0.9860
 4732.920  0.9050  0.9874
 4732.940  0.9220  0.9891
 4732.960  0.9376  0.9902
 4732.980  0.9512  0.9900
 4733.000  0.9624  0.9882
 4733.020  0.9709  0.9856
 4733.040  0.9764  0.9834
 4733.060  0.9789  0.9829
 4733.080  0.9786  0.9844
 4733.100  0.9763  0.9875
 4733.120  0.9736  0.9907
 4733.140  0.9722  0.9923
 4733.160  0.9735  0.9912
 4733.180  0.9785  0.9874
 4733.200  0.9870  0.9824
 4733.220  0.9977  0.9779
 4733.240  1.0086  0.9757
 4733.260  1.0175  0.9763
 4733.280  1.0224  0.9790
 4733.300  1.0229  0.9821
 4733.320  1.0192  0.9842
 4733.340  1.0123  0.9846
 4733.360  1.0036  0.9838
 4733.380  0.9947  0.9830
 4733.400  0.9861  0.9835
 4733.420  0.9782  0.9856
 4733.440  0.9704  0.9882
 4733.460  0.9615  0.9888
 4733.480  0.9501  0.9848
 4733.500  0.9349  0.9746
 4733.520  0.9153  0.9586
 4733.540  0.8917  0.9395
 4733.560  0.8664  0.9212
 4733.580  0.8427  0.9081
 4733.600  0.8251  0.9031
 4733.620  0.8170  0.9070
 4733.640  0.8202  0.9181
 4733.660  0.8336  0.9334
 4733.680  0.8542  0.9492
 4733.700  0.8779  0.9626
 4733.720  0.9007  0.9721
 4733.740  0.9199  0.9776
 4733.760  0.9339  0.9803
 4733.780  0.9432  0.9814
 4733.800  0.9489  0.9824
 4733.820  0.9528  0.9837
 4733.840  0.9561  0.9856
 4733.860  0.9589  0.9877
 4733.880  0.9610  0.9894
 4733.900  0.9613  0.9902
 4733.920  0.9593  0.9896
 4733.940  0.9549  0.9875
 4733.960  0.9488  0.9840
 4733.980  0.9419  0.9797
 4734.000  0.9350  0.9757
 4734.020  0.9284  0.9728
 4734.040  0.9219  0.9720
 4734.060  0.9153  0.9736
 4734.080  0.9088  0.9771
 4734.100  0.9030  0.9817
 4734.120  0.8992  0.9859
 4734.140  0.8986  0.9888
 4734.160  0.9018  0.9900
 4734.180  0.9089  0.9897
 4734.200  0.9185  0.9888
 4734.220  0.9290  0.9882
 4734.240  0.9391  0.9884
 4734.260  0.9481  0.9893
 4734.280  0.9562  0.9904
 4734.300  0.9644  0.9910
 4734.320  0.9735  0.9908
 4734.340  0.9834  0.9898
 4734.360  0.9931  0.9884
 4734.380  1.0008  0.9874
 4734.400  1.0048  0.9870
 4734.420  1.0043  0.9873
 4734.440  0.9999  0.9878
 4734.460  0.9936  0.9881
 4734.480  0.9877  0.9878
 4734.500  0.9837  0.9871
 4734.520  0.9818  0.9865
 4734.540  0.9805  0.9864
 4734.560  0.9772  0.9872
 4734.580  0.9697  0.9885
 4734.600  0.9574  0.9898
 4734.620  0.9418  0.9904
 4734.640  0.9262  0.9898
 4734.660  0.9147  0.9881
 4734.680  0.9108  0.9859
 4734.700  0.9155  0.9835
 4734.720  0.9277  0.9812
 4734.740  0.9439  0.9789
 4734.760  0.9597  0.9761
 4734.780  0.9713  0.9729
 4734.800  0.9769  0.9696
 4734.820  0.9766  0.9676
 4734.840  0.9726  0.9680
 4734.860  0.9676  0.9715
 4734.880  0.9640  0.9778
 4734.900  0.9628  0.9849
 4734.920  0.9638  0.9905
 4734.940  0.9653  0.9921
 4734.960  0.9658  0.9891
 4734.980  0.9637  0.9827
 4735.000  0.9586  0.9756
 4735.020  0.9507  0.9711
 4735.040  0.9411  0.9708
 4735.060  0.9310  0.9737
 4735.080  0.9213  0.9760
 4735.100  0.9121  0.9722
 4735.120  0.9032  0.9578
 4735.140  0.8937  0.9310
 4735.160  0.8832  0.8947
 4735.180  0.8718  0.8559
 4735.200  0.8603  0.8235
 4735.220  0.8510  0.8057
 4735.240  0.8460  0.8069
 4735.260  0.8472  0.8263
 4735.280  0.8550  0.8585
 4735.300  0.8685  0.8953
 4735.320  0.8860  0.9286
 4735.340  0.9053  0.9532
 4735.360  0.9244  0.9676
 4735.380  0.9413  0.9737
 4735.400  0.9543  0.9753
 4735.420  0.9628  0.9757
 4735.440  0.9672  0.9768
 4735.460  0.9688  0.9783
 4735.480  0.9693  0.9788
 4735.500  0.9703  0.9770
 4735.520  0.9724  0.9728
 4735.540  0.9752  0.9675
 4735.560  0.9778  0.9634
 4735.580  0.9787  0.9625
 4735.600  0.9770  0.9657
 4735.620  0.9725  0.9722
 4735.640  0.9661  0.9800
 4735.660  0.9589  0.9868
 4735.680  0.9523  0.9908
 4735.700  0.9470  0.9919
 4735.720  0.9429  0.9909
 4735.740  0.9391  0.9894
 4735.760  0.9345  0.9888
 4735.780  0.9278  0.9896
 4735.800  0.9180  0.9912
 4735.820  0.9049  0.9924
 4735.840  0.8891  0.9925
 4735.860  0.8718  0.9909
 4735.880  0.8549  0.9885
 4735.900  0.8402  0.9862
 4735.920  0.8296  0.9854
 4735.940  0.8241  0.9865
 4735.960  0.8239  0.9889
 4735.980  0.8286  0.9917
 4736.000  0.8369  0.9935
 4736.020  0.8474  0.9934
 4736.040  0.8589  0.9915
 4736.060  0.8709  0.9886
 4736.080  0.8832  0.9859
 4736.100  0.8962  0.9846
 4736.120  0.9102  0.9851
 4736.140  0.9251  0.9870
 4736.160  0.9398  0.9891
 4736.180  0.9528  0.9899
 4736.200  0.9619  0.9882
 4736.220  0.9654  0.9837
 4736.240  0.9624  0.9771
 4736.260  0.9537  0.9700
 4736.280  0.9414  0.9643
 4736.300  0.9289  0.9615
 4736.320  0.9197  0.9625
 4736.340  0.9163  0.9669
 4736.360  0.9191  0.9734
 4736.380  0.9269  0.9800
 4736.400  0.9368  0.9850
 4736.420  0.9460  0.9873
 4736.440  0.9520  0.9869
 4736.460  0.9542  0.9848
 4736.480  0.9533  0.9826
 4736.500  0.9516  0.9818
 4736.520  0.9517  0.9831
 4736.540  0.9554  0.9860
 4736.560  0.9636  0.9892
 4736.580  0.9751  0.9911
 4736.600  0.9877  0.9907
 4736.620  0.9987  0.9881
 4736.640  1.0054  0.9847
 4736.660  1.0064  0.9823
 4736.680  1.0020  0.9824
 4736.700  0.9934  0.9855
 4736.720  0.9830  0.9899
 4736.740  0.9729  0.9931
 4736.760  0.9646  0.9919
 4736.780  0.9586  0.9846
 4736.800  0.9544  0.9714
 4736.820  0.9513  0.9549
 4736.840  0.9486  0.9394
 4736.860  0.9457  0.9290
 4736.880  0.9429  0.9265
 4736.900  0.9405  0.9318
 4736.920  0.9388  0.9425
 4736.940  0.9375  0.9542
 4736.960  0.9362  0.9631
 4736.980  0.9339  0.9667
 4737.000  0.9301  0.9651
 4737.020  0.9247  0.9610
 4737.040  0.9187  0.9577
 4737.060  0.9136  0.9581
 4737.080  0.9114  0.9634
 4737.100  0.9135  0.9723
 4737.120  0.9204  0.9822
 4737.140  0.9316  0.9901
 4737.160  0.9456  0.9939
 4737.180  0.9606  0.9935
 4737.200  0.9747  0.9906
 4737.220  0.9865  0.9873
 4737.240  0.9951  0.9859
 4737.260  1.0006  0.9871
 4737.280  1.0033  0.9901
 4737.300  1.0037  0.9932
 4737.320  1.0023  0.9948
 4737.340  0.9992  0.9941
 4737.360  0.9946  0.9916
 4737.380  0.9886  0.9888
 4737.400  0.9818  0.9873
 4737.420  0.9752  0.9880
 4737.440  0.9698  0.9904
 4737.460  0.9667  0.9933
 4737.480  0.9663  0.9949
 4737.500  0.9685  0.9941
 4737.520  0.9728  0.9909
 4737.540  0.9782  0.9866
 4737.560  0.9836  0.9830
 4737.580  0.9880  0.9813
 4737.600  0.9910  0.9817
 4737.620  0.9925  0.9828
 4737.640  0.9929  0.9828
 4737.660  0.9926  0.9798
 4737.680  0.9922  0.9734
 4737.700  0.9921  0.9648
 4737.720  0.9925  0.9567
 4737.740  0.9932  0.9518
 4737.760  0.9941  0.9524
 4737.780  0.9947  0.9586
 4737.800  0.9948  0.9686
 4737.820  0.9945  0.9791
 4737.840  0.9938  0.9872
 4737.860  0.9931  0.9909
 4737.880  0.9928  0.9904
 4737.900  0.9929  0.9873
 4737.920  0.9932  0.9843
 4737.940  0.9934  0.9834
 4737.960  0.9927  0.9854
 4737.980  0.9906  0.9893
 4738.000  0.9870  0.9933
 4738.020  0.9819  0.9952
 4738.040  0.9762  0.9943
 4738.060  0.9709  0.9910
 4738.080  0.9671  0.9870
 4738.100  0.9655  0.9844
 4738.120  0.9664  0.9844
 4738.140  0.9696  0.9868
 4738.160  0.9743  0.9902
 4738.180  0.9793  0.9928
 4738.200  0.9835  0.9930
 4738.220  0.9862  0.9908
 4738.240  0.9868  0.9872
 4738.260  0.9853  0.9843
 4738.280  0.9821  0.9835
 4738.300  0.9781  0.9850
 4738.320  0.9748  0.9874
 4738.340  0.9732  0.9880
 4738.360  0.9745  0.9840
 4738.380  0.9787  0.9739
 4738.400  0.9852  0.9582
 4738.420  0.9926  0.9395
 4738.440  0.9984  0.9217
 4738.460  1.0006  0.9088
 4738.480  0.9980  0.9038
 4738.500  0.9908  0.9073
 4738.520  0.9812  0.9181
 4738.540  0.9719  0.9335
 4738.560  0.9655  0.9505
 4738.580  0.9635  0.9661
 4738.600  0.9659  0.9786
 4738.620  0.9712  0.9868
 4738.640  0.9774  0.9908
 4738.660  0.9825  0.9912
 4738.680  0.9857  0.9889
 4738.700  0.9872  0.9854
 4738.720  0.9882  0.9822
 4738.740  0.9903  0.9806
 4738.760  0.9946  0.9815
 4738.780  1.0007  0.9845
 4738.800  1.0075  0.9886
 4738.820  1.0129  0.9920
 4738.840  1.0151  0.9931
 4738.860  1.0134  0.9915
 4738.880  1.0081  0.9880
 4738.900  1.0007  0.9846
 4738.920  0.9933  0.9834
 4738.940  0.9874  0.9856
 4738.960  0.9836  0.9909
 4738.980  0.9813  0.9968
 4739.000  0.9787  1.0000
 4739.020  0.9740  0.9979
 4739.040  0.9656  0.9895
 4739.060  0.9531  0.9763
 4739.080  0.9373  0.9620
 4739.100  0.9200  0.9509
 4739.120  0.9038  0.9461
 4739.140  0.8908  0.9485
 4739.160  0.8823  0.9564
 4739.180  0.8782  0.9663
 4739.200  0.8775  0.9748
 4739.220  0.8787  0.9800
 4739.240  0.8804  0.9818
 4739.260  0.8819  0.9822
 4739.280  0.8829  0.9830
 4739.300  0.8841  0.9853
 4739.320  0.8864  0.9884
 4739.340  0.8906  0.9904
 4739.360  0.8971  0.9896
 4739.380  0.9052  0.9856
 4739.400  0.9130  0.9804
 4739.420  0.9187  0.9774
 4739.440  0.9219  0.9797
 4739.460  0.9232  0.9769
 4739.480  0.9210  0.9741
 4739.500  0.9127  0.9712
 4739.520  0.8962  0.9684
 4739.540  0.8714  0.9655
 4739.560  0.8412  0.9627
 4739.580  0.8125  0.9599
 4739.600  0.7898  0.9291
 4739.620  0.7692  0.9058
 4739.640  0.7444  0.8956
 4739.660  0.7139  0.9000
 4739.680  0.6802  0.9149
 4739.700  0.6479  0.9337
 4739.720  0.6224  0.9491
 4739.740  0.6083  0.9569
 4739.760  0.6085  0.9568
 4739.780  0.6234  0.9521
 4739.800  0.6509  0.9477
 4739.820  0.6865  0.9474
 4739.840  0.7255  0.9526
 4739.860  0.7641  0.9619
 4739.880  0.8006  0.9721
 4739.900  0.8353  0.9802
 4739.920  0.8687  0.9846
 4739.940  0.9007  0.9859
 4739.960  0.9296  0.9856
 4739.980  0.9524  0.9852
 4740.000  0.9670  0.9846
 4740.020  0.9728  0.9823
 4740.040  0.9719  0.9764
 4740.060  0.9685  0.9659
 4740.080  0.9673  0.9518
 4740.100  0.9718  0.9377
 4740.120  0.9826  0.9279
 4740.140  0.9970  0.9261
 4740.160  1.0102  0.9334
 4740.180  1.0176  0.9478
 4740.200  1.0168  0.9647
 4740.220  1.0088  0.9792
 4740.240  0.9969  0.9877
 4740.260  0.9856  0.9895
 4740.280  0.9788  0.9867
 4740.300  0.9779  0.9826
 4740.320  0.9821  0.9799
 4740.340  0.9884  0.9796
 4740.360  0.9936  0.9803
 4740.380  0.9952  0.9794
 4740.400  0.9929  0.9751
 4740.420  0.9881  0.9671
 4740.440  0.9832  0.9577
 4740.460  0.9805  0.9505
 4740.480  0.9805  0.9490
 4740.500  0.9824  0.9548
 4740.520  0.9842  0.9665
 4740.540  0.9839  0.9805
 4740.560  0.9809  0.9925
 4740.580  0.9760  0.9991
 4740.600  0.9710  0.9994
 4740.620  0.9684  0.9949
 4740.640  0.9694  0.9888
 4740.660  0.9742  0.9843
 4740.680  0.9810  0.9831
 4740.700  0.9871  0.9850
 4740.720  0.9896  0.9882
 4740.740  0.9869  0.9907
 4740.760  0.9788  0.9910
 4740.780  0.9667  0.9892
 4740.800  0.9529  0.9865
 4740.820  0.9398  0.9845
 4740.840  0.9293  0.9846
 4740.860  0.9220  0.9867
 4740.880  0.9175  0.9901
 4740.900  0.9147  0.9933
 4740.920  0.9125  0.9951
 4740.940  0.9103  0.9950
 4740.960  0.9084  0.9932
 4740.980  0.9076  0.9900
 4741.000  0.9088  0.9857
 4741.020  0.9125  0.9804
 4741.040  0.9188  0.9740
 4741.060  0.9269  0.9665
 4741.080  0.9354  0.9591
 4741.100  0.9430  0.9534
 4741.120  0.9485  0.9513
 4741.140  0.9514  0.9540
 4741.160  0.9523  0.9613
 4741.180  0.9521  0.9717
 4741.200  0.9523  0.9821
 4741.220  0.9537  0.9898
 4741.240  0.9567  0.9930
 4741.260  0.9607  0.9915
 4741.280  0.9648  0.9871
 4741.300  0.9676  0.9823
 4741.320  0.9681  0.9798
 4741.340  0.9658  0.9805
 4741.360  0.9613  0.9841
 4741.380  0.9558  0.9888
 4741.400  0.9509  0.9925
 4741.420  0.9480  0.9936
 4741.440  0.9480  0.9919
 4741.460  0.9508  0.9883
 4741.480  0.9554  0.9849
 4741.500  0.9602  0.9831
 4741.520  0.9629  0.9840
 4741.540  0.9617  0.9870
 4741.560  0.9552  0.9907
 4741.580  0.9431  0.9928
 4741.600  0.9261  0.9912
 4741.620  0.9062  0.9844
 4741.640  0.8858  0.9724
 4741.660  0.8680  0.9561
 4741.680  0.8553  0.9382
 4741.700  0.8497  0.9219
 4741.720  0.8513  0.9105
 4741.740  0.8587  0.9069
 4741.760  0.8693  0.9123
 4741.780  0.8802  0.9260
 4741.800  0.8893  0.9451
 4741.820  0.8961  0.9653
 4741.840  0.9015  0.9823
 4741.860  0.9069  0.9926
 4741.880  0.9135  0.9954
 4741.900  0.9214  0.9920
 4741.920  0.9296  0.9857
 4741.940  0.9362  0.9805
 4741.960  0.9392  0.9791
 4741.980  0.9378  0.9823
 4742.000  0.9330  0.9885
 4742.020  0.9273  0.9948
 4742.040  0.9241  0.9984
 4742.060  0.9260  0.9975
 4742.080  0.9341  0.9928
 4742.100  0.9474  0.9865
 4742.120  0.9630  0.9816
 4742.140  0.9773  0.9801
 4742.160  0.9869  0.9826
 4742.180  0.9905  0.9875
 4742.200  0.9885  0.9921
 4742.220  0.9826  0.9938
 4742.240  0.9748  0.9908
 4742.260  0.9660  0.9835
 4742.280  0.9556  0.9737
 4742.300  0.9422  0.9640
 4742.320  0.9244  0.9569
 4742.340  0.9020  0.9536
 4742.360  0.8767  0.9545
 4742.380  0.8522  0.9588
 4742.400  0.8328  0.9650
 4742.420  0.8220  0.9720
 4742.440  0.8216  0.9789
 4742.460  0.8306  0.9850
 4742.480  0.8459  0.9898
 4742.500  0.8634  0.9927
 4742.520  0.8796  0.9937
 4742.540  0.8922  0.9929
 4742.560  0.9010  0.9909
 4742.580  0.9073  0.9890
 4742.600  0.9130  0.9881
 4742.620  0.9196  0.9888
 4742.640  0.9276  0.9908
 4742.660  0.9360  0.9931
 4742.680  0.9434  0.9944
 4742.700  0.9483  0.9939
 4742.720  0.9497  0.9918
 4742.740  0.9477  0.9893
 4742.760  0.9427  0.9879
 4742.780  0.9357  0.9886
 4742.800  0.9271  0.9914
 4742.820  0.9167  0.9945
 4742.840  0.9037  0.9956
 4742.860  0.8873  0.9924
 4742.880  0.8672  0.9841
 4742.900  0.8443  0.9722
 4742.920  0.8208  0.9597
 4742.940  0.7999  0.9505
 4742.960  0.7853  0.9476
 4742.980  0.7794  0.9518
 4743.000  0.7831  0.9615
 4743.020  0.7955  0.9732
 4743.040  0.8142  0.9828
 4743.060  0.8365  0.9878
 4743.080  0.8599  0.9878
 4743.100  0.8822  0.9845
 4743.120  0.9020  0.9808
 4743.140  0.9185  0.9796
 4743.160  0.9320  0.9818
 4743.180  0.9430  0.9862
 4743.200  0.9528  0.9900
 4743.220  0.9627  0.9902
 4743.240  0.9735  0.9848
 4743.260  0.9853  0.9742
 4743.280  0.9973  0.9609
 4743.300  1.0081  0.9489
 4743.320  1.0162  0.9421
 4743.340  1.0201  0.9427
 4743.360  1.0197  0.9505
 4743.380  1.0155  0.9630
 4743.400  1.0090  0.9762
 4743.420  1.0019  0.9858
 4743.440  0.9953  0.9890
 4743.460  0.9900  0.9851
 4743.480  0.9863  0.9754
 4743.500  0.9843  0.9634
 4743.520  0.9838  0.9528
 4743.540  0.9846  0.9467
 4743.560  0.9864  0.9469
 4743.580  0.9887  0.9532
 4743.600  0.9905  0.9637
 4743.620  0.9906  0.9754
 4743.640  0.9873  0.9852
 4743.660  0.9797  0.9912
 4743.680  0.9676  0.9927
 4743.700  0.9517  0.9907
 4743.720  0.9343  0.9872
 4743.740  0.9183  0.9844
 4743.760  0.9066  0.9838
 4743.780  0.9011  0.9856
 4743.800  0.9022  0.9887
 4743.820  0.9085  0.9916
 4743.840  0.9177  0.9926
 4743.860  0.9272  0.9913
 4743.880  0.9351  0.9883
 4743.900  0.9408  0.9852
 4743.920  0.9447  0.9835
 4743.940  0.9481  0.9841
 4743.960  0.9523  0.9867
 4743.980  0.9584  0.9895
 4744.000  0.9662  0.9904
 4744.020  0.9750  0.9876
 4744.040  0.9833  0.9807
 4744.060  0.9895  0.9710
 4744.080  0.9923  0.9610
 4744.100  0.9910  0.9539
 4744.120  0.9860  0.9518
 4744.140  0.9783  0.9552
 4744.160  0.9698  0.9631
 4744.180  0.9624  0.9731
 4744.200  0.9580  0.9823
 4744.220  0.9579  0.9888
 4744.240  0.9626  0.9918
 4744.260  0.9716  0.9917
 4744.280  0.9831  0.9900
 4744.300  0.9947  0.9882
 4744.320  1.0035  0.9873
 4744.340  1.0076  0.9874
 4744.360  1.0064  0.9882
 4744.380  1.0013  0.9889
 4744.400  0.9948  0.9889
 4744.420  0.9901  0.9881
 4744.440  0.9891  0.9870
 4744.460  0.9922  0.9862
 4744.480  0.9975  0.9864
 4744.500  1.0017  0.9878
 4744.520  1.0012  0.9899
 4744.540  0.9939  0.9918
 4744.560  0.9803  0.9922
 4744.580  0.9627  0.9898
 4744.600  0.9452  0.9843
 4744.620  0.9314  0.9760
 4744.640  0.9230  0.9663
 4744.660  0.9192  0.9577
 4744.680  0.9171  0.9525
 4744.700  0.9128  0.9525
 4744.720  0.9039  0.9581
 4744.740  0.8907  0.9679
 4744.760  0.8767  0.9793
 4744.780  0.8668  0.9885
 4744.800  0.8658  0.9927
 4744.820  0.8763  0.9904
 4744.840  0.8974  0.9823
 4744.860  0.9251  0.9711
 4744.880  0.9530  0.9605
 4744.900  0.9747  0.9538
 4744.920  0.9860  0.9528
 4744.940  0.9867  0.9573
 4744.960  0.9796  0.9652
 4744.980  0.9692  0.9736
 4745.000  0.9596  0.9804
 4745.020  0.9523  0.9845
 4745.040  0.9465  0.9864
 4745.060  0.9395  0.9874
 4745.080  0.9285  0.9884
 4745.100  0.9119  0.9895
 4745.120  0.8901  0.9898
 4745.140  0.8653  0.9876
 4745.160  0.8406  0.9818
 4745.180  0.8191  0.9730
 4745.200  0.8033  0.9632
 4745.220  0.7941  0.9555
 4745.240  0.7919  0.9528
 4745.260  0.7963  0.9563
 4745.280  0.8064  0.9652
 4745.300  0.8216  0.9765
 4745.320  0.8408  0.9867
 4745.340  0.8625  0.9927
 4745.360  0.8847  0.9938
 4745.380  0.9049  0.9911
 4745.400  0.9209  0.9873
 4745.420  0.9317  0.9850
 4745.440  0.9375  0.9858
 4745.460  0.9402  0.9890
 4745.480  0.9423  0.9928
 4745.500  0.9453  0.9950
 4745.520  0.9496  0.9942
 4745.540  0.9535  0.9909
 4745.560  0.9544  0.9870
 4745.580  0.9503  0.9847
 4745.600  0.9405  0.9854
 4745.620  0.9269  0.9887
 4745.640  0.9130  0.9925
 4745.660  0.9027  0.9938
 4745.680  0.8992  0.9904
 4745.700  0.9033  0.9821
 4745.720  0.9136  0.9708
 4745.740  0.9269  0.9601
 4745.760  0.9396  0.9534
 4745.780  0.9488  0.9528
 4745.800  0.9539  0.9580
 4745.820  0.9560  0.9668
 4745.840  0.9571  0.9758
 4745.860  0.9588  0.9825
 4745.880  0.9616  0.9856
 4745.900  0.9645  0.9858
 4745.920  0.9660  0.9850
 4745.940  0.9651  0.9851
 4745.960  0.9620  0.9869
 4745.980  0.9581  0.9898
 4746.000  0.9558  0.9924
 4746.020  0.9571  0.9933
 4746.040  0.9627  0.9919
 4746.060  0.9715  0.9890
 4746.080  0.9811  0.9863
 4746.100  0.9887  0.9855
 4746.120  0.9924  0.9872
 4746.140  0.9922  0.9905
 4746.160  0.9896  0.9932
 4746.180  0.9874  0.9933
 4746.200  0.9877  0.9892
 4746.220  0.9918  0.9816
 4746.240  0.9988  0.9726
 4746.260  1.0065  0.9651
 4746.280  1.0121  0.9619
 4746.300  1.0139  0.9640
 4746.320  1.0115  0.9704
 4746.340  1.0063  0.9789
 4746.360  1.0009  0.9865
 4746.380  0.9975  0.9908
 4746.400  0.9972  0.9911
 4746.420  0.9994  0.9882
 4746.440  1.0024  0.9839
 4746.460  1.0039  0.9801
 4746.480  1.0019  0.9783
 4746.500  0.9958  0.9789
 4746.520  0.9865  0.9815
 4746.540  0.9761  0.9850
 4746.560  0.9668  0.9886
 4746.580  0.9602  0.9919
 4746.600  0.9569  0.9947
 4746.620  0.9560  0.9967
 4746.640  0.9557  0.9979
 4746.660  0.9540  0.9977
 4746.680  0.9492  0.9957
 4746.700  0.9403  0.9917
 4746.720  0.9271  0.9862
 4746.740  0.9100  0.9800
 4746.760  0.8897  0.9743
 4746.780  0.8668  0.9703
 4746.800  0.8415  0.9682
 4746.820  0.8141  0.9682
 4746.840  0.7848  0.9693
 4746.860  0.7542  0.9710
 4746.880  0.7236  0.9725
 4746.900  0.6948  0.9737
 4746.920  0.6699  0.9747
 4746.940  0.6507  0.9758
 4746.960  0.6384  0.9771
 4746.980  0.6330  0.9783
 4747.000  0.6341  0.9790
 4747.020  0.6401  0.9789
 4747.040  0.6497  0.9780
 4747.060  0.6617  0.9766
 4747.080  0.6751  0.9755
 4747.100  0.6891  0.9753
 4747.120  0.7030  0.9761
 4747.140  0.7157  0.9775
 4747.160  0.7263  0.9787
 4747.180  0.7339  0.9787
 4747.200  0.7382  0.9767
 4747.220  0.7400  0.9728
 4747.240  0.7408  0.9680
 4747.260  0.7433  0.9637
 4747.280  0.7502  0.9613
 4747.300  0.7636  0.9619
 4747.320  0.7839  0.9656
 4747.340  0.8104  0.9718
 4747.360  0.8405  0.9790
 4747.380  0.8712  0.9857
 4747.400  0.8996  0.9906
 4747.420  0.9237  0.9932
 4747.440  0.9425  0.9934
 4747.460  0.9562  0.9919
 4747.480  0.9657  0.9895
 4747.500  0.9724  0.9872
 4747.520  0.9773  0.9855
 4747.540  0.9811  0.9847
 4747.560  0.9839  0.9850
 4747.580  0.9853  0.9860
 4747.600  0.9852  0.9871
 4747.620  0.9833  0.9879
 4747.640  0.9800  0.9877
 4747.660  0.9763  0.9861
 4747.680  0.9734  0.9831
 4747.700  0.9722  0.9792
 4747.720  0.9734  0.9750
 4747.740  0.9767  0.9715
 4747.760  0.9809  0.9697
 4747.780  0.9839  0.9700
 4747.800  0.9836  0.9727
 4747.820  0.9784  0.9771
 4747.840  0.9677  0.9823
 4747.860  0.9526  0.9872
 4747.880  0.9355  0.9908
 4747.900  0.9194  0.9927
 4747.920  0.9070  0.9927
 4747.940  0.8998  0.9913
 4747.960  0.8981  0.9893
 4747.980  0.9002  0.9875
 4748.000  0.9038  0.9865
 4748.020  0.9067  0.9865
 4748.040  0.9078  0.9873
 4748.060  0.9078  0.9884
 4748.080  0.9087  0.9891
 4748.100  0.9131  0.9888
 4748.120  0.9227  0.9872
 4748.140  0.9379  0.9844
 4748.160  0.9569  0.9806
 4748.180  0.9765  0.9766
 4748.200  0.9933  0.9732
 4748.220  1.0047  0.9709
 4748.240  1.0101  0.9704
 4748.260  1.0107  0.9718
 4748.280  1.0091  0.9749
 4748.300  1.0078  0.9791
 4748.320  1.0084  0.9835
 4748.340  1.0109  0.9874
 4748.360  1.0140  0.9900
 4748.380  1.0159  0.9908
 4748.400  1.0154  0.9899
 4748.420  1.0126  0.9876
 4748.440  1.0087  0.9849
 4748.460  1.0059  0.9825
 4748.480  1.0059  0.9813
 4748.500  1.0092  0.9815
 4748.520  1.0148  0.9828
 4748.540  1.0207  0.9845
 4748.560  1.0242  0.9855
 4748.580  1.0233  0.9850
 4748.600  1.0172  0.9826
 4748.620  1.0063  0.9786
 4748.640  0.9919  0.9742
 4748.660  0.9759  0.9704
 4748.680  0.9596  0.9685
 4748.700  0.9437  0.9691
 4748.720  0.9286  0.9718
 4748.740  0.9143  0.9760
 4748.760  0.9012  0.9803
 4748.780  0.8899  0.9835
 4748.800  0.8817  0.9852
 4748.820  0.8776  0.9854
 4748.840  0.8781  0.9847
 4748.860  0.8831  0.9841
 4748.880  0.8913  0.9844
 4748.900  0.9012  0.9857
 4748.920  0.9111  0.9879
 4748.940  0.9196  0.9902
 4748.960  0.9264  0.9918
 4748.980  0.9314  0.9920
 4749.000  0.9352  0.9906
 4749.020  0.9383  0.9876
 4749.040  0.9412  0.9839
 4749.060  0.9441  0.9801
 4749.080  0.9471  0.9769
 4749.100  0.9505  0.9750
 4749.120  0.9545  0.9746
 4749.140  0.9597  0.9757
 4749.160  0.9667  0.9780
 4749.180  0.9756  0.9811
 4749.200  0.9861  0.9842
 4749.220  0.9974  0.9867
 4749.240  1.0081  0.9881
 4749.260  1.0166  0.9880
 4749.280  1.0214  0.9865
 4749.300  1.0214  0.9840
 4749.320  1.0167  0.9813
 4749.340  1.0082  0.9790
 4749.360  0.9978  0.9777
 4749.380  0.9880  0.9774
 4749.400  0.9812  0.9777
 4749.420  0.9787  0.9778
 4749.440  0.9808  0.9769
 4749.460  0.9864  0.9747
 4749.480  0.9936  0.9713
 4749.500  1.0000  0.9673
 4749.520  1.0042  0.9638
 4749.540  1.0057  0.9618
 4749.560  1.0052  0.9622
 4749.580  1.0044  0.9650
 4749.600  1.0050  0.9699
 4749.620  1.0078  0.9758
 4749.640  1.0120  0.9816
 4749.660  1.0161  0.9862
 4749.680  1.0179  0.9893
 4749.700  1.0158  0.9907
 4749.720  1.0093  0.9910
 4749.740  0.9999  0.9908
 4749.760  0.9901  0.9909
 4749.780  0.9832  0.9915
 4749.800  0.9812  0.9925
 4749.820  0.9846  0.9935
 4749.840  0.9916  0.9935
 4749.860  0.9990  0.9921
 4749.880  1.0028  0.9890
 4749.900  0.9998  0.9847
 4749.920  0.9886  0.9799
 4749.940  0.9699  0.9761
 4749.960  0.9469  0.9741
 4749.980  0.9234  0.9747
 4750.000  0.9035  0.9775
 4750.020  0.8899  0.9816
 4750.040  0.8837  0.9856
 4750.060  0.8839  0.9884
 4750.080  0.8886  0.9893
 4750.100  0.8952  0.9882
 4750.120  0.9017  0.9863
 4750.140  0.9068  0.9845
 4750.160  0.9104  0.9839
 4750.180  0.9132  0.9846
 4750.200  0.9163  0.9861
 4750.220  0.9205  0.9869
 4750.240  0.9260  0.9857
 4750.260  0.9318  0.9816
 4750.280  0.9361  0.9747
 4750.300  0.9367  0.9661
 4750.320  0.9315  0.9578
 4750.340  0.9196  0.9519
 4750.360  0.9017  0.9499
 4750.380  0.8801  0.9522
 4750.400  0.8579  0.9581
 4750.420  0.8383  0.9661
 4750.440  0.8233  0.9744
 4750.460  0.8140  0.9813
 4750.480  0.8101  0.9860
 4750.500  0.8105  0.9882
 4750.520  0.8145  0.9883
 4750.540  0.8217  0.9868
 4750.560  0.8320  0.9839
 4750.580  0.8458  0.9800
 4750.600  0.8628  0.9750
 4750.620  0.8818  0.9692
 4750.640  0.9007  0.9630
 4750.660  0.9170  0.9575
 4750.680  0.9285  0.9537
 4750.700  0.9342  0.9525
 4750.720  0.9351  0.9546
 4750.740  0.9332  0.9596
 4750.760  0.9313  0.9667
 4750.780  0.9310  0.9744
 4750.800  0.9321  0.9812
 4750.820  0.9325  0.9861
 4750.840  0.9293  0.9887
 4750.860  0.9198  0.9894
 4750.880  0.9033  0.9888
 4750.900  0.8817  0.9882
 4750.920  0.8593  0.9882
 4750.940  0.8414  0.9890
 4750.960  0.8327  0.9903
 4750.980  0.8355  0.9914
 4751.000  0.8489  0.9916
 4751.020  0.8694  0.9905
 4751.040  0.8919  0.9881
 4751.060  0.9118  0.9850
 4751.080  0.9262  0.9818
 4751.100  0.9343  0.9795
 4751.120  0.9375  0.9783
 4751.140  0.9384  0.9785
 4751.160  0.9392  0.9796
 4751.180  0.9408  0.9811
 4751.200  0.9428  0.9826
 4751.220  0.9439  0.9840
 4751.240  0.9425  0.9853
 4751.260  0.9375  0.9866
 4751.280  0.9290  0.9880
 4751.300  0.9180  0.9895
 4751.320  0.9061  0.9907
 4751.340  0.8947  0.9911
 4751.360  0.8852  0.9904
 4751.380  0.8787  0.9886
 4751.400  0.8759  0.9860
 4751.420  0.8778  0.9832
 4751.440  0.8846  0.9811
 4751.460  0.8964  0.9800
 4751.480  0.9124  0.9802
 4751.500  0.9306  0.9814
 4751.520  0.9485  0.9832
 4751.540  0.9634  0.9852
 4751.560  0.9733  0.9870
 4751.580  0.9775  0.9885
 4751.600  0.9771  0.9895
 4751.620  0.9740  0.9902
 4751.640  0.9710  0.9903
 4751.660  0.9703  0.9900
 4751.680  0.9730  0.9892
 4751.700  0.9789  0.9881
 4751.720  0.9866  0.9868
 4751.740  0.9943  0.9857
 4751.760  1.0007  0.9846
 4751.780  1.0049  0.9833
 4751.800  1.0071  0.9812
 4751.820  1.0080  0.9778
 4751.840  1.0083  0.9727
 4751.860  1.0083  0.9664
 4751.880  1.0078  0.9600
 4751.900  1.0066  0.9551
 4751.920  1.0044  0.9529
 4751.940  1.0015  0.9544
 4751.960  0.9985  0.9591
 4751.980  0.9966  0.9657
 4752.000  0.9965  0.9724
 4752.020  0.9983  0.9775
 4752.040  1.0014  0.9800
 4752.060  1.0045  0.9801
 4752.080  1.0066  0.9788
 4752.100  1.0068  0.9777
 4752.120  1.0052  0.9779
 4752.140  1.0026  0.9798
 4752.160  1.0002  0.9830
 4752.180  0.9991  0.9862
 4752.200  0.9995  0.9887
 4752.220  1.0011  0.9897
 4752.240  1.0027  0.9896
 4752.260  1.0033  0.9891
 4752.280  1.0019  0.9888
 4752.300  0.9987  0.9892
 4752.320  0.9944  0.9900
 4752.340  0.9898  0.9905
 4752.360  0.9858  0.9903
 4752.380  0.9825  0.9889
 4752.400  0.9795  0.9869
 4752.420  0.9759  0.9851
 4752.440  0.9711  0.9845
 4752.460  0.9650  0.9854
 4752.480  0.9585  0.9876
 4752.500  0.9535  0.9904
 4752.520  0.9517  0.9925
 4752.540  0.9546  0.9933
 4752.560  0.9627  0.9927
 4752.580  0.9748  0.9910
 4752.600  0.9889  0.9891
 4752.620  1.0024  0.9877
 4752.640  1.0126  0.9871
 4752.660  1.0179  0.9869
 4752.680  1.0179  0.9868
 4752.700  1.0137  0.9862
 4752.720  1.0070  0.9853
 4752.740  1.0002  0.9844
 4752.760  0.9953  0.9842
 4752.780  0.9936  0.9849
 4752.800  0.9957  0.9862
 4752.820  1.0010  0.9873
 4752.840  1.0080  0.9875
 4752.860  1.0149  0.9864
 4752.880  1.0200  0.9841
 4752.900  1.0218  0.9818
 4752.920  1.0199  0.9804
 4752.940  1.0148  0.9808
 4752.960  1.0081  0.9830
 4752.980 -1.0000  0.9860
 4753.000 -1.0000  0.9886
 4722.000  0.0000        
 4722.020  0.0000        
 4722.040  0.0027        
 4722.060  0.0180        
 4722.080  0.0244        
 4722.100  0.0214        
 4722.120  0.0123        
 4722.140  0.0008        
 4722.160 -0.0106        
 4722.180 -0.0204        
 4722.200 -0.0286        
 4722.220 -0.0353        
 4722.240 -0.0400        
 4722.260 -0.0420        
 4722.280 -0.0404        
 4722.300 -0.0347        
 4722.320 -0.0253        
 4722.340 -0.0146        
 4722.360 -0.0060        
 4722.380 -0.0027        
 4722.400 -0.0057        
 4722.420 -0.0134        
 4722.440 -0.0220        
 4722.460 -0.0278        
 4722.480 -0.0291        
 4722.500 -0.0263        
 4722.520 -0.0215        
 4722.540 -0.0170        
 4722.560 -0.0146        
 4722.580 -0.0150        
 4722.600 -0.0175        
 4722.620 -0.0209        
 4722.640 -0.0238        
 4722.660 -0.0249        
 4722.680 -0.0241        
 4722.700 -0.0224        
 4722.720 -0.0217        
 4722.740 -0.0238        
 4722.760 -0.0293        
 4722.780 -0.0376        
 4722.800 -0.0468        
 4722.820 -0.0546        
 4722.840 -0.0594        
 4722.860 -0.0605        
 4722.880 -0.0584        
 4722.900 -0.0539        
 4722.920 -0.0479        
 4722.940 -0.0411        
 4722.960 -0.0339        
 4722.980 -0.0267        
 4723.000 -0.0202        
 4723.020 -0.0151        
 4723.040 -0.0125        
 4723.060 -0.0131        
 4723.080 -0.0165        
 4723.100 -0.0214        
 4723.120 -0.0259        
 4723.140 -0.0282        
 4723.160 -0.0273        
 4723.180 -0.0235        
 4723.200 -0.0187        
 4723.220 -0.0155        
 4723.240 -0.0162        
 4723.260 -0.0216        
 4723.280 -0.0309        
 4723.300 -0.0418        
 4723.320 -0.0510        
 4723.340 -0.0560        
 4723.360 -0.0554        
 4723.380 -0.0499        
 4723.400 -0.0419        
 4723.420 -0.0343        
 4723.440 -0.0298        
 4723.460 -0.0294        
 4723.480 -0.0325        
 4723.500 -0.0371        
 4723.520 -0.0408        
 4723.540 -0.0417        
 4723.560 -0.0391        
 4723.580 -0.0335        
 4723.600 -0.0264        
 4723.620 -0.0199        
 4723.640 -0.0157        
 4723.660 -0.0142        
 4723.680 -0.0153        
 4723.700 -0.0176        
 4723.720 -0.0195        
 4723.740 -0.0195        
 4723.760 -0.0170        
 4723.780 -0.0120        
 4723.800 -0.0056        
 4723.820  0.0006        
 4723.840  0.0046        
 4723.860  0.0051        
 4723.880  0.0018        
 4723.900 -0.0047        
 4723.920 -0.0130        
 4723.940 -0.0214        
 4723.960 -0.0284        
 4723.980 -0.0331        
 4724.000 -0.0352        
 4724.020 -0.0350        
 4724.040 -0.0332        
 4724.060 -0.0303        
 4724.080 -0.0266        
 4724.100 -0.0219        
 4724.120 -0.0166        
 4724.140 -0.0111        
 4724.160 -0.0065        
 4724.180 -0.0041        
 4724.200 -0.0049        
 4724.220 -0.0092        
 4724.240 -0.0162        
 4724.260 -0.0237        
 4724.280 -0.0298        
 4724.300 -0.0324        
 4724.320 -0.0311        
 4724.340 -0.0265        
 4724.360 -0.0206        
 4724.380 -0.0154        
 4724.400 -0.0126        
 4724.420 -0.0125        
 4724.440 -0.0145        
 4724.460 -0.0174        
 4724.480 -0.0202        
 4724.500 -0.0226        
 4724.520 -0.0252        
 4724.540 -0.0291        
 4724.560 -0.0350        
 4724.580 -0.0424        
 4724.600 -0.0499        
 4724.620 -0.0551        
 4724.640 -0.0560        
 4724.660 -0.0520        
 4724.680 -0.0444        
 4724.700 -0.0364        
 4724.720 -0.0314        
 4724.740 -0.0318        
 4724.760 -0.0380        
 4724.780 -0.0480        
 4724.800 -0.0583        
 4724.820 -0.0651        
 4724.840 -0.0661        
 4724.860 -0.0611        
 4724.880 -0.0522        
 4724.900 -0.0428        
 4724.920 -0.0362        
 4724.940 -0.0343        
 4724.960 -0.0368        
 4724.980 -0.0421        
 4725.000 -0.0476        
 4725.020 -0.0513        
 4725.040 -0.0523        
 4725.060 -0.0513        
 4725.080 -0.0495        
 4725.100 -0.0482        
 4725.120 -0.0476        
 4725.140 -0.0472        
 4725.160 -0.0455        
 4725.180 -0.0417        
 4725.200 -0.0356        
 4725.220 -0.0285        
 4725.240 -0.0224        
 4725.260 -0.0192        
 4725.280 -0.0199        
 4725.300 -0.0243        
 4725.320 -0.0309        
 4725.340 -0.0378        
 4725.360 -0.0432        
 4725.380 -0.0463        
 4725.400 -0.0474        
 4725.420 -0.0479        
 4725.440 -0.0488        
 4725.460 -0.0506        
 4725.480 -0.0526        
 4725.500 -0.0534        
 4725.520 -0.0514        
 4725.540 -0.0460        
 4725.560 -0.0377        
 4725.580 -0.0283        
 4725.600 -0.0203        
 4725.620 -0.0160        
 4725.640 -0.0164        
 4725.660 -0.0210        
 4725.680 -0.0278        
 4725.700 -0.0343        
 4725.720 -0.0383        
 4725.740 -0.0387        
 4725.760 -0.0356        
 4725.780 -0.0299        
 4725.800 -0.0234        
 4725.820 -0.0175        
 4725.840 -0.0133        
 4725.860 -0.0112        
 4725.880 -0.0115        
 4725.900 -0.0141        
 4725.920 -0.0191        
 4725.940 -0.0264        
 4725.960 -0.0355        
 4725.980 -0.0455        
 4726.000 -0.0546        
 4726.020 -0.0611        
 4726.040 -0.0637        
 4726.060 -0.0620        
 4726.080 -0.0568        
 4726.100 -0.0501        
 4726.120 -0.0440        
 4726.140 -0.0402        
 4726.160 -0.0391        
 4726.180 -0.0398        
 4726.200 -0.0405        
 4726.220 -0.0391        
 4726.240 -0.0345        
 4726.260 -0.0271        
 4726.280 -0.0186        
 4726.300 -0.0115        
 4726.320 -0.0081        
 4726.340 -0.0093        
 4726.360 -0.0145        
 4726.380 -0.0214        
 4726.400 -0.0275        
 4726.420 -0.0308        
 4726.440 -0.0309        
 4726.460 -0.0289        
 4726.480 -0.0270        
 4726.500 -0.0276        
 4726.520 -0.0318        
 4726.540 -0.0388        
 4726.560 -0.0465        
 4726.580 -0.0520        
 4726.600 -0.0527        
 4726.620 -0.0477        
 4726.640 -0.0380        
 4726.660 -0.0262        
 4726.680 -0.0157        
 4726.700 -0.0092        
 4726.720 -0.0081        
 4726.740 -0.0122        
 4726.760 -0.0197        
 4726.780 -0.0284        
 4726.800 -0.0363        
 4726.820 -0.0418        
 4726.840 -0.0445        
 4726.860 -0.0446        
 4726.880 -0.0427        
 4726.900 -0.0395        
 4726.920 -0.0356        
 4726.940 -0.0316        
 4726.960 -0.0278        
 4726.980 -0.0248        
 4727.000 -0.0231        
 4727.020 -0.0233        
 4727.040 -0.0251        
 4727.060 -0.0283        
 4727.080 -0.0317        
 4727.100 -0.0346        
 4727.120 -0.0361        
 4727.140 -0.0361        
 4727.160 -0.0348        
 4727.180 -0.0329        
 4727.200 -0.0313        
 4727.220 -0.0304        
 4727.240 -0.0306        
 4727.260 -0.0318        
 4727.280 -0.0337        
 4727.300 -0.0358        
 4727.320 -0.0374        
 4727.340 -0.0380        
 4727.360 -0.0367        
 4727.380 -0.0330        
 4727.400 -0.0270        
 4727.420 -0.0191        
 4727.440 -0.0106        
 4727.460 -0.0032        
 4727.480  0.0014        
 4727.500  0.0024        
 4727.520 -0.0004        
 4727.540 -0.0060        
 4727.560 -0.0127        
 4727.580 -0.0184        
 4727.600 -0.0218        
 4727.620 -0.0222        
 4727.640 -0.0202        
 4727.660 -0.0169        
 4727.680 -0.0138        
 4727.700 -0.0117        
 4727.720 -0.0109        
 4727.740 -0.0111        
 4727.760 -0.0117        
 4727.780 -0.0127        
 4727.800 -0.0140        
 4727.820 -0.0161        
 4727.840 -0.0196        
 4727.860 -0.0243        
 4727.880 -0.0297        
 4727.900 -0.0351        
 4727.920 -0.0394        
 4727.940 -0.0423        
 4727.960 -0.0439        
 4727.980 -0.0449        
 4728.000 -0.0458        
 4728.020 -0.0472        
 4728.040 -0.0484        
 4728.060 -0.0487        
 4728.080 -0.0469        
 4728.100 -0.0425        
 4728.120 -0.0361        
 4728.140 -0.0291        
 4728.160 -0.0232        
 4728.180 -0.0200        
 4728.200 -0.0199        
 4728.220 -0.0225        
 4728.240 -0.0260        
 4728.260 -0.0288        
 4728.280 -0.0297        
 4728.300 -0.0288        
 4728.320 -0.0270        
 4728.340 -0.0257        
 4728.360 -0.0258        
 4728.380 -0.0275        
 4728.400 -0.0301        
 4728.420 -0.0323        
 4728.440 -0.0331        
 4728.460 -0.0323        
 4728.480 -0.0303        
 4728.500 -0.0282        
 4728.520 -0.0269        
 4728.540 -0.0266        
 4728.560 -0.0266        
 4728.580 -0.0257        
 4728.600 -0.0231        
 4728.620 -0.0188        
 4728.640 -0.0139        
 4728.660 -0.0104        
 4728.680 -0.0101        
 4728.700 -0.0137        
 4728.720 -0.0208        
 4728.740 -0.0294        
 4728.760 -0.0370        
 4728.780 -0.0414        
 4728.800 -0.0421        
 4728.820 -0.0400        
 4728.840 -0.0368        
 4728.860 -0.0346        
 4728.880 -0.0343        
 4728.900 -0.0356        
 4728.920 -0.0371        
 4728.940 -0.0369        
 4728.960 -0.0341        
 4728.980 -0.0290        
 4729.000 -0.0233        
 4729.020 -0.0189        
 4729.040 -0.0178        
 4729.060 -0.0204        
 4729.080 -0.0256        
 4729.100 -0.0315        
 4729.120 -0.0357        
 4729.140 -0.0368        
 4729.160 -0.0347        
 4729.180 -0.0306        
 4729.200 -0.0264        
 4729.220 -0.0235        
 4729.240 -0.0226        
 4729.260 -0.0232        
 4729.280 -0.0245        
 4729.300 -0.0254        
 4729.320 -0.0258        
 4729.340 -0.0262        
 4729.360 -0.0276        
 4729.380 -0.0310        
 4729.400 -0.0364        
 4729.420 -0.0432        
 4729.440 -0.0497        
 4729.460 -0.0540        
 4729.480 -0.0551        
 4729.500 -0.0526        
 4729.520 -0.0473        
 4729.540 -0.0404        
 4729.560 -0.0333        
 4729.580 -0.0270        
 4729.600 -0.0218        
 4729.620 -0.0178        
 4729.640 -0.0147        
 4729.660 -0.0128        
 4729.680 -0.0124        
 4729.700 -0.0141        
 4729.720 -0.0180        
 4729.740 -0.0234        
 4729.760 -0.0291        
 4729.780 -0.0332        
 4729.800 -0.0342        
 4729.820 -0.0314        
 4729.840 -0.0250        
 4729.860 -0.0166        
 4729.880 -0.0086        
 4729.900 -0.0029        
 4729.920 -0.0012        
 4729.940 -0.0037        
 4729.960 -0.0094        
 4729.980 -0.0167        
 4730.000 -0.0237        
 4730.020 -0.0291        
 4730.040 -0.0320        
 4730.060 -0.0324        
 4730.080 -0.0310        
 4730.100 -0.0283        
 4730.120 -0.0251        
 4730.140 -0.0215        
 4730.160 -0.0179        
 4730.180 -0.0144        
 4730.200 -0.0112        
 4730.220 -0.0091        
 4730.240 -0.0085        
 4730.260 -0.0098        
 4730.280 -0.0129        
 4730.300 -0.0171        
 4730.320 -0.0215        
 4730.340 -0.0252        
 4730.360 -0.0275        
 4730.380 -0.0283        
 4730.400 -0.0282        
 4730.420 -0.0280        
 4730.440 -0.0287        
 4730.460 -0.0308        
 4730.480 -0.0340        
 4730.500 -0.0374        
 4730.520 -0.0397        
 4730.540 -0.0397        
 4730.560 -0.0368        
 4730.580 -0.0316        
 4730.600 -0.0256        
 4730.620 -0.0210        
 4730.640 -0.0194        
 4730.660 -0.0218        
 4730.680 -0.0276        
 4730.700 -0.0349        
 4730.720 -0.0413        
 4730.740 -0.0444        
 4730.760 -0.0427        
 4730.780 -0.0365        
 4730.800 -0.0274        
 4730.820 -0.0182        
 4730.840 -0.0114        
 4730.860 -0.0090        
 4730.880 -0.0114        
 4730.900 -0.0177        
 4730.920 -0.0259        
 4730.940 -0.0335        
 4730.960 -0.0388        
 4730.980 -0.0407        
 4731.000 -0.0396        
 4731.020 -0.0365        
 4731.040 -0.0330        
 4731.060 -0.0305        
 4731.080 -0.0301        
 4731.100 -0.0318        
 4731.120 -0.0351        
 4731.140 -0.0387        
 4731.160 -0.0413        
 4731.180 -0.0417        
 4731.200 -0.0395        
 4731.220 -0.0348        
 4731.240 -0.0289        
 4731.260 -0.0234        
 4731.280 -0.0199        
 4731.300 -0.0198        
 4731.320 -0.0230        
 4731.340 -0.0288        
 4731.360 -0.0354        
 4731.380 -0.0406        
 4731.400 -0.0425        
 4731.420 -0.0402        
 4731.440 -0.0340        
 4731.460 -0.0255        
 4731.480 -0.0166        
 4731.500 -0.0096        
 4731.520 -0.0059        
 4731.540 -0.0060        
 4731.560 -0.0096        
 4731.580 -0.0155        
 4731.600 -0.0222        
 4731.620 -0.0284        
 4731.640 -0.0332        
 4731.660 -0.0361        
 4731.680 -0.0372        
 4731.700 -0.0364        
 4731.720 -0.0341        
 4731.740 -0.0306        
 4731.760 -0.0265        
 4731.780 -0.0224        
 4731.800 -0.0194        
 4731.820 -0.0182        
 4731.840 -0.0194        
 4731.860 -0.0230        
 4731.880 -0.0282        
 4731.900 -0.0337        
 4731.920 -0.0378        
 4731.940 -0.0393        
 4731.960 -0.0378        
 4731.980 -0.0339        
 4732.000 -0.0292        
 4732.020 -0.0253        
 4732.040 -0.0235        
 4732.060 -0.0242        
 4732.080 -0.0268        
 4732.100 -0.0302        
 4732.120 -0.0327        
 4732.140 -0.0331        
 4732.160 -0.0313        
 4732.180 -0.0282        
 4732.200 -0.0255        
 4732.220 -0.0249        
 4732.240 -0.0276        
 4732.260 -0.0335        
 4732.280 -0.0410        
 4732.300 -0.0477        
 4732.320 -0.0511        
 4732.340 -0.0496        
 4732.360 -0.0433        
 4732.380 -0.0337        
 4732.400 -0.0237        
 4732.420 -0.0161        
 4732.440 -0.0130        
 4732.460 -0.0146        
 4732.480 -0.0198        
 4732.500 -0.0257        
 4732.520 -0.0296        
 4732.540 -0.0297        
 4732.560 -0.0255        
 4732.580 -0.0182        
 4732.600 -0.0102        
 4732.620 -0.0037        
 4732.640 -0.0005        
 4732.660 -0.0012        
 4732.680 -0.0051        
 4732.700 -0.0109        
 4732.720 -0.0170        
 4732.740 -0.0223        
 4732.760 -0.0258        
 4732.780 -0.0275        
 4732.800 -0.0276        
 4732.820 -0.0265        
 4732.840 -0.0247        
 4732.860 -0.0228        
 4732.880 -0.0217        
 4732.900 -0.0218        
 4732.920 -0.0236        
 4732.940 -0.0268        
 4732.960 -0.0307        
 4732.980 -0.0338        
 4733.000 -0.0347        
 4733.020 -0.0325        
 4733.040 -0.0273        
 4733.060 -0.0203        
 4733.080 -0.0135        
 4733.100 -0.0091        
 4733.120 -0.0085        
 4733.140 -0.0117        
 4733.160 -0.0177        
 4733.180 -0.0245        
 4733.200 -0.0303        
 4733.220 -0.0340        
 4733.240 -0.0353        
 4733.260 -0.0351        
 4733.280 -0.0346        
 4733.300 -0.0349        
 4733.320 -0.0363        
 4733.340 -0.0383        
 4733.360 -0.0403        
 4733.380 -0.0417        
 4733.400 -0.0424        
 4733.420 -0.0428        
 4733.440 -0.0437        
 4733.460 -0.0454        
 4733.480 -0.0479        
 4733.500 -0.0502        
 4733.520 -0.0512        
 4733.540 -0.0501        
 4733.560 -0.0467        
 4733.580 -0.0419        
 4733.600 -0.0373        
 4733.620 -0.0346        
 4733.640 -0.0348        
 4733.660 -0.0378        
 4733.680 -0.0427        
 4733.700 -0.0482        
 4733.720 -0.0533        
 4733.740 -0.0574        
 4733.760 -0.0604        
 4733.780 -0.0622        
 4733.800 -0.0626        
 4733.820 -0.0608        
 4733.840 -0.0563        
 4733.860 -0.0489        
 4733.880 -0.0394        
 4733.900 -0.0294        
 4733.920 -0.0214        
 4733.940 -0.0174        
 4733.960 -0.0185        
 4733.980 -0.0240        
 4734.000 -0.0313        
 4734.020 -0.0375        
 4734.040 -0.0397        
 4734.060 -0.0368        
 4734.080 -0.0295        
 4734.100 -0.0203        
 4734.120 -0.0122        
 4734.140 -0.0075        
 4734.160 -0.0068        
 4734.180 -0.0091        
 4734.200 -0.0123        
 4734.220 -0.0143        
 4734.240 -0.0137        
 4734.260 -0.0107        
 4734.280 -0.0064        
 4734.300 -0.0026        
 4734.320 -0.0006        
 4734.340 -0.0009        
 4734.360 -0.0032        
 4734.380 -0.0065        
 4734.400 -0.0098        
 4734.420 -0.0129        
 4734.440 -0.0156        
 4734.460 -0.0184        
 4734.480 -0.0214        
 4734.500 -0.0240        
 4734.520 -0.0257        
 4734.540 -0.0257        
 4734.560 -0.0239        
 4734.580 -0.0212        
 4734.600 -0.0188        
 4734.620 -0.0183        
 4734.640 -0.0204        
 4734.660 -0.0246        
 4734.680 -0.0293        
 4734.700 -0.0322        
 4734.720 -0.0318        
 4734.740 -0.0274        
 4734.760 -0.0205        
 4734.780 -0.0136        
 4734.800 -0.0096        
 4734.820 -0.0109        
 4734.840 -0.0176        
 4734.860 -0.0281        
 4734.880 -0.0394        
 4734.900 -0.0482        
 4734.920 -0.0524        
 4734.940 -0.0514        
 4734.960 -0.0462        
 4734.980 -0.0390        
 4735.000 -0.0318        
 4735.020 -0.0263        
 4735.040 -0.0228        
 4735.060 -0.0205        
 4735.080 -0.0184        
 4735.100 -0.0154        
 4735.120 -0.0113        
 4735.140 -0.0068        
 4735.160 -0.0034        
 4735.180 -0.0026        
 4735.200 -0.0055        
 4735.220 -0.0116        
 4735.240 -0.0191        
 4735.260 -0.0251        
 4735.280 -0.0273        
 4735.300 -0.0248        
 4735.320 -0.0183        
 4735.340 -0.0100        
 4735.360 -0.0024        
 4735.380  0.0014        
 4735.400 -0.0003        
 4735.420 -0.0084        
 4735.440 -0.0217        
 4735.460 -0.0374        
 4735.480 -0.0520        
 4735.500 -0.0620        
 4735.520 -0.0652        
 4735.540 -0.0610        
 4735.560 -0.0506        
 4735.580 -0.0368        
 4735.600 -0.0229        
 4735.620 -0.0118        
 4735.640 -0.0049        
 4735.660 -0.0022        
 4735.680 -0.0026        
 4735.700 -0.0046        
 4735.720 -0.0072        
 4735.740 -0.0098        
 4735.760 -0.0127        
 4735.780 -0.0164        
 4735.800 -0.0209        
 4735.820 -0.0260        
 4735.840 -0.0305        
 4735.860 -0.0331        
 4735.880 -0.0328        
 4735.900 -0.0293        
 4735.920 -0.0237        
 4735.940 -0.0178        
 4735.960 -0.0137        
 4735.980 -0.0127        
 4736.000 -0.0152        
 4736.020 -0.0199        
 4736.040 -0.0251        
 4736.060 -0.0285        
 4736.080 -0.0292        
 4736.100 -0.0270        
 4736.120 -0.0234        
 4736.140 -0.0204        
 4736.160 -0.0196        
 4736.180 -0.0220        
 4736.200 -0.0268        
 4736.220 -0.0323        
 4736.240 -0.0363        
 4736.260 -0.0372        
 4736.280 -0.0344        
 4736.300 -0.0287        
 4736.320 -0.0223        
 4736.340 -0.0171        
 4736.360 -0.0146        
 4736.380 -0.0148        
 4736.400 -0.0165        
 4736.420 -0.0182        
 4736.440 -0.0185        
 4736.460 -0.0173        
 4736.480 -0.0155        
 4736.500 -0.0151        
 4736.520 -0.0179        
 4736.540 -0.0246        
 4736.560 -0.0343        
 4736.580 -0.0446        
 4736.600 -0.0528        
 4736.620 -0.0563        
 4736.640 -0.0545        
 4736.660 -0.0482        
 4736.680 -0.0399        
 4736.700 -0.0328        
 4736.720 -0.0288        
 4736.740 -0.0287        
 4736.760 -0.0313        
 4736.780 -0.0348        
 4736.800 -0.0370        
 4736.820 -0.0370        
 4736.840 -0.0351        
 4736.860 -0.0325        
 4736.880 -0.0307        
 4736.900 -0.0302        
 4736.920 -0.0306        
 4736.940 -0.0301        
 4736.960 -0.0275        
 4736.980 -0.0224        
 4737.000 -0.0159        
 4737.020 -0.0107        
 4737.040 -0.0098        
 4737.060 -0.0150        
 4737.080 -0.0260        
 4737.100 -0.0399        
 4737.120 -0.0528        
 4737.140 -0.0608        
 4737.160 -0.0619        
 4737.180 -0.0563        
 4737.200 -0.0467        
 4737.220 -0.0368        
 4737.240 -0.0298        
 4737.260 -0.0273        
 4737.280 -0.0287        
 4737.300 -0.0319        
 4737.320 -0.0344        
 4737.340 -0.0345        
 4737.360 -0.0323        
 4737.380 -0.0292        
 4737.400 -0.0270        
 4737.420 -0.0273        
 4737.440 -0.0303        
 4737.460 -0.0347        
 4737.480 -0.0390        
 4737.500 -0.0417        
 4737.520 -0.0424        
 4737.540 -0.0415        
 4737.560 -0.0403        
 4737.580 -0.0396        
 4737.600 -0.0394        
 4737.620 -0.0388        
 4737.640 -0.0364        
 4737.660 -0.0314        
 4737.680 -0.0241        
 4737.700 -0.0161        
 4737.720 -0.0096        
 4737.740 -0.0068        
 4737.760 -0.0086        
 4737.780 -0.0138        
 4737.800 -0.0204        
 4737.820 -0.0259        
 4737.840 -0.0285        
 4737.860 -0.0282        
 4737.880 -0.0260        
 4737.900 -0.0236        
 4737.920 -0.0226        
 4737.940 -0.0233        
 4737.960 -0.0253        
 4737.980 -0.0275        
 4738.000 -0.0292        
 4738.020 -0.0306        
 4738.040 -0.0323        
 4738.060 -0.0355        
 4738.080 -0.0406        
 4738.100 -0.0470        
 4738.120 -0.0531        
 4738.140 -0.0569        
 4738.160 -0.0573        
 4738.180 -0.0544        
 4738.200 -0.0499        
 4738.220 -0.0461        
 4738.240 -0.0450        
 4738.260 -0.0472        
 4738.280 -0.0513        
 4738.300 -0.0550        
 4738.320 -0.0558        
 4738.340 -0.0524        
 4738.360 -0.0450        
 4738.380 -0.0359        
 4738.400 -0.0275        
 4738.420 -0.0221        
 4738.440 -0.0201        
 4738.460 -0.0206        
 4738.480 -0.0215        
 4738.500 -0.0211        
 4738.520 -0.0191        
 4738.540 -0.0168        
 4738.560 -0.0165        
 4738.580 -0.0201        
 4738.600 -0.0277        
 4738.620 -0.0375        
 4738.640 -0.0465        
 4738.660 -0.0515        
 4738.680 -0.0504        
 4738.700 -0.0437        
 4738.720 -0.0338        
 4738.740 -0.0246        
 4738.760 -0.0197        
 4738.780 -0.0207        
 4738.800 -0.0268        
 4738.820 -0.0352        
 4738.840 -0.0424        
 4738.860 -0.0452        
 4738.880 -0.0425        
 4738.900 -0.0349        
 4738.920 -0.0249        
 4738.940 -0.0155        
 4738.960 -0.0093        
 4738.980 -0.0076        
 4739.000 -0.0103        
 4739.020 -0.0161        
 4739.040 -0.0230        
 4739.060 -0.0291        
 4739.080 -0.0327        
 4739.100 -0.0329        
 4739.120 -0.0296        
 4739.140 -0.0243        
 4739.160 -0.0190        
 4739.180 -0.0162        
 4739.200 -0.0176        
 4739.220 -0.0238        
 4739.240 -0.0336        
 4739.260 -0.0443        
 4739.280 -0.0525        
 4739.300 -0.0554        
 4739.320 -0.0518        
 4739.340 -0.0431        
 4739.360 -0.0327        
 4739.380 -0.0245        
 4739.400 -0.0219        
 4739.420 -0.0259        
 4739.440 -0.0348        
 4739.460 -0.0450        
 4739.480 -0.0521        
 4739.500 -0.0530        
 4739.520 -0.0475        
 4739.540 -0.0378        
 4739.560 -0.0280        
 4739.580 -0.0221        
 4739.600 -0.0224        
 4739.620 -0.0281        
 4739.640 -0.0360        
 4739.660 -0.0416        
 4739.680 -0.0417        
 4739.700 -0.0355        
 4739.720 -0.0248        
 4739.740 -0.0130        
 4739.760 -0.0034        
 4739.780  0.0014        
 4739.800  0.0007        
 4739.820 -0.0046        
 4739.840 -0.0123        
 4739.860 -0.0201        
 4739.880 -0.0265        
 4739.900 -0.0308        
 4739.920 -0.0330        
 4739.940 -0.0334        
 4739.960 -0.0322        
 4739.980 -0.0297        
 4740.000 -0.0265        
 4740.020 -0.0234        
 4740.040 -0.0213        
 4740.060 -0.0210        
 4740.080 -0.0227        
 4740.100 -0.0255        
 4740.120 -0.0274        
 4740.140 -0.0268        
 4740.160 -0.0226        
 4740.180 -0.0156        
 4740.200 -0.0082        
 4740.220 -0.0031        
 4740.240 -0.0029        
 4740.260 -0.0084        
 4740.280 -0.0183        
 4740.300 -0.0298        
 4740.320 -0.0390        
 4740.340 -0.0431        
 4740.360 -0.0410        
 4740.380 -0.0342        
 4740.400 -0.0256        
 4740.420 -0.0187        
 4740.440 -0.0160        
 4740.460 -0.0179        
 4740.480 -0.0229        
 4740.500 -0.0283        
 4740.520 -0.0316        
 4740.540 -0.0313        
 4740.560 -0.0280        
 4740.580 -0.0235        
 4740.600 -0.0197        
 4740.620 -0.0183        
 4740.640 -0.0197        
 4740.660 -0.0233        
 4740.680 -0.0277        
 4740.700 -0.0315        
 4740.720 -0.0341        
 4740.740 -0.0354        
 4740.760 -0.0357        
 4740.780 -0.0355        
 4740.800 -0.0347        
 4740.820 -0.0328        
 4740.840 -0.0292        
 4740.860 -0.0239        
 4740.880 -0.0173        
 4740.900 -0.0109        
 4740.920 -0.0067        
 4740.940 -0.0064        
 4740.960 -0.0107        
 4740.980 -0.0190        
 4741.000 -0.0292        
 4741.020 -0.0388        
 4741.040 -0.0448        
 4741.060 -0.0457        
 4741.080 -0.0411        
 4741.100 -0.0327        
 4741.120 -0.0232        
 4741.140 -0.0155        
 4741.160 -0.0116        
 4741.180 -0.0123        
 4741.200 -0.0163        
 4741.220 -0.0218        
 4741.240 -0.0264        
 4741.260 -0.0285        
 4741.280 -0.0276        
 4741.300 -0.0246        
 4741.320 -0.0212        
 4741.340 -0.0192        
 4741.360 -0.0199        
 4741.380 -0.0234        
 4741.400 -0.0283        
 4741.420 -0.0329        
 4741.440 -0.0353        
 4741.460 -0.0341        
 4741.480 -0.0295        
 4741.500 -0.0225        
 4741.520 -0.0149        
 4741.540 -0.0085        
 4741.560 -0.0047        
 4741.580 -0.0039        
 4741.600 -0.0054        
 4741.620 -0.0083        
 4741.640 -0.0116        
 4741.660 -0.0142        
 4741.680 -0.0158        
 4741.700 -0.0162        
 4741.720 -0.0159        
 4741.740 -0.0155        
 4741.760 -0.0162        
 4741.780 -0.0187        
 4741.800 -0.0236        
 4741.820 -0.0306        
 4741.840 -0.0389        
 4741.860 -0.0467        
 4741.880 -0.0520        
 4741.900 -0.0529        
 4741.920 -0.0485        
 4741.940 -0.0394        
 4741.960 -0.0281        
 4741.980 -0.0182        
 4742.000 -0.0130        
 4742.020 -0.0141        
 4742.040 -0.0212        
 4742.060 -0.0316        
 4742.080 -0.0419        
 4742.100 -0.0489        
 4742.120 -0.0510        
 4742.140 -0.0491        
 4742.160 -0.0458        
 4742.180 -0.0441        
 4742.200 -0.0458        
 4742.220 -0.0508        
 4742.240 -0.0564        
 4742.260 -0.0592        
 4742.280 -0.0564        
 4742.300 -0.0474        
 4742.320 -0.0345        
 4742.340 -0.0220        
 4742.360 -0.0145        
 4742.380 -0.0147        
 4742.400 -0.0221        
 4742.420 -0.0332        
 4742.440 -0.0429        
 4742.460 -0.0471        
 4742.480 -0.0439        
 4742.500 -0.0346        
 4742.520 -0.0229        
 4742.540 -0.0132        
 4742.560 -0.0088        
 4742.580 -0.0105        
 4742.600 -0.0170        
 4742.620 -0.0251        
 4742.640 -0.0319        
 4742.660 -0.0357        
 4742.680 -0.0369        
 4742.700 -0.0368        
 4742.720 -0.0375        
 4742.740 -0.0397        
 4742.760 -0.0429        
 4742.780 -0.0454        
 4742.800 -0.0455        
 4742.820 -0.0422        
 4742.840 -0.0362        
 4742.860 -0.0295        
 4742.880 -0.0245        
 4742.900 -0.0233        
 4742.920 -0.0267        
 4742.940 -0.0337        
 4742.960 -0.0420        
 4742.980 -0.0493        
 4743.000 -0.0534        
 4743.020 -0.0537        
 4743.040 -0.0505        
 4743.060 -0.0449        
 4743.080 -0.0382        
 4743.100 -0.0314        
 4743.120 -0.0255        
 4743.140 -0.0213        
 4743.160 -0.0195        
 4743.180 -0.0205        
 4743.200 -0.0238        
 4743.220 -0.0284        
 4743.240 -0.0326        
 4743.260 -0.0346        
 4743.280 -0.0330        
 4743.300 -0.0279        
 4743.320 -0.0208        
 4743.340 -0.0142        
 4743.360 -0.0111        
 4743.380 -0.0131        
 4743.400 -0.0201        
 4743.420 -0.0302        
 4743.440 -0.0406        
 4743.460 -0.0486        
 4743.480 -0.0524        
 4743.500 -0.0518        
 4743.520 -0.0474        
 4743.540 -0.0412        
 4743.560 -0.0347        
 4743.580 -0.0292        
 4743.600 -0.0251        
 4743.620 -0.0222        
 4743.640 -0.0205        
 4743.660 -0.0200        
 4743.680 -0.0209        
 4743.700 -0.0233        
 4743.720 -0.0265        
 4743.740 -0.0290        
 4743.760 -0.0290        
 4743.780 -0.0254        
 4743.800 -0.0179        
 4743.820 -0.0081        
 4743.840  0.0017        
 4743.860  0.0084        
 4743.880  0.0101        
 4743.900  0.0062        
 4743.920 -0.0022        
 4743.940 -0.0124        
 4743.960 -0.0219        
 4743.980 -0.0289        
 4744.000 -0.0329        
 4744.020 -0.0345        
 4744.040 -0.0351        
 4744.060 -0.0355        
 4744.080 -0.0358        
 4744.100 -0.0353        
 4744.120 -0.0333        
 4744.140 -0.0294        
 4744.160 -0.0244        
 4744.180 -0.0196        
 4744.200 -0.0168        
 4744.220 -0.0174        
 4744.240 -0.0212        
 4744.260 -0.0274        
 4744.280 -0.0338        
 4744.300 -0.0386        
 4744.320 -0.0402        
 4744.340 -0.0384        
 4744.360 -0.0337        
 4744.380 -0.0273        
 4744.400 -0.0204        
 4744.420 -0.0140        
 4744.440 -0.0086        
 4744.460 -0.0046        
 4744.480 -0.0023        
 4744.500 -0.0021        
 4744.520 -0.0043        
 4744.540 -0.0087        
 4744.560 -0.0148        
 4744.580 -0.0214        
 4744.600 -0.0270        
 4744.620 -0.0303        
 4744.640 -0.0308        
 4744.660 -0.0286        
 4744.680 -0.0248        
 4744.700 -0.0208        
 4744.720 -0.0182        
 4744.740 -0.0175        
 4744.760 -0.0190        
 4744.780 -0.0218        
 4744.800 -0.0249        
 4744.820 -0.0272        
 4744.840 -0.0277        
 4744.860 -0.0260        
 4744.880 -0.0222        
 4744.900 -0.0172        
 4744.920 -0.0128        
 4744.940 -0.0108        
 4744.960 -0.0129        
 4744.980 -0.0197        
 4745.000 -0.0299        
 4745.020 -0.0411        
 4745.040 -0.0499        
 4745.060 -0.0529        
 4745.080 -0.0486        
 4745.100 -0.0379        
 4745.120 -0.0243        
 4745.140 -0.0128        
 4745.160 -0.0081        
 4745.180 -0.0128        
 4745.200 -0.0260        
 4745.220 -0.0434        
 4745.240 -0.0587        
 4745.260 -0.0662        
 4745.280 -0.0628        
 4745.300 -0.0498        
 4745.320 -0.0318        
 4745.340 -0.0144        
 4745.360 -0.0023        
 4745.380  0.0022        
 4745.400  0.0000        
 4745.420 -0.0058        
 4745.440 -0.0118        
 4745.460 -0.0158        
 4745.480 -0.0178        
 4745.500 -0.0195        
 4745.520 -0.0229        
 4745.540 -0.0290        
 4745.560 -0.0368        
 4745.580 -0.0435        
 4745.600 -0.0459        
 4745.620 -0.0425        
 4745.640 -0.0338        
 4745.660 -0.0229        
 4745.680 -0.0136        
 4745.700 -0.0090        
 4745.720 -0.0099        
 4745.740 -0.0145        
 4745.760 -0.0192        
 4745.780 -0.0205        
 4745.800 -0.0168        
 4745.820 -0.0097        
 4745.840 -0.0027        
 4745.860  0.0002        
 4745.880 -0.0031        
 4745.900 -0.0120        
 4745.920 -0.0234        
 4745.940 -0.0324        
 4745.960 -0.0352        
 4745.980 -0.0305        
 4746.000 -0.0203        
 4746.020 -0.0086        
 4746.040  0.0001        
 4746.060  0.0028        
 4746.080 -0.0007        
 4746.100 -0.0081        
 4746.120 -0.0159        
 4746.140 -0.0210        
 4746.160 -0.0223        
 4746.180 -0.0208        
 4746.200 -0.0191        
 4746.220 -0.0193        
 4746.240 -0.0226        
 4746.260 -0.0280        
 4746.280 -0.0334        
 4746.300 -0.0364        
 4746.320 -0.0357        
 4746.340 -0.0319        
 4746.360 -0.0269        
 4746.380 -0.0234        
 4746.400 -0.0228        
 4746.420 -0.0255        
 4746.440 -0.0302        
 4746.460 -0.0352        
 4746.480 -0.0387        
 4746.500 -0.0399        
 4746.520 -0.0393        
 4746.540 -0.0379        
 4746.560 -0.0369        
 4746.580 -0.0366        
 4746.600 -0.0368        
 4746.620 -0.0367        
 4746.640 -0.0360        
 4746.660 -0.0350        
 4746.680 -0.0344        
 4746.700 -0.0351        
 4746.720 -0.0372        
 4746.740 -0.0399        
 4746.760 -0.0415        
 4746.780 -0.0399        
 4746.800 -0.0342        
 4746.820 -0.0250        
 4746.840 -0.0146        
 4746.860 -0.0062        
 4746.880 -0.0024        
 4746.900 -0.0046        
 4746.920 -0.0116        
 4746.940 -0.0210        
 4746.960 -0.0292        
 4746.980 -0.0340        
 4747.000 -0.0345        
 4747.020 -0.0319        
 4747.040 -0.0287        
 4747.060 -0.0270        
 4747.080 -0.0276        
 4747.100 -0.0298        
 4747.120 -0.0314        
 4747.140 -0.0299        
 4747.160 -0.0240        
 4747.180 -0.0145        
 4747.200 -0.0038        
 4747.220  0.0048        
 4747.240  0.0084        
 4747.260  0.0055        
 4747.280 -0.0028        
 4747.300 -0.0136        
 4747.320 -0.0234        
 4747.340 -0.0292        
 4747.360 -0.0299        
 4747.380 -0.0266        
 4747.400 -0.0217        
 4747.420 -0.0178        
 4747.440 -0.0167        
 4747.460 -0.0188        
 4747.480 -0.0229        
 4747.500 -0.0268        
 4747.520 -0.0285        
 4747.540 -0.0269        
 4747.560 -0.0223        
 4747.580 -0.0162        
 4747.600 -0.0107        
 4747.620 -0.0077        
 4747.640 -0.0082        
 4747.660 -0.0119        
 4747.680 -0.0175        
 4747.700 -0.0233        
 4747.720 -0.0276        
 4747.740 -0.0296        
 4747.760 -0.0292        
 4747.780 -0.0274        
 4747.800 -0.0253        
 4747.820 -0.0242        
 4747.840 -0.0245        
 4747.860 -0.0262        
 4747.880 -0.0286        
 4747.900 -0.0306        
 4747.920 -0.0314        
 4747.940 -0.0305        
 4747.960 -0.0280        
 4747.980 -0.0243        
 4748.000 -0.0205        
 4748.020 -0.0173        
 4748.040 -0.0156        
 4748.060 -0.0154        
 4748.080 -0.0168        
 4748.100 -0.0192        
 4748.120 -0.0221        
 4748.140 -0.0251        
 4748.160 -0.0277        
 4748.180 -0.0297        
 4748.200 -0.0310        
 4748.220 -0.0316        
 4748.240 -0.0313        
 4748.260 -0.0299        
 4748.280 -0.0273        
 4748.300 -0.0236        
 4748.320 -0.0192        
 4748.340 -0.0147        
 4748.360 -0.0114        
 4748.380 -0.0101        
 4748.400 -0.0117        
 4748.420 -0.0161        
 4748.440 -0.0225        
 4748.460 -0.0293        
 4748.480 -0.0346        
 4748.500 -0.0368        
 4748.520 -0.0355        
 4748.540 -0.0313        
 4748.560 -0.0262        
 4748.580 -0.0224        
 4748.600 -0.0219        
 4748.620 -0.0255        
 4748.640 -0.0322        
 4748.660 -0.0397        
 4748.680 -0.0451        
 4748.700 -0.0461        
 4748.720 -0.0419        
 4748.740 -0.0339        
 4748.760 -0.0246        
 4748.780 -0.0172        
 4748.800 -0.0138        
 4748.820 -0.0148        
 4748.840 -0.0187        
 4748.860 -0.0231        
 4748.880 -0.0253        
 4748.900 -0.0240        
 4748.920 -0.0198        
 4748.940 -0.0147        
 4748.960 -0.0117        
 4748.980 -0.0127        
 4749.000 -0.0184        
 4749.020 -0.0275        
 4749.040 -0.0374        
 4749.060 -0.0454        
 4749.080 -0.0495        
 4749.100 -0.0493        
 4749.120 -0.0460        
 4749.140 -0.0415        
 4749.160 -0.0373        
 4749.180 -0.0342        
 4749.200 -0.0316        
 4749.220 -0.0287        
 4749.240 -0.0244        
 4749.260 -0.0190        
 4749.280 -0.0134        
 4749.300 -0.0093        
 4749.320 -0.0080        
 4749.340 -0.0099        
 4749.360 -0.0141        
 4749.380 -0.0188        
 4749.400 -0.0220        
 4749.420 -0.0227        
 4749.440 -0.0211        
 4749.460 -0.0184        
 4749.480 -0.0163        
 4749.500 -0.0159        
 4749.520 -0.0172        
 4749.540 -0.0194        
 4749.560 -0.0208        
 4749.580 -0.0205        
 4749.600 -0.0184        
 4749.620 -0.0158        
 4749.640 -0.0143        
 4749.660 -0.0155        
 4749.680 -0.0198        
 4749.700 -0.0263        
 4749.720 -0.0329        
 4749.740 -0.0377        
 4749.760 -0.0397        
 4749.780 -0.0390        
 4749.800 -0.0371        
 4749.820 -0.0362        
 4749.840 -0.0374        
 4749.860 -0.0412        
 4749.880 -0.0461        
 4749.900 -0.0502        
 4749.920 -0.0516        
 4749.940 -0.0493        
 4749.960 -0.0439        
 4749.980 -0.0371        
 4750.000 -0.0308        
 4750.020 -0.0267        
 4750.040 -0.0251        
 4750.060 -0.0250        
 4750.080 -0.0252        
 4750.100 -0.0244        
 4750.120 -0.0222        
 4750.140 -0.0190        
 4750.160 -0.0158        
 4750.180 -0.0137        
 4750.200 -0.0132        
 4750.220 -0.0143        
 4750.240 -0.0166        
 4750.260 -0.0197        
 4750.280 -0.0233        
 4750.300 -0.0276        
 4750.320 -0.0326        
 4750.340 -0.0380        
 4750.360 -0.0428        
 4750.380 -0.0453        
 4750.400 -0.0441        
 4750.420 -0.0386        
 4750.440 -0.0294        
 4750.460 -0.0186        
 4750.480 -0.0091        
 4750.500 -0.0035        
 4750.520 -0.0032        
 4750.540 -0.0083        
 4750.560 -0.0171        
 4750.580 -0.0270        
 4750.600 -0.0355        
 4750.620 -0.0408        
 4750.640 -0.0423        
 4750.660 -0.0408        
 4750.680 -0.0373        
 4750.700 -0.0332        
 4750.720 -0.0292        
 4750.740 -0.0256        
 4750.760 -0.0226        
 4750.780 -0.0201        
 4750.800 -0.0185        
 4750.820 -0.0182        
 4750.840 -0.0194        
 4750.860 -0.0220        
 4750.880 -0.0252        
 4750.900 -0.0282        
 4750.920 -0.0304        
 4750.940 -0.0316        
 4750.960 -0.0323        
 4750.980 -0.0336        
 4751.000 -0.0361        
 4751.020 -0.0400        
 4751.040 -0.0442        
 4751.060 -0.0470        
 4751.080 -0.0467        
 4751.100 -0.0424        
 4751.120 -0.0342        
 4751.140 -0.0239        
 4751.160 -0.0138        
 4751.180 -0.0062        
 4751.200 -0.0022        
 4751.220 -0.0017        
 4751.240 -0.0035        
 4751.260 -0.0059        
 4751.280 -0.0081        
 4751.300 -0.0100        
 4751.320 -0.0127        
 4751.340 -0.0176        
 4751.360 -0.0252        
 4751.380 -0.0348        
 4751.400 -0.0445        
 4751.420 -0.0510        
 4751.440 -0.0517        
 4751.460 -0.0454        
 4751.480 -0.0331        
 4751.500 -0.0180        
 4751.520 -0.0043        
 4751.540  0.0040        
 4751.560  0.0047        
 4751.580 -0.0019        
 4751.600 -0.0133        
 4751.620 -0.0258        
 4751.640 -0.0357        
 4751.660 -0.0408        
 4751.680 -0.0405        
 4751.700 -0.0365        
 4751.720 -0.0312        
 4751.740 -0.0273        
 4751.760 -0.0264        
 4751.780 -0.0288        
 4751.800 -0.0336        
 4751.820 -0.0389        
 4751.840 -0.0431        
 4751.860 -0.0451        
 4751.880 -0.0448        
 4751.900 -0.0427        
 4751.920 -0.0402        
 4751.940 -0.0380        
 4751.960 -0.0370        
 4751.980 -0.0368        
 4752.000 -0.0369        
 4752.020 -0.0364        
 4752.040 -0.0345        
 4752.060 -0.0309        
 4752.080 -0.0256        
 4752.100 -0.0191        
 4752.120 -0.0126        
 4752.140 -0.0070        
 4752.160 -0.0033        
 4752.180 -0.0020        
 4752.200 -0.0033        
 4752.220 -0.0065        
 4752.240 -0.0109        
 4752.260 -0.0154        
 4752.280 -0.0189        
 4752.300 -0.0205        
 4752.320 -0.0201        
 4752.340 -0.0179        
 4752.360 -0.0147        
 4752.380 -0.0116        
 4752.400 -0.0098        
 4752.420 -0.0100        
 4752.440 -0.0124        
 4752.460 -0.0167        
 4752.480 -0.0222        
 4752.500 -0.0279        
 4752.520 -0.0331        
 4752.540 -0.0375        
 4752.560 -0.0408        
 4752.580 -0.0434        
 4752.600 -0.0456        
 4752.620 -0.0477        
 4752.640 -0.0497        
 4752.660 -0.0515        
 4752.680 -0.0527        
 4752.700 -0.0530        
 4752.720 -0.0523        
 4752.740 -0.0504        
 4752.760 -0.0476        
 4752.780 -0.0443        
 4752.800 -0.0408        
 4752.820 -0.0376        
 4752.840 -0.0349        
 4752.860 -0.0329        
 4752.880 -0.0318        
 4752.900 -0.0318        
 4752.920 -0.0328        
 4752.940 -0.0349        
 4752.960 -0.0378        
 4752.980  0.0000        
 4753.000  0.0000        
