           1.0400  1.0000
          -0.1400  0.0000
 4797.000  0.7872  0.8392
 4797.020  0.7499  0.7966
 4797.040 -1.0000  0.7247
 4797.060 -1.0000  0.6277
 4797.080 -1.0000  0.5173
 4797.100 -1.0000  0.6967
 4797.120 -1.0000  0.7970
 4797.140  0.6835  0.8656
 4797.160  0.6911  0.9086
 4797.180  0.7061  0.9250
 4797.200  0.7241  0.9427
 4797.220  0.7423  0.9511
 4797.240  0.7602  0.9597
 4797.260  0.7790  0.9668
 4797.280  0.7999  0.9693
 4797.300  0.8237  0.9737
 4797.320  0.8504  0.9778
 4797.340  0.8780  0.9756
 4797.360  0.9032  0.9754
 4797.380  0.9235  0.9712
 4797.400  0.9388  0.9693
 4797.420  0.9518  0.9661
 4797.440  0.9650  0.9611
 4797.460  0.9784  0.9578
 4797.480  0.9907  0.9610
 4797.500  1.0006  0.9633
 4797.520  1.0064  0.9681
 4797.540  1.0075  0.9722
 4797.560  1.0046  0.9756
 4797.580  0.9999  0.9744
 4797.600  0.9955  0.9676
 4797.620  0.9934  0.9548
 4797.640  0.9944  0.9390
 4797.660  0.9978  0.9243
 4797.680  1.0019  0.9215
 4797.700  1.0058  0.9284
 4797.720  1.0092  0.9430
 4797.740  1.0118  0.9603
 4797.760  1.0137  0.9746
 4797.780  1.0161  0.9808
 4797.800  1.0196  0.9773
 4797.820  1.0242  0.9674
 4797.840  1.0283  0.9569
 4797.860  1.0301  0.9516
 4797.880  1.0280  0.9536
 4797.900  1.0220  0.9593
 4797.920  1.0136  0.9604
 4797.940  1.0051  0.9469
 4797.960  0.9993  0.9121
 4797.980  0.9981  0.8562
 4798.000  1.0026  0.7882
 4798.020  1.0119  0.7231
 4798.040  1.0225  0.6779
 4798.060  1.0298  0.6652
 4798.080  1.0307  0.6888
 4798.100  1.0255  0.7418
 4798.120  1.0176  0.8097
 4798.140  1.0108  0.8756
 4798.160  1.0077  0.9260
 4798.180  1.0087  0.9550
 4798.200  1.0123  0.9646
 4798.220  1.0159  0.9619
 4798.240  1.0165  0.9551
 4798.260  1.0123  0.9496
 4798.280  1.0032  0.9465
 4798.300  0.9913  0.9439
 4798.320  0.9796  0.9392
 4798.340  0.9710  0.9323
 4798.360  0.9673  0.9257
 4798.380  0.9683  0.9240
 4798.400  0.9722  0.9307
 4798.420  0.9763  0.9460
 4798.440  0.9787  0.9658
 4798.460  0.9783  0.9832
 4798.480  0.9755  0.9915
 4798.500  0.9710  0.9881
 4798.520  0.9654  0.9753
 4798.540  0.9586  0.9601
 4798.560  0.9496  0.9502
 4798.580  0.9374  0.9502
 4798.600  0.9216  0.9585
 4798.620  0.9026  0.9677
 4798.640  0.8821  0.9669
 4798.660  0.8618  0.9473
 4798.680  0.8438  0.9057
 4798.700  0.8295  0.8479
 4798.720  0.8195  0.7864
 4798.740  0.8131  0.7367
 4798.760  0.8086  0.7119
 4798.780  0.8042  0.7182
 4798.800  0.7995  0.7530
 4798.820  0.7960  0.8059
 4798.840  0.7969  0.8630
 4798.860  0.8051  0.9112
 4798.880  0.8225  0.9421
 4798.900  0.8488  0.9536
 4798.920  0.8815  0.9492
 4798.940  0.9155  0.9357
 4798.960  0.9450  0.9208
 4798.980  0.9649  0.9102
 4799.000  0.9737  0.9068
 4799.020  0.9739  0.9104
 4799.040  0.9710  0.9186
 4799.060  0.9710  0.9282
 4799.080  0.9774  0.9361
 4799.100  0.9903  0.9406
 4799.120  1.0059  0.9414
 4799.140  1.0187  0.9400
 4799.160  1.0232  0.9388
 4799.180  1.0170  0.9400
 4799.200  1.0015  0.9450
 4799.220  0.9817  0.9535
 4799.240  0.9644  0.9636
 4799.260  0.9552  0.9726
 4799.280  0.9563  0.9782
 4799.300  0.9663  0.9796
 4799.320  0.9805  0.9778
 4799.340  0.9934  0.9751
 4799.360  1.0002  0.9739
 4799.380  0.9993  0.9751
 4799.400  0.9926  0.9775
 4799.420  0.9842  0.9784
 4799.440  0.9787  0.9754
 4799.460  0.9792  0.9675
 4799.480  0.9855  0.9565
 4799.500  0.9950  0.9460
 4799.520  1.0033  0.9395
 4799.540  1.0065  0.9379
 4799.560  1.0030  0.9376
 4799.580  0.9938  0.9315
 4799.600  0.9821  0.9115
 4799.620  0.9712  0.8729
 4799.640  0.9638  0.8175
 4799.660  0.9606  0.7555
 4799.680  0.9602  0.7022
 4799.700  0.9596  0.6735
 4799.720  0.9565  0.6795
 4799.740  0.9503  0.7203
 4799.760  0.9429  0.7856
 4799.780  0.9370  0.8582
 4799.800  0.9340  0.9202
 4799.820  0.9336  0.9597
 4799.840  0.9341  0.9743
 4799.860  0.9333  0.9708
 4799.880  0.9292  0.9610
 4799.900  0.9212  0.9559
 4799.920  0.9109  0.9609
 4799.940  0.9015  0.9744
 4799.960  0.8965  0.9895
 4799.980  0.8979  0.9984
 4800.000  0.9064  0.9969
 4800.020  0.9202  0.9865
 4800.040  0.9363  0.9734
 4800.060  0.9513  0.9649
 4800.080  0.9622  0.9656
 4800.100  0.9680  0.9746
 4800.120  0.9696  0.9863
 4800.140  0.9691  0.9936
 4800.160  0.9683  0.9916
 4800.180  0.9684  0.9806
 4800.200  0.9693  0.9659
 4800.220  0.9701  0.9549
 4800.240  0.9702  0.9527
 4800.260  0.9694  0.9583
 4800.280  0.9682  0.9647
 4800.300  0.9678  0.9610
 4800.320  0.9691  0.9373
 4800.340  0.9723  0.8905
 4800.360  0.9769  0.8262
 4800.380  0.9812  0.7579
 4800.400  0.9836  0.7028
 4800.420  0.9830  0.6754
 4800.440  0.9802  0.6825
 4800.460  0.9774  0.7211
 4800.480  0.9766  0.7800
 4800.500  0.9783  0.8440
 4800.520  0.9817  0.8995
 4800.540  0.9849  0.9379
 4800.560  0.9860  0.9580
 4800.580  0.9837  0.9639
 4800.600  0.9776  0.9626
 4800.620  0.9688  0.9606
 4800.640  0.9594  0.9614
 4800.660  0.9512  0.9658
 4800.680  0.9457  0.9722
 4800.700  0.9429  0.9783
 4800.720  0.9418  0.9823
 4800.740  0.9412  0.9840
 4800.760  0.9399  0.9838
 4800.780  0.9378  0.9828
 4800.800  0.9355  0.9818
 4800.820  0.9343  0.9812
 4800.840  0.9353  0.9808
 4800.860  0.9394  0.9804
 4800.880  0.9464  0.9793
 4800.900  0.9554  0.9769
 4800.920  0.9652  0.9724
 4800.940  0.9744  0.9648
 4800.960  0.9823  0.9538
 4800.980  0.9884  0.9396
 4801.000  0.9931  0.9239
 4801.020  0.9969  0.9090
 4801.040  1.0006  0.8981
 4801.060  1.0049  0.8937
 4801.080  1.0098  0.8970
 4801.100  1.0151  0.9072
 4801.120  1.0202  0.9214
 4801.140  1.0244  0.9351
 4801.160  1.0273  0.9433
 4801.180  1.0287  0.9410
 4801.200  1.0291  0.9250
 4801.220  1.0294  0.8946
 4801.240  1.0306  0.8521
 4801.260  1.0334  0.8035
 4801.280  1.0380  0.7572
 4801.300  1.0430  0.7229
 4801.320  1.0463  0.7091
 4801.340  1.0459  0.7204
 4801.360  1.0411  0.7559
 4801.380  1.0332  0.8088
 4801.400  1.0246  0.8677
 4801.420  1.0173  0.9202
 4801.440  1.0127  0.9566
 4801.460  1.0107  0.9731
 4801.480  1.0102  0.9728
 4801.500  1.0094  0.9639
 4801.520  1.0065  0.9559
 4801.540  1.0007  0.9558
 4801.560  0.9925  0.9648
 4801.580  0.9839  0.9785
 4801.600  0.9766  0.9887
 4801.620  0.9719  0.9881
 4801.640  0.9697  0.9739
 4801.660  0.9686  0.9497
 4801.680  0.9665  0.9239
 4801.700  0.9622  0.9063
 4801.720  0.9558  0.9038
 4801.740  0.9495  0.9169
 4801.760  0.9462  0.9395
 4801.780  0.9484  0.9618
 4801.800  0.9565  0.9749
 4801.820  0.9688  0.9742
 4801.840  0.9814  0.9620
 4801.860  0.9897  0.9458
 4801.880  0.9899  0.9345
 4801.900  0.9813  0.9339
 4801.920  0.9667  0.9436
 4801.940  0.9515  0.9569
 4801.960  0.9411  0.9636
 4801.980  0.9389  0.9545
 4802.000  0.9445  0.9260
 4802.020  0.9542  0.8817
 4802.040  0.9610  0.8320
 4802.060  0.9573  0.7898
 4802.080  0.9384  0.7667
 4802.100  0.9057  0.7683
 4802.120  0.8673  0.7934
 4802.140  0.8335  0.8346
 4802.160  0.8122  0.8815
 4802.180  0.8065  0.9243
 4802.200  0.8150  0.9560
 4802.220  0.8335  0.9739
 4802.240  0.8567  0.9789
 4802.260  0.8796  0.9741
 4802.280  0.8988  0.9632
 4802.300  0.9130  0.9497
 4802.320  0.9232  0.9366
 4802.340  0.9314  0.9262
 4802.360  0.9397  0.9205
 4802.380  0.9491  0.9210
 4802.400  0.9593  0.9279
 4802.420  0.9686  0.9401
 4802.440  0.9753  0.9550
 4802.460  0.9785  0.9695
 4802.480  0.9782  0.9805
 4802.500  0.9753  0.9866
 4802.520  0.9714  0.9877
 4802.540  0.9680  0.9855
 4802.560  0.9661  0.9823
 4802.580  0.9660  0.9798
 4802.600  0.9675  0.9788
 4802.620  0.9701  0.9786
 4802.640  0.9732  0.9778
 4802.660  0.9761  0.9753
 4802.680  0.9781  0.9709
 4802.700  0.9787  0.9656
 4802.720  0.9770  0.9614
 4802.740  0.9723  0.9601
 4802.760  0.9639  0.9621
 4802.780  0.9519  0.9658
 4802.800  0.9367  0.9677
 4802.820  0.9194  0.9629
 4802.840  0.9014  0.9475
 4802.860  0.8843  0.9196
 4802.880  0.8699  0.8809
 4802.900  0.8602  0.8372
 4802.920  0.8568  0.7966
 4802.940  0.8603  0.7682
 4802.960  0.8700  0.7586
 4802.980  0.8834  0.7704
 4803.000  0.8975  0.8009
 4803.020  0.9099  0.8428
 4803.040  0.9195  0.8863
 4803.060  0.9265  0.9229
 4803.080  0.9318  0.9470
 4803.100  0.9363  0.9583
 4803.120  0.9404  0.9609
 4803.140  0.9439  0.9606
 4803.160  0.9460  0.9626
 4803.180  0.9454  0.9683
 4803.200  0.9411  0.9752
 4803.220  0.9322  0.9778
 4803.240  0.9185  0.9705
 4803.260  0.9003  0.9510
 4803.280  0.8784  0.9221
 4803.300  0.8547  0.8909
 4803.320  0.8323  0.8669
 4803.340  0.8145  0.8576
 4803.360  0.8041  0.8657
 4803.380  0.8027  0.8876
 4803.400  0.8097  0.9154
 4803.420  0.8237  0.9398
 4803.440  0.8429  0.9541
 4803.460  0.8652  0.9570
 4803.480  0.8885  0.9524
 4803.500  0.9103  0.9470
 4803.520  0.9281  0.9463
 4803.540  0.9406  0.9520
 4803.560  0.9477  0.9598
 4803.580  0.9513  0.9622
 4803.600  0.9542  0.9514
 4803.620  0.9594  0.9235
 4803.640  0.9694  0.8813
 4803.660  0.9848  0.8339
 4803.680  1.0037  0.7934
 4803.700  1.0216  0.7711
 4803.720  1.0334  0.7730
 4803.740  1.0356  0.7978
 4803.760  1.0282  0.8382
 4803.780  1.0143  0.8832
 4803.800  0.9980  0.9228
 4803.820  0.9832  0.9507
 4803.840  0.9727  0.9656
 4803.860  0.9678  0.9705
 4803.880  0.9682  0.9704
 4803.900  0.9728  0.9697
 4803.920  0.9791  0.9710
 4803.940  0.9852  0.9744
 4803.960  0.9895  0.9786
 4803.980  0.9916  0.9821
 4804.000  0.9919  0.9840
 4804.020  0.9915  0.9845
 4804.040  0.9917  0.9843
 4804.060  0.9930  0.9842
 4804.080  0.9955  0.9844
 4804.100  0.9983  0.9850
 4804.120  1.0002  0.9857
 4804.140  0.9998  0.9862
 4804.160  0.9963  0.9863
 4804.180  0.9898  0.9854
 4804.200  0.9814  0.9824
 4804.220  0.9731  0.9760
 4804.240  0.9670  0.9653
 4804.260  0.9654  0.9506
 4804.280  0.9692  0.9344
 4804.300  0.9784  0.9205
 4804.320  0.9911  0.9138
 4804.340  1.0042  0.9172
 4804.360  1.0144  0.9306
 4804.380  1.0197  0.9499
 4804.400  1.0198  0.9676
 4804.420  1.0159  0.9757
 4804.440  1.0102  0.9685
 4804.460  1.0052  0.9453
 4804.480  1.0028  0.9112
 4804.500  1.0035  0.8755
 4804.520  1.0064  0.8488
 4804.540  1.0089  0.8390
 4804.560  1.0084  0.8486
 4804.580  1.0031  0.8741
 4804.600  0.9931  0.9072
 4804.620  0.9801  0.9386
 4804.640  0.9666  0.9606
 4804.660  0.9550  0.9700
 4804.680  0.9468  0.9685
 4804.700  0.9425  0.9610
 4804.720  0.9416  0.9532
 4804.740  0.9421  0.9497
 4804.760  0.9421  0.9517
 4804.780  0.9400  0.9577
 4804.800  0.9354  0.9644
 4804.820  0.9292  0.9686
 4804.840  0.9232  0.9680
 4804.860  0.9191  0.9625
 4804.880  0.9185  0.9536
 4804.900  0.9220  0.9438
 4804.920  0.9293  0.9353
 4804.940  0.9391  0.9301
 4804.960  0.9497  0.9294
 4804.980  0.9592  0.9334
 4805.000  0.9663  0.9420
 4805.020  0.9702  0.9543
 4805.040  0.9705  0.9686
 4805.060  0.9676  0.9828
 4805.080  0.9621  0.9944
 4805.100  0.9548  1.0015
 4805.120  0.9466  1.0028
 4805.140  0.9384  0.9984
 4805.160  0.9304  0.9896
 4805.180  0.9225  0.9782
 4805.200  0.9134  0.9656
 4805.220  0.9017  0.9522
 4805.240  0.8856  0.9371
 4805.260  0.8641  0.9187
 4805.280  0.8375  0.8960
 4805.300  0.8075  0.8692
 4805.320  0.7778  0.8412
 4805.340  0.7529  0.8166
 4805.360  0.7371  0.8008
 4805.380  0.7323  0.7980
 4805.400  0.7373  0.8097
 4805.420  0.7480  0.8339
 4805.440  0.7596  0.8650
 4805.460  0.7681  0.8959
 4805.480  0.7724  0.9198
 4805.500  0.7734  0.9330
 4805.520  0.7740  0.9351
 4805.540  0.7773  0.9295
 4805.560  0.7860  0.9219
 4805.580  0.8009  0.9179
 4805.600  0.8206  0.9212
 4805.620  0.8423  0.9323
 4805.640  0.8626  0.9487
 4805.660  0.8793  0.9661
 4805.680  0.8918  0.9801
 4805.700  0.9011  0.9881
 4805.720  0.9090  0.9896
 4805.740  0.9175  0.9869
 4805.760  0.9279  0.9829
 4805.780  0.9405  0.9805
 4805.800  0.9545  0.9812
 4805.820  0.9683  0.9845
 4805.840  0.9803  0.9886
 4805.860  0.9892  0.9916
 4805.880  0.9947  0.9921
 4805.900  0.9969  0.9900
 4805.920  0.9968  0.9865
 4805.940  0.9954  0.9832
 4805.960  0.9940  0.9812
 4805.980  0.9932  0.9804
 4806.000  0.9931  0.9796
 4806.020  0.9931  0.9766
 4806.040  0.9925  0.9700
 4806.060  0.9904  0.9591
 4806.080  0.9864  0.9448
 4806.100  0.9811  0.9290
 4806.120  0.9756  0.9145
 4806.140  0.9718  0.9033
 4806.160  0.9711  0.8969
 4806.180  0.9741  0.8954
 4806.200  0.9802  0.8985
 4806.220  0.9876  0.9055
 4806.240  0.9938  0.9154
 4806.260  0.9968  0.9278
 4806.280  0.9956  0.9417
 4806.300  0.9905  0.9560
 4806.320  0.9828  0.9692
 4806.340  0.9742  0.9797
 4806.360  0.9661  0.9862
 4806.380  0.9590  0.9887
 4806.400  0.9522  0.9879
 4806.420  0.9447  0.9855
 4806.440  0.9351  0.9834
 4806.460  0.9224  0.9826
 4806.480  0.9066  0.9835
 4806.500  0.8888  0.9852
 4806.520  0.8703  0.9864
 4806.540  0.8529  0.9862
 4806.560  0.8382  0.9845
 4806.580  0.8274  0.9821
 4806.600  0.8210  0.9806
 4806.620  0.8190  0.9810
 4806.640  0.8208  0.9838
 4806.660  0.8255  0.9878
 4806.680  0.8320  0.9913
 4806.700  0.8393  0.9921
 4806.720  0.8469  0.9887
 4806.740  0.8547  0.9808
 4806.760  0.8634  0.9696
 4806.780  0.8737  0.9571
 4806.800  0.8866  0.9462
 4806.820  0.9025  0.9390
 4806.840  0.9208  0.9368
 4806.860  0.9401  0.9401
 4806.880  0.9583  0.9478
 4806.900  0.9734  0.9584
 4806.920  0.9843  0.9696
 4806.940  0.9909  0.9793
 4806.960  0.9942  0.9857
 4806.980  0.9957  0.9881
 4807.000  0.9964  0.9869
 4807.020  0.9967  0.9836
 4807.040  0.9958  0.9799
 4807.060  0.9924  0.9778
 4807.080  0.9849  0.9775
 4807.100  0.9725  0.9785
 4807.120  0.9555  0.9787
 4807.140  0.9354  0.9763
 4807.160  0.9141  0.9704
 4807.180  0.8941  0.9622
 4807.200  0.8770  0.9545
 4807.220  0.8641  0.9508
 4807.240  0.8558  0.9530
 4807.260  0.8523  0.9598
 4807.280  0.8535  0.9664
 4807.300  0.8596  0.9654
 4807.320  0.8711  0.9496
 4807.340  0.8886  0.9155
 4807.360  0.9121  0.8657
 4807.380  0.9398  0.8093
 4807.400  0.9675  0.7595
 4807.420  0.9891  0.7294
 4807.440  0.9991  0.7276
 4807.460  0.9954  0.7545
 4807.480  0.9808  0.8017
 4807.500  0.9604  0.8551
 4807.520  0.9389  0.8990
 4807.540  0.9190  0.9216
 4807.560  0.9016  0.9188
 4807.580  0.8865  0.8945
 4807.600  0.8736  0.8594
 4807.620  0.8636  0.8261
 4807.640  0.8578  0.8055
 4807.660  0.8576  0.8034
 4807.680  0.8635  0.8195
 4807.700  0.8747  0.8486
 4807.720  0.8893  0.8831
 4807.740  0.9048  0.9159
 4807.760  0.9193  0.9421
 4807.780  0.9317  0.9599
 4807.800  0.9415  0.9699
 4807.820  0.9492  0.9745
 4807.840  0.9558  0.9765
 4807.860  0.9621  0.9779
 4807.880  0.9686  0.9799
 4807.900  0.9752  0.9825
 4807.920  0.9811  0.9847
 4807.940  0.9855  0.9848
 4807.960  0.9877  0.9814
 4807.980  0.9874  0.9736
 4808.000  0.9843  0.9621
 4808.020  0.9785  0.9489
 4808.040  0.9698  0.9376
 4808.060  0.9583  0.9314
 4808.080  0.9438  0.9327
 4808.100  0.9265  0.9417
 4808.120  0.9069  0.9562
 4808.140  0.8857  0.9722
 4808.160  0.8636  0.9853
 4808.180  0.8412  0.9928
 4808.200  0.8195  0.9939
 4808.220  0.7994  0.9905
 4808.240  0.7824  0.9860
 4808.260  0.7701  0.9833
 4808.280  0.7641  0.9840
 4808.300  0.7656  0.9876
 4808.320  0.7749  0.9921
 4808.340  0.7912  0.9951
 4808.360  0.8128  0.9951
 4808.380  0.8373  0.9924
 4808.400  0.8621  0.9887
 4808.420  0.8846  0.9860
 4808.440  0.9031  0.9858
 4808.460  0.9168  0.9881
 4808.480  0.9264  0.9917
 4808.500  0.9333  0.9944
 4808.520  0.9391  0.9947
 4808.540  0.9449  0.9918
 4808.560  0.9514  0.9862
 4808.580  0.9587  0.9788
 4808.600  0.9664  0.9708
 4808.620  0.9738  0.9632
 4808.640  0.9803  0.9564
 4808.660  0.9852  0.9512
 4808.680  0.9882  0.9487
 4808.700  0.9889  0.9500
 4808.720  0.9878  0.9558
 4808.740  0.9856  0.9655
 4808.760  0.9835  0.9768
 4808.780  0.9825  0.9864
 4808.800  0.9832  0.9912
 4808.820  0.9854  0.9898
 4808.840  0.9875  0.9833
 4808.860  0.9872  0.9752
 4808.880  0.9824  0.9700
 4808.900  0.9717  0.9703
 4808.920  0.9557  0.9761
 4808.940  0.9362  0.9840
 4808.960  0.9159  0.9890
 4808.980  0.8973  0.9870
 4809.000  0.8816  0.9776
 4809.020  0.8689  0.9642
 4809.040  0.8582  0.9531
 4809.060  0.8481  0.9501
 4809.080  0.8380  0.9571
 4809.100  0.8279  0.9706
 4809.120  0.8191  0.9824
 4809.140  0.8133  0.9836
 4809.160  0.8118  0.9687
 4809.180  0.8154  0.9394
 4809.200  0.8238  0.9041
 4809.220  0.8350  0.8752
 4809.240  0.8464  0.8630
 4809.260  0.8554  0.8708
 4809.280  0.8612  0.8923
 4809.300  0.8650  0.9141
 4809.320  0.8694  0.9204
 4809.340  0.8775  0.9010
 4809.360  0.8916  0.8554
 4809.380  0.9125  0.7947
 4809.400  0.9380  0.7372
 4809.420  0.9627  0.7017
 4809.440  0.9799  0.7005
 4809.460  0.9856  0.7345
 4809.480  0.9804  0.7938
 4809.500  0.9680  0.8615
 4809.520  0.9528  0.9203
 4809.540  0.9377  0.9589
 4809.560  0.9237  0.9747
 4809.580  0.9114  0.9730
 4809.600  0.9013  0.9634
 4809.620  0.8941  0.9551
 4809.640  0.8910  0.9535
 4809.660  0.8928  0.9590
 4809.680  0.8998  0.9680
 4809.700  0.9111  0.9759
 4809.720  0.9255  0.9793
 4809.740  0.9409  0.9774
 4809.760  0.9553  0.9714
 4809.780  0.9669  0.9640
 4809.800  0.9751  0.9573
 4809.820  0.9798  0.9524
 4809.840  0.9819  0.9494
 4809.860  0.9827  0.9476
 4809.880  0.9835  0.9459
 4809.900  0.9848  0.9432
 4809.920  0.9867  0.9384
 4809.940  0.9888  0.9306
 4809.960  0.9902  0.9195
 4809.980  0.9903  0.9064
 4810.000  0.9884  0.8939
 4810.020  0.9844  0.8863
 4810.040  0.9790  0.8874
 4810.060  0.9734  0.8994
 4810.080  0.9692  0.9211
 4810.100  0.9679  0.9480
 4810.120  0.9699  0.9729
 4810.140  0.9749  0.9896
 4810.160  0.9817  0.9947
 4810.180  0.9883  0.9894
 4810.200  0.9926  0.9790
 4810.220  0.9932  0.9703
 4810.240  0.9899  0.9685
 4810.260  0.9839  0.9746
 4810.280  0.9777  0.9852
 4810.300  0.9737  0.9941
 4810.320  0.9736  0.9957
 4810.340  0.9778  0.9876
 4810.360  0.9854  0.9719
 4810.380  0.9945  0.9541
 4810.400  1.0033  0.9404
 4810.420  1.0103  0.9344
 4810.440  1.0152  0.9360
 4810.460  1.0185  0.9418
 4810.480  1.0211  0.9473
 4810.500  1.0238  0.9500
 4810.520  1.0263  0.9504
 4810.540  1.0281  0.9519
 4810.560  1.0285  0.9576
 4810.580  1.0273  0.9682
 4810.600  1.0254  0.9803
 4810.620  1.0237  0.9871
 4810.640  1.0231  0.9818
 4810.660  1.0237  0.9610
 4810.680  1.0246  0.9273
 4810.700  1.0244  0.8890
 4810.720  1.0215  0.8571
 4810.740  1.0155  0.8408
 4810.760  1.0076  0.8442
 4810.780  1.0004  0.8644
 4810.800  0.9964  0.8935
 4810.820  0.9972  0.9224
 4810.840  1.0025  0.9447
 4810.860  1.0107  0.9582
 4810.880  1.0194  0.9652
 4810.900  1.0264  0.9695
 4810.920  1.0300  0.9734
 4810.940  1.0296  0.9766
 4810.960  1.0251  0.9765
 4810.980  1.0172  0.9708
 4811.000  1.0061  0.9596
 4811.020  0.9923  0.9466
 4811.040  0.9769  0.9377
 4811.060  0.9621  0.9378
 4811.080  0.9508  0.9478
 4811.100  0.9459  0.9639
 4811.120  0.9496  0.9784
 4811.140  0.9617  0.9843
 4811.160  0.9803  0.9787
 4811.180  1.0015  0.9647
 4811.200  1.0203  0.9499
 4811.220  1.0318  0.9420
 4811.240  1.0339  0.9439
 4811.260  1.0276  0.9511
 4811.280  1.0168  0.9522
 4811.300  1.0062  0.9346
 4811.320  0.9994  0.8903
 4811.340  0.9982  0.8215
 4811.360  1.0011  0.7412
 4811.380  1.0040  0.6684
 4811.400  1.0013  0.6213
 4811.420  0.9890  0.6097
 4811.440  0.9680  0.6307
 4811.460  0.9429  0.6711
 4811.480  0.9189  0.7129
 4811.500  0.8993  0.7416
 4811.520  0.8852  0.7519
 4811.540  0.8761  0.7493
 4811.560  0.8713  0.7462
 4811.580  0.8695  0.7551
 4811.600  0.8697  0.7826
 4811.620  0.8710  0.8261
 4811.640  0.8729  0.8756
 4811.660  0.8752  0.9188
 4811.680  0.8782  0.9465
 4811.700  0.8821  0.9567
 4811.720  0.8871  0.9542
 4811.740  0.8930  0.9475
 4811.760  0.8993  0.9444
 4811.780  0.9052  0.9481
 4811.800  0.9098  0.9571
 4811.820  0.9127  0.9668
 4811.840  0.9140  0.9731
 4811.860  0.9146  0.9746
 4811.880  0.9160  0.9733
 4811.900  0.9203  0.9726
 4811.920  0.9289  0.9749
 4811.940  0.9427  0.9797
 4811.960  0.9612  0.9842
 4811.980  0.9826  0.9848
 4812.000  1.0042  0.9801
 4812.020  1.0231  0.9717
 4812.040  1.0368  0.9638
 4812.060  1.0441  0.9603
 4812.080  1.0454  0.9619
 4812.100  1.0428  0.9645
 4812.120  1.0388  0.9604
 4812.140  1.0357  0.9423
 4812.160  1.0346  0.9073
 4812.180  1.0354  0.8596
 4812.200  1.0369  0.8103
 4812.220  1.0377  0.7733
 4812.240  1.0366  0.7598
 4812.260  1.0332  0.7739
 4812.280  1.0280  0.8109
 4812.300  1.0215  0.8590
 4812.320  1.0140  0.9052
 4812.340  1.0052  0.9394
 4812.360  0.9954  0.9580
 4812.380  0.9853  0.9642
 4812.400  0.9762  0.9644
 4812.420  0.9699  0.9649
 4812.440  0.9670  0.9683
 4812.460  0.9669  0.9736
 4812.480  0.9671  0.9776
 4812.500  0.9650  0.9779
 4812.520  0.9588  0.9745
 4812.540  0.9484  0.9700
 4812.560  0.9366  0.9680
 4812.580  0.9276  0.9701
 4812.600  0.9252  0.9754
 4812.620  0.9311  0.9799
 4812.640  0.9436  0.9798
 4812.660  0.9586  0.9730
 4812.680  0.9704  0.9611
 4812.700  0.9748  0.9488
 4812.720  0.9704  0.9403
 4812.740  0.9600  0.9376
 4812.760  0.9493  0.9378
 4812.780  0.9444  0.9350
 4812.800  0.9488  0.9225
 4812.820  0.9625  0.8968
 4812.840  0.9818  0.8605
 4812.860  0.9999  0.8209
 4812.880  1.0100  0.7874
 4812.900  1.0083  0.7670
 4812.920  0.9957  0.7610
 4812.940  0.9778  0.7647
 4812.960  0.9613  0.7696
 4812.980  0.9507  0.7683
 4813.000  0.9467  0.7579
 4813.020  0.9470  0.7417
 4813.040  0.9476  0.7276
 4813.060  0.9455  0.7238
 4813.080  0.9406  0.7351
 4813.100  0.9356  0.7610
 4813.120  0.9340  0.7960
 4813.140  0.9382  0.8331
 4813.160  0.9481  0.8664
 4813.180  0.9609  0.8932
 4813.200  0.9729  0.9125
 4813.220  0.9809  0.9234
 4813.240  0.9832  0.9221
 4813.260  0.9804  0.9023
 4813.280  0.9746  0.8580
 4813.300  0.9696  0.7880
 4813.320 -1.0000  0.6996
 4813.340 -1.0000  0.6089
 4813.360 -1.0000  0.5375
 4813.380 -1.0000  0.5049
 4813.400 -1.0000  0.5214
 4813.420 -1.0000  0.5832
 4813.440 -1.0000  0.6740
 4813.460 -1.0000  0.7705
 4813.480  0.9991  0.8513
 4813.500  1.0067  0.9041
 4813.520  1.0138  0.9285
 4813.540  1.0163  0.9335
 4813.560  1.0129  0.9306
 4813.580  1.0056  0.9275
 4813.600  0.9983  0.9240
 4813.620  0.9952  0.9138
 4813.640  0.9991  0.8895
 4813.660  1.0095  0.8485
 4813.680  1.0227  0.7975
 4813.700  1.0319  0.7506
 4813.720  1.0309  0.7240
 4813.740  1.0168  0.7291
 4813.760  0.9932  0.7662
 4813.780  0.9674  0.8245
 4813.800  0.9457  0.8863
 4813.820  0.9311  0.9339
 4813.840  0.9230  0.9576
 4813.860  0.9187  0.9581
 4813.880  0.9156  0.9455
 4813.900  0.9118  0.9330
 4813.920  0.9074  0.9310
 4813.940  0.9039  0.9420
 4813.960  0.9034  0.9611
 4813.980  0.9074  0.9792
 4814.000  0.9161  0.9887
 4814.020  0.9281  0.9869
 4814.040  0.9415  0.9776
 4814.060  0.9538  0.9680
 4814.080  0.9631  0.9644
 4814.100  0.9687  0.9692
 4814.120  0.9709  0.9794
 4814.140  0.9703  0.9888
 4814.160  0.9674  0.9918
 4814.180  0.9622  0.9865
 4814.200  0.9547  0.9758
 4814.220  0.9453  0.9650
 4814.240  0.9356  0.9594
 4814.260  0.9283  0.9603
 4814.280  0.9264  0.9652
 4814.300  0.9319  0.9687
 4814.320  0.9452  0.9660
 4814.340  0.9646  0.9560
 4814.360  0.9870  0.9418
 4814.380  1.0079  0.9287
 4814.400  1.0235  0.9209
 4814.420  1.0316  0.9182
 4814.440  1.0326  0.9152
 4814.460  1.0289  0.9036
 4814.480  1.0237  0.8763
 4814.500  1.0201  0.8324
 4814.520  1.0201  0.7787
 4814.540  1.0242  0.7288
 4814.560  1.0308  0.6978
 4814.580  1.0370  0.6969
 4814.600  1.0401  0.7284
 4814.620  1.0386  0.7846
 4814.640  1.0329  0.8506
 4814.660  1.0247  0.9102
 4814.680  1.0159  0.9510
 4814.700  1.0083  0.9687
 4814.720  1.0035  0.9675
 4814.740  1.0024  0.9569
 4814.760  1.0050  0.9473
 4814.780  1.0096  0.9454
 4814.800  1.0137  0.9526
 4814.820  1.0146  0.9649
 4814.840  1.0111  0.9759
 4814.860  1.0034  0.9796
 4814.880  0.9939  0.9738
 4814.900  0.9857  0.9605
 4814.920  0.9817  0.9449
 4814.940  0.9830  0.9331
 4814.960  0.9881  0.9294
 4814.980  0.9933  0.9340
 4815.000  0.9942  0.9428
 4815.020  0.9879  0.9483
 4815.040  0.9739  0.9420
 4815.060  0.9545  0.9183
 4815.080  0.9333  0.8765
 4815.100  0.9147  0.8221
 4815.120  0.9016  0.7654
 4815.140  0.8945  0.7183
 4815.160  0.8901  0.6891
 4815.180  0.8835  0.6796
 4815.200  0.8721  0.6827
 4815.220  0.8606  0.6851
 4815.240 -1.0000  0.6722
 4815.260 -1.0000  0.6348
 4815.280 -1.0000  0.5745
 4815.300 -1.0000  0.5047
 4815.320 -1.0000  0.4472
 4815.340 -1.0000  0.4243
 4815.360 -1.0000  0.4502
 4815.380 -1.0000  0.5250
 4815.400 -1.0000  0.6334
 4815.420 -1.0000  0.7500
 4815.440  0.9087  0.8487
 4815.460  0.9208  0.9114
 4815.480  0.9369  0.9346
 4815.500  0.9530  0.9286
 4815.520  0.9647  0.9118
 4815.540  0.9691  0.9021
 4815.560  0.9652  0.9090
 4815.580  0.9556  0.9312
 4815.600  0.9447  0.9585
 4815.620  0.9365  0.9784
 4815.640  0.9327  0.9828
 4815.660  0.9325  0.9724
 4815.680  0.9329  0.9551
 4815.700  0.9306  0.9421
 4815.720  0.9237  0.9409
 4815.740  0.9132  0.9519
 4815.760  0.9029  0.9682
 4815.780  0.8975  0.9799
 4815.800  0.9009  0.9796
 4815.820  0.9149  0.9668
 4815.840  0.9377  0.9483
 4815.860  0.9647  0.9339
 4815.880  0.9896  0.9305
 4815.900  1.0067  0.9372
 4815.920  1.0136  0.9445
 4815.940  1.0116  0.9380
 4815.960  1.0035  0.9062
 4815.980  0.9929  0.8469
 4816.000  0.9824  0.7702
 4816.020  0.9739  0.6962
 4816.040  0.9681  0.6471
 4816.060  0.9649  0.6385
 4816.080  0.9640  0.6731
 4816.100  0.9647  0.7395
 4816.120  0.9667  0.8173
 4816.140  0.9696  0.8851
 4816.160  0.9729  0.9290
 4816.180  0.9756  0.9467
 4816.200  0.9770  0.9462
 4816.220  0.9765  0.9404
 4816.240  0.9747  0.9405
 4816.260  0.9731  0.9505
 4816.280  0.9739  0.9667
 4816.300  0.9791  0.9808
 4816.320  0.9892  0.9855
 4816.340  1.0030  0.9784
 4816.360  1.0177  0.9639
 4816.380  1.0292  0.9504
 4816.400  1.0339  0.9455
 4816.420  1.0299  0.9518
 4816.440  1.0182  0.9642
 4816.460  1.0023  0.9723
 4816.480  0.9865  0.9646
 4816.500  0.9747  0.9339
 4816.520  0.9696  0.8810
 4816.540  0.9720  0.8151
 4816.560  0.9801  0.7512
 4816.580  0.9897  0.7043
 4816.600  0.9957  0.6851
 4816.620  0.9945  0.6968
 4816.640  0.9864  0.7345
 4816.660  0.9754  0.7882
 4816.680  0.9663  0.8455
 4816.700  0.9623  0.8961
 4816.720  0.9644  0.9331
 4816.740  0.9710  0.9547
 4816.760  0.9789  0.9624
 4816.780  0.9846  0.9607
 4816.800  0.9855  0.9544
 4816.820  0.9812  0.9483
 4816.840  0.9743  0.9453
 4816.860  0.9690  0.9468
 4816.880  0.9694  0.9519
 4816.900  0.9775  0.9582
 4816.920  0.9921  0.9627
 4816.940  1.0094  0.9628
 4816.960  1.0241  0.9577
 4816.980  1.0322  0.9482
 4817.000  1.0324  0.9371
 4817.020  1.0266  0.9273
 4817.040  1.0196  0.9208
 4817.060  1.0163  0.9168
 4817.080  1.0195  0.9113
 4817.100  1.0279  0.8978
 4817.120  1.0373  0.8689
 4817.140  1.0436  0.8190
 4817.160 -1.0000  0.7462
 4817.180 -1.0000  0.6544
 4817.200 -1.0000  0.5536
 4817.220 -1.0000  0.4584
 4817.240 -1.0000  0.3856
 4817.260 -1.0000  0.3504
 4817.280 -1.0000  0.3622
 4817.300 -1.0000  0.4220
 4817.320 -1.0000  0.5202
 4817.340 -1.0000  0.6383
 4817.360 -1.0000  0.7526
 4817.380  1.0303  0.8396
 4817.400  1.0203  0.8826
 4817.420  1.0078  0.8763
 4817.440  0.9967  0.8284
 4817.460  0.9884  0.7570
 4817.480  0.9816  0.6855
 4817.500  0.9734  0.6350
 4817.520  0.9619  0.6186
 4817.540  0.9481  0.6381
 4817.560  0.9352  0.6852
 4817.580  0.9268  0.7458
 4817.600  0.9245  0.8054
 4817.620  0.9280  0.8542
 4817.640  0.9352  0.8887
 4817.660  0.9440  0.9110
 4817.680  0.9527  0.9257
 4817.700  0.9612  0.9366
 4817.720  0.9704  0.9450
 4817.740  0.9814  0.9502
 4817.760  0.9947  0.9511
 4817.780  1.0086  0.9482
 4817.800  1.0199  0.9444
 4817.820  1.0251  0.9434
 4817.840  1.0219  0.9470
 4817.860  1.0111  0.9533
 4817.880  0.9961  0.9557
 4817.900  0.9823  0.9453
 4817.920  0.9743  0.9150
 4817.940  0.9746  0.8637
 4817.960  0.9828  0.7987
 4817.980  0.9949  0.7341
 4818.000  1.0043  0.6867
 4818.020  1.0051  0.6697
 4818.040  0.9964  0.6881
 4818.060  0.9824  0.7364
 4818.080  0.9698  0.8009
 4818.100  0.9634  0.8651
 4818.120  0.9643  0.9152
 4818.140  0.9705  0.9446
 4818.160  0.9784  0.9548
 4818.180  0.9846  0.9533
 4818.200  0.9868  0.9493
 4818.220  0.9849  0.9492
 4818.240  0.9802  0.9552
 4818.260  0.9745  0.9648
 4818.280  0.9684  0.9737
 4818.300  0.9609  0.9783
 4818.320  0.9497  0.9777
 4818.340  0.9331  0.9735
 4818.360  0.9114  0.9688
 4818.380  0.8876  0.9661
 4818.400  0.8667  0.9665
 4818.420  0.8540  0.9689
 4818.440  0.8527  0.9717
 4818.460  0.8628  0.9734
 4818.480  0.8809  0.9736
 4818.500  0.9020  0.9730
 4818.520  0.9211  0.9724
 4818.540  0.9356  0.9722
 4818.560  0.9454  0.9719
 4818.580  0.9526  0.9706
 4818.600  0.9598  0.9677
 4818.620  0.9687  0.9638
 4818.640  0.9791  0.9599
 4818.660  0.9892  0.9575
 4818.680  0.9971  0.9567
 4818.700  1.0020  0.9566
 4818.720  1.0051  0.9554
 4818.740  1.0088  0.9513
 4818.760  1.0152  0.9444
 4818.780  1.0244  0.9361
 4818.800  1.0342  0.9290
 4818.820  1.0405  0.9241
 4818.840  1.0395  0.9195
 4818.860  1.0297  0.9096
 4818.880  1.0136  0.8867
 4818.900  0.9967  0.8451
 4818.920  0.9845  0.7840
 4818.940 -1.0000  0.7105
 4818.960 -1.0000  0.6375
 4818.980 -1.0000  0.5797
 4819.000 -1.0000  0.5471
 4819.020 -1.0000  0.5401
 4819.040 -1.0000  0.5477
 4819.060 -1.0000  0.5514
 4819.080 -1.0000  0.5327
 4819.100 -1.0000  0.4818
 4819.120 -1.0000  0.4033
 4819.140 -1.0000  0.3167
 4819.160 -1.0000  0.2503
 4819.180 -1.0000  0.2310
 4819.200 -1.0000  0.2738
 4819.220 -1.0000  0.3749
 4819.240 -1.0000  0.5121
 4819.260 -1.0000  0.6521
 4819.280 -1.0000  0.7613
 4819.300  0.8714  0.8172
 4819.320  0.8622  0.8151
 4819.340  0.8540  0.7685
 4819.360  0.8510  0.7028
 4819.380  0.8532  0.6462
 4819.400  0.8569  0.6197
 4819.420  0.8583  0.6319
 4819.440  0.8558  0.6777
 4819.460  0.8506  0.7430
 4819.480  0.8457  0.8109
 4819.500  0.8437  0.8675
 4819.520  0.8462  0.9062
 4819.540  0.8538  0.9272
 4819.560  0.8662  0.9358
 4819.580  0.8825  0.9386
 4819.600  0.9018  0.9406
 4819.620  0.9228  0.9441
 4819.640  0.9444  0.9490
 4819.660  0.9653  0.9540
 4819.680  0.9839  0.9579
 4819.700  0.9983  0.9607
 4819.720  1.0066  0.9632
 4819.740  1.0074  0.9662
 4819.760  1.0005  0.9700
 4819.780  0.9869  0.9740
 4819.800  0.9685  0.9770
 4819.820  0.9472  0.9780
 4819.840  0.9252  0.9769
 4819.860  0.9038  0.9743
 4819.880  0.8839  0.9718
 4819.900  0.8663  0.9705
 4819.920  0.8517  0.9711
 4819.940  0.8410  0.9730
 4819.960  0.8349  0.9749
 4819.980  0.8335  0.9755
 4820.000  0.8364  0.9741
 4820.020  0.8425  0.9712
 4820.040  0.8499  0.9683
 4820.060  0.8573  0.9671
 4820.080  0.8641  0.9683
 4820.100  0.8707  0.9712
 4820.120  0.8787  0.9737
 4820.140  0.8900  0.9733
 4820.160  0.9056  0.9688
 4820.180  0.9249  0.9607
 4820.200  0.9455  0.9517
 4820.220  0.9632  0.9459
 4820.240  0.9741  0.9456
 4820.260  0.9759  0.9503
 4820.280  0.9695  0.9549
 4820.300  0.9583  0.9510
 4820.320  0.9473  0.9300
 4820.340  0.9417  0.8871
 4820.360  0.9451  0.8245
 4820.380  0.9587  0.7527
 4820.400  0.9794  0.6879
 4820.420  1.0000  0.6472
 4820.440  1.0120  0.6425
 4820.460  1.0115  0.6752
 4820.480  1.0010  0.7358
 4820.500  0.9873  0.8062
 4820.520  0.9771  0.8671
 4820.540  0.9734  0.9041
 4820.560  0.9762  0.9136
 4820.580  0.9821  0.9025
 4820.600  0.9865  0.8843
 4820.620  0.9849  0.8722
 4820.640  0.9754  0.8722
 4820.660  0.9597  0.8803
 4820.680  0.9428  0.8844
 4820.700  0.9298  0.8704
 4820.720  0.9251  0.8298
 4820.740  0.9302  0.7657
 4820.760  0.9433  0.6929
 4820.780  0.9585  0.6333
 4820.800  0.9674  0.6073
 4820.820  0.9641  0.6247
 4820.840  0.9492  0.6796
 4820.860  0.9291  0.7515
 4820.880  0.9107  0.8117
 4820.900  0.8985  0.8334
 4820.920 -1.0000  0.8005
 4820.940 -1.0000  0.7131
 4820.960 -1.0000  0.5870
 4820.980 -1.0000  0.4479
 4821.000 -1.0000  0.3236
 4821.020 -1.0000  0.2363
 4821.040 -1.0000  0.1980
 4821.060 -1.0000  0.2097
 4821.080 -1.0000  0.2639
 4821.100 -1.0000  0.3486
 4821.120 -1.0000  0.4501
 4821.140 -1.0000  0.5559
 4821.160 -1.0000  0.6554
 4821.180 -1.0000  0.7406
 4821.200  0.8075  0.8062
 4821.220  0.8062  0.8504
 4821.240  0.8037  0.8755
 4821.260  0.8011  0.8870
 4821.280  0.8015  0.8923
 4821.300  0.8073  0.8983
 4821.320  0.8195  0.9087
 4821.340  0.8371  0.9234
 4821.360  0.8583  0.9388
 4821.380  0.8807  0.9500
 4821.400  0.9024  0.9539
 4821.420  0.9219  0.9509
 4821.440  0.9382  0.9447
 4821.460  0.9506  0.9405
 4821.480  0.9588  0.9421
 4821.500  0.9632  0.9501
 4821.520  0.9645  0.9610
 4821.540  0.9631  0.9695
 4821.560  0.9592  0.9709
 4821.580  0.9519  0.9640
 4821.600  0.9404  0.9521
 4821.620  0.9243  0.9413
 4821.640  0.9043  0.9376
 4821.660  0.8831  0.9433
 4821.680  0.8644  0.9549
 4821.700  0.8517  0.9645
 4821.720  0.8472  0.9620
 4821.740  0.8515  0.9400
 4821.760  0.8638  0.8966
 4821.780  0.8814  0.8372
 4821.800  0.9004  0.7726
 4821.820  0.9158  0.7160
 4821.840  0.9238  0.6786
 4821.860  0.9235  0.6673
 4821.880  0.9177  0.6829
 4821.900  0.9116  0.7211
 4821.920  0.9091  0.7745
 4821.940  0.9118  0.8335
 4821.960  0.9184  0.8886
 4821.980  0.9263  0.9305
 4822.000  0.9329  0.9514
 4822.020  0.9359  0.9458
 4822.040  0.9338  0.9126
 4822.060  0.9252  0.8562
 4822.080  0.9096  0.7871
 4822.100  0.8870  0.7199
 4822.120  0.8595  0.6701
 4822.140  0.8320  0.6497
 4822.160  0.8102  0.6636
 4822.180  0.7985  0.7075
 4822.200  0.7982  0.7702
 4822.220  0.8077  0.8364
 4822.240  0.8239  0.8926
 4822.260  0.8438  0.9304
 4822.280  0.8644  0.9486
 4822.300  0.8831  0.9520
 4822.320  0.8979  0.9485
 4822.340  0.9080  0.9451
 4822.360  0.9142  0.9455
 4822.380  0.9187  0.9497
 4822.400  0.9240  0.9549
 4822.420  0.9317  0.9578
 4822.440  0.9418  0.9568
 4822.460  0.9530  0.9524
 4822.480  0.9632  0.9471
 4822.500  0.9710  0.9432
 4822.520  0.9763  0.9421
 4822.540  0.9803  0.9430
 4822.560  0.9850  0.9436
 4822.580  0.9914  0.9415
 4822.600  0.9989  0.9355
 4822.620  1.0056  0.9260
 4822.640  1.0087  0.9147
 4822.660  1.0068  0.9037
 4822.680  1.0010  0.8938
 4822.700  0.9951  0.8835
 4822.720  0.9941  0.8692
 4822.740  1.0000  0.8456
 4822.760  1.0086  0.8076
 4822.780 -1.0000  0.7520
 4822.800 -1.0000  0.6791
 4822.820 -1.0000  0.5930
 4822.840 -1.0000  0.5015
 4822.860 -1.0000  0.4148
 4822.880 -1.0000  0.3435
 4822.900 -1.0000  0.2969
 4822.920 -1.0000  0.2803
 4822.940 -1.0000  0.2946
 4822.960 -1.0000  0.3359
 4822.980 -1.0000  0.3969
 4823.000 -1.0000  0.4689
 4823.020 -1.0000  0.5444
 4823.040 -1.0000  0.6178
 4823.060 -1.0000  0.6862
 4823.080  1.0277  0.7478
 4823.100  1.0113  0.8006
 4823.120  0.9948  0.8403
 4823.140  0.9878  0.8613
 4823.160  0.9929  0.8578
 4823.180  1.0066  0.8278
 4823.200  1.0229  0.7757
 4823.220  1.0354  0.7131
 4823.240  1.0389  0.6570
 4823.260  1.0326  0.6247
 4823.280  1.0198  0.6277
 4823.300  1.0067  0.6668
 4823.320  0.9977  0.7302
 4823.340  0.9937  0.7974
 4823.360  0.9931  0.8453
 4823.380  0.9941  0.8571
 4823.400  0.9962  0.8287
 4823.420  1.0000  0.7703
 4823.440  1.0067  0.7032
 4823.460  1.0163  0.6520
 4823.480  1.0261  0.6354
 4823.500  1.0321  0.6604
 4823.520  1.0310  0.7194
 4823.540  1.0231  0.7949
 4823.560  1.0113  0.8656
 4823.580  0.9993  0.9151
 4823.600  0.9904  0.9366
 4823.620  0.9866  0.9343
 4823.640  0.9875  0.9198
 4823.660  0.9906  0.9064
 4823.680  0.9916  0.9033
 4823.700  0.9866  0.9129
 4823.720  0.9742  0.9312
 4823.740  0.9558  0.9504
 4823.760  0.9352  0.9638
 4823.780  0.9167  0.9682
 4823.800  0.9035  0.9654
 4823.820  0.8968  0.9600
 4823.840  0.8955  0.9568
 4823.860  0.8971  0.9583
 4823.880  0.8989  0.9640
 4823.900  0.8998  0.9707
 4823.920  0.9007  0.9749
 4823.940  0.9038  0.9747
 4823.960  0.9109  0.9707
 4823.980  0.9230  0.9657
 4824.000  0.9383  0.9628
 4824.020  0.9538  0.9639
 4824.040  0.9659  0.9686
 4824.060  0.9722  0.9746
 4824.080  0.9727  0.9789
 4824.100  0.9690  0.9795
 4824.120  0.9637  0.9762
 4824.140  0.9588  0.9706
 4824.160  0.9552  0.9652
 4824.180  0.9521  0.9615
 4824.200  0.9475  0.9597
 4824.220  0.9391  0.9584
 4824.240  0.9252  0.9559
 4824.260  0.9054  0.9512
 4824.280  0.8800  0.9447
 4824.300  0.8508  0.9385
 4824.320  0.8199  0.9347
 4824.340  0.7903  0.9342
 4824.360  0.7651  0.9359
 4824.380  0.7471  0.9368
 4824.400  0.7383  0.9336
 4824.420  0.7398  0.9242
 4824.440  0.7508  0.9091
 4824.460  0.7690  0.8910
 4824.480  0.7901  0.8738
 4824.500  0.8097  0.8595
 4824.520  0.8248  0.8469
 4824.540  0.8348  0.8304
 4824.560  0.8408  0.8022
 4824.580 -1.0000  0.7548
 4824.600 -1.0000  0.6847
 4824.620 -1.0000  0.5946
 4824.640 -1.0000  0.4929
 4824.660 -1.0000  0.3917
 4824.680 -1.0000  0.3031
 4824.700 -1.0000  0.2353
 4824.720 -1.0000  0.1911
 4824.740 -1.0000  0.1687
 4824.760 -1.0000  0.1638
 4824.780 -1.0000  0.1731
 4824.800 -1.0000  0.1961
 4824.820 -1.0000  0.2351
 4824.840 -1.0000  0.2931
 4824.860 -1.0000  0.3708
 4824.880 -1.0000  0.4640
 4824.900 -1.0000  0.5636
 4824.920 -1.0000  0.6578
 4824.940 -1.0000  0.7355
 4824.960  1.0077  0.7903
 4824.980  1.0120  0.8226
 4825.000  1.0208  0.8387
 4825.020  1.0334  0.8479
 4825.040  1.0455  0.8582
 4825.060  1.0528  0.8734
 4825.080  1.0539  0.8922
 4825.100  1.0505  0.9094
 4825.120  1.0454  0.9196
 4825.140  1.0410  0.9201
 4825.160  1.0384  0.9127
 4825.180  1.0367  0.9029
 4825.200  1.0344  0.8971
 4825.220  1.0306  0.8999
 4825.240  1.0259  0.9117
 4825.260  1.0217  0.9287
 4825.280  1.0195  0.9449
 4825.300  1.0196  0.9554
 4825.320  1.0207  0.9581
 4825.340  1.0203  0.9550
 4825.360  1.0164  0.9503
 4825.380  1.0086  0.9487
 4825.400  0.9991  0.9522
 4825.420  0.9915  0.9597
 4825.440  0.9892  0.9677
 4825.460  0.9934  0.9724
 4825.480  1.0023  0.9717
 4825.500  1.0118  0.9666
 4825.520  1.0165  0.9602
 4825.540  1.0129  0.9561
 4825.560  1.0004  0.9563
 4825.580  0.9819  0.9601
 4825.600  0.9618  0.9645
 4825.620  0.9439  0.9660
 4825.640  0.9288  0.9627
 4825.660  0.9142  0.9555
 4825.680  0.8962  0.9477
 4825.700  0.8718  0.9431
 4825.720  0.8409  0.9437
 4825.740  0.8079  0.9484
 4825.760  0.7795  0.9537
 4825.780  0.7622  0.9553
 4825.800  0.7601  0.9508
 4825.820  0.7731  0.9413
 4825.840  0.7966  0.9309
 4825.860  0.8233  0.9246
 4825.880  0.8457  0.9247
 4825.900  0.8591  0.9285
 4825.920  0.8630  0.9282
 4825.940  0.8607  0.9133
 4825.960  0.8566  0.8756
 4825.980  0.8543  0.8130
 4826.000 -1.0000  0.7325
 4826.020 -1.0000  0.6490
 4826.040 -1.0000  0.5807
 4826.060 -1.0000  0.5434
 4826.080 -1.0000  0.5454
 4826.100 -1.0000  0.5849
 4826.120 -1.0000  0.6507
 4826.140 -1.0000  0.7268
 4826.160  0.8996  0.7972
 4826.180  0.9000  0.8506
 4826.200  0.8999  0.8827
 4826.220  0.9002  0.8953
 4826.240  0.9020  0.8943
 4826.260  0.9072  0.8866
 4826.280  0.9170  0.8775
 4826.300  0.9316  0.8698
 4826.320  0.9493  0.8634
 4826.340  0.9675  0.8566
 4826.360  0.9836  0.8465
 4826.380  0.9960  0.8299
 4826.400  1.0041  0.8037
 4826.420  1.0078  0.7654
 4826.440 -1.0000  0.7137
 4826.460 -1.0000  0.6490
 4826.480 -1.0000  0.5739
 4826.500 -1.0000  0.4926
 4826.520 -1.0000  0.4106
 4826.540 -1.0000  0.3332
 4826.560 -1.0000  0.2651
 4826.580 -1.0000  0.2104
 4826.600 -1.0000  0.1728
 4826.620 -1.0000  0.1560
 4826.640 -1.0000  0.1640
 4826.660 -1.0000  0.1998
 4826.680 -1.0000  0.2636
 4826.700 -1.0000  0.3512
 4826.720 -1.0000  0.4534
 4826.740 -1.0000  0.5578
 4826.760 -1.0000  0.6513
 4826.780 -1.0000  0.7244
 4826.800  0.8573  0.7737
 4826.820  0.8663  0.8027
 4826.840  0.8789  0.8197
 4826.860  0.8904  0.8338
 4826.880  0.8990  0.8511
 4826.900  0.9059  0.8724
 4826.920  0.9142  0.8939
 4826.940  0.9265  0.9097
 4826.960  0.9435  0.9161
 4826.980  0.9628  0.9133
 4827.000  0.9797  0.9064
 4827.020  0.9891  0.9018
 4827.040  0.9888  0.9045
 4827.060  0.9805  0.9150
 4827.080  0.9700  0.9289
 4827.100  0.9637  0.9393
 4827.120  0.9661  0.9410
 4827.140  0.9776  0.9334
 4827.160  0.9945  0.9212
 4827.180  1.0103  0.9122
 4827.200  1.0193  0.9122
 4827.220  1.0194  0.9210
 4827.240  1.0132  0.9310
 4827.260  1.0060  0.9294
 4827.280  1.0034  0.9042
 4827.300  1.0074  0.8503
 4827.320  1.0143  0.7732
 4827.340 -1.0000  0.6888
 4827.360 -1.0000  0.6184
 4827.380 -1.0000  0.5807
 4827.400 -1.0000  0.5851
 4827.420 -1.0000  0.6289
 4827.440 -1.0000  0.6985
 4827.460  1.0380  0.7753
 4827.480  1.0451  0.8430
 4827.500  1.0513  0.8917
 4827.520  1.0508  0.9205
 4827.540  1.0410  0.9344
 4827.560  1.0236  0.9402
 4827.580  1.0042  0.9432
 4827.600  0.9893  0.9451
 4827.620  0.9825  0.9454
 4827.640  0.9826  0.9436
 4827.660  0.9838  0.9411
 4827.680  0.9788  0.9407
 4827.700  0.9632  0.9453
 4827.720  0.9386  0.9548
 4827.740  0.9118  0.9652
 4827.760  0.8917  0.9700
 4827.780  0.8843  0.9639
 4827.800  0.8896  0.9467
 4827.820  0.9002  0.9251
 4827.840  0.9047  0.9105
 4827.860  0.8937  0.9135
 4827.880  0.8669  0.9371
 4827.900  0.8353  0.9721
 4827.920  0.8173  0.9977
 4827.940  0.8347  0.9881
 4827.960  0.9141  0.9222
 4827.980 -1.0000  0.7937
 4828.000 -1.0000  0.6156
 4797.000  0.0000        
 4797.020  0.0000        
 4797.040 -0.0016        
 4797.060  0.0145        
 4797.080  0.0215        
 4797.100  0.0184        
 4797.120  0.0091        
 4797.140 -0.0022        
 4797.160 -0.0128        
 4797.180 -0.0204        
 4797.200 -0.0237        
 4797.220 -0.0235        
 4797.240 -0.0223        
 4797.260 -0.0234        
 4797.280 -0.0280        
 4797.300 -0.0347        
 4797.320 -0.0397        
 4797.340 -0.0400        
 4797.360 -0.0345        
 4797.380 -0.0256        
 4797.400 -0.0178        
 4797.420 -0.0150        
 4797.440 -0.0186        
 4797.460 -0.0262        
 4797.480 -0.0337        
 4797.500 -0.0372        
 4797.520 -0.0349        
 4797.540 -0.0272        
 4797.560 -0.0166        
 4797.580 -0.0059        
 4797.600  0.0023        
 4797.620  0.0057        
 4797.640  0.0036        
 4797.660 -0.0034        
 4797.680 -0.0128        
 4797.700 -0.0212        
 4797.720 -0.0258        
 4797.740 -0.0258        
 4797.760 -0.0226        
 4797.780 -0.0183        
 4797.800 -0.0150        
 4797.820 -0.0135        
 4797.840 -0.0134        
 4797.860 -0.0134        
 4797.880 -0.0121        
 4797.900 -0.0087        
 4797.920 -0.0038        
 4797.940  0.0015        
 4797.960  0.0056        
 4797.980  0.0070        
 4798.000  0.0047        
 4798.020 -0.0010        
 4798.040 -0.0085        
 4798.060 -0.0155        
 4798.080 -0.0201        
 4798.100 -0.0223        
 4798.120 -0.0236        
 4798.140 -0.0258        
 4798.160 -0.0294        
 4798.180 -0.0339        
 4798.200 -0.0378        
 4798.220 -0.0392        
 4798.240 -0.0369        
 4798.260 -0.0311        
 4798.280 -0.0236        
 4798.300 -0.0171        
 4798.320 -0.0144        
 4798.340 -0.0168        
 4798.360 -0.0235        
 4798.380 -0.0321        
 4798.400 -0.0396        
 4798.420 -0.0433        
 4798.440 -0.0423        
 4798.460 -0.0376        
 4798.480 -0.0313        
 4798.500 -0.0258        
 4798.520 -0.0228        
 4798.540 -0.0227        
 4798.560 -0.0249        
 4798.580 -0.0277        
 4798.600 -0.0297        
 4798.620 -0.0296        
 4798.640 -0.0270        
 4798.660 -0.0222        
 4798.680 -0.0153        
 4798.700 -0.0069        
 4798.720  0.0025        
 4798.740  0.0115        
 4798.760  0.0181        
 4798.780  0.0205        
 4798.800  0.0182        
 4798.820  0.0121        
 4798.840  0.0044        
 4798.860 -0.0031        
 4798.880 -0.0088        
 4798.900 -0.0125        
 4798.920 -0.0145        
 4798.940 -0.0163        
 4798.960 -0.0196        
 4798.980 -0.0256        
 4799.000 -0.0343        
 4799.020 -0.0442        
 4799.040 -0.0528        
 4799.060 -0.0579        
 4799.080 -0.0580        
 4799.100 -0.0536        
 4799.120 -0.0466        
 4799.140 -0.0396        
 4799.160 -0.0349        
 4799.180 -0.0337        
 4799.200 -0.0354        
 4799.220 -0.0382        
 4799.240 -0.0398        
 4799.260 -0.0387        
 4799.280 -0.0346        
 4799.300 -0.0285        
 4799.320 -0.0221        
 4799.340 -0.0170        
 4799.360 -0.0144        
 4799.380 -0.0143        
 4799.400 -0.0163        
 4799.420 -0.0199        
 4799.440 -0.0246        
 4799.460 -0.0304        
 4799.480 -0.0374        
 4799.500 -0.0450        
 4799.520 -0.0516        
 4799.540 -0.0552        
 4799.560 -0.0541        
 4799.580 -0.0474        
 4799.600 -0.0359        
 4799.620 -0.0219        
 4799.640 -0.0086        
 4799.660  0.0000        
 4799.680  0.0007        
 4799.700 -0.0068        
 4799.720 -0.0193        
 4799.740 -0.0309        
 4799.760 -0.0371        
 4799.780 -0.0365        
 4799.800 -0.0310        
 4799.820 -0.0234        
 4799.840 -0.0166        
 4799.860 -0.0126        
 4799.880 -0.0121        
 4799.900 -0.0146        
 4799.920 -0.0185        
 4799.940 -0.0222        
 4799.960 -0.0247        
 4799.980 -0.0260        
 4800.000 -0.0267        
 4800.020 -0.0276        
 4800.040 -0.0289        
 4800.060 -0.0302        
 4800.080 -0.0305        
 4800.100 -0.0289        
 4800.120 -0.0253        
 4800.140 -0.0204        
 4800.160 -0.0152        
 4800.180 -0.0113        
 4800.200 -0.0097        
 4800.220 -0.0107        
 4800.240 -0.0137        
 4800.260 -0.0173        
 4800.280 -0.0204        
 4800.300 -0.0221        
 4800.320 -0.0227        
 4800.340 -0.0232        
 4800.360 -0.0249        
 4800.380 -0.0292        
 4800.400 -0.0364        
 4800.420 -0.0456        
 4800.440 -0.0545        
 4800.460 -0.0607        
 4800.480 -0.0633        
 4800.500 -0.0625        
 4800.520 -0.0595        
 4800.540 -0.0555        
 4800.560 -0.0515        
 4800.580 -0.0479        
 4800.600 -0.0452        
 4800.620 -0.0434        
 4800.640 -0.0423        
 4800.660 -0.0417        
 4800.680 -0.0416        
 4800.700 -0.0418        
 4800.720 -0.0421        
 4800.740 -0.0425        
 4800.760 -0.0427        
 4800.780 -0.0422        
 4800.800 -0.0407        
 4800.820 -0.0377        
 4800.840 -0.0335        
 4800.860 -0.0287        
 4800.880 -0.0245        
 4800.900 -0.0221        
 4800.920 -0.0229        
 4800.940 -0.0272        
 4800.960 -0.0343        
 4800.980 -0.0425        
 4801.000 -0.0492        
 4801.020 -0.0523        
 4801.040 -0.0505        
 4801.060 -0.0444        
 4801.080 -0.0362        
 4801.100 -0.0288        
 4801.120 -0.0248        
 4801.140 -0.0250        
 4801.160 -0.0285        
 4801.180 -0.0329        
 4801.200 -0.0355        
 4801.220 -0.0341        
 4801.240 -0.0280        
 4801.260 -0.0184        
 4801.280 -0.0087        
 4801.300 -0.0028        
 4801.320 -0.0038        
 4801.340 -0.0117        
 4801.360 -0.0232        
 4801.380 -0.0340        
 4801.400 -0.0406        
 4801.420 -0.0421        
 4801.440 -0.0396        
 4801.460 -0.0353        
 4801.480 -0.0316        
 4801.500 -0.0302        
 4801.520 -0.0314        
 4801.540 -0.0344        
 4801.560 -0.0371        
 4801.580 -0.0378        
 4801.600 -0.0357        
 4801.620 -0.0311        
 4801.640 -0.0255        
 4801.660 -0.0208        
 4801.680 -0.0185        
 4801.700 -0.0194        
 4801.720 -0.0230        
 4801.740 -0.0276        
 4801.760 -0.0311        
 4801.780 -0.0319        
 4801.800 -0.0295        
 4801.820 -0.0243        
 4801.840 -0.0175        
 4801.860 -0.0107        
 4801.880 -0.0057        
 4801.900 -0.0037        
 4801.920 -0.0048        
 4801.940 -0.0080        
 4801.960 -0.0114        
 4801.980 -0.0133        
 4802.000 -0.0119        
 4802.020 -0.0068        
 4802.040  0.0014        
 4802.060  0.0103        
 4802.080  0.0164        
 4802.100  0.0166        
 4802.120  0.0098        
 4802.140 -0.0019        
 4802.160 -0.0153        
 4802.180 -0.0269        
 4802.200 -0.0342        
 4802.220 -0.0364        
 4802.240 -0.0342        
 4802.260 -0.0295        
 4802.280 -0.0243        
 4802.300 -0.0207        
 4802.320 -0.0195        
 4802.340 -0.0202        
 4802.360 -0.0217        
 4802.380 -0.0224        
 4802.400 -0.0217        
 4802.420 -0.0199        
 4802.440 -0.0184        
 4802.460 -0.0182        
 4802.480 -0.0199        
 4802.500 -0.0233        
 4802.520 -0.0271        
 4802.540 -0.0298        
 4802.560 -0.0303        
 4802.580 -0.0283        
 4802.600 -0.0246        
 4802.620 -0.0204        
 4802.640 -0.0169        
 4802.660 -0.0146        
 4802.680 -0.0135        
 4802.700 -0.0133        
 4802.720 -0.0136        
 4802.740 -0.0145        
 4802.760 -0.0166        
 4802.780 -0.0205        
 4802.800 -0.0263        
 4802.820 -0.0332        
 4802.840 -0.0395        
 4802.860 -0.0435        
 4802.880 -0.0434        
 4802.900 -0.0389        
 4802.920 -0.0311        
 4802.940 -0.0230        
 4802.960 -0.0179        
 4802.980 -0.0180        
 4803.000 -0.0232        
 4803.020 -0.0308        
 4803.040 -0.0379        
 4803.060 -0.0422        
 4803.080 -0.0432        
 4803.100 -0.0415        
 4803.120 -0.0388        
 4803.140 -0.0368        
 4803.160 -0.0361        
 4803.180 -0.0366        
 4803.200 -0.0370        
 4803.220 -0.0362        
 4803.240 -0.0335        
 4803.260 -0.0295        
 4803.280 -0.0258        
 4803.300 -0.0246        
 4803.320 -0.0272        
 4803.340 -0.0337        
 4803.360 -0.0420        
 4803.380 -0.0491        
 4803.400 -0.0526        
 4803.420 -0.0515        
 4803.440 -0.0463        
 4803.460 -0.0390        
 4803.480 -0.0317        
 4803.500 -0.0262        
 4803.520 -0.0235        
 4803.540 -0.0234        
 4803.560 -0.0250        
 4803.580 -0.0272        
 4803.600 -0.0294        
 4803.620 -0.0316        
 4803.640 -0.0342        
 4803.660 -0.0371        
 4803.680 -0.0398        
 4803.700 -0.0408        
 4803.720 -0.0386        
 4803.740 -0.0325        
 4803.760 -0.0235        
 4803.780 -0.0136        
 4803.800 -0.0053        
 4803.820 -0.0006        
 4803.840 -0.0005        
 4803.860 -0.0050        
 4803.880 -0.0128        
 4803.900 -0.0217        
 4803.920 -0.0290        
 4803.940 -0.0329        
 4803.960 -0.0324        
 4803.980 -0.0282        
 4804.000 -0.0219        
 4804.020 -0.0158        
 4804.040 -0.0121        
 4804.060 -0.0119        
 4804.080 -0.0156        
 4804.100 -0.0221        
 4804.120 -0.0295        
 4804.140 -0.0353        
 4804.160 -0.0376        
 4804.180 -0.0353        
 4804.200 -0.0289        
 4804.220 -0.0201        
 4804.240 -0.0117        
 4804.260 -0.0066        
 4804.280 -0.0072        
 4804.300 -0.0140        
 4804.320 -0.0257        
 4804.340 -0.0390        
 4804.360 -0.0500        
 4804.380 -0.0559        
 4804.400 -0.0553        
 4804.420 -0.0491        
 4804.440 -0.0394        
 4804.460 -0.0288        
 4804.480 -0.0197        
 4804.500 -0.0141        
 4804.520 -0.0125        
 4804.540 -0.0143        
 4804.560 -0.0179        
 4804.580 -0.0216        
 4804.600 -0.0244        
 4804.620 -0.0260        
 4804.640 -0.0270        
 4804.660 -0.0280        
 4804.680 -0.0296        
 4804.700 -0.0318        
 4804.720 -0.0344        
 4804.740 -0.0369        
 4804.760 -0.0387        
 4804.780 -0.0396        
 4804.800 -0.0392        
 4804.820 -0.0378        
 4804.840 -0.0358        
 4804.860 -0.0335        
 4804.880 -0.0317        
 4804.900 -0.0311        
 4804.920 -0.0320        
 4804.940 -0.0344        
 4804.960 -0.0378        
 4804.980 -0.0410        
 4805.000 -0.0431        
 4805.020 -0.0432        
 4805.040 -0.0412        
 4805.060 -0.0378        
 4805.080 -0.0339        
 4805.100 -0.0304        
 4805.120 -0.0278        
 4805.140 -0.0259        
 4805.160 -0.0238        
 4805.180 -0.0208        
 4805.200 -0.0162        
 4805.220 -0.0103        
 4805.240 -0.0043        
 4805.260  0.0004        
 4805.280  0.0022        
 4805.300  0.0005        
 4805.320 -0.0043        
 4805.340 -0.0107        
 4805.360 -0.0165        
 4805.380 -0.0201        
 4805.400 -0.0211        
 4805.420 -0.0204        
 4805.440 -0.0194        
 4805.460 -0.0195        
 4805.480 -0.0207        
 4805.500 -0.0224        
 4805.520 -0.0233        
 4805.540 -0.0220        
 4805.560 -0.0184        
 4805.580 -0.0134        
 4805.600 -0.0092        
 4805.620 -0.0080        
 4805.640 -0.0112        
 4805.660 -0.0189        
 4805.680 -0.0293        
 4805.700 -0.0399        
 4805.720 -0.0483        
 4805.740 -0.0527        
 4805.760 -0.0529        
 4805.780 -0.0500        
 4805.800 -0.0461        
 4805.820 -0.0431        
 4805.840 -0.0425        
 4805.860 -0.0442        
 4805.880 -0.0471        
 4805.900 -0.0495        
 4805.920 -0.0500        
 4805.940 -0.0478        
 4805.960 -0.0431        
 4805.980 -0.0371        
 4806.000 -0.0314        
 4806.020 -0.0272        
 4806.040 -0.0254        
 4806.060 -0.0257        
 4806.080 -0.0272        
 4806.100 -0.0288        
 4806.120 -0.0294        
 4806.140 -0.0284        
 4806.160 -0.0262        
 4806.180 -0.0240        
 4806.200 -0.0231        
 4806.220 -0.0249        
 4806.240 -0.0293        
 4806.260 -0.0356        
 4806.280 -0.0417        
 4806.300 -0.0456        
 4806.320 -0.0456        
 4806.340 -0.0414        
 4806.360 -0.0344        
 4806.380 -0.0270        
 4806.400 -0.0225        
 4806.420 -0.0230        
 4806.440 -0.0294        
 4806.460 -0.0400        
 4806.480 -0.0512        
 4806.500 -0.0586        
 4806.520 -0.0588        
 4806.540 -0.0505        
 4806.560 -0.0354        
 4806.580 -0.0176        
 4806.600 -0.0022        
 4806.620  0.0063        
 4806.640  0.0059        
 4806.660 -0.0023        
 4806.680 -0.0148        
 4806.700 -0.0271        
 4806.720 -0.0350        
 4806.740 -0.0367        
 4806.760 -0.0326        
 4806.780 -0.0251        
 4806.800 -0.0175        
 4806.820 -0.0127        
 4806.840 -0.0121        
 4806.860 -0.0151        
 4806.880 -0.0198        
 4806.900 -0.0240        
 4806.920 -0.0260        
 4806.940 -0.0255        
 4806.960 -0.0230        
 4806.980 -0.0194        
 4807.000 -0.0158        
 4807.020 -0.0128        
 4807.040 -0.0108        
 4807.060 -0.0098        
 4807.080 -0.0101        
 4807.100 -0.0118        
 4807.120 -0.0150        
 4807.140 -0.0195        
 4807.160 -0.0242        
 4807.180 -0.0278        
 4807.200 -0.0289        
 4807.220 -0.0267        
 4807.240 -0.0219        
 4807.260 -0.0162        
 4807.280 -0.0119        
 4807.300 -0.0113        
 4807.320 -0.0155        
 4807.340 -0.0240        
 4807.360 -0.0353        
 4807.380 -0.0465        
 4807.400 -0.0543        
 4807.420 -0.0565        
 4807.440 -0.0536        
 4807.460 -0.0484        
 4807.480 -0.0444        
 4807.500 -0.0439        
 4807.520 -0.0469        
 4807.540 -0.0514        
 4807.560 -0.0548        
 4807.580 -0.0545        
 4807.600 -0.0490        
 4807.620 -0.0387        
 4807.640 -0.0264        
 4807.660 -0.0163        
 4807.680 -0.0119        
 4807.700 -0.0143        
 4807.720 -0.0217        
 4807.740 -0.0308        
 4807.760 -0.0381        
 4807.780 -0.0412        
 4807.800 -0.0393        
 4807.820 -0.0331        
 4807.840 -0.0250        
 4807.860 -0.0172        
 4807.880 -0.0120        
 4807.900 -0.0100        
 4807.920 -0.0110        
 4807.940 -0.0135        
 4807.960 -0.0160        
 4807.980 -0.0173        
 4808.000 -0.0170        
 4808.020 -0.0156        
 4808.040 -0.0143        
 4808.060 -0.0144        
 4808.080 -0.0168        
 4808.100 -0.0214        
 4808.120 -0.0276        
 4808.140 -0.0340        
 4808.160 -0.0393        
 4808.180 -0.0423        
 4808.200 -0.0425        
 4808.220 -0.0397        
 4808.240 -0.0345        
 4808.260 -0.0276        
 4808.280 -0.0201        
 4808.300 -0.0128        
 4808.320 -0.0064        
 4808.340 -0.0011        
 4808.360  0.0029        
 4808.380  0.0053        
 4808.400  0.0059        
 4808.420  0.0041        
 4808.440 -0.0003        
 4808.460 -0.0073        
 4808.480 -0.0162        
 4808.500 -0.0256        
 4808.520 -0.0340        
 4808.540 -0.0401        
 4808.560 -0.0428        
 4808.580 -0.0422        
 4808.600 -0.0389        
 4808.620 -0.0343        
 4808.640 -0.0298        
 4808.660 -0.0266        
 4808.680 -0.0248        
 4808.700 -0.0240        
 4808.720 -0.0235        
 4808.740 -0.0225        
 4808.760 -0.0209        
 4808.780 -0.0191        
 4808.800 -0.0177        
 4808.820 -0.0177        
 4808.840 -0.0194        
 4808.860 -0.0227        
 4808.880 -0.0268        
 4808.900 -0.0308        
 4808.920 -0.0337        
 4808.940 -0.0349        
 4808.960 -0.0343        
 4808.980 -0.0321        
 4809.000 -0.0285        
 4809.020 -0.0234        
 4809.040 -0.0170        
 4809.060 -0.0100        
 4809.080 -0.0033        
 4809.100  0.0017        
 4809.120  0.0036        
 4809.140  0.0015        
 4809.160 -0.0046        
 4809.180 -0.0138        
 4809.200 -0.0241        
 4809.220 -0.0326        
 4809.240 -0.0366        
 4809.260 -0.0349        
 4809.280 -0.0284        
 4809.300 -0.0199        
 4809.320 -0.0124        
 4809.340 -0.0084        
 4809.360 -0.0095        
 4809.380 -0.0160        
 4809.400 -0.0266        
 4809.420 -0.0383        
 4809.440 -0.0475        
 4809.460 -0.0516        
 4809.480 -0.0505        
 4809.500 -0.0457        
 4809.520 -0.0394        
 4809.540 -0.0328        
 4809.560 -0.0268        
 4809.580 -0.0216        
 4809.600 -0.0176        
 4809.620 -0.0153        
 4809.640 -0.0149        
 4809.660 -0.0162        
 4809.680 -0.0187        
 4809.700 -0.0213        
 4809.720 -0.0229        
 4809.740 -0.0231        
 4809.760 -0.0218        
 4809.780 -0.0201        
 4809.800 -0.0190        
 4809.820 -0.0195        
 4809.840 -0.0216        
 4809.860 -0.0242        
 4809.880 -0.0257        
 4809.900 -0.0244        
 4809.920 -0.0196        
 4809.940 -0.0121        
 4809.960 -0.0042        
 4809.980  0.0014        
 4810.000  0.0022        
 4810.020 -0.0025        
 4810.040 -0.0111        
 4810.060 -0.0207        
 4810.080 -0.0280        
 4810.100 -0.0311        
 4810.120 -0.0303        
 4810.140 -0.0275        
 4810.160 -0.0253        
 4810.180 -0.0258        
 4810.200 -0.0292        
 4810.220 -0.0343        
 4810.240 -0.0383        
 4810.260 -0.0386        
 4810.280 -0.0339        
 4810.300 -0.0251        
 4810.320 -0.0147        
 4810.340 -0.0061        
 4810.360 -0.0022        
 4810.380 -0.0043        
 4810.400 -0.0114        
 4810.420 -0.0204        
 4810.440 -0.0275        
 4810.460 -0.0298        
 4810.480 -0.0260        
 4810.500 -0.0171        
 4810.520 -0.0058        
 4810.540  0.0047        
 4810.560  0.0116        
 4810.580  0.0135        
 4810.600  0.0103        
 4810.620  0.0029        
 4810.640 -0.0070        
 4810.660 -0.0179        
 4810.680 -0.0280        
 4810.700 -0.0357        
 4810.720 -0.0393        
 4810.740 -0.0376        
 4810.760 -0.0310        
 4810.780 -0.0213        
 4810.800 -0.0116        
 4810.820 -0.0048        
 4810.840 -0.0029        
 4810.860 -0.0065        
 4810.880 -0.0147        
 4810.900 -0.0252        
 4810.920 -0.0351        
 4810.940 -0.0417        
 4810.960 -0.0437        
 4810.980 -0.0413        
 4811.000 -0.0361        
 4811.020 -0.0307        
 4811.040 -0.0272        
 4811.060 -0.0274        
 4811.080 -0.0312        
 4811.100 -0.0377        
 4811.120 -0.0454        
 4811.140 -0.0526        
 4811.160 -0.0582        
 4811.180 -0.0614        
 4811.200 -0.0618        
 4811.220 -0.0592        
 4811.240 -0.0542        
 4811.260 -0.0478        
 4811.280 -0.0412        
 4811.300 -0.0358        
 4811.320 -0.0330        
 4811.340 -0.0337        
 4811.360 -0.0387        
 4811.380 -0.0476        
 4811.400 -0.0585        
 4811.420 -0.0682        
 4811.440 -0.0741        
 4811.460 -0.0754        
 4811.480 -0.0729        
 4811.500 -0.0676        
 4811.520 -0.0602        
 4811.540 -0.0503        
 4811.560 -0.0378        
 4811.580 -0.0234        
 4811.600 -0.0093        
 4811.620  0.0019        
 4811.640  0.0079        
 4811.660  0.0077        
 4811.680  0.0015        
 4811.700 -0.0092        
 4811.720 -0.0217        
 4811.740 -0.0327        
 4811.760 -0.0390        
 4811.780 -0.0390        
 4811.800 -0.0331        
 4811.820 -0.0241        
 4811.840 -0.0154        
 4811.860 -0.0108        
 4811.880 -0.0122        
 4811.900 -0.0199        
 4811.920 -0.0319        
 4811.940 -0.0450        
 4811.960 -0.0557        
 4811.980 -0.0612        
 4812.000 -0.0604        
 4812.020 -0.0533        
 4812.040 -0.0416        
 4812.060 -0.0275        
 4812.080 -0.0136        
 4812.100 -0.0019        
 4812.120  0.0064        
 4812.140  0.0110        
 4812.160  0.0122        
 4812.180  0.0101        
 4812.200  0.0051        
 4812.220 -0.0023        
 4812.240 -0.0111        
 4812.260 -0.0200        
 4812.280 -0.0277        
 4812.300 -0.0336        
 4812.320 -0.0375        
 4812.340 -0.0399        
 4812.360 -0.0414        
 4812.380 -0.0425        
 4812.400 -0.0437        
 4812.420 -0.0457        
 4812.440 -0.0483        
 4812.460 -0.0511        
 4812.480 -0.0531        
 4812.500 -0.0530        
 4812.520 -0.0497        
 4812.540 -0.0428        
 4812.560 -0.0333        
 4812.580 -0.0235        
 4812.600 -0.0164        
 4812.620 -0.0143        
 4812.640 -0.0179        
 4812.660 -0.0260        
 4812.680 -0.0354        
 4812.700 -0.0422        
 4812.720 -0.0430        
 4812.740 -0.0364        
 4812.760 -0.0244        
 4812.780 -0.0110        
 4812.800 -0.0012        
 4812.820  0.0012        
 4812.840 -0.0056        
 4812.860 -0.0203        
 4812.880 -0.0382        
 4812.900 -0.0533        
 4812.920 -0.0604        
 4812.940 -0.0577        
 4812.960 -0.0474        
 4812.980 -0.0339        
 4813.000 -0.0215        
 4813.020 -0.0130        
 4813.040 -0.0091        
 4813.060 -0.0083        
 4813.080 -0.0085        
 4813.100 -0.0083        
 4813.120 -0.0077        
 4813.140 -0.0080        
 4813.160 -0.0106        
 4813.180 -0.0155        
 4813.200 -0.0217        
 4813.220 -0.0267        
 4813.240 -0.0279        
 4813.260 -0.0235        
 4813.280 -0.0134        
 4813.300  0.0011        
 4813.320  0.0165        
 4813.340  0.0277        
 4813.360  0.0296        
 4813.380  0.0201        
 4813.400  0.0030        
 4813.420 -0.0140        
 4813.440 -0.0255        
 4813.460 -0.0307        
 4813.480 -0.0324        
 4813.500 -0.0336        
 4813.520 -0.0362        
 4813.540 -0.0406        
 4813.560 -0.0457        
 4813.580 -0.0498        
 4813.600 -0.0513        
 4813.620 -0.0498        
 4813.640 -0.0464        
 4813.660 -0.0428        
 4813.680 -0.0405        
 4813.700 -0.0402        
 4813.720 -0.0412        
 4813.740 -0.0416        
 4813.760 -0.0398        
 4813.780 -0.0360        
 4813.800 -0.0314        
 4813.820 -0.0280        
 4813.840 -0.0272        
 4813.860 -0.0292        
 4813.880 -0.0329        
 4813.900 -0.0361        
 4813.920 -0.0364        
 4813.940 -0.0326        
 4813.960 -0.0255        
 4813.980 -0.0178        
 4814.000 -0.0126        
 4814.020 -0.0126        
 4814.040 -0.0188        
 4814.060 -0.0301        
 4814.080 -0.0436        
 4814.100 -0.0552        
 4814.120 -0.0621        
 4814.140 -0.0628        
 4814.160 -0.0580        
 4814.180 -0.0494        
 4814.200 -0.0393        
 4814.220 -0.0295        
 4814.240 -0.0214        
 4814.260 -0.0158        
 4814.280 -0.0130        
 4814.300 -0.0130        
 4814.320 -0.0156        
 4814.340 -0.0203        
 4814.360 -0.0259        
 4814.380 -0.0307        
 4814.400 -0.0325        
 4814.420 -0.0300        
 4814.440 -0.0232        
 4814.460 -0.0138        
 4814.480 -0.0048        
 4814.500  0.0001        
 4814.520 -0.0024        
 4814.540 -0.0135        
 4814.560 -0.0314        
 4814.580 -0.0505        
 4814.600 -0.0645        
 4814.620 -0.0701        
 4814.640 -0.0680        
 4814.660 -0.0619        
 4814.680 -0.0556        
 4814.700 -0.0520        
 4814.720 -0.0523        
 4814.740 -0.0558        
 4814.760 -0.0604        
 4814.780 -0.0636        
 4814.800 -0.0637        
 4814.820 -0.0601        
 4814.840 -0.0538        
 4814.860 -0.0466        
 4814.880 -0.0402        
 4814.900 -0.0358        
 4814.920 -0.0342        
 4814.940 -0.0354        
 4814.960 -0.0394        
 4814.980 -0.0456        
 4815.000 -0.0532        
 4815.020 -0.0610        
 4815.040 -0.0676        
 4815.060 -0.0708        
 4815.080 -0.0684        
 4815.100 -0.0588        
 4815.120 -0.0424        
 4815.140 -0.0223        
 4815.160 -0.0048        
 4815.180  0.0038        
 4815.200 -0.0001        
 4815.220 -0.0154        
 4815.240 -0.0374        
 4815.260 -0.0596        
 4815.280 -0.0751        
 4815.300 -0.0777        
 4815.320 -0.0651        
 4815.340 -0.0428        
 4815.360 -0.0232        
 4815.380 -0.0171        
 4815.400 -0.0259        
 4815.420 -0.0433        
 4815.440 -0.0619        
 4815.460 -0.0762        
 4815.480 -0.0831        
 4815.500 -0.0810        
 4815.520 -0.0705        
 4815.540 -0.0545        
 4815.560 -0.0378        
 4815.580 -0.0251        
 4815.600 -0.0190        
 4815.620 -0.0194        
 4815.640 -0.0247        
 4815.660 -0.0322        
 4815.680 -0.0397        
 4815.700 -0.0454        
 4815.720 -0.0484        
 4815.740 -0.0486        
 4815.760 -0.0464        
 4815.780 -0.0426        
 4815.800 -0.0380        
 4815.820 -0.0334        
 4815.840 -0.0297        
 4815.860 -0.0279        
 4815.880 -0.0283        
 4815.900 -0.0307        
 4815.920 -0.0341        
 4815.940 -0.0368        
 4815.960 -0.0374        
 4815.980 -0.0352        
 4816.000 -0.0305        
 4816.020 -0.0249        
 4816.040 -0.0215        
 4816.060 -0.0230        
 4816.080 -0.0297        
 4816.100 -0.0388        
 4816.120 -0.0467        
 4816.140 -0.0507        
 4816.160 -0.0501        
 4816.180 -0.0453        
 4816.200 -0.0384        
 4816.220 -0.0317        
 4816.240 -0.0277        
 4816.260 -0.0274        
 4816.280 -0.0302        
 4816.300 -0.0341        
 4816.320 -0.0365        
 4816.340 -0.0358        
 4816.360 -0.0315        
 4816.380 -0.0248        
 4816.400 -0.0181        
 4816.420 -0.0135        
 4816.440 -0.0121        
 4816.460 -0.0136        
 4816.480 -0.0163        
 4816.500 -0.0186        
 4816.520 -0.0191        
 4816.540 -0.0180        
 4816.560 -0.0164        
 4816.580 -0.0165        
 4816.600 -0.0196        
 4816.620 -0.0257        
 4816.640 -0.0326        
 4816.660 -0.0374        
 4816.680 -0.0384        
 4816.700 -0.0357        
 4816.720 -0.0307        
 4816.740 -0.0255        
 4816.760 -0.0222        
 4816.780 -0.0222        
 4816.800 -0.0257        
 4816.820 -0.0311        
 4816.840 -0.0365        
 4816.860 -0.0395        
 4816.880 -0.0390        
 4816.900 -0.0352        
 4816.920 -0.0295        
 4816.940 -0.0238        
 4816.960 -0.0198        
 4816.980 -0.0184        
 4817.000 -0.0196        
 4817.020 -0.0226        
 4817.040 -0.0264        
 4817.060 -0.0300        
 4817.080 -0.0328        
 4817.100 -0.0348        
 4817.120 -0.0358        
 4817.140 -0.0362        
 4817.160 -0.0360        
 4817.180 -0.0355        
 4817.200 -0.0352        
 4817.220 -0.0361        
 4817.240 -0.0398        
 4817.260 -0.0463        
 4817.280 -0.0536        
 4817.300 -0.0582        
 4817.320 -0.0580        
 4817.340 -0.0535        
 4817.360 -0.0464        
 4817.380 -0.0383        
 4817.400 -0.0307        
 4817.420 -0.0248        
 4817.440 -0.0218        
 4817.460 -0.0228        
 4817.480 -0.0280        
 4817.500 -0.0364        
 4817.520 -0.0454        
 4817.540 -0.0525        
 4817.560 -0.0563        
 4817.580 -0.0578        
 4817.600 -0.0586        
 4817.620 -0.0600        
 4817.640 -0.0625        
 4817.660 -0.0656        
 4817.680 -0.0678        
 4817.700 -0.0677        
 4817.720 -0.0643        
 4817.740 -0.0572        
 4817.760 -0.0472        
 4817.780 -0.0357        
 4817.800 -0.0244        
 4817.820 -0.0150        
 4817.840 -0.0088        
 4817.860 -0.0059        
 4817.880 -0.0057        
 4817.900 -0.0068        
 4817.920 -0.0079        
 4817.940 -0.0078        
 4817.960 -0.0061        
 4817.980 -0.0032        
 4818.000 -0.0005        
 4818.020  0.0000        
 4818.040 -0.0030        
 4818.060 -0.0093        
 4818.080 -0.0173        
 4818.100 -0.0253        
 4818.120 -0.0316        
 4818.140 -0.0357        
 4818.160 -0.0371        
 4818.180 -0.0364        
 4818.200 -0.0342        
 4818.220 -0.0313        
 4818.240 -0.0285        
 4818.260 -0.0261        
 4818.280 -0.0240        
 4818.300 -0.0221        
 4818.320 -0.0204        
 4818.340 -0.0195        
 4818.360 -0.0204        
 4818.380 -0.0239        
 4818.400 -0.0301        
 4818.420 -0.0382        
 4818.440 -0.0465        
 4818.460 -0.0528        
 4818.480 -0.0552        
 4818.500 -0.0529        
 4818.520 -0.0463        
 4818.540 -0.0371        
 4818.560 -0.0278        
 4818.580 -0.0203        
 4818.600 -0.0159        
 4818.620 -0.0147        
 4818.640 -0.0159        
 4818.660 -0.0185        
 4818.680 -0.0218        
 4818.700 -0.0255        
 4818.720 -0.0297        
 4818.740 -0.0346        
 4818.760 -0.0398        
 4818.780 -0.0444        
 4818.800 -0.0473        
 4818.820 -0.0476        
 4818.840 -0.0452        
 4818.860 -0.0411        
 4818.880 -0.0368        
 4818.900 -0.0335        
 4818.920 -0.0321        
 4818.940 -0.0321        
 4818.960 -0.0320        
 4818.980 -0.0301        
 4819.000 -0.0252        
 4819.020 -0.0189        
 4819.040 -0.0140        
 4819.060 -0.0138        
 4819.080 -0.0209        
 4819.100 -0.0368        
 4819.120 -0.0620        
 4819.140 -0.0931        
 4819.160 -0.1186        
 4819.180 -0.1245        
 4819.200 -0.1083        
 4819.220 -0.0836        
 4819.240 -0.0651        
 4819.260 -0.0570        
 4819.280 -0.0564        
 4819.300 -0.0590        
 4819.320 -0.0612        
 4819.340 -0.0604        
 4819.360 -0.0550        
 4819.380 -0.0455        
 4819.400 -0.0348        
 4819.420 -0.0267        
 4819.440 -0.0232        
 4819.460 -0.0235        
 4819.480 -0.0247        
 4819.500 -0.0239        
 4819.520 -0.0201        
 4819.540 -0.0138        
 4819.560 -0.0069        
 4819.580 -0.0020        
 4819.600 -0.0011        
 4819.620 -0.0049        
 4819.640 -0.0121        
 4819.660 -0.0205        
 4819.680 -0.0279        
 4819.700 -0.0328        
 4819.720 -0.0348        
 4819.740 -0.0348        
 4819.760 -0.0337        
 4819.780 -0.0324        
 4819.800 -0.0312        
 4819.820 -0.0296        
 4819.840 -0.0274        
 4819.860 -0.0248        
 4819.880 -0.0225        
 4819.900 -0.0214        
 4819.920 -0.0224        
 4819.940 -0.0251        
 4819.960 -0.0283        
 4819.980 -0.0302        
 4820.000 -0.0291        
 4820.020 -0.0243        
 4820.040 -0.0165        
 4820.060 -0.0077        
 4820.080 -0.0001        
 4820.100  0.0045        
 4820.120  0.0056        
 4820.140  0.0040        
 4820.160  0.0009        
 4820.180 -0.0025        
 4820.200 -0.0059        
 4820.220 -0.0102        
 4820.240 -0.0162        
 4820.260 -0.0249        
 4820.280 -0.0358        
 4820.300 -0.0477        
 4820.320 -0.0586        
 4820.340 -0.0667        
 4820.360 -0.0704        
 4820.380 -0.0689        
 4820.400 -0.0627        
 4820.420 -0.0535        
 4820.440 -0.0441        
 4820.460 -0.0367        
 4820.480 -0.0322        
 4820.500 -0.0300        
 4820.520 -0.0294        
 4820.540 -0.0301        
 4820.560 -0.0323        
 4820.580 -0.0366        
 4820.600 -0.0427        
 4820.620 -0.0492        
 4820.640 -0.0539        
 4820.660 -0.0550        
 4820.680 -0.0515        
 4820.700 -0.0443        
 4820.720 -0.0350        
 4820.740 -0.0266        
 4820.760 -0.0220        
 4820.780 -0.0235        
 4820.800 -0.0306        
 4820.820 -0.0396        
 4820.840 -0.0462        
 4820.860 -0.0475        
 4820.880 -0.0439        
 4820.900 -0.0369        
 4820.920 -0.0285        
 4820.940 -0.0200        
 4820.960 -0.0121        
 4820.980 -0.0055        
 4821.000 -0.0008        
 4821.020  0.0008        
 4821.040 -0.0014        
 4821.060 -0.0066        
 4821.080 -0.0130        
 4821.100 -0.0184        
 4821.120 -0.0221        
 4821.140 -0.0237        
 4821.160 -0.0232        
 4821.180 -0.0210        
 4821.200 -0.0179        
 4821.220 -0.0150        
 4821.240 -0.0133        
 4821.260 -0.0137        
 4821.280 -0.0161        
 4821.300 -0.0193        
 4821.320 -0.0218        
 4821.340 -0.0219        
 4821.360 -0.0189        
 4821.380 -0.0131        
 4821.400 -0.0058        
 4821.420  0.0013        
 4821.440  0.0065        
 4821.460  0.0087        
 4821.480  0.0075        
 4821.500  0.0038        
 4821.520 -0.0015        
 4821.540 -0.0072        
 4821.560 -0.0126        
 4821.580 -0.0172        
 4821.600 -0.0205        
 4821.620 -0.0221        
 4821.640 -0.0215        
 4821.660 -0.0188        
 4821.680 -0.0145        
 4821.700 -0.0098        
 4821.720 -0.0059        
 4821.740 -0.0041        
 4821.760 -0.0051        
 4821.780 -0.0093        
 4821.800 -0.0163        
 4821.820 -0.0250        
 4821.840 -0.0341        
 4821.860 -0.0422        
 4821.880 -0.0486        
 4821.900 -0.0534        
 4821.920 -0.0565        
 4821.940 -0.0575        
 4821.960 -0.0559        
 4821.980 -0.0511        
 4822.000 -0.0430        
 4822.020 -0.0326        
 4822.040 -0.0215        
 4822.060 -0.0123        
 4822.080 -0.0077        
 4822.100 -0.0099        
 4822.120 -0.0186        
 4822.140 -0.0305        
 4822.160 -0.0407        
 4822.180 -0.0451        
 4822.200 -0.0433        
 4822.220 -0.0375        
 4822.240 -0.0315        
 4822.260 -0.0280        
 4822.280 -0.0285        
 4822.300 -0.0329        
 4822.320 -0.0398        
 4822.340 -0.0466        
 4822.360 -0.0509        
 4822.380 -0.0513        
 4822.400 -0.0476        
 4822.420 -0.0408        
 4822.440 -0.0326        
 4822.460 -0.0247        
 4822.480 -0.0187        
 4822.500 -0.0156        
 4822.520 -0.0157        
 4822.540 -0.0192        
 4822.560 -0.0254        
 4822.580 -0.0333        
 4822.600 -0.0412        
 4822.620 -0.0474        
 4822.640 -0.0503        
 4822.660 -0.0491        
 4822.680 -0.0442        
 4822.700 -0.0372        
 4822.720 -0.0304        
 4822.740 -0.0256        
 4822.760 -0.0242        
 4822.780 -0.0258        
 4822.800 -0.0293        
 4822.820 -0.0324        
 4822.840 -0.0328        
 4822.860 -0.0296        
 4822.880 -0.0241        
 4822.900 -0.0204        
 4822.920 -0.0227        
 4822.940 -0.0312        
 4822.960 -0.0410        
 4822.980 -0.0464        
 4823.000 -0.0448        
 4823.020 -0.0375        
 4823.040 -0.0280        
 4823.060 -0.0202        
 4823.080 -0.0167        
 4823.100 -0.0187        
 4823.120 -0.0252        
 4823.140 -0.0342        
 4823.160 -0.0432        
 4823.180 -0.0499        
 4823.200 -0.0529        
 4823.220 -0.0521        
 4823.240 -0.0485        
 4823.260 -0.0442        
 4823.280 -0.0410        
 4823.300 -0.0398        
 4823.320 -0.0398        
 4823.340 -0.0397        
 4823.360 -0.0387        
 4823.380 -0.0368        
 4823.400 -0.0343        
 4823.420 -0.0320        
 4823.440 -0.0302        
 4823.460 -0.0287        
 4823.480 -0.0270        
 4823.500 -0.0246        
 4823.520 -0.0217        
 4823.540 -0.0196        
 4823.560 -0.0195        
 4823.580 -0.0223        
 4823.600 -0.0279        
 4823.620 -0.0351        
 4823.640 -0.0417        
 4823.660 -0.0450        
 4823.680 -0.0431        
 4823.700 -0.0364        
 4823.720 -0.0272        
 4823.740 -0.0190        
 4823.760 -0.0148        
 4823.780 -0.0158        
 4823.800 -0.0214        
 4823.820 -0.0290        
 4823.840 -0.0356        
 4823.860 -0.0388        
 4823.880 -0.0380        
 4823.900 -0.0348        
 4823.920 -0.0317        
 4823.940 -0.0313        
 4823.960 -0.0342        
 4823.980 -0.0396        
 4824.000 -0.0446        
 4824.020 -0.0465        
 4824.040 -0.0435        
 4824.060 -0.0357        
 4824.080 -0.0256        
 4824.100 -0.0162        
 4824.120 -0.0102        
 4824.140 -0.0090        
 4824.160 -0.0119        
 4824.180 -0.0169        
 4824.200 -0.0218        
 4824.220 -0.0250        
 4824.240 -0.0264        
 4824.260 -0.0270        
 4824.280 -0.0282        
 4824.300 -0.0309        
 4824.320 -0.0347        
 4824.340 -0.0380        
 4824.360 -0.0392        
 4824.380 -0.0377        
 4824.400 -0.0339        
 4824.420 -0.0302        
 4824.440 -0.0288        
 4824.460 -0.0316        
 4824.480 -0.0382        
 4824.500 -0.0463        
 4824.520 -0.0522        
 4824.540 -0.0524        
 4824.560 -0.0454        
 4824.580 -0.0321        
 4824.600 -0.0161        
 4824.620 -0.0033        
 4824.640 -0.0017        
 4824.660 -0.0206        
 4824.680 -0.0659        
 4824.700 -0.1323        
 4824.720 -0.1972        
 4824.740 -0.2288        
 4824.760 -0.2094        
 4824.780 -0.1509        
 4824.800 -0.0850        
 4824.820 -0.0394        
 4824.840 -0.0225        
 4824.860 -0.0260        
 4824.880 -0.0368        
 4824.900 -0.0454        
 4824.920 -0.0484        
 4824.940 -0.0463        
 4824.960 -0.0413        
 4824.980 -0.0362        
 4825.000 -0.0325        
 4825.020 -0.0307        
 4825.040 -0.0298        
 4825.060 -0.0278        
 4825.080 -0.0227        
 4825.100 -0.0140        
 4825.120 -0.0027        
 4825.140  0.0089        
 4825.160  0.0179        
 4825.180  0.0218        
 4825.200  0.0197        
 4825.220  0.0125        
 4825.240  0.0030        
 4825.260 -0.0059        
 4825.280 -0.0121        
 4825.300 -0.0154        
 4825.320 -0.0165        
 4825.340 -0.0169        
 4825.360 -0.0178        
 4825.380 -0.0192        
 4825.400 -0.0203        
 4825.420 -0.0197        
 4825.440 -0.0168        
 4825.460 -0.0120        
 4825.480 -0.0071        
 4825.500 -0.0048        
 4825.520 -0.0075        
 4825.540 -0.0163        
 4825.560 -0.0302        
 4825.580 -0.0460        
 4825.600 -0.0597        
 4825.620 -0.0675        
 4825.640 -0.0674        
 4825.660 -0.0598        
 4825.680 -0.0471        
 4825.700 -0.0335        
 4825.720 -0.0231        
 4825.740 -0.0186        
 4825.760 -0.0205        
 4825.780 -0.0270        
 4825.800 -0.0348        
 4825.820 -0.0407        
 4825.840 -0.0423        
 4825.860 -0.0394        
 4825.880 -0.0331        
 4825.900 -0.0263        
 4825.920 -0.0216        
 4825.940 -0.0205        
 4825.960 -0.0234        
 4825.980 -0.0290        
 4826.000 -0.0351        
 4826.020 -0.0388        
 4826.040 -0.0376        
 4826.060 -0.0313        
 4826.080 -0.0231        
 4826.100 -0.0177        
 4826.120 -0.0183        
 4826.140 -0.0250        
 4826.160 -0.0356        
 4826.180 -0.0472        
 4826.200 -0.0570        
 4826.220 -0.0630        
 4826.240 -0.0642        
 4826.260 -0.0611        
 4826.280 -0.0555        
 4826.300 -0.0496        
 4826.320 -0.0457        
 4826.340 -0.0448        
 4826.360 -0.0465        
 4826.380 -0.0494        
 4826.400 -0.0521        
 4826.420 -0.0533        
 4826.440 -0.0533        
 4826.460 -0.0533        
 4826.480 -0.0558        
 4826.500 -0.0634        
 4826.520 -0.0786        
 4826.540 -0.1012        
 4826.560 -0.1273        
 4826.580 -0.1465        
 4826.600 -0.1455        
 4826.620 -0.1173        
 4826.640 -0.0717        
 4826.660 -0.0294        
 4826.680 -0.0051        
 4826.700  0.0013        
 4826.720 -0.0020        
 4826.740 -0.0075        
 4826.760 -0.0112        
 4826.780 -0.0123        
 4826.800 -0.0115        
 4826.820 -0.0102        
 4826.840 -0.0102        
 4826.860 -0.0123        
 4826.880 -0.0169        
 4826.900 -0.0230        
 4826.920 -0.0292        
 4826.940 -0.0342        
 4826.960 -0.0374        
 4826.980 -0.0391        
 4827.000 -0.0397        
 4827.020 -0.0400        
 4827.040 -0.0403        
 4827.060 -0.0405        
 4827.080 -0.0402        
 4827.100 -0.0388        
 4827.120 -0.0363        
 4827.140 -0.0332        
 4827.160 -0.0304        
 4827.180 -0.0294        
 4827.200 -0.0309        
 4827.220 -0.0350        
 4827.240 -0.0409        
 4827.260 -0.0474        
 4827.280 -0.0532        
 4827.300 -0.0577        
 4827.320 -0.0606        
 4827.340 -0.0619        
 4827.360 -0.0620        
 4827.380 -0.0616        
 4827.400 -0.0612        
 4827.420 -0.0609        
 4827.440 -0.0606        
 4827.460 -0.0599        
 4827.480 -0.0586        
 4827.500 -0.0567        
 4827.520 -0.0542        
 4827.540 -0.0515        
 4827.560 -0.0490        
 4827.580 -0.0470        
 4827.600 -0.0460        
 4827.620 -0.0463        
 4827.640 -0.0478        
 4827.660 -0.0501        
 4827.680 -0.0523        
 4827.700 -0.0534        
 4827.720 -0.0526        
 4827.740 -0.0495        
 4827.760 -0.0444        
 4827.780 -0.0384        
 4827.800 -0.0332        
 4827.820 -0.0307        
 4827.840 -0.0321        
 4827.860 -0.0379        
 4827.880 -0.0468        
 4827.900 -0.0566        
 4827.920 -0.0656        
 4827.940 -0.0730        
 4827.960 -0.0792        
 4827.980  0.0000        
 4828.000  0.0000        
