           1.0700  1.0000
          -0.1400  0.0000
 4872.000  0.9814  0.6824
 4872.020  1.0522  0.6736
 4872.040  1.0485  0.6995
 4872.060  1.0514  0.7295
 4872.080  1.0523  0.7523
 4872.100  1.0606  0.7713
 4872.120  1.0766  0.7885
 4872.140  1.0937  0.8000
 4872.160  1.1003  0.8018
 4872.180  1.0852  0.7940
 4872.200  1.0500  0.7694
 4872.220  1.0149  0.7245
 4872.240 -1.0000  0.6812
 4872.260 -1.0000  0.6003
 4872.280 -1.0000  0.4907
 4872.300 -1.0000  0.3807
 4872.320 -1.0000  0.5127
 4872.340 -1.0000  0.6321
 4872.360 -1.0000  0.7214
 4872.380  0.9818  0.7844
 4872.400  0.9962  0.8277
 4872.420  1.0098  0.8614
 4872.440  1.0176  0.8773
 4872.460  1.0216  0.8804
 4872.480  1.0242  0.8776
 4872.500  1.0262  0.8748
 4872.520  1.0267  0.8755
 4872.540  1.0251  0.8821
 4872.560  1.0224  0.8903
 4872.580  1.0211  0.8967
 4872.600  1.0235  0.8974
 4872.620  1.0304  0.8914
 4872.640  1.0398  0.8804
 4872.660  1.0478  0.8692
 4872.680  1.0501  0.8618
 4872.700  1.0441  0.8593
 4872.720  1.0305  0.8601
 4872.740  1.0132  0.8597
 4872.760  0.9973  0.8534
 4872.780  0.9871  0.8385
 4872.800  0.9841  0.8161
 4872.820  0.9867  0.7901
 4872.840  0.9904  0.7652
 4872.860  0.9903  0.7440
 4872.880  0.9845  0.7247
 4872.900  0.9768  0.7012
 4872.920 -1.0000  0.6646
 4872.940 -1.0000  0.6077
 4872.960 -1.0000  0.5281
 4872.980 -1.0000  0.4306
 4873.000 -1.0000  0.3261
 4873.020 -1.0000  0.2296
 4873.040 -1.0000  0.1543
 4873.060 -1.0000  0.1073
 4873.080 -1.0000  0.0879
 4873.100 -1.0000  0.0888
 4873.120 -1.0000  0.1005
 4873.140 -1.0000  0.1154
 4873.160 -1.0000  0.1312
 4873.180 -1.0000  0.1517
 4873.200 -1.0000  0.1840
 4873.220 -1.0000  0.2343
 4873.240 -1.0000  0.3045
 4873.260 -1.0000  0.3903
 4873.280 -1.0000  0.4818
 4873.300 -1.0000  0.5677
 4873.320 -1.0000  0.6387
 4873.340 -1.0000  0.6909
 4873.360  0.9680  0.7261
 4873.380  0.9847  0.7503
 4873.400  1.0066  0.7704
 4873.420  1.0268  0.7911
 4873.440  1.0416  0.8135
 4873.460  1.0507  0.8353
 4873.480  1.0560  0.8533
 4873.500  1.0595  0.8651
 4873.520  1.0623  0.8711
 4873.540  1.0640  0.8737
 4873.560  1.0634  0.8765
 4873.580  1.0598  0.8816
 4873.600  1.0533  0.8893
 4873.620  1.0459  0.8976
 4873.640  1.0398  0.9037
 4873.660  1.0369  0.9059
 4873.680  1.0379  0.9043
 4873.700  1.0415  0.9013
 4873.720  1.0457  0.8996
 4873.740  1.0481  0.9011
 4873.760  1.0479  0.9052
 4873.780  1.0457  0.9094
 4873.800  1.0434  0.9105
 4873.820  1.0425  0.9065
 4873.840  1.0435  0.8982
 4873.860  1.0448  0.8887
 4873.880  1.0434  0.8819
 4873.900  1.0360  0.8799
 4873.920  1.0210  0.8807
 4873.940  0.9985  0.8779
 4873.960  0.9704  0.8625
 4873.980  0.9414  0.8268
 4874.000  0.9188  0.7683
 4874.020 -1.0000  0.6924
 4874.040 -1.0000  0.6116
 4874.060 -1.0000  0.5430
 4874.080 -1.0000  0.5018
 4874.100 -1.0000  0.4969
 4874.120 -1.0000  0.5271
 4874.140 -1.0000  0.5813
 4874.160 -1.0000  0.6419
 4874.180 -1.0000  0.6901
 4874.200  0.8597  0.7117
 4874.220 -1.0000  0.7005
 4874.240 -1.0000  0.6590
 4874.260 -1.0000  0.5963
 4874.280 -1.0000  0.5234
 4874.300 -1.0000  0.4498
 4874.320 -1.0000  0.3811
 4874.340 -1.0000  0.3183
 4874.360 -1.0000  0.2599
 4874.380 -1.0000  0.2045
 4874.400 -1.0000  0.1533
 4874.420 -1.0000  0.1104
 4874.440 -1.0000  0.0823
 4874.460 -1.0000  0.0758
 4874.480 -1.0000  0.0952
 4874.500 -1.0000  0.1408
 4874.520 -1.0000  0.2088
 4874.540 -1.0000  0.2920
 4874.560 -1.0000  0.3817
 4874.580 -1.0000  0.4699
 4874.600 -1.0000  0.5506
 4874.620 -1.0000  0.6204
 4874.640 -1.0000  0.6784
 4874.660  1.0233  0.7249
 4874.680  1.0222  0.7613
 4874.700  1.0208  0.7893
 4874.720  1.0206  0.8107
 4874.740  1.0218  0.8274
 4874.760  1.0239  0.8413
 4874.780  1.0262  0.8541
 4874.800  1.0275  0.8666
 4874.820  1.0275  0.8790
 4874.840  1.0259  0.8902
 4874.860  1.0233  0.8990
 4874.880  1.0208  0.9040
 4874.900  1.0199  0.9051
 4874.920  1.0216  0.9029
 4874.940  1.0269  0.8994
 4874.960  1.0355  0.8964
 4874.980  1.0463  0.8955
 4875.000  1.0575  0.8970
 4875.020  1.0668  0.8999
 4875.040  1.0726  0.9027
 4875.060  1.0739  0.9041
 4875.080  1.0707  0.9033
 4875.100  1.0642  0.9010
 4875.120  1.0556  0.8986
 4875.140  1.0463  0.8975
 4875.160  1.0373  0.8982
 4875.180  1.0289  0.9005
 4875.200  1.0212  0.9031
 4875.220  1.0142  0.9046
 4875.240  1.0083  0.9042
 4875.260  1.0044  0.9021
 4875.280  1.0038  0.8993
 4875.300  1.0078  0.8971
 4875.320  1.0165  0.8958
 4875.340  1.0287  0.8946
 4875.360  1.0422  0.8917
 4875.380  1.0537  0.8850
 4875.400  1.0601  0.8737
 4875.420  1.0597  0.8583
 4875.440  1.0526  0.8410
 4875.460  1.0409  0.8241
 4875.480  1.0291  0.8085
 4875.500  1.0215  0.7924
 4875.520  1.0207  0.7714
 4875.540  1.0241  0.7391
 4875.560 -1.0000  0.6903
 4875.580 -1.0000  0.6227
 4875.600 -1.0000  0.5388
 4875.620 -1.0000  0.4454
 4875.640 -1.0000  0.3521
 4875.660 -1.0000  0.2679
 4875.680 -1.0000  0.1991
 4875.700 -1.0000  0.1475
 4875.720 -1.0000  0.1115
 4875.740 -1.0000  0.0879
 4875.760 -1.0000  0.0749
 4875.780 -1.0000  0.0737
 4875.800 -1.0000  0.0886
 4875.820 -1.0000  0.1248
 4875.840 -1.0000  0.1858
 4875.860 -1.0000  0.2707
 4875.880 -1.0000  0.3729
 4875.900 -1.0000  0.4812
 4875.920 -1.0000  0.5828
 4875.940 -1.0000  0.6669
 4875.960 -1.0000  0.7278
 4875.980  1.0576  0.7655
 4876.000  1.0583  0.7855
 4876.020  1.0572  0.7955
 4876.040  1.0530  0.8031
 4876.060  1.0458  0.8129
 4876.080  1.0362  0.8264
 4876.100  1.0249  0.8425
 4876.120  1.0124  0.8586
 4876.140  0.9988  0.8730
 4876.160  0.9845  0.8852
 4876.180  0.9704  0.8956
 4876.200  0.9575  0.9053
 4876.220  0.9466  0.9147
 4876.240  0.9382  0.9233
 4876.260  0.9316  0.9301
 4876.280  0.9257  0.9340
 4876.300  0.9188  0.9347
 4876.320  0.9100  0.9331
 4876.340  0.8992  0.9309
 4876.360  0.8875  0.9298
 4876.380  0.8762  0.9308
 4876.400  0.8667  0.9336
 4876.420  0.8595  0.9370
 4876.440  0.8542  0.9392
 4876.460  0.8502  0.9391
 4876.480  0.8472  0.9363
 4876.500  0.8460  0.9319
 4876.520  0.8483  0.9272
 4876.540  0.8562  0.9236
 4876.560  0.8708  0.9217
 4876.580  0.8912  0.9210
 4876.600  0.9145  0.9197
 4876.620  0.9364  0.9160
 4876.640  0.9526  0.9079
 4876.660  0.9604  0.8946
 4876.680  0.9594  0.8762
 4876.700  0.9525  0.8540
 4876.720  0.9439  0.8299
 4876.740  0.9386  0.8065
 4876.760  0.9399  0.7854
 4876.780  0.9483  0.7676
 4876.800  0.9614  0.7518
 4876.820  0.9750  0.7347
 4876.840  0.9844  0.7110
 4876.860 -1.0000  0.6746
 4876.880 -1.0000  0.6202
 4876.900 -1.0000  0.5454
 4876.920 -1.0000  0.4525
 4876.940 -1.0000  0.3491
 4876.960 -1.0000  0.2472
 4876.980 -1.0000  0.1609
 4877.000 -1.0000  0.1033
 4877.020 -1.0000  0.0828
 4877.040 -1.0000  0.1014
 4877.060 -1.0000  0.1540
 4877.080 -1.0000  0.2309
 4877.100 -1.0000  0.3201
 4877.120 -1.0000  0.4110
 4877.140 -1.0000  0.4965
 4877.160 -1.0000  0.5735
 4877.180 -1.0000  0.6418
 4877.200 -1.0000  0.7023
 4877.220  0.8975  0.7549
 4877.240  0.8910  0.7978
 4877.260  0.8877  0.8285
 4877.280  0.8905  0.8455
 4877.300  0.8974  0.8498
 4877.320  0.9033  0.8462
 4877.340  0.9036  0.8414
 4877.360  0.8968  0.8422
 4877.380  0.8850  0.8516
 4877.400  0.8731  0.8674
 4877.420  0.8661  0.8814
 4877.440  0.8666  0.8826
 4877.460  0.8741  0.8612
 4877.480  0.8849  0.8135
 4877.500  0.8942  0.7443
 4877.520 -1.0000  0.6672
 4877.540 -1.0000  0.6008
 4877.560 -1.0000  0.5627
 4877.580 -1.0000  0.5641
 4877.600 -1.0000  0.6054
 4877.620 -1.0000  0.6763
 4877.640  0.9341  0.7594
 4877.660  0.9456  0.8360
 4877.680  0.9566  0.8918
 4877.700  0.9616  0.9211
 4877.720  0.9598  0.9270
 4877.740  0.9539  0.9194
 4877.760  0.9478  0.9093
 4877.780  0.9452  0.9050
 4877.800  0.9481  0.9094
 4877.820  0.9557  0.9198
 4877.840  0.9653  0.9303
 4877.860  0.9737  0.9350
 4877.880  0.9792  0.9307
 4877.900  0.9820  0.9180
 4877.920  0.9840  0.9000
 4877.940  0.9880  0.8809
 4877.960  0.9962  0.8639
 4877.980  1.0085  0.8502
 4878.000  1.0226  0.8394
 4878.020  1.0345  0.8303
 4878.040  1.0404  0.8217
 4878.060  1.0382  0.8124
 4878.080  1.0284  0.8004
 4878.100  1.0145  0.7818
 4878.120  1.0030  0.7507
 4878.140 -1.0000  0.7007
 4878.160 -1.0000  0.6270
 4878.180 -1.0000  0.5301
 4878.200 -1.0000  0.4169
 4878.220 -1.0000  0.3013
 4878.240 -1.0000  0.2007
 4878.260 -1.0000  0.1317
 4878.280 -1.0000  0.1054
 4878.300 -1.0000  0.1242
 4878.320 -1.0000  0.1820
 4878.340 -1.0000  0.2664
 4878.360 -1.0000  0.3633
 4878.380 -1.0000  0.4605
 4878.400 -1.0000  0.5504
 4878.420 -1.0000  0.6297
 4878.440 -1.0000  0.6983
 4878.460  1.0095  0.7566
 4878.480  1.0035  0.8045
 4878.500  0.9976  0.8411
 4878.520  0.9957  0.8659
 4878.540  0.9991  0.8801
 4878.560  1.0062  0.8871
 4878.580  1.0144  0.8917
 4878.600  1.0205  0.8981
 4878.620  1.0230  0.9082
 4878.640  1.0221  0.9208
 4878.660  1.0192  0.9324
 4878.680  1.0164  0.9397
 4878.700  1.0149  0.9409
 4878.720  1.0144  0.9378
 4878.740  1.0137  0.9339
 4878.760  1.0110  0.9332
 4878.780  1.0054  0.9371
 4878.800  0.9973  0.9436
 4878.820  0.9879  0.9479
 4878.840  0.9788  0.9448
 4878.860  0.9702  0.9323
 4878.880  0.9615  0.9126
 4878.900  0.9509  0.8921
 4878.920  0.9367  0.8783
 4878.940  0.9193  0.8767
 4878.960  0.9013  0.8873
 4878.980  0.8870  0.9051
 4879.000  0.8807  0.9221
 4879.020  0.8849  0.9314
 4879.040  0.8992  0.9309
 4879.060  0.9201  0.9235
 4879.080  0.9417  0.9156
 4879.100  0.9580  0.9121
 4879.120  0.9648  0.9125
 4879.140  0.9621  0.9096
 4879.160  0.9537  0.8920
 4879.180  0.9450  0.8498
 4879.200  0.9405  0.7807
 4879.220 -1.0000  0.6938
 4879.240 -1.0000  0.6081
 4879.260 -1.0000  0.5462
 4879.280 -1.0000  0.5257
 4879.300 -1.0000  0.5510
 4879.320 -1.0000  0.6104
 4879.340 -1.0000  0.6791
 4879.360  1.0254  0.7280
 4879.380 -1.0000  0.7338
 4879.400 -1.0000  0.6872
 4879.420 -1.0000  0.5957
 4879.440 -1.0000  0.4802
 4879.460 -1.0000  0.3670
 4879.480 -1.0000  0.2788
 4879.500 -1.0000  0.2285
 4879.520 -1.0000  0.2179
 4879.540 -1.0000  0.2401
 4879.560 -1.0000  0.2849
 4879.580 -1.0000  0.3438
 4879.600 -1.0000  0.4119
 4879.620 -1.0000  0.4875
 4879.640 -1.0000  0.5693
 4879.660 -1.0000  0.6536
 4879.680 -1.0000  0.7340
 4879.700  1.0200  0.8021
 4879.720  1.0059  0.8513
 4879.740  0.9954  0.8789
 4879.760  0.9964  0.8875
 4879.780  1.0073  0.8838
 4879.800  1.0207  0.8759
 4879.820  1.0298  0.8702
 4879.840  1.0310  0.8698
 4879.860  1.0257  0.8746
 4879.880  1.0188  0.8825
 4879.900  1.0153  0.8914
 4879.920  1.0175  0.9009
 4879.940  1.0238  0.9115
 4879.960  1.0301  0.9242
 4879.980  1.0319  0.9384
 4880.000  1.0271  0.9523
 4880.020  1.0171  0.9627
 4880.040  1.0056  0.9674
 4880.060  0.9970  0.9659
 4880.080  0.9940  0.9604
 4880.100  0.9966  0.9545
 4880.120  1.0021  0.9516
 4880.140  1.0070  0.9533
 4880.160  1.0089  0.9583
 4880.180  1.0080  0.9634
 4880.200  1.0066  0.9651
 4880.220  1.0078  0.9618
 4880.240  1.0130  0.9544
 4880.260  1.0212  0.9461
 4880.280  1.0285  0.9408
 4880.300  1.0302  0.9405
 4880.320  1.0235  0.9448
 4880.340  1.0088  0.9508
 4880.360  0.9899  0.9547
 4880.380  0.9724  0.9539
 4880.400  0.9610  0.9477
 4880.420  0.9575  0.9383
 4880.440  0.9604  0.9286
 4880.460  0.9658  0.9213
 4880.480  0.9699  0.9169
 4880.500  0.9714  0.9139
 4880.520  0.9727  0.9090
 4880.540  0.9785  0.8989
 4880.560  0.9936  0.8805
 4880.580  1.0191  0.8516
 4880.600  1.0496  0.8103
 4880.620  1.0734  0.7551
 4880.640 -1.0000  0.6852
 4880.660 -1.0000  0.6023
 4880.680 -1.0000  0.5121
 4880.700 -1.0000  0.4249
 4880.720 -1.0000  0.3544
 4880.740 -1.0000  0.3140
 4880.760 -1.0000  0.3119
 4880.780 -1.0000  0.3475
 4880.800 -1.0000  0.4100
 4880.820 -1.0000  0.4813
 4880.840 -1.0000  0.5419
 4880.860 -1.0000  0.5777
 4880.880 -1.0000  0.5854
 4880.900 -1.0000  0.5731
 4880.920 -1.0000  0.5573
 4880.940 -1.0000  0.5557
 4880.960 -1.0000  0.5801
 4880.980 -1.0000  0.6322
 4881.000 -1.0000  0.7033
 4881.020  0.9745  0.7786
 4881.040  0.9879  0.8433
 4881.060  1.0033  0.8881
 4881.080  1.0145  0.9119
 4881.100  1.0206  0.9205
 4881.120  1.0230  0.9229
 4881.140  1.0228  0.9265
 4881.160  1.0202  0.9345
 4881.180  1.0147  0.9456
 4881.200  1.0056  0.9559
 4881.220  0.9927  0.9621
 4881.240  0.9768  0.9633
 4881.260  0.9598  0.9613
 4881.280  0.9439  0.9590
 4881.300  0.9313  0.9590
 4881.320  0.9230  0.9614
 4881.340  0.9185  0.9647
 4881.360  0.9169  0.9665
 4881.380  0.9167  0.9658
 4881.400  0.9176  0.9633
 4881.420  0.9198  0.9609
 4881.440  0.9243  0.9608
 4881.460  0.9324  0.9634
 4881.480  0.9443  0.9671
 4881.500  0.9593  0.9692
 4881.520  0.9760  0.9674
 4881.540  0.9922  0.9615
 4881.560  1.0062  0.9534
 4881.580  1.0164  0.9459
 4881.600  1.0225  0.9406
 4881.620  1.0250  0.9365
 4881.640  1.0248  0.9298
 4881.660  1.0229  0.9163
 4881.680  1.0201  0.8945
 4881.700  1.0168  0.8672
 4881.720  1.0135  0.8418
 4881.740  1.0110  0.8268
 4881.760  1.0101  0.8267
 4881.780  1.0114  0.8379
 4881.800  1.0142  0.8482
 4881.820  1.0170  0.8395
 4881.840 -1.0000  0.7955
 4881.860 -1.0000  0.7092
 4881.880 -1.0000  0.5879
 4881.900 -1.0000  0.4530
 4881.920 -1.0000  0.3338
 4881.940 -1.0000  0.2582
 4881.960 -1.0000  0.2431
 4881.980 -1.0000  0.2896
 4882.000 -1.0000  0.3833
 4882.020 -1.0000  0.5007
 4882.040 -1.0000  0.6175
 4882.060 -1.0000  0.7163
 4882.080  1.0428  0.7897
 4882.100  1.0348  0.8397
 4882.120  1.0221  0.8733
 4882.140  1.0096  0.8974
 4882.160  1.0030  0.9157
 4882.180  1.0055  0.9290
 4882.200  1.0165  0.9369
 4882.220  1.0323  0.9399
 4882.240  1.0472  0.9408
 4882.260  1.0567  0.9431
 4882.280  1.0588  0.9493
 4882.300  1.0551  0.9585
 4882.320  1.0491  0.9667
 4882.340  1.0447  0.9691
 4882.360  1.0441  0.9631
 4882.380  1.0469  0.9507
 4882.400  1.0503  0.9377
 4882.420  1.0510  0.9306
 4882.440  1.0469  0.9324
 4882.460  1.0385  0.9390
 4882.480  1.0282  0.9397
 4882.500  1.0194  0.9217
 4882.520  1.0148  0.8765
 4882.540  1.0148  0.8056
 4882.560  1.0179  0.7228
 4882.580  1.0200  0.6498
 4882.600  1.0169  0.6090
 4882.620  1.0072  0.6138
 4882.640  0.9940  0.6635
 4882.660  0.9827  0.7427
 4882.680  0.9770  0.8280
 4882.700  0.9776  0.8968
 4882.720  0.9830  0.9362
 4882.740  0.9908  0.9467
 4882.760  0.9985  0.9396
 4882.780  1.0042  0.9301
 4882.800  1.0077  0.9294
 4882.820  1.0101  0.9395
 4882.840  1.0130  0.9539
 4882.860  1.0178  0.9618
 4882.880  1.0241  0.9557
 4882.900  1.0297  0.9359
 4882.920  1.0317  0.9105
 4882.940  1.0275  0.8906
 4882.960  1.0164  0.8829
 4882.980  1.0008  0.8845
 4883.000  0.9850  0.8815
 4883.020  0.9742  0.8549
 4883.040 -1.0000  0.7893
 4883.060 -1.0000  0.6819
 4883.080 -1.0000  0.5464
 4883.100 -1.0000  0.4110
 4883.120 -1.0000  0.3090
 4883.140 -1.0000  0.2674
 4883.160 -1.0000  0.2975
 4883.180 -1.0000  0.3909
 4883.200 -1.0000  0.5230
 4883.220 -1.0000  0.6622
 4883.240 -1.0000  0.7802
 4883.260  1.0219  0.8607
 4883.280  1.0261  0.9021
 4883.300  1.0298  0.9147
 4883.320  1.0302  0.9145
 4883.340  1.0250  0.9155
 4883.360  1.0137  0.9250
 4883.380  0.9977  0.9423
 4883.400  0.9797  0.9610
 4883.420  0.9629  0.9730
 4883.440  0.9499  0.9728
 4883.460  0.9423  0.9593
 4883.480  0.9405  0.9363
 4883.500  0.9437  0.9107
 4883.520  0.9497  0.8898
 4883.540  0.9562  0.8791
 4883.560  0.9620  0.8810
 4883.580  0.9671  0.8947
 4883.600  0.9731  0.9165
 4883.620  0.9818  0.9408
 4883.640  0.9936  0.9623
 4883.660  1.0073  0.9769
 4883.680  1.0195  0.9826
 4883.700  1.0264  0.9807
 4883.720  1.0252  0.9741
 4883.740  1.0156  0.9671
 4883.760  1.0007  0.9631
 4883.780  0.9860  0.9635
 4883.800  0.9770  0.9672
 4883.820  0.9762  0.9717
 4883.840  0.9820  0.9742
 4883.860  0.9888  0.9734
 4883.880  0.9893  0.9703
 4883.900  0.9779  0.9672
 4883.920  0.9533  0.9665
 4883.940  0.9195  0.9689
 4883.960  0.8848  0.9727
 4883.980  0.8580  0.9744
 4884.000  0.8450  0.9707
 4884.020  0.8472  0.9607
 4884.040  0.8608  0.9466
 4884.060  0.8793  0.9328
 4884.080  0.8959  0.9229
 4884.100  0.9065  0.9165
 4884.120  0.9116  0.9077
 4884.140  0.9144  0.8855
 4884.160  0.9169  0.8383
 4884.180 -1.0000  0.7596
 4884.200 -1.0000  0.6526
 4884.220 -1.0000  0.5319
 4884.240 -1.0000  0.4203
 4884.260 -1.0000  0.3421
 4884.280 -1.0000  0.3152
 4884.300 -1.0000  0.3443
 4884.320 -1.0000  0.4196
 4884.340 -1.0000  0.5206
 4884.360 -1.0000  0.6227
 4884.380 -1.0000  0.7061
 4884.400  0.9497  0.7617
 4884.420  0.9639  0.7916
 4884.440  0.9746  0.8066
 4884.460  0.9730  0.8197
 4884.480  0.9586  0.8403
 4884.500  0.9371  0.8705
 4884.520  0.9155  0.9058
 4884.540  0.8993  0.9386
 4884.560  0.8909  0.9618
 4884.580  0.8903  0.9728
 4884.600  0.8959  0.9740
 4884.620  0.9058  0.9707
 4884.640  0.9179  0.9687
 4884.660  0.9305  0.9710
 4884.680  0.9423  0.9773
 4884.700  0.9521  0.9848
 4884.720  0.9589  0.9900
 4884.740  0.9628  0.9912
 4884.760  0.9644  0.9888
 4884.780  0.9654  0.9852
 4884.800  0.9680  0.9831
 4884.820  0.9737  0.9838
 4884.840  0.9829  0.9868
 4884.860  0.9941  0.9902
 4884.880  1.0044  0.9921
 4884.900  1.0108  0.9916
 4884.920  1.0115  0.9893
 4884.940  1.0068  0.9867
 4884.960  0.9993  0.9855
 4884.980  0.9930  0.9860
 4885.000  0.9913  0.9874
 4885.020  0.9959  0.9881
 4885.040  1.0060  0.9866
 4885.060  1.0183  0.9828
 4885.080  1.0290  0.9776
 4885.100  1.0349  0.9724
 4885.120  1.0347  0.9684
 4885.140  1.0293  0.9658
 4885.160  1.0212  0.9635
 4885.180  1.0127  0.9603
 4885.200  1.0054  0.9551
 4885.220  0.9992  0.9480
 4885.240  0.9933  0.9392
 4885.260  0.9867  0.9281
 4885.280  0.9790  0.9118
 4885.300  0.9710  0.8857
 4885.320  0.9640  0.8445
 4885.340  0.9597  0.7853
 4885.360 -1.0000  0.7101
 4885.380 -1.0000  0.6280
 4885.400 -1.0000  0.5535
 4885.420 -1.0000  0.5034
 4885.440 -1.0000  0.4908
 4885.460 -1.0000  0.5210
 4885.480 -1.0000  0.5883
 4885.500 -1.0000  0.6781
 4885.520 -1.0000  0.7711
 4885.540  0.9896  0.8495
 4885.560  0.9981  0.9028
 4885.580  1.0073  0.9299
 4885.600  1.0139  0.9381
 4885.620  1.0170  0.9386
 4885.640  1.0178  0.9411
 4885.660  1.0184  0.9494
 4885.680  1.0202  0.9609
 4885.700  1.0239  0.9683
 4885.720  1.0289  0.9639
 4885.740  1.0338  0.9445
 4885.760  1.0369  0.9130
 4885.780  1.0375  0.8784
 4885.800  1.0356  0.8522
 4885.820  1.0325  0.8438
 4885.840  1.0298  0.8568
 4885.860  1.0289  0.8877
 4885.880  1.0298  0.9272
 4885.900  1.0318  0.9639
 4885.920  1.0336  0.9883
 4885.940  1.0344  0.9966
 4885.960  1.0336  0.9911
 4885.980  1.0312  0.9786
 4886.000  1.0274  0.9677
 4886.020  1.0224  0.9643
 4886.040  1.0165  0.9703
 4886.060  1.0102  0.9821
 4886.080  1.0041  0.9933
 4886.100  0.9990  0.9967
 4886.120  0.9957  0.9879
 4886.140  0.9948  0.9668
 4886.160  0.9959  0.9378
 4886.180  0.9982  0.9082
 4886.200  0.9997  0.8855
 4886.220  0.9985  0.8746
 4886.240  0.9938  0.8768
 4886.260  0.9862  0.8894
 4886.280  0.9780  0.9075
 4886.300  0.9714  0.9259
 4886.320  0.9683  0.9412
 4886.340  0.9691  0.9526
 4886.360  0.9726  0.9607
 4886.380  0.9768  0.9663
 4886.400  0.9800  0.9679
 4886.420  0.9810  0.9615
 4886.440  0.9805  0.9413
 4886.460  0.9800  0.9024
 4886.480  0.9816  0.8440
 4886.500  0.9871  0.7717
 4886.520  0.9967  0.6980
 4886.540  1.0087  0.6391
 4886.560  1.0193  0.6103
 4886.580  1.0252  0.6208
 4886.600  1.0261  0.6699
 4886.620  1.0243  0.7465
 4886.640  1.0232  0.8325
 4886.660  1.0249  0.9086
 4886.680  1.0291  0.9607
 4886.700  1.0340  0.9836
 4886.720  1.0369  0.9824
 4886.740  1.0350  0.9688
 4886.760  1.0271  0.9557
 4886.780  1.0143  0.9521
 4886.800  0.9993  0.9599
 4886.820  0.9851  0.9742
 4886.840  0.9731  0.9870
 4886.860  0.9620  0.9919
 4886.880  0.9485  0.9870
 4886.900  0.9291  0.9765
 4886.920  0.9018  0.9677
 4886.940  0.8678  0.9668
 4886.960  0.8317  0.9755
 4886.980  0.7999  0.9891
 4887.000  0.7779  0.9985
 4887.020  0.7688  0.9947
 4887.040  0.7730  0.9731
 4887.060  0.7888  0.9371
 4887.080  0.8126  0.8967
 4887.100  0.8396  0.8654
 4887.120  0.8647  0.8541
 4887.140  0.8851  0.8669
 4887.160  0.9006  0.8991
 4887.180  0.9137  0.9393
 4887.200  0.9279  0.9743
 4887.220  0.9455  0.9947
 4887.240  0.9668  0.9981
 4887.260  0.9899  0.9896
 4887.280  1.0115  0.9785
 4887.300  1.0280  0.9732
 4887.320  1.0373  0.9773
 4887.340  1.0400  0.9881
 4887.360  1.0388  0.9987
 4887.380  1.0370  1.0021
 4887.400  1.0369  0.9955
 4887.420  1.0385  0.9816
 4887.440  1.0395  0.9680
 4887.460  1.0365  0.9622
 4887.480  1.0269  0.9677
 4887.500  1.0101  0.9804
 4887.520  0.9883  0.9898
 4887.540  0.9651  0.9832
 4887.560  0.9445  0.9514
 4887.580  0.9298  0.8942
 4887.600  0.9229  0.8216
 4887.620  0.9234  0.7511
 4887.640  0.9281  0.7017
 4887.660  0.9320  0.6864
 4887.680  0.9313  0.7079
 4887.700  0.9254  0.7580
 4887.720  0.9173  0.8209
 4887.740  0.9113  0.8800
 4887.760  0.9104  0.9238
 4887.780  0.9155  0.9490
 4887.800  0.9254  0.9599
 4887.820  0.9369  0.9642
 4887.840  0.9464  0.9683
 4887.860  0.9518  0.9736
 4887.880  0.9534  0.9764
 4887.900  0.9538  0.9706
 4887.920  0.9571  0.9521
 4887.940  0.9667  0.9222
 4887.960  0.9834  0.8882
 4887.980  1.0044  0.8609
 4888.000  1.0237  0.8496
 4888.020  1.0349  0.8580
 4888.040  1.0349  0.8822
 4888.060  1.0248  0.9123
 4888.080  1.0094  0.9365
 4888.100  0.9943  0.9467
 4888.120  0.9834  0.9418
 4888.140  0.9777  0.9279
 4888.160  0.9752  0.9151
 4888.180  0.9718  0.9129
 4888.200  0.9629  0.9254
 4888.220  0.9465  0.9496
 4888.240  0.9233  0.9771
 4888.260  0.8967  0.9982
 4888.280  0.8709  1.0065
 4888.300  0.8499  1.0018
 4888.320  0.8362  0.9896
 4888.340  0.8307  0.9782
 4888.360  0.8324  0.9745
 4888.380  0.8392  0.9804
 4888.400  0.8488  0.9924
 4888.420  0.8597  1.0034
 4888.440  0.8717  1.0068
 4888.460  0.8852  1.0001
 4888.480  0.9003  0.9863
 4888.500  0.9165  0.9723
 4888.520  0.9326  0.9653
 4888.540  0.9471  0.9689
 4888.560  0.9595  0.9807
 4888.580  0.9704  0.9929
 4888.600  0.9813  0.9954
 4888.620  0.9934  0.9806
 4888.640  1.0065  0.9471
 4888.660  1.0185  0.9004
 4888.680  1.0256  0.8515
 4888.700  1.0235  0.8119
 4888.720  1.0101  0.7899
 4888.740  0.9873  0.7874
 4888.760  0.9601  0.7996
 4888.780  0.9349  0.8183
 4888.800  0.9157  0.8352
 4888.820  0.9040  0.8458
 4888.840  0.8983  0.8505
 4888.860  0.8960  0.8537
 4888.880  0.8948  0.8610
 4888.900  0.8936  0.8761
 4888.920  0.8933  0.8992
 4888.940  0.8958  0.9262
 4888.960  0.9029  0.9517
 4888.980  0.9152  0.9704
 4889.000  0.9318  0.9801
 4889.020  0.9504  0.9818
 4889.040  0.9685  0.9793
 4889.060  0.9837  0.9769
 4889.080  0.9952  0.9776
 4889.100  1.0038  0.9821
 4889.120  1.0109  0.9889
 4889.140  1.0179  0.9952
 4889.160  1.0250  0.9986
 4889.180  1.0313  0.9982
 4889.200  1.0349  0.9947
 4889.220  1.0346  0.9899
 4889.240  1.0302  0.9858
 4889.260  1.0230  0.9837
 4889.280  1.0155  0.9837
 4889.300  1.0096  0.9852
 4889.320  1.0061  0.9873
 4889.340  1.0041  0.9893
 4889.360  1.0011  0.9906
 4889.380  0.9950  0.9912
 4889.400  0.9843  0.9909
 4889.420  0.9697  0.9897
 4889.440  0.9536  0.9877
 4889.460  0.9391  0.9852
 4889.480  0.9287  0.9828
 4889.500  0.9230  0.9812
 4889.520  0.9209  0.9804
 4889.540  0.9199  0.9788
 4889.560  0.9175  0.9734
 4889.580  0.9126  0.9598
 4889.600  0.9060  0.9336
 4889.620  0.9007  0.8928
 4889.640  0.9004  0.8388
 4889.660  0.9091  0.7776
 4889.680  0.9283  0.7188
 4889.700  0.9555  0.6732
 4889.720  0.9837  0.6502
 4889.740  1.0040  0.6546
 4889.760  1.0103  0.6852
 4889.780  1.0025  0.7355
 4889.800  0.9852  0.7950
 4889.820  0.9646  0.8532
 4889.840  0.9460  0.9016
 4889.860  0.9325  0.9362
 4889.880  0.9252  0.9574
 4889.900  0.9238  0.9687
 4889.920  0.9268  0.9745
 4889.940  0.9325  0.9785
 4889.960  0.9391  0.9824
 4889.980  0.9450  0.9861
 4890.000  0.9493  0.9886
 4890.020  0.9511  0.9890
 4890.040  0.9502  0.9879
 4890.060  0.9466  0.9864
 4890.080  0.9408  0.9862
 4890.100  0.9339  0.9882
 4890.120  0.9274  0.9920
 4890.140  0.9226  0.9958
 4890.160  0.9206  0.9976
 4890.180  0.9211  0.9956
 4890.200  0.9234  0.9898
 4890.220  0.9255  0.9815
 4890.240  0.9254  0.9732
 4890.260  0.9218  0.9670
 4890.280  0.9142  0.9641
 4890.300  0.9035  0.9642
 4890.320  0.8917  0.9660
 4890.340  0.8814  0.9683
 4890.360  0.8747  0.9704
 4890.380  0.8732  0.9728
 4890.400  0.8769  0.9763
 4890.420  0.8852  0.9810
 4890.440  0.8965  0.9854
 4890.460  0.9090  0.9860
 4890.480  0.9211  0.9788
 4890.500  0.9318  0.9607
 4890.520  0.9401  0.9324
 4890.540  0.9454  0.8984
 4890.560  0.9472  0.8672
 4890.580  0.9455  0.8485
 4890.600  0.9410  0.8493
 4890.620  0.9355  0.8710
 4890.640  0.9312  0.9083
 4890.660  0.9297  0.9500
 4890.680  0.9324  0.9830
 4890.700  0.9392  0.9969
 4890.720  0.9498  0.9876
 4890.740  0.9626  0.9594
 4890.760  0.9754  0.9227
 4890.780  0.9850  0.8909
 4890.800  0.9888  0.8743
 4890.820  0.9851  0.8778
 4890.840  0.9746  0.8983
 4890.860  0.9593  0.9274
 4890.880  0.9417  0.9548
 4890.900  0.9242  0.9727
 4890.920  0.9084  0.9784
 4890.940  0.8956  0.9749
 4890.960  0.8865  0.9687
 4890.980  0.8818  0.9662
 4891.000  0.8809  0.9702
 4891.020  0.8828  0.9783
 4891.040  0.8854  0.9836
 4891.060  0.8869  0.9773
 4891.080  0.8859  0.9529
 4891.100  0.8819  0.9090
 4891.120  0.8757  0.8512
 4891.140  0.8696  0.7908
 4891.160  0.8668  0.7416
 4891.180  0.8702  0.7163
 4891.200  0.8800  0.7220
 4891.220  0.8936  0.7581
 4891.240  0.9063  0.8161
 4891.260  0.9145  0.8818
 4891.280  0.9161  0.9392
 4891.300  0.9113  0.9746
 4891.320  0.9012  0.9808
 4891.340  0.8879  0.9588
 4891.360  0.8735  0.9171
 4891.380  0.8605  0.8694
 4891.400  0.8510  0.8305
 4891.420  0.8458  0.8112
 4891.440  0.8446  0.8161
 4891.460  0.8459  0.8420
 4891.480  0.8481  0.8803
 4891.500  0.8504  0.9199
 4891.520  0.8526  0.9512
 4891.540  0.8555  0.9694
 4891.560  0.8600  0.9750
 4891.580  0.8672  0.9729
 4891.600  0.8777  0.9694
 4891.620  0.8919  0.9693
 4891.640  0.9095  0.9738
 4891.660  0.9298  0.9807
 4891.680  0.9516  0.9858
 4891.700  0.9733  0.9852
 4891.720  0.9928  0.9770
 4891.740  1.0076  0.9621
 4891.760  1.0161  0.9437
 4891.780  1.0176  0.9250
 4891.800  1.0137  0.9088
 4891.820  1.0073  0.8962
 4891.840  1.0020  0.8872
 4891.860  1.0001  0.8822
 4891.880  1.0021  0.8820
 4891.900  1.0058  0.8883
 4891.920  1.0078  0.9022
 4891.940  1.0052  0.9229
 4891.960  0.9970  0.9467
 4891.980  0.9847  0.9683
 4892.000  0.9716  0.9819
 4892.020  0.9617  0.9847
 4892.040  0.9577  0.9778
 4892.060  0.9606  0.9666
 4892.080  0.9686  0.9581
 4892.100  0.9786  0.9577
 4892.120  0.9868  0.9657
 4892.140  0.9914  0.9769
 4892.160  0.9925  0.9824
 4892.180  0.9922  0.9736
 4892.200  0.9934  0.9472
 4892.220  0.9980  0.9076
 4892.240  1.0059  0.8659
 4892.260  1.0147  0.8364
 4892.280  1.0206  0.8298
 4892.300  1.0205  0.8493
 4892.320  1.0145  0.8883
 4892.340  1.0051  0.9332
 4892.360  0.9964  0.9693
 4892.380  0.9918  0.9867
 4892.400  0.9929  0.9845
 4892.420  0.9992  0.9704
 4892.440  1.0083  0.9563
 4892.460  1.0163  0.9524
 4892.480  1.0200  0.9609
 4892.500  1.0179  0.9753
 4892.520  1.0106  0.9822
 4892.540  1.0000  0.9681
 4892.560  0.9882  0.9255
 4892.580  0.9765  0.8577
 4892.600  0.9658  0.7782
 4892.620  0.9569  0.7065
 4892.640  0.9508  0.6609
 4892.660  0.9487  0.6524
 4892.680  0.9514  0.6806
 4892.700  0.9586  0.7356
 4892.720  0.9692  0.8011
 4892.740  0.9813  0.8615
 4892.760  0.9934  0.9058
 4892.780  1.0036  0.9308
 4892.800  1.0105  0.9397
 4892.820  1.0132  0.9397
 4892.840  1.0119  0.9383
 4892.860  1.0080  0.9408
 4892.880  1.0035  0.9489
 4892.900  1.0002  0.9617
 4892.920  0.9993  0.9760
 4892.940  1.0007  0.9884
 4892.960  1.0036  0.9950
 4892.980  1.0064  0.9927
 4893.000  1.0080  0.9796
 4893.020  1.0069  0.9552
 4893.040  1.0024  0.9219
 4893.060  0.9941  0.8845
 4893.080  0.9825  0.8504
 4893.100  0.9692  0.8271
 4893.120  0.9569  0.8205
 4893.140  0.9488  0.8327
 4893.160  0.9474  0.8610
 4893.180  0.9531  0.8986
 4893.200  0.9650  0.9370
 4893.220  0.9805  0.9685
 4893.240  0.9967  0.9884
 4893.260  1.0104  0.9963
 4893.280  1.0192  0.9953
 4893.300  1.0220  0.9900
 4893.320  1.0190  0.9850
 4893.340  1.0118  0.9830
 4893.360  1.0026  0.9846
 4893.380  0.9935  0.9890
 4893.400  0.9852  0.9942
 4893.420  0.9774  0.9987
 4893.440  0.9691  1.0013
 4893.460  0.9591  1.0016
 4893.480  0.9465  0.9997
 4893.500  0.9312  0.9964
 4893.520  0.9141  0.9928
 4893.540  0.8961  0.9904
 4893.560  0.8783  0.9902
 4893.580  0.8619  0.9926
 4893.600  0.8479  0.9964
 4893.620  0.8374  0.9993
 4893.640  0.8317  0.9983
 4893.660  0.8319  0.9914
 4893.680  0.8390  0.9792
 4893.700  0.8531  0.9646
 4893.720  0.8725  0.9528
 4893.740  0.8944  0.9481
 4893.760  0.9151  0.9523
 4893.780  0.9315  0.9626
 4893.800  0.9424  0.9722
 4893.820  0.9489  0.9729
 4893.840  0.9533  0.9590
 4893.860  0.9585  0.9304
 4893.880  0.9665  0.8935
 4893.900  0.9774  0.8591
 4893.920  0.9890  0.8373
 4893.940  0.9980  0.8330
 4893.960  1.0013  0.8422
 4893.980  0.9979  0.8535
 4894.000  0.9890  0.8521
 4894.020  0.9771  0.8272
 4894.040  0.9653  0.7773
 4894.060  0.9571  0.7129
 4894.080  0.9554  0.6531
 4894.100  0.9618  0.6186
 4894.120  0.9744  0.6241
 4894.140  0.9892  0.6715
 4894.160  1.0022  0.7497
 4894.180  1.0113  0.8381
 4894.200  1.0169  0.9149
 4894.220  1.0202  0.9646
 4894.240  1.0220  0.9831
 4894.260  1.0228  0.9774
 4894.280  1.0225  0.9612
 4894.300  1.0211  0.9483
 4894.320  1.0185  0.9470
 4894.340  1.0150  0.9576
 4894.360  1.0108  0.9741
 4894.380  1.0063  0.9885
 4894.400  1.0017  0.9949
 4894.420  0.9971  0.9924
 4894.440  0.9932  0.9847
 4894.460  0.9906  0.9776
 4894.480  0.9900  0.9755
 4894.500  0.9918  0.9792
 4894.520  0.9954  0.9863
 4894.540  0.9999  0.9926
 4894.560  1.0036  0.9948
 4894.580  1.0051  0.9918
 4894.600  1.0034  0.9848
 4894.620  0.9986  0.9757
 4894.640  0.9916  0.9653
 4894.660  0.9839  0.9521
 4894.680  0.9769  0.9338
 4894.700  0.9716  0.9090
 4894.720  0.9682  0.8794
 4894.740  0.9662  0.8508
 4894.760  0.9651  0.8317
 4894.780  0.9642  0.8296
 4894.800  0.9634  0.8480
 4894.820  0.9630  0.8838
 4894.840  0.9629  0.9279
 4894.860  0.9631  0.9685
 4894.880  0.9630  0.9954
 4894.900  0.9621  1.0042
 4894.920  0.9604  0.9974
 4894.940  0.9580  0.9832
 4894.960  0.9557  0.9712
 4894.980  0.9546  0.9683
 4895.000  0.9553  0.9758
 4895.020  0.9577  0.9895
 4895.040  0.9613  1.0020
 4895.060  0.9651  1.0072
 4895.080  0.9682  1.0028
 4895.100  0.9705  0.9916
 4895.120  0.9723  0.9798
 4895.140  0.9740  0.9737
 4895.160  0.9760  0.9765
 4895.180  0.9779  0.9867
 4895.200  0.9786  0.9985
 4895.220  0.9766  1.0053
 4895.240  0.9709  1.0027
 4895.260  0.9614  0.9907
 4895.280  0.9490  0.9745
 4895.300  0.9361  0.9611
 4895.320  0.9252  0.9565
 4895.340  0.9181  0.9615
 4895.360  0.9148  0.9708
 4895.380  0.9134  0.9738
 4895.400  0.9113  0.9582
 4895.420  0.9070  0.9154
 4895.440  0.9032  0.8440
 4895.460 -1.0000  0.7517
 4895.480 -1.0000  0.6545
 4895.500 -1.0000  0.5718
 4895.520 -1.0000  0.5215
 4895.540 -1.0000  0.5147
 4895.560 -1.0000  0.5522
 4895.580 -1.0000  0.6248
 4895.600 -1.0000  0.7161
 4895.620  1.0191  0.8078
 4895.640  1.0226  0.8840
 4895.660  1.0237  0.9360
 4895.680  1.0221  0.9629
 4895.700  1.0182  0.9707
 4895.720  1.0129  0.9686
 4895.740  1.0069  0.9655
 4895.760  1.0013  0.9667
 4895.780  0.9972  0.9731
 4895.800  0.9955  0.9821
 4895.820  0.9967  0.9898
 4895.840  1.0005  0.9933
 4895.860  1.0055  0.9922
 4895.880  1.0103  0.9886
 4895.900  1.0131  0.9853
 4895.920  1.0133  0.9847
 4895.940  1.0110  0.9873
 4895.960  1.0075  0.9917
 4895.980  1.0041  0.9955
 4896.000  1.0018  0.9969
 4896.020  1.0009  0.9956
 4896.040  1.0006  0.9927
 4896.060  1.0001  0.9901
 4896.080  0.9988  0.9890
 4896.100  0.9970  0.9895
 4896.120  0.9955  0.9903
 4896.140  0.9957  0.9898
 4896.160  0.9979  0.9876
 4896.180  1.0017  0.9847
 4896.200  1.0056  0.9830
 4896.220  1.0073  0.9841
 4896.240  1.0055  0.9874
 4896.260  0.9999  0.9897
 4896.280  0.9915  0.9859
 4896.300  0.9825  0.9717
 4896.320  0.9750  0.9459
 4896.340  0.9708  0.9124
 4896.360  0.9703  0.8795
 4896.380  0.9726  0.8570
 4896.400  0.9763  0.8526
 4896.420  0.9795  0.8682
 4896.440  0.9815  0.8989
 4896.460  0.9825  0.9350
 4896.480  0.9834  0.9658
 4896.500  0.9847  0.9839
 4896.520  0.9863  0.9883
 4896.540  0.9874  0.9834
 4896.560  0.9874  0.9767
 4896.580  0.9857  0.9745
 4896.600  0.9831  0.9785
 4896.620  0.9809  0.9860
 4896.640  0.9808  0.9915
 4896.660  0.9839  0.9908
 4896.680  0.9900  0.9836
 4896.700  0.9976  0.9735
 4896.720  1.0040  0.9662
 4896.740  1.0067  0.9646
 4896.760  1.0039  0.9658
 4896.780  0.9951  0.9605
 4896.800  0.9810  0.9368
 4896.820  0.9641  0.8858
 4896.840  0.9504  0.8077
 4896.860 -1.0000  0.7142
 4896.880 -1.0000  0.6265
 4896.900 -1.0000  0.5682
 4896.920 -1.0000  0.5567
 4896.940 -1.0000  0.5966
 4896.960 -1.0000  0.6776
 4896.980 -1.0000  0.7779
 4897.000  0.9884  0.8726
 4897.020  0.9930  0.9414
 4897.040  0.9938  0.9753
 4897.060  0.9878  0.9770
 4897.080  0.9750  0.9577
 4897.100  0.9579  0.9308
 4897.120  0.9393  0.9066
 4897.140  0.9216  0.8898
 4897.160  0.9050  0.8800
 4897.180  0.8884  0.8751
 4897.200  0.8702  0.8741
 4897.220  0.8500  0.8787
 4897.240  0.8301  0.8915
 4897.260  0.8146  0.9137
 4897.280  0.8079  0.9430
 4897.300  0.8123  0.9729
 4897.320  0.8271  0.9955
 4897.340  0.8492  1.0048
 4897.360  0.8736  1.0002
 4897.380  0.8951  0.9867
 4897.400  0.9095  0.9731
 4897.420  0.9150  0.9674
 4897.440  0.9132  0.9733
 4897.460  0.9074  0.9882
 4897.480  0.9014  1.0046
 4897.500  0.8976  1.0146
 4897.520  0.8964  1.0133
 4897.540  0.8964  1.0022
 4897.560  0.8963  0.9875
 4897.580  0.8954  0.9773
 4897.600  0.8944  0.9771
 4897.620  0.8951  0.9868
 4897.640  0.8992  1.0009
 4897.660  0.9076  1.0115
 4897.680  0.9196  1.0125
 4897.700  0.9333  1.0030
 4897.720  0.9465  0.9878
 4897.740  0.9572  0.9748
 4897.760  0.9651  0.9707
 4897.780  0.9709  0.9772
 4897.800  0.9762  0.9905
 4897.820  0.9821  1.0024
 4897.840  0.9887  1.0049
 4897.860  0.9945  0.9938
 4897.880  0.9973  0.9709
 4897.900  0.9956  0.9425
 4897.920  0.9892  0.9164
 4897.940  0.9802  0.8980
 4897.960  0.9722  0.8885
 4897.980  0.9688  0.8853
 4898.000  0.9715  0.8853
 4898.020  0.9797  0.8870
 4898.040  0.9903  0.8924
 4898.060  0.9996  0.9051
 4898.080  1.0048  0.9268
 4898.100  1.0050  0.9538
 4898.120  1.0012  0.9760
 4898.140  0.9952  0.9791
 4898.160  0.9880  0.9510
 4898.180  0.9804  0.8870
 4898.200  0.9740  0.7947
 4898.220 -1.0000  0.6933
 4898.240 -1.0000  0.6072
 4898.260 -1.0000  0.5588
 4898.280 -1.0000  0.5599
 4898.300 -1.0000  0.6083
 4898.320 -1.0000  0.6887
 4898.340  0.9562  0.7795
 4898.360  0.9684  0.8600
 4898.380  0.9816  0.9176
 4898.400  0.9897  0.9498
 4898.420  0.9915  0.9627
 4898.440  0.9896  0.9659
 4898.460  0.9874  0.9678
 4898.480  0.9885  0.9719
 4898.500  0.9946  0.9775
 4898.520  1.0049  0.9818
 4898.540  1.0163  0.9829
 4898.560  1.0249  0.9815
 4898.580  1.0273  0.9805
 4898.600  1.0225  0.9825
 4898.620  1.0121  0.9876
 4898.640  0.9995  0.9927
 4898.660  0.9886  0.9921
 4898.680  0.9823  0.9810
 4898.700  0.9816  0.9581
 4898.720  0.9856  0.9272
 4898.740  0.9921  0.8962
 4898.760  0.9981  0.8742
 4898.780  1.0009  0.8678
 4898.800  0.9992  0.8783
 4898.820  0.9929  0.9018
 4898.840  0.9830  0.9306
 4898.860  0.9708  0.9570
 4898.880  0.9577  0.9759
 4898.900  0.9447  0.9861
 4898.920  0.9330  0.9895
 4898.940  0.9233  0.9896
 4898.960  0.9156  0.9893
 4898.980  0.9092  0.9896
 4899.000  0.9025  0.9903
 4899.020  0.8936  0.9907
 4899.040  0.8815  0.9907
 4899.060  0.8665  0.9911
 4899.080  0.8506  0.9929
 4899.100  0.8369  0.9963
 4899.120  0.8283  1.0001
 4899.140  0.8262  1.0020
 4899.160  0.8302  1.0001
 4899.180  0.8379  0.9940
 4899.200  0.8458  0.9860
 4899.220  0.8504  0.9795
 4899.240  0.8497  0.9778
 4899.260  0.8441  0.9818
 4899.280  0.8358  0.9891
 4899.300  0.8284  0.9950
 4899.320  0.8253  0.9947
 4899.340  0.8292  0.9865
 4899.360  0.8411  0.9729
 4899.380  0.8604  0.9600
 4899.400  0.8845  0.9540
 4899.420  0.9098  0.9572
 4899.440  0.9320  0.9650
 4899.460  0.9483  0.9665
 4899.480  0.9570  0.9478
 4899.500  0.9584  0.8986
 4899.520  0.9560  0.8174
 4899.540 -1.0000  0.7152
 4899.560 -1.0000  0.6127
 4899.580 -1.0000  0.5347
 4899.600 -1.0000  0.5014
 4899.620 -1.0000  0.5216
 4899.640 -1.0000  0.5895
 4899.660 -1.0000  0.6867
 4899.680 -1.0000  0.7894
 4899.700  0.9585  0.8757
 4899.720  0.9599  0.9329
 4899.740  0.9589  0.9595
 4899.760  0.9544  0.9639
 4899.780  0.9478  0.9588
 4899.800  0.9413  0.9554
 4899.820  0.9369  0.9598
 4899.840  0.9356  0.9714
 4899.860  0.9376  0.9851
 4899.880  0.9425  0.9951
 4899.900  0.9496  0.9980
 4899.920  0.9578  0.9942
 4899.940  0.9659  0.9873
 4899.960  0.9721  0.9819
 4899.980  0.9746  0.9812
 4900.000  0.9722  0.9854
 4900.020  0.9649  0.9922
 4900.040  0.9542  0.9981
 4900.060  0.9426  1.0002
 4900.080  0.9335  0.9979
 4900.100  0.9293  0.9927
 4900.120  0.9310  0.9876
 4900.140  0.9378  0.9854
 4900.160  0.9472  0.9870
 4900.180  0.9561  0.9912
 4900.200  0.9624  0.9947
 4900.220  0.9658  0.9937
 4900.240  0.9676  0.9852
 4900.260  0.9701  0.9687
 4900.280  0.9752  0.9468
 4900.300  0.9832  0.9241
 4900.320  0.9921  0.9064
 4900.340  0.9988  0.8989
 4900.360  1.0003  0.9039
 4900.380  0.9956  0.9202
 4900.400  0.9861  0.9435
 4900.420  0.9754  0.9670
 4900.440  0.9672  0.9844
 4900.460  0.9640  0.9920
 4900.480  0.9661  0.9897
 4900.500  0.9714  0.9815
 4900.520  0.9767  0.9733
 4900.540  0.9788  0.9704
 4900.560  0.9759  0.9749
 4900.580  0.9688  0.9843
 4900.600  0.9602  0.9927
 4900.620  0.9532  0.9933
 4900.640  0.9503  0.9820
 4900.660  0.9525  0.9600
 4900.680  0.9587  0.9343
 4900.700  0.9664  0.9145
 4900.720  0.9727  0.9088
 4900.740  0.9755  0.9191
 4900.760  0.9743  0.9387
 4900.780  0.9703  0.9534
 4900.800  0.9652  0.9472
 4900.820  0.9602  0.9084
 4900.840  0.9567  0.8359
 4900.860 -1.0000  0.7417
 4900.880 -1.0000  0.6480
 4900.900 -1.0000  0.5799
 4900.920 -1.0000  0.5571
 4900.940 -1.0000  0.5862
 4900.960 -1.0000  0.6583
 4900.980 -1.0000  0.7520
 4901.000  0.9561  0.8411
 4901.020  0.9675  0.9040
 4901.040  0.9833  0.9303
 4901.060  0.9996  0.9239
 4901.080  1.0134  0.8999
 4901.100  1.0217  0.8771
 4901.120  1.0226  0.8707
 4901.140  1.0158  0.8863
 4901.160  1.0034  0.9188
 4901.180  0.9886  0.9553
 4901.200  0.9741  0.9815
 4901.220  0.9618  0.9879
 4901.240  0.9522  0.9732
 4901.260  0.9452  0.9444
 4901.280  0.9405  0.9136
 4901.300  0.9378  0.8925
 4901.320  0.9375  0.8880
 4901.340  0.9403  0.9002
 4901.360  0.9469  0.9234
 4901.380  0.9575  0.9491
 4901.400  0.9713  0.9695
 4901.420  0.9861  0.9809
 4901.440  0.9987  0.9840
 4901.460  1.0056  0.9826
 4901.480  1.0045  0.9810
 4901.500  0.9954  0.9820
 4901.520  0.9809  0.9856
 4901.540  0.9656  0.9898
 4901.560  0.9541  0.9919
 4901.580  0.9491  0.9907
 4901.600  0.9504  0.9865
 4901.620  0.9548  0.9815
 4901.640  0.9579  0.9776
 4901.660  0.9554  0.9752
 4901.680  0.9456  0.9722
 4901.700  0.9299  0.9647
 4901.720  0.9122  0.9487
 4901.740  0.8976  0.9230
 4901.760  0.8899  0.8902
 4901.780  0.8909  0.8568
 4901.800  0.8990  0.8313
 4901.820  0.9100  0.8213
 4901.840  0.9195  0.8298
 4901.860  0.9251  0.8543
 4901.880  0.9277  0.8873
 4901.900  0.9305  0.9193
 4901.920  0.9370  0.9425
 4901.940  0.9489  0.9537
 4901.960  0.9655  0.9555
 4901.980  0.9837  0.9544
 4902.000  0.9990  0.9569
 4902.020  1.0078  0.9653
 4902.040  1.0089  0.9760
 4902.060  1.0035  0.9793
 4902.080  0.9944  0.9638
 4902.100  0.9841  0.9212
 4902.120  0.9748  0.8515
 4902.140  0.9681  0.7647
 4902.160 -1.0000  0.6791
 4902.180 -1.0000  0.6158
 4902.200 -1.0000  0.5915
 4902.220 -1.0000  0.6131
 4902.240 -1.0000  0.6748
 4902.260  0.9576  0.7603
 4902.280  0.9661  0.8483
 4902.300  0.9757  0.9198
 4902.320  0.9817  0.9634
 4902.340  0.9820  0.9787
 4902.360  0.9774  0.9741
 4902.380  0.9706  0.9624
 4902.400  0.9660  0.9550
 4902.420  0.9675  0.9582
 4902.440  0.9766  0.9710
 4902.460  0.9917  0.9872
 4902.480  1.0089  0.9990
 4902.500  1.0236  1.0006
 4902.520  1.0323  0.9911
 4902.540  1.0336  0.9739
 4902.560  1.0286  0.9553
 4902.580  1.0203  0.9416
 4902.600  1.0118  0.9363
 4902.620  1.0053  0.9398
 4902.640  1.0007  0.9492
 4902.660  0.9964  0.9606
 4902.680  0.9904  0.9707
 4902.700  0.9817  0.9781
 4902.720  0.9709  0.9830
 4902.740  0.9595  0.9866
 4902.760  0.9489  0.9900
 4902.780  0.9394  0.9936
 4902.800  0.9299  0.9968
 4902.820  0.9181  0.9986
 4902.840  0.9018  0.9985
 4902.860  0.8806  0.9969
 4902.880  0.8565  0.9948
 4902.900  0.8333  0.9933
 4902.920  0.8155  0.9933
 4902.940  0.8064  0.9947
 4902.960  0.8070  0.9968
 4902.980 -1.0000  0.9985
 4903.000 -1.0000  0.9991
 4872.000  0.0000        
 4872.020  0.0000        
 4872.040 -0.0427        
 4872.060 -0.0566        
 4872.080 -0.0553        
 4872.100 -0.0449        
 4872.120 -0.0339        
 4872.140 -0.0258        
 4872.160 -0.0228        
 4872.180 -0.0244        
 4872.200 -0.0284        
 4872.220 -0.0315        
 4872.240 -0.0322        
 4872.260 -0.0326        
 4872.280 -0.0367        
 4872.300 -0.0453        
 4872.320 -0.0559        
 4872.340 -0.0665        
 4872.360 -0.0750        
 4872.380 -0.0786        
 4872.400 -0.0760        
 4872.420 -0.0687        
 4872.440 -0.0599        
 4872.460 -0.0523        
 4872.480 -0.0475        
 4872.500 -0.0459        
 4872.520 -0.0470        
 4872.540 -0.0499        
 4872.560 -0.0536        
 4872.580 -0.0569        
 4872.600 -0.0591        
 4872.620 -0.0600        
 4872.640 -0.0598        
 4872.660 -0.0592        
 4872.680 -0.0588        
 4872.700 -0.0586        
 4872.720 -0.0586        
 4872.740 -0.0584        
 4872.760 -0.0578        
 4872.780 -0.0567        
 4872.800 -0.0551        
 4872.820 -0.0526        
 4872.840 -0.0488        
 4872.860 -0.0431        
 4872.880 -0.0352        
 4872.900 -0.0253        
 4872.920 -0.0136        
 4872.940 -0.0005        
 4872.960  0.0134        
 4872.980  0.0278        
 4873.000  0.0418        
 4873.020  0.0521        
 4873.040  0.0512        
 4873.060  0.0300        
 4873.080 -0.0134        
 4873.100 -0.0691        
 4873.120 -0.1241        
 4873.140 -0.1715        
 4873.160 -0.2080        
 4873.180 -0.2277        
 4873.200 -0.2242        
 4873.220 -0.1988        
 4873.240 -0.1606        
 4873.260 -0.1210        
 4873.280 -0.0878        
 4873.300 -0.0640        
 4873.320 -0.0497        
 4873.340 -0.0436        
 4873.360 -0.0434        
 4873.380 -0.0464        
 4873.400 -0.0495        
 4873.420 -0.0499        
 4873.440 -0.0464        
 4873.460 -0.0396        
 4873.480 -0.0312        
 4873.500 -0.0238        
 4873.520 -0.0195        
 4873.540 -0.0195        
 4873.560 -0.0234        
 4873.580 -0.0294        
 4873.600 -0.0352        
 4873.620 -0.0385        
 4873.640 -0.0379        
 4873.660 -0.0333        
 4873.680 -0.0258        
 4873.700 -0.0174        
 4873.720 -0.0101        
 4873.740 -0.0059        
 4873.760 -0.0061        
 4873.780 -0.0109        
 4873.800 -0.0197        
 4873.820 -0.0314        
 4873.840 -0.0443        
 4873.860 -0.0565        
 4873.880 -0.0662        
 4873.900 -0.0718        
 4873.920 -0.0727        
 4873.940 -0.0691        
 4873.960 -0.0617        
 4873.980 -0.0519        
 4874.000 -0.0407        
 4874.020 -0.0293        
 4874.040 -0.0192        
 4874.060 -0.0124        
 4874.080 -0.0106        
 4874.100 -0.0138        
 4874.120 -0.0199        
 4874.140 -0.0257        
 4874.160 -0.0291        
 4874.180 -0.0292        
 4874.200 -0.0267        
 4874.220 -0.0227        
 4874.240 -0.0192        
 4874.260 -0.0183        
 4874.280 -0.0223        
 4874.300 -0.0327        
 4874.320 -0.0487        
 4874.340 -0.0666        
 4874.360 -0.0793        
 4874.380 -0.0767        
 4874.400 -0.0476        
 4874.420  0.0106        
 4874.440  0.0752        
 4874.460  0.1025        
 4874.480  0.0707        
 4874.500  0.0061        
 4874.520 -0.0500        
 4874.540 -0.0794        
 4874.560 -0.0861        
 4874.580 -0.0790        
 4874.600 -0.0657        
 4874.620 -0.0517        
 4874.640 -0.0405        
 4874.660 -0.0340        
 4874.680 -0.0321        
 4874.700 -0.0332        
 4874.720 -0.0348        
 4874.740 -0.0350        
 4874.760 -0.0327        
 4874.780 -0.0288        
 4874.800 -0.0251        
 4874.820 -0.0237        
 4874.840 -0.0259        
 4874.860 -0.0316        
 4874.880 -0.0389        
 4874.900 -0.0450        
 4874.920 -0.0471        
 4874.940 -0.0433        
 4874.960 -0.0335        
 4874.980 -0.0193        
 4875.000 -0.0037        
 4875.020  0.0098        
 4875.040  0.0184        
 4875.060  0.0206        
 4875.080  0.0163        
 4875.100  0.0068        
 4875.120 -0.0062        
 4875.140 -0.0204        
 4875.160 -0.0334        
 4875.180 -0.0439        
 4875.200 -0.0508        
 4875.220 -0.0543        
 4875.240 -0.0549        
 4875.260 -0.0540        
 4875.280 -0.0525        
 4875.300 -0.0515        
 4875.320 -0.0514        
 4875.340 -0.0521        
 4875.360 -0.0530        
 4875.380 -0.0531        
 4875.400 -0.0519        
 4875.420 -0.0491        
 4875.440 -0.0448        
 4875.460 -0.0396        
 4875.480 -0.0339        
 4875.500 -0.0283        
 4875.520 -0.0230        
 4875.540 -0.0176        
 4875.560 -0.0120        
 4875.580 -0.0059        
 4875.600  0.0003        
 4875.620  0.0059        
 4875.640  0.0093        
 4875.660  0.0083        
 4875.680  0.0007        
 4875.700 -0.0148        
 4875.720 -0.0375        
 4875.740 -0.0649        
 4875.760 -0.0927        
 4875.780 -0.1146        
 4875.800 -0.1245        
 4875.820 -0.1206        
 4875.840 -0.1068        
 4875.860 -0.0893        
 4875.880 -0.0727        
 4875.900 -0.0592        
 4875.920 -0.0495        
 4875.940 -0.0442        
 4875.960 -0.0429        
 4875.980 -0.0450        
 4876.000 -0.0486        
 4876.020 -0.0513        
 4876.040 -0.0508        
 4876.060 -0.0455        
 4876.080 -0.0357        
 4876.100 -0.0236        
 4876.120 -0.0122        
 4876.140 -0.0043        
 4876.160 -0.0016        
 4876.180 -0.0038        
 4876.200 -0.0091        
 4876.220 -0.0148        
 4876.240 -0.0185        
 4876.260 -0.0187        
 4876.280 -0.0155        
 4876.300 -0.0101        
 4876.320 -0.0046        
 4876.340 -0.0010        
 4876.360 -0.0003        
 4876.380 -0.0030        
 4876.400 -0.0085        
 4876.420 -0.0160        
 4876.440 -0.0243        
 4876.460 -0.0326        
 4876.480 -0.0401        
 4876.500 -0.0458        
 4876.520 -0.0489        
 4876.540 -0.0487        
 4876.560 -0.0451        
 4876.580 -0.0390        
 4876.600 -0.0318        
 4876.620 -0.0257        
 4876.640 -0.0221        
 4876.660 -0.0221        
 4876.680 -0.0253        
 4876.700 -0.0304        
 4876.720 -0.0353        
 4876.740 -0.0384        
 4876.760 -0.0387        
 4876.780 -0.0366        
 4876.800 -0.0336        
 4876.820 -0.0316        
 4876.840 -0.0320        
 4876.860 -0.0355        
 4876.880 -0.0416        
 4876.900 -0.0494        
 4876.920 -0.0581        
 4876.940 -0.0671        
 4876.960 -0.0770        
 4876.980 -0.0891        
 4877.000 -0.1036        
 4877.020 -0.1160        
 4877.040 -0.1207        
 4877.060 -0.1171        
 4877.080 -0.1098        
 4877.100 -0.1022        
 4877.120 -0.0951        
 4877.140 -0.0879        
 4877.160 -0.0801        
 4877.180 -0.0714        
 4877.200 -0.0618        
 4877.220 -0.0517        
 4877.240 -0.0417        
 4877.260 -0.0325        
 4877.280 -0.0247        
 4877.300 -0.0188        
 4877.320 -0.0148        
 4877.340 -0.0126        
 4877.360 -0.0117        
 4877.380 -0.0114        
 4877.400 -0.0112        
 4877.420 -0.0106        
 4877.440 -0.0096        
 4877.460 -0.0082        
 4877.480 -0.0066        
 4877.500 -0.0047        
 4877.520 -0.0032        
 4877.540 -0.0028        
 4877.560 -0.0045        
 4877.580 -0.0089        
 4877.600 -0.0156        
 4877.620 -0.0232        
 4877.640 -0.0303        
 4877.660 -0.0360        
 4877.680 -0.0398        
 4877.700 -0.0418        
 4877.720 -0.0425        
 4877.740 -0.0427        
 4877.760 -0.0435        
 4877.780 -0.0458        
 4877.800 -0.0496        
 4877.820 -0.0544        
 4877.840 -0.0591        
 4877.860 -0.0622        
 4877.880 -0.0630        
 4877.900 -0.0616        
 4877.920 -0.0587        
 4877.940 -0.0555        
 4877.960 -0.0531        
 4877.980 -0.0517        
 4878.000 -0.0507        
 4878.020 -0.0487        
 4878.040 -0.0443        
 4878.060 -0.0373        
 4878.080 -0.0286        
 4878.100 -0.0201        
 4878.120 -0.0140        
 4878.140 -0.0118        
 4878.160 -0.0139        
 4878.180 -0.0193        
 4878.200 -0.0255        
 4878.220 -0.0270        
 4878.240 -0.0160        
 4878.260  0.0101        
 4878.280  0.0381        
 4878.300  0.0469        
 4878.320  0.0315        
 4878.340  0.0063        
 4878.360 -0.0145        
 4878.380 -0.0264        
 4878.400 -0.0309        
 4878.420 -0.0304        
 4878.440 -0.0277        
 4878.460 -0.0247        
 4878.480 -0.0229        
 4878.500 -0.0221        
 4878.520 -0.0217        
 4878.540 -0.0203        
 4878.560 -0.0174        
 4878.580 -0.0133        
 4878.600 -0.0094        
 4878.620 -0.0077        
 4878.640 -0.0098        
 4878.660 -0.0158        
 4878.680 -0.0245        
 4878.700 -0.0333        
 4878.720 -0.0394        
 4878.740 -0.0408        
 4878.760 -0.0374        
 4878.780 -0.0309        
 4878.800 -0.0239        
 4878.820 -0.0195        
 4878.840 -0.0191        
 4878.860 -0.0229        
 4878.880 -0.0291        
 4878.900 -0.0355        
 4878.920 -0.0397        
 4878.940 -0.0409        
 4878.960 -0.0397        
 4878.980 -0.0380        
 4879.000 -0.0380        
 4879.020 -0.0405        
 4879.040 -0.0455        
 4879.060 -0.0510        
 4879.080 -0.0550        
 4879.100 -0.0553        
 4879.120 -0.0513        
 4879.140 -0.0434        
 4879.160 -0.0336        
 4879.180 -0.0236        
 4879.200 -0.0153        
 4879.220 -0.0101        
 4879.240 -0.0091        
 4879.260 -0.0126        
 4879.280 -0.0196        
 4879.300 -0.0276        
 4879.320 -0.0346        
 4879.340 -0.0396        
 4879.360 -0.0430        
 4879.380 -0.0451        
 4879.400 -0.0458        
 4879.420 -0.0436        
 4879.440 -0.0353        
 4879.460 -0.0165        
 4879.480  0.0150        
 4879.500  0.0524        
 4879.520  0.0805        
 4879.540  0.0862        
 4879.560  0.0693        
 4879.580  0.0393        
 4879.600  0.0071        
 4879.620 -0.0203        
 4879.640 -0.0396        
 4879.660 -0.0502        
 4879.680 -0.0533        
 4879.700 -0.0509        
 4879.720 -0.0453        
 4879.740 -0.0384        
 4879.760 -0.0312        
 4879.780 -0.0244        
 4879.800 -0.0180        
 4879.820 -0.0116        
 4879.840 -0.0051        
 4879.860  0.0016        
 4879.880  0.0076        
 4879.900  0.0117        
 4879.920  0.0126        
 4879.940  0.0098        
 4879.960  0.0034        
 4879.980 -0.0052        
 4880.000 -0.0141        
 4880.020 -0.0214        
 4880.040 -0.0260        
 4880.060 -0.0278        
 4880.080 -0.0274        
 4880.100 -0.0263        
 4880.120 -0.0258        
 4880.140 -0.0267        
 4880.160 -0.0292        
 4880.180 -0.0326        
 4880.200 -0.0361        
 4880.220 -0.0391        
 4880.240 -0.0412        
 4880.260 -0.0424        
 4880.280 -0.0430        
 4880.300 -0.0431        
 4880.320 -0.0426        
 4880.340 -0.0416        
 4880.360 -0.0401        
 4880.380 -0.0382        
 4880.400 -0.0367        
 4880.420 -0.0360        
 4880.440 -0.0364        
 4880.460 -0.0379        
 4880.480 -0.0394        
 4880.500 -0.0398        
 4880.520 -0.0382        
 4880.540 -0.0342        
 4880.560 -0.0284        
 4880.580 -0.0221        
 4880.600 -0.0169        
 4880.620 -0.0142        
 4880.640 -0.0145        
 4880.660 -0.0173        
 4880.680 -0.0214        
 4880.700 -0.0244        
 4880.720 -0.0251        
 4880.740 -0.0235        
 4880.760 -0.0222        
 4880.780 -0.0234        
 4880.800 -0.0274        
 4880.820 -0.0321        
 4880.840 -0.0348        
 4880.860 -0.0341        
 4880.880 -0.0300        
 4880.900 -0.0242        
 4880.920 -0.0200        
 4880.940 -0.0211        
 4880.960 -0.0290        
 4880.980 -0.0417        
 4881.000 -0.0542        
 4881.020 -0.0617        
 4881.040 -0.0613        
 4881.060 -0.0524        
 4881.080 -0.0364        
 4881.100 -0.0167        
 4881.120  0.0025        
 4881.140  0.0167        
 4881.160  0.0233        
 4881.180  0.0220        
 4881.200  0.0151        
 4881.220  0.0060        
 4881.240 -0.0023        
 4881.260 -0.0081        
 4881.280 -0.0114        
 4881.300 -0.0131        
 4881.320 -0.0147        
 4881.340 -0.0170        
 4881.360 -0.0196        
 4881.380 -0.0216        
 4881.400 -0.0221        
 4881.420 -0.0205        
 4881.440 -0.0175        
 4881.460 -0.0148        
 4881.480 -0.0143        
 4881.500 -0.0171        
 4881.520 -0.0234        
 4881.540 -0.0319        
 4881.560 -0.0402        
 4881.580 -0.0461        
 4881.600 -0.0481        
 4881.620 -0.0463        
 4881.640 -0.0422        
 4881.660 -0.0381        
 4881.680 -0.0362        
 4881.700 -0.0375        
 4881.720 -0.0416        
 4881.740 -0.0462        
 4881.760 -0.0484        
 4881.780 -0.0458        
 4881.800 -0.0374        
 4881.820 -0.0236        
 4881.840 -0.0051        
 4881.860  0.0175        
 4881.880  0.0437        
 4881.900  0.0704        
 4881.920  0.0885        
 4881.940  0.0841        
 4881.960  0.0526        
 4881.980  0.0082        
 4882.000 -0.0283        
 4882.020 -0.0476        
 4882.040 -0.0530        
 4882.060 -0.0509        
 4882.080 -0.0454        
 4882.100 -0.0389        
 4882.120 -0.0326        
 4882.140 -0.0274        
 4882.160 -0.0236        
 4882.180 -0.0213        
 4882.200 -0.0205        
 4882.220 -0.0208        
 4882.240 -0.0221        
 4882.260 -0.0243        
 4882.280 -0.0269        
 4882.300 -0.0296        
 4882.320 -0.0319        
 4882.340 -0.0332        
 4882.360 -0.0330        
 4882.380 -0.0313        
 4882.400 -0.0283        
 4882.420 -0.0247        
 4882.440 -0.0213        
 4882.460 -0.0191        
 4882.480 -0.0185        
 4882.500 -0.0195        
 4882.520 -0.0217        
 4882.540 -0.0248        
 4882.560 -0.0281        
 4882.580 -0.0309        
 4882.600 -0.0325        
 4882.620 -0.0325        
 4882.640 -0.0312        
 4882.660 -0.0295        
 4882.680 -0.0281        
 4882.700 -0.0273        
 4882.720 -0.0273        
 4882.740 -0.0282        
 4882.760 -0.0300        
 4882.780 -0.0325        
 4882.800 -0.0354        
 4882.820 -0.0382        
 4882.840 -0.0404        
 4882.860 -0.0417        
 4882.880 -0.0420        
 4882.900 -0.0411        
 4882.920 -0.0388        
 4882.940 -0.0353        
 4882.960 -0.0307        
 4882.980 -0.0256        
 4883.000 -0.0204        
 4883.020 -0.0157        
 4883.040 -0.0122        
 4883.060 -0.0109        
 4883.080 -0.0139        
 4883.100 -0.0244        
 4883.120 -0.0429        
 4883.140 -0.0631        
 4883.160 -0.0747        
 4883.180 -0.0731        
 4883.200 -0.0628        
 4883.220 -0.0507        
 4883.240 -0.0406        
 4883.260 -0.0333        
 4883.280 -0.0287        
 4883.300 -0.0261        
 4883.320 -0.0245        
 4883.340 -0.0230        
 4883.360 -0.0206        
 4883.380 -0.0169        
 4883.400 -0.0128        
 4883.420 -0.0093        
 4883.440 -0.0081        
 4883.460 -0.0105        
 4883.480 -0.0173        
 4883.500 -0.0279        
 4883.520 -0.0407        
 4883.540 -0.0530        
 4883.560 -0.0619        
 4883.580 -0.0654        
 4883.600 -0.0632        
 4883.620 -0.0563        
 4883.640 -0.0466        
 4883.660 -0.0362        
 4883.680 -0.0271        
 4883.700 -0.0207        
 4883.720 -0.0180        
 4883.740 -0.0191        
 4883.760 -0.0233        
 4883.780 -0.0294        
 4883.800 -0.0356        
 4883.820 -0.0404        
 4883.840 -0.0427        
 4883.860 -0.0423        
 4883.880 -0.0396        
 4883.900 -0.0356        
 4883.920 -0.0315        
 4883.940 -0.0283        
 4883.960 -0.0263        
 4883.980 -0.0257        
 4884.000 -0.0257        
 4884.020 -0.0258        
 4884.040 -0.0256        
 4884.060 -0.0249        
 4884.080 -0.0237        
 4884.100 -0.0221        
 4884.120 -0.0201        
 4884.140 -0.0174        
 4884.160 -0.0137        
 4884.180 -0.0087        
 4884.200 -0.0026        
 4884.220  0.0031        
 4884.240  0.0052        
 4884.260 -0.0004        
 4884.280 -0.0141        
 4884.300 -0.0305        
 4884.320 -0.0423        
 4884.340 -0.0464        
 4884.360 -0.0442        
 4884.380 -0.0394        
 4884.400 -0.0350        
 4884.420 -0.0330        
 4884.440 -0.0344        
 4884.460 -0.0387        
 4884.480 -0.0442        
 4884.500 -0.0482        
 4884.520 -0.0484        
 4884.540 -0.0442        
 4884.560 -0.0362        
 4884.580 -0.0262        
 4884.600 -0.0168        
 4884.620 -0.0098        
 4884.640 -0.0067        
 4884.660 -0.0073        
 4884.680 -0.0106        
 4884.700 -0.0152        
 4884.720 -0.0201        
 4884.740 -0.0248        
 4884.760 -0.0297        
 4884.780 -0.0349        
 4884.800 -0.0404        
 4884.820 -0.0453        
 4884.840 -0.0484        
 4884.860 -0.0487        
 4884.880 -0.0457        
 4884.900 -0.0402        
 4884.920 -0.0337        
 4884.940 -0.0280        
 4884.960 -0.0245        
 4884.980 -0.0233        
 4885.000 -0.0236        
 4885.020 -0.0242        
 4885.040 -0.0236        
 4885.060 -0.0215        
 4885.080 -0.0187        
 4885.100 -0.0166        
 4885.120 -0.0166        
 4885.140 -0.0192        
 4885.160 -0.0237        
 4885.180 -0.0282        
 4885.200 -0.0306        
 4885.220 -0.0293        
 4885.240 -0.0244        
 4885.260 -0.0174        
 4885.280 -0.0108        
 4885.300 -0.0073        
 4885.320 -0.0086        
 4885.340 -0.0152        
 4885.360 -0.0259        
 4885.380 -0.0381        
 4885.400 -0.0479        
 4885.420 -0.0516        
 4885.440 -0.0479        
 4885.460 -0.0394        
 4885.480 -0.0311        
 4885.500 -0.0268        
 4885.520 -0.0274        
 4885.540 -0.0319        
 4885.560 -0.0385        
 4885.580 -0.0456        
 4885.600 -0.0516        
 4885.620 -0.0551        
 4885.640 -0.0552        
 4885.660 -0.0518        
 4885.680 -0.0457        
 4885.700 -0.0385        
 4885.720 -0.0321        
 4885.740 -0.0281        
 4885.760 -0.0278        
 4885.780 -0.0314        
 4885.800 -0.0376        
 4885.820 -0.0437        
 4885.840 -0.0467        
 4885.860 -0.0446        
 4885.880 -0.0375        
 4885.900 -0.0274        
 4885.920 -0.0173        
 4885.940 -0.0103        
 4885.960 -0.0089        
 4885.980 -0.0140        
 4886.000 -0.0245        
 4886.020 -0.0376        
 4886.040 -0.0493        
 4886.060 -0.0569        
 4886.080 -0.0590        
 4886.100 -0.0563        
 4886.120 -0.0509        
 4886.140 -0.0453        
 4886.160 -0.0412        
 4886.180 -0.0395        
 4886.200 -0.0398        
 4886.220 -0.0407        
 4886.240 -0.0405        
 4886.260 -0.0384        
 4886.280 -0.0345        
 4886.300 -0.0299        
 4886.320 -0.0261        
 4886.340 -0.0243        
 4886.360 -0.0253        
 4886.380 -0.0287        
 4886.400 -0.0338        
 4886.420 -0.0391        
 4886.440 -0.0432        
 4886.460 -0.0449        
 4886.480 -0.0432        
 4886.500 -0.0379        
 4886.520 -0.0300        
 4886.540 -0.0219        
 4886.560 -0.0169        
 4886.580 -0.0178        
 4886.600 -0.0242        
 4886.620 -0.0333        
 4886.640 -0.0412        
 4886.660 -0.0449        
 4886.680 -0.0433        
 4886.700 -0.0366        
 4886.720 -0.0266        
 4886.740 -0.0160        
 4886.760 -0.0085        
 4886.780 -0.0066        
 4886.800 -0.0110        
 4886.820 -0.0194        
 4886.840 -0.0282        
 4886.860 -0.0335        
 4886.880 -0.0328        
 4886.900 -0.0261        
 4886.920 -0.0155        
 4886.940 -0.0050        
 4886.960  0.0015        
 4886.980  0.0019        
 4887.000 -0.0035        
 4887.020 -0.0122        
 4887.040 -0.0211        
 4887.060 -0.0270        
 4887.080 -0.0284        
 4887.100 -0.0254        
 4887.120 -0.0203        
 4887.140 -0.0163        
 4887.160 -0.0158        
 4887.180 -0.0194        
 4887.200 -0.0258        
 4887.220 -0.0331        
 4887.240 -0.0393        
 4887.260 -0.0431        
 4887.280 -0.0440        
 4887.300 -0.0424        
 4887.320 -0.0392        
 4887.340 -0.0356        
 4887.360 -0.0323        
 4887.380 -0.0300        
 4887.400 -0.0289        
 4887.420 -0.0291        
 4887.440 -0.0302        
 4887.460 -0.0319        
 4887.480 -0.0332        
 4887.500 -0.0331        
 4887.520 -0.0308        
 4887.540 -0.0259        
 4887.560 -0.0187        
 4887.580 -0.0104        
 4887.600 -0.0031        
 4887.620  0.0006        
 4887.640 -0.0014        
 4887.660 -0.0089        
 4887.680 -0.0188        
 4887.700 -0.0269        
 4887.720 -0.0302        
 4887.740 -0.0280        
 4887.760 -0.0217        
 4887.780 -0.0136        
 4887.800 -0.0059        
 4887.820 -0.0005        
 4887.840  0.0020        
 4887.860  0.0021        
 4887.880  0.0013        
 4887.900  0.0008        
 4887.920  0.0012        
 4887.940  0.0019        
 4887.960  0.0017        
 4887.980 -0.0013        
 4888.000 -0.0077        
 4888.020 -0.0169        
 4888.040 -0.0267        
 4888.060 -0.0349        
 4888.080 -0.0400        
 4888.100 -0.0414        
 4888.120 -0.0402        
 4888.140 -0.0376        
 4888.160 -0.0353        
 4888.180 -0.0345        
 4888.200 -0.0356        
 4888.220 -0.0378        
 4888.240 -0.0401        
 4888.260 -0.0414        
 4888.280 -0.0410        
 4888.300 -0.0391        
 4888.320 -0.0363        
 4888.340 -0.0338        
 4888.360 -0.0325        
 4888.380 -0.0330        
 4888.400 -0.0350        
 4888.420 -0.0379        
 4888.440 -0.0405        
 4888.460 -0.0418        
 4888.480 -0.0412        
 4888.500 -0.0387        
 4888.520 -0.0350        
 4888.540 -0.0312        
 4888.560 -0.0284        
 4888.580 -0.0272        
 4888.600 -0.0273        
 4888.620 -0.0281        
 4888.640 -0.0284        
 4888.660 -0.0273        
 4888.680 -0.0248        
 4888.700 -0.0219        
 4888.720 -0.0203        
 4888.740 -0.0219        
 4888.760 -0.0274        
 4888.780 -0.0360        
 4888.800 -0.0453        
 4888.820 -0.0524        
 4888.840 -0.0550        
 4888.860 -0.0520        
 4888.880 -0.0444        
 4888.900 -0.0348        
 4888.920 -0.0266        
 4888.940 -0.0222        
 4888.960 -0.0222        
 4888.980 -0.0256        
 4889.000 -0.0300        
 4889.020 -0.0328        
 4889.040 -0.0324        
 4889.060 -0.0287        
 4889.080 -0.0233        
 4889.100 -0.0184        
 4889.120 -0.0162        
 4889.140 -0.0176        
 4889.160 -0.0222        
 4889.180 -0.0281        
 4889.200 -0.0333        
 4889.220 -0.0363        
 4889.240 -0.0365        
 4889.260 -0.0345        
 4889.280 -0.0314        
 4889.300 -0.0285        
 4889.320 -0.0261        
 4889.340 -0.0245        
 4889.360 -0.0235        
 4889.380 -0.0230        
 4889.400 -0.0237        
 4889.420 -0.0266        
 4889.440 -0.0322        
 4889.460 -0.0400        
 4889.480 -0.0485        
 4889.500 -0.0548        
 4889.520 -0.0561        
 4889.540 -0.0508        
 4889.560 -0.0393        
 4889.580 -0.0242        
 4889.600 -0.0094        
 4889.620  0.0005        
 4889.640  0.0021        
 4889.660 -0.0065        
 4889.680 -0.0235        
 4889.700 -0.0442        
 4889.720 -0.0614        
 4889.740 -0.0695        
 4889.760 -0.0671        
 4889.780 -0.0575        
 4889.800 -0.0460        
 4889.820 -0.0371        
 4889.840 -0.0327        
 4889.860 -0.0326        
 4889.880 -0.0353        
 4889.900 -0.0390        
 4889.920 -0.0424        
 4889.940 -0.0451        
 4889.960 -0.0472        
 4889.980 -0.0492        
 4890.000 -0.0512        
 4890.020 -0.0526        
 4890.040 -0.0523        
 4890.060 -0.0490        
 4890.080 -0.0424        
 4890.100 -0.0328        
 4890.120 -0.0221        
 4890.140 -0.0123        
 4890.160 -0.0054        
 4890.180 -0.0021        
 4890.200 -0.0022        
 4890.220 -0.0041        
 4890.240 -0.0059        
 4890.260 -0.0059        
 4890.280 -0.0035        
 4890.300  0.0009        
 4890.320  0.0054        
 4890.340  0.0079        
 4890.360  0.0067        
 4890.380  0.0009        
 4890.400 -0.0088        
 4890.420 -0.0206        
 4890.440 -0.0321        
 4890.460 -0.0410        
 4890.480 -0.0458        
 4890.500 -0.0460        
 4890.520 -0.0420        
 4890.540 -0.0354        
 4890.560 -0.0280        
 4890.580 -0.0218        
 4890.600 -0.0183        
 4890.620 -0.0175        
 4890.640 -0.0188        
 4890.660 -0.0209        
 4890.680 -0.0228        
 4890.700 -0.0241        
 4890.720 -0.0249        
 4890.740 -0.0257        
 4890.760 -0.0265        
 4890.780 -0.0269        
 4890.800 -0.0262        
 4890.820 -0.0235        
 4890.840 -0.0186        
 4890.860 -0.0120        
 4890.880 -0.0053        
 4890.900 -0.0002        
 4890.920  0.0015        
 4890.940 -0.0012        
 4890.960 -0.0082        
 4890.980 -0.0181        
 4891.000 -0.0287        
 4891.020 -0.0377        
 4891.040 -0.0438        
 4891.060 -0.0471        
 4891.080 -0.0487        
 4891.100 -0.0503        
 4891.120 -0.0532        
 4891.140 -0.0576        
 4891.160 -0.0625        
 4891.180 -0.0658        
 4891.200 -0.0655        
 4891.220 -0.0611        
 4891.240 -0.0540        
 4891.260 -0.0466        
 4891.280 -0.0405        
 4891.300 -0.0367        
 4891.320 -0.0350        
 4891.340 -0.0347        
 4891.360 -0.0348        
 4891.380 -0.0344        
 4891.400 -0.0329        
 4891.420 -0.0304        
 4891.440 -0.0276        
 4891.460 -0.0250        
 4891.480 -0.0229        
 4891.500 -0.0211        
 4891.520 -0.0197        
 4891.540 -0.0190        
 4891.560 -0.0197        
 4891.580 -0.0225        
 4891.600 -0.0279        
 4891.620 -0.0357        
 4891.640 -0.0446        
 4891.660 -0.0527        
 4891.680 -0.0583        
 4891.700 -0.0605        
 4891.720 -0.0598        
 4891.740 -0.0574        
 4891.760 -0.0551        
 4891.780 -0.0543        
 4891.800 -0.0550        
 4891.820 -0.0564        
 4891.840 -0.0562        
 4891.860 -0.0527        
 4891.880 -0.0452        
 4891.900 -0.0351        
 4891.920 -0.0250        
 4891.940 -0.0180        
 4891.960 -0.0158        
 4891.980 -0.0184        
 4892.000 -0.0239        
 4892.020 -0.0295        
 4892.040 -0.0326        
 4892.060 -0.0317        
 4892.080 -0.0272        
 4892.100 -0.0209        
 4892.120 -0.0154        
 4892.140 -0.0125        
 4892.160 -0.0126        
 4892.180 -0.0146        
 4892.200 -0.0168        
 4892.220 -0.0174        
 4892.240 -0.0160        
 4892.260 -0.0136        
 4892.280 -0.0124        
 4892.300 -0.0143        
 4892.320 -0.0200        
 4892.340 -0.0284        
 4892.360 -0.0372        
 4892.380 -0.0443        
 4892.400 -0.0482        
 4892.420 -0.0484        
 4892.440 -0.0456        
 4892.460 -0.0417        
 4892.480 -0.0383        
 4892.500 -0.0367        
 4892.520 -0.0369        
 4892.540 -0.0380        
 4892.560 -0.0389        
 4892.580 -0.0384        
 4892.600 -0.0363        
 4892.620 -0.0333        
 4892.640 -0.0307        
 4892.660 -0.0300        
 4892.680 -0.0317        
 4892.700 -0.0348        
 4892.720 -0.0381        
 4892.740 -0.0405        
 4892.760 -0.0420        
 4892.780 -0.0429        
 4892.800 -0.0436        
 4892.820 -0.0443        
 4892.840 -0.0445        
 4892.860 -0.0437        
 4892.880 -0.0411        
 4892.900 -0.0368        
 4892.920 -0.0317        
 4892.940 -0.0274        
 4892.960 -0.0254        
 4892.980 -0.0272        
 4893.000 -0.0327        
 4893.020 -0.0411        
 4893.040 -0.0502        
 4893.060 -0.0575        
 4893.080 -0.0610        
 4893.100 -0.0598        
 4893.120 -0.0552        
 4893.140 -0.0494        
 4893.160 -0.0449        
 4893.180 -0.0428        
 4893.200 -0.0428        
 4893.220 -0.0431        
 4893.240 -0.0420        
 4893.260 -0.0385        
 4893.280 -0.0326        
 4893.300 -0.0260        
 4893.320 -0.0209        
 4893.340 -0.0195        
 4893.360 -0.0226        
 4893.380 -0.0298        
 4893.400 -0.0387        
 4893.420 -0.0468        
 4893.440 -0.0517        
 4893.460 -0.0525        
 4893.480 -0.0495        
 4893.500 -0.0445        
 4893.520 -0.0395        
 4893.540 -0.0362        
 4893.560 -0.0349        
 4893.580 -0.0348        
 4893.600 -0.0341        
 4893.620 -0.0311        
 4893.640 -0.0250        
 4893.660 -0.0165        
 4893.680 -0.0074        
 4893.700 -0.0006        
 4893.720  0.0015        
 4893.740 -0.0023        
 4893.760 -0.0112        
 4893.780 -0.0227        
 4893.800 -0.0332        
 4893.820 -0.0401        
 4893.840 -0.0417        
 4893.860 -0.0383        
 4893.880 -0.0315        
 4893.900 -0.0241        
 4893.920 -0.0188        
 4893.940 -0.0176        
 4893.960 -0.0204        
 4893.980 -0.0254        
 4894.000 -0.0305        
 4894.020 -0.0338        
 4894.040 -0.0352        
 4894.060 -0.0354        
 4894.080 -0.0367        
 4894.100 -0.0409        
 4894.120 -0.0484        
 4894.140 -0.0571        
 4894.160 -0.0636        
 4894.180 -0.0655        
 4894.200 -0.0619        
 4894.220 -0.0533        
 4894.240 -0.0409        
 4894.260 -0.0271        
 4894.280 -0.0146        
 4894.300 -0.0065        
 4894.320 -0.0048        
 4894.340 -0.0098        
 4894.360 -0.0198        
 4894.380 -0.0321        
 4894.400 -0.0441        
 4894.420 -0.0536        
 4894.440 -0.0594        
 4894.460 -0.0611        
 4894.480 -0.0593        
 4894.500 -0.0551        
 4894.520 -0.0496        
 4894.540 -0.0442        
 4894.560 -0.0393        
 4894.580 -0.0351        
 4894.600 -0.0314        
 4894.620 -0.0276        
 4894.640 -0.0233        
 4894.660 -0.0185        
 4894.680 -0.0139        
 4894.700 -0.0105        
 4894.720 -0.0099        
 4894.740 -0.0134        
 4894.760 -0.0212        
 4894.780 -0.0317        
 4894.800 -0.0417        
 4894.820 -0.0478        
 4894.840 -0.0479        
 4894.860 -0.0418        
 4894.880 -0.0314        
 4894.900 -0.0197        
 4894.920 -0.0104        
 4894.940 -0.0065        
 4894.960 -0.0100        
 4894.980 -0.0201        
 4895.000 -0.0339        
 4895.020 -0.0474        
 4895.040 -0.0569        
 4895.060 -0.0607        
 4895.080 -0.0592        
 4895.100 -0.0542        
 4895.120 -0.0484        
 4895.140 -0.0440        
 4895.160 -0.0422        
 4895.180 -0.0426        
 4895.200 -0.0439        
 4895.220 -0.0446        
 4895.240 -0.0442        
 4895.260 -0.0429        
 4895.280 -0.0418        
 4895.300 -0.0421        
 4895.320 -0.0443        
 4895.340 -0.0474        
 4895.360 -0.0497        
 4895.380 -0.0494        
 4895.400 -0.0450        
 4895.420 -0.0362        
 4895.440 -0.0239        
 4895.460 -0.0102        
 4895.480  0.0013        
 4895.500  0.0062        
 4895.520  0.0019        
 4895.540 -0.0098        
 4895.560 -0.0233        
 4895.580 -0.0327        
 4895.600 -0.0356        
 4895.620 -0.0334        
 4895.640 -0.0290        
 4895.660 -0.0249        
 4895.680 -0.0229        
 4895.700 -0.0237        
 4895.720 -0.0268        
 4895.740 -0.0308        
 4895.760 -0.0342        
 4895.780 -0.0356        
 4895.800 -0.0347        
 4895.820 -0.0321        
 4895.840 -0.0292        
 4895.860 -0.0273        
 4895.880 -0.0272        
 4895.900 -0.0291        
 4895.920 -0.0321        
 4895.940 -0.0346        
 4895.960 -0.0350        
 4895.980 -0.0323        
 4896.000 -0.0263        
 4896.020 -0.0179        
 4896.040 -0.0089        
 4896.060 -0.0015        
 4896.080  0.0022        
 4896.100  0.0014        
 4896.120 -0.0038        
 4896.140 -0.0117        
 4896.160 -0.0201        
 4896.180 -0.0266        
 4896.200 -0.0298        
 4896.220 -0.0294        
 4896.240 -0.0265        
 4896.260 -0.0230        
 4896.280 -0.0210        
 4896.300 -0.0219        
 4896.320 -0.0260        
 4896.340 -0.0324        
 4896.360 -0.0393        
 4896.380 -0.0441        
 4896.400 -0.0450        
 4896.420 -0.0417        
 4896.440 -0.0356        
 4896.460 -0.0290        
 4896.480 -0.0242        
 4896.500 -0.0230        
 4896.520 -0.0259        
 4896.540 -0.0327        
 4896.560 -0.0420        
 4896.580 -0.0520        
 4896.600 -0.0604        
 4896.620 -0.0657        
 4896.640 -0.0671        
 4896.660 -0.0648        
 4896.680 -0.0597        
 4896.700 -0.0531        
 4896.720 -0.0463        
 4896.740 -0.0404        
 4896.760 -0.0360        
 4896.780 -0.0325        
 4896.800 -0.0287        
 4896.820 -0.0230        
 4896.840 -0.0142        
 4896.860 -0.0017        
 4896.880  0.0120        
 4896.900  0.0221        
 4896.920  0.0228        
 4896.940  0.0124        
 4896.960 -0.0054        
 4896.980 -0.0240        
 4897.000 -0.0386        
 4897.020 -0.0466        
 4897.040 -0.0477        
 4897.060 -0.0424        
 4897.080 -0.0324        
 4897.100 -0.0203        
 4897.120 -0.0094        
 4897.140 -0.0024        
 4897.160 -0.0009        
 4897.180 -0.0045        
 4897.200 -0.0118        
 4897.220 -0.0207        
 4897.240 -0.0293        
 4897.260 -0.0364        
 4897.280 -0.0413        
 4897.300 -0.0441        
 4897.320 -0.0449        
 4897.340 -0.0441        
 4897.360 -0.0420        
 4897.380 -0.0394        
 4897.400 -0.0370        
 4897.420 -0.0359        
 4897.440 -0.0366        
 4897.460 -0.0389        
 4897.480 -0.0418        
 4897.500 -0.0437        
 4897.520 -0.0434        
 4897.540 -0.0401        
 4897.560 -0.0343        
 4897.580 -0.0273        
 4897.600 -0.0212        
 4897.620 -0.0176        
 4897.640 -0.0169        
 4897.660 -0.0186        
 4897.680 -0.0209        
 4897.700 -0.0225        
 4897.720 -0.0224        
 4897.740 -0.0208        
 4897.760 -0.0187        
 4897.780 -0.0173        
 4897.800 -0.0174        
 4897.820 -0.0187        
 4897.840 -0.0201        
 4897.860 -0.0203        
 4897.880 -0.0186        
 4897.900 -0.0152        
 4897.920 -0.0116        
 4897.940 -0.0100        
 4897.960 -0.0121        
 4897.980 -0.0186        
 4898.000 -0.0284        
 4898.020 -0.0392        
 4898.040 -0.0484        
 4898.060 -0.0544        
 4898.080 -0.0566        
 4898.100 -0.0561        
 4898.120 -0.0545        
 4898.140 -0.0531        
 4898.160 -0.0525        
 4898.180 -0.0525        
 4898.200 -0.0518        
 4898.220 -0.0496        
 4898.240 -0.0458        
 4898.260 -0.0420        
 4898.280 -0.0409        
 4898.300 -0.0440        
 4898.320 -0.0501        
 4898.340 -0.0564        
 4898.360 -0.0602        
 4898.380 -0.0595        
 4898.400 -0.0539        
 4898.420 -0.0446        
 4898.440 -0.0340        
 4898.460 -0.0254        
 4898.480 -0.0216        
 4898.500 -0.0239        
 4898.520 -0.0315        
 4898.540 -0.0419        
 4898.560 -0.0518        
 4898.580 -0.0583        
 4898.600 -0.0596        
 4898.620 -0.0556        
 4898.640 -0.0477        
 4898.660 -0.0380        
 4898.680 -0.0281        
 4898.700 -0.0197        
 4898.720 -0.0134        
 4898.740 -0.0098        
 4898.760 -0.0089        
 4898.780 -0.0105        
 4898.800 -0.0136        
 4898.820 -0.0170        
 4898.840 -0.0194        
 4898.860 -0.0197        
 4898.880 -0.0180        
 4898.900 -0.0147        
 4898.920 -0.0109        
 4898.940 -0.0083        
 4898.960 -0.0080        
 4898.980 -0.0106        
 4899.000 -0.0155        
 4899.020 -0.0215        
 4899.040 -0.0271        
 4899.060 -0.0311        
 4899.080 -0.0332        
 4899.100 -0.0337        
 4899.120 -0.0335        
 4899.140 -0.0335        
 4899.160 -0.0340        
 4899.180 -0.0348        
 4899.200 -0.0352        
 4899.220 -0.0344        
 4899.240 -0.0321        
 4899.260 -0.0289        
 4899.280 -0.0257        
 4899.300 -0.0235        
 4899.320 -0.0230        
 4899.340 -0.0240        
 4899.360 -0.0259        
 4899.380 -0.0277        
 4899.400 -0.0284        
 4899.420 -0.0277        
 4899.440 -0.0257        
 4899.460 -0.0232        
 4899.480 -0.0208        
 4899.500 -0.0188        
 4899.520 -0.0171        
 4899.540 -0.0154        
 4899.560 -0.0137        
 4899.580 -0.0123        
 4899.600 -0.0121        
 4899.620 -0.0141        
 4899.640 -0.0180        
 4899.660 -0.0227        
 4899.680 -0.0271        
 4899.700 -0.0304        
 4899.720 -0.0322        
 4899.740 -0.0326        
 4899.760 -0.0320        
 4899.780 -0.0309        
 4899.800 -0.0300        
 4899.820 -0.0296        
 4899.840 -0.0295        
 4899.860 -0.0293        
 4899.880 -0.0283        
 4899.900 -0.0261        
 4899.920 -0.0230        
 4899.940 -0.0196        
 4899.960 -0.0173        
 4899.980 -0.0171        
 4900.000 -0.0199        
 4900.020 -0.0254        
 4900.040 -0.0327        
 4900.060 -0.0400        
 4900.080 -0.0454        
 4900.100 -0.0477        
 4900.120 -0.0460        
 4900.140 -0.0408        
 4900.160 -0.0337        
 4900.180 -0.0266        
 4900.200 -0.0217        
 4900.220 -0.0200        
 4900.240 -0.0218        
 4900.260 -0.0262        
 4900.280 -0.0314        
 4900.300 -0.0355        
 4900.320 -0.0370        
 4900.340 -0.0356        
 4900.360 -0.0323        
 4900.380 -0.0289        
 4900.400 -0.0272        
 4900.420 -0.0279        
 4900.440 -0.0304        
 4900.460 -0.0332        
 4900.480 -0.0344        
 4900.500 -0.0326        
 4900.520 -0.0279        
 4900.540 -0.0216        
 4900.560 -0.0162        
 4900.580 -0.0143        
 4900.600 -0.0168        
 4900.620 -0.0231        
 4900.640 -0.0308        
 4900.660 -0.0365        
 4900.680 -0.0374        
 4900.700 -0.0321        
 4900.720 -0.0220        
 4900.740 -0.0108        
 4900.760 -0.0027        
 4900.780 -0.0008        
 4900.800 -0.0062        
 4900.820 -0.0177        
 4900.840 -0.0330        
 4900.860 -0.0489        
 4900.880 -0.0607        
 4900.900 -0.0642        
 4900.920 -0.0582        
 4900.940 -0.0460        
 4900.960 -0.0337        
 4900.980 -0.0255        
 4901.000 -0.0224        
 4901.020 -0.0229        
 4901.040 -0.0255        
 4901.060 -0.0288        
 4901.080 -0.0321        
 4901.100 -0.0346        
 4901.120 -0.0360        
 4901.140 -0.0357        
 4901.160 -0.0334        
 4901.180 -0.0292        
 4901.200 -0.0235        
 4901.220 -0.0176        
 4901.240 -0.0128        
 4901.260 -0.0110        
 4901.280 -0.0136        
 4901.300 -0.0206        
 4901.320 -0.0302        
 4901.340 -0.0393        
 4901.360 -0.0448        
 4901.380 -0.0448        
 4901.400 -0.0396        
 4901.420 -0.0309        
 4901.440 -0.0218        
 4901.460 -0.0153        
 4901.480 -0.0135        
 4901.500 -0.0173        
 4901.520 -0.0256        
 4901.540 -0.0361        
 4901.560 -0.0462        
 4901.580 -0.0534        
 4901.600 -0.0562        
 4901.620 -0.0542        
 4901.640 -0.0482        
 4901.660 -0.0394        
 4901.680 -0.0299        
 4901.700 -0.0214        
 4901.720 -0.0155        
 4901.740 -0.0133        
 4901.760 -0.0152        
 4901.780 -0.0209        
 4901.800 -0.0291        
 4901.820 -0.0377        
 4901.840 -0.0444        
 4901.860 -0.0476        
 4901.880 -0.0470        
 4901.900 -0.0436        
 4901.920 -0.0386        
 4901.940 -0.0332        
 4901.960 -0.0279        
 4901.980 -0.0230        
 4902.000 -0.0180        
 4902.020 -0.0125        
 4902.040 -0.0065        
 4902.060  0.0000        
 4902.080  0.0061        
 4902.100  0.0109        
 4902.120  0.0132        
 4902.140  0.0114        
 4902.160  0.0043        
 4902.180 -0.0077        
 4902.200 -0.0222        
 4902.220 -0.0350        
 4902.240 -0.0431        
 4902.260 -0.0459        
 4902.280 -0.0450        
 4902.300 -0.0422        
 4902.320 -0.0391        
 4902.340 -0.0366        
 4902.360 -0.0350        
 4902.380 -0.0342        
 4902.400 -0.0342        
 4902.420 -0.0344        
 4902.440 -0.0345        
 4902.460 -0.0344        
 4902.480 -0.0339        
 4902.500 -0.0335        
 4902.520 -0.0334        
 4902.540 -0.0343        
 4902.560 -0.0363        
 4902.580 -0.0393        
 4902.600 -0.0428        
 4902.620 -0.0456        
 4902.640 -0.0468        
 4902.660 -0.0458        
 4902.680 -0.0423        
 4902.700 -0.0371        
 4902.720 -0.0311        
 4902.740 -0.0256        
 4902.760 -0.0214        
 4902.780 -0.0190        
 4902.800 -0.0183        
 4902.820 -0.0185        
 4902.840 -0.0188        
 4902.860 -0.0185        
 4902.880 -0.0173        
 4902.900 -0.0152        
 4902.920 -0.0126        
 4902.940 -0.0103        
 4902.960 -0.0088        
 4902.980  0.0000        
 4903.000  0.0000        
