           1.0300  1.0000
          -0.1000  0.0000
 4397.000  1.0502  0.9772
 4397.020  1.0437  0.9800
 4397.040  1.0374  0.9751
 4397.060  1.0279  0.9811
 4397.080  1.0201  0.9888
 4397.100  1.0182  0.9873
 4397.120  1.0217  0.9849
 4397.140  1.0275  0.9842
 4397.160  1.0343  0.9836
 4397.180  1.0405  0.9845
 4397.200  1.0447  0.9858
 4397.220  1.0458  0.9882
 4397.240  1.0435  0.9867
 4397.260  1.0385  0.9854
 4397.280  1.0324  0.9834
 4397.300  1.0278  0.9825
 4397.320  1.0256  0.9784
 4397.340  1.0246  0.9786
 4397.360  1.0238  0.9832
 4397.380  1.0247  0.9852
 4397.400  1.0278  0.9827
 4397.420  1.0315  0.9811
 4397.440  1.0345  0.9795
 4397.460  1.0360  0.9787
 4397.480  1.0361  0.9803
 4397.500  1.0349  0.9819
 4397.520  1.0332  0.9848
 4397.540  1.0318  0.9879
 4397.560  1.0314  0.9883
 4397.580  1.0316  0.9885
 4397.600  1.0319  0.9875
 4397.620  1.0313  0.9867
 4397.640  1.0292  0.9861
 4397.660  1.0253  0.9872
 4397.680  1.0204  0.9891
 4397.700  1.0158  0.9910
 4397.720  1.0130  0.9913
 4397.740  1.0130  0.9898
 4397.760  1.0154  0.9867
 4397.780  1.0191  0.9834
 4397.800  1.0226  0.9814
 4397.820  1.0244  0.9818
 4397.840  1.0244  0.9842
 4397.860  1.0232  0.9869
 4397.880  1.0225  0.9876
 4397.900  1.0239  0.9841
 4397.920  1.0281  0.9758
 4397.940  1.0351  0.9639
 4397.960  1.0434  0.9518
 4397.980  1.0505  0.9430
 4398.000  1.0541  0.9406
 4398.020  1.0528  0.9454
 4398.040  1.0466  0.9558
 4398.060  1.0374  0.9679
 4398.080  1.0276  0.9775
 4398.100  1.0199  0.9816
 4398.120  1.0158  0.9793
 4398.140  1.0160  0.9721
 4398.160  1.0194  0.9628
 4398.180  1.0244  0.9532
 4398.200  1.0290  0.9437
 4398.220  1.0319  0.9319
 4398.240  1.0328  0.9146
 4398.260  1.0325  0.8893
 4398.280  1.0322  0.8566
 4398.300  1.0331  0.8211
 4398.320  1.0356  0.7904
 4398.340  1.0388  0.7734
 4398.360  1.0412  0.7763
 4398.380  1.0411  0.8005
 4398.400  1.0378  0.8414
 4398.420  1.0319  0.8897
 4398.440  1.0250  0.9344
 4398.460  1.0186  0.9668
 4398.480  1.0141  0.9829
 4398.500  1.0120  0.9845
 4398.520  1.0122  0.9776
 4398.540  1.0140  0.9698
 4398.560  1.0165  0.9665
 4398.580  1.0186  0.9696
 4398.600  1.0202  0.9770
 4398.620  1.0211  0.9845
 4398.640  1.0218  0.9880
 4398.660  1.0227  0.9859
 4398.680  1.0235  0.9796
 4398.700  1.0239  0.9725
 4398.720  1.0235  0.9685
 4398.740  1.0221  0.9696
 4398.760  1.0202  0.9753
 4398.780  1.0188  0.9827
 4398.800  1.0189  0.9887
 4398.820  1.0212  0.9907
 4398.840  1.0255  0.9889
 4398.860  1.0307  0.9851
 4398.880  1.0352  0.9822
 4398.900  1.0371  0.9824
 4398.920  1.0357  0.9856
 4398.940  1.0310  0.9898
 4398.960  1.0244  0.9918
 4398.980  1.0178  0.9890
 4399.000  1.0128  0.9807
 4399.020  1.0105  0.9687
 4399.040  1.0109  0.9563
 4399.060  1.0130  0.9472
 4399.080  1.0156  0.9437
 4399.100  1.0176  0.9457
 4399.120  1.0188  0.9514
 4399.140  1.0197  0.9581
 4399.160  1.0210  0.9633
 4399.180  1.0235  0.9665
 4399.200  1.0271  0.9683
 4399.220  1.0312  0.9702
 4399.240  1.0346  0.9734
 4399.260  1.0360  0.9781
 4399.280  1.0348  0.9832
 4399.300  1.0311  0.9870
 4399.320  1.0259  0.9884
 4399.340  1.0203  0.9873
 4399.360  1.0157  0.9850
 4399.380  1.0130  0.9832
 4399.400  1.0124  0.9832
 4399.420  1.0137  0.9852
 4399.440  1.0162  0.9879
 4399.460  1.0192  0.9895
 4399.480  1.0219  0.9885
 4399.500  1.0241  0.9845
 4399.520  1.0254  0.9787
 4399.540  1.0260  0.9733
 4399.560  1.0261  0.9703
 4399.580  1.0264  0.9707
 4399.600  1.0273  0.9736
 4399.620  1.0293  0.9772
 4399.640  1.0323  0.9790
 4399.660  1.0357  0.9772
 4399.680  1.0384  0.9715
 4399.700  1.0392  0.9630
 4399.720  1.0371  0.9535
 4399.740  1.0321  0.9452
 4399.760  1.0251  0.9395
 4399.780  1.0180  0.9370
 4399.800  1.0127  0.9379
 4399.820  1.0106  0.9420
 4399.840  1.0121  0.9490
 4399.860  1.0160  0.9583
 4399.880  1.0207  0.9686
 4399.900  1.0244  0.9781
 4399.920  1.0262  0.9842
 4399.940  1.0264  0.9847
 4399.960  1.0262  0.9783
 4399.980  1.0272  0.9656
 4400.000  1.0306  0.9487
 4400.020  1.0361  0.9305
 4400.040  1.0422  0.9137
 4400.060  1.0465  0.9001
 4400.080  1.0464  0.8900
 4400.100  1.0410  0.8831
 4400.120  1.0308  0.8793
 4400.140  1.0187  0.8796
 4400.160  1.0084  0.8858
 4400.180  1.0031  0.8994
 4400.200  1.0048  0.9197
 4400.220  1.0130  0.9426
 4400.240  1.0256  0.9613
 4400.260  1.0398  0.9679
 4400.280  1.0531  0.9569
 4400.300  1.0637  0.9279
 4400.320  1.0705  0.8867
 4400.340  1.0734  0.8438
 4400.360  1.0728  0.8102
 4400.380  1.0700  0.7927
 4400.400  1.0666  0.7909
 4400.420  1.0639  0.7963
 4400.440  1.0628  0.7960
 4400.460  1.0629  0.7787
 4400.480  1.0630  0.7398
 4400.500 -1.0000  0.6851
 4400.520 -1.0000  0.6294
 4400.540 -1.0000  0.5915
 4400.560 -1.0000  0.5869
 4400.580 -1.0000  0.6216
 4400.600 -1.0000  0.6899
 4400.620  1.0324  0.7760
 4400.640  1.0354  0.8600
 4400.660  1.0401  0.9252
 4400.680  1.0441  0.9631
 4400.700  1.0456  0.9748
 4400.720  1.0433  0.9690
 4400.740  1.0373  0.9567
 4400.760  1.0293  0.9464
 4400.780  1.0218  0.9412
 4400.800  1.0174  0.9390
 4400.820  1.0177  0.9360
 4400.840  1.0224  0.9294
 4400.860  1.0297  0.9202
 4400.880  1.0368  0.9121
 4400.900  1.0415  0.9098
 4400.920  1.0427  0.9155
 4400.940  1.0411  0.9277
 4400.960  1.0387  0.9412
 4400.980  1.0371  0.9499
 4401.000  1.0375  0.9503
 4401.020  1.0393  0.9434
 4401.040  1.0413  0.9343
 4401.060  1.0419  0.9298
 4401.080  1.0406  0.9343
 4401.100  1.0383  0.9477
 4401.120  1.0371  0.9642
 4401.140  1.0390  0.9754
 4401.160  1.0452  0.9738
 4401.180  1.0546  0.9574
 4401.200  1.0646  0.9304
 4401.220  1.0708  0.9023
 4401.240  1.0696  0.8835
 4401.260  1.0595  0.8812
 4401.280  1.0428  0.8960
 4401.300  1.0243  0.9224
 4401.320  1.0093  0.9510
 4401.340  1.0013  0.9731
 4401.360  1.0011  0.9839
 4401.380  1.0071  0.9841
 4401.400  1.0164  0.9786
 4401.420  1.0257  0.9732
 4401.440  1.0327  0.9715
 4401.460  1.0364  0.9734
 4401.480  1.0377  0.9757
 4401.500  1.0379  0.9746
 4401.520  1.0380  0.9680
 4401.540  1.0382  0.9577
 4401.560  1.0378  0.9478
 4401.580  1.0362  0.9434
 4401.600  1.0333  0.9470
 4401.620  1.0302  0.9573
 4401.640  1.0287  0.9697
 4401.660  1.0299  0.9780
 4401.680  1.0341  0.9779
 4401.700  1.0397  0.9689
 4401.720  1.0439  0.9548
 4401.740  1.0437  0.9416
 4401.760  1.0373  0.9349
 4401.780  1.0256  0.9370
 4401.800  1.0117  0.9463
 4401.820  1.0002  0.9581
 4401.840  0.9947  0.9669
 4401.860  0.9971  0.9695
 4401.880  1.0066  0.9659
 4401.900  1.0203  0.9589
 4401.920  1.0342  0.9527
 4401.940  1.0448  0.9502
 4401.960  1.0502  0.9516
 4401.980  1.0507  0.9549
 4402.000  1.0479  0.9569
 4402.020  1.0436  0.9555
 4402.040  1.0390  0.9509
 4402.060  1.0339  0.9458
 4402.080  1.0279  0.9434
 4402.100  1.0206  0.9458
 4402.120  1.0128  0.9522
 4402.140  1.0062  0.9588
 4402.160  1.0032  0.9605
 4402.180  1.0053  0.9530
 4402.200  1.0126  0.9350
 4402.220  1.0232  0.9093
 4402.240  1.0334  0.8818
 4402.260  1.0389  0.8594
 4402.280  1.0366  0.8477
 4402.300  1.0261  0.8489
 4402.320  1.0104  0.8616
 4402.340  0.9939  0.8818
 4402.360  0.9808  0.9044
 4402.380  0.9730  0.9251
 4402.400  0.9699  0.9415
 4402.420  0.9687  0.9527
 4402.440  0.9658  0.9596
 4402.460  0.9577  0.9633
 4402.480  0.9428  0.9650
 4402.500  0.9208  0.9656
 4402.520  0.8934  0.9658
 4402.540  0.8626  0.9664
 4402.560  0.8306  0.9677
 4402.580  0.7989  0.9701
 4402.600  0.7687  0.9732
 4402.620  0.7409  0.9763
 4402.640  0.7168  0.9787
 4402.660  0.6986  0.9800
 4402.680  0.6888  0.9803
 4402.700  0.6897  0.9806
 4402.720  0.7025  0.9817
 4402.740  0.7264  0.9841
 4402.760  0.7584  0.9873
 4402.780  0.7943  0.9901
 4402.800  0.8298  0.9912
 4402.820  0.8612  0.9898
 4402.840  0.8864  0.9865
 4402.860  0.9050  0.9827
 4402.880  0.9180  0.9804
 4402.900  0.9272  0.9807
 4402.920  0.9345  0.9835
 4402.940  0.9415  0.9874
 4402.960  0.9489  0.9902
 4402.980  0.9570  0.9906
 4403.000  0.9657  0.9884
 4403.020  0.9747  0.9848
 4403.040  0.9839  0.9820
 4403.060  0.9932  0.9817
 4403.080  1.0026  0.9840
 4403.100  1.0121  0.9878
 4403.120  1.0211  0.9907
 4403.140  1.0291  0.9910
 4403.160  1.0352  0.9882
 4403.180  1.0384  0.9836
 4403.200  1.0384  0.9794
 4403.220  1.0356  0.9773
 4403.240  1.0312  0.9774
 4403.260  1.0271  0.9780
 4403.280  1.0251  0.9762
 4403.300  1.0263  0.9699
 4403.320  1.0304  0.9592
 4403.340  1.0359  0.9471
 4403.360  1.0406  0.9383
 4403.380  1.0419  0.9370
 4403.400  1.0385  0.9450
 4403.420  1.0308  0.9602
 4403.440  1.0210  0.9775
 4403.460  1.0118  0.9908
 4403.480  1.0060  0.9960
 4403.500  1.0051  0.9926
 4403.520  1.0094  0.9843
 4403.540  1.0176  0.9764
 4403.560  1.0274  0.9738
 4403.580  1.0361  0.9780
 4403.600  1.0422  0.9866
 4403.620  1.0452  0.9950
 4403.640  1.0456  0.9983
 4403.660  1.0447  0.9946
 4403.680  1.0434  0.9858
 4403.700  1.0420  0.9766
 4403.720  1.0403  0.9718
 4403.740  1.0378  0.9740
 4403.760  1.0342  0.9818
 4403.780  1.0294  0.9908
 4403.800  1.0240  0.9958
 4403.820  1.0186  0.9939
 4403.840  1.0140  0.9862
 4403.860  1.0107  0.9771
 4403.880  1.0093  0.9717
 4403.900  1.0098  0.9731
 4403.920  1.0121  0.9807
 4403.940  1.0160  0.9898
 4403.960  1.0211  0.9947
 4403.980  1.0266  0.9919
 4404.000  1.0317  0.9822
 4404.020  1.0353  0.9706
 4404.040  1.0363  0.9636
 4404.060  1.0342  0.9656
 4404.080  1.0297  0.9759
 4404.100  1.0239  0.9886
 4404.120  1.0187  0.9956
 4404.140  1.0152  0.9911
 4404.160  1.0142  0.9753
 4404.180  1.0154  0.9548
 4404.200  1.0182  0.9396
 4404.220  1.0215  0.9373
 4404.240  1.0250  0.9477
 4404.260  1.0289  0.9612
 4404.280  1.0344  0.9615
 4404.300  1.0427  0.9330
 4404.320  1.0533  0.8695
 4404.340  1.0620  0.7789
 4404.360 -1.0000  0.6828
 4404.380 -1.0000  0.6094
 4404.400 -1.0000  0.5825
 4404.420 -1.0000  0.6115
 4404.440 -1.0000  0.6864
 4404.460  1.0204  0.7810
 4404.480  1.0183  0.8621
 4404.500  1.0215  0.9024
 4404.520  1.0319  0.8908
 4404.540  1.0479  0.8356
 4404.560  1.0654  0.7610
 4404.580  1.0787  0.6966
 4404.600  1.0831  0.6663
 4404.620  1.0778  0.6801
 4404.640  1.0669  0.7318
 4404.660  1.0562  0.8035
 4404.680  1.0494  0.8741
 4404.700  1.0466  0.9274
 4404.720  1.0459  0.9570
 4404.740  1.0445  0.9660
 4404.760  1.0406  0.9638
 4404.780  1.0336  0.9599
 4404.800  1.0251  0.9603
 4404.820  1.0176  0.9656
 4404.840  1.0134  0.9728
 4404.860  1.0136  0.9781
 4404.880  1.0172  0.9796
 4404.900  1.0220  0.9777
 4404.920  1.0257  0.9747
 4404.940  1.0266  0.9726
 4404.960  1.0247  0.9718
 4404.980  1.0214  0.9712
 4405.000  1.0188  0.9691
 4405.020  1.0183  0.9649
 4405.040  1.0204  0.9595
 4405.060  1.0239  0.9555
 4405.080  1.0272  0.9556
 4405.100  1.0284  0.9607
 4405.120  1.0269  0.9693
 4405.140  1.0234  0.9781
 4405.160  1.0194  0.9837
 4405.180  1.0164  0.9844
 4405.200  1.0151  0.9810
 4405.220  1.0155  0.9764
 4405.240  1.0163  0.9739
 4405.260  1.0165  0.9749
 4405.280  1.0158  0.9782
 4405.300  1.0146  0.9804
 4405.320  1.0142  0.9778
 4405.340  1.0160  0.9688
 4405.360  1.0205  0.9549
 4405.380  1.0271  0.9409
 4405.400  1.0337  0.9321
 4405.420  1.0378  0.9323
 4405.440  1.0377  0.9417
 4405.460  1.0333  0.9566
 4405.480  1.0261  0.9714
 4405.500  1.0187  0.9812
 4405.520  1.0134  0.9839
 4405.540  1.0119  0.9810
 4405.560  1.0140  0.9766
 4405.580  1.0188  0.9747
 4405.600  1.0243  0.9769
 4405.620  1.0288  0.9818
 4405.640  1.0316  0.9852
 4405.660  1.0329  0.9830
 4405.680  1.0334  0.9731
 4405.700  1.0338  0.9573
 4405.720  1.0339  0.9403
 4405.740  1.0334  0.9281
 4405.760  1.0314  0.9251
 4405.780  1.0276  0.9320
 4405.800  1.0224  0.9460
 4405.820  1.0172  0.9621
 4405.840  1.0136  0.9751
 4405.860  1.0128  0.9820
 4405.880  1.0149  0.9829
 4405.900  1.0187  0.9802
 4405.920  1.0226  0.9768
 4405.940  1.0245  0.9750
 4405.960  1.0234  0.9753
 4405.980  1.0194  0.9766
 4406.000  1.0140  0.9772
 4406.020  1.0093  0.9761
 4406.040  1.0073  0.9735
 4406.060  1.0090  0.9701
 4406.080  1.0142  0.9670
 4406.100  1.0214  0.9645
 4406.120  1.0288  0.9622
 4406.140  1.0345  0.9598
 4406.160  1.0376  0.9571
 4406.180  1.0378  0.9553
 4406.200  1.0359  0.9560
 4406.220  1.0327  0.9605
 4406.240  1.0292  0.9683
 4406.260  1.0258  0.9773
 4406.280  1.0230  0.9837
 4406.300  1.0208  0.9841
 4406.320  1.0192  0.9769
 4406.340  1.0182  0.9635
 4406.360  1.0177  0.9483
 4406.380  1.0176  0.9368
 4406.400  1.0176  0.9330
 4406.420  1.0174  0.9383
 4406.440  1.0168  0.9499
 4406.460  1.0161  0.9629
 4406.480  1.0157  0.9720
 4406.500  1.0159  0.9741
 4406.520  1.0170  0.9694
 4406.540  1.0186  0.9610
 4406.560  1.0201  0.9533
 4406.580  1.0206  0.9497
 4406.600  1.0198  0.9513
 4406.620  1.0178  0.9566
 4406.640  1.0155  0.9631
 4406.660  1.0143  0.9684
 4406.680  1.0152  0.9718
 4406.700  1.0184  0.9743
 4406.720  1.0232  0.9773
 4406.740  1.0277  0.9819
 4406.760  1.0302  0.9871
 4406.780  1.0294  0.9908
 4406.800  1.0253  0.9908
 4406.820  1.0190  0.9860
 4406.840  1.0127  0.9779
 4406.860  1.0088  0.9695
 4406.880  1.0087  0.9643
 4406.900  1.0126  0.9642
 4406.920  1.0193  0.9682
 4406.940  1.0266  0.9731
 4406.960  1.0324  0.9750
 4406.980  1.0356  0.9717
 4407.000  1.0359  0.9641
 4407.020  1.0342  0.9561
 4407.040  1.0318  0.9527
 4407.060  1.0299  0.9570
 4407.080  1.0293  0.9680
 4407.100  1.0301  0.9799
 4407.120  1.0319  0.9841
 4407.140  1.0343  0.9727
 4407.160  1.0371  0.9421
 4407.180  1.0405  0.8951
 4407.200  1.0441  0.8405
 4407.220  1.0477  0.7903
 4407.240  1.0500  0.7555
 4407.260  1.0501  0.7426
 4407.280  1.0471  0.7521
 4407.300  1.0418  0.7790
 4407.320  1.0354  0.8153
 4407.340  1.0299  0.8531
 4407.360  1.0268  0.8866
 4407.380  1.0269  0.9129
 4407.400  1.0300  0.9311
 4407.420  1.0349  0.9413
 4407.440  1.0401  0.9436
 4407.460  1.0438  0.9378
 4407.480  1.0448  0.9246
 4407.500  1.0426  0.9057
 4407.520  1.0374  0.8845
 4407.540  1.0302  0.8652
 4407.560  1.0225  0.8520
 4407.580  1.0155  0.8474
 4407.600  1.0105  0.8522
 4407.620  1.0081  0.8655
 4407.640  1.0086  0.8851
 4407.660  1.0120  0.9083
 4407.680  1.0176  0.9316
 4407.700  1.0247  0.9506
 4407.720  1.0318  0.9596
 4407.740  1.0377  0.9516
 4407.760  1.0406  0.9209
 4407.780  1.0402  0.8653
 4407.800  1.0382  0.7883
 4407.820 -1.0000  0.7001
 4407.840 -1.0000  0.6163
 4407.860 -1.0000  0.5530
 4407.880 -1.0000  0.5224
 4407.900 -1.0000  0.5284
 4407.920 -1.0000  0.5650
 4407.940 -1.0000  0.6189
 4407.960 -1.0000  0.6742
 4407.980  1.0516  0.7183
 4408.000  1.0519  0.7459
 4408.020  1.0511  0.7599
 4408.040  1.0495  0.7690
 4408.060  1.0479  0.7831
 4408.080  1.0468  0.8082
 4408.100  1.0457  0.8444
 4408.120  1.0435  0.8863
 4408.140  1.0395  0.9254
 4408.160  1.0333  0.9548
 4408.180  1.0258  0.9712
 4408.200  1.0184  0.9758
 4408.220  1.0131  0.9728
 4408.240  1.0115  0.9666
 4408.260  1.0146  0.9604
 4408.280  1.0220  0.9549
 4408.300  1.0320  0.9495
 4408.320  1.0418  0.9438
 4408.340  1.0486  0.9385
 4408.360  1.0500  0.9352
 4408.380  1.0453  0.9353
 4408.400  1.0353  0.9382
 4408.420  1.0228  0.9410
 4408.440  1.0111  0.9399
 4408.460  1.0041  0.9318
 4408.480  1.0042  0.9170
 4408.500  1.0124  0.8993
 4408.520  1.0271  0.8850
 4408.540  1.0442  0.8790
 4408.560  1.0586  0.8816
 4408.580  1.0657  0.8873
 4408.600  1.0632  0.8858
 4408.620  1.0518  0.8671
 4408.640  1.0341  0.8264
 4408.660  1.0149  0.7680
 4408.680  0.9998  0.7055
 4408.700  0.9940  0.6576
 4408.720  0.9995  0.6409
 4408.740  1.0129  0.6634
 4408.760  1.0274  0.7208
 4408.780  1.0373  0.7977
 4408.800  1.0405  0.8733
 4408.820  1.0385  0.9294
 4408.840  1.0343  0.9570
 4408.860  1.0310  0.9583
 4408.880  1.0305  0.9448
 4408.900  1.0328  0.9311
 4408.920  1.0363  0.9281
 4408.940  1.0383  0.9391
 4408.960  1.0366  0.9591
 4408.980  1.0309  0.9789
 4409.000  1.0226  0.9901
 4409.020  1.0146  0.9894
 4409.040  1.0097  0.9799
 4409.060  1.0098  0.9687
 4409.080  1.0148  0.9631
 4409.100  1.0224  0.9664
 4409.120  1.0294  0.9764
 4409.140  1.0329  0.9865
 4409.160  1.0317  0.9900
 4409.180  1.0266  0.9829
 4409.200  1.0195  0.9668
 4409.220  1.0128  0.9473
 4409.240  1.0085  0.9315
 4409.260  1.0071  0.9242
 4409.280  1.0078  0.9254
 4409.300  1.0088  0.9308
 4409.320  1.0088  0.9341
 4409.340  1.0075  0.9311
 4409.360  1.0055  0.9217
 4409.380  1.0044  0.9104
 4409.400  1.0056  0.9042
 4409.420  1.0094  0.9085
 4409.440  1.0150  0.9244
 4409.460  1.0207  0.9474
 4409.480  1.0252  0.9694
 4409.500  1.0276  0.9817
 4409.520  1.0282  0.9797
 4409.540  1.0276  0.9643
 4409.560  1.0268  0.9420
 4409.580  1.0264  0.9219
 4409.600  1.0263  0.9116
 4409.620  1.0263  0.9146
 4409.640  1.0258  0.9287
 4409.660  1.0247  0.9480
 4409.680  1.0235  0.9654
 4409.700  1.0226  0.9761
 4409.720  1.0223  0.9793
 4409.740  1.0225  0.9775
 4409.760  1.0227  0.9753
 4409.780  1.0221  0.9762
 4409.800  1.0201  0.9808
 4409.820  1.0172  0.9869
 4409.840  1.0144  0.9904
 4409.860  1.0131  0.9876
 4409.880  1.0147  0.9771
 4409.900  1.0195  0.9603
 4409.920  1.0267  0.9412
 4409.940  1.0344  0.9243
 4409.960  1.0402  0.9133
 4409.980  1.0425  0.9095
 4410.000  1.0410  0.9122
 4410.020  1.0368  0.9192
 4410.040  1.0319  0.9281
 4410.060  1.0282  0.9376
 4410.080  1.0267  0.9470
 4410.100  1.0270  0.9564
 4410.120  1.0279  0.9651
 4410.140  1.0282  0.9715
 4410.160  1.0269  0.9730
 4410.180  1.0243  0.9668
 4410.200  1.0213  0.9515
 4410.220  1.0195  0.9276
 4410.240  1.0203  0.8987
 4410.260  1.0242  0.8703
 4410.280  1.0308  0.8487
 4410.300  1.0381  0.8393
 4410.320  1.0440  0.8446
 4410.340  1.0468  0.8636
 4410.360  1.0461  0.8923
 4410.380  1.0423  0.9245
 4410.400  1.0367  0.9536
 4410.420  1.0304  0.9749
 4410.440  1.0245  0.9860
 4410.460  1.0196  0.9876
 4410.480  1.0163  0.9827
 4410.500  1.0149  0.9756
 4410.520  1.0152  0.9698
 4410.540  1.0168  0.9680
 4410.560  1.0190  0.9706
 4410.580  1.0203  0.9767
 4410.600  1.0196  0.9845
 4410.620  1.0160  0.9919
 4410.640  1.0094  0.9976
 4410.660  1.0004  1.0008
 4410.680  0.9899  1.0015
 4410.700  0.9792  0.9998
 4410.720  0.9691  0.9958
 4410.740  0.9596  0.9899
 4410.760  0.9506  0.9827
 4410.780  0.9418  0.9753
 4410.800  0.9333  0.9693
 4410.820  0.9263  0.9665
 4410.840  0.9224  0.9680
 4410.860  0.9234  0.9736
 4410.880  0.9303  0.9815
 4410.900  0.9429  0.9884
 4410.920  0.9597  0.9913
 4410.940  0.9783  0.9881
 4410.960  0.9956  0.9787
 4410.980  1.0093  0.9655
 4411.000  1.0178  0.9526
 4411.020  1.0211  0.9440
 4411.040  1.0205  0.9423
 4411.060  1.0179  0.9472
 4411.080  1.0155  0.9563
 4411.100  1.0147  0.9654
 4411.120  1.0158  0.9708
 4411.140  1.0184  0.9708
 4411.160  1.0215  0.9660
 4411.180  1.0240  0.9591
 4411.200  1.0252  0.9538
 4411.220  1.0249  0.9525
 4411.240  1.0234  0.9556
 4411.260  1.0213  0.9614
 4411.280  1.0198  0.9669
 4411.300  1.0196  0.9692
 4411.320  1.0211  0.9674
 4411.340  1.0244  0.9624
 4411.360  1.0288  0.9569
 4411.380  1.0335  0.9541
 4411.400  1.0372  0.9560
 4411.420  1.0393  0.9625
 4411.440  1.0395  0.9717
 4411.460  1.0381  0.9806
 4411.480  1.0361  0.9867
 4411.500  1.0342  0.9887
 4411.520  1.0328  0.9873
 4411.540  1.0317  0.9842
 4411.560  1.0303  0.9817
 4411.580  1.0280  0.9810
 4411.600  1.0245  0.9824
 4411.620  1.0201  0.9845
 4411.640  1.0162  0.9860
 4411.660  1.0141  0.9858
 4411.680  1.0148  0.9839
 4411.700  1.0185  0.9814
 4411.720  1.0239  0.9795
 4411.740  1.0293  0.9796
 4411.760  1.0324  0.9817
 4411.780  1.0318  0.9851
 4411.800  1.0275  0.9884
 4411.820  1.0207  0.9904
 4411.840  1.0135  0.9905
 4411.860  1.0080  0.9893
 4411.880  1.0053  0.9877
 4411.900  1.0055  0.9868
 4411.920  1.0076  0.9872
 4411.940  1.0100  0.9887
 4411.960  1.0114  0.9903
 4411.980  1.0116  0.9909
 4412.000  1.0108  0.9898
 4412.020  1.0102  0.9869
 4412.040  1.0106  0.9825
 4412.060  1.0124  0.9776
 4412.080  1.0153  0.9729
 4412.100  1.0186  0.9690
 4412.120  1.0213  0.9663
 4412.140  1.0229  0.9647
 4412.160  1.0234  0.9646
 4412.180  1.0229  0.9663
 4412.200  1.0221  0.9698
 4412.220  1.0212  0.9750
 4412.240  1.0201  0.9812
 4412.260  1.0190  0.9869
 4412.280  1.0180  0.9908
 4412.300  1.0177  0.9920
 4412.320  1.0187  0.9905
 4412.340  1.0215  0.9873
 4412.360  1.0261  0.9844
 4412.380  1.0316  0.9833
 4412.400  1.0366  0.9849
 4412.420  1.0393  0.9887
 4412.440  1.0391  0.9929
 4412.460  1.0363  0.9951
 4412.480  1.0322  0.9931
 4412.500  1.0288  0.9863
 4412.520  1.0279  0.9755
 4412.540  1.0299  0.9633
 4412.560  1.0339  0.9527
 4412.580  1.0377  0.9464
 4412.600  1.0386  0.9459
 4412.620  1.0349  0.9509
 4412.640  1.0262  0.9598
 4412.660  1.0141  0.9701
 4412.680  1.0009  0.9797
 4412.700  0.9891  0.9867
 4412.720  0.9799  0.9908
 4412.740  0.9735  0.9920
 4412.760  0.9691  0.9913
 4412.780  0.9653  0.9894
 4412.800  0.9612  0.9874
 4412.820  0.9566  0.9857
 4412.840  0.9523  0.9849
 4412.860  0.9497  0.9851
 4412.880  0.9497  0.9864
 4412.900  0.9529  0.9883
 4412.920  0.9588  0.9902
 4412.940  0.9664  0.9911
 4412.960  0.9742  0.9900
 4412.980  0.9813  0.9866
 4413.000  0.9869  0.9811
 4413.020  0.9907  0.9746
 4413.040  0.9928  0.9686
 4413.060  0.9930  0.9647
 4413.080  0.9915  0.9638
 4413.100  0.9882  0.9659
 4413.120  0.9837  0.9700
 4413.140  0.9787  0.9745
 4413.160  0.9743  0.9780
 4413.180  0.9716  0.9794
 4413.200  0.9714  0.9787
 4413.220  0.9738  0.9765
 4413.240  0.9786  0.9741
 4413.260  0.9852  0.9723
 4413.280  0.9929  0.9718
 4413.300  1.0009  0.9725
 4413.320  1.0085  0.9738
 4413.340  1.0150  0.9752
 4413.360  1.0192  0.9763
 4413.380  1.0200  0.9768
 4413.400  1.0163  0.9771
 4413.420  1.0074  0.9774
 4413.440  0.9935  0.9778
 4413.460  0.9758  0.9785
 4413.480  0.9558  0.9791
 4413.500  0.9351  0.9795
 4413.520  0.9144  0.9796
 4413.540  0.8935  0.9796
 4413.560  0.8717  0.9797
 4413.580  0.8484  0.9801
 4413.600  0.8243  0.9809
 4413.620  0.8013  0.9820
 4413.640  0.7831  0.9830
 4413.660  0.7737  0.9834
 4413.680  0.7764  0.9832
 4413.700  0.7925  0.9824
 4413.720  0.8204  0.9815
 4413.740  0.8562  0.9808
 4413.760  0.8942  0.9807
 4413.780  0.9292  0.9814
 4413.800  0.9575  0.9826
 4413.820  0.9776  0.9837
 4413.840  0.9901  0.9840
 4413.860  0.9973  0.9831
 4413.880  1.0012  0.9806
 4413.900  1.0037  0.9767
 4413.920  1.0055  0.9720
 4413.940  1.0066  0.9675
 4413.960  1.0070  0.9643
 4413.980  1.0069  0.9631
 4414.000  1.0070  0.9644
 4414.020  1.0080  0.9677
 4414.040  1.0106  0.9717
 4414.060  1.0146  0.9747
 4414.080  1.0192  0.9752
 4414.100  1.0233  0.9725
 4414.120  1.0258  0.9671
 4414.140  1.0261  0.9606
 4414.160  1.0246  0.9555
 4414.180  1.0222  0.9539
 4414.200  1.0199  0.9571
 4414.220  1.0186  0.9642
 4414.240  1.0186  0.9731
 4414.260  1.0195  0.9809
 4414.280  1.0206  0.9853
 4414.300  1.0212  0.9854
 4414.320  1.0212  0.9822
 4414.340  1.0209  0.9782
 4414.360  1.0211  0.9758
 4414.380  1.0228  0.9761
 4414.400  1.0268  0.9780
 4414.420  1.0329  0.9786
 4414.440  1.0405  0.9745
 4414.460  1.0480  0.9632
 4414.480  1.0535  0.9456
 4414.500  1.0548  0.9254
 4414.520  1.0503  0.9087
 4414.540  1.0403  0.9013
 4414.560  1.0264  0.9065
 4414.580  1.0123  0.9233
 4414.600  1.0018  0.9465
 4414.620  0.9976  0.9684
 4414.640  1.0007  0.9816
 4414.660  1.0103  0.9818
 4414.680  1.0234  0.9695
 4414.700  1.0361  0.9495
 4414.720  1.0444  0.9286
 4414.740  1.0451  0.9135
 4414.760  1.0377  0.9082
 4414.780  1.0242  0.9125
 4414.800  1.0081  0.9238
 4414.820  0.9930  0.9377
 4414.840  0.9805  0.9510
 4414.860  0.9701  0.9620
 4414.880  0.9598  0.9706
 4414.900  0.9474  0.9774
 4414.920  0.9313  0.9820
 4414.940  0.9117  0.9823
 4414.960  0.8906  0.9752
 4414.980  0.8706  0.9582
 4415.000  0.8546  0.9311
 4415.020  0.8446  0.8977
 4415.040  0.8413  0.8648
 4415.060  0.8438  0.8408
 4415.080  0.8504  0.8322
 4415.100  0.8593  0.8411
 4415.120  0.8695  0.8639
 4415.140  0.8814  0.8920
 4415.160  0.8957  0.9146
 4415.180  0.9135  0.9227
 4415.200  0.9343  0.9117
 4415.220  0.9567  0.8842
 4415.240  0.9779  0.8484
 4415.260  0.9943  0.8163
 4415.280  1.0035  0.7991
 4415.300  1.0058  0.8043
 4415.320  1.0038  0.8322
 4415.340  1.0014  0.8760
 4415.360  1.0016  0.9232
 4415.380  1.0050  0.9587
 4415.400  1.0105  0.9693
 4415.420  1.0158  0.9472
 4415.440  1.0186  0.8927
 4415.460  1.0176  0.8145
 4415.480  1.0145  0.7280
 4415.500 -1.0000  0.6517
 4415.520 -1.0000  0.6021
 4415.540 -1.0000  0.5900
 4415.560 -1.0000  0.6171
 4415.580 -1.0000  0.6759
 4415.600  1.0044  0.7522
 4415.620  1.0104  0.8291
 4415.640  1.0175  0.8922
 4415.660  1.0236  0.9332
 4415.680  1.0282  0.9512
 4415.700  1.0318  0.9524
 4415.720  1.0343  0.9459
 4415.740  1.0356  0.9409
 4415.760  1.0352  0.9426
 4415.780  1.0331  0.9517
 4415.800  1.0298  0.9647
 4415.820  1.0261  0.9765
 4415.840  1.0228  0.9830
 4415.860  1.0204  0.9830
 4415.880  1.0189  0.9782
 4415.900  1.0176  0.9726
 4415.920  1.0159  0.9698
 4415.940  1.0137  0.9717
 4415.960  1.0114  0.9774
 4415.980  1.0102  0.9839
 4416.000  1.0113  0.9876
 4416.020  1.0159  0.9858
 4416.040  1.0239  0.9782
 4416.060  1.0343  0.9667
 4416.080  1.0446  0.9550
 4416.100  1.0521  0.9468
 4416.120  1.0545  0.9445
 4416.140  1.0512  0.9481
 4416.160  1.0434  0.9552
 4416.180  1.0337  0.9617
 4416.200  1.0251  0.9631
 4416.220  1.0202  0.9558
 4416.240  1.0205  0.9384
 4416.260  1.0260  0.9128
 4416.280  1.0352  0.8838
 4416.300  1.0454  0.8579
 4416.320  1.0535  0.8420
 4416.340  1.0573  0.8410
 4416.360  1.0561  0.8562
 4416.380  1.0510  0.8845
 4416.400  1.0445  0.9192
 4416.420  1.0388  0.9522
 4416.440  1.0354  0.9764
 4416.460  1.0347  0.9880
 4416.480  1.0360  0.9880
 4416.500  1.0378  0.9809
 4416.520  1.0388  0.9731
 4416.540  1.0375  0.9697
 4416.560  1.0336  0.9728
 4416.580  1.0276  0.9806
 4416.600  1.0205  0.9890
 4416.620  1.0139  0.9936
 4416.640  1.0088  0.9923
 4416.660  1.0060  0.9860
 4416.680  1.0058  0.9783
 4416.700  1.0079  0.9732
 4416.720  1.0117  0.9732
 4416.740  1.0165  0.9778
 4416.760  1.0212  0.9840
 4416.780  1.0251  0.9879
 4416.800  1.0274  0.9870
 4416.820  1.0279  0.9817
 4416.840  1.0266  0.9751
 4416.860  1.0241  0.9712
 4416.880  1.0213  0.9721
 4416.900  1.0193  0.9769
 4416.920  1.0189  0.9812
 4416.940  1.0201  0.9795
 4416.960  1.0222  0.9683
 4416.980  1.0240  0.9483
 4417.000  1.0241  0.9249
 4417.020  1.0218  0.9061
 4417.040  1.0176  0.8990
 4417.060  1.0132  0.9059
 4417.080  1.0107  0.9234
 4417.100  1.0117  0.9433
 4417.120  1.0167  0.9568
 4417.140  1.0248  0.9585
 4417.160  1.0339  0.9490
 4417.180  1.0414  0.9349
 4417.200  1.0454  0.9247
 4417.220  1.0449  0.9241
 4417.240  1.0410  0.9327
 4417.260  1.0356  0.9429
 4417.280  1.0309  0.9432
 4417.300  1.0280  0.9238
 4417.320  1.0270  0.8819
 4417.340  1.0268  0.8241
 4417.360  1.0264  0.7649
 4417.380  1.0251  0.7216
 4417.400  1.0237  0.7077
 4417.420  1.0236  0.7274
 4417.440  1.0262  0.7747
 4417.460  1.0314  0.8360
 4417.480  1.0375  0.8953
 4417.500  1.0422  0.9405
 4417.520  1.0433  0.9664
 4417.540  1.0396  0.9752
 4417.560  1.0316  0.9738
 4417.580  1.0217  0.9693
 4417.600  1.0130  0.9663
 4417.620  1.0085  0.9661
 4417.640  1.0097  0.9675
 4417.660  1.0154  0.9689
 4417.680  1.0229  0.9699
 4417.700  1.0288  0.9709
 4417.720  1.0307  0.9718
 4417.740  1.0279  0.9700
 4417.760  1.0220  0.9603
 4417.780  1.0156  0.9368
 4417.800  1.0114  0.8959
 4417.820  1.0110  0.8400
 4417.840  1.0147  0.7785
 4417.860  1.0205  0.7260
 4417.880  1.0257  0.6976
 4417.900  1.0279  0.7030
 4417.920  1.0268  0.7423
 4417.940  1.0242  0.8056
 4417.960  1.0222  0.8762
 4417.980  1.0223  0.9365
 4418.000  1.0246  0.9746
 4418.020  1.0279  0.9878
 4418.040  1.0307  0.9822
 4418.060  1.0314  0.9691
 4418.080  1.0291  0.9595
 4418.100  1.0241  0.9595
 4418.120  1.0177  0.9685
 4418.140  1.0115  0.9812
 4418.160  1.0068  0.9907
 4418.180  1.0044  0.9925
 4418.200  1.0043  0.9869
 4418.220  1.0066  0.9779
 4418.240  1.0105  0.9708
 4418.260  1.0150  0.9693
 4418.280  1.0186  0.9738
 4418.300  1.0196  0.9811
 4418.320  1.0161  0.9869
 4418.340  1.0073  0.9883
 4418.360  0.9936  0.9848
 4418.380  0.9770  0.9791
 4418.400  0.9609  0.9747
 4418.420  0.9491  0.9744
 4418.440  0.9444  0.9783
 4418.460  0.9471  0.9843
 4418.480  0.9552  0.9890
 4418.500  0.9651  0.9900
 4418.520  0.9726  0.9870
 4418.540  0.9751  0.9820
 4418.560  0.9717  0.9780
 4418.580  0.9636  0.9772
 4418.600  0.9531  0.9800
 4418.620  0.9420  0.9845
 4418.640  0.9310  0.9879
 4418.660  0.9188  0.9881
 4418.680  0.9039  0.9848
 4418.700  0.8853  0.9799
 4418.720  0.8638  0.9760
 4418.740  0.8426  0.9753
 4418.760  0.8261  0.9779
 4418.780  0.8181  0.9821
 4418.800  0.8207  0.9852
 4418.820  0.8332  0.9852
 4418.840  0.8529  0.9818
 4418.860  0.8759  0.9770
 4418.880  0.8983  0.9734
 4418.900  0.9179  0.9734
 4418.920  0.9337  0.9771
 4418.940  0.9464  0.9829
 4418.960  0.9570  0.9876
 4418.980  0.9661  0.9888
 4419.000  0.9735  0.9859
 4419.020  0.9788  0.9806
 4419.040  0.9819  0.9758
 4419.060  0.9836  0.9744
 4419.080  0.9856  0.9772
 4419.100  0.9899  0.9831
 4419.120  0.9976  0.9891
 4419.140  1.0080  0.9923
 4419.160  1.0189  0.9915
 4419.180  1.0271  0.9873
 4419.200  1.0301  0.9826
 4419.220  1.0272  0.9801
 4419.240  1.0199  0.9814
 4419.260  1.0114  0.9858
 4419.280  1.0054  0.9910
 4419.300  1.0040  0.9941
 4419.320  1.0073  0.9935
 4419.340  1.0134  0.9896
 4419.360  1.0192  0.9844
 4419.380  1.0222  0.9808
 4419.400  1.0214  0.9807
 4419.420  1.0174  0.9841
 4419.440  1.0119  0.9892
 4419.460  1.0065  0.9934
 4419.480  1.0015  0.9947
 4419.500  0.9961  0.9926
 4419.520  0.9890  0.9884
 4419.540  0.9797  0.9840
 4419.560  0.9689  0.9812
 4419.580  0.9587  0.9805
 4419.600  0.9514  0.9809
 4419.620  0.9480  0.9812
 4419.640  0.9474  0.9802
 4419.660  0.9465  0.9778
 4419.680  0.9410  0.9746
 4419.700  0.9280  0.9718
 4419.720  0.9074  0.9700
 4419.740  0.8824  0.9689
 4419.760  0.8591  0.9678
 4419.780  0.8437  0.9663
 4419.800  0.8409  0.9645
 4419.820  0.8515  0.9628
 4419.840  0.8724  0.9607
 4419.860  0.8978  0.9556
 4419.880  0.9216  0.9428
 4419.900  0.9397  0.9162
 4419.920  0.9505  0.8717
 4419.940  0.9555  0.8103
 4419.960  0.9578  0.7401
 4419.980  0.9610  0.6758
 4420.000  0.9676  0.6347
 4420.020  0.9775  0.6306
 4420.040  0.9887  0.6682
 4420.060  0.9991  0.7400
 4420.080  1.0081  0.8280
 4420.100  1.0162  0.9095
 4420.120  1.0244  0.9652
 4420.140  1.0322  0.9864
 4420.160  1.0381  0.9773
 4420.180  1.0396  0.9528
 4420.200  1.0348  0.9314
 4420.220  1.0242  0.9270
 4420.240  1.0110  0.9427
 4420.260  1.0004  0.9702
 4420.280  0.9965  0.9940
 4420.300  1.0010  0.9984
 4420.320  1.0126  0.9756
 4420.340  1.0274  0.9287
 4420.360  1.0399  0.8711
 4420.380  1.0449  0.8206
 4420.400  1.0401  0.7920
 4420.420  1.0283  0.7916
 4420.440  1.0162  0.8151
 4420.460  1.0103  0.8508
 4420.480  1.0137  0.8847
 4420.500  1.0249  0.9068
 4420.520  1.0392  0.9144
 4420.540  1.0507  0.9120
 4420.560  1.0547  0.9078
 4420.580  1.0498  0.9091
 4420.600  1.0384  0.9183
 4420.620  1.0257  0.9321
 4420.640  1.0171  0.9427
 4420.660  1.0154  0.9421
 4420.680  1.0207  0.9251
 4420.700  1.0299  0.8926
 4420.720  1.0388  0.8508
 4420.740  1.0430  0.8099
 4420.760  1.0406  0.7804
 4420.780  1.0328  0.7702
 4420.800  1.0239  0.7822
 4420.820  1.0182  0.8140
 4420.840  1.0182  0.8585
 4420.860  1.0233  0.9062
 4420.880  1.0306  0.9473
 4420.900  1.0369  0.9746
 4420.920  1.0397  0.9850
 4420.940  1.0381  0.9807
 4420.960  1.0325  0.9676
 4420.980  1.0250  0.9541
 4421.000  1.0179  0.9471
 4421.020  1.0136  0.9501
 4421.040  1.0128  0.9616
 4421.060  1.0150  0.9756
 4421.080  1.0187  0.9848
 4421.100  1.0218  0.9840
 4421.120  1.0228  0.9725
 4421.140  1.0212  0.9554
 4421.160  1.0173  0.9409
 4421.180  1.0128  0.9363
 4421.200  1.0095  0.9438
 4421.220  1.0091  0.9579
 4421.240  1.0119  0.9664
 4421.260  1.0170  0.9548
 4421.280  1.0224  0.9123
 4421.300  1.0256  0.8375
 4421.320 -1.0000  0.7401
 4421.340 -1.0000  0.6392
 4421.360 -1.0000  0.5574
 4421.380 -1.0000  0.5136
 4421.400 -1.0000  0.5171
 4421.420 -1.0000  0.5652
 4421.440 -1.0000  0.6444
 4421.460 -1.0000  0.7360
 4421.480  0.9655  0.8218
 4421.500  0.9726  0.8887
 4421.520  0.9810  0.9316
 4421.540  0.9874  0.9522
 4421.560  0.9927  0.9565
 4421.580  0.9987  0.9520
 4421.600  1.0063  0.9453
 4421.620  1.0148  0.9406
 4421.640  1.0216  0.9403
 4421.660  1.0241  0.9449
 4421.680  1.0208  0.9533
 4421.700  1.0125  0.9637
 4421.720  1.0025  0.9731
 4421.740  0.9951  0.9785
 4421.760  0.9937  0.9779
 4421.780  0.9992  0.9714
 4421.800  1.0093  0.9613
 4421.820  1.0191  0.9519
 4421.840  1.0228  0.9475
 4421.860  1.0166  0.9508
 4421.880  1.0005  0.9615
 4421.900  0.9781  0.9762
 4421.920  0.9551  0.9897
 4421.940  0.9364  0.9973
 4421.960  0.9243  0.9967
 4421.980  0.9178  0.9882
 4422.000  0.9135  0.9742
 4422.020  0.9071  0.9578
 4422.040  0.8959  0.9404
 4422.060  0.8802  0.9223
 4422.080  0.8637  0.9025
 4422.100  0.8519  0.8811
 4422.120  0.8506  0.8604
 4422.140  0.8629  0.8449
 4422.160  0.8873  0.8397
 4422.180  0.9184  0.8480
 4422.200  0.9490  0.8694
 4422.220  0.9731  0.8988
 4422.240  0.9884  0.9288
 4422.260  0.9958  0.9522
 4422.280  0.9979  0.9653
 4422.300  0.9975  0.9690
 4422.320  0.9962  0.9679
 4422.340  0.9948  0.9675
 4422.360  0.9933  0.9707
 4422.380  0.9917  0.9768
 4422.400  0.9909  0.9815
 4422.420  0.9919  0.9807
 4422.440  0.9958  0.9728
 4422.460  1.0025  0.9607
 4422.480  1.0108  0.9506
 4422.500  1.0185  0.9478
 4422.520  1.0237  0.9525
 4422.540  1.0261  0.9574
 4422.560  1.0271  0.9498
 4422.580  1.0287  0.9161
 4422.600  1.0307  0.8499
 4422.620 -1.0000  0.7567
 4422.640 -1.0000  0.6547
 4422.660 -1.0000  0.5700
 4422.680 -1.0000  0.5271
 4422.700 -1.0000  0.5392
 4422.720 -1.0000  0.6031
 4422.740 -1.0000  0.6995
 4422.760  1.0068  0.8006
 4422.780  1.0042  0.8805
 4422.800  1.0064  0.9246
 4422.820  1.0148  0.9340
 4422.840  1.0257  0.9227
 4422.860  1.0337  0.9095
 4422.880  1.0345  0.9088
 4422.900  1.0277  0.9244
 4422.920  1.0167  0.9485
 4422.940  1.0065  0.9669
 4422.960  1.0017  0.9669
 4422.980  1.0042  0.9445
 4423.000  1.0130  0.9062
 4423.020  1.0243  0.8668
 4423.040  1.0330  0.8418
 4423.060  1.0352  0.8410
 4423.080  1.0304  0.8635
 4423.100  1.0221  0.8994
 4423.120  1.0147  0.9339
 4423.140  1.0117  0.9549
 4423.160  1.0144  0.9579
 4423.180  1.0212  0.9469
 4423.200  1.0290  0.9323
 4423.220  1.0341  0.9246
 4423.240  1.0344  0.9298
 4423.260  1.0301  0.9469
 4423.280  1.0237  0.9690
 4423.300  1.0181  0.9874
 4423.320  1.0157  0.9958
 4423.340  1.0171  0.9934
 4423.360  1.0217  0.9844
 4423.380  1.0275  0.9755
 4423.400  1.0327  0.9721
 4423.420  1.0361  0.9758
 4423.440  1.0377  0.9837
 4423.460  1.0382  0.9905
 4423.480  1.0382  0.9913
 4423.500  1.0378  0.9846
 4423.520  1.0363  0.9722
 4423.540  1.0329  0.9591
 4423.560  1.0273  0.9503
 4423.580  1.0203  0.9488
 4423.600  1.0138  0.9545
 4423.620  1.0102  0.9643
 4423.640  1.0109  0.9741
 4423.660  1.0164  0.9805
 4423.680  1.0253  0.9826
 4423.700  1.0353  0.9814
 4423.720  1.0437  0.9791
 4423.740  1.0486  0.9780
 4423.760  1.0490  0.9790
 4423.780  1.0454  0.9815
 4423.800  1.0395  0.9841
 4423.820  1.0327  0.9850
 4423.840  1.0263  0.9831
 4423.860  1.0209  0.9785
 4423.880  1.0166  0.9720
 4423.900  1.0134  0.9652
 4423.920  1.0114  0.9599
 4423.940  1.0112  0.9572
 4423.960  1.0129  0.9582
 4423.980  1.0165  0.9625
 4424.000  1.0213  0.9689
 4424.020  1.0260  0.9751
 4424.040  1.0294  0.9780
 4424.060  1.0307  0.9747
 4424.080  1.0298  0.9636
 4424.100  1.0276  0.9452
 4424.120  1.0253  0.9226
 4424.140  1.0242  0.9004
 4424.160  1.0249  0.8836
 4424.180  1.0267  0.8758
 4424.200  1.0282  0.8779
 4424.220  1.0279  0.8882
 4424.240  1.0249  0.9028
 4424.260  1.0197  0.9176
 4424.280  1.0138  0.9294
 4424.300  1.0097  0.9372
 4424.320  1.0092  0.9413
 4424.340  1.0133  0.9427
 4424.360  1.0212  0.9423
 4424.380  1.0308  0.9399
 4424.400  1.0392  0.9349
 4424.420  1.0438  0.9270
 4424.440  1.0434  0.9177
 4424.460  1.0384  0.9096
 4424.480  1.0307  0.9063
 4424.500  1.0231  0.9102
 4424.520  1.0181  0.9214
 4424.540  1.0168  0.9371
 4424.560  1.0186  0.9522
 4424.580  1.0218  0.9615
 4424.600  1.0244  0.9619
 4424.620  1.0253  0.9538
 4424.640  1.0242  0.9406
 4424.660  1.0223  0.9280
 4424.680  1.0214  0.9207
 4424.700  1.0227  0.9211
 4424.720  1.0264  0.9283
 4424.740  1.0313  0.9387
 4424.760  1.0352  0.9483
 4424.780  1.0360  0.9542
 4424.800  1.0326  0.9559
 4424.820  1.0256  0.9545
 4424.840  1.0168  0.9521
 4424.860  1.0093  0.9499
 4424.880  1.0054  0.9478
 4424.900  1.0062  0.9446
 4424.920  1.0107  0.9392
 4424.940  1.0166  0.9319
 4424.960  1.0208  0.9248
 4424.980  1.0211  0.9214
 4425.000  1.0171  0.9244
 4425.020  1.0103  0.9348
 4425.040  1.0035  0.9505
 4425.060  0.9993  0.9675
 4425.080  0.9992  0.9811
 4425.100  1.0029  0.9882
 4425.120  1.0088  0.9884
 4425.140  1.0145  0.9844
 4425.160  1.0180  0.9800
 4425.180  1.0184  0.9787
 4425.200  1.0160  0.9815
 4425.220  1.0125  0.9868
 4425.240  1.0093  0.9915
 4425.260  1.0077  0.9926
 4425.280  1.0076  0.9890
 4425.300  1.0085  0.9819
 4425.320  1.0091  0.9743
 4425.340  1.0087  0.9693
 4425.360  1.0072  0.9685
 4425.380  1.0053  0.9714
 4425.400  1.0041  0.9759
 4425.420  1.0042  0.9794
 4425.440  1.0061  0.9804
 4425.460  1.0093  0.9790
 4425.480  1.0127  0.9771
 4425.500  1.0156  0.9763
 4425.520  1.0171  0.9773
 4425.540  1.0173  0.9790
 4425.560  1.0166  0.9787
 4425.580  1.0156  0.9742
 4425.600  1.0150  0.9644
 4425.620  1.0152  0.9509
 4425.640  1.0164  0.9372
 4425.660  1.0185  0.9274
 4425.680  1.0212  0.9246
 4425.700  1.0241  0.9291
 4425.720  1.0265  0.9391
 4425.740  1.0279  0.9511
 4425.760  1.0279  0.9618
 4425.780  1.0262  0.9693
 4425.800  1.0231  0.9739
 4425.820  1.0195  0.9771
 4425.840  1.0163  0.9803
 4425.860  1.0145  0.9844
 4425.880  1.0145  0.9885
 4425.900  1.0157  0.9914
 4425.920  1.0170  0.9918
 4425.940  1.0172  0.9899
 4425.960  1.0155  0.9870
 4425.980  1.0125  0.9851
 4426.000  1.0096  0.9856
 4426.020  1.0088  0.9885
 4426.040  1.0115  0.9925
 4426.060  1.0177  0.9953
 4426.080  1.0259  0.9953
 4426.100  1.0332  0.9924
 4426.120  1.0366  0.9881
 4426.140  1.0343  0.9848
 4426.160  1.0268  0.9841
 4426.180  1.0168  0.9860
 4426.200  1.0084  0.9885
 4426.220  1.0051  0.9883
 4426.240  1.0086  0.9829
 4426.260  1.0176  0.9717
 4426.280  1.0287  0.9570
 4426.300  1.0366  0.9429
 4426.320  1.0374  0.9339
 4426.340  1.0295  0.9328
 4426.360  1.0150  0.9395
 4426.380  0.9986  0.9515
 4426.400  0.9856  0.9647
 4426.420  0.9799  0.9755
 4426.440  0.9825  0.9821
 4426.460  0.9916  0.9850
 4426.480  1.0035  0.9858
 4426.500  1.0140  0.9865
 4426.520  1.0201  0.9878
 4426.540  1.0212  0.9894
 4426.560  1.0183  0.9899
 4426.580  1.0141  0.9884
 4426.600  1.0108  0.9852
 4426.620  1.0098  0.9817
 4426.640  1.0109  0.9798
 4426.660  1.0128  0.9809
 4426.680  1.0140  0.9847
 4426.700  1.0134  0.9895
 4426.720  1.0112  0.9930
 4426.740  1.0085  0.9933
 4426.760  1.0067  0.9905
 4426.780  1.0069  0.9861
 4426.800  1.0093  0.9829
 4426.820  1.0131  0.9826
 4426.840  1.0167  0.9856
 4426.860  1.0188  0.9898
 4426.880  1.0183  0.9920
 4426.900  1.0153  0.9893
 4426.920  1.0108  0.9807
 4426.940  1.0061  0.9678
 4426.960  1.0026  0.9540
 4426.980  1.0012  0.9435
 4427.000  1.0023  0.9392
 4427.020  1.0053  0.9419
 4427.040  1.0090  0.9500
 4427.060  1.0124  0.9607
 4427.080  1.0149  0.9709
 4427.100  1.0162  0.9790
 4427.120  1.0165  0.9846
 4427.140  1.0163  0.9884
 4427.160  1.0162  0.9909
 4427.180  1.0161  0.9925
 4427.200  1.0161  0.9929
 4427.220  1.0158  0.9918
 4427.240  1.0149  0.9895
 4427.260  1.0134  0.9871
 4427.280  1.0118  0.9859
 4427.300  1.0106  0.9870
 4427.320  1.0109  0.9899
 4427.340  1.0130  0.9930
 4427.360  1.0167  0.9943
 4427.380  1.0211  0.9923
 4427.400  1.0248  0.9873
 4427.420  1.0265  0.9816
 4427.440  1.0251  0.9785
 4427.460  1.0210  0.9799
 4427.480  1.0152  0.9858
 4427.500  1.0095  0.9932
 4427.520  1.0055  0.9972
 4427.540  1.0037  0.9937
 4427.560  1.0039  0.9818
 4427.580  1.0049  0.9643
 4427.600  1.0053  0.9472
 4427.620  1.0043  0.9367
 4427.640  1.0021  0.9359
 4427.660  1.0002  0.9427
 4427.680  1.0003  0.9500
 4427.700  1.0037  0.9483
 4427.720  1.0107  0.9305
 4427.740  1.0203  0.8952
 4427.760  1.0304  0.8485
 4427.780  1.0378  0.8027
 4427.800  1.0400  0.7715
 4427.820  1.0364  0.7652
 4427.840  1.0288  0.7864
 4427.860  1.0207  0.8292
 4427.880  1.0150  0.8819
 4427.900  1.0130  0.9309
 4427.920  1.0141  0.9661
 4427.940  1.0167  0.9836
 4427.960  1.0189  0.9860
 4427.980 -1.0000  0.9801
 4428.000 -1.0000  0.9734
 4397.000  0.0000        
 4397.020  0.0000        
 4397.040  0.0018        
 4397.060  0.0094        
 4397.080  0.0113        
 4397.100  0.0093        
 4397.120  0.0051        
 4397.140 -0.0012        
 4397.160 -0.0080        
 4397.180 -0.0133        
 4397.200 -0.0153        
 4397.220 -0.0140        
 4397.240 -0.0110        
 4397.260 -0.0085        
 4397.280 -0.0080        
 4397.300 -0.0093        
 4397.320 -0.0106        
 4397.340 -0.0101        
 4397.360 -0.0070        
 4397.380 -0.0020        
 4397.400  0.0028        
 4397.420  0.0057        
 4397.440  0.0061        
 4397.460  0.0047        
 4397.480  0.0033        
 4397.500  0.0032        
 4397.520  0.0048        
 4397.540  0.0077        
 4397.560  0.0111        
 4397.580  0.0139        
 4397.600  0.0153        
 4397.620  0.0146        
 4397.640  0.0116        
 4397.660  0.0060        
 4397.680 -0.0014        
 4397.700 -0.0096        
 4397.720 -0.0171        
 4397.740 -0.0227        
 4397.760 -0.0254        
 4397.780 -0.0249        
 4397.800 -0.0214        
 4397.820 -0.0159        
 4397.840 -0.0097        
 4397.860 -0.0044        
 4397.880 -0.0011        
 4397.900 -0.0003        
 4397.920 -0.0013        
 4397.940 -0.0026        
 4397.960 -0.0023        
 4397.980  0.0008        
 4398.000  0.0068        
 4398.020  0.0146        
 4398.040  0.0215        
 4398.060  0.0250        
 4398.080  0.0233        
 4398.100  0.0162        
 4398.120  0.0054        
 4398.140 -0.0063        
 4398.160 -0.0156        
 4398.180 -0.0200        
 4398.200 -0.0185        
 4398.220 -0.0126        
 4398.240 -0.0048        
 4398.260  0.0015        
 4398.280  0.0037        
 4398.300  0.0009        
 4398.320 -0.0057        
 4398.340 -0.0135        
 4398.360 -0.0194        
 4398.380 -0.0216        
 4398.400 -0.0204        
 4398.420 -0.0180        
 4398.440 -0.0166        
 4398.460 -0.0176        
 4398.480 -0.0212        
 4398.500 -0.0261        
 4398.520 -0.0304        
 4398.540 -0.0322        
 4398.560 -0.0305        
 4398.580 -0.0258        
 4398.600 -0.0196        
 4398.620 -0.0136        
 4398.640 -0.0091        
 4398.660 -0.0063        
 4398.680 -0.0046        
 4398.700 -0.0029        
 4398.720 -0.0001        
 4398.740  0.0035        
 4398.760  0.0072        
 4398.780  0.0093        
 4398.800  0.0086        
 4398.820  0.0046        
 4398.840 -0.0022        
 4398.860 -0.0102        
 4398.880 -0.0173        
 4398.900 -0.0219        
 4398.920 -0.0230        
 4398.940 -0.0210        
 4398.960 -0.0171        
 4398.980 -0.0128        
 4399.000 -0.0095        
 4399.020 -0.0076        
 4399.040 -0.0072        
 4399.060 -0.0077        
 4399.080 -0.0085        
 4399.100 -0.0093        
 4399.120 -0.0101        
 4399.140 -0.0111        
 4399.160 -0.0125        
 4399.180 -0.0142        
 4399.200 -0.0158        
 4399.220 -0.0165        
 4399.240 -0.0158        
 4399.260 -0.0134        
 4399.280 -0.0098        
 4399.300 -0.0056        
 4399.320 -0.0021        
 4399.340 -0.0002        
 4399.360 -0.0003        
 4399.380 -0.0022        
 4399.400 -0.0052        
 4399.420 -0.0084        
 4399.440 -0.0106        
 4399.460 -0.0115        
 4399.480 -0.0109        
 4399.500 -0.0091        
 4399.520 -0.0068        
 4399.540 -0.0044        
 4399.560 -0.0020        
 4399.580  0.0004        
 4399.600  0.0030        
 4399.620  0.0059        
 4399.640  0.0090        
 4399.660  0.0117        
 4399.680  0.0134        
 4399.700  0.0135        
 4399.720  0.0117        
 4399.740  0.0082        
 4399.760  0.0037        
 4399.780 -0.0009        
 4399.800 -0.0048        
 4399.820 -0.0075        
 4399.840 -0.0092        
 4399.860 -0.0103        
 4399.880 -0.0113        
 4399.900 -0.0124        
 4399.920 -0.0134        
 4399.940 -0.0140        
 4399.960 -0.0139        
 4399.980 -0.0130        
 4400.000 -0.0117        
 4400.020 -0.0105        
 4400.040 -0.0100        
 4400.060 -0.0103        
 4400.080 -0.0110        
 4400.100 -0.0112        
 4400.120 -0.0098        
 4400.140 -0.0064        
 4400.160 -0.0015        
 4400.180  0.0037        
 4400.200  0.0076        
 4400.220  0.0092        
 4400.240  0.0086        
 4400.260  0.0066        
 4400.280  0.0049        
 4400.300  0.0049        
 4400.320  0.0071        
 4400.340  0.0109        
 4400.360  0.0144        
 4400.380  0.0151        
 4400.400  0.0115        
 4400.420  0.0038        
 4400.440 -0.0060        
 4400.460 -0.0151        
 4400.480 -0.0206        
 4400.500 -0.0203        
 4400.520 -0.0138        
 4400.540 -0.0031        
 4400.560  0.0073        
 4400.580  0.0135        
 4400.600  0.0141        
 4400.620  0.0110        
 4400.640  0.0071        
 4400.660  0.0049        
 4400.680  0.0052        
 4400.700  0.0074        
 4400.720  0.0101        
 4400.740  0.0113        
 4400.760  0.0098        
 4400.780  0.0055        
 4400.800 -0.0005        
 4400.820 -0.0060        
 4400.840 -0.0090        
 4400.860 -0.0084        
 4400.880 -0.0044        
 4400.900  0.0016        
 4400.920  0.0075        
 4400.940  0.0116        
 4400.960  0.0129        
 4400.980  0.0114        
 4401.000  0.0079        
 4401.020  0.0032        
 4401.040 -0.0015        
 4401.060 -0.0055        
 4401.080 -0.0080        
 4401.100 -0.0086        
 4401.120 -0.0071        
 4401.140 -0.0036        
 4401.160  0.0012        
 4401.180  0.0066        
 4401.200  0.0112        
 4401.220  0.0137        
 4401.240  0.0131        
 4401.260  0.0094        
 4401.280  0.0039        
 4401.300 -0.0016        
 4401.320 -0.0053        
 4401.340 -0.0064        
 4401.360 -0.0049        
 4401.380 -0.0018        
 4401.400  0.0015        
 4401.420  0.0038        
 4401.440  0.0043        
 4401.460  0.0026        
 4401.480 -0.0007        
 4401.500 -0.0051        
 4401.520 -0.0098        
 4401.540 -0.0142        
 4401.560 -0.0176        
 4401.580 -0.0193        
 4401.600 -0.0188        
 4401.620 -0.0159        
 4401.640 -0.0111        
 4401.660 -0.0053        
 4401.680  0.0003        
 4401.700  0.0047        
 4401.720  0.0071        
 4401.740  0.0079        
 4401.760  0.0081        
 4401.780  0.0091        
 4401.800  0.0121        
 4401.820  0.0170        
 4401.840  0.0227        
 4401.860  0.0270        
 4401.880  0.0277        
 4401.900  0.0237        
 4401.920  0.0154        
 4401.940  0.0048        
 4401.960 -0.0051        
 4401.980 -0.0118        
 4402.000 -0.0141        
 4402.020 -0.0128        
 4402.040 -0.0102        
 4402.060 -0.0085        
 4402.080 -0.0093        
 4402.100 -0.0123        
 4402.120 -0.0161        
 4402.140 -0.0185        
 4402.160 -0.0179        
 4402.180 -0.0142        
 4402.200 -0.0088        
 4402.220 -0.0040        
 4402.240 -0.0020        
 4402.260 -0.0037        
 4402.280 -0.0083        
 4402.300 -0.0131        
 4402.320 -0.0153        
 4402.340 -0.0134        
 4402.360 -0.0077        
 4402.380 -0.0002        
 4402.400  0.0065        
 4402.420  0.0106        
 4402.440  0.0117        
 4402.460  0.0108        
 4402.480  0.0096        
 4402.500  0.0098        
 4402.520  0.0122        
 4402.540  0.0161        
 4402.560  0.0198        
 4402.580  0.0217        
 4402.600  0.0210        
 4402.620  0.0178        
 4402.640  0.0137        
 4402.660  0.0102        
 4402.680  0.0087        
 4402.700  0.0092        
 4402.720  0.0109        
 4402.740  0.0126        
 4402.760  0.0133        
 4402.780  0.0126        
 4402.800  0.0110        
 4402.820  0.0093        
 4402.840  0.0083        
 4402.860  0.0080        
 4402.880  0.0077        
 4402.900  0.0065        
 4402.920  0.0037        
 4402.940 -0.0006        
 4402.960 -0.0056        
 4402.980 -0.0100        
 4403.000 -0.0128        
 4403.020 -0.0134        
 4403.040 -0.0121        
 4403.060 -0.0096        
 4403.080 -0.0069        
 4403.100 -0.0042        
 4403.120 -0.0014        
 4403.140  0.0019        
 4403.160  0.0060        
 4403.180  0.0106        
 4403.200  0.0145        
 4403.220  0.0164        
 4403.240  0.0153        
 4403.260  0.0111        
 4403.280  0.0047        
 4403.300 -0.0017        
 4403.320 -0.0062        
 4403.340 -0.0071        
 4403.360 -0.0043        
 4403.380  0.0013        
 4403.400  0.0078        
 4403.420  0.0135        
 4403.440  0.0171        
 4403.460  0.0188        
 4403.480  0.0191        
 4403.500  0.0189        
 4403.520  0.0189        
 4403.540  0.0189        
 4403.560  0.0187        
 4403.580  0.0180        
 4403.600  0.0166        
 4403.620  0.0149        
 4403.640  0.0135        
 4403.660  0.0125        
 4403.680  0.0119        
 4403.700  0.0112        
 4403.720  0.0096        
 4403.740  0.0067        
 4403.760  0.0025        
 4403.780 -0.0022        
 4403.800 -0.0065        
 4403.820 -0.0094        
 4403.840 -0.0105        
 4403.860 -0.0099        
 4403.880 -0.0081        
 4403.900 -0.0057        
 4403.920 -0.0032        
 4403.940 -0.0005        
 4403.960  0.0022        
 4403.980  0.0048        
 4404.000  0.0065        
 4404.020  0.0060        
 4404.040  0.0020        
 4404.060 -0.0056        
 4404.080 -0.0160        
 4404.100 -0.0266        
 4404.120 -0.0345        
 4404.140 -0.0373        
 4404.160 -0.0335        
 4404.180 -0.0237        
 4404.200 -0.0103        
 4404.220  0.0026        
 4404.240  0.0113        
 4404.260  0.0137        
 4404.280  0.0100        
 4404.300  0.0020        
 4404.320 -0.0080        
 4404.340 -0.0174        
 4404.360 -0.0242        
 4404.380 -0.0269        
 4404.400 -0.0255        
 4404.420 -0.0220        
 4404.440 -0.0187        
 4404.460 -0.0170        
 4404.480 -0.0170        
 4404.500 -0.0179        
 4404.520 -0.0192        
 4404.540 -0.0201        
 4404.560 -0.0204        
 4404.580 -0.0193        
 4404.600 -0.0165        
 4404.620 -0.0120        
 4404.640 -0.0067        
 4404.660 -0.0015        
 4404.680  0.0025        
 4404.700  0.0047        
 4404.720  0.0050        
 4404.740  0.0035        
 4404.760  0.0010        
 4404.780 -0.0010        
 4404.800 -0.0012        
 4404.820  0.0011        
 4404.840  0.0054        
 4404.860  0.0105        
 4404.880  0.0144        
 4404.900  0.0156        
 4404.920  0.0135        
 4404.940  0.0088        
 4404.960  0.0030        
 4404.980 -0.0020        
 4405.000 -0.0049        
 4405.020 -0.0054        
 4405.040 -0.0044        
 4405.060 -0.0034        
 4405.080 -0.0036        
 4405.100 -0.0055        
 4405.120 -0.0085        
 4405.140 -0.0115        
 4405.160 -0.0134        
 4405.180 -0.0138        
 4405.200 -0.0131        
 4405.220 -0.0123        
 4405.240 -0.0126        
 4405.260 -0.0146        
 4405.280 -0.0178        
 4405.300 -0.0212        
 4405.320 -0.0233        
 4405.340 -0.0231        
 4405.360 -0.0204        
 4405.380 -0.0156        
 4405.400 -0.0102        
 4405.420 -0.0059        
 4405.440 -0.0036        
 4405.460 -0.0036        
 4405.480 -0.0054        
 4405.500 -0.0077        
 4405.520 -0.0097        
 4405.540 -0.0103        
 4405.560 -0.0092        
 4405.580 -0.0065        
 4405.600 -0.0024        
 4405.620  0.0025        
 4405.640  0.0072        
 4405.660  0.0108        
 4405.680  0.0122        
 4405.700  0.0105        
 4405.720  0.0053        
 4405.740 -0.0028        
 4405.760 -0.0124        
 4405.780 -0.0214        
 4405.800 -0.0277        
 4405.820 -0.0302        
 4405.840 -0.0288        
 4405.860 -0.0246        
 4405.880 -0.0188        
 4405.900 -0.0129        
 4405.920 -0.0077        
 4405.940 -0.0035        
 4405.960 -0.0002        
 4405.980  0.0026        
 4406.000  0.0051        
 4406.020  0.0068        
 4406.040  0.0073        
 4406.060  0.0061        
 4406.080  0.0035        
 4406.100  0.0002        
 4406.120 -0.0026        
 4406.140 -0.0036        
 4406.160 -0.0024        
 4406.180  0.0005        
 4406.200  0.0039        
 4406.220  0.0061        
 4406.240  0.0060        
 4406.260  0.0038        
 4406.280  0.0005        
 4406.300 -0.0019        
 4406.320 -0.0019        
 4406.340  0.0017        
 4406.360  0.0082        
 4406.380  0.0160        
 4406.400  0.0226        
 4406.420  0.0257        
 4406.440  0.0246        
 4406.460  0.0195        
 4406.480  0.0123        
 4406.500  0.0047        
 4406.520 -0.0017        
 4406.540 -0.0061        
 4406.560 -0.0084        
 4406.580 -0.0091        
 4406.600 -0.0088        
 4406.620 -0.0078        
 4406.640 -0.0061        
 4406.660 -0.0037        
 4406.680 -0.0003        
 4406.700  0.0037        
 4406.720  0.0077        
 4406.740  0.0109        
 4406.760  0.0126        
 4406.780  0.0128        
 4406.800  0.0118        
 4406.820  0.0101        
 4406.840  0.0083        
 4406.860  0.0068        
 4406.880  0.0054        
 4406.900  0.0040        
 4406.920  0.0022        
 4406.940  0.0002        
 4406.960 -0.0012        
 4406.980 -0.0014        
 4407.000  0.0002        
 4407.020  0.0038        
 4407.040  0.0085        
 4407.060  0.0127        
 4407.080  0.0150        
 4407.100  0.0146        
 4407.120  0.0117        
 4407.140  0.0076        
 4407.160  0.0044        
 4407.180  0.0040        
 4407.200  0.0078        
 4407.220  0.0156        
 4407.240  0.0250        
 4407.260  0.0322        
 4407.280  0.0336        
 4407.300  0.0280        
 4407.320  0.0168        
 4407.340  0.0035        
 4407.360 -0.0081        
 4407.380 -0.0150        
 4407.400 -0.0159        
 4407.420 -0.0110        
 4407.440 -0.0023        
 4407.460  0.0076        
 4407.480  0.0161        
 4407.500  0.0217        
 4407.520  0.0236        
 4407.540  0.0226        
 4407.560  0.0200        
 4407.580  0.0173        
 4407.600  0.0151        
 4407.620  0.0135        
 4407.640  0.0118        
 4407.660  0.0096        
 4407.680  0.0065        
 4407.700  0.0029        
 4407.720 -0.0005        
 4407.740 -0.0034        
 4407.760 -0.0056        
 4407.780 -0.0075        
 4407.800 -0.0098        
 4407.820 -0.0129        
 4407.840 -0.0167        
 4407.860 -0.0198        
 4407.880 -0.0200        
 4407.900 -0.0160        
 4407.920 -0.0084        
 4407.940  0.0004        
 4407.960  0.0075        
 4407.980  0.0111        
 4408.000  0.0106        
 4408.020  0.0068        
 4408.040  0.0014        
 4408.060 -0.0032        
 4408.080 -0.0049        
 4408.100 -0.0031        
 4408.120  0.0014        
 4408.140  0.0066        
 4408.160  0.0104        
 4408.180  0.0113        
 4408.200  0.0089        
 4408.220  0.0041        
 4408.240 -0.0018        
 4408.260 -0.0068        
 4408.280 -0.0097        
 4408.300 -0.0101        
 4408.320 -0.0085        
 4408.340 -0.0062        
 4408.360 -0.0044        
 4408.380 -0.0038        
 4408.400 -0.0047        
 4408.420 -0.0066        
 4408.440 -0.0088        
 4408.460 -0.0110        
 4408.480 -0.0128        
 4408.500 -0.0143        
 4408.520 -0.0155        
 4408.540 -0.0165        
 4408.560 -0.0174        
 4408.580 -0.0182        
 4408.600 -0.0191        
 4408.620 -0.0201        
 4408.640 -0.0211        
 4408.660 -0.0216        
 4408.680 -0.0206        
 4408.700 -0.0166        
 4408.720 -0.0093        
 4408.740  0.0003        
 4408.760  0.0097        
 4408.780  0.0162        
 4408.800  0.0183        
 4408.820  0.0158        
 4408.840  0.0093        
 4408.860  0.0004        
 4408.880 -0.0088        
 4408.900 -0.0157        
 4408.920 -0.0186        
 4408.940 -0.0171        
 4408.960 -0.0129        
 4408.980 -0.0086        
 4409.000 -0.0065        
 4409.020 -0.0078        
 4409.040 -0.0122        
 4409.060 -0.0174        
 4409.080 -0.0207        
 4409.100 -0.0199        
 4409.120 -0.0143        
 4409.140 -0.0050        
 4409.160  0.0052        
 4409.180  0.0137        
 4409.200  0.0182        
 4409.220  0.0179        
 4409.240  0.0135        
 4409.260  0.0071        
 4409.280  0.0011        
 4409.300 -0.0030        
 4409.320 -0.0049        
 4409.340 -0.0057        
 4409.360 -0.0068        
 4409.380 -0.0096        
 4409.400 -0.0142        
 4409.420 -0.0196        
 4409.440 -0.0240        
 4409.460 -0.0259        
 4409.480 -0.0245        
 4409.500 -0.0202        
 4409.520 -0.0140        
 4409.540 -0.0076        
 4409.560 -0.0026        
 4409.580  0.0001        
 4409.600  0.0002        
 4409.620 -0.0018        
 4409.640 -0.0046        
 4409.660 -0.0068        
 4409.680 -0.0079        
 4409.700 -0.0075        
 4409.720 -0.0061        
 4409.740 -0.0044        
 4409.760 -0.0030        
 4409.780 -0.0024        
 4409.800 -0.0028        
 4409.820 -0.0039        
 4409.840 -0.0052        
 4409.860 -0.0061        
 4409.880 -0.0062        
 4409.900 -0.0053        
 4409.920 -0.0035        
 4409.940 -0.0011        
 4409.960  0.0016        
 4409.980  0.0040        
 4410.000  0.0061        
 4410.020  0.0079        
 4410.040  0.0095        
 4410.060  0.0110        
 4410.080  0.0124        
 4410.100  0.0132        
 4410.120  0.0130        
 4410.140  0.0113        
 4410.160  0.0078        
 4410.180  0.0027        
 4410.200 -0.0037        
 4410.220 -0.0104        
 4410.240 -0.0165        
 4410.260 -0.0205        
 4410.280 -0.0215        
 4410.300 -0.0190        
 4410.320 -0.0132        
 4410.340 -0.0054        
 4410.360  0.0026        
 4410.380  0.0092        
 4410.400  0.0132        
 4410.420  0.0142        
 4410.440  0.0127        
 4410.460  0.0095        
 4410.480  0.0061        
 4410.500  0.0039        
 4410.520  0.0039        
 4410.540  0.0063        
 4410.560  0.0101        
 4410.580  0.0136        
 4410.600  0.0152        
 4410.620  0.0137        
 4410.640  0.0090        
 4410.660  0.0024        
 4410.680 -0.0044        
 4410.700 -0.0096        
 4410.720 -0.0121        
 4410.740 -0.0116        
 4410.760 -0.0090        
 4410.780 -0.0057        
 4410.800 -0.0030        
 4410.820 -0.0012        
 4410.840 -0.0001        
 4410.860  0.0014        
 4410.880  0.0039        
 4410.900  0.0075        
 4410.920  0.0111        
 4410.940  0.0135        
 4410.960  0.0130        
 4410.980  0.0091        
 4411.000  0.0026        
 4411.020 -0.0045        
 4411.040 -0.0097        
 4411.060 -0.0109        
 4411.080 -0.0077        
 4411.100 -0.0014        
 4411.120  0.0055        
 4411.140  0.0106        
 4411.160  0.0122        
 4411.180  0.0099        
 4411.200  0.0050        
 4411.220 -0.0003        
 4411.240 -0.0042        
 4411.260 -0.0054        
 4411.280 -0.0043        
 4411.300 -0.0019        
 4411.320  0.0004        
 4411.340  0.0016        
 4411.360  0.0017        
 4411.380  0.0011        
 4411.400  0.0004        
 4411.420  0.0000        
 4411.440 -0.0004        
 4411.460 -0.0016        
 4411.480 -0.0043        
 4411.500 -0.0083        
 4411.520 -0.0130        
 4411.540 -0.0167        
 4411.560 -0.0179        
 4411.580 -0.0159        
 4411.600 -0.0110        
 4411.620 -0.0050        
 4411.640  0.0000        
 4411.660  0.0023        
 4411.680  0.0011        
 4411.700 -0.0025        
 4411.720 -0.0066        
 4411.740 -0.0091        
 4411.760 -0.0084        
 4411.780 -0.0045        
 4411.800  0.0012        
 4411.820  0.0064        
 4411.840  0.0088        
 4411.860  0.0070        
 4411.880  0.0011        
 4411.900 -0.0077        
 4411.920 -0.0170        
 4411.940 -0.0247        
 4411.960 -0.0292        
 4411.980 -0.0300        
 4412.000 -0.0273        
 4412.020 -0.0223        
 4412.040 -0.0160        
 4412.060 -0.0097        
 4412.080 -0.0042        
 4412.100 -0.0002        
 4412.120  0.0022        
 4412.140  0.0027        
 4412.160  0.0017        
 4412.180 -0.0004        
 4412.200 -0.0027        
 4412.220 -0.0045        
 4412.240 -0.0051        
 4412.260 -0.0043        
 4412.280 -0.0022        
 4412.300  0.0007        
 4412.320  0.0036        
 4412.340  0.0060        
 4412.360  0.0074        
 4412.380  0.0076        
 4412.400  0.0065        
 4412.420  0.0044        
 4412.440  0.0014        
 4412.460 -0.0023        
 4412.480 -0.0065        
 4412.500 -0.0106        
 4412.520 -0.0139        
 4412.540 -0.0159        
 4412.560 -0.0158        
 4412.580 -0.0136        
 4412.600 -0.0097        
 4412.620 -0.0052        
 4412.640 -0.0009        
 4412.660  0.0021        
 4412.680  0.0036        
 4412.700  0.0039        
 4412.720  0.0035        
 4412.740  0.0033        
 4412.760  0.0038        
 4412.780  0.0054        
 4412.800  0.0077        
 4412.820  0.0105        
 4412.840  0.0132        
 4412.860  0.0153        
 4412.880  0.0166        
 4412.900  0.0169        
 4412.920  0.0164        
 4412.940  0.0151        
 4412.960  0.0132        
 4412.980  0.0109        
 4413.000  0.0085        
 4413.020  0.0062        
 4413.040  0.0043        
 4413.060  0.0030        
 4413.080  0.0023        
 4413.100  0.0021        
 4413.120  0.0023        
 4413.140  0.0026        
 4413.160  0.0029        
 4413.180  0.0032        
 4413.200  0.0033        
 4413.220  0.0032        
 4413.240  0.0028        
 4413.260  0.0019        
 4413.280  0.0006        
 4413.300 -0.0011        
 4413.320 -0.0030        
 4413.340 -0.0044        
 4413.360 -0.0050        
 4413.380 -0.0044        
 4413.400 -0.0026        
 4413.420  0.0000        
 4413.440  0.0030        
 4413.460  0.0058        
 4413.480  0.0082        
 4413.500  0.0101        
 4413.520  0.0114        
 4413.540  0.0123        
 4413.560  0.0130        
 4413.580  0.0134        
 4413.600  0.0134        
 4413.620  0.0129        
 4413.640  0.0122        
 4413.660  0.0114        
 4413.680  0.0110        
 4413.700  0.0111        
 4413.720  0.0117        
 4413.740  0.0127        
 4413.760  0.0136        
 4413.780  0.0139        
 4413.800  0.0138        
 4413.820  0.0133        
 4413.840  0.0132        
 4413.860  0.0138        
 4413.880  0.0152        
 4413.900  0.0172        
 4413.920  0.0187        
 4413.940  0.0187        
 4413.960  0.0163        
 4413.980  0.0114        
 4414.000  0.0045        
 4414.020 -0.0029        
 4414.040 -0.0093        
 4414.060 -0.0135        
 4414.080 -0.0150        
 4414.100 -0.0139        
 4414.120 -0.0113        
 4414.140 -0.0081        
 4414.160 -0.0055        
 4414.180 -0.0040        
 4414.200 -0.0035        
 4414.220 -0.0036        
 4414.240 -0.0036        
 4414.260 -0.0030        
 4414.280 -0.0017        
 4414.300  0.0003        
 4414.320  0.0026        
 4414.340  0.0049        
 4414.360  0.0067        
 4414.380  0.0078        
 4414.400  0.0080        
 4414.420  0.0075        
 4414.440  0.0065        
 4414.460  0.0055        
 4414.480  0.0048        
 4414.500  0.0047        
 4414.520  0.0052        
 4414.540  0.0060        
 4414.560  0.0066        
 4414.580  0.0063        
 4414.600  0.0046        
 4414.620  0.0017        
 4414.640 -0.0020        
 4414.660 -0.0054        
 4414.680 -0.0076        
 4414.700 -0.0077        
 4414.720 -0.0055        
 4414.740 -0.0014        
 4414.760  0.0032        
 4414.780  0.0068        
 4414.800  0.0082        
 4414.820  0.0067        
 4414.840  0.0031        
 4414.860 -0.0019        
 4414.880 -0.0067        
 4414.900 -0.0104        
 4414.920 -0.0123        
 4414.940 -0.0127        
 4414.960 -0.0119        
 4414.980 -0.0107        
 4415.000 -0.0096        
 4415.020 -0.0089        
 4415.040 -0.0088        
 4415.060 -0.0092        
 4415.080 -0.0102        
 4415.100 -0.0115        
 4415.120 -0.0131        
 4415.140 -0.0148        
 4415.160 -0.0161        
 4415.180 -0.0164        
 4415.200 -0.0151        
 4415.220 -0.0115        
 4415.240 -0.0055        
 4415.260  0.0020        
 4415.280  0.0092        
 4415.300  0.0138        
 4415.320  0.0143        
 4415.340  0.0105        
 4415.360  0.0035        
 4415.380 -0.0048        
 4415.400 -0.0126        
 4415.420 -0.0187        
 4415.440 -0.0222        
 4415.460 -0.0229        
 4415.480 -0.0211        
 4415.500 -0.0180        
 4415.520 -0.0152        
 4415.540 -0.0140        
 4415.560 -0.0147        
 4415.580 -0.0161        
 4415.600 -0.0166        
 4415.620 -0.0152        
 4415.640 -0.0118        
 4415.660 -0.0068        
 4415.680 -0.0015        
 4415.700  0.0031        
 4415.720  0.0055        
 4415.740  0.0052        
 4415.760  0.0021        
 4415.780 -0.0028        
 4415.800 -0.0083        
 4415.820 -0.0130        
 4415.840 -0.0162        
 4415.860 -0.0176        
 4415.880 -0.0174        
 4415.900 -0.0159        
 4415.920 -0.0136        
 4415.940 -0.0108        
 4415.960 -0.0077        
 4415.980 -0.0043        
 4416.000 -0.0011        
 4416.020  0.0017        
 4416.040  0.0034        
 4416.060  0.0034        
 4416.080  0.0014        
 4416.100 -0.0024        
 4416.120 -0.0075        
 4416.140 -0.0127        
 4416.160 -0.0172        
 4416.180 -0.0204        
 4416.200 -0.0221        
 4416.220 -0.0228        
 4416.240 -0.0230        
 4416.260 -0.0231        
 4416.280 -0.0230        
 4416.300 -0.0223        
 4416.320 -0.0205        
 4416.340 -0.0170        
 4416.360 -0.0121        
 4416.380 -0.0064        
 4416.400 -0.0012        
 4416.420  0.0024        
 4416.440  0.0035        
 4416.460  0.0021        
 4416.480 -0.0013        
 4416.500 -0.0057        
 4416.520 -0.0094        
 4416.540 -0.0112        
 4416.560 -0.0101        
 4416.580 -0.0062        
 4416.600 -0.0002        
 4416.620  0.0062        
 4416.640  0.0115        
 4416.660  0.0143        
 4416.680  0.0138        
 4416.700  0.0103        
 4416.720  0.0050        
 4416.740 -0.0007        
 4416.760 -0.0050        
 4416.780 -0.0068        
 4416.800 -0.0056        
 4416.820 -0.0019        
 4416.840  0.0031        
 4416.860  0.0080        
 4416.880  0.0118        
 4416.900  0.0135        
 4416.920  0.0133        
 4416.940  0.0116        
 4416.960  0.0092        
 4416.980  0.0066        
 4417.000  0.0043        
 4417.020  0.0022        
 4417.040  0.0005        
 4417.060 -0.0010        
 4417.080 -0.0023        
 4417.100 -0.0034        
 4417.120 -0.0043        
 4417.140 -0.0051        
 4417.160 -0.0060        
 4417.180 -0.0073        
 4417.200 -0.0091        
 4417.220 -0.0116        
 4417.240 -0.0142        
 4417.260 -0.0165        
 4417.280 -0.0176        
 4417.300 -0.0172        
 4417.320 -0.0148        
 4417.340 -0.0104        
 4417.360 -0.0044        
 4417.380  0.0019        
 4417.400  0.0069        
 4417.420  0.0094        
 4417.440  0.0093        
 4417.460  0.0075        
 4417.480  0.0051        
 4417.500  0.0032        
 4417.520  0.0024        
 4417.540  0.0029        
 4417.560  0.0044        
 4417.580  0.0063        
 4417.600  0.0078        
 4417.620  0.0081        
 4417.640  0.0068        
 4417.660  0.0037        
 4417.680 -0.0006        
 4417.700 -0.0053        
 4417.720 -0.0096        
 4417.740 -0.0126        
 4417.760 -0.0140        
 4417.780 -0.0139        
 4417.800 -0.0131        
 4417.820 -0.0122        
 4417.840 -0.0121        
 4417.860 -0.0130        
 4417.880 -0.0144        
 4417.900 -0.0150        
 4417.920 -0.0140        
 4417.940 -0.0110        
 4417.960 -0.0067        
 4417.980 -0.0021        
 4418.000  0.0016        
 4418.020  0.0038        
 4418.040  0.0044        
 4418.060  0.0035        
 4418.080  0.0020        
 4418.100  0.0007        
 4418.120  0.0000        
 4418.140 -0.0001        
 4418.160 -0.0003        
 4418.180 -0.0011        
 4418.200 -0.0031        
 4418.220 -0.0062        
 4418.240 -0.0094        
 4418.260 -0.0118        
 4418.280 -0.0127        
 4418.300 -0.0120        
 4418.320 -0.0105        
 4418.340 -0.0092        
 4418.360 -0.0090        
 4418.380 -0.0100        
 4418.400 -0.0114        
 4418.420 -0.0121        
 4418.440 -0.0106        
 4418.460 -0.0068        
 4418.480 -0.0013        
 4418.500  0.0044        
 4418.520  0.0083        
 4418.540  0.0090        
 4418.560  0.0064        
 4418.580  0.0013        
 4418.600 -0.0043        
 4418.620 -0.0085        
 4418.640 -0.0106        
 4418.660 -0.0107        
 4418.680 -0.0102        
 4418.700 -0.0106        
 4418.720 -0.0128        
 4418.740 -0.0167        
 4418.760 -0.0209        
 4418.780 -0.0236        
 4418.800 -0.0234        
 4418.820 -0.0197        
 4418.840 -0.0136        
 4418.860 -0.0066        
 4418.880 -0.0008        
 4418.900  0.0026        
 4418.920  0.0032        
 4418.940  0.0017        
 4418.960 -0.0007        
 4418.980 -0.0028        
 4419.000 -0.0041        
 4419.020 -0.0048        
 4419.040 -0.0053        
 4419.060 -0.0059        
 4419.080 -0.0063        
 4419.100 -0.0060        
 4419.120 -0.0045        
 4419.140 -0.0017        
 4419.160  0.0019        
 4419.180  0.0052        
 4419.200  0.0068        
 4419.220  0.0061        
 4419.240  0.0033        
 4419.260 -0.0006        
 4419.280 -0.0040        
 4419.300 -0.0058        
 4419.320 -0.0059        
 4419.340 -0.0050        
 4419.360 -0.0045        
 4419.380 -0.0058        
 4419.400 -0.0093        
 4419.420 -0.0144        
 4419.440 -0.0196        
 4419.460 -0.0231        
 4419.480 -0.0240        
 4419.500 -0.0220        
 4419.520 -0.0182        
 4419.540 -0.0139        
 4419.560 -0.0102        
 4419.580 -0.0076        
 4419.600 -0.0056        
 4419.620 -0.0033        
 4419.640 -0.0001        
 4419.660  0.0040        
 4419.680  0.0080        
 4419.700  0.0107        
 4419.720  0.0109        
 4419.740  0.0086        
 4419.760  0.0048        
 4419.780  0.0012        
 4419.800 -0.0006        
 4419.820  0.0001        
 4419.840  0.0028        
 4419.860  0.0058        
 4419.880  0.0074        
 4419.900  0.0065        
 4419.920  0.0033        
 4419.940 -0.0007        
 4419.960 -0.0028        
 4419.980 -0.0004        
 4420.000  0.0074        
 4420.020  0.0180        
 4420.040  0.0272        
 4420.060  0.0310        
 4420.080  0.0289        
 4420.100  0.0228        
 4420.120  0.0155        
 4420.140  0.0094        
 4420.160  0.0059        
 4420.180  0.0052        
 4420.200  0.0060        
 4420.220  0.0065        
 4420.240  0.0049        
 4420.260  0.0007        
 4420.280 -0.0051        
 4420.300 -0.0105        
 4420.320 -0.0134        
 4420.340 -0.0122        
 4420.360 -0.0065        
 4420.380  0.0021        
 4420.400  0.0107        
 4420.420  0.0157        
 4420.440  0.0153        
 4420.460  0.0104        
 4420.480  0.0032        
 4420.500 -0.0032        
 4420.520 -0.0070        
 4420.540 -0.0073        
 4420.560 -0.0045        
 4420.580 -0.0004        
 4420.600  0.0034        
 4420.620  0.0052        
 4420.640  0.0046        
 4420.660  0.0019        
 4420.680 -0.0022        
 4420.700 -0.0066        
 4420.720 -0.0108        
 4420.740 -0.0143        
 4420.760 -0.0166        
 4420.780 -0.0175        
 4420.800 -0.0169        
 4420.820 -0.0147        
 4420.840 -0.0111        
 4420.860 -0.0067        
 4420.880 -0.0020        
 4420.900  0.0020        
 4420.920  0.0047        
 4420.940  0.0054        
 4420.960  0.0039        
 4420.980  0.0004        
 4421.000 -0.0039        
 4421.020 -0.0077        
 4421.040 -0.0097        
 4421.060 -0.0090        
 4421.080 -0.0057        
 4421.100 -0.0007        
 4421.120  0.0046        
 4421.140  0.0086        
 4421.160  0.0098        
 4421.180  0.0073        
 4421.200  0.0015        
 4421.220 -0.0061        
 4421.240 -0.0138        
 4421.260 -0.0197        
 4421.280 -0.0224        
 4421.300 -0.0211        
 4421.320 -0.0151        
 4421.340 -0.0047        
 4421.360  0.0080        
 4421.380  0.0190        
 4421.400  0.0237        
 4421.420  0.0206        
 4421.440  0.0112        
 4421.460 -0.0011        
 4421.480 -0.0137        
 4421.500 -0.0253        
 4421.520 -0.0349        
 4421.540 -0.0418        
 4421.560 -0.0451        
 4421.580 -0.0441        
 4421.600 -0.0387        
 4421.620 -0.0298        
 4421.640 -0.0194        
 4421.660 -0.0099        
 4421.680 -0.0037        
 4421.700 -0.0021        
 4421.720 -0.0049        
 4421.740 -0.0107        
 4421.760 -0.0172        
 4421.780 -0.0221        
 4421.800 -0.0237        
 4421.820 -0.0215        
 4421.840 -0.0163        
 4421.860 -0.0102        
 4421.880 -0.0052        
 4421.900 -0.0028        
 4421.920 -0.0032        
 4421.940 -0.0059        
 4421.960 -0.0094        
 4421.980 -0.0127        
 4422.000 -0.0148        
 4422.020 -0.0157        
 4422.040 -0.0155        
 4422.060 -0.0146        
 4422.080 -0.0131        
 4422.100 -0.0110        
 4422.120 -0.0081        
 4422.140 -0.0043        
 4422.160 -0.0002        
 4422.180  0.0033        
 4422.200  0.0051        
 4422.220  0.0050        
 4422.240  0.0035        
 4422.260  0.0018        
 4422.280  0.0011        
 4422.300  0.0025        
 4422.320  0.0058        
 4422.340  0.0100        
 4422.360  0.0134        
 4422.380  0.0141        
 4422.400  0.0113        
 4422.420  0.0056        
 4422.440 -0.0015        
 4422.460 -0.0074        
 4422.480 -0.0101        
 4422.500 -0.0086        
 4422.520 -0.0037        
 4422.540  0.0025        
 4422.560  0.0075        
 4422.580  0.0096        
 4422.600  0.0078        
 4422.620  0.0030        
 4422.640 -0.0028        
 4422.660 -0.0063        
 4422.680 -0.0047        
 4422.700  0.0017        
 4422.720  0.0091        
 4422.740  0.0134        
 4422.760  0.0127        
 4422.780  0.0075        
 4422.800 -0.0004        
 4422.820 -0.0086        
 4422.840 -0.0149        
 4422.860 -0.0171        
 4422.880 -0.0146        
 4422.900 -0.0086        
 4422.920 -0.0014        
 4422.940  0.0045        
 4422.960  0.0075        
 4422.980  0.0073        
 4423.000  0.0046        
 4423.020  0.0009        
 4423.040 -0.0018        
 4423.060 -0.0023        
 4423.080 -0.0002        
 4423.100  0.0037        
 4423.120  0.0078        
 4423.140  0.0112        
 4423.160  0.0133        
 4423.180  0.0141        
 4423.200  0.0140        
 4423.220  0.0135        
 4423.240  0.0131        
 4423.260  0.0130        
 4423.280  0.0132        
 4423.300  0.0135        
 4423.320  0.0135        
 4423.340  0.0134        
 4423.360  0.0134        
 4423.380  0.0137        
 4423.400  0.0148        
 4423.420  0.0167        
 4423.440  0.0190        
 4423.460  0.0208        
 4423.480  0.0211        
 4423.500  0.0193        
 4423.520  0.0149        
 4423.540  0.0082        
 4423.560  0.0005        
 4423.580 -0.0066        
 4423.600 -0.0113        
 4423.620 -0.0127        
 4423.640 -0.0106        
 4423.660 -0.0060        
 4423.680 -0.0003        
 4423.700  0.0049        
 4423.720  0.0085        
 4423.740  0.0100        
 4423.760  0.0095        
 4423.780  0.0079        
 4423.800  0.0061        
 4423.820  0.0048        
 4423.840  0.0041        
 4423.860  0.0038        
 4423.880  0.0036        
 4423.900  0.0032        
 4423.920  0.0026        
 4423.940  0.0021        
 4423.960  0.0024        
 4423.980  0.0035        
 4424.000  0.0054        
 4424.020  0.0071        
 4424.040  0.0077        
 4424.060  0.0065        
 4424.080  0.0033        
 4424.100 -0.0013        
 4424.120 -0.0056        
 4424.140 -0.0081        
 4424.160 -0.0073        
 4424.180 -0.0029        
 4424.200  0.0041        
 4424.220  0.0113        
 4424.240  0.0165        
 4424.260  0.0180        
 4424.280  0.0155        
 4424.300  0.0099        
 4424.320  0.0031        
 4424.340 -0.0028        
 4424.360 -0.0061        
 4424.380 -0.0063        
 4424.400 -0.0038        
 4424.420  0.0001        
 4424.440  0.0038        
 4424.460  0.0061        
 4424.480  0.0065        
 4424.500  0.0053        
 4424.520  0.0036        
 4424.540  0.0025        
 4424.560  0.0025        
 4424.580  0.0037        
 4424.600  0.0056        
 4424.620  0.0073        
 4424.640  0.0080        
 4424.660  0.0071        
 4424.680  0.0046        
 4424.700  0.0012        
 4424.720 -0.0023        
 4424.740 -0.0052        
 4424.760 -0.0071        
 4424.780 -0.0080        
 4424.800 -0.0083        
 4424.820 -0.0086        
 4424.840 -0.0093        
 4424.860 -0.0108        
 4424.880 -0.0129        
 4424.900 -0.0153        
 4424.920 -0.0172        
 4424.940 -0.0180        
 4424.960 -0.0172        
 4424.980 -0.0149        
 4425.000 -0.0115        
 4425.020 -0.0079        
 4425.040 -0.0052        
 4425.060 -0.0040        
 4425.080 -0.0046        
 4425.100 -0.0066        
 4425.120 -0.0093        
 4425.140 -0.0116        
 4425.160 -0.0125        
 4425.180 -0.0116        
 4425.200 -0.0090        
 4425.220 -0.0053        
 4425.240 -0.0017        
 4425.260  0.0006        
 4425.280  0.0005        
 4425.300 -0.0024        
 4425.320 -0.0077        
 4425.340 -0.0145        
 4425.360 -0.0213        
 4425.380 -0.0265        
 4425.400 -0.0290        
 4425.420 -0.0281        
 4425.440 -0.0241        
 4425.460 -0.0180        
 4425.480 -0.0114        
 4425.500 -0.0057        
 4425.520 -0.0024        
 4425.540 -0.0021        
 4425.560 -0.0047        
 4425.580 -0.0096        
 4425.600 -0.0153        
 4425.620 -0.0205        
 4425.640 -0.0240        
 4425.660 -0.0250        
 4425.680 -0.0235        
 4425.700 -0.0196        
 4425.720 -0.0143        
 4425.740 -0.0081        
 4425.760 -0.0017        
 4425.780  0.0041        
 4425.800  0.0089        
 4425.820  0.0119        
 4425.840  0.0125        
 4425.860  0.0104        
 4425.880  0.0061        
 4425.900  0.0003        
 4425.920 -0.0054        
 4425.940 -0.0095        
 4425.960 -0.0110        
 4425.980 -0.0097        
 4426.000 -0.0064        
 4426.020 -0.0029        
 4426.040 -0.0011        
 4426.060 -0.0022        
 4426.080 -0.0064        
 4426.100 -0.0121        
 4426.120 -0.0170        
 4426.140 -0.0183        
 4426.160 -0.0141        
 4426.180 -0.0042        
 4426.200  0.0099        
 4426.220  0.0251        
 4426.240  0.0379        
 4426.260  0.0449        
 4426.280  0.0445        
 4426.300  0.0368        
 4426.320  0.0239        
 4426.340  0.0098        
 4426.360 -0.0014        
 4426.380 -0.0066        
 4426.400 -0.0046        
 4426.420  0.0035        
 4426.440  0.0151        
 4426.460  0.0268        
 4426.480  0.0351        
 4426.500  0.0379        
 4426.520  0.0344        
 4426.540  0.0259        
 4426.560  0.0151        
 4426.580  0.0051        
 4426.600 -0.0012        
 4426.620 -0.0027        
 4426.640  0.0004        
 4426.660  0.0060        
 4426.680  0.0113        
 4426.700  0.0136        
 4426.720  0.0115        
 4426.740  0.0052        
 4426.760 -0.0036        
 4426.780 -0.0124        
 4426.800 -0.0189        
 4426.820 -0.0216        
 4426.840 -0.0207        
 4426.860 -0.0177        
 4426.880 -0.0145        
 4426.900 -0.0127        
 4426.920 -0.0127        
 4426.940 -0.0138        
 4426.960 -0.0143        
 4426.980 -0.0129        
 4427.000 -0.0087        
 4427.020 -0.0024        
 4427.040  0.0043        
 4427.060  0.0094        
 4427.080  0.0118        
 4427.100  0.0111        
 4427.120  0.0085        
 4427.140  0.0054        
 4427.160  0.0033        
 4427.180  0.0031        
 4427.200  0.0045        
 4427.220  0.0061        
 4427.240  0.0068        
 4427.260  0.0054        
 4427.280  0.0019        
 4427.300 -0.0029        
 4427.320 -0.0075        
 4427.340 -0.0108        
 4427.360 -0.0122        
 4427.380 -0.0119        
 4427.400 -0.0108        
 4427.420 -0.0097        
 4427.440 -0.0092        
 4427.460 -0.0093        
 4427.480 -0.0092        
 4427.500 -0.0083        
 4427.520 -0.0061        
 4427.540 -0.0028        
 4427.560  0.0005        
 4427.580  0.0027        
 4427.600  0.0026        
 4427.620 -0.0005        
 4427.640 -0.0062        
 4427.660 -0.0130        
 4427.680 -0.0192        
 4427.700 -0.0231        
 4427.720 -0.0235        
 4427.740 -0.0199        
 4427.760 -0.0123        
 4427.780 -0.0019        
 4427.800  0.0089        
 4427.820  0.0169        
 4427.840  0.0197        
 4427.860  0.0164        
 4427.880  0.0084        
 4427.900 -0.0021        
 4427.920 -0.0122        
 4427.940 -0.0198        
 4427.960 -0.0233        
 4427.980  0.0000        
 4428.000  0.0000        
