           0.9900  1.0000
          -0.1000  0.0000
 4497.000  0.9790  1.0062
 4497.020  0.9891  0.9896
 4497.040  0.9725  0.9998
 4497.060  0.9623  1.0063
 4497.080  0.9553  1.0142
 4497.100  0.9535  1.0182
 4497.120  0.9553  1.0191
 4497.140  0.9590  1.0256
 4497.160  0.9639  1.0218
 4497.180  0.9690  1.0232
 4497.200  0.9731  1.0206
 4497.220  0.9757  1.0215
 4497.240  0.9770  1.0213
 4497.260  0.9774  1.0210
 4497.280  0.9777  1.0219
 4497.300  0.9782  1.0203
 4497.320  0.9791  1.0225
 4497.340  0.9801  1.0226
 4497.360  0.9813  1.0245
 4497.380  0.9826  1.0251
 4497.400  0.9837  1.0251
 4497.420  0.9843  1.0230
 4497.440  0.9838  1.0231
 4497.460  0.9830  1.0200
 4497.480  0.9822  1.0153
 4497.500  0.9818  1.0112
 4497.520  0.9817  1.0077
 4497.540  0.9816  1.0062
 4497.560  0.9813  1.0099
 4497.580  0.9810  1.0132
 4497.600  0.9809  1.0167
 4497.620  0.9805  1.0196
 4497.640  0.9796  1.0214
 4497.660  0.9780  1.0222
 4497.680  0.9760  1.0222
 4497.700  0.9736  1.0224
 4497.720  0.9714  1.0226
 4497.740  0.9698  1.0233
 4497.760  0.9690  1.0241
 4497.780  0.9691  1.0245
 4497.800  0.9700  1.0243
 4497.820  0.9712  1.0235
 4497.840  0.9724  1.0224
 4497.860  0.9735  1.0217
 4497.880  0.9742  1.0217
 4497.900  0.9747  1.0225
 4497.920  0.9750  1.0241
 4497.940  0.9754  1.0258
 4497.960  0.9758  1.0270
 4497.980  0.9764  1.0271
 4498.000  0.9770  1.0260
 4498.020  0.9772  1.0239
 4498.040  0.9769  1.0214
 4498.060  0.9759  1.0191
 4498.080  0.9744  1.0176
 4498.100  0.9727  1.0170
 4498.120  0.9711  1.0172
 4498.140  0.9700  1.0177
 4498.160  0.9692  1.0180
 4498.180  0.9688  1.0178
 4498.200  0.9681  1.0170
 4498.220  0.9671  1.0158
 4498.240  0.9658  1.0146
 4498.260  0.9645  1.0140
 4498.280  0.9638  1.0140
 4498.300  0.9643  1.0150
 4498.320  0.9657  1.0167
 4498.340  0.9674  1.0188
 4498.360  0.9685  1.0207
 4498.380  0.9680  1.0221
 4498.400  0.9655  1.0226
 4498.420  0.9619  1.0220
 4498.440  0.9587  1.0206
 4498.460  0.9577  1.0187
 4498.480  0.9606  1.0169
 4498.500  0.9674  1.0157
 4498.520  0.9768  1.0155
 4498.540  0.9859  1.0162
 4498.560  0.9916  1.0177
 4498.580  0.9919  1.0195
 4498.600  0.9862  1.0211
 4498.620  0.9764  1.0221
 4498.640  0.9658  1.0224
 4498.660  0.9580  1.0222
 4498.680  0.9557  1.0219
 4498.700  0.9594  1.0217
 4498.720  0.9676  1.0219
 4498.740  0.9771  1.0225
 4498.760  0.9845  1.0231
 4498.780  0.9873  1.0235
 4498.800  0.9850  1.0234
 4498.820  0.9788  1.0229
 4498.840  0.9712  1.0220
 4498.860  0.9646  1.0211
 4498.880  0.9610  1.0205
 4498.900  0.9608  1.0204
 4498.920  0.9631  1.0208
 4498.940  0.9665  1.0215
 4498.960  0.9697  1.0222
 4498.980  0.9718  1.0229
 4499.000  0.9727  1.0236
 4499.020  0.9727  1.0242
 4499.040  0.9723  1.0248
 4499.060  0.9718  1.0252
 4499.080  0.9712  1.0254
 4499.100  0.9704  1.0249
 4499.120  0.9691  1.0238
 4499.140  0.9674  1.0219
 4499.160  0.9654  1.0195
 4499.180  0.9631  1.0172
 4499.200  0.9605  1.0153
 4499.220  0.9575  1.0142
 4499.240  0.9539  1.0139
 4499.260  0.9502  1.0144
 4499.280  0.9469  1.0151
 4499.300  0.9449  1.0160
 4499.320  0.9451  1.0168
 4499.340  0.9480  1.0176
 4499.360  0.9530  1.0186
 4499.380  0.9590  1.0196
 4499.400  0.9645  1.0208
 4499.420  0.9681  1.0217
 4499.440  0.9690  1.0222
 4499.460  0.9674  1.0221
 4499.480  0.9642  1.0216
 4499.500  0.9604  1.0209
 4499.520  0.9570  1.0206
 4499.540  0.9544  1.0208
 4499.560  0.9524  1.0216
 4499.580  0.9508  1.0225
 4499.600  0.9495  1.0231
 4499.620  0.9491  1.0227
 4499.640  0.9501  1.0214
 4499.660  0.9529  1.0194
 4499.680  0.9575  1.0173
 4499.700  0.9628  1.0160
 4499.720  0.9670  1.0158
 4499.740  0.9687  1.0167
 4499.760  0.9671  1.0184
 4499.780  0.9631  1.0200
 4499.800  0.9585  1.0210
 4499.820  0.9557  1.0213
 4499.840  0.9565  1.0209
 4499.860  0.9614  1.0203
 4499.880  0.9688  1.0199
 4499.900  0.9761  1.0198
 4499.920  0.9807  1.0199
 4499.940  0.9808  1.0196
 4499.960  0.9768  1.0187
 4499.980  0.9705  1.0172
 4500.000  0.9649  1.0156
 4500.020  0.9626  1.0145
 4500.040  0.9645  1.0145
 4500.060  0.9700  1.0155
 4500.080  0.9768  1.0172
 4500.100  0.9823  1.0186
 4500.120  0.9846  1.0190
 4500.140  0.9835  1.0183
 4500.160  0.9799  1.0167
 4500.180  0.9758  1.0151
 4500.200  0.9729  1.0144
 4500.220  0.9719  1.0149
 4500.240  0.9722  1.0160
 4500.260  0.9726  1.0167
 4500.280  0.9718  1.0163
 4500.300  0.9693  1.0145
 4500.320  0.9658  1.0122
 4500.340  0.9627  1.0110
 4500.360  0.9615  1.0121
 4500.380  0.9631  1.0155
 4500.400  0.9673  1.0191
 4500.420  0.9729  1.0191
 4500.440  0.9784  1.0114
 4500.460  0.9821  0.9932
 4500.480  0.9834  0.9654
 4500.500  0.9822  0.9325
 4500.520  0.9793  0.9022
 4500.540  0.9759  0.8829
 4500.560  0.9732  0.8806
 4500.580  0.9718  0.8968
 4500.600  0.9719  0.9272
 4500.620  0.9733  0.9636
 4500.640  0.9755  0.9966
 4500.660  0.9780  1.0185
 4500.680  0.9803  1.0265
 4500.700  0.9819  1.0229
 4500.720  0.9821  1.0136
 4500.740  0.9806  1.0054
 4500.760  0.9776  1.0028
 4500.780  0.9739  1.0070
 4500.800  0.9707  1.0150
 4500.820  0.9691  1.0225
 4500.840  0.9699  1.0257
 4500.860  0.9727  1.0235
 4500.880  0.9765  1.0176
 4500.900  0.9801  1.0119
 4500.920  0.9821  1.0096
 4500.940  0.9823  1.0120
 4500.960  0.9813  1.0176
 4500.980  0.9803  1.0227
 4501.000  0.9806  1.0242
 4501.020  0.9825  1.0208
 4501.040  0.9855  1.0141
 4501.060  0.9882  1.0078
 4501.080  0.9892  1.0054
 4501.100  0.9880  1.0076
 4501.120  0.9853  1.0114
 4501.140  0.9829  1.0105
 4501.160  0.9829  0.9984
 4501.180  0.9866  0.9715
 4501.200  0.9935  0.9315
 4501.220  1.0015  0.8862
 4501.240  1.0068  0.8469
 4501.260  1.0057  0.8246
 4501.280  0.9972  0.8253
 4501.300  0.9835  0.8483
 4501.320  0.9693  0.8859
 4501.340  0.9592  0.9268
 4501.360  0.9559  0.9607
 4501.380  0.9593  0.9821
 4501.400  0.9670  0.9912
 4501.420  0.9750  0.9936
 4501.440  0.9799  0.9957
 4501.460  0.9793  1.0011
 4501.480  0.9736  1.0085
 4501.500  0.9650  1.0116
 4501.520  0.9566  1.0027
 4501.540  0.9514  0.9764
 4501.560  0.9508  0.9337
 4501.580  0.9550  0.8824
 4501.600  0.9624  0.8356
 4501.620  0.9705  0.8064
 4501.640  0.9771  0.8036
 4501.660  0.9810  0.8281
 4501.680  0.9828  0.8726
 4501.700  0.9836  0.9245
 4501.720  0.9844  0.9706
 4501.740  0.9854  1.0016
 4501.760  0.9859  1.0146
 4501.780  0.9852  1.0134
 4501.800  0.9829  1.0055
 4501.820  0.9792  0.9988
 4501.840  0.9747  0.9980
 4501.860  0.9706  1.0038
 4501.880  0.9675  1.0129
 4501.900  0.9655  1.0211
 4501.920  0.9642  1.0249
 4501.940  0.9632  1.0236
 4501.960  0.9623  1.0189
 4501.980  0.9620  1.0141
 4502.000  0.9628  1.0119
 4502.020  0.9651  1.0135
 4502.040  0.9685  1.0176
 4502.060  0.9721  1.0221
 4502.080  0.9743  1.0247
 4502.100  0.9740  1.0243
 4502.120  0.9707  1.0215
 4502.140  0.9654  1.0181
 4502.160  0.9595  1.0160
 4502.180  0.9550  1.0164
 4502.200  0.9528  1.0190
 4502.220  0.9528  1.0225
 4502.240  0.9539  1.0252
 4502.260  0.9546  1.0259
 4502.280  0.9538  1.0241
 4502.300  0.9518  1.0207
 4502.320  0.9499  1.0168
 4502.340  0.9501  1.0133
 4502.360  0.9535  1.0107
 4502.380  0.9601  1.0092
 4502.400  0.9679  1.0084
 4502.420  0.9744  1.0083
 4502.440  0.9771  1.0089
 4502.460  0.9752  1.0107
 4502.480  0.9696  1.0136
 4502.500  0.9631  1.0173
 4502.520  0.9586  1.0211
 4502.540  0.9580  1.0238
 4502.560  0.9614  1.0248
 4502.580  0.9665  1.0240
 4502.600  0.9705  1.0219
 4502.620  0.9707  1.0199
 4502.640  0.9664  1.0188
 4502.660  0.9592  1.0191
 4502.680  0.9523  1.0204
 4502.700  0.9490  1.0215
 4502.720  0.9512  1.0213
 4502.740  0.9586  1.0194
 4502.760  0.9685  1.0160
 4502.780  0.9773  1.0122
 4502.800  0.9818  1.0093
 4502.820  0.9808  1.0079
 4502.840  0.9756  1.0079
 4502.860  0.9692  1.0083
 4502.880  0.9647  1.0081
 4502.900  0.9641  1.0067
 4502.920  0.9670  1.0045
 4502.940  0.9713  1.0030
 4502.960  0.9739  1.0037
 4502.980  0.9726  1.0077
 4503.000  0.9671  1.0147
 4503.020  0.9594  1.0227
 4503.040  0.9526  1.0289
 4503.060  0.9494  1.0305
 4503.080  0.9515  1.0260
 4503.100  0.9581  1.0158
 4503.120  0.9668  1.0022
 4503.140  0.9743  0.9885
 4503.160  0.9777  0.9781
 4503.180  0.9760  0.9730
 4503.200  0.9703  0.9735
 4503.220  0.9631  0.9782
 4503.240  0.9572  0.9851
 4503.260  0.9546  0.9920
 4503.280  0.9553  0.9979
 4503.300  0.9583  1.0023
 4503.320  0.9616  1.0059
 4503.340  0.9637  1.0095
 4503.360  0.9640  1.0132
 4503.380  0.9631  1.0170
 4503.400  0.9622  1.0202
 4503.420  0.9626  1.0220
 4503.440  0.9652  1.0222
 4503.460  0.9694  1.0211
 4503.480  0.9743  1.0192
 4503.500  0.9784  1.0175
 4503.520  0.9804  1.0166
 4503.540  0.9799  1.0167
 4503.560  0.9771  1.0176
 4503.580  0.9732  1.0189
 4503.600  0.9694  1.0202
 4503.620  0.9668  1.0212
 4503.640  0.9659  1.0218
 4503.660  0.9665  1.0222
 4503.680  0.9680  1.0224
 4503.700  0.9693  1.0225
 4503.720  0.9694  1.0223
 4503.740  0.9678  1.0219
 4503.760  0.9644  1.0214
 4503.780  0.9600  1.0211
 4503.800  0.9557  1.0213
 4503.820  0.9530  1.0220
 4503.840  0.9530  1.0231
 4503.860  0.9559  1.0243
 4503.880  0.9613  1.0252
 4503.900  0.9678  1.0255
 4503.920  0.9738  1.0250
 4503.940  0.9779  1.0240
 4503.960  0.9795  1.0230
 4503.980  0.9790  1.0224
 4504.000  0.9778  1.0222
 4504.020  0.9772  1.0225
 4504.040  0.9782  1.0229
 4504.060  0.9805  1.0232
 4504.080  0.9830  1.0232
 4504.100  0.9839  1.0231
 4504.120  0.9820  1.0231
 4504.140  0.9773  1.0233
 4504.160  0.9711  1.0239
 4504.180  0.9662  1.0246
 4504.200  0.9650  1.0250
 4504.220  0.9692  1.0249
 4504.240  0.9782  1.0243
 4504.260  0.9895  1.0236
 4504.280  0.9994  1.0232
 4504.300  1.0044  1.0233
 4504.320  1.0028  1.0240
 4504.340  0.9954  1.0250
 4504.360  0.9851  1.0257
 4504.380  0.9761  1.0256
 4504.400  0.9716  1.0245
 4504.420  0.9730  1.0228
 4504.440  0.9789  1.0211
 4504.460  0.9861  1.0201
 4504.480  0.9908  1.0203
 4504.500  0.9904  1.0216
 4504.520  0.9850  1.0232
 4504.540  0.9768  1.0244
 4504.560  0.9698  1.0243
 4504.580  0.9676  1.0227
 4504.600  0.9719  1.0200
 4504.620  0.9818  1.0170
 4504.640  0.9939  1.0147
 4504.660  1.0038  1.0138
 4504.680  1.0077  1.0145
 4504.700  1.0041  1.0163
 4504.720  0.9941  1.0187
 4504.740  0.9809  1.0209
 4504.760  0.9683  1.0224
 4504.780  0.9591  1.0231
 4504.800  0.9544  1.0234
 4504.820  0.9534  1.0234
 4504.840  0.9541  1.0233
 4504.860  0.9545  1.0232
 4504.880  0.9537  1.0230
 4504.900  0.9521  1.0223
 4504.920  0.9509  1.0214
 4504.940  0.9517  1.0202
 4504.960  0.9548  1.0193
 4504.980  0.9596  1.0190
 4505.000  0.9646  1.0195
 4505.020  0.9679  1.0207
 4505.040  0.9689  1.0223
 4505.060  0.9679  1.0238
 4505.080  0.9670  1.0249
 4505.100  0.9681  1.0253
 4505.120  0.9726  1.0248
 4505.140  0.9801  1.0237
 4505.160  0.9886  1.0221
 4505.180  0.9949  1.0204
 4505.200  0.9958  1.0190
 4505.220  0.9901  1.0181
 4505.240  0.9787  1.0179
 4505.260  0.9646  1.0183
 4505.280  0.9521  1.0192
 4505.300  0.9450  1.0201
 4505.320  0.9451  1.0207
 4505.340  0.9519  1.0206
 4505.360  0.9627  1.0199
 4505.380  0.9737  1.0188
 4505.400  0.9817  1.0178
 4505.420  0.9849  1.0174
 4505.440  0.9835  1.0178
 4505.460  0.9792  1.0189
 4505.480  0.9743  1.0203
 4505.500  0.9707  1.0212
 4505.520  0.9691  1.0212
 4505.540  0.9687  1.0203
 4505.560  0.9685  1.0188
 4505.580  0.9673  1.0176
 4505.600  0.9649  1.0173
 4505.620  0.9619  1.0180
 4505.640  0.9594  1.0194
 4505.660  0.9585  1.0207
 4505.680  0.9595  1.0209
 4505.700  0.9617  1.0194
 4505.720  0.9638  1.0166
 4505.740  0.9643  1.0132
 4505.760  0.9623  1.0107
 4505.780  0.9581  1.0101
 4505.800  0.9528  1.0119
 4505.820  0.9480  1.0155
 4505.840  0.9451  1.0197
 4505.860  0.9446  1.0231
 4505.880  0.9462  1.0246
 4505.900  0.9487  1.0241
 4505.920  0.9512  1.0222
 4505.940  0.9530  1.0201
 4505.960  0.9540  1.0188
 4505.980  0.9549  1.0190
 4506.000  0.9564  1.0204
 4506.020  0.9587  1.0223
 4506.040  0.9616  1.0235
 4506.060  0.9641  1.0236
 4506.080  0.9652  1.0226
 4506.100  0.9644  1.0210
 4506.120  0.9617  1.0198
 4506.140  0.9581  1.0197
 4506.160  0.9550  1.0207
 4506.180  0.9535  1.0226
 4506.200  0.9539  1.0244
 4506.220  0.9559  1.0255
 4506.240  0.9582  1.0256
 4506.260  0.9597  1.0247
 4506.280  0.9596  1.0235
 4506.300  0.9581  1.0225
 4506.320  0.9561  1.0223
 4506.340  0.9551  1.0229
 4506.360  0.9560  1.0238
 4506.380  0.9590  1.0247
 4506.400  0.9636  1.0251
 4506.420  0.9685  1.0250
 4506.440  0.9722  1.0244
 4506.460  0.9739  1.0236
 4506.480  0.9737  1.0228
 4506.500  0.9721  1.0219
 4506.520  0.9702  1.0207
 4506.540  0.9690  1.0193
 4506.560  0.9689  1.0177
 4506.580  0.9696  1.0162
 4506.600  0.9706  1.0154
 4506.620  0.9713  1.0156
 4506.640  0.9717  1.0172
 4506.660  0.9722  1.0197
 4506.680  0.9732  1.0226
 4506.700  0.9752  1.0250
 4506.720  0.9780  1.0262
 4506.740  0.9808  1.0261
 4506.760  0.9825  1.0248
 4506.780  0.9819  1.0230
 4506.800  0.9789  1.0215
 4506.820  0.9738  1.0209
 4506.840  0.9680  1.0215
 4506.860  0.9632  1.0228
 4506.880  0.9607  1.0242
 4506.900  0.9608  1.0247
 4506.920  0.9629  1.0234
 4506.940  0.9653  1.0200
 4506.960  0.9666  1.0146
 4506.980  0.9654  1.0079
 4507.000  0.9617  1.0012
 4507.020  0.9565  0.9959
 4507.040  0.9515  0.9934
 4507.060  0.9484  0.9942
 4507.080  0.9485  0.9983
 4507.100  0.9520  1.0046
 4507.120  0.9583  1.0115
 4507.140  0.9659  1.0174
 4507.160  0.9735  1.0210
 4507.180  0.9799  1.0221
 4507.200  0.9846  1.0210
 4507.220  0.9874  1.0189
 4507.240  0.9882  1.0171
 4507.260  0.9873  1.0166
 4507.280  0.9848  1.0176
 4507.300  0.9809  1.0196
 4507.320  0.9760  1.0217
 4507.340  0.9709  1.0231
 4507.360  0.9665  1.0231
 4507.380  0.9636  1.0219
 4507.400  0.9631  1.0198
 4507.420  0.9649  1.0174
 4507.440  0.9688  1.0150
 4507.460  0.9738  1.0128
 4507.480  0.9788  1.0104
 4507.500  0.9830  1.0079
 4507.520  0.9859  1.0054
 4507.540  0.9875  1.0037
 4507.560  0.9881  1.0035
 4507.580  0.9880  1.0055
 4507.600  0.9874  1.0095
 4507.620  0.9861  1.0148
 4507.640  0.9840  1.0201
 4507.660  0.9809  1.0239
 4507.680  0.9774  1.0254
 4507.700  0.9741  1.0246
 4507.720  0.9722  1.0224
 4507.740  0.9724  1.0202
 4507.760  0.9753  1.0190
 4507.780  0.9801  1.0195
 4507.800  0.9858  1.0213
 4507.820  0.9906  1.0236
 4507.840  0.9932  1.0254
 4507.860  0.9926  1.0261
 4507.880  0.9892  1.0258
 4507.900  0.9841  1.0250
 4507.920  0.9788  1.0243
 4507.940  0.9748  1.0240
 4507.960  0.9729  1.0240
 4507.980  0.9731  1.0237
 4508.000  0.9747  1.0227
 4508.020  0.9767  1.0208
 4508.040  0.9782  1.0186
 4508.060  0.9791  1.0171
 4508.080  0.9796  1.0171
 4508.100  0.9804  1.0187
 4508.120  0.9818  1.0214
 4508.140  0.9838  1.0240
 4508.160  0.9858  1.0250
 4508.180  0.9868  1.0240
 4508.200  0.9860  1.0209
 4508.220  0.9831  1.0172
 4508.240  0.9788  1.0141
 4508.260  0.9743  1.0129
 4508.280  0.9713  1.0138
 4508.300  0.9709  1.0159
 4508.320  0.9735  1.0179
 4508.340  0.9782  1.0187
 4508.360  0.9834  1.0180
 4508.380  0.9873  1.0163
 4508.400  0.9885  1.0150
 4508.420  0.9866  1.0153
 4508.440  0.9822  1.0173
 4508.460  0.9767  1.0204
 4508.480  0.9715  1.0229
 4508.500  0.9677  1.0231
 4508.520  0.9657  1.0201
 4508.540  0.9653  1.0145
 4508.560  0.9660  1.0079
 4508.580  0.9674  1.0026
 4508.600  0.9693  1.0005
 4508.620  0.9717  1.0020
 4508.640  0.9747  1.0065
 4508.660  0.9778  1.0120
 4508.680  0.9804  1.0167
 4508.700  0.9812  1.0195
 4508.720  0.9795  1.0203
 4508.740  0.9748  1.0201
 4508.760  0.9678  1.0200
 4508.780  0.9597  1.0206
 4508.800  0.9525  1.0216
 4508.820  0.9478  1.0221
 4508.840  0.9465  1.0208
 4508.860  0.9484  1.0173
 4508.880  0.9525  1.0122
 4508.900  0.9576  1.0070
 4508.920  0.9623  1.0036
 4508.940  0.9661  1.0032
 4508.960  0.9689  1.0059
 4508.980  0.9712  1.0109
 4509.000  0.9732  1.0161
 4509.020  0.9748  1.0199
 4509.040  0.9756  1.0214
 4509.060  0.9749  1.0209
 4509.080  0.9723  1.0193
 4509.100  0.9681  1.0180
 4509.120  0.9634  1.0179
 4509.140  0.9597  1.0191
 4509.160  0.9585  1.0208
 4509.180  0.9602  1.0220
 4509.200  0.9643  1.0220
 4509.220  0.9690  1.0206
 4509.240  0.9726  1.0183
 4509.260  0.9734  1.0161
 4509.280  0.9710  1.0147
 4509.300  0.9660  1.0145
 4509.320  0.9603  1.0152
 4509.340  0.9557  1.0163
 4509.360  0.9539  1.0175
 4509.380  0.9553  1.0184
 4509.400  0.9596  1.0192
 4509.420  0.9653  1.0201
 4509.440  0.9709  1.0210
 4509.460  0.9751  1.0219
 4509.480  0.9771  1.0224
 4509.500  0.9767  1.0222
 4509.520  0.9743  1.0215
 4509.540  0.9701  1.0206
 4509.560  0.9650  1.0203
 4509.580  0.9596  1.0210
 4509.600  0.9548  1.0226
 4509.620  0.9517  1.0247
 4509.640  0.9511  1.0263
 4509.660  0.9532  1.0268
 4509.680  0.9577  1.0258
 4509.700  0.9632  1.0239
 4509.720  0.9679  1.0217
 4509.740  0.9703  1.0200
 4509.760  0.9692  1.0192
 4509.780  0.9650  1.0189
 4509.800  0.9589  1.0184
 4509.820  0.9531  1.0174
 4509.840  0.9492  1.0156
 4509.860  0.9483  1.0138
 4509.880  0.9500  1.0132
 4509.900  0.9526  1.0145
 4509.920  0.9544  1.0179
 4509.940  0.9539  1.0224
 4509.960  0.9507  1.0264
 4509.980  0.9458  1.0282
 4510.000  0.9409  1.0272
 4510.020  0.9378  1.0237
 4510.040  0.9377  1.0194
 4510.060  0.9403  1.0162
 4510.080  0.9446  1.0155
 4510.100  0.9488  1.0175
 4510.120  0.9517  1.0211
 4510.140  0.9527  1.0244
 4510.160  0.9523  1.0259
 4510.180  0.9515  1.0251
 4510.200  0.9513  1.0227
 4510.220  0.9521  1.0204
 4510.240  0.9534  1.0196
 4510.260  0.9544  1.0211
 4510.280  0.9543  1.0240
 4510.300  0.9527  1.0270
 4510.320  0.9505  1.0284
 4510.340  0.9490  1.0276
 4510.360  0.9495  1.0251
 4510.380  0.9526  1.0224
 4510.400  0.9580  1.0209
 4510.420  0.9641  1.0213
 4510.440  0.9687  1.0233
 4510.460  0.9704  1.0254
 4510.480  0.9684  1.0260
 4510.500  0.9637  1.0245
 4510.520  0.9583  1.0216
 4510.540  0.9543  1.0187
 4510.560  0.9533  1.0177
 4510.580  0.9560  1.0192
 4510.600  0.9612  1.0225
 4510.620  0.9673  1.0256
 4510.640  0.9722  1.0264
 4510.660  0.9749  1.0238
 4510.680  0.9750  1.0187
 4510.700  0.9735  1.0135
 4510.720  0.9718  1.0110
 4510.740  0.9712  1.0128
 4510.760  0.9726  1.0184
 4510.780  0.9758  1.0252
 4510.800  0.9803  1.0297
 4510.820  0.9849  1.0296
 4510.840  0.9888  1.0247
 4510.860  0.9915  1.0176
 4510.880  0.9929  1.0119
 4510.900  0.9932  1.0111
 4510.920  0.9927  1.0156
 4510.940  0.9918  1.0232
 4510.960  0.9905  1.0295
 4510.980  0.9891  1.0304
 4511.000  0.9878  1.0248
 4511.020  0.9869  1.0150
 4511.040  0.9865  1.0062
 4511.060  0.9868  1.0035
 4511.080  0.9876  1.0092
 4511.100  0.9883  1.0201
 4511.120  0.9881  1.0289
 4511.140  0.9863  1.0262
 4511.160  0.9824  1.0056
 4511.180  0.9763  0.9666
 4511.200  0.9681  0.9162
 4511.220  0.9591  0.8670
 4511.240  0.9505  0.8325
 4511.260  0.9439  0.8221
 4511.280  0.9396  0.8378
 4511.300  0.9372  0.8735
 4511.320  0.9355  0.9178
 4511.340  0.9334  0.9585
 4511.360  0.9304  0.9876
 4511.380  0.9269  1.0025
 4511.400  0.9241  1.0064
 4511.420  0.9232  1.0048
 4511.440  0.9253  1.0019
 4511.460  0.9307  0.9988
 4511.480  0.9384  0.9931
 4511.500  0.9471  0.9812
 4511.520  0.9551  0.9617
 4511.540  0.9606  0.9367
 4511.560  0.9629  0.9127
 4511.580  0.9617  0.8974
 4511.600  0.9581  0.8967
 4511.620  0.9537  0.9117
 4511.640  0.9503  0.9383
 4511.660  0.9488  0.9685
 4511.680  0.9499  0.9940
 4511.700  0.9532  1.0097
 4511.720  0.9582  1.0149
 4511.740  0.9642  1.0130
 4511.760  0.9703  1.0088
 4511.780  0.9755  1.0054
 4511.800  0.9790  1.0027
 4511.820  0.9801  0.9971
 4511.840  0.9788  0.9848
 4511.860  0.9751  0.9640
 4511.880  0.9697  0.9374
 4511.900  0.9637  0.9120
 4511.920  0.9588  0.8963
 4511.940  0.9563  0.8969
 4511.960  0.9565  0.9151
 4511.980  0.9590  0.9464
 4512.000  0.9621  0.9817
 4512.020  0.9641  1.0110
 4512.040  0.9640  1.0275
 4512.060  0.9615  1.0300
 4512.080  0.9573  1.0225
 4512.100  0.9534  1.0124
 4512.120  0.9517  1.0062
 4512.140  0.9536  1.0074
 4512.160  0.9591  1.0149
 4512.180  0.9669  1.0244
 4512.200  0.9742  1.0307
 4512.220  0.9786  1.0310
 4512.240  0.9781  1.0257
 4512.260  0.9727  1.0180
 4512.280  0.9638  1.0123
 4512.300  0.9541  1.0116
 4512.320  0.9466  1.0162
 4512.340  0.9432  1.0235
 4512.360  0.9441  1.0296
 4512.380  0.9480  1.0316
 4512.400  0.9528  1.0286
 4512.420  0.9563  1.0223
 4512.440  0.9575  1.0158
 4512.460  0.9566  1.0122
 4512.480  0.9547  1.0126
 4512.500  0.9530  1.0160
 4512.520  0.9519  1.0198
 4512.540  0.9508  1.0214
 4512.560  0.9481  1.0197
 4512.580  0.9417  1.0152
 4512.600  0.9309  1.0104
 4512.620  0.9165  1.0076
 4512.640  0.9011  1.0084
 4512.660  0.8886  1.0127
 4512.680  0.8825  1.0187
 4512.700  0.8845  1.0242
 4512.720  0.8943  1.0274
 4512.740  0.9092  1.0279
 4512.760  0.9255  1.0264
 4512.780  0.9392  1.0247
 4512.800  0.9477  1.0238
 4512.820  0.9504  1.0242
 4512.840  0.9486  1.0251
 4512.860  0.9449  1.0257
 4512.880  0.9420  1.0252
 4512.900  0.9417  1.0235
 4512.920  0.9446  1.0216
 4512.940  0.9499  1.0205
 4512.960  0.9563  1.0209
 4512.980  0.9628  1.0226
 4513.000  0.9689  1.0247
 4513.020  0.9745  1.0258
 4513.040  0.9801  1.0251
 4513.060  0.9857  1.0227
 4513.080  0.9906  1.0196
 4513.100  0.9936  1.0170
 4513.120  0.9934  1.0160
 4513.140  0.9892  1.0167
 4513.160  0.9810  1.0182
 4513.180  0.9705  1.0194
 4513.200  0.9599  1.0192
 4513.220  0.9518  1.0177
 4513.240  0.9480  1.0157
 4513.260  0.9494  1.0144
 4513.280  0.9552  1.0150
 4513.300  0.9638  1.0177
 4513.320  0.9728  1.0216
 4513.340  0.9803  1.0253
 4513.360  0.9849  1.0274
 4513.380  0.9865  1.0272
 4513.400  0.9857  1.0251
 4513.420  0.9835  1.0224
 4513.440  0.9811  1.0206
 4513.460  0.9796  1.0203
 4513.480  0.9794  1.0217
 4513.500  0.9801  1.0238
 4513.520  0.9813  1.0253
 4513.540  0.9821  1.0256
 4513.560  0.9816  1.0245
 4513.580  0.9794  1.0228
 4513.600  0.9756  1.0217
 4513.620  0.9708  1.0217
 4513.640  0.9660  1.0229
 4513.660  0.9625  1.0246
 4513.680  0.9615  1.0254
 4513.700  0.9634  1.0247
 4513.720  0.9681  1.0224
 4513.740  0.9745  1.0192
 4513.760  0.9812  1.0163
 4513.780  0.9864  1.0148
 4513.800  0.9888  1.0152
 4513.820  0.9881  1.0171
 4513.840  0.9844  1.0196
 4513.860  0.9790  1.0215
 4513.880  0.9733  1.0224
 4513.900  0.9687  1.0223
 4513.920  0.9663  1.0219
 4513.940  0.9664  1.0218
 4513.960  0.9686  1.0224
 4513.980  0.9722  1.0236
 4514.000  0.9760  1.0248
 4514.020  0.9790  1.0254
 4514.040  0.9802  1.0250
 4514.060  0.9790  1.0237
 4514.080  0.9754  1.0224
 4514.100  0.9699  1.0215
 4514.120  0.9635  1.0217
 4514.140  0.9578  1.0226
 4514.160  0.9542  1.0236
 4514.180  0.9540  1.0241
 4514.200  0.9578  1.0236
 4514.220  0.9651  1.0223
 4514.240  0.9746  1.0206
 4514.260  0.9843  1.0193
 4514.280  0.9919  1.0191
 4514.300  0.9957  1.0199
 4514.320  0.9953  1.0213
 4514.340  0.9911  1.0226
 4514.360  0.9847  1.0233
 4514.380  0.9780  1.0234
 4514.400  0.9726  1.0231
 4514.420  0.9695  1.0231
 4514.440  0.9687  1.0236
 4514.460  0.9691  1.0246
 4514.480  0.9697  1.0256
 4514.500  0.9693  1.0260
 4514.520  0.9675  1.0252
 4514.540  0.9648  1.0236
 4514.560  0.9620  1.0216
 4514.580  0.9603  1.0202
 4514.600  0.9602  1.0200
 4514.620  0.9619  1.0213
 4514.640  0.9644  1.0234
 4514.660  0.9667  1.0254
 4514.680  0.9674  1.0262
 4514.700  0.9658  1.0255
 4514.720  0.9620  1.0235
 4514.740  0.9566  1.0209
 4514.760  0.9510  1.0188
 4514.780  0.9467  1.0179
 4514.800  0.9447  1.0184
 4514.820  0.9453  1.0199
 4514.840  0.9483  1.0216
 4514.860  0.9527  1.0226
 4514.880  0.9574  1.0228
 4514.900  0.9614  1.0221
 4514.920  0.9643  1.0211
 4514.940  0.9659  1.0201
 4514.960  0.9668  1.0194
 4514.980  0.9673  1.0190
 4515.000  0.9679  1.0186
 4515.020  0.9689  1.0180
 4515.040  0.9699  1.0171
 4515.060  0.9706  1.0162
 4515.080  0.9707  1.0157
 4515.100  0.9701  1.0159
 4515.120  0.9690  1.0167
 4515.140  0.9681  1.0179
 4515.160  0.9681  1.0191
 4515.180  0.9698  1.0197
 4515.200  0.9731  1.0199
 4515.220  0.9776  1.0199
 4515.240  0.9823  1.0200
 4515.260  0.9860  1.0207
 4515.280  0.9879  1.0218
 4515.300  0.9876  1.0231
 4515.320  0.9854  1.0240
 4515.340  0.9825  1.0240
 4515.360  0.9799  1.0232
 4515.380  0.9787  1.0217
 4515.400  0.9791  1.0202
 4515.420  0.9808  1.0193
 4515.440  0.9826  1.0193
 4515.460  0.9834  1.0201
 4515.480  0.9825  1.0211
 4515.500  0.9798  1.0217
 4515.520  0.9760  1.0216
 4515.540  0.9723  1.0207
 4515.560  0.9699  1.0196
 4515.580  0.9692  1.0188
 4515.600  0.9701  1.0189
 4515.620  0.9716  1.0198
 4515.640  0.9725  1.0211
 4515.660  0.9719  1.0222
 4515.680  0.9697  1.0225
 4515.700  0.9667  1.0218
 4515.720  0.9642  1.0206
 4515.740  0.9636  1.0195
 4515.760  0.9657  1.0191
 4515.780  0.9701  1.0198
 4515.800  0.9754  1.0213
 4515.820  0.9799  1.0231
 4515.840  0.9815  1.0241
 4515.860  0.9796  1.0237
 4515.880  0.9744  1.0217
 4515.900  0.9673  1.0184
 4515.920  0.9606  1.0146
 4515.940  0.9561  1.0114
 4515.960  0.9549  1.0095
 4515.980  0.9571  1.0093
 4516.000  0.9614  1.0107
 4516.020  0.9661  1.0131
 4516.040  0.9697  1.0158
 4516.060  0.9713  1.0182
 4516.080  0.9711  1.0199
 4516.100  0.9699  1.0208
 4516.120  0.9687  1.0210
 4516.140  0.9684  1.0209
 4516.160  0.9691  1.0205
 4516.180  0.9703  1.0202
 4516.200  0.9709  1.0200
 4516.220  0.9699  1.0200
 4516.240  0.9668  1.0202
 4516.260  0.9617  1.0207
 4516.280  0.9557  1.0214
 4516.300  0.9500  1.0222
 4516.320  0.9463  1.0230
 4516.340  0.9454  1.0235
 4516.360  0.9479  1.0237
 4516.380  0.9531  1.0233
 4516.400  0.9600  1.0223
 4516.420  0.9669  1.0207
 4516.440  0.9726  1.0189
 4516.460  0.9757  1.0173
 4516.480  0.9761  1.0162
 4516.500  0.9737  1.0160
 4516.520  0.9697  1.0168
 4516.540  0.9653  1.0185
 4516.560  0.9615  1.0207
 4516.580  0.9595  1.0228
 4516.600  0.9593  1.0242
 4516.620  0.9609  1.0247
 4516.640  0.9635  1.0244
 4516.660  0.9663  1.0236
 4516.680  0.9685  1.0230
 4516.700  0.9697  1.0228
 4516.720  0.9702  1.0234
 4516.740  0.9702  1.0246
 4516.760  0.9702  1.0257
 4516.780  0.9707  1.0264
 4516.800  0.9716  1.0262
 4516.820  0.9729  1.0253
 4516.840  0.9742  1.0238
 4516.860  0.9755  1.0224
 4516.880  0.9766  1.0217
 4516.900  0.9779  1.0218
 4516.920  0.9796  1.0227
 4516.940  0.9817  1.0238
 4516.960  0.9843  1.0248
 4516.980  0.9867  1.0252
 4517.000  0.9883  1.0247
 4517.020  0.9885  1.0236
 4517.040  0.9870  1.0223
 4517.060  0.9840  1.0209
 4517.080  0.9801  1.0199
 4517.100  0.9762  1.0193
 4517.120  0.9733  1.0190
 4517.140  0.9720  1.0191
 4517.160  0.9723  1.0194
 4517.180  0.9742  1.0199
 4517.200  0.9770  1.0207
 4517.220  0.9799  1.0216
 4517.240  0.9823  1.0225
 4517.260  0.9836  1.0231
 4517.280  0.9836  1.0233
 4517.300  0.9823  1.0230
 4517.320  0.9800  1.0224
 4517.340  0.9771  1.0218
 4517.360  0.9742  1.0214
 4517.380  0.9721  1.0215
 4517.400  0.9712  1.0221
 4517.420  0.9715  1.0228
 4517.440  0.9730  1.0233
 4517.460  0.9749  1.0233
 4517.480  0.9767  1.0228
 4517.500  0.9779  1.0219
 4517.520  0.9784  1.0211
 4517.540  0.9783  1.0206
 4517.560  0.9780  1.0208
 4517.580  0.9778  1.0216
 4517.600  0.9779  1.0228
 4517.620  0.9779  1.0238
 4517.640  0.9775  1.0243
 4517.660  0.9763  1.0241
 4517.680  0.9746  1.0231
 4517.700  0.9730  1.0216
 4517.720  0.9728  1.0197
 4517.740  0.9748  1.0178
 4517.760  0.9794  1.0162
 4517.780  0.9861  1.0153
 4517.800  0.9933  1.0151
 4517.820  0.9992  1.0160
 4517.840  1.0023  1.0178
 4517.860  1.0020  1.0202
 4517.880  0.9990  1.0227
 4517.900  0.9949  1.0247
 4517.920  0.9914  1.0257
 4517.940  0.9898  1.0256
 4517.960  0.9902  1.0243
 4517.980  0.9915  1.0225
 4518.000  0.9924  1.0208
 4518.020  0.9917  1.0198
 4518.040  0.9892  1.0196
 4518.060  0.9858  1.0202
 4518.080  0.9833  1.0212
 4518.100  0.9831  1.0220
 4518.120  0.9858  1.0225
 4518.140  0.9905  1.0224
 4518.160  0.9952  1.0222
 4518.180  0.9976  1.0220
 4518.200  0.9959  1.0222
 4518.220  0.9901  1.0226
 4518.240  0.9816  1.0232
 4518.260  0.9726  1.0235
 4518.280  0.9653  1.0235
 4518.300  0.9610  1.0230
 4518.320  0.9592  1.0223
 4518.340  0.9585  1.0218
 4518.360  0.9570  1.0217
 4518.380  0.9535  1.0220
 4518.400  0.9483  1.0227
 4518.420  0.9426  1.0232
 4518.440  0.9386  1.0235
 4518.460  0.9376  1.0235
 4518.480  0.9401  1.0232
 4518.500  0.9452  1.0229
 4518.520  0.9512  1.0229
 4518.540  0.9564  1.0233
 4518.560  0.9602  1.0238
 4518.580  0.9630  1.0241
 4518.600  0.9661  1.0241
 4518.620  0.9706  1.0235
 4518.640  0.9769  1.0227
 4518.660  0.9838  1.0220
 4518.680  0.9893  1.0218
 4518.700  0.9912  1.0221
 4518.720  0.9883  1.0229
 4518.740  0.9811  1.0238
 4518.760  0.9716  1.0245
 4518.780  0.9627  1.0246
 4518.800  0.9569  1.0241
 4518.820  0.9551  1.0232
 4518.840  0.9569  1.0222
 4518.860  0.9604  1.0214
 4518.880  0.9635  1.0206
 4518.900  0.9650  1.0199
 4518.920  0.9649  1.0191
 4518.940  0.9644  1.0182
 4518.960  0.9649  1.0174
 4518.980  0.9674  1.0168
 4519.000  0.9714  1.0170
 4519.020  0.9755  1.0178
 4519.040  0.9776  1.0192
 4519.060  0.9765  1.0207
 4519.080  0.9724  1.0219
 4519.100  0.9666  1.0224
 4519.120  0.9616  1.0221
 4519.140  0.9593  1.0213
 4519.160  0.9604  1.0204
 4519.180  0.9641  1.0198
 4519.200  0.9679  1.0195
 4519.220  0.9695  1.0197
 4519.240  0.9672  1.0200
 4519.260  0.9613  1.0205
 4519.280  0.9535  1.0210
 4519.300  0.9467  1.0216
 4519.320  0.9433  1.0224
 4519.340  0.9447  1.0235
 4519.360  0.9504  1.0245
 4519.380  0.9589  1.0250
 4519.400  0.9678  1.0249
 4519.420  0.9755  1.0239
 4519.440  0.9812  1.0224
 4519.460  0.9850  1.0210
 4519.480  0.9876  1.0203
 4519.500  0.9894  1.0207
 4519.520  0.9903  1.0222
 4519.540  0.9894  1.0241
 4519.560  0.9860  1.0258
 4519.580  0.9796  1.0266
 4519.600  0.9708  1.0263
 4519.620  0.9613  1.0253
 4519.640  0.9531  1.0242
 4519.660  0.9481  1.0236
 4519.680  0.9471  1.0237
 4519.700  0.9498  1.0244
 4519.720  0.9550  1.0251
 4519.740  0.9607  1.0252
 4519.760  0.9654  1.0247
 4519.780  0.9679  1.0236
 4519.800  0.9680  1.0227
 4519.820  0.9663  1.0226
 4519.840  0.9636  1.0237
 4519.860  0.9609  1.0256
 4519.880  0.9589  1.0276
 4519.900  0.9582  1.0286
 4519.920  0.9592  1.0280
 4519.940  0.9620  1.0259
 4519.960  0.9662  1.0230
 4519.980  0.9712  1.0203
 4520.000  0.9759  1.0189
 4520.020  0.9791  1.0191
 4520.040  0.9799  1.0206
 4520.060  0.9784  1.0224
 4520.080  0.9752  1.0238
 4520.100  0.9718  1.0242
 4520.120  0.9698  1.0237
 4520.140  0.9703  1.0230
 4520.160  0.9735  1.0228
 4520.180  0.9784  1.0236
 4520.200  0.9834  1.0251
 4520.220  0.9869  1.0266
 4520.240  0.9880  1.0271
 4520.260  0.9871  1.0262
 4520.280  0.9854  1.0240
 4520.300  0.9845  1.0213
 4520.320  0.9853  1.0192
 4520.340  0.9878  1.0185
 4520.360  0.9910  1.0194
 4520.380  0.9929  1.0213
 4520.400  0.9918  1.0232
 4520.420  0.9868  1.0243
 4520.440  0.9787  1.0241
 4520.460  0.9693  1.0231
 4520.480  0.9612  1.0219
 4520.500  0.9565  1.0214
 4520.520  0.9565  1.0219
 4520.540  0.9611  1.0232
 4520.560  0.9691  1.0245
 4520.580  0.9785  1.0249
 4520.600  0.9873  1.0241
 4520.620  0.9943  1.0223
 4520.640  0.9987  1.0204
 4520.660  1.0003  1.0195
 4520.680  0.9995  1.0199
 4520.700  0.9966  1.0217
 4520.720  0.9920  1.0240
 4520.740  0.9863  1.0257
 4520.760  0.9801  1.0259
 4520.780  0.9744  1.0244
 4520.800  0.9701  1.0219
 4520.820  0.9681  1.0193
 4520.840  0.9686  1.0177
 4520.860  0.9716  1.0175
 4520.880  0.9762  1.0186
 4520.900  0.9816  1.0203
 4520.920  0.9867  1.0218
 4520.940  0.9910  1.0227
 4520.960  0.9941  1.0230
 4520.980  0.9961  1.0232
 4521.000  0.9970  1.0237
 4521.020  0.9970  1.0247
 4521.040  0.9962  1.0260
 4521.060  0.9947  1.0270
 4521.080  0.9927  1.0272
 4521.100  0.9904  1.0263
 4521.120  0.9882  1.0247
 4521.140  0.9863  1.0230
 4521.160  0.9847  1.0219
 4521.180  0.9831  1.0219
 4521.200  0.9810  1.0228
 4521.220  0.9781  1.0242
 4521.240  0.9742  1.0253
 4521.260  0.9699  1.0256
 4521.280  0.9661  1.0251
 4521.300  0.9640  1.0240
 4521.320  0.9645  1.0228
 4521.340  0.9677  1.0220
 4521.360  0.9730  1.0215
 4521.380  0.9791  1.0211
 4521.400  0.9845  1.0206
 4521.420  0.9878  1.0198
 4521.440  0.9885  1.0190
 4521.460  0.9870  1.0188
 4521.480  0.9842  1.0196
 4521.500  0.9816  1.0213
 4521.520  0.9800  1.0234
 4521.540  0.9797  1.0251
 4521.560  0.9803  1.0256
 4521.580  0.9808  1.0246
 4521.600  0.9802  1.0228
 4521.620  0.9781  1.0211
 4521.640  0.9749  1.0205
 4521.660  0.9716  1.0215
 4521.680  0.9694  1.0238
 4521.700  0.9694  1.0261
 4521.720  0.9714  1.0273
 4521.740  0.9746  1.0267
 4521.760  0.9772  1.0245
 4521.780  0.9777  1.0218
 4521.800  0.9750  1.0202
 4521.820  0.9695  1.0205
 4521.840  0.9629  1.0228
 4521.860  0.9575  1.0259
 4521.880  0.9558  1.0281
 4521.900  0.9592  1.0280
 4521.920  0.9671  1.0255
 4521.940  0.9778  1.0215
 4521.960  0.9880  1.0179
 4521.980  0.9946  1.0163
 4522.000  0.9956  1.0173
 4522.020  0.9907  1.0198
 4522.040  0.9814  1.0220
 4522.060  0.9702  1.0222
 4522.080  0.9599  1.0197
 4522.100  0.9525  1.0158
 4522.120  0.9488  1.0129
 4522.140  0.9488  1.0132
 4522.160  0.9514  1.0172
 4522.180  0.9558  1.0229
 4522.200  0.9613  1.0262
 4522.220  0.9677  1.0224
 4522.240  0.9748  1.0086
 4522.260  0.9818  0.9855
 4522.280  0.9873  0.9580
 4522.300  0.9892  0.9337
 4522.320  0.9859  0.9204
 4522.340  0.9775  0.9225
 4522.360  0.9659  0.9394
 4522.380  0.9547  0.9654
 4522.400  0.9475  0.9913
 4522.420  0.9465  1.0084
 4522.440  0.9518  1.0114
 4522.460  0.9618  1.0007
 4522.480  0.9728  0.9816
 4522.500  0.9809  0.9625
 4522.520  0.9831  0.9512
 4522.540  0.9788  0.9520
 4522.560  0.9700  0.9644
 4522.580  0.9604  0.9838
 4522.600  0.9537  1.0037
 4522.620  0.9517  1.0182
 4522.640  0.9543  1.0248
 4522.660  0.9596  1.0240
 4522.680  0.9649  1.0193
 4522.700  0.9683  1.0145
 4522.720  0.9688  1.0125
 4522.740  0.9674  1.0138
 4522.760  0.9660  1.0172
 4522.780  0.9663  1.0203
 4522.800  0.9690  1.0216
 4522.820  0.9734  1.0207
 4522.840  0.9775  1.0186
 4522.860  0.9796  1.0168
 4522.880  0.9784  1.0169
 4522.900  0.9741  1.0190
 4522.920  0.9682  1.0224
 4522.940  0.9629  1.0256
 4522.960  0.9598  1.0274
 4522.980  0.9596  1.0272
 4523.000  0.9621  1.0257
 4523.020  0.9660  1.0239
 4523.040  0.9700  1.0229
 4523.060  0.9731  1.0231
 4523.080  0.9751  1.0241
 4523.100  0.9761  1.0251
 4523.120  0.9762  1.0252
 4523.140  0.9755  1.0241
 4523.160  0.9735  1.0223
 4523.180  0.9698  1.0206
 4523.200  0.9646  1.0200
 4523.220  0.9585  1.0209
 4523.240  0.9529  1.0230
 4523.260  0.9495  1.0254
 4523.280  0.9493  1.0271
 4523.300  0.9525  1.0276
 4523.320  0.9580  1.0268
 4523.340  0.9641  1.0254
 4523.360  0.9690  1.0241
 4523.380  0.9715  1.0236
 4523.400  0.9712  1.0237
 4523.420  0.9691  1.0242
 4523.440  0.9662  1.0246
 4523.460  0.9640  1.0243
 4523.480  0.9630  1.0236
 4523.500  0.9635  1.0227
 4523.520  0.9652  1.0222
 4523.540  0.9678  1.0224
 4523.560  0.9710  1.0233
 4523.580  0.9745  1.0243
 4523.600  0.9781  1.0250
 4523.620  0.9813  1.0250
 4523.640  0.9835  1.0242
 4523.660  0.9840  1.0231
 4523.680  0.9824  1.0223
 4523.700  0.9793  1.0221
 4523.720  0.9756  1.0226
 4523.740  0.9728  1.0233
 4523.760  0.9719  1.0239
 4523.780  0.9731  1.0238
 4523.800  0.9758  1.0230
 4523.820  0.9785  1.0218
 4523.840  0.9798  1.0208
 4523.860  0.9792  1.0204
 4523.880  0.9771  1.0207
 4523.900  0.9747  1.0214
 4523.920  0.9737  1.0219
 4523.940  0.9749  1.0219
 4523.960  0.9781  1.0211
 4523.980  0.9819  1.0197
 4524.000  0.9845  1.0183
 4524.020  0.9845  1.0173
 4524.040  0.9818  1.0171
 4524.060  0.9777  1.0174
 4524.080  0.9742  1.0181
 4524.100  0.9733  1.0186
 4524.120  0.9759  1.0188
 4524.140  0.9811  1.0190
 4524.160  0.9868  1.0193
 4524.180  0.9907  1.0200
 4524.200  0.9909  1.0211
 4524.220  0.9875  1.0224
 4524.240  0.9820  1.0232
 4524.260  0.9766  1.0230
 4524.280  0.9734  1.0218
 4524.300  0.9733  1.0198
 4524.320  0.9755  1.0177
 4524.340  0.9783  1.0164
 4524.360  0.9795  1.0162
 4524.380  0.9781  1.0172
 4524.400  0.9744  1.0190
 4524.420  0.9698  1.0208
 4524.440  0.9663  1.0222
 4524.460  0.9654  1.0227
 4524.480  0.9674  1.0225
 4524.500  0.9715  1.0220
 4524.520  0.9759  1.0216
 4524.540  0.9789  1.0214
 4524.560  0.9797  1.0216
 4524.580  0.9785  1.0217
 4524.600  0.9762  1.0216
 4524.620  0.9738  1.0214
 4524.640  0.9720  1.0212
 4524.660  0.9707  1.0214
 4524.680  0.9691  1.0224
 4524.700  0.9665  1.0239
 4524.720  0.9625  1.0257
 4524.740  0.9576  1.0270
 4524.760  0.9528  1.0273
 4524.780  0.9495  1.0264
 4524.800  0.9487  1.0248
 4524.820  0.9509  1.0230
 4524.840  0.9557  1.0218
 4524.860  0.9624  1.0217
 4524.880  0.9700  1.0227
 4524.900  0.9778  1.0243
 4524.920  0.9849  1.0257
 4524.940  0.9907  1.0265
 4524.960  0.9945  1.0264
 4524.980  0.9958  1.0256
 4525.000  0.9943  1.0246
 4525.020  0.9900  1.0238
 4525.040  0.9840  1.0235
 4525.060  0.9775  1.0237
 4525.080  0.9720  1.0241
 4525.100  0.9688  1.0243
 4525.120  0.9681  1.0241
 4525.140  0.9695  1.0235
 4525.160  0.9720  1.0228
 4525.180  0.9745  1.0224
 4525.200  0.9766  1.0224
 4525.220  0.9781  1.0227
 4525.240  0.9794  1.0232
 4525.260  0.9809  1.0236
 4525.280  0.9824  1.0235
 4525.300  0.9834  1.0232
 4525.320  0.9829  1.0226
 4525.340  0.9807  1.0222
 4525.360  0.9770  1.0220
 4525.380  0.9733  1.0220
 4525.400  0.9710  1.0219
 4525.420  0.9715  1.0216
 4525.440  0.9748  1.0210
 4525.460  0.9799  1.0203
 4525.480  0.9845  1.0199
 4525.500  0.9864  1.0200
 4525.520  0.9845  1.0207
 4525.540  0.9794  1.0220
 4525.560  0.9733  1.0234
 4525.580  0.9691  1.0243
 4525.600  0.9689  1.0244
 4525.620  0.9734  1.0237
 4525.640  0.9809  1.0224
 4525.660  0.9883  1.0211
 4525.680  0.9926  1.0201
 4525.700  0.9914  1.0198
 4525.720  0.9848  1.0200
 4525.740  0.9749  1.0207
 4525.760  0.9649  1.0213
 4525.780  0.9576  1.0218
 4525.800  0.9549  1.0222
 4525.820  0.9563  1.0226
 4525.840  0.9601  1.0232
 4525.860  0.9641  1.0240
 4525.880  0.9664  1.0247
 4525.900  0.9666  1.0251
 4525.920  0.9656  1.0248
 4525.940  0.9648  1.0240
 4525.960  0.9655  1.0227
 4525.980  0.9679  1.0213
 4526.000  0.9714  1.0205
 4526.020  0.9746  1.0204
 4526.040  0.9759  1.0211
 4526.060  0.9747  1.0222
 4526.080  0.9710  1.0234
 4526.100  0.9661  1.0242
 4526.120  0.9610  1.0246
 4526.140  0.9571  1.0244
 4526.160  0.9548  1.0240
 4526.180  0.9542  1.0235
 4526.200  0.9550  1.0230
 4526.220  0.9564  1.0225
 4526.240  0.9580  1.0220
 4526.260  0.9593  1.0213
 4526.280  0.9602  1.0207
 4526.300  0.9603  1.0203
 4526.320  0.9598  1.0205
 4526.340  0.9589  1.0211
 4526.360  0.9584  1.0222
 4526.380  0.9592  1.0233
 4526.400  0.9618  1.0240
 4526.420  0.9664  1.0240
 4526.440  0.9721  1.0235
 4526.460  0.9773  1.0225
 4526.480  0.9800  1.0217
 4526.500  0.9789  1.0214
 4526.520  0.9736  1.0217
 4526.540  0.9656  1.0225
 4526.560  0.9572  1.0232
 4526.580  0.9514  1.0235
 4526.600  0.9503  1.0232
 4526.620  0.9546  1.0225
 4526.640  0.9632  1.0218
 4526.660  0.9736  1.0216
 4526.680  0.9829  1.0223
 4526.700  0.9890  1.0237
 4526.720  0.9909  1.0254
 4526.740  0.9890  1.0267
 4526.760  0.9847  1.0272
 4526.780  0.9794  1.0266
 4526.800  0.9743  1.0254
 4526.820  0.9697  1.0239
 4526.840  0.9655  1.0228
 4526.860  0.9611  1.0225
 4526.880  0.9563  1.0229
 4526.900  0.9510  1.0236
 4526.920  0.9452  1.0242
 4526.940  0.9390  1.0243
 4526.960  0.9318  1.0238
 4526.980  0.9230  1.0230
 4527.000  0.9121  1.0223
 4527.020  0.8991  1.0220
 4527.040  0.8850  1.0223
 4527.060  0.8719  1.0228
 4527.080  0.8622  1.0234
 4527.100  0.8583  1.0235
 4527.120  0.8616  1.0231
 4527.140  0.8718  1.0223
 4527.160  0.8876  1.0213
 4527.180  0.9064  1.0205
 4527.200  0.9249  1.0202
 4527.220  0.9405  1.0204
 4527.240  0.9514  1.0209
 4527.260  0.9569  1.0214
 4527.280  0.9574  1.0217
 4527.300  0.9547  1.0219
 4527.320  0.9507  1.0219
 4527.340  0.9478  1.0219
 4527.360  0.9479  1.0222
 4527.380  0.9517  1.0226
 4527.400  0.9590  1.0231
 4527.420  0.9685  1.0236
 4527.440  0.9777  1.0239
 4527.460  0.9845  1.0241
 4527.480  0.9872  1.0241
 4527.500  0.9856  1.0242
 4527.520  0.9811  1.0244
 4527.540  0.9757  1.0246
 4527.560  0.9720  1.0248
 4527.580  0.9713  1.0249
 4527.600  0.9740  1.0249
 4527.620  0.9787  1.0247
 4527.640  0.9832  1.0244
 4527.660  0.9856  1.0240
 4527.680  0.9849  1.0236
 4527.700  0.9814  1.0232
 4527.720  0.9766  1.0228
 4527.740  0.9725  1.0223
 4527.760  0.9703  1.0220
 4527.780  0.9706  1.0218
 4527.800  0.9724  1.0219
 4527.820  0.9745  1.0222
 4527.840  0.9756  1.0226
 4527.860  0.9750  1.0230
 4527.880  0.9729  1.0232
 4527.900  0.9700  1.0230
 4527.920  0.9670  1.0225
 4527.940  0.9642  1.0220
 4527.960  0.9611  1.0216
 4527.980 -1.0000  1.0216
 4528.000 -1.0000  1.0220
 4497.000  0.0000        
 4497.020  0.0000        
 4497.040 -0.0101        
 4497.060 -0.0126        
 4497.080 -0.0127        
 4497.100 -0.0119        
 4497.120 -0.0106        
 4497.140 -0.0091        
 4497.160 -0.0078        
 4497.180 -0.0077        
 4497.200 -0.0090        
 4497.220 -0.0113        
 4497.240 -0.0134        
 4497.260 -0.0139        
 4497.280 -0.0122        
 4497.300 -0.0089        
 4497.320 -0.0057        
 4497.340 -0.0039        
 4497.360 -0.0044        
 4497.380 -0.0064        
 4497.400 -0.0086        
 4497.420 -0.0095        
 4497.440 -0.0086        
 4497.460 -0.0065        
 4497.480 -0.0045        
 4497.500 -0.0037        
 4497.520 -0.0046        
 4497.540 -0.0069        
 4497.560 -0.0095        
 4497.580 -0.0116        
 4497.600 -0.0122        
 4497.620 -0.0112        
 4497.640 -0.0089        
 4497.660 -0.0057        
 4497.680 -0.0028        
 4497.700 -0.0009        
 4497.720 -0.0005        
 4497.740 -0.0014        
 4497.760 -0.0034        
 4497.780 -0.0060        
 4497.800 -0.0090        
 4497.820 -0.0125        
 4497.840 -0.0165        
 4497.860 -0.0206        
 4497.880 -0.0240        
 4497.900 -0.0254        
 4497.920 -0.0239        
 4497.940 -0.0193        
 4497.960 -0.0123        
 4497.980 -0.0047        
 4498.000  0.0016        
 4498.020  0.0048        
 4498.040  0.0042        
 4498.060  0.0001        
 4498.080 -0.0059        
 4498.100 -0.0116        
 4498.120 -0.0148        
 4498.140 -0.0142        
 4498.160 -0.0098        
 4498.180 -0.0027        
 4498.200  0.0051        
 4498.220  0.0114        
 4498.240  0.0145        
 4498.260  0.0138        
 4498.280  0.0098        
 4498.300  0.0041        
 4498.320 -0.0014        
 4498.340 -0.0049        
 4498.360 -0.0052        
 4498.380 -0.0024        
 4498.400  0.0027        
 4498.420  0.0083        
 4498.440  0.0127        
 4498.460  0.0146        
 4498.480  0.0136        
 4498.500  0.0104        
 4498.520  0.0064        
 4498.540  0.0031        
 4498.560  0.0016        
 4498.580  0.0021        
 4498.600  0.0036        
 4498.620  0.0048        
 4498.640  0.0045        
 4498.660  0.0021        
 4498.680 -0.0015        
 4498.700 -0.0043        
 4498.720 -0.0040        
 4498.740  0.0010        
 4498.760  0.0107        
 4498.780  0.0234        
 4498.800  0.0355        
 4498.820  0.0434        
 4498.840  0.0441        
 4498.860  0.0368        
 4498.880  0.0231        
 4498.900  0.0066        
 4498.920 -0.0084        
 4498.940 -0.0183        
 4498.960 -0.0215        
 4498.980 -0.0187        
 4499.000 -0.0126        
 4499.020 -0.0063        
 4499.040 -0.0025        
 4499.060 -0.0020        
 4499.080 -0.0042        
 4499.100 -0.0072        
 4499.120 -0.0089        
 4499.140 -0.0082        
 4499.160 -0.0054        
 4499.180 -0.0019        
 4499.200  0.0007        
 4499.220  0.0008        
 4499.240 -0.0017        
 4499.260 -0.0055        
 4499.280 -0.0088        
 4499.300 -0.0096        
 4499.320 -0.0070        
 4499.340 -0.0014        
 4499.360  0.0053        
 4499.380  0.0110        
 4499.400  0.0135        
 4499.420  0.0119        
 4499.440  0.0065        
 4499.460 -0.0012        
 4499.480 -0.0090        
 4499.500 -0.0151        
 4499.520 -0.0182        
 4499.540 -0.0182        
 4499.560 -0.0155        
 4499.580 -0.0115        
 4499.600 -0.0073        
 4499.620 -0.0039        
 4499.640 -0.0019        
 4499.660 -0.0014        
 4499.680 -0.0023        
 4499.700 -0.0043        
 4499.720 -0.0068        
 4499.740 -0.0095        
 4499.760 -0.0118        
 4499.780 -0.0134        
 4499.800 -0.0140        
 4499.820 -0.0135        
 4499.840 -0.0119        
 4499.860 -0.0094        
 4499.880 -0.0064        
 4499.900 -0.0032        
 4499.920 -0.0003        
 4499.940  0.0019        
 4499.960  0.0030        
 4499.980  0.0028        
 4500.000  0.0011        
 4500.020 -0.0020        
 4500.040 -0.0059        
 4500.060 -0.0100        
 4500.080 -0.0137        
 4500.100 -0.0164        
 4500.120 -0.0181        
 4500.140 -0.0189        
 4500.160 -0.0193        
 4500.180 -0.0197        
 4500.200 -0.0203        
 4500.220 -0.0209        
 4500.240 -0.0208        
 4500.260 -0.0196        
 4500.280 -0.0169        
 4500.300 -0.0132        
 4500.320 -0.0094        
 4500.340 -0.0068        
 4500.360 -0.0062        
 4500.380 -0.0081        
 4500.400 -0.0118        
 4500.420 -0.0161        
 4500.440 -0.0195        
 4500.460 -0.0208        
 4500.480 -0.0197        
 4500.500 -0.0167        
 4500.520 -0.0131        
 4500.540 -0.0104        
 4500.560 -0.0095        
 4500.580 -0.0101        
 4500.600 -0.0111        
 4500.620 -0.0109        
 4500.640 -0.0084        
 4500.660 -0.0036        
 4500.680  0.0028        
 4500.700  0.0091        
 4500.720  0.0134        
 4500.740  0.0143        
 4500.760  0.0113        
 4500.780  0.0050        
 4500.800 -0.0030        
 4500.820 -0.0108        
 4500.840 -0.0169        
 4500.860 -0.0208        
 4500.880 -0.0223        
 4500.900 -0.0218        
 4500.920 -0.0203        
 4500.940 -0.0184        
 4500.960 -0.0166        
 4500.980 -0.0152        
 4501.000 -0.0143        
 4501.020 -0.0139        
 4501.040 -0.0138        
 4501.060 -0.0138        
 4501.080 -0.0136        
 4501.100 -0.0129        
 4501.120 -0.0116        
 4501.140 -0.0096        
 4501.160 -0.0071        
 4501.180 -0.0043        
 4501.200 -0.0017        
 4501.220  0.0004        
 4501.240  0.0017        
 4501.260  0.0021        
 4501.280  0.0016        
 4501.300  0.0006        
 4501.320 -0.0009        
 4501.340 -0.0024        
 4501.360 -0.0039        
 4501.380 -0.0050        
 4501.400 -0.0053        
 4501.420 -0.0045        
 4501.440 -0.0025        
 4501.460  0.0002        
 4501.480  0.0028        
 4501.500  0.0043        
 4501.520  0.0041        
 4501.540  0.0019        
 4501.560 -0.0016        
 4501.580 -0.0050        
 4501.600 -0.0065        
 4501.620 -0.0046        
 4501.640  0.0006        
 4501.660  0.0074        
 4501.680  0.0132        
 4501.700  0.0158        
 4501.720  0.0144        
 4501.740  0.0098        
 4501.760  0.0036        
 4501.780 -0.0020        
 4501.800 -0.0049        
 4501.820 -0.0042        
 4501.840 -0.0001        
 4501.860  0.0056        
 4501.880  0.0106        
 4501.900  0.0131        
 4501.920  0.0124        
 4501.940  0.0089        
 4501.960  0.0041        
 4501.980 -0.0003        
 4502.000 -0.0028        
 4502.020 -0.0028        
 4502.040 -0.0008        
 4502.060  0.0022        
 4502.080  0.0053        
 4502.100  0.0075        
 4502.120  0.0087        
 4502.140  0.0088        
 4502.160  0.0082        
 4502.180  0.0074        
 4502.200  0.0066        
 4502.220  0.0061        
 4502.240  0.0061        
 4502.260  0.0070        
 4502.280  0.0087        
 4502.300  0.0111        
 4502.320  0.0137        
 4502.340  0.0156        
 4502.360  0.0156        
 4502.380  0.0130        
 4502.400  0.0077        
 4502.420  0.0003        
 4502.440 -0.0076        
 4502.460 -0.0146        
 4502.480 -0.0194        
 4502.500 -0.0214        
 4502.520 -0.0207        
 4502.540 -0.0182        
 4502.560 -0.0149        
 4502.580 -0.0115        
 4502.600 -0.0083        
 4502.620 -0.0054        
 4502.640 -0.0029        
 4502.660 -0.0010        
 4502.680  0.0000        
 4502.700 -0.0005        
 4502.720 -0.0026        
 4502.740 -0.0059        
 4502.760 -0.0092        
 4502.780 -0.0111        
 4502.800 -0.0102        
 4502.820 -0.0060        
 4502.840  0.0010        
 4502.860  0.0090        
 4502.880  0.0160        
 4502.900  0.0199        
 4502.920  0.0197        
 4502.940  0.0156        
 4502.960  0.0091        
 4502.980  0.0021        
 4503.000 -0.0033        
 4503.020 -0.0061        
 4503.040 -0.0064        
 4503.060 -0.0050        
 4503.080 -0.0032        
 4503.100 -0.0023        
 4503.120 -0.0029        
 4503.140 -0.0049        
 4503.160 -0.0077        
 4503.180 -0.0104        
 4503.200 -0.0121        
 4503.220 -0.0126        
 4503.240 -0.0121        
 4503.260 -0.0112        
 4503.280 -0.0107        
 4503.300 -0.0111        
 4503.320 -0.0123        
 4503.340 -0.0138        
 4503.360 -0.0148        
 4503.380 -0.0145        
 4503.400 -0.0124        
 4503.420 -0.0086        
 4503.440 -0.0040        
 4503.460  0.0001        
 4503.480  0.0021        
 4503.500  0.0011        
 4503.520 -0.0031        
 4503.540 -0.0097        
 4503.560 -0.0170        
 4503.580 -0.0230        
 4503.600 -0.0262        
 4503.620 -0.0259        
 4503.640 -0.0227        
 4503.660 -0.0183        
 4503.680 -0.0142        
 4503.700 -0.0120        
 4503.720 -0.0119        
 4503.740 -0.0133        
 4503.760 -0.0149        
 4503.780 -0.0154        
 4503.800 -0.0142        
 4503.820 -0.0117        
 4503.840 -0.0087        
 4503.860 -0.0064        
 4503.880 -0.0053        
 4503.900 -0.0054        
 4503.920 -0.0054        
 4503.940 -0.0045        
 4503.960 -0.0020        
 4503.980  0.0016        
 4504.000  0.0048        
 4504.020  0.0059        
 4504.040  0.0037        
 4504.060 -0.0016        
 4504.080 -0.0084        
 4504.100 -0.0141        
 4504.120 -0.0159        
 4504.140 -0.0126        
 4504.160 -0.0048        
 4504.180  0.0051        
 4504.200  0.0138        
 4504.220  0.0183        
 4504.240  0.0172        
 4504.260  0.0113        
 4504.280  0.0032        
 4504.300 -0.0041        
 4504.320 -0.0080        
 4504.340 -0.0076        
 4504.360 -0.0038        
 4504.380  0.0010        
 4504.400  0.0044        
 4504.420  0.0049        
 4504.440  0.0021        
 4504.460 -0.0025        
 4504.480 -0.0069        
 4504.500 -0.0092        
 4504.520 -0.0084        
 4504.540 -0.0048        
 4504.560  0.0006        
 4504.580  0.0064        
 4504.600  0.0115        
 4504.620  0.0154        
 4504.640  0.0179        
 4504.660  0.0193        
 4504.680  0.0196        
 4504.700  0.0186        
 4504.720  0.0158        
 4504.740  0.0112        
 4504.760  0.0053        
 4504.780 -0.0010        
 4504.800 -0.0064        
 4504.820 -0.0096        
 4504.840 -0.0103        
 4504.860 -0.0087        
 4504.880 -0.0062        
 4504.900 -0.0041        
 4504.920 -0.0036        
 4504.940 -0.0053        
 4504.960 -0.0085        
 4504.980 -0.0123        
 4505.000 -0.0152        
 4505.020 -0.0164        
 4505.040 -0.0154        
 4505.060 -0.0128        
 4505.080 -0.0092        
 4505.100 -0.0055        
 4505.120 -0.0024        
 4505.140 -0.0001        
 4505.160  0.0015        
 4505.180  0.0024        
 4505.200  0.0028        
 4505.220  0.0029        
 4505.240  0.0025        
 4505.260  0.0018        
 4505.280  0.0010        
 4505.300  0.0002        
 4505.320 -0.0002        
 4505.340 -0.0003        
 4505.360 -0.0001        
 4505.380  0.0002        
 4505.400  0.0007        
 4505.420  0.0015        
 4505.440  0.0030        
 4505.460  0.0057        
 4505.480  0.0095        
 4505.500  0.0140        
 4505.520  0.0181        
 4505.540  0.0203        
 4505.560  0.0194        
 4505.580  0.0148        
 4505.600  0.0072        
 4505.620 -0.0016        
 4505.640 -0.0092        
 4505.660 -0.0135        
 4505.680 -0.0131        
 4505.700 -0.0083        
 4505.720 -0.0007        
 4505.740  0.0073        
 4505.760  0.0131        
 4505.780  0.0149        
 4505.800  0.0124        
 4505.820  0.0065        
 4505.840 -0.0008        
 4505.860 -0.0075        
 4505.880 -0.0121        
 4505.900 -0.0141        
 4505.920 -0.0140        
 4505.940 -0.0127        
 4505.960 -0.0110        
 4505.980 -0.0093        
 4506.000 -0.0076        
 4506.020 -0.0055        
 4506.040 -0.0028        
 4506.060  0.0002        
 4506.080  0.0030        
 4506.100  0.0043        
 4506.120  0.0033        
 4506.140 -0.0002        
 4506.160 -0.0055        
 4506.180 -0.0114        
 4506.200 -0.0163        
 4506.220 -0.0192        
 4506.240 -0.0197        
 4506.260 -0.0185        
 4506.280 -0.0166        
 4506.300 -0.0152        
 4506.320 -0.0145        
 4506.340 -0.0139        
 4506.360 -0.0124        
 4506.380 -0.0087        
 4506.400 -0.0023        
 4506.420  0.0062        
 4506.440  0.0150        
 4506.460  0.0217        
 4506.480  0.0243        
 4506.500  0.0220        
 4506.520  0.0154        
 4506.540  0.0067        
 4506.560 -0.0015        
 4506.580 -0.0070        
 4506.600 -0.0088        
 4506.620 -0.0075        
 4506.640 -0.0050        
 4506.660 -0.0030        
 4506.680 -0.0031        
 4506.700 -0.0054        
 4506.720 -0.0086        
 4506.740 -0.0112        
 4506.760 -0.0116        
 4506.780 -0.0093        
 4506.800 -0.0048        
 4506.820  0.0003        
 4506.840  0.0044        
 4506.860  0.0064        
 4506.880  0.0061        
 4506.900  0.0041        
 4506.920  0.0015        
 4506.940 -0.0009        
 4506.960 -0.0031        
 4506.980 -0.0056        
 4507.000 -0.0093        
 4507.020 -0.0148        
 4507.040 -0.0219        
 4507.060 -0.0292        
 4507.080 -0.0351        
 4507.100 -0.0382        
 4507.120 -0.0376        
 4507.140 -0.0339        
 4507.160 -0.0283        
 4507.180 -0.0222        
 4507.200 -0.0169        
 4507.220 -0.0126        
 4507.240 -0.0090        
 4507.260 -0.0056        
 4507.280 -0.0019        
 4507.300  0.0020        
 4507.320  0.0052        
 4507.340  0.0067        
 4507.360  0.0055        
 4507.380  0.0018        
 4507.400 -0.0040        
 4507.420 -0.0102        
 4507.440 -0.0156        
 4507.460 -0.0191        
 4507.480 -0.0204        
 4507.500 -0.0199        
 4507.520 -0.0182        
 4507.540 -0.0155        
 4507.560 -0.0122        
 4507.580 -0.0079        
 4507.600 -0.0029        
 4507.620  0.0020        
 4507.640  0.0056        
 4507.660  0.0060        
 4507.680  0.0021        
 4507.700 -0.0062        
 4507.720 -0.0174        
 4507.740 -0.0286        
 4507.760 -0.0362        
 4507.780 -0.0376        
 4507.800 -0.0319        
 4507.820 -0.0206        
 4507.840 -0.0069        
 4507.860  0.0052        
 4507.880  0.0127        
 4507.900  0.0143        
 4507.920  0.0110        
 4507.940  0.0055        
 4507.960  0.0010        
 4507.980 -0.0004        
 4508.000  0.0020        
 4508.020  0.0068        
 4508.040  0.0115        
 4508.060  0.0136        
 4508.080  0.0118        
 4508.100  0.0064        
 4508.120 -0.0008        
 4508.140 -0.0071        
 4508.160 -0.0102        
 4508.180 -0.0092        
 4508.200 -0.0044        
 4508.220  0.0026        
 4508.240  0.0093        
 4508.260  0.0140        
 4508.280  0.0153        
 4508.300  0.0134        
 4508.320  0.0093        
 4508.340  0.0046        
 4508.360  0.0005        
 4508.380 -0.0017        
 4508.400 -0.0018        
 4508.420  0.0002        
 4508.440  0.0034        
 4508.460  0.0071        
 4508.480  0.0101        
 4508.500  0.0115        
 4508.520  0.0107        
 4508.540  0.0076        
 4508.560  0.0026        
 4508.580 -0.0032        
 4508.600 -0.0084        
 4508.620 -0.0116        
 4508.640 -0.0119        
 4508.660 -0.0090        
 4508.680 -0.0037        
 4508.700  0.0026        
 4508.720  0.0085        
 4508.740  0.0126        
 4508.760  0.0142        
 4508.780  0.0135        
 4508.800  0.0111        
 4508.820  0.0084        
 4508.840  0.0062        
 4508.860  0.0051        
 4508.880  0.0050        
 4508.900  0.0053        
 4508.920  0.0052        
 4508.940  0.0042        
 4508.960  0.0019        
 4508.980 -0.0010        
 4509.000 -0.0036        
 4509.020 -0.0048        
 4509.040 -0.0037        
 4509.060 -0.0003        
 4509.080  0.0048        
 4509.100  0.0103        
 4509.120  0.0144        
 4509.140  0.0154        
 4509.160  0.0126        
 4509.180  0.0063        
 4509.200 -0.0023        
 4509.220 -0.0109        
 4509.240 -0.0176        
 4509.260 -0.0206        
 4509.280 -0.0198        
 4509.300 -0.0158        
 4509.320 -0.0105        
 4509.340 -0.0057        
 4509.360 -0.0030        
 4509.380 -0.0027        
 4509.400 -0.0044        
 4509.420 -0.0065        
 4509.440 -0.0080        
 4509.460 -0.0078        
 4509.480 -0.0060        
 4509.500 -0.0034        
 4509.520 -0.0011        
 4509.540  0.0002        
 4509.560  0.0002        
 4509.580 -0.0007        
 4509.600 -0.0016        
 4509.620 -0.0019        
 4509.640 -0.0013        
 4509.660 -0.0003        
 4509.680  0.0004        
 4509.700 -0.0002        
 4509.720 -0.0023        
 4509.740 -0.0055        
 4509.760 -0.0089        
 4509.780 -0.0113        
 4509.800 -0.0118        
 4509.820 -0.0103        
 4509.840 -0.0076        
 4509.860 -0.0048        
 4509.880 -0.0030        
 4509.900 -0.0027        
 4509.920 -0.0035        
 4509.940 -0.0045        
 4509.960 -0.0047        
 4509.980 -0.0032        
 4510.000  0.0000        
 4510.020  0.0044        
 4510.040  0.0088        
 4510.060  0.0123        
 4510.080  0.0143        
 4510.100  0.0144        
 4510.120  0.0131        
 4510.140  0.0107        
 4510.160  0.0076        
 4510.180  0.0037        
 4510.200 -0.0006        
 4510.220 -0.0053        
 4510.240 -0.0095        
 4510.260 -0.0125        
 4510.280 -0.0136        
 4510.300 -0.0124        
 4510.320 -0.0093        
 4510.340 -0.0054        
 4510.360 -0.0020        
 4510.380 -0.0002        
 4510.400 -0.0004        
 4510.420 -0.0019        
 4510.440 -0.0035        
 4510.460 -0.0039        
 4510.480 -0.0022        
 4510.500  0.0015        
 4510.520  0.0059        
 4510.540  0.0094        
 4510.560  0.0103        
 4510.580  0.0079        
 4510.600  0.0025        
 4510.620 -0.0044        
 4510.640 -0.0110        
 4510.660 -0.0155        
 4510.680 -0.0169        
 4510.700 -0.0151        
 4510.720 -0.0110        
 4510.740 -0.0060        
 4510.760 -0.0015        
 4510.780  0.0014        
 4510.800  0.0021        
 4510.820  0.0008        
 4510.840 -0.0019        
 4510.860 -0.0051        
 4510.880 -0.0077        
 4510.900 -0.0088        
 4510.920 -0.0078        
 4510.940 -0.0046        
 4510.960  0.0001        
 4510.980  0.0051        
 4511.000  0.0091        
 4511.020  0.0106        
 4511.040  0.0090        
 4511.060  0.0049        
 4511.080 -0.0003        
 4511.100 -0.0045        
 4511.120 -0.0059        
 4511.140 -0.0039        
 4511.160  0.0011        
 4511.180  0.0076        
 4511.200  0.0133        
 4511.220  0.0160        
 4511.240  0.0142        
 4511.260  0.0085        
 4511.280  0.0009        
 4511.300 -0.0059        
 4511.320 -0.0098        
 4511.340 -0.0106        
 4511.360 -0.0089        
 4511.380 -0.0059        
 4511.400 -0.0027        
 4511.420  0.0003        
 4511.440  0.0034        
 4511.460  0.0070        
 4511.480  0.0113        
 4511.500  0.0162        
 4511.520  0.0208        
 4511.540  0.0236        
 4511.560  0.0238        
 4511.580  0.0210        
 4511.600  0.0162        
 4511.620  0.0113        
 4511.640  0.0080        
 4511.660  0.0072        
 4511.680  0.0086        
 4511.700  0.0109        
 4511.720  0.0128        
 4511.740  0.0133        
 4511.760  0.0125        
 4511.780  0.0111        
 4511.800  0.0101        
 4511.820  0.0102        
 4511.840  0.0112        
 4511.860  0.0122        
 4511.880  0.0116        
 4511.900  0.0084        
 4511.920  0.0029        
 4511.940 -0.0034        
 4511.960 -0.0079        
 4511.980 -0.0087        
 4512.000 -0.0052        
 4512.020  0.0012        
 4512.040  0.0083        
 4512.060  0.0136        
 4512.080  0.0152        
 4512.100  0.0128        
 4512.120  0.0075        
 4512.140  0.0016        
 4512.160 -0.0024        
 4512.180 -0.0031        
 4512.200 -0.0008        
 4512.220  0.0035        
 4512.240  0.0079        
 4512.260  0.0110        
 4512.280  0.0124        
 4512.300  0.0124        
 4512.320  0.0121        
 4512.340  0.0124        
 4512.360  0.0135        
 4512.380  0.0150        
 4512.400  0.0160        
 4512.420  0.0157        
 4512.440  0.0141        
 4512.460  0.0120        
 4512.480  0.0105        
 4512.500  0.0103        
 4512.520  0.0116        
 4512.540  0.0133        
 4512.560  0.0142        
 4512.580  0.0130        
 4512.600  0.0092        
 4512.620  0.0037        
 4512.640 -0.0018        
 4512.660 -0.0053        
 4512.680 -0.0056        
 4512.700 -0.0030        
 4512.720  0.0015        
 4512.740  0.0058        
 4512.760  0.0085        
 4512.780  0.0090        
 4512.800  0.0076        
 4512.820  0.0057        
 4512.840  0.0044        
 4512.860  0.0043        
 4512.880  0.0046        
 4512.900  0.0040        
 4512.920  0.0011        
 4512.940 -0.0047        
 4512.960 -0.0125        
 4512.980 -0.0203        
 4513.000 -0.0258        
 4513.020 -0.0270        
 4513.040 -0.0231        
 4513.060 -0.0153        
 4513.080 -0.0056        
 4513.100  0.0033        
 4513.120  0.0094        
 4513.140  0.0119        
 4513.160  0.0114        
 4513.180  0.0093        
 4513.200  0.0070        
 4513.220  0.0053        
 4513.240  0.0041        
 4513.260  0.0025        
 4513.280 -0.0003        
 4513.300 -0.0049        
 4513.320 -0.0106        
 4513.340 -0.0162        
 4513.360 -0.0201        
 4513.380 -0.0210        
 4513.400 -0.0186        
 4513.420 -0.0133        
 4513.440 -0.0067        
 4513.460 -0.0003        
 4513.480  0.0044        
 4513.500  0.0067        
 4513.520  0.0066        
 4513.540  0.0047        
 4513.560  0.0015        
 4513.580 -0.0022        
 4513.600 -0.0059        
 4513.620 -0.0093        
 4513.640 -0.0119        
 4513.660 -0.0134        
 4513.680 -0.0133        
 4513.700 -0.0114        
 4513.720 -0.0079        
 4513.740 -0.0036        
 4513.760  0.0003        
 4513.780  0.0026        
 4513.800  0.0027        
 4513.820  0.0005        
 4513.840 -0.0027        
 4513.860 -0.0053        
 4513.880 -0.0058        
 4513.900 -0.0032        
 4513.920  0.0021        
 4513.940  0.0085        
 4513.960  0.0140        
 4513.980  0.0163        
 4514.000  0.0142        
 4514.020  0.0080        
 4514.040 -0.0006        
 4514.060 -0.0092        
 4514.080 -0.0154        
 4514.100 -0.0175        
 4514.120 -0.0155        
 4514.140 -0.0106        
 4514.160 -0.0047        
 4514.180  0.0001        
 4514.200  0.0028        
 4514.220  0.0032        
 4514.240  0.0024        
 4514.260  0.0016        
 4514.280  0.0017        
 4514.300  0.0028        
 4514.320  0.0042        
 4514.340  0.0046        
 4514.360  0.0032        
 4514.380 -0.0003        
 4514.400 -0.0050        
 4514.420 -0.0092        
 4514.440 -0.0110        
 4514.460 -0.0094        
 4514.480 -0.0043        
 4514.500  0.0033        
 4514.520  0.0114        
 4514.540  0.0180        
 4514.560  0.0216        
 4514.580  0.0218        
 4514.600  0.0189        
 4514.620  0.0142        
 4514.640  0.0089        
 4514.660  0.0042        
 4514.680  0.0006        
 4514.700 -0.0017        
 4514.720 -0.0025        
 4514.740 -0.0022        
 4514.760 -0.0008        
 4514.780  0.0015        
 4514.800  0.0040        
 4514.820  0.0063        
 4514.840  0.0076        
 4514.860  0.0076        
 4514.880  0.0065        
 4514.900  0.0047        
 4514.920  0.0033        
 4514.940  0.0030        
 4514.960  0.0043        
 4514.980  0.0068        
 4515.000  0.0096        
 4515.020  0.0116        
 4515.040  0.0119        
 4515.060  0.0105        
 4515.080  0.0078        
 4515.100  0.0050        
 4515.120  0.0030        
 4515.140  0.0025        
 4515.160  0.0034        
 4515.180  0.0051        
 4515.200  0.0068        
 4515.220  0.0084        
 4515.240  0.0099        
 4515.260  0.0120        
 4515.280  0.0153        
 4515.300  0.0200        
 4515.320  0.0255        
 4515.340  0.0310        
 4515.360  0.0351        
 4515.380  0.0370        
 4515.400  0.0366        
 4515.420  0.0345        
 4515.440  0.0315        
 4515.460  0.0284        
 4515.480  0.0252        
 4515.500  0.0215        
 4515.520  0.0165        
 4515.540  0.0097        
 4515.560  0.0016        
 4515.580 -0.0063        
 4515.600 -0.0120        
 4515.620 -0.0135        
 4515.640 -0.0102        
 4515.660 -0.0032        
 4515.680  0.0053        
 4515.700  0.0123        
 4515.720  0.0152        
 4515.740  0.0130        
 4515.760  0.0065        
 4515.780 -0.0019        
 4515.800 -0.0095        
 4515.820 -0.0140        
 4515.840 -0.0143        
 4515.860 -0.0111        
 4515.880 -0.0058        
 4515.900 -0.0002        
 4515.920  0.0046        
 4515.940  0.0081        
 4515.960  0.0105        
 4515.980  0.0123        
 4516.000  0.0136        
 4516.020  0.0140        
 4516.040  0.0128        
 4516.060  0.0093        
 4516.080  0.0039        
 4516.100 -0.0025        
 4516.120 -0.0082        
 4516.140 -0.0113        
 4516.160 -0.0109        
 4516.180 -0.0074        
 4516.200 -0.0022        
 4516.220  0.0022        
 4516.240  0.0039        
 4516.260  0.0017        
 4516.280 -0.0040        
 4516.300 -0.0116        
 4516.320 -0.0188        
 4516.340 -0.0238        
 4516.360 -0.0253        
 4516.380 -0.0233        
 4516.400 -0.0189        
 4516.420 -0.0133        
 4516.440 -0.0077        
 4516.460 -0.0030        
 4516.480  0.0007        
 4516.500  0.0033        
 4516.520  0.0048        
 4516.540  0.0051        
 4516.560  0.0040        
 4516.580  0.0015        
 4516.600 -0.0019        
 4516.620 -0.0056        
 4516.640 -0.0085        
 4516.660 -0.0096        
 4516.680 -0.0085        
 4516.700 -0.0053        
 4516.720 -0.0009        
 4516.740  0.0036        
 4516.760  0.0072        
 4516.780  0.0093        
 4516.800  0.0099        
 4516.820  0.0093        
 4516.840  0.0079        
 4516.860  0.0060        
 4516.880  0.0038        
 4516.900  0.0010        
 4516.920 -0.0022        
 4516.940 -0.0058        
 4516.960 -0.0093        
 4516.980 -0.0120        
 4517.000 -0.0135        
 4517.020 -0.0135        
 4517.040 -0.0120        
 4517.060 -0.0097        
 4517.080 -0.0070        
 4517.100 -0.0044        
 4517.120 -0.0019        
 4517.140  0.0004        
 4517.160  0.0028        
 4517.180  0.0054        
 4517.200  0.0077        
 4517.220  0.0092        
 4517.240  0.0093        
 4517.260  0.0079        
 4517.280  0.0052        
 4517.300  0.0023        
 4517.320  0.0001        
 4517.340 -0.0005        
 4517.360  0.0005        
 4517.380  0.0024        
 4517.400  0.0038        
 4517.420  0.0033        
 4517.440  0.0004        
 4517.460 -0.0044        
 4517.480 -0.0095        
 4517.500 -0.0131        
 4517.520 -0.0132        
 4517.540 -0.0092        
 4517.560 -0.0019        
 4517.580  0.0066        
 4517.600  0.0139        
 4517.620  0.0177        
 4517.640  0.0170        
 4517.660  0.0123        
 4517.680  0.0053        
 4517.700 -0.0018        
 4517.720 -0.0073        
 4517.740 -0.0102        
 4517.760 -0.0109        
 4517.780 -0.0103        
 4517.800 -0.0095        
 4517.820 -0.0091        
 4517.840 -0.0089        
 4517.860 -0.0084        
 4517.880 -0.0066        
 4517.900 -0.0034        
 4517.920  0.0010        
 4517.940  0.0057        
 4517.960  0.0095        
 4517.980  0.0119        
 4518.000  0.0127        
 4518.020  0.0123        
 4518.040  0.0115        
 4518.060  0.0109        
 4518.080  0.0102        
 4518.100  0.0090        
 4518.120  0.0065        
 4518.140  0.0025        
 4518.160 -0.0025        
 4518.180 -0.0071        
 4518.200 -0.0099        
 4518.220 -0.0097        
 4518.240 -0.0065        
 4518.260 -0.0017        
 4518.280  0.0025        
 4518.300  0.0041        
 4518.320  0.0025        
 4518.340 -0.0016        
 4518.360 -0.0055        
 4518.380 -0.0063        
 4518.400 -0.0015        
 4518.420  0.0093        
 4518.440  0.0241        
 4518.460  0.0388        
 4518.480  0.0490        
 4518.500  0.0511        
 4518.520  0.0440        
 4518.540  0.0296        
 4518.560  0.0119        
 4518.580 -0.0042        
 4518.600 -0.0147        
 4518.620 -0.0175        
 4518.640 -0.0131        
 4518.660 -0.0042        
 4518.680  0.0057        
 4518.700  0.0133        
 4518.720  0.0170        
 4518.740  0.0164        
 4518.760  0.0128        
 4518.780  0.0081        
 4518.800  0.0041        
 4518.820  0.0019        
 4518.840  0.0017        
 4518.860  0.0031        
 4518.880  0.0056        
 4518.900  0.0084        
 4518.920  0.0109        
 4518.940  0.0128        
 4518.960  0.0139        
 4518.980  0.0143        
 4519.000  0.0143        
 4519.020  0.0141        
 4519.040  0.0140        
 4519.060  0.0143        
 4519.080  0.0151        
 4519.100  0.0160        
 4519.120  0.0165        
 4519.140  0.0161        
 4519.160  0.0144        
 4519.180  0.0115        
 4519.200  0.0079        
 4519.220  0.0046        
 4519.240  0.0022        
 4519.260  0.0011        
 4519.280  0.0008        
 4519.300  0.0006        
 4519.320 -0.0005        
 4519.340 -0.0032        
 4519.360 -0.0073        
 4519.380 -0.0122        
 4519.400 -0.0167        
 4519.420 -0.0194        
 4519.440 -0.0197        
 4519.460 -0.0176        
 4519.480 -0.0137        
 4519.500 -0.0093        
 4519.520 -0.0055        
 4519.540 -0.0032        
 4519.560 -0.0022        
 4519.580 -0.0020        
 4519.600 -0.0019        
 4519.620 -0.0010        
 4519.640  0.0008        
 4519.660  0.0033        
 4519.680  0.0055        
 4519.700  0.0065        
 4519.720  0.0053        
 4519.740  0.0016        
 4519.760 -0.0040        
 4519.780 -0.0104        
 4519.800 -0.0162        
 4519.820 -0.0200        
 4519.840 -0.0207        
 4519.860 -0.0183        
 4519.880 -0.0138        
 4519.900 -0.0087        
 4519.920 -0.0049        
 4519.940 -0.0037        
 4519.960 -0.0056        
 4519.980 -0.0097        
 4520.000 -0.0144        
 4520.020 -0.0176        
 4520.040 -0.0175        
 4520.060 -0.0136        
 4520.080 -0.0070        
 4520.100  0.0005        
 4520.120  0.0064        
 4520.140  0.0090        
 4520.160  0.0076        
 4520.180  0.0031        
 4520.200 -0.0024        
 4520.220 -0.0066        
 4520.240 -0.0079        
 4520.260 -0.0059        
 4520.280 -0.0015        
 4520.300  0.0031        
 4520.320  0.0060        
 4520.340  0.0059        
 4520.360  0.0025        
 4520.380 -0.0031        
 4520.400 -0.0092        
 4520.420 -0.0140        
 4520.440 -0.0166        
 4520.460 -0.0168        
 4520.480 -0.0150        
 4520.500 -0.0124        
 4520.520 -0.0097        
 4520.540 -0.0075        
 4520.560 -0.0061        
 4520.580 -0.0054        
 4520.600 -0.0053        
 4520.620 -0.0056        
 4520.640 -0.0063        
 4520.660 -0.0071        
 4520.680 -0.0078        
 4520.700 -0.0080        
 4520.720 -0.0072        
 4520.740 -0.0056        
 4520.760 -0.0034        
 4520.780 -0.0014        
 4520.800  0.0000        
 4520.820  0.0004        
 4520.840 -0.0001        
 4520.860 -0.0006        
 4520.880 -0.0003        
 4520.900  0.0014        
 4520.920  0.0044        
 4520.940  0.0079        
 4520.960  0.0104        
 4520.980  0.0107        
 4521.000  0.0079        
 4521.020  0.0022        
 4521.040 -0.0054        
 4521.060 -0.0134        
 4521.080 -0.0202        
 4521.100 -0.0246        
 4521.120 -0.0264        
 4521.140 -0.0256        
 4521.160 -0.0228        
 4521.180 -0.0187        
 4521.200 -0.0136        
 4521.220 -0.0080        
 4521.240 -0.0020        
 4521.260  0.0038        
 4521.280  0.0089        
 4521.300  0.0126        
 4521.320  0.0143        
 4521.340  0.0142        
 4521.360  0.0124        
 4521.380  0.0099        
 4521.400  0.0073        
 4521.420  0.0053        
 4521.440  0.0039        
 4521.460  0.0032        
 4521.480  0.0028        
 4521.500  0.0029        
 4521.520  0.0035        
 4521.540  0.0050        
 4521.560  0.0074        
 4521.580  0.0105        
 4521.600  0.0136        
 4521.620  0.0159        
 4521.640  0.0166        
 4521.660  0.0155        
 4521.680  0.0134        
 4521.700  0.0111        
 4521.720  0.0098        
 4521.740  0.0101        
 4521.760  0.0119        
 4521.780  0.0144        
 4521.800  0.0164        
 4521.820  0.0168        
 4521.840  0.0154        
 4521.860  0.0125        
 4521.880  0.0089        
 4521.900  0.0055        
 4521.920  0.0027        
 4521.940  0.0005        
 4521.960 -0.0017        
 4521.980 -0.0042        
 4522.000 -0.0068        
 4522.020 -0.0089        
 4522.040 -0.0092        
 4522.060 -0.0071        
 4522.080 -0.0026        
 4522.100  0.0032        
 4522.120  0.0085        
 4522.140  0.0113        
 4522.160  0.0104        
 4522.180  0.0062        
 4522.200  0.0001        
 4522.220 -0.0054        
 4522.240 -0.0080        
 4522.260 -0.0066        
 4522.280 -0.0015        
 4522.300  0.0056        
 4522.320  0.0122        
 4522.340  0.0160        
 4522.360  0.0162        
 4522.380  0.0136        
 4522.400  0.0100        
 4522.420  0.0071        
 4522.440  0.0060        
 4522.460  0.0064        
 4522.480  0.0073        
 4522.500  0.0075        
 4522.520  0.0065        
 4522.540  0.0043        
 4522.560  0.0023        
 4522.580  0.0015        
 4522.600  0.0026        
 4522.620  0.0051        
 4522.640  0.0077        
 4522.660  0.0087        
 4522.680  0.0067        
 4522.700  0.0015        
 4522.720 -0.0058        
 4522.740 -0.0133        
 4522.760 -0.0188        
 4522.780 -0.0211        
 4522.800 -0.0202        
 4522.820 -0.0171        
 4522.840 -0.0134        
 4522.860 -0.0105        
 4522.880 -0.0091        
 4522.900 -0.0088        
 4522.920 -0.0086        
 4522.940 -0.0073        
 4522.960 -0.0043        
 4522.980  0.0001        
 4523.000  0.0051        
 4523.020  0.0094        
 4523.040  0.0123        
 4523.060  0.0132        
 4523.080  0.0126        
 4523.100  0.0112        
 4523.120  0.0098        
 4523.140  0.0089        
 4523.160  0.0083        
 4523.180  0.0078        
 4523.200  0.0068        
 4523.220  0.0053        
 4523.240  0.0032        
 4523.260  0.0008        
 4523.280 -0.0013        
 4523.300 -0.0030        
 4523.320 -0.0040        
 4523.340 -0.0042        
 4523.360 -0.0035        
 4523.380 -0.0015        
 4523.400  0.0018        
 4523.420  0.0065        
 4523.440  0.0120        
 4523.460  0.0171        
 4523.480  0.0208        
 4523.500  0.0217        
 4523.520  0.0195        
 4523.540  0.0145        
 4523.560  0.0082        
 4523.580  0.0023        
 4523.600 -0.0016        
 4523.620 -0.0025        
 4523.640 -0.0008        
 4523.660  0.0025        
 4523.680  0.0059        
 4523.700  0.0079        
 4523.720  0.0080        
 4523.740  0.0062        
 4523.760  0.0034        
 4523.780  0.0003        
 4523.800 -0.0025        
 4523.820 -0.0049        
 4523.840 -0.0073        
 4523.860 -0.0100        
 4523.880 -0.0133        
 4523.900 -0.0165        
 4523.920 -0.0190        
 4523.940 -0.0199        
 4523.960 -0.0187        
 4523.980 -0.0156        
 4524.000 -0.0114        
 4524.020 -0.0071        
 4524.040 -0.0037        
 4524.060 -0.0015        
 4524.080 -0.0002        
 4524.100  0.0010        
 4524.120  0.0029        
 4524.140  0.0057        
 4524.160  0.0090        
 4524.180  0.0120        
 4524.200  0.0135        
 4524.220  0.0127        
 4524.240  0.0093        
 4524.260  0.0040        
 4524.280 -0.0021        
 4524.300 -0.0077        
 4524.320 -0.0116        
 4524.340 -0.0132        
 4524.360 -0.0124        
 4524.380 -0.0098        
 4524.400 -0.0059        
 4524.420 -0.0016        
 4524.440  0.0023        
 4524.460  0.0052        
 4524.480  0.0068        
 4524.500  0.0070        
 4524.520  0.0059        
 4524.540  0.0041        
 4524.560  0.0025        
 4524.580  0.0018        
 4524.600  0.0025        
 4524.620  0.0046        
 4524.640  0.0075        
 4524.660  0.0101        
 4524.680  0.0115        
 4524.700  0.0111        
 4524.720  0.0092        
 4524.740  0.0067        
 4524.760  0.0046        
 4524.780  0.0041        
 4524.800  0.0053        
 4524.820  0.0078        
 4524.840  0.0104        
 4524.860  0.0120        
 4524.880  0.0120        
 4524.900  0.0102        
 4524.920  0.0076        
 4524.940  0.0051        
 4524.960  0.0037        
 4524.980  0.0035        
 4525.000  0.0041        
 4525.020  0.0047        
 4525.040  0.0045        
 4525.060  0.0033        
 4525.080  0.0017        
 4525.100  0.0008        
 4525.120  0.0014        
 4525.140  0.0039        
 4525.160  0.0075        
 4525.180  0.0110        
 4525.200  0.0128        
 4525.220  0.0120        
 4525.240  0.0085        
 4525.260  0.0035        
 4525.280 -0.0015        
 4525.300 -0.0050        
 4525.320 -0.0062        
 4525.340 -0.0054        
 4525.360 -0.0036        
 4525.380 -0.0021        
 4525.400 -0.0019        
 4525.420 -0.0030        
 4525.440 -0.0047        
 4525.460 -0.0060        
 4525.480 -0.0059        
 4525.500 -0.0042        
 4525.520 -0.0013        
 4525.540  0.0017        
 4525.560  0.0039        
 4525.580  0.0049        
 4525.600  0.0049        
 4525.620  0.0048        
 4525.640  0.0051        
 4525.660  0.0062        
 4525.680  0.0075        
 4525.700  0.0083        
 4525.720  0.0077        
 4525.740  0.0051        
 4525.760  0.0009        
 4525.780 -0.0039        
 4525.800 -0.0080        
 4525.820 -0.0104        
 4525.840 -0.0109        
 4525.860 -0.0098        
 4525.880 -0.0080        
 4525.900 -0.0064        
 4525.920 -0.0053        
 4525.940 -0.0046        
 4525.960 -0.0035        
 4525.980 -0.0015        
 4526.000  0.0014        
 4526.020  0.0046        
 4526.040  0.0070        
 4526.060  0.0073        
 4526.080  0.0049        
 4526.100 -0.0001        
 4526.120 -0.0066        
 4526.140 -0.0130        
 4526.160 -0.0178        
 4526.180 -0.0200        
 4526.200 -0.0195        
 4526.220 -0.0168        
 4526.240 -0.0130        
 4526.260 -0.0091        
 4526.280 -0.0058        
 4526.300 -0.0033        
 4526.320 -0.0018        
 4526.340 -0.0013        
 4526.360 -0.0017        
 4526.380 -0.0032        
 4526.400 -0.0057        
 4526.420 -0.0090        
 4526.440 -0.0127        
 4526.460 -0.0161        
 4526.480 -0.0185        
 4526.500 -0.0197        
 4526.520 -0.0196        
 4526.540 -0.0189        
 4526.560 -0.0180        
 4526.580 -0.0173        
 4526.600 -0.0169        
 4526.620 -0.0165        
 4526.640 -0.0156        
 4526.660 -0.0138        
 4526.680 -0.0113        
 4526.700 -0.0085        
 4526.720 -0.0059        
 4526.740 -0.0041        
 4526.760 -0.0034        
 4526.780 -0.0036        
 4526.800 -0.0040        
 4526.820 -0.0042        
 4526.840 -0.0037        
 4526.860 -0.0025        
 4526.880 -0.0010        
 4526.900  0.0000        
 4526.920 -0.0001        
 4526.940 -0.0014        
 4526.960 -0.0038        
 4526.980 -0.0068        
 4527.000 -0.0096        
 4527.020 -0.0114        
 4527.040 -0.0120        
 4527.060 -0.0113        
 4527.080 -0.0096        
 4527.100 -0.0074        
 4527.120 -0.0053        
 4527.140 -0.0036        
 4527.160 -0.0025        
 4527.180 -0.0018        
 4527.200 -0.0012        
 4527.220 -0.0004        
 4527.240  0.0008        
 4527.260  0.0021        
 4527.280  0.0031        
 4527.300  0.0031        
 4527.320  0.0018        
 4527.340 -0.0010        
 4527.360 -0.0045        
 4527.380 -0.0079        
 4527.400 -0.0097        
 4527.420 -0.0090        
 4527.440 -0.0054        
 4527.460  0.0003        
 4527.480  0.0065        
 4527.500  0.0114        
 4527.520  0.0133        
 4527.540  0.0115        
 4527.560  0.0065        
 4527.580  0.0001        
 4527.600 -0.0056        
 4527.620 -0.0088        
 4527.640 -0.0086        
 4527.660 -0.0055        
 4527.680 -0.0011        
 4527.700  0.0027        
 4527.720  0.0045        
 4527.740  0.0038        
 4527.760  0.0012        
 4527.780 -0.0018        
 4527.800 -0.0038        
 4527.820 -0.0039        
 4527.840 -0.0025        
 4527.860 -0.0004        
 4527.880  0.0010        
 4527.900  0.0007        
 4527.920 -0.0015        
 4527.940 -0.0050        
 4527.960 -0.0084        
 4527.980  0.0000        
 4528.000  0.0000        
