           0.9500  1.0000
          -0.1000  0.0000
 4922.000  1.0238  0.9118
 4922.020  0.9463  0.9889
 4922.040  0.9501  0.9888
 4922.060  0.9424  0.9938
 4922.080  0.9379  0.9937
 4922.100  0.9328  0.9979
 4922.120  0.9299  0.9973
 4922.140  0.9328  0.9876
 4922.160  0.9450  0.9748
 4922.180  0.9680  0.9481
 4922.200  0.9902  0.9045
 4922.220  0.9928  0.9022
 4922.240  0.9762  0.9523
 4922.260  0.9603  0.9756
 4922.280  0.9559  0.9915
 4922.300  0.9597  1.0027
 4922.320  0.9661  1.0043
 4922.340  0.9704  1.0043
 4922.360  0.9694  1.0009
 4922.380  0.9626  1.0007
 4922.400  0.9515  1.0014
 4922.420  0.9388  1.0051
 4922.440  0.9281  1.0084
 4922.460  0.9228  1.0110
 4922.480  0.9255  1.0083
 4922.500  0.9363  1.0044
 4922.520  0.9523  0.9987
 4922.540  0.9686  0.9952
 4922.560  0.9804  0.9954
 4922.580  0.9854  0.9977
 4922.600  0.9840  1.0006
 4922.620  0.9798  1.0007
 4922.640  0.9767  0.9951
 4922.660  0.9781  0.9841
 4922.680  0.9855  0.9690
 4922.700  0.9982  0.9527
 4922.720  1.0142  0.9367
 4922.740  1.0304  0.9204
 4922.760  1.0435  0.9010
 4922.780  1.0515  0.8772
 4922.800  1.0540  0.8451
 4922.820  1.0511  0.8080
 4922.840  1.0429  0.7729
 4922.860  1.0294  0.7494
 4922.880  1.0117  0.7460
 4922.900  0.9932  0.7658
 4922.920  0.9784  0.8055
 4922.940  0.9711  0.8563
 4922.960  0.9729  0.9065
 4922.980  0.9831  0.9450
 4923.000  0.9988  0.9652
 4923.020  1.0156  0.9667
 4923.040  1.0286  0.9552
 4923.060  1.0336  0.9397
 4923.080  1.0284  0.9289
 4923.100  1.0141  0.9280
 4923.120  0.9944  0.9372
 4923.140  0.9741  0.9525
 4923.160  0.9567  0.9680
 4923.180  0.9431  0.9781
 4923.200  0.9328  0.9803
 4923.220  0.9241  0.9749
 4923.240  0.9167  0.9652
 4923.260  0.9116  0.9550
 4923.280  0.9115  0.9478
 4923.300  0.9192  0.9458
 4923.320  0.9359  0.9493
 4923.340  0.9594  0.9575
 4923.360  0.9846  0.9690
 4923.380  1.0049  0.9818
 4923.400  1.0143  0.9938
 4923.420  1.0097  1.0029
 4923.440  0.9920  1.0072
 4923.460  0.9658  1.0056
 4923.480  0.9378  0.9982
 4923.500  0.9152  0.9866
 4923.520  0.9030  0.9734
 4923.540  0.9030  0.9618
 4923.560  0.9128  0.9544
 4923.580  0.9275  0.9526
 4923.600  0.9411  0.9561
 4923.620  0.9491  0.9634
 4923.640  0.9500  0.9722
 4923.660  0.9449  0.9804
 4923.680  0.9369  0.9861
 4923.700  0.9300  0.9882
 4923.720  0.9271  0.9860
 4923.740  0.9298  0.9793
 4923.760  0.9377  0.9688
 4923.780  0.9488  0.9559
 4923.800  0.9599  0.9430
 4923.820  0.9676  0.9333
 4923.840  0.9688  0.9293
 4923.860  0.9624  0.9327
 4923.880  0.9490  0.9428
 4923.900  0.9313  0.9570
 4923.920  0.9130  0.9717
 4923.940  0.8983  0.9834
 4923.960  0.8904  0.9905
 4923.980  0.8910  0.9934
 4924.000  0.9002  0.9944
 4924.020  0.9162  0.9959
 4924.040  0.9354  0.9993
 4924.060  0.9542  1.0041
 4924.080  0.9697  1.0082
 4924.100  0.9804  1.0093
 4924.120  0.9868  1.0063
 4924.140  0.9907  1.0009
 4924.160  0.9943  0.9962
 4924.180  0.9994  0.9959
 4924.200  1.0066  1.0016
 4924.220  1.0144  1.0116
 4924.240  1.0205  1.0209
 4924.260  1.0215  1.0236
 4924.280  1.0145  1.0154
 4924.300  0.9977  0.9962
 4924.320  0.9715  0.9708
 4924.340  0.9389  0.9473
 4924.360  0.9062  0.9336
 4924.380  0.8804  0.9342
 4924.400  0.8674  0.9483
 4924.420  0.8688  0.9699
 4924.440  0.8826  0.9909
 4924.460  0.9039  1.0046
 4924.480  0.9272  1.0083
 4924.500  0.9478  1.0041
 4924.520  0.9628  0.9973
 4924.540  0.9721  0.9927
 4924.560  0.9775  0.9926
 4924.580  0.9819  0.9950
 4924.600  0.9875  0.9955
 4924.620  0.9947  0.9900
 4924.640  1.0022  0.9778
 4924.660  1.0071  0.9620
 4924.680  1.0070  0.9490
 4924.700  1.0015  0.9446
 4924.720  0.9928  0.9512
 4924.740  0.9852  0.9660
 4924.760  0.9825  0.9818
 4924.780  0.9868  0.9907
 4924.800  0.9971  0.9877
 4924.820  1.0098  0.9738
 4924.840  1.0199  0.9553
 4924.860  1.0231  0.9411
 4924.880  1.0179  0.9378
 4924.900  1.0066  0.9469
 4924.920  0.9941  0.9633
 4924.940  0.9850  0.9779
 4924.960  0.9818  0.9824
 4924.980  0.9832  0.9735
 4925.000  0.9854  0.9541
 4925.020  0.9832  0.9325
 4925.040  0.9733  0.9172
 4925.060  0.9559  0.9123
 4925.080  0.9352  0.9147
 4925.100  0.9172  0.9144
 4925.120  0.9063  0.8999
 4925.140 -1.0000  0.8632
 4925.160 -1.0000  0.8057
 4925.180 -1.0000  0.7383
 4925.200 -1.0000  0.6788
 4925.220 -1.0000  0.6447
 4925.240 -1.0000  0.6470
 4925.260 -1.0000  0.6852
 4925.280 -1.0000  0.7479
 4925.300 -1.0000  0.8172
 4925.320 -1.0000  0.8752
 4925.340  0.8955  0.9103
 4925.360  0.9015  0.9207
 4925.380  0.9108  0.9128
 4925.400  0.9205  0.8981
 4925.420  0.9279  0.8877
 4925.440  0.9314  0.8884
 4925.460  0.9306  0.9011
 4925.480  0.9264  0.9221
 4925.500  0.9201  0.9455
 4925.520  0.9135  0.9665
 4925.540  0.9082  0.9822
 4925.560  0.9054  0.9921
 4925.580  0.9060  0.9969
 4925.600  0.9096  0.9975
 4925.620  0.9144  0.9945
 4925.640  0.9174  0.9883
 4925.660  0.9150  0.9803
 4925.680  0.9047  0.9729
 4925.700  0.8864  0.9690
 4925.720  0.8634  0.9708
 4925.740  0.8417  0.9785
 4925.760  0.8278  0.9898
 4925.780  0.8265  1.0006
 4925.800  0.8392  1.0063
 4925.820  0.8633  1.0043
 4925.840  0.8934  0.9952
 4925.860  0.9228  0.9822
 4925.880  0.9457  0.9705
 4925.900  0.9591  0.9645
 4925.920  0.9639  0.9662
 4925.940  0.9641  0.9744
 4925.960  0.9644  0.9858
 4925.980  0.9682  0.9961
 4926.000  0.9758  1.0026
 4926.020  0.9848  1.0046
 4926.040  0.9913  1.0034
 4926.060  0.9916  1.0015
 4926.080  0.9839  1.0008
 4926.100  0.9691  1.0016
 4926.120  0.9505  1.0032
 4926.140  0.9323  1.0041
 4926.160  0.9181  1.0037
 4926.180  0.9103  1.0022
 4926.200  0.9098  1.0010
 4926.220  0.9158  1.0016
 4926.240  0.9270  1.0043
 4926.260  0.9416  1.0078
 4926.280  0.9576  1.0097
 4926.300  0.9731  1.0072
 4926.320  0.9862  0.9992
 4926.340  0.9951  0.9864
 4926.360  0.9986  0.9719
 4926.380  0.9968  0.9599
 4926.400  0.9913  0.9541
 4926.420  0.9848  0.9560
 4926.440  0.9801  0.9649
 4926.460  0.9789  0.9778
 4926.480  0.9805  0.9909
 4926.500  0.9828  1.0012
 4926.520  0.9826  1.0070
 4926.540  0.9772  1.0089
 4926.560  0.9657  1.0082
 4926.580  0.9491  1.0068
 4926.600  0.9305  1.0059
 4926.620  0.9135  1.0058
 4926.640  0.9014  1.0062
 4926.660  0.8957  1.0065
 4926.680  0.8963  1.0065
 4926.700  0.9019  1.0063
 4926.720  0.9108  1.0063
 4926.740  0.9215  1.0066
 4926.760  0.9328  1.0068
 4926.780  0.9440  1.0060
 4926.800  0.9540  1.0032
 4926.820  0.9612  0.9978
 4926.840  0.9638  0.9899
 4926.860  0.9603  0.9806
 4926.880  0.9507  0.9719
 4926.900  0.9368  0.9657
 4926.920  0.9219  0.9636
 4926.940  0.9103  0.9662
 4926.960  0.9051  0.9726
 4926.980  0.9075  0.9809
 4927.000  0.9165  0.9879
 4927.020  0.9292  0.9905
 4927.040  0.9424  0.9863
 4927.060  0.9535  0.9744
 4927.080  0.9614  0.9563
 4927.100  0.9665  0.9353
 4927.120  0.9702  0.9159
 4927.140  0.9737  0.9025
 4927.160  0.9781  0.8975
 4927.180  0.9832  0.9006
 4927.200  0.9882  0.9085
 4927.220  0.9923  0.9164
 4927.240  0.9945  0.9196
 4927.260  0.9945  0.9162
 4927.280  0.9919  0.9074
 4927.300  0.9865  0.8974
 4927.320  0.9783  0.8911
 4927.340  0.9685  0.8911
 4927.360  0.9588  0.8958
 4927.380  0.9517  0.8985
 4927.400  0.9481  0.8900
 4927.420 -1.0000  0.8615
 4927.440 -1.0000  0.8097
 4927.460 -1.0000  0.7389
 4927.480 -1.0000  0.6615
 4927.500 -1.0000  0.5947
 4927.520 -1.0000  0.5552
 4927.540 -1.0000  0.5536
 4927.560 -1.0000  0.5912
 4927.580 -1.0000  0.6593
 4927.600 -1.0000  0.7425
 4927.620 -1.0000  0.8238
 4927.640 -1.0000  0.8896
 4927.660  0.9645  0.9336
 4927.680  0.9838  0.9569
 4927.700  1.0058  0.9659
 4927.720  1.0205  0.9686
 4927.740  1.0234  0.9711
 4927.760  1.0160  0.9758
 4927.780  1.0027  0.9816
 4927.800  0.9886  0.9855
 4927.820  0.9779  0.9855
 4927.840  0.9722  0.9814
 4927.860  0.9711  0.9756
 4927.880  0.9727  0.9714
 4927.900  0.9755  0.9715
 4927.920  0.9787  0.9766
 4927.940  0.9823  0.9850
 4927.960  0.9869  0.9935
 4927.980  0.9922  0.9988
 4928.000  0.9973  0.9990
 4928.020  1.0005  0.9941
 4928.040  1.0000  0.9863
 4928.060  0.9957  0.9783
 4928.080  0.9885  0.9727
 4928.100  0.9811  0.9710
 4928.120  0.9757  0.9735
 4928.140  0.9736  0.9790
 4928.160  0.9737  0.9860
 4928.180  0.9736  0.9931
 4928.200  0.9704  0.9989
 4928.220  0.9628  1.0026
 4928.240  0.9516  1.0037
 4928.260  0.9403  1.0020
 4928.280  0.9334  0.9982
 4928.300  0.9346  0.9931
 4928.320  0.9451  0.9883
 4928.340  0.9624  0.9851
 4928.360  0.9810  0.9848
 4928.380  0.9942  0.9873
 4928.400  0.9969  0.9922
 4928.420  0.9873  0.9977
 4928.440  0.9671  1.0023
 4928.460  0.9416  1.0050
 4928.480  0.9167  1.0054
 4928.500  0.8979  1.0042
 4928.520  0.8885  1.0023
 4928.540  0.8891  1.0004
 4928.560  0.8977  0.9987
 4928.580  0.9111  0.9970
 4928.600  0.9257  0.9946
 4928.620  0.9383  0.9912
 4928.640  0.9470  0.9870
 4928.660  0.9509  0.9829
 4928.680  0.9499  0.9798
 4928.700  0.9451  0.9783
 4928.720  0.9380  0.9785
 4928.740  0.9304  0.9794
 4928.760  0.9238  0.9801
 4928.780  0.9187  0.9799
 4928.800  0.9146  0.9786
 4928.820  0.9105  0.9768
 4928.840  0.9053  0.9752
 4928.860  0.8987  0.9743
 4928.880  0.8922  0.9738
 4928.900  0.8886  0.9726
 4928.920  0.8910  0.9694
 4928.940  0.9011  0.9633
 4928.960  0.9180  0.9544
 4928.980  0.9375  0.9436
 4929.000  0.9529  0.9326
 4929.020  0.9575  0.9225
 4929.040  0.9476  0.9132
 4929.060  0.9248  0.9036
 4929.080  0.8957  0.8915
 4929.100  0.8707  0.8755
 4929.120  0.8601  0.8554
 4929.140  0.8701  0.8337
 4929.160  0.8998  0.8147
 4929.180  0.9405  0.8037
 4929.200  0.9786  0.8049
 4929.220  1.0015  0.8198
 4929.240  1.0036  0.8466
 4929.260  0.9881  0.8802
 4929.280  0.9644  0.9143
 4929.300  0.9428  0.9426
 4929.320  0.9305  0.9612
 4929.340  0.9289  0.9695
 4929.360  0.9342  0.9698
 4929.380  0.9393  0.9662
 4929.400  0.9373  0.9628
 4929.420  0.9247  0.9620
 4929.440  0.9034  0.9635
 4929.460  0.8798  0.9643
 4929.480  0.8616  0.9604
 4929.500  0.8551  0.9481
 4929.520  0.8621  0.9264
 4929.540  0.8803  0.8981
 4929.560  0.9036  0.8694
 4929.580  0.9251  0.8486
 4929.600  0.9405  0.8429
 4929.620  0.9502  0.8554
 4929.640  0.9588  0.8833
 4929.660  0.9723  0.9166
 4929.680  0.9925  0.9409
 4929.700  1.0117  0.9410
 4929.720 -1.0000  0.9060
 4929.740 -1.0000  0.8338
 4929.760 -1.0000  0.7331
 4929.780 -1.0000  0.6223
 4929.800 -1.0000  0.5248
 4929.820 -1.0000  0.4622
 4929.840 -1.0000  0.4487
 4929.860 -1.0000  0.4860
 4929.880 -1.0000  0.5639
 4929.900 -1.0000  0.6634
 4929.920 -1.0000  0.7631
 4929.940 -1.0000  0.8451
 4929.960 -1.0000  0.9005
 4929.980  0.9720  0.9297
 4930.000  0.9607  0.9405
 4930.020  0.9461  0.9437
 4930.040  0.9321  0.9479
 4930.060  0.9218  0.9571
 4930.080  0.9166  0.9700
 4930.100  0.9171  0.9819
 4930.120  0.9224  0.9883
 4930.140  0.9309  0.9876
 4930.160  0.9398  0.9815
 4930.180  0.9460  0.9745
 4930.200  0.9467  0.9711
 4930.220  0.9402  0.9735
 4930.240  0.9269  0.9808
 4930.260  0.9094  0.9895
 4930.280  0.8917  0.9954
 4930.300  0.8780  0.9960
 4930.320  0.8716  0.9919
 4930.340  0.8737  0.9859
 4930.360  0.8833  0.9815
 4930.380  0.8978  0.9800
 4930.400  0.9139  0.9798
 4930.420  0.9290  0.9761
 4930.440  0.9425  0.9634
 4930.460  0.9549  0.9383
 4930.480  0.9671  0.9021
 4930.500  0.9785  0.8612
 4930.520  0.9866  0.8253
 4930.540  0.9872  0.8040
 4930.560  0.9771  0.8031
 4930.580  0.9561  0.8225
 4930.600  0.9285  0.8559
 4930.620  0.9012  0.8939
 4930.640  0.8812  0.9272
 4930.660  0.8734  0.9503
 4930.680  0.8797  0.9626
 4930.700  0.8982  0.9677
 4930.720  0.9243  0.9706
 4930.740  0.9515  0.9751
 4930.760  0.9744  0.9811
 4930.780  0.9899  0.9857
 4930.800  0.9985  0.9845
 4930.820  1.0024  0.9750
 4930.840  1.0040  0.9582
 4930.860  1.0043  0.9390
 4930.880  1.0023  0.9241
 4930.900  0.9954  0.9194
 4930.920  0.9821  0.9267
 4930.940  0.9628  0.9431
 4930.960  0.9413  0.9622
 4930.980  0.9231  0.9766
 4931.000  0.9141  0.9819
 4931.020  0.9185  0.9781
 4931.040  0.9373  0.9699
 4931.060  0.9673  0.9637
 4931.080  1.0017  0.9646
 4931.100  1.0323  0.9733
 4931.120  1.0526  0.9854
 4931.140  1.0598  0.9930
 4931.160  1.0551  0.9883
 4931.180  1.0418  0.9677
 4931.200  1.0246  0.9338
 4931.220  1.0081  0.8951
 4931.240  0.9961  0.8628
 4931.260  0.9908  0.8469
 4931.280  0.9922  0.8522
 4931.300  0.9982  0.8764
 4931.320  1.0061  0.9115
 4931.340  1.0129  0.9467
 4931.360  1.0168  0.9723
 4931.380  1.0164  0.9836
 4931.400  1.0114  0.9813
 4931.420  1.0020  0.9708
 4931.440  0.9896  0.9592
 4931.460  0.9763  0.9522
 4931.480  0.9648  0.9523
 4931.500  0.9569  0.9575
 4931.520  0.9536  0.9632
 4931.540  0.9543  0.9635
 4931.560  0.9577  0.9542
 4931.580  0.9619  0.9339
 4931.600  0.9653  0.9048
 4931.620  0.9667  0.8720
 4931.640  0.9651  0.8423
 4931.660  0.9606  0.8224
 4931.680  0.9534  0.8177
 4931.700  0.9446  0.8299
 4931.720  0.9357  0.8571
 4931.740  0.9281  0.8933
 4931.760  0.9231  0.9298
 4931.780  0.9213  0.9580
 4931.800  0.9228  0.9711
 4931.820  0.9266  0.9677
 4931.840  0.9311  0.9517
 4931.860  0.9344  0.9312
 4931.880  0.9349  0.9154
 4931.900  0.9320  0.9101
 4931.920  0.9264  0.9148
 4931.940  0.9202  0.9212
 4931.960  0.9158  0.9159
 4931.980 -1.0000  0.8854
 4932.000 -1.0000  0.8217
 4932.020 -1.0000  0.7273
 4932.040 -1.0000  0.6159
 4932.060 -1.0000  0.5092
 4932.080 -1.0000  0.4307
 4932.100 -1.0000  0.3981
 4932.120 -1.0000  0.4174
 4932.140 -1.0000  0.4819
 4932.160 -1.0000  0.5744
 4932.180 -1.0000  0.6735
 4932.200 -1.0000  0.7608
 4932.220 -1.0000  0.8255
 4932.240 -1.0000  0.8662
 4932.260  0.9679  0.8888
 4932.280  0.9497  0.9025
 4932.300  0.9240  0.9149
 4932.320  0.9006  0.9294
 4932.340  0.8879  0.9452
 4932.360  0.8885  0.9592
 4932.380  0.8996  0.9686
 4932.400  0.9148  0.9729
 4932.420  0.9271  0.9740
 4932.440  0.9316  0.9748
 4932.460  0.9271  0.9778
 4932.480  0.9158  0.9827
 4932.500  0.9017  0.9872
 4932.520  0.8884  0.9878
 4932.540  0.8779  0.9822
 4932.560  0.8708  0.9707
 4932.580  0.8669  0.9561
 4932.600  0.8669  0.9430
 4932.620  0.8725  0.9356
 4932.640  0.8859  0.9359
 4932.660  0.9080  0.9431
 4932.680  0.9373  0.9539
 4932.700  0.9697  0.9646
 4932.720  0.9992  0.9722
 4932.740  1.0202  0.9758
 4932.760  1.0290  0.9766
 4932.780  1.0255  0.9766
 4932.800  1.0131  0.9774
 4932.820  0.9973  0.9799
 4932.840  0.9833  0.9836
 4932.860  0.9739  0.9874
 4932.880  0.9694  0.9905
 4932.900  0.9677  0.9926
 4932.920  0.9667  0.9940
 4932.940  0.9657  0.9945
 4932.960  0.9656  0.9939
 4932.980  0.9684  0.9912
 4933.000  0.9751  0.9857
 4933.020  0.9845  0.9776
 4933.040  0.9924  0.9689
 4933.060  0.9935  0.9623
 4933.080  0.9840  0.9608
 4933.100  0.9639  0.9650
 4933.120  0.9383  0.9731
 4933.140  0.9153  0.9800
 4933.160  0.9029  0.9793
 4933.180  0.9059  0.9662
 4933.200  0.9238  0.9394
 4933.220  0.9510  0.9026
 4933.240  0.9776  0.8639
 4933.260  0.9935  0.8332
 4933.280  0.9932  0.8188
 4933.300  0.9784  0.8247
 4933.320  0.9571  0.8493
 4933.340  0.9386  0.8860
 4933.360  0.9278  0.9260
 4933.380  0.9235  0.9608
 4933.400  0.9197  0.9849
 4933.420  0.9095  0.9966
 4933.440  0.8892  0.9977
 4933.460  0.8603  0.9920
 4933.480  0.8303  0.9839
 4933.500  0.8096  0.9768
 4933.520  0.8071  0.9732
 4933.540  0.8259  0.9737
 4933.560  0.8609  0.9775
 4933.580  0.9009  0.9823
 4933.600  0.9334  0.9843
 4933.620  0.9496  0.9790
 4933.640  0.9473  0.9624
 4933.660  0.9311  0.9330
 4933.680  0.9107  0.8928
 4933.700  0.8968  0.8485
 4933.720  0.8970  0.8097
 4933.740  0.9119  0.7862
 4933.760  0.9345  0.7850
 4933.780  0.9543  0.8070
 4933.800  0.9638  0.8464
 4933.820  0.9618  0.8925
 4933.840  0.9531  0.9333
 4933.860  0.9444  0.9597
 4933.880  0.9415  0.9689
 4933.900  0.9464  0.9644
 4933.920  0.9573  0.9543
 4933.940  0.9695  0.9470
 4933.960  0.9779  0.9478
 4933.980  0.9799  0.9565
 4934.000  0.9760  0.9683
 4934.020  0.9697  0.9765
 4934.040  0.9647  0.9759
 4934.060  0.9633  0.9657
 4934.080  0.9652  0.9497
 4934.100  0.9683  0.9340
 4934.120  0.9697  0.9235
 4934.140  0.9677  0.9187
 4934.160  0.9633  0.9146
 4934.180  0.9591  0.9018
 4934.200 -1.0000  0.8704
 4934.220 -1.0000  0.8139
 4934.240 -1.0000  0.7330
 4934.260 -1.0000  0.6357
 4934.280 -1.0000  0.5360
 4934.300 -1.0000  0.4498
 4934.320 -1.0000  0.3910
 4934.340 -1.0000  0.3678
 4934.360 -1.0000  0.3819
 4934.380 -1.0000  0.4285
 4934.400 -1.0000  0.4984
 4934.420 -1.0000  0.5808
 4934.440 -1.0000  0.6652
 4934.460 -1.0000  0.7430
 4934.480 -1.0000  0.8084
 4934.500 -1.0000  0.8584
 4934.520  0.9772  0.8930
 4934.540  0.9683  0.9141
 4934.560  0.9609  0.9254
 4934.580  0.9608  0.9309
 4934.600  0.9676  0.9339
 4934.620  0.9751  0.9369
 4934.640  0.9757  0.9406
 4934.660  0.9645  0.9446
 4934.680  0.9418  0.9484
 4934.700  0.9142  0.9519
 4934.720  0.8911  0.9555
 4934.740  0.8814  0.9602
 4934.760  0.8892  0.9666
 4934.780  0.9123  0.9745
 4934.800  0.9426  0.9823
 4934.820  0.9698  0.9882
 4934.840  0.9851  0.9904
 4934.860  0.9840  0.9887
 4934.880  0.9675  0.9843
 4934.900  0.9417  0.9795
 4934.920  0.9148  0.9765
 4934.940  0.8942  0.9762
 4934.960  0.8841  0.9776
 4934.980  0.8841  0.9785
 4935.000  0.8903  0.9769
 4935.020  0.8975  0.9724
 4935.040  0.9012  0.9667
 4935.060  0.8993  0.9634
 4935.080  0.8926  0.9654
 4935.100  0.8844  0.9730
 4935.120  0.8786  0.9829
 4935.140  0.8780  0.9880
 4935.160  0.8836  0.9806
 4935.180  0.8945  0.9556
 4935.200  0.9077  0.9133
 4935.220  0.9187  0.8611
 4935.240  0.9226  0.8112
 4935.260  0.9156  0.7767
 4935.280  0.8972  0.7673
 4935.300  0.8717  0.7853
 4935.320  0.8462  0.8251
 4935.340  0.8274  0.8750
 4935.360  0.8193  0.9222
 4935.380  0.8228  0.9566
 4935.400  0.8362  0.9742
 4935.420  0.8561  0.9774
 4935.440  0.8776  0.9722
 4935.460  0.8958  0.9655
 4935.480  0.9067  0.9616
 4935.500  0.9086  0.9613
 4935.520  0.9030  0.9626
 4935.540  0.8932  0.9632
 4935.560  0.8834  0.9620
 4935.580  0.8770  0.9604
 4935.600  0.8757  0.9606
 4935.620  0.8797  0.9639
 4935.640  0.8878  0.9686
 4935.660  0.8986  0.9695
 4935.680  0.9114  0.9597
 4935.700  0.9265  0.9341
 4935.720  0.9446  0.8921
 4935.740  0.9661  0.8396
 4935.760  0.9888  0.7884
 4935.780  1.0082  0.7521
 4935.800  1.0181  0.7416
 4935.820  1.0144  0.7610
 4935.840  0.9973  0.8055
 4935.860  0.9715  0.8631
 4935.880  0.9433  0.9190
 4935.900  0.9185  0.9598
 4935.920  0.9015  0.9788
 4935.940  0.8952  0.9767
 4935.960  0.9009  0.9607
 4935.980  0.9182  0.9410
 4936.000  0.9441  0.9266
 4936.020  0.9736  0.9222
 4936.040  1.0009  0.9276
 4936.060  1.0209  0.9383
 4936.080  1.0309  0.9489
 4936.100  1.0301  0.9554
 4936.120  1.0201  0.9567
 4936.140  1.0039  0.9547
 4936.160  0.9858  0.9524
 4936.180  0.9702  0.9522
 4936.200  0.9609  0.9543
 4936.220  0.9598  0.9565
 4936.240  0.9666  0.9553
 4936.260  0.9792  0.9480
 4936.280  0.9944  0.9343
 4936.300  1.0089  0.9165
 4936.320  1.0206  0.8987
 4936.340  1.0287  0.8840
 4936.360  1.0339  0.8727
 4936.380  1.0363  0.8598
 4936.400 -1.0000  0.8364
 4936.420 -1.0000  0.7917
 4936.440 -1.0000  0.7176
 4936.460 -1.0000  0.6129
 4936.480 -1.0000  0.4856
 4936.500 -1.0000  0.3530
 4936.520 -1.0000  0.2379
 4936.540 -1.0000  0.1625
 4936.560 -1.0000  0.1421
 4936.580 -1.0000  0.1810
 4936.600 -1.0000  0.2704
 4936.620 -1.0000  0.3915
 4936.640 -1.0000  0.5212
 4936.660 -1.0000  0.6386
 4936.680 -1.0000  0.7302
 4936.700 -1.0000  0.7926
 4936.720 -1.0000  0.8305
 4936.740  0.8601  0.8537
 4936.760  0.8589  0.8716
 4936.780  0.8671  0.8900
 4936.800  0.8852  0.9098
 4936.820  0.9062  0.9281
 4936.840  0.9220  0.9410
 4936.860  0.9281  0.9467
 4936.880  0.9241  0.9458
 4936.900  0.9133  0.9418
 4936.920  0.9006  0.9384
 4936.940  0.8906  0.9380
 4936.960  0.8855  0.9408
 4936.980  0.8849  0.9446
 4937.000  0.8865  0.9474
 4937.020  0.8880  0.9483
 4937.040  0.8883  0.9481
 4937.060  0.8886  0.9489
 4937.080  0.8911  0.9515
 4937.100  0.8980  0.9539
 4937.120  0.9100  0.9510
 4937.140  0.9254  0.9363
 4937.160  0.9405  0.9054
 4937.180  0.9507  0.8588
 4937.200  0.9515  0.8040
 4937.220  0.9406  0.7539
 4937.240  0.9205  0.7227
 4937.260  0.8982  0.7205
 4937.280  0.8823  0.7492
 4937.300  0.8781  0.8013
 4937.320  0.8853  0.8619
 4937.340  0.8999  0.9151
 4937.360  0.9165  0.9493
 4937.380  0.9305  0.9612
 4937.400  0.9395  0.9567
 4937.420  0.9431  0.9466
 4937.440  0.9432  0.9418
 4937.460  0.9429  0.9481
 4937.480  0.9451  0.9640
 4937.500  0.9512  0.9821
 4937.520  0.9602  0.9936
 4937.540  0.9697  0.9930
 4937.560  0.9765  0.9808
 4937.580  0.9783  0.9634
 4937.600  0.9742  0.9493
 4937.620  0.9656  0.9444
 4937.640  0.9553  0.9481
 4937.660  0.9459  0.9531
 4937.680  0.9385  0.9484
 4937.700  0.9331  0.9244
 4937.720  0.9299  0.8781
 4937.740 -1.0000  0.8158
 4937.760 -1.0000  0.7515
 4937.780 -1.0000  0.7021
 4937.800 -1.0000  0.6815
 4937.820 -1.0000  0.6951
 4937.840 -1.0000  0.7384
 4937.860 -1.0000  0.7991
 4937.880 -1.0000  0.8616
 4937.900  0.9786  0.9128
 4937.920  0.9784  0.9459
 4937.940  0.9703  0.9614
 4937.960  0.9528  0.9648
 4937.980  0.9310  0.9639
 4938.000  0.9127  0.9642
 4938.020  0.9044  0.9681
 4938.040  0.9082  0.9740
 4938.060  0.9207  0.9789
 4938.080  0.9343  0.9797
 4938.100  0.9407  0.9755
 4938.120  0.9340  0.9674
 4938.140  0.9135  0.9580
 4938.160  0.8842  0.9497
 4938.180  0.8552  0.9441
 4938.200  0.8361  0.9414
 4938.220  0.8328  0.9408
 4938.240  0.8452  0.9411
 4938.260  0.8676  0.9420
 4938.280  0.8912  0.9431
 4938.300  0.9079  0.9447
 4938.320  0.9134  0.9466
 4938.340  0.9083  0.9481
 4938.360  0.8974  0.9484
 4938.380  0.8867  0.9462
 4938.400  0.8806  0.9412
 4938.420  0.8804  0.9334
 4938.440  0.8838  0.9234
 4938.460  0.8869  0.9121
 4938.480  0.8863  0.8997
 4938.500  0.8809  0.8857
 4938.520  0.8732  0.8685
 4938.540  0.8671  0.8457
 4938.560 -1.0000  0.8141
 4938.580 -1.0000  0.7699
 4938.600 -1.0000  0.7097
 4938.620 -1.0000  0.6311
 4938.640 -1.0000  0.5344
 4938.660 -1.0000  0.4237
 4938.680 -1.0000  0.3080
 4938.700 -1.0000  0.2007
 4938.720 -1.0000  0.1177
 4938.740 -1.0000  0.0739
 4938.760 -1.0000  0.0793
 4938.780 -1.0000  0.1353
 4938.800 -1.0000  0.2336
 4938.820 -1.0000  0.3579
 4938.840 -1.0000  0.4877
 4938.860 -1.0000  0.6039
 4938.880 -1.0000  0.6937
 4938.900 -1.0000  0.7535
 4938.920 -1.0000  0.7880
 4938.940 -1.0000  0.8078
 4938.960  0.9642  0.8238
 4938.980  0.9553  0.8435
 4939.000  0.9412  0.8679
 4939.020  0.9245  0.8921
 4939.040  0.9072  0.9074
 4939.060  0.8918  0.9055
 4939.080  0.8825  0.8821
 4939.100 -1.0000  0.8386
 4939.120 -1.0000  0.7825
 4939.140 -1.0000  0.7253
 4939.160 -1.0000  0.6794
 4939.180 -1.0000  0.6548
 4939.200 -1.0000  0.6568
 4939.220 -1.0000  0.6848
 4939.240 -1.0000  0.7326
 4939.260 -1.0000  0.7904
 4939.280 -1.0000  0.8471
 4939.300  1.0374  0.8934
 4939.320  1.0271  0.9236
 4939.340  1.0056  0.9372
 4939.360  0.9760  0.9384
 4939.380  0.9441  0.9343
 4939.400  0.9174  0.9322
 4939.420  0.9027  0.9369
 4939.440  0.9033  0.9488
 4939.460  0.9182  0.9642
 4939.480  0.9427  0.9772
 4939.500  0.9698  0.9823
 4939.520  0.9928  0.9777
 4939.540  1.0061  0.9660
 4939.560  1.0067  0.9532
 4939.580  0.9948  0.9462
 4939.600  0.9739  0.9485
 4939.620  0.9501  0.9586
 4939.640  0.9297  0.9686
 4939.660  0.9184  0.9679
 4939.680  0.9178  0.9467
 4939.700  0.9231  0.9013
 4939.720 -1.0000  0.8362
 4939.740 -1.0000  0.7637
 4939.760 -1.0000  0.7005
 4939.780 -1.0000  0.6620
 4939.800 -1.0000  0.6575
 4939.820 -1.0000  0.6870
 4939.840 -1.0000  0.7417
 4939.860 -1.0000  0.8076
 4939.880 -1.0000  0.8701
 4939.900  0.9384  0.9184
 4939.920  0.9300  0.9480
 4939.940  0.9251  0.9605
 4939.960  0.9284  0.9614
 4939.980  0.9375  0.9572
 4940.000  0.9468  0.9528
 4940.020  0.9502  0.9505
 4940.040  0.9439  0.9506
 4940.060  0.9269  0.9522
 4940.080  0.9021  0.9544
 4940.100  0.8752  0.9573
 4940.120  0.8534  0.9609
 4940.140  0.8432  0.9653
 4940.160  0.8481  0.9696
 4940.180  0.8676  0.9725
 4940.200  0.8968  0.9727
 4940.220  0.9282  0.9697
 4940.240  0.9533  0.9641
 4940.260  0.9656  0.9575
 4940.280  0.9628  0.9517
 4940.300  0.9476  0.9478
 4940.320  0.9267  0.9460
 4940.340  0.9084  0.9454
 4940.360  0.8990  0.9450
 4940.380  0.9007  0.9440
 4940.400  0.9108  0.9427
 4940.420  0.9231  0.9419
 4940.440  0.9309  0.9421
 4940.460  0.9299  0.9433
 4940.480  0.9200  0.9440
 4940.500  0.9054  0.9421
 4940.520  0.8920  0.9359
 4940.540  0.8852  0.9248
 4940.560  0.8870  0.9100
 4940.580  0.8952  0.8942
 4940.600  0.9048  0.8802
 4940.620  0.9101  0.8691
 4940.640  0.9090  0.8592
 4940.660  0.9049  0.8455
 4940.680 -1.0000  0.8211
 4940.700 -1.0000  0.7788
 4940.720 -1.0000  0.7132
 4940.740 -1.0000  0.6234
 4940.760 -1.0000  0.5132
 4940.780 -1.0000  0.3912
 4940.800 -1.0000  0.2696
 4940.820 -1.0000  0.1624
 4940.840 -1.0000  0.0825
 4940.860 -1.0000  0.0398
 4940.880 -1.0000  0.0388
 4940.900 -1.0000  0.0778
 4940.920 -1.0000  0.1484
 4940.940 -1.0000  0.2369
 4940.960 -1.0000  0.3272
 4940.980 -1.0000  0.4046
 4941.000 -1.0000  0.4590
 4941.020 -1.0000  0.4876
 4941.040 -1.0000  0.4954
 4941.060 -1.0000  0.4932
 4941.080 -1.0000  0.4938
 4941.100 -1.0000  0.5083
 4941.120 -1.0000  0.5421
 4941.140 -1.0000  0.5943
 4941.160 -1.0000  0.6583
 4941.180 -1.0000  0.7249
 4941.200 -1.0000  0.7850
 4941.220 -1.0000  0.8329
 4941.240  0.9302  0.8667
 4941.260  0.9407  0.8881
 4941.280  0.9513  0.9007
 4941.300  0.9560  0.9084
 4941.320  0.9527  0.9142
 4941.340  0.9425  0.9198
 4941.360  0.9287  0.9259
 4941.380  0.9150  0.9328
 4941.400  0.9046  0.9400
 4941.420  0.8986  0.9468
 4941.440  0.8961  0.9519
 4941.460  0.8951  0.9538
 4941.480  0.8931  0.9515
 4941.500  0.8891  0.9456
 4941.520  0.8831  0.9384
 4941.540  0.8767  0.9328
 4941.560  0.8718  0.9313
 4941.580  0.8695  0.9336
 4941.600  0.8694  0.9354
 4941.620  0.8700  0.9290
 4941.640  0.8701  0.9061
 4941.660 -1.0000  0.8615
 4941.680 -1.0000  0.7966
 4941.700 -1.0000  0.7208
 4941.720 -1.0000  0.6501
 4941.740 -1.0000  0.6020
 4941.760 -1.0000  0.5899
 4941.780 -1.0000  0.6180
 4941.800 -1.0000  0.6795
 4941.820 -1.0000  0.7590
 4941.840 -1.0000  0.8374
 4941.860 -1.0000  0.8989
 4941.880  0.8367  0.9355
 4941.900  0.8278  0.9486
 4941.920  0.8175  0.9470
 4941.940  0.8109  0.9418
 4941.960  0.8113  0.9413
 4941.980  0.8184  0.9485
 4942.000  0.8295  0.9605
 4942.020  0.8404  0.9716
 4942.040  0.8476  0.9768
 4942.060  0.8499  0.9747
 4942.080  0.8488  0.9679
 4942.100  0.8486  0.9613
 4942.120  0.8536  0.9592
 4942.140  0.8668  0.9629
 4942.160  0.8873  0.9703
 4942.180  0.9107  0.9768
 4942.200  0.9298  0.9783
 4942.220  0.9376  0.9735
 4942.240  0.9300  0.9643
 4942.260  0.9074  0.9547
 4942.280  0.8758  0.9482
 4942.300  0.8450  0.9458
 4942.320  0.8246  0.9448
 4942.340  0.8202  0.9401
 4942.360  0.8319  0.9273
 4942.380  0.8542  0.9051
 4942.400  0.8784  0.8769
 4942.420  0.8962  0.8498
 4942.440  0.9033  0.8320
 4942.460  0.9019  0.8289
 4942.480  0.8997  0.8407
 4942.500  0.9057  0.8624
 4942.520  0.9257  0.8855
 4942.540  0.9592  0.9017
 4942.560  1.0004  0.9059
 4942.580  1.0398  0.8981
 4942.600  1.0682  0.8824
 4942.620  1.0794  0.8649
 4942.640  1.0730  0.8506
 4942.660  1.0546  0.8416
 4942.680  1.0327  0.8367
 4942.700  1.0145  0.8327
 4942.720  1.0030  0.8260
 4942.740  0.9975  0.8143
 4942.760 -1.0000  0.7967
 4942.780 -1.0000  0.7728
 4942.800 -1.0000  0.7413
 4942.820 -1.0000  0.6996
 4942.840 -1.0000  0.6444
 4942.860 -1.0000  0.5736
 4942.880 -1.0000  0.4879
 4942.900 -1.0000  0.3924
 4942.920 -1.0000  0.2958
 4942.940 -1.0000  0.2085
 4942.960 -1.0000  0.1392
 4942.980 -1.0000  0.0930
 4943.000 -1.0000  0.0702
 4943.020 -1.0000  0.0678
 4943.040 -1.0000  0.0817
 4943.060 -1.0000  0.1091
 4943.080 -1.0000  0.1503
 4943.100 -1.0000  0.2069
 4943.120 -1.0000  0.2806
 4943.140 -1.0000  0.3697
 4943.160 -1.0000  0.4682
 4943.180 -1.0000  0.5659
 4943.200 -1.0000  0.6517
 4943.220 -1.0000  0.7172
 4943.240 -1.0000  0.7595
 4943.260 -1.0000  0.7822
 4943.280  0.9673  0.7939
 4943.300  0.9564  0.8044
 4943.320  0.9410  0.8204
 4943.340  0.9246  0.8433
 4943.360  0.9098  0.8691
 4943.380  0.8984  0.8906
 4943.400  0.8910  0.9019
 4943.420  0.8871  0.9010
 4943.440  0.8859  0.8914
 4943.460  0.8872  0.8804
 4943.480  0.8915  0.8752
 4943.500  0.8997  0.8788
 4943.520  0.9126  0.8879
 4943.540  0.9281  0.8931
 4943.560  0.9407  0.8828
 4943.580 -1.0000  0.8483
 4943.600 -1.0000  0.7882
 4943.620 -1.0000  0.7109
 4943.640 -1.0000  0.6327
 4943.660 -1.0000  0.5728
 4943.680 -1.0000  0.5469
 4943.700 -1.0000  0.5623
 4943.720 -1.0000  0.6148
 4943.740 -1.0000  0.6912
 4943.760 -1.0000  0.7733
 4943.780 -1.0000  0.8444
 4943.800 -1.0000  0.8942
 4943.820  0.8909  0.9206
 4943.840  0.8893  0.9291
 4943.860  0.8869  0.9288
 4943.880  0.8843  0.9282
 4943.900  0.8828  0.9322
 4943.920  0.8837  0.9409
 4943.940  0.8876  0.9510
 4943.960  0.8954  0.9587
 4943.980  0.9080  0.9615
 4944.000  0.9259  0.9598
 4944.020  0.9482  0.9564
 4944.040  0.9722  0.9545
 4944.060  0.9930  0.9560
 4944.080  1.0056  0.9605
 4944.100  1.0059  0.9657
 4944.120  0.9932  0.9690
 4944.140  0.9701  0.9687
 4944.160  0.9419  0.9652
 4944.180  0.9156  0.9605
 4944.200  0.8969  0.9573
 4944.220  0.8889  0.9570
 4944.240  0.8909  0.9594
 4944.260  0.8990  0.9624
 4944.280  0.9086  0.9632
 4944.300  0.9157  0.9602
 4944.320  0.9189  0.9531
 4944.340  0.9188  0.9435
 4944.360  0.9176  0.9336
 4944.380  0.9175  0.9247
 4944.400  0.9194  0.9172
 4944.420  0.9225  0.9102
 4944.440  0.9250  0.9029
 4944.460  0.9253  0.8957
 4944.480  0.9229  0.8903
 4944.500  0.9187  0.8894
 4944.520  0.9149  0.8946
 4944.540  0.9135  0.9051
 4944.560  0.9155  0.9171
 4944.580  0.9200  0.9251
 4944.600  0.9253  0.9243
 4944.620  0.9288  0.9130
 4944.640  0.9286  0.8942
 4944.660  0.9235  0.8739
 4944.680  0.9137  0.8584
 4944.700  0.9011  0.8497
 4944.720  0.8905  0.8439
 4944.740 -1.0000  0.8313
 4944.760 -1.0000  0.8002
 4944.780 -1.0000  0.7433
 4944.800 -1.0000  0.6615
 4944.820 -1.0000  0.5664
 4944.840 -1.0000  0.4760
 4944.860 -1.0000  0.4091
 4944.880 -1.0000  0.3767
 4944.900 -1.0000  0.3775
 4944.920 -1.0000  0.3975
 4944.940 -1.0000  0.4159
 4944.960 -1.0000  0.4129
 4944.980 -1.0000  0.3779
 4945.000 -1.0000  0.3139
 4945.020 -1.0000  0.2348
 4945.040 -1.0000  0.1596
 4945.060 -1.0000  0.1044
 4945.080 -1.0000  0.0758
 4945.100 -1.0000  0.0706
 4945.120 -1.0000  0.0793
 4945.140 -1.0000  0.0927
 4945.160 -1.0000  0.1078
 4945.180 -1.0000  0.1294
 4945.200 -1.0000  0.1671
 4945.220 -1.0000  0.2294
 4945.240 -1.0000  0.3172
 4945.260 -1.0000  0.4214
 4945.280 -1.0000  0.5256
 4945.300 -1.0000  0.6123
 4945.320 -1.0000  0.6708
 4945.340 -1.0000  0.7013
 4945.360 -1.0000  0.7140
 4945.380 -1.0000  0.7239
 4945.400  0.9160  0.7420
 4945.420  0.9409  0.7697
 4945.440  0.9637  0.7970
 4945.460 -1.0000  0.8075
 4945.480 -1.0000  0.7867
 4945.500 -1.0000  0.7302
 4945.520 -1.0000  0.6476
 4945.540 -1.0000  0.5606
 4945.560 -1.0000  0.4952
 4945.580 -1.0000  0.4716
 4945.600 -1.0000  0.4972
 4945.620 -1.0000  0.5644
 4945.640 -1.0000  0.6539
 4945.660 -1.0000  0.7432
 4945.680 -1.0000  0.8145
 4945.700 -1.0000  0.8600
 4945.720  0.9616  0.8822
 4945.740  0.9411  0.8904
 4945.760  0.9105  0.8942
 4945.780  0.8797  0.8999
 4945.800  0.8598  0.9083
 4945.820  0.8583  0.9165
 4945.840  0.8758  0.9213
 4945.860  0.9060  0.9219
 4945.880  0.9382  0.9204
 4945.900  0.9613  0.9208
 4945.920  0.9687  0.9258
 4945.940  0.9609  0.9352
 4945.960  0.9451  0.9456
 4945.980  0.9312  0.9522
 4946.000  0.9270  0.9518
 4946.020  0.9352  0.9444
 4946.040  0.9521  0.9336
 4946.060  0.9693  0.9247
 4946.080  0.9777  0.9221
 4946.100  0.9723  0.9265
 4946.120  0.9543  0.9349
 4946.140  0.9306  0.9421
 4946.160  0.9100  0.9434
 4946.180  0.8996  0.9368
 4946.200  0.9019  0.9239
 4946.220  0.9141  0.9088
 4946.240  0.9303  0.8959
 4946.260  0.9435  0.8881
 4946.280  0.9496  0.8856
 4946.300  0.9484  0.8869
 4946.320  0.9429  0.8903
 4946.340  0.9367  0.8950
 4946.360  0.9318  0.9016
 4946.380  0.9271  0.9104
 4946.400  0.9197  0.9205
 4946.420  0.9068  0.9290
 4946.440  0.8876  0.9318
 4946.460  0.8644  0.9258
 4946.480  0.8420  0.9111
 4946.500  0.8265  0.8920
 4946.520  0.8231  0.8751
 4946.540  0.8338  0.8656
 4946.560  0.8547  0.8637
 4946.580  0.8748  0.8624
 4946.600 -1.0000  0.8494
 4946.620 -1.0000  0.8125
 4946.640 -1.0000  0.7463
 4946.660 -1.0000  0.6565
 4946.680 -1.0000  0.5607
 4946.700 -1.0000  0.4830
 4946.720 -1.0000  0.4452
 4946.740 -1.0000  0.4579
 4946.760 -1.0000  0.5155
 4946.780 -1.0000  0.5983
 4946.800 -1.0000  0.6796
 4946.820 -1.0000  0.7362
 4946.840 -1.0000  0.7566
 4946.860 -1.0000  0.7444
 4946.880 -1.0000  0.7139
 4946.900 -1.0000  0.6819
 4946.920 -1.0000  0.6585
 4946.940 -1.0000  0.6423
 4946.960 -1.0000  0.6214
 4946.980 -1.0000  0.5803
 4947.000 -1.0000  0.5092
 4947.020 -1.0000  0.4102
 4947.040 -1.0000  0.2982
 4947.060 -1.0000  0.1953
 4947.080 -1.0000  0.1214
 4947.100 -1.0000  0.0860
 4947.120 -1.0000  0.0839
 4947.140 -1.0000  0.0992
 4947.160 -1.0000  0.1127
 4947.180 -1.0000  0.1117
 4947.200 -1.0000  0.0962
 4947.220 -1.0000  0.0784
 4947.240 -1.0000  0.0766
 4947.260 -1.0000  0.1056
 4947.280 -1.0000  0.1687
 4947.300 -1.0000  0.2548
 4947.320 -1.0000  0.3423
 4947.340 -1.0000  0.4081
 4947.360 -1.0000  0.4368
 4947.380 -1.0000  0.4272
 4947.400 -1.0000  0.3929
 4947.420 -1.0000  0.3564
 4947.440 -1.0000  0.3405
 4947.460 -1.0000  0.3594
 4947.480 -1.0000  0.4148
 4947.500 -1.0000  0.4966
 4947.520 -1.0000  0.5878
 4947.540 -1.0000  0.6714
 4947.560 -1.0000  0.7365
 4947.580 -1.0000  0.7800
 4947.600 -1.0000  0.8055
 4947.620  0.9503  0.8196
 4947.640  0.9392  0.8288
 4947.660  0.9293  0.8363
 4947.680  0.9290  0.8426
 4947.700  0.9382  0.8466
 4947.720  0.9478  0.8480
 4947.740  0.9449  0.8476
 4947.760  0.9216  0.8480
 4947.780  0.8805  0.8514
 4947.800  0.8360  0.8591
 4947.820  0.8083  0.8700
 4947.840  0.8135  0.8816
 4947.860  0.8555  0.8910
 4947.880  0.9232  0.8964
 4947.900  0.9941  0.8980
 4947.920  1.0429  0.8973
 4947.940  1.0512  0.8966
 4947.960  1.0157  0.8971
 4947.980  0.9490  0.8981
 4948.000  0.8740  0.8974
 4948.020  0.8135  0.8918
 4948.040  0.7817  0.8791
 4948.060  0.7791  0.8594
 4948.080  0.7944  0.8354
 4948.100  0.8104  0.8124
 4948.120  0.8125  0.7964
 4948.140  0.7967  0.7923
 4948.160  0.7710  0.8020
 4948.180  0.7501  0.8236
 4948.200  0.7464  0.8518
 4948.220  0.7628  0.8790
 4948.240  0.7924  0.8984
 4948.260  0.8221  0.9060
 4948.280  0.8390  0.9019
 4948.300  0.8357  0.8905
 4948.320  0.8130  0.8785
 4948.340  0.7804  0.8717
 4948.360  0.7516  0.8719
 4948.380  0.7361  0.8750
 4948.400  0.7335  0.8719
 4948.420 -1.0000  0.8511
 4948.440 -1.0000  0.8041
 4948.460 -1.0000  0.7297
 4948.480 -1.0000  0.6365
 4948.500 -1.0000  0.5420
 4948.520 -1.0000  0.4676
 4948.540 -1.0000  0.4321
 4948.560 -1.0000  0.4450
 4948.580 -1.0000  0.5029
 4948.600 -1.0000  0.5906
 4948.620 -1.0000  0.6857
 4948.640 -1.0000  0.7666
 4948.660 -1.0000  0.8191
 4948.680 -1.0000  0.8400
 4948.700  0.9047  0.8368
 4948.720  0.9225  0.8228
 4948.740  0.9421  0.8107
 4948.760  0.9546  0.8075
 4948.780  0.9554  0.8124
 4948.800  0.9455  0.8186
 4948.820  0.9304  0.8176
 4948.840  0.9181  0.8040
 4948.860 -1.0000  0.7780
 4948.880 -1.0000  0.7453
 4948.900 -1.0000  0.7133
 4948.920 -1.0000  0.6870
 4948.940 -1.0000  0.6657
 4948.960 -1.0000  0.6427
 4948.980 -1.0000  0.6082
 4949.000 -1.0000  0.5540
 4949.020 -1.0000  0.4776
 4949.040 -1.0000  0.3849
 4949.060 -1.0000  0.2878
 4949.080 -1.0000  0.2011
 4949.100 -1.0000  0.1367
 4949.120 -1.0000  0.1000
 4949.140 -1.0000  0.0880
 4949.160 -1.0000  0.0920
 4949.180 -1.0000  0.1010
 4949.200 -1.0000  0.1061
 4949.220 -1.0000  0.1040
 4949.240 -1.0000  0.0969
 4949.260 -1.0000  0.0914
 4949.280 -1.0000  0.0946
 4949.300 -1.0000  0.1119
 4949.320 -1.0000  0.1448
 4949.340 -1.0000  0.1915
 4949.360 -1.0000  0.2479
 4949.380 -1.0000  0.3094
 4949.400 -1.0000  0.3726
 4949.420 -1.0000  0.4352
 4949.440 -1.0000  0.4957
 4949.460 -1.0000  0.5527
 4949.480 -1.0000  0.6041
 4949.500 -1.0000  0.6478
 4949.520 -1.0000  0.6820
 4949.540 -1.0000  0.7068
 4949.560 -1.0000  0.7242
 4949.580 -1.0000  0.7378
 4949.600  0.9613  0.7516
 4949.620  0.9544  0.7684
 4949.640  0.9472  0.7886
 4949.660  0.9438  0.8103
 4949.680  0.9456  0.8299
 4949.700  0.9513  0.8436
 4949.720  0.9580  0.8494
 4949.740  0.9617  0.8478
 4949.760  0.9583  0.8416
 4949.780  0.9455  0.8353
 4949.800  0.9236  0.8326
 4949.820  0.8965  0.8357
 4949.840  0.8699  0.8440
 4949.860  0.8496  0.8554
 4949.880  0.8394  0.8667
 4949.900  0.8399  0.8757
 4949.920  0.8491  0.8818
 4949.940  0.8625  0.8859
 4949.960  0.8750  0.8900
 4949.980  0.8818  0.8953
 4950.000  0.8802  0.9014
 4950.020  0.8702  0.9064
 4950.040  0.8546  0.9079
 4950.060  0.8382  0.9042
 4950.080  0.8272  0.8956
 4950.100  0.8272  0.8851
 4950.120  0.8412  0.8765
 4950.140  0.8684  0.8723
 4950.160  0.9014  0.8720
 4950.180  0.9276  0.8703
 4950.200 -1.0000  0.8587
 4950.220 -1.0000  0.8284
 4950.240 -1.0000  0.7744
 4950.260 -1.0000  0.6987
 4950.280 -1.0000  0.6115
 4950.300 -1.0000  0.5294
 4950.320 -1.0000  0.4702
 4950.340 -1.0000  0.4473
 4950.360 -1.0000  0.4650
 4950.380 -1.0000  0.5167
 4950.400 -1.0000  0.5872
 4950.420 -1.0000  0.6579
 4950.440 -1.0000  0.7130
 4950.460 -1.0000  0.7443
 4950.480 -1.0000  0.7532
 4950.500  0.8779  0.7485
 4950.520  0.8711  0.7419
 4950.540  0.8608  0.7429
 4950.560  0.8493  0.7552
 4950.580  0.8406  0.7760
 4950.600  0.8381  0.7985
 4950.620  0.8432  0.8158
 4950.640  0.8545  0.8241
 4950.660  0.8679  0.8238
 4950.680  0.8772  0.8193
 4950.700  0.8763  0.8153
 4950.720  0.8625  0.8146
 4950.740  0.8380  0.8160
 4950.760  0.8100  0.8155
 4950.780  0.7873  0.8081
 4950.800  0.7746  0.7914
 4950.820 -1.0000  0.7666
 4950.840 -1.0000  0.7382
 4950.860 -1.0000  0.7117
 4950.880 -1.0000  0.6904
 4950.900 -1.0000  0.6727
 4950.920 -1.0000  0.6524
 4950.940 -1.0000  0.6206
 4950.960 -1.0000  0.5698
 4950.980 -1.0000  0.4976
 4951.000 -1.0000  0.4084
 4951.020 -1.0000  0.3128
 4951.040 -1.0000  0.2239
 4951.060 -1.0000  0.1532
 4951.080 -1.0000  0.1072
 4951.100 -1.0000  0.0855
 4951.120 -1.0000  0.0823
 4951.140 -1.0000  0.0894
 4951.160 -1.0000  0.0990
 4951.180 -1.0000  0.1061
 4951.200 -1.0000  0.1091
 4951.220 -1.0000  0.1084
 4951.240 -1.0000  0.1049
 4951.260 -1.0000  0.0995
 4951.280 -1.0000  0.0929
 4951.300 -1.0000  0.0867
 4951.320 -1.0000  0.0849
 4951.340 -1.0000  0.0937
 4951.360 -1.0000  0.1201
 4951.380 -1.0000  0.1689
 4951.400 -1.0000  0.2402
 4951.420 -1.0000  0.3277
 4951.440 -1.0000  0.4202
 4951.460 -1.0000  0.5046
 4951.480 -1.0000  0.5703
 4951.500 -1.0000  0.6132
 4951.520 -1.0000  0.6367
 4951.540 -1.0000  0.6500
 4951.560 -1.0000  0.6636
 4951.580 -1.0000  0.6855
 4951.600 -1.0000  0.7170
 4951.620 -1.0000  0.7534
 4951.640 -1.0000  0.7860
 4951.660  0.7497  0.8070
 4951.680  0.7647  0.8132
 4951.700  0.7927  0.8073
 4951.720  0.8305  0.7971
 4951.740  0.8705  0.7913
 4951.760  0.9050  0.7956
 4951.780  0.9290  0.8097
 4951.800  0.9423  0.8281
 4951.820  0.9473  0.8425
 4951.840  0.9463  0.8465
 4951.860  0.9396  0.8386
 4951.880  0.9254  0.8229
 4951.900  0.9031  0.8066
 4951.920  0.8765  0.7958
 4951.940  0.8558  0.7915
 4951.960 -1.0000  0.7883
 4951.980 -1.0000  0.7758
 4952.000 -1.0000  0.7441
 4952.020 -1.0000  0.6887
 4952.040 -1.0000  0.6145
 4952.060 -1.0000  0.5358
 4952.080 -1.0000  0.4716
 4952.100 -1.0000  0.4393
 4952.120 -1.0000  0.4483
 4952.140 -1.0000  0.4967
 4952.160 -1.0000  0.5719
 4952.180 -1.0000  0.6559
 4952.200 -1.0000  0.7312
 4952.220 -1.0000  0.7871
 4952.240 -1.0000  0.8211
 4952.260  0.9729  0.8378
 4952.280  0.9543  0.8451
 4952.300  0.9264  0.8493
 4952.320  0.9012  0.8529
 4952.340  0.8909  0.8546
 4952.360  0.9000  0.8516
 4952.380  0.9230  0.8431
 4952.400  0.9469  0.8316
 4952.420  0.9575  0.8221
 4952.440  0.9468  0.8202
 4952.460  0.9186  0.8281
 4952.480  0.8860  0.8432
 4952.500  0.8651  0.8590
 4952.520  0.8667  0.8676
 4952.540  0.8918  0.8638
 4952.560  0.9312  0.8480
 4952.580  0.9696  0.8257
 4952.600  0.9920  0.8050
 4952.620  0.9910  0.7926
 4952.640  0.9713  0.7901
 4952.660  0.9469  0.7930
 4952.680  0.9336  0.7936
 4952.700 -1.0000  0.7842
 4952.720 -1.0000  0.7615
 4952.740 -1.0000  0.7280
 4952.760 -1.0000  0.6898
 4952.780 -1.0000  0.6524
 4952.800 -1.0000  0.6169
 4952.820 -1.0000  0.5783
 4952.840 -1.0000  0.5282
 4952.860 -1.0000  0.4600
 4952.880 -1.0000  0.3756
 4952.900 -1.0000  0.2884
 4952.920 -1.0000  0.2217
 4952.940 -1.0000  0.2015
 4952.960 -1.0000  0.2466
 4952.980 -1.0000  0.3598
 4953.000 -1.0000  0.5249
 4922.000  0.0000        
 4922.020  0.0000        
 4922.040  0.0305        
 4922.060  0.0191        
 4922.080  0.0069        
 4922.100 -0.0049        
 4922.120 -0.0134        
 4922.140 -0.0130        
 4922.160  0.0004        
 4922.180  0.0243        
 4922.200  0.0484        
 4922.220  0.0590        
 4922.240  0.0479        
 4922.260  0.0186        
 4922.280 -0.0174        
 4922.300 -0.0484        
 4922.320 -0.0665        
 4922.340 -0.0687        
 4922.360 -0.0566        
 4922.380 -0.0339        
 4922.400 -0.0066        
 4922.420  0.0168        
 4922.440  0.0283        
 4922.460  0.0230        
 4922.480  0.0035        
 4922.500 -0.0214        
 4922.520 -0.0402        
 4922.540 -0.0451        
 4922.560 -0.0357        
 4922.580 -0.0187        
 4922.600 -0.0029        
 4922.620  0.0048        
 4922.640  0.0022        
 4922.660 -0.0088        
 4922.680 -0.0243        
 4922.700 -0.0396        
 4922.720 -0.0508        
 4922.740 -0.0546        
 4922.760 -0.0487        
 4922.780 -0.0323        
 4922.800 -0.0062        
 4922.820  0.0270        
 4922.840  0.0621        
 4922.860  0.0915        
 4922.880  0.1070        
 4922.900  0.1035        
 4922.920  0.0819        
 4922.940  0.0479        
 4922.960  0.0094        
 4922.980 -0.0258        
 4923.000 -0.0523        
 4923.020 -0.0662        
 4923.040 -0.0667        
 4923.060 -0.0557        
 4923.080 -0.0389        
 4923.100 -0.0237        
 4923.120 -0.0168        
 4923.140 -0.0210        
 4923.160 -0.0345        
 4923.180 -0.0515        
 4923.200 -0.0651        
 4923.220 -0.0693        
 4923.240 -0.0618        
 4923.260 -0.0445        
 4923.280 -0.0234        
 4923.300 -0.0060        
 4923.320  0.0016        
 4923.340 -0.0024        
 4923.360 -0.0151        
 4923.380 -0.0307        
 4923.400 -0.0427        
 4923.420 -0.0470        
 4923.440 -0.0435        
 4923.460 -0.0350        
 4923.480 -0.0263        
 4923.500 -0.0216        
 4923.520 -0.0224        
 4923.540 -0.0271        
 4923.560 -0.0313        
 4923.580 -0.0302        
 4923.600 -0.0211        
 4923.620 -0.0048        
 4923.640  0.0148        
 4923.660  0.0321        
 4923.680  0.0427        
 4923.700  0.0449        
 4923.720  0.0403        
 4923.740  0.0332        
 4923.760  0.0281        
 4923.780  0.0284        
 4923.800  0.0343        
 4923.820  0.0433        
 4923.840  0.0509        
 4923.860  0.0531        
 4923.880  0.0479        
 4923.900  0.0367        
 4923.920  0.0228        
 4923.940  0.0103        
 4923.960  0.0021        
 4923.980 -0.0007        
 4924.000  0.0014        
 4924.020  0.0069        
 4924.040  0.0140        
 4924.060  0.0219        
 4924.080  0.0305        
 4924.100  0.0400        
 4924.120  0.0500        
 4924.140  0.0594        
 4924.160  0.0660        
 4924.180  0.0681        
 4924.200  0.0650        
 4924.220  0.0580        
 4924.240  0.0499        
 4924.260  0.0444        
 4924.280  0.0442        
 4924.300  0.0505        
 4924.320  0.0622        
 4924.340  0.0766        
 4924.360  0.0900        
 4924.380  0.0993        
 4924.400  0.1035        
 4924.420  0.1037        
 4924.440  0.1018        
 4924.460  0.0991        
 4924.480  0.0953        
 4924.500  0.0888        
 4924.520  0.0778        
 4924.540  0.0615        
 4924.560  0.0416        
 4924.580  0.0221        
 4924.600  0.0080        
 4924.620  0.0040        
 4924.640  0.0123        
 4924.660  0.0319        
 4924.680  0.0581        
 4924.700  0.0837        
 4924.720  0.1017        
 4924.740  0.1076        
 4924.760  0.1015        
 4924.780  0.0868        
 4924.800  0.0689        
 4924.820  0.0532        
 4924.840  0.0436        
 4924.860  0.0412        
 4924.880  0.0449        
 4924.900  0.0511        
 4924.920  0.0563        
 4924.940  0.0580        
 4924.960  0.0563        
 4924.980  0.0528        
 4925.000  0.0502        
 4925.020  0.0510        
 4925.040  0.0561        
 4925.060  0.0643        
 4925.080  0.0722        
 4925.100  0.0760        
 4925.120  0.0721        
 4925.140  0.0591        
 4925.160  0.0377        
 4925.180  0.0119        
 4925.200 -0.0109        
 4925.220 -0.0220        
 4925.240 -0.0166        
 4925.260  0.0025        
 4925.280  0.0260        
 4925.300  0.0444        
 4925.320  0.0519        
 4925.340  0.0478        
 4925.360  0.0347        
 4925.380  0.0178        
 4925.400  0.0033        
 4925.420 -0.0036        
 4925.440 -0.0007        
 4925.460  0.0099        
 4925.480  0.0232        
 4925.500  0.0336        
 4925.520  0.0379        
 4925.540  0.0359        
 4925.560  0.0300        
 4925.580  0.0239        
 4925.600  0.0205        
 4925.620  0.0204        
 4925.640  0.0221        
 4925.660  0.0225        
 4925.680  0.0187        
 4925.700  0.0102        
 4925.720 -0.0011        
 4925.740 -0.0113        
 4925.760 -0.0161        
 4925.780 -0.0134        
 4925.800 -0.0041        
 4925.820  0.0084        
 4925.840  0.0192        
 4925.860  0.0243        
 4925.880  0.0214        
 4925.900  0.0115        
 4925.920 -0.0019        
 4925.940 -0.0145        
 4925.960 -0.0230        
 4925.980 -0.0262        
 4926.000 -0.0250        
 4926.020 -0.0212        
 4926.040 -0.0167        
 4926.060 -0.0127        
 4926.080 -0.0095        
 4926.100 -0.0077        
 4926.120 -0.0081        
 4926.140 -0.0124        
 4926.160 -0.0221        
 4926.180 -0.0380        
 4926.200 -0.0586        
 4926.220 -0.0800        
 4926.240 -0.0972        
 4926.260 -0.1056        
 4926.280 -0.1027        
 4926.300 -0.0894        
 4926.320 -0.0697        
 4926.340 -0.0485        
 4926.360 -0.0305        
 4926.380 -0.0185        
 4926.400 -0.0121        
 4926.420 -0.0094        
 4926.440 -0.0083        
 4926.460 -0.0087        
 4926.480 -0.0125        
 4926.500 -0.0236        
 4926.520 -0.0448        
 4926.540 -0.0758        
 4926.560 -0.1124        
 4926.580 -0.1465        
 4926.600 -0.1687        
 4926.620 -0.1724        
 4926.640 -0.1557        
 4926.660 -0.1234        
 4926.680 -0.0844        
 4926.700 -0.0495        
 4926.720 -0.0267        
 4926.740 -0.0192        
 4926.760 -0.0246        
 4926.780 -0.0365        
 4926.800 -0.0474        
 4926.820 -0.0522        
 4926.840 -0.0493        
 4926.860 -0.0407        
 4926.880 -0.0307        
 4926.900 -0.0232        
 4926.920 -0.0203        
 4926.940 -0.0211        
 4926.960 -0.0232        
 4926.980 -0.0239        
 4927.000 -0.0221        
 4927.020 -0.0187        
 4927.040 -0.0158        
 4927.060 -0.0155        
 4927.080 -0.0187        
 4927.100 -0.0241        
 4927.120 -0.0287        
 4927.140 -0.0288        
 4927.160 -0.0219        
 4927.180 -0.0078        
 4927.200  0.0113        
 4927.220  0.0318        
 4927.240  0.0499        
 4927.260  0.0632        
 4927.280  0.0702        
 4927.300  0.0708        
 4927.320  0.0659        
 4927.340  0.0567        
 4927.360  0.0453        
 4927.380  0.0335        
 4927.400  0.0233        
 4927.420  0.0161        
 4927.440  0.0130        
 4927.460  0.0146        
 4927.480  0.0206        
 4927.500  0.0288        
 4927.520  0.0357        
 4927.540  0.0381        
 4927.560  0.0353        
 4927.580  0.0298        
 4927.600  0.0252        
 4927.620  0.0239        
 4927.640  0.0263        
 4927.660  0.0315        
 4927.680  0.0378        
 4927.700  0.0438        
 4927.720  0.0486        
 4927.740  0.0528        
 4927.760  0.0574        
 4927.780  0.0637        
 4927.800  0.0720        
 4927.820  0.0814        
 4927.840  0.0896        
 4927.860  0.0939        
 4927.880  0.0925        
 4927.900  0.0858        
 4927.920  0.0756        
 4927.940  0.0654        
 4927.960  0.0580        
 4927.980  0.0546        
 4928.000  0.0546        
 4928.020  0.0558        
 4928.040  0.0554        
 4928.060  0.0512        
 4928.080  0.0428        
 4928.100  0.0308        
 4928.120  0.0172        
 4928.140  0.0038        
 4928.160 -0.0078        
 4928.180 -0.0166        
 4928.200 -0.0217        
 4928.220 -0.0218        
 4928.240 -0.0155        
 4928.260 -0.0022        
 4928.280  0.0173        
 4928.300  0.0399        
 4928.320  0.0608        
 4928.340  0.0744        
 4928.360  0.0766        
 4928.380  0.0669        
 4928.400  0.0488        
 4928.420  0.0282        
 4928.440  0.0117        
 4928.460  0.0034        
 4928.480  0.0036        
 4928.500  0.0088        
 4928.520  0.0135        
 4928.540  0.0133        
 4928.560  0.0065        
 4928.580 -0.0042        
 4928.600 -0.0137        
 4928.620 -0.0165        
 4928.640 -0.0101        
 4928.660  0.0039        
 4928.680  0.0196        
 4928.700  0.0299        
 4928.720  0.0294        
 4928.740  0.0172        
 4928.760 -0.0025        
 4928.780 -0.0222        
 4928.800 -0.0345        
 4928.820 -0.0351        
 4928.840 -0.0244        
 4928.860 -0.0072        
 4928.880  0.0097        
 4928.900  0.0207        
 4928.920  0.0236        
 4928.940  0.0197        
 4928.960  0.0126        
 4928.980  0.0058        
 4929.000  0.0008        
 4929.020 -0.0035        
 4929.040 -0.0095        
 4929.060 -0.0187        
 4929.080 -0.0303        
 4929.100 -0.0404        
 4929.120 -0.0437        
 4929.140 -0.0363        
 4929.160 -0.0187        
 4929.180  0.0032        
 4929.200  0.0195        
 4929.220  0.0217        
 4929.240  0.0067        
 4929.260 -0.0210        
 4929.280 -0.0514        
 4929.300 -0.0739        
 4929.320 -0.0812        
 4929.340 -0.0716        
 4929.360 -0.0498        
 4929.380 -0.0247        
 4929.400 -0.0065        
 4929.420 -0.0022        
 4929.440 -0.0133        
 4929.460 -0.0352        
 4929.480 -0.0598        
 4929.500 -0.0793        
 4929.520 -0.0888        
 4929.540 -0.0879        
 4929.560 -0.0804        
 4929.580 -0.0718        
 4929.600 -0.0670        
 4929.620 -0.0675        
 4929.640 -0.0710        
 4929.660 -0.0732        
 4929.680 -0.0704        
 4929.700 -0.0610        
 4929.720 -0.0451        
 4929.740 -0.0245        
 4929.760 -0.0025        
 4929.780  0.0158        
 4929.800  0.0232        
 4929.820  0.0134        
 4929.840 -0.0129        
 4929.860 -0.0463        
 4929.880 -0.0746        
 4929.900 -0.0903        
 4929.920 -0.0922        
 4929.940 -0.0825        
 4929.960 -0.0641        
 4929.980 -0.0401        
 4930.000 -0.0148        
 4930.020  0.0065        
 4930.040  0.0187        
 4930.060  0.0193        
 4930.080  0.0097        
 4930.100 -0.0053        
 4930.120 -0.0193        
 4930.140 -0.0263        
 4930.160 -0.0234        
 4930.180 -0.0110        
 4930.200  0.0068        
 4930.220  0.0243        
 4930.240  0.0363        
 4930.260  0.0405        
 4930.280  0.0376        
 4930.300  0.0305        
 4930.320  0.0226        
 4930.340  0.0161        
 4930.360  0.0117        
 4930.380  0.0086        
 4930.400  0.0059        
 4930.420  0.0031        
 4930.440  0.0012        
 4930.460  0.0023        
 4930.480  0.0085        
 4930.500  0.0207        
 4930.520  0.0379        
 4930.540  0.0565        
 4930.560  0.0718        
 4930.580  0.0807        
 4930.600  0.0824        
 4930.620  0.0787        
 4930.640  0.0718        
 4930.660  0.0631        
 4930.680  0.0529        
 4930.700  0.0406        
 4930.720  0.0266        
 4930.740  0.0128        
 4930.760  0.0023        
 4930.780 -0.0009        
 4930.800  0.0059        
 4930.820  0.0227        
 4930.840  0.0467        
 4930.860  0.0721        
 4930.880  0.0917        
 4930.900  0.1004        
 4930.920  0.0967        
 4930.940  0.0841        
 4930.960  0.0689        
 4930.980  0.0569        
 4931.000  0.0519        
 4931.020  0.0542        
 4931.040  0.0613        
 4931.060  0.0698        
 4931.080  0.0767        
 4931.100  0.0810        
 4931.120  0.0833        
 4931.140  0.0846        
 4931.160  0.0856        
 4931.180  0.0849        
 4931.200  0.0799        
 4931.220  0.0682        
 4931.240  0.0499        
 4931.260  0.0287        
 4931.280  0.0112        
 4931.300  0.0039        
 4931.320  0.0091        
 4931.340  0.0244        
 4931.360  0.0437        
 4931.380  0.0597        
 4931.400  0.0666        
 4931.420  0.0618        
 4931.440  0.0467        
 4931.460  0.0268        
 4931.480  0.0088        
 4931.500 -0.0017        
 4931.520 -0.0029        
 4931.540  0.0038        
 4931.560  0.0151        
 4931.580  0.0276        
 4931.600  0.0397        
 4931.620  0.0520        
 4931.640  0.0654        
 4931.660  0.0806        
 4931.680  0.0958        
 4931.700  0.1074        
 4931.720  0.1111        
 4931.740  0.1048        
 4931.760  0.0892        
 4931.780  0.0673        
 4931.800  0.0429        
 4931.820  0.0198        
 4931.840  0.0005        
 4931.860 -0.0136        
 4931.880 -0.0223        
 4931.900 -0.0257        
 4931.920 -0.0244        
 4931.940 -0.0191        
 4931.960 -0.0102        
 4931.980  0.0015        
 4932.000  0.0147        
 4932.020  0.0273        
 4932.040  0.0359        
 4932.060  0.0372        
 4932.080  0.0307        
 4932.100  0.0212        
 4932.120  0.0168        
 4932.140  0.0218        
 4932.160  0.0335        
 4932.180  0.0453        
 4932.200  0.0514        
 4932.220  0.0492        
 4932.240  0.0394        
 4932.260  0.0251        
 4932.280  0.0112        
 4932.300  0.0019        
 4932.320 -0.0007        
 4932.340  0.0022        
 4932.360  0.0070        
 4932.380  0.0096        
 4932.400  0.0082        
 4932.420  0.0034        
 4932.440 -0.0017        
 4932.460 -0.0042        
 4932.480 -0.0034        
 4932.500 -0.0021        
 4932.520 -0.0057        
 4932.540 -0.0195        
 4932.560 -0.0457        
 4932.580 -0.0806        
 4932.600 -0.1152        
 4932.620 -0.1377        
 4932.640 -0.1391        
 4932.660 -0.1176        
 4932.680 -0.0802        
 4932.700 -0.0393        
 4932.720 -0.0075        
 4932.740  0.0072        
 4932.760  0.0045        
 4932.780 -0.0089        
 4932.800 -0.0224        
 4932.820 -0.0273        
 4932.840 -0.0203        
 4932.860 -0.0055        
 4932.880  0.0081        
 4932.900  0.0114        
 4932.920 -0.0008        
 4932.940 -0.0261        
 4932.960 -0.0562        
 4932.980 -0.0797        
 4933.000 -0.0877        
 4933.020 -0.0768        
 4933.040 -0.0509        
 4933.060 -0.0195        
 4933.080  0.0063        
 4933.100  0.0187        
 4933.120  0.0157        
 4933.140  0.0014        
 4933.160 -0.0170        
 4933.180 -0.0323        
 4933.200 -0.0399        
 4933.220 -0.0382        
 4933.240 -0.0286        
 4933.260 -0.0141        
 4933.280  0.0015        
 4933.300  0.0146        
 4933.320  0.0231        
 4933.340  0.0254        
 4933.360  0.0210        
 4933.380  0.0100        
 4933.400 -0.0066        
 4933.420 -0.0262        
 4933.440 -0.0449        
 4933.460 -0.0586        
 4933.480 -0.0641        
 4933.500 -0.0611        
 4933.520 -0.0526        
 4933.540 -0.0435        
 4933.560 -0.0384        
 4933.580 -0.0388        
 4933.600 -0.0430        
 4933.620 -0.0459        
 4933.640 -0.0422        
 4933.660 -0.0284        
 4933.680 -0.0054        
 4933.700  0.0216        
 4933.720  0.0437        
 4933.740  0.0527        
 4933.760  0.0456        
 4933.780  0.0270        
 4933.800  0.0071        
 4933.820 -0.0044        
 4933.840 -0.0025        
 4933.860  0.0120        
 4933.880  0.0339        
 4933.900  0.0559        
 4933.920  0.0710        
 4933.940  0.0746        
 4933.960  0.0667        
 4933.980  0.0507        
 4934.000  0.0322        
 4934.020  0.0159        
 4934.040  0.0048        
 4934.060  0.0001        
 4934.080  0.0020        
 4934.100  0.0104        
 4934.120  0.0248        
 4934.140  0.0437        
 4934.160  0.0640        
 4934.180  0.0817        
 4934.200  0.0924        
 4934.220  0.0922        
 4934.240  0.0789        
 4934.260  0.0539        
 4934.280  0.0250        
 4934.300  0.0077        
 4934.320  0.0195        
 4934.340  0.0663        
 4934.360  0.1328        
 4934.380  0.1911        
 4934.400  0.2207        
 4934.420  0.2185        
 4934.440  0.1940        
 4934.460  0.1597        
 4934.480  0.1255        
 4934.500  0.0963        
 4934.520  0.0729        
 4934.540  0.0532        
 4934.560  0.0342        
 4934.580  0.0144        
 4934.600 -0.0051        
 4934.620 -0.0203        
 4934.640 -0.0267        
 4934.660 -0.0213        
 4934.680 -0.0047        
 4934.700  0.0186        
 4934.720  0.0419        
 4934.740  0.0587        
 4934.760  0.0659        
 4934.780  0.0645        
 4934.800  0.0587        
 4934.820  0.0536        
 4934.840  0.0529        
 4934.860  0.0567        
 4934.880  0.0621        
 4934.900  0.0643        
 4934.920  0.0600        
 4934.940  0.0482        
 4934.960  0.0316        
 4934.980  0.0151        
 4935.000  0.0032        
 4935.020 -0.0017        
 4935.040  0.0000        
 4935.060  0.0048        
 4935.080  0.0087        
 4935.100  0.0087        
 4935.120  0.0038        
 4935.140 -0.0041        
 4935.160 -0.0125        
 4935.180 -0.0184        
 4935.200 -0.0204        
 4935.220 -0.0177        
 4935.240 -0.0111        
 4935.260 -0.0019        
 4935.280  0.0081        
 4935.300  0.0172        
 4935.320  0.0243        
 4935.340  0.0285        
 4935.360  0.0296        
 4935.380  0.0275        
 4935.400  0.0228        
 4935.420  0.0169        
 4935.440  0.0118        
 4935.460  0.0094        
 4935.480  0.0107        
 4935.500  0.0148        
 4935.520  0.0188        
 4935.540  0.0193        
 4935.560  0.0138        
 4935.580  0.0023        
 4935.600 -0.0127        
 4935.620 -0.0267        
 4935.640 -0.0351        
 4935.660 -0.0358        
 4935.680 -0.0295        
 4935.700 -0.0194        
 4935.720 -0.0102        
 4935.740 -0.0058        
 4935.760 -0.0076        
 4935.780 -0.0140        
 4935.800 -0.0202        
 4935.820 -0.0215        
 4935.840 -0.0164        
 4935.860 -0.0075        
 4935.880  0.0007        
 4935.900  0.0039        
 4935.920  0.0002        
 4935.940 -0.0100        
 4935.960 -0.0236        
 4935.980 -0.0359        
 4936.000 -0.0428        
 4936.020 -0.0423        
 4936.040 -0.0358        
 4936.060 -0.0274        
 4936.080 -0.0219        
 4936.100 -0.0228        
 4936.120 -0.0310        
 4936.140 -0.0451        
 4936.160 -0.0614        
 4936.180 -0.0761        
 4936.200 -0.0863        
 4936.220 -0.0908        
 4936.240 -0.0900        
 4936.260 -0.0860        
 4936.280 -0.0807        
 4936.300 -0.0759        
 4936.320 -0.0727        
 4936.340 -0.0710        
 4936.360 -0.0703        
 4936.380 -0.0689        
 4936.400 -0.0654        
 4936.420 -0.0580        
 4936.440 -0.0454        
 4936.460 -0.0265        
 4936.480 -0.0006        
 4936.500  0.0287        
 4936.520  0.0486        
 4936.540  0.0389        
 4936.560 -0.0036        
 4936.580 -0.0506        
 4936.600 -0.0705        
 4936.620 -0.0590        
 4936.640 -0.0316        
 4936.660 -0.0021        
 4936.680  0.0220        
 4936.700  0.0365        
 4936.720  0.0388        
 4936.740  0.0288        
 4936.760  0.0096        
 4936.780 -0.0133        
 4936.800 -0.0334        
 4936.820 -0.0459        
 4936.840 -0.0484        
 4936.860 -0.0414        
 4936.880 -0.0271        
 4936.900 -0.0086        
 4936.920  0.0108        
 4936.940  0.0280        
 4936.960  0.0406        
 4936.980  0.0466        
 4937.000  0.0450        
 4937.020  0.0360        
 4937.040  0.0215        
 4937.060  0.0049        
 4937.080 -0.0093        
 4937.100 -0.0171        
 4937.120 -0.0165        
 4937.140 -0.0082        
 4937.160  0.0044        
 4937.180  0.0172        
 4937.200  0.0260        
 4937.220  0.0294        
 4937.240  0.0297        
 4937.260  0.0319        
 4937.280  0.0410        
 4937.300  0.0578        
 4937.320  0.0786        
 4937.340  0.0971        
 4937.360  0.1075        
 4937.380  0.1061        
 4937.400  0.0928        
 4937.420  0.0716        
 4937.440  0.0499        
 4937.460  0.0353        
 4937.480  0.0322        
 4937.500  0.0398        
 4937.520  0.0528        
 4937.540  0.0643        
 4937.560  0.0691        
 4937.580  0.0655        
 4937.600  0.0558        
 4937.620  0.0458        
 4937.640  0.0412        
 4937.660  0.0448        
 4937.680  0.0558        
 4937.700  0.0703        
 4937.720  0.0837        
 4937.740  0.0921        
 4937.760  0.0947        
 4937.780  0.0935        
 4937.800  0.0924        
 4937.820  0.0941        
 4937.840  0.0977        
 4937.860  0.0990        
 4937.880  0.0931        
 4937.900  0.0776        
 4937.920  0.0534        
 4937.940  0.0253        
 4937.960  0.0000        
 4937.980 -0.0152        
 4938.000 -0.0156        
 4938.020 -0.0012        
 4938.040  0.0232        
 4938.060  0.0499        
 4938.080  0.0713        
 4938.100  0.0825        
 4938.120  0.0818        
 4938.140  0.0715        
 4938.160  0.0560        
 4938.180  0.0401        
 4938.200  0.0280        
 4938.220  0.0217        
 4938.240  0.0211        
 4938.260  0.0247        
 4938.280  0.0301        
 4938.300  0.0349        
 4938.320  0.0367        
 4938.340  0.0339        
 4938.360  0.0258        
 4938.380  0.0130        
 4938.400 -0.0024        
 4938.420 -0.0176        
 4938.440 -0.0289        
 4938.460 -0.0335        
 4938.480 -0.0303        
 4938.500 -0.0199        
 4938.520 -0.0046        
 4938.540  0.0126        
 4938.560  0.0291        
 4938.580  0.0431        
 4938.600  0.0540        
 4938.620  0.0610        
 4938.640  0.0623        
 4938.660  0.0511        
 4938.680  0.0091        
 4938.700 -0.1032        
 4938.720 -0.3101        
 4938.740 -0.5283        
 4938.760 -0.5956        
 4938.780 -0.4719        
 4938.800 -0.2832        
 4938.820 -0.1431        
 4938.840 -0.0659        
 4938.860 -0.0287        
 4938.880 -0.0139        
 4938.900 -0.0106        
 4938.920 -0.0109        
 4938.940 -0.0089        
 4938.960 -0.0020        
 4938.980  0.0082        
 4939.000  0.0162        
 4939.020  0.0151        
 4939.040  0.0000        
 4939.060 -0.0304        
 4939.080 -0.0726        
 4939.100 -0.1192        
 4939.120 -0.1592        
 4939.140 -0.1813        
 4939.160 -0.1780        
 4939.180 -0.1509        
 4939.200 -0.1114        
 4939.220 -0.0753        
 4939.240 -0.0535        
 4939.260 -0.0473        
 4939.280 -0.0508        
 4939.300 -0.0555        
 4939.320 -0.0548        
 4939.340 -0.0464        
 4939.360 -0.0319        
 4939.380 -0.0157        
 4939.400 -0.0032        
 4939.420  0.0021        
 4939.440 -0.0004        
 4939.460 -0.0081        
 4939.480 -0.0178        
 4939.500 -0.0269        
 4939.520 -0.0350        
 4939.540 -0.0431        
 4939.560 -0.0524        
 4939.580 -0.0628        
 4939.600 -0.0719        
 4939.620 -0.0763        
 4939.640 -0.0729        
 4939.660 -0.0610        
 4939.680 -0.0422        
 4939.700 -0.0208        
 4939.720 -0.0024        
 4939.740  0.0073        
 4939.760  0.0054        
 4939.780 -0.0058        
 4939.800 -0.0185        
 4939.820 -0.0239        
 4939.840 -0.0175        
 4939.860 -0.0022        
 4939.880  0.0155        
 4939.900  0.0281        
 4939.920  0.0311        
 4939.940  0.0232        
 4939.960  0.0073        
 4939.980 -0.0108        
 4940.000 -0.0242        
 4940.020 -0.0281        
 4940.040 -0.0216        
 4940.060 -0.0085        
 4940.080  0.0047        
 4940.100  0.0117        
 4940.120  0.0088        
 4940.140 -0.0034        
 4940.160 -0.0203        
 4940.180 -0.0353        
 4940.200 -0.0424        
 4940.220 -0.0386        
 4940.240 -0.0249        
 4940.260 -0.0056        
 4940.280  0.0129        
 4940.300  0.0247        
 4940.320  0.0267        
 4940.340  0.0196        
 4940.360  0.0072        
 4940.380 -0.0049        
 4940.400 -0.0117        
 4940.420 -0.0104        
 4940.440 -0.0012        
 4940.460  0.0129        
 4940.480  0.0280        
 4940.500  0.0402        
 4940.520  0.0474        
 4940.540  0.0494        
 4940.560  0.0478        
 4940.580  0.0449        
 4940.600  0.0428        
 4940.620  0.0426        
 4940.640  0.0442        
 4940.660  0.0469        
 4940.680  0.0506        
 4940.700  0.0559        
 4940.720  0.0652        
 4940.740  0.0831        
 4940.760  0.1167        
 4940.780  0.1789        
 4940.800  0.2941        
 4940.820  0.4991        
 4940.840  0.7576        
 4940.860  0.8637        
 4940.880  0.6580        
 4940.900  0.3091        
 4940.920  0.0899        
 4940.940  0.0483        
 4940.960  0.0899        
 4940.980  0.1513        
 4941.000  0.2096        
 4941.020  0.2512        
 4941.040  0.2647        
 4941.060  0.2422        
 4941.080  0.1856        
 4941.100  0.1100        
 4941.120  0.0389        
 4941.140 -0.0075        
 4941.160 -0.0214        
 4941.180 -0.0084        
 4941.200  0.0192        
 4941.220  0.0486        
 4941.240  0.0699        
 4941.260  0.0782        
 4941.280  0.0736        
 4941.300  0.0602        
 4941.320  0.0445        
 4941.340  0.0326        
 4941.360  0.0277        
 4941.380  0.0298        
 4941.400  0.0355        
 4941.420  0.0409        
 4941.440  0.0429        
 4941.460  0.0408        
 4941.480  0.0358        
 4941.500  0.0304        
 4941.520  0.0264        
 4941.540  0.0244        
 4941.560  0.0231        
 4941.580  0.0205        
 4941.600  0.0155        
 4941.620  0.0090        
 4941.640  0.0035        
 4941.660  0.0032        
 4941.680  0.0118        
 4941.700  0.0306        
 4941.720  0.0553        
 4941.740  0.0758        
 4941.760  0.0796        
 4941.780  0.0611        
 4941.800  0.0261        
 4941.820 -0.0121        
 4941.840 -0.0404        
 4941.860 -0.0511        
 4941.880 -0.0419        
 4941.900 -0.0155        
 4941.920  0.0212        
 4941.940  0.0582        
 4941.960  0.0848        
 4941.980  0.0941        
 4942.000  0.0851        
 4942.020  0.0627        
 4942.040  0.0351        
 4942.060  0.0103        
 4942.080 -0.0064        
 4942.100 -0.0132        
 4942.120 -0.0121        
 4942.140 -0.0071        
 4942.160 -0.0027        
 4942.180 -0.0018        
 4942.200 -0.0055        
 4942.220 -0.0134        
 4942.240 -0.0241        
 4942.260 -0.0367        
 4942.280 -0.0503        
 4942.300 -0.0642        
 4942.320 -0.0777        
 4942.340 -0.0896        
 4942.360 -0.0985        
 4942.380 -0.1029        
 4942.400 -0.1018        
 4942.420 -0.0954        
 4942.440 -0.0851        
 4942.460 -0.0736        
 4942.480 -0.0635        
 4942.500 -0.0561        
 4942.520 -0.0512        
 4942.540 -0.0477        
 4942.560 -0.0441        
 4942.580 -0.0399        
 4942.600 -0.0353        
 4942.620 -0.0309        
 4942.640 -0.0276        
 4942.660 -0.0255        
 4942.680 -0.0241        
 4942.700 -0.0227        
 4942.720 -0.0213        
 4942.740 -0.0211        
 4942.760 -0.0241        
 4942.780 -0.0328        
 4942.800 -0.0493        
 4942.820 -0.0741        
 4942.840 -0.1068        
 4942.860 -0.1466        
 4942.880 -0.1941        
 4942.900 -0.2534        
 4942.920 -0.3344        
 4942.940 -0.4522        
 4942.960 -0.6124        
 4942.980 -0.7733        
 4943.000 -0.8319        
 4943.020 -0.7028        
 4943.040 -0.4202        
 4943.060 -0.1135        
 4943.080  0.1098        
 4943.100  0.2199        
 4943.120  0.2385        
 4943.140  0.2027        
 4943.160  0.1451        
 4943.180  0.0877        
 4943.200  0.0422        
 4943.220  0.0130        
 4943.240 -0.0005        
 4943.260 -0.0022        
 4943.280  0.0018        
 4943.300  0.0048        
 4943.320  0.0020        
 4943.340 -0.0075        
 4943.360 -0.0208        
 4943.380 -0.0331        
 4943.400 -0.0398        
 4943.420 -0.0389        
 4943.440 -0.0311        
 4943.460 -0.0194        
 4943.480 -0.0078        
 4943.500  0.0012        
 4943.520  0.0077        
 4943.540  0.0145        
 4943.560  0.0255        
 4943.580  0.0444        
 4943.600  0.0728        
 4943.620  0.1088        
 4943.640  0.1454        
 4943.660  0.1707        
 4943.680  0.1740        
 4943.700  0.1532        
 4943.720  0.1175        
 4943.740  0.0806        
 4943.760  0.0526        
 4943.780  0.0364        
 4943.800  0.0310        
 4943.820  0.0336        
 4943.840  0.0414        
 4943.860  0.0520        
 4943.880  0.0633        
 4943.900  0.0732        
 4943.920  0.0800        
 4943.940  0.0822        
 4943.960  0.0796        
 4943.980  0.0728        
 4944.000  0.0643        
 4944.020  0.0572        
 4944.040  0.0548        
 4944.060  0.0589        
 4944.080  0.0689        
 4944.100  0.0819        
 4944.120  0.0937        
 4944.140  0.1003        
 4944.160  0.1000        
 4944.180  0.0936        
 4944.200  0.0845        
 4944.220  0.0769        
 4944.240  0.0742        
 4944.260  0.0768        
 4944.280  0.0827        
 4944.300  0.0882        
 4944.320  0.0896        
 4944.340  0.0855        
 4944.360  0.0772        
 4944.380  0.0680        
 4944.400  0.0621        
 4944.420  0.0620        
 4944.440  0.0672        
 4944.460  0.0746        
 4944.480  0.0794        
 4944.500  0.0778        
 4944.520  0.0690        
 4944.540  0.0556        
 4944.560  0.0424        
 4944.580  0.0344        
 4944.600  0.0343        
 4944.620  0.0419        
 4944.640  0.0538        
 4944.660  0.0651        
 4944.680  0.0711        
 4944.700  0.0693        
 4944.720  0.0608        
 4944.740  0.0496        
 4944.760  0.0407        
 4944.780  0.0391        
 4944.800  0.0487        
 4944.820  0.0718        
 4944.840  0.1063        
 4944.860  0.1435        
 4944.880  0.1696        
 4944.900  0.1735        
 4944.920  0.1545        
 4944.940  0.1200        
 4944.960  0.0773        
 4944.980  0.0291        
 4945.000 -0.0250        
 4945.020 -0.0814        
 4945.040 -0.1157        
 4945.060 -0.0716        
 4945.080  0.1019        
 4945.100  0.3780        
 4945.120  0.6530        
 4945.140  0.8312        
 4945.160  0.8730        
 4945.180  0.7825        
 4945.200  0.5996        
 4945.220  0.3909        
 4945.240  0.2152        
 4945.260  0.0953        
 4945.280  0.0255        
 4945.300 -0.0088        
 4945.320 -0.0191        
 4945.340 -0.0130        
 4945.360  0.0039        
 4945.380  0.0251        
 4945.400  0.0434        
 4945.420  0.0525        
 4945.440  0.0491        
 4945.460  0.0335        
 4945.480  0.0083        
 4945.500 -0.0232        
 4945.520 -0.0560        
 4945.540 -0.0836        
 4945.560 -0.0989        
 4945.580 -0.0994        
 4945.600 -0.0911        
 4945.620 -0.0847        
 4945.640 -0.0878        
 4945.660 -0.1003        
 4945.680 -0.1168        
 4945.700 -0.1297        
 4945.720 -0.1324        
 4945.740 -0.1208        
 4945.760 -0.0957        
 4945.780 -0.0633        
 4945.800 -0.0333        
 4945.820 -0.0153        
 4945.840 -0.0150        
 4945.860 -0.0324        
 4945.880 -0.0621        
 4945.900 -0.0951        
 4945.920 -0.1222        
 4945.940 -0.1366        
 4945.960 -0.1367        
 4945.980 -0.1247        
 4946.000 -0.1049        
 4946.020 -0.0815        
 4946.040 -0.0570        
 4946.060 -0.0327        
 4946.080 -0.0088        
 4946.100  0.0135        
 4946.120  0.0318        
 4946.140  0.0426        
 4946.160  0.0423        
 4946.180  0.0288        
 4946.200  0.0028        
 4946.220 -0.0313        
 4946.240 -0.0655        
 4946.260 -0.0913        
 4946.280 -0.1027        
 4946.300 -0.0985        
 4946.320 -0.0830        
 4946.340 -0.0643        
 4946.360 -0.0505        
 4946.380 -0.0469        
 4946.400 -0.0536        
 4946.420 -0.0664        
 4946.440 -0.0787        
 4946.460 -0.0843        
 4946.480 -0.0799        
 4946.500 -0.0664        
 4946.520 -0.0491        
 4946.540 -0.0350        
 4946.560 -0.0299        
 4946.580 -0.0353        
 4946.600 -0.0479        
 4946.620 -0.0600        
 4946.640 -0.0619        
 4946.660 -0.0427        
 4946.680  0.0057        
 4946.700  0.0800        
 4946.720  0.1589        
 4946.740  0.2115        
 4946.760  0.2201        
 4946.780  0.1918        
 4946.800  0.1469        
 4946.820  0.1030        
 4946.840  0.0701        
 4946.860  0.0519        
 4946.880  0.0490        
 4946.900  0.0583        
 4946.920  0.0736        
 4946.940  0.0876        
 4946.960  0.0945        
 4946.980  0.0920        
 4947.000  0.0807        
 4947.020  0.0637        
 4947.040  0.0514        
 4947.060  0.0732        
 4947.080  0.1783        
 4947.100  0.3882        
 4947.120  0.6505        
 4947.140  0.8895        
 4947.160  1.0945        
 4947.180  1.3052        
 4947.200  1.5068        
 4947.220  1.5637        
 4947.240  1.3373        
 4947.260  0.8972        
 4947.280  0.4800        
 4947.300  0.2328        
 4947.320  0.1338        
 4947.340  0.1117        
 4947.360  0.1207        
 4947.380  0.1376        
 4947.400  0.1476        
 4947.420  0.1407        
 4947.440  0.1159        
 4947.460  0.0845        
 4947.480  0.0621        
 4947.500  0.0567        
 4947.520  0.0644        
 4947.540  0.0759        
 4947.560  0.0822        
 4947.580  0.0777        
 4947.600  0.0610        
 4947.620  0.0346        
 4947.640  0.0048        
 4947.660 -0.0211        
 4947.680 -0.0372        
 4947.700 -0.0410        
 4947.720 -0.0339        
 4947.740 -0.0198        
 4947.760 -0.0031        
 4947.780  0.0131        
 4947.800  0.0277        
 4947.820  0.0414        
 4947.840  0.0549        
 4947.860  0.0684        
 4947.880  0.0805        
 4947.900  0.0889        
 4947.920  0.0916        
 4947.940  0.0879        
 4947.960  0.0791        
 4947.980  0.0681        
 4948.000  0.0581        
 4948.020  0.0511        
 4948.040  0.0471        
 4948.060  0.0445        
 4948.080  0.0412        
 4948.100  0.0358        
 4948.120  0.0289        
 4948.140  0.0227        
 4948.160  0.0199        
 4948.180  0.0218        
 4948.200  0.0276        
 4948.220  0.0346        
 4948.240  0.0395        
 4948.260  0.0396        
 4948.280  0.0343        
 4948.300  0.0247        
 4948.320  0.0133        
 4948.340  0.0029        
 4948.360 -0.0044        
 4948.380 -0.0089        
 4948.400 -0.0122        
 4948.420 -0.0169        
 4948.440 -0.0256        
 4948.460 -0.0396        
 4948.480 -0.0591        
 4948.500 -0.0816        
 4948.520 -0.1010        
 4948.540 -0.1100        
 4948.560 -0.1045        
 4948.580 -0.0877        
 4948.600 -0.0664        
 4948.620 -0.0460        
 4948.640 -0.0284        
 4948.660 -0.0133        
 4948.680 -0.0005        
 4948.700  0.0092        
 4948.720  0.0140        
 4948.740  0.0126        
 4948.760  0.0048        
 4948.780 -0.0075        
 4948.800 -0.0213        
 4948.820 -0.0339        
 4948.840 -0.0433        
 4948.860 -0.0489        
 4948.880 -0.0507        
 4948.900 -0.0492        
 4948.920 -0.0446        
 4948.940 -0.0374        
 4948.960 -0.0284        
 4948.980 -0.0200        
 4949.000 -0.0169        
 4949.020 -0.0277        
 4949.040 -0.0675        
 4949.060 -0.1592        
 4949.080 -0.3214        
 4949.100 -0.5282        
 4949.120 -0.6747        
 4949.140 -0.6354        
 4949.160 -0.3895        
 4949.180 -0.0436        
 4949.200  0.2683        
 4949.220  0.4536        
 4949.240  0.4550        
 4949.260  0.2641        
 4949.280 -0.0356        
 4949.300 -0.2929        
 4949.320 -0.4001        
 4949.340 -0.3621        
 4949.360 -0.2533        
 4949.380 -0.1439        
 4949.400 -0.0703        
 4949.420 -0.0401        
 4949.440 -0.0438        
 4949.460 -0.0637        
 4949.480 -0.0823        
 4949.500 -0.0876        
 4949.520 -0.0759        
 4949.540 -0.0521        
 4949.560 -0.0261        
 4949.580 -0.0085        
 4949.600 -0.0055        
 4949.620 -0.0158        
 4949.640 -0.0318        
 4949.660 -0.0428        
 4949.680 -0.0412        
 4949.700 -0.0252        
 4949.720  0.0002        
 4949.740  0.0257        
 4949.760  0.0414        
 4949.780  0.0416        
 4949.800  0.0270        
 4949.820  0.0047        
 4949.840 -0.0150        
 4949.860 -0.0235        
 4949.880 -0.0182        
 4949.900 -0.0023        
 4949.920  0.0166        
 4949.940  0.0303        
 4949.960  0.0330        
 4949.980  0.0240        
 4950.000  0.0067        
 4950.020 -0.0129        
 4950.040 -0.0292        
 4950.060 -0.0386        
 4950.080 -0.0402        
 4950.100 -0.0349        
 4950.120 -0.0243        
 4950.140 -0.0099        
 4950.160  0.0077        
 4950.180  0.0278        
 4950.200  0.0497        
 4950.220  0.0717        
 4950.240  0.0914        
 4950.260  0.1054        
 4950.280  0.1101        
 4950.300  0.1035        
 4950.320  0.0882        
 4950.340  0.0720        
 4950.360  0.0641        
 4950.380  0.0686        
 4950.400  0.0815        
 4950.420  0.0954        
 4950.440  0.1035        
 4950.460  0.1018        
 4950.480  0.0892        
 4950.500  0.0678        
 4950.520  0.0432        
 4950.540  0.0232        
 4950.560  0.0152        
 4950.580  0.0229        
 4950.600  0.0452        
 4950.620  0.0767        
 4950.640  0.1100        
 4950.660  0.1369        
 4950.680  0.1503        
 4950.700  0.1465        
 4950.720  0.1261        
 4950.740  0.0945        
 4950.760  0.0594        
 4950.780  0.0286        
 4950.800  0.0069        
 4950.820 -0.0041        
 4950.840 -0.0069        
 4950.860 -0.0062        
 4950.880 -0.0069        
 4950.900 -0.0117        
 4950.920 -0.0199        
 4950.940 -0.0272        
 4950.960 -0.0279        
 4950.980 -0.0162        
 4951.000  0.0124        
 4951.020  0.0586        
 4951.040  0.1130        
 4951.060  0.1488        
 4951.080  0.1307        
 4951.100  0.0541        
 4951.120 -0.0277        
 4951.140 -0.0404        
 4951.160  0.0498        
 4951.180  0.2230        
 4951.200  0.4339        
 4951.220  0.6346        
 4951.240  0.7876        
 4951.260  0.8752        
 4951.280  0.9004        
 4951.300  0.8743        
 4951.320  0.8000        
 4951.340  0.6739        
 4951.360  0.5061        
 4951.380  0.3275        
 4951.400  0.1714        
 4951.420  0.0546        
 4951.440 -0.0216        
 4951.460 -0.0626        
 4951.480 -0.0746        
 4951.500 -0.0645        
 4951.520 -0.0409        
 4951.540 -0.0147        
 4951.560  0.0034        
 4951.580  0.0068        
 4951.600 -0.0031        
 4951.620 -0.0183        
 4951.640 -0.0283        
 4951.660 -0.0253        
 4951.680 -0.0076        
 4951.700  0.0199        
 4951.720  0.0470        
 4951.740  0.0624        
 4951.760  0.0591        
 4951.780  0.0381        
 4951.800  0.0078        
 4951.820 -0.0203        
 4951.840 -0.0371        
 4951.860 -0.0396        
 4951.880 -0.0313        
 4951.900 -0.0208        
 4951.920 -0.0179        
 4951.940 -0.0286        
 4951.960 -0.0525        
 4951.980 -0.0826        
 4952.000 -0.1086        
 4952.020 -0.1195        
 4952.040 -0.1057        
 4952.060 -0.0622        
 4952.080  0.0051        
 4952.100  0.0760        
 4952.120  0.1240        
 4952.140  0.1341        
 4952.160  0.1114        
 4952.180  0.0721        
 4952.200  0.0310        
 4952.220 -0.0039        
 4952.240 -0.0292        
 4952.260 -0.0440        
 4952.280 -0.0481        
 4952.300 -0.0422        
 4952.320 -0.0282        
 4952.340 -0.0094        
 4952.360  0.0103        
 4952.380  0.0271        
 4952.400  0.0376        
 4952.420  0.0404        
 4952.440  0.0357        
 4952.460  0.0260        
 4952.480  0.0140        
 4952.500  0.0019        
 4952.520 -0.0098        
 4952.540 -0.0215        
 4952.560 -0.0336        
 4952.580 -0.0448        
 4952.600 -0.0519        
 4952.620 -0.0509        
 4952.640 -0.0394        
 4952.660 -0.0184        
 4952.680  0.0068        
 4952.700  0.0286        
 4952.720  0.0390        
 4952.740  0.0328        
 4952.760  0.0099        
 4952.780 -0.0233        
 4952.800 -0.0550        
 4952.820 -0.0726        
 4952.840 -0.0681        
 4952.860 -0.0407        
 4952.880  0.0006        
 4952.900  0.0316        
 4952.920  0.0191        
 4952.940 -0.0466        
 4952.960 -0.1279        
 4952.980  0.0000        
 4953.000  0.0000        
