           1.0000  1.0000
          -0.97    0.00  
 4472.000  0.9184  0.9008
 4472.020  0.9714  0.7690
 4472.040  0.9959  0.6727
 4472.060  0.9777  0.7816
 4472.080  0.9611  0.8870
 4472.100  0.9758  0.9197
 4472.120  0.9966  0.9253
 4472.140  0.9981  0.9475
 4472.160  0.9881  0.9584
 4472.180  0.9842  0.9649
 4472.200  0.9913  0.9703
 4472.220  0.9996  0.9615
 4472.240  0.9988  0.9561
 4472.260  0.9917  0.9341
 4472.280  0.9873  0.9014
 4472.300  0.9892  0.8871
 4472.320  0.9969  0.9183
 4472.340  1.0089  0.9544
 4472.360  1.0181  0.9672
 4472.380  1.0143  0.9756
 4472.400  0.9987  0.9773
 4472.420  0.9850  0.9798
 4472.440  0.9856  0.9824
 4472.460  0.9996  0.9846
 4472.480  1.0148  0.9824
 4472.500  1.0193  0.9871
 4472.520  1.0131  0.9827
 4472.540  1.0065  0.9820
 4472.560  1.0086  0.9754
 4472.580  1.0189  0.9750
 4472.600  1.0272  0.9700
 4472.620  1.0234  0.9632
 4472.640  1.0106  0.9481
 4472.660  0.9977  0.9046
 4472.680  0.9819  0.8475
 4472.700  0.9604  0.8807
 4472.720  0.9488  0.9212
 4472.740  0.9594  0.9403
 4472.760  0.9817  0.9557
 4472.780  1.0002  0.9714
 4472.800  1.0097  0.9779
 4472.820  1.0098  0.9770
 4472.840  1.0035  0.9831
 4472.860  0.9967  0.9864
 4472.880  0.9943  0.9827
 4472.900  0.9966  0.9838
 4472.920  1.0019  0.9824
 4472.940  1.0082  0.9817
 4472.960  1.0145  0.9848
 4472.980  1.0200  0.9822
 4473.000  1.0227  0.9808
 4473.020  1.0211  0.9870
 4473.040  1.0149  0.9810
 4473.060  1.0043  0.9843
 4473.080  0.9919  0.9815
 4473.100  0.9837  0.9862
 4473.120  0.9859  0.9883
 4473.140  0.9999  0.9873
 4473.160  1.0201  0.9877
 4473.180  1.0376  0.9873
 4473.200  1.0443  0.9850
 4473.220  1.0382  0.9884
 4473.240  1.0246  0.9883
 4473.260  1.0126  0.9894
 4473.280  1.0090  0.9850
 4473.300  1.0148  0.9806
 4473.320  1.0249  0.9794
 4473.340  1.0326  0.9768
 4473.360  1.0346  0.9890
 4473.380  1.0323  0.9836
 4473.400  1.0286  0.9888
 4473.420  1.0266  0.9872
 4473.440  1.0274  0.9811
 4473.460  1.0284  0.9833
 4473.480  1.0278  0.9807
 4473.500  1.0265  0.9831
 4473.520  1.0282  0.9791
 4473.540  1.0349  0.9729
 4473.560  1.0433  0.9657
 4473.580  1.0493  0.9786
 4473.600  1.0507  0.9782
 4473.620  1.0469  0.9838
 4473.640  1.0407  0.9855
 4473.660  1.0381  0.9834
 4473.680  1.0420  0.9818
 4473.700  1.0496  0.9816
 4473.720  1.0536  0.9808
 4473.740  1.0477  0.9765
 4473.760  1.0335  0.9715
 4473.780  1.0186  0.9546
 4473.800  1.0085  0.9396
 4473.820  1.0025  0.9457
 4473.840  0.9979  0.9566
 4473.860  0.9911  0.9639
 4473.880  0.9807  0.9568
 4473.900  0.9750  0.9402
 4473.920  0.9850  0.9058
 4473.940  1.0058  0.8623
 4473.960  1.0222  0.8891
 4473.980  1.0315  0.9368
 4474.000  1.0382  0.9577
 4474.020  1.0385  0.9672
 4474.040  1.0287  0.9755
 4474.060  1.0148  0.9777
 4474.080  1.0061  0.9854
 4474.100  1.0060  0.9842
 4474.120  1.0107  0.9879
 4474.140  1.0146  0.9907
 4474.160  1.0149  0.9901
 4474.180  1.0119  0.9895
 4474.200  1.0071  0.9870
 4474.220  1.0011  0.9843
 4474.240  0.9948  0.9879
 4474.260  0.9911  0.9889
 4474.280  0.9918  0.9858
 4474.300  0.9965  0.9880
 4474.320  1.0034  0.9884
 4474.340  1.0104  0.9912
 4474.360  1.0153  0.9892
 4474.380  1.0176  0.9920
 4474.400  1.0191  0.9892
 4474.420  1.0213  0.9900
 4474.440  1.0247  0.9903
 4474.460  1.0271  0.9852
 4474.480  1.0265  0.9893
 4474.500  1.0246  0.9911
 4474.520  1.0246  0.9883
 4474.540  1.0270  0.9900
 4474.560  1.0299  0.9892
 4474.580  1.0296  0.9882
 4474.600  1.0235  0.9885
 4474.620  1.0134  0.9899
 4474.640  1.0050  0.9862
 4474.660  1.0037  0.9909
 4474.680  1.0105  0.9861
 4474.700  1.0200  0.9902
 4474.720  1.0247  0.9918
 4474.740  1.0194  0.9904
 4474.760  1.0046  0.9907
 4474.780  0.9883  0.9914
 4474.800  0.9805  0.9867
 4474.820  0.9854  0.9846
 4474.840  1.0004  0.9848
 4474.860  1.0170  0.9810
 4474.880  1.0252  0.9749
 4474.900  1.0185  0.9660
 4474.920  0.9999  0.9613
 4474.940  0.9834  0.9546
 4474.960  0.9819  0.9327
 4474.980  0.9908  0.9008
 4475.000  0.9938  0.9084
 4475.020  0.9860  0.9434
 4475.040  0.9774  0.9730
 4475.060  0.9745  0.9727
 4475.080  0.9754  0.9852
 4475.100  0.9777  0.9785
 4475.120  0.9804  0.9865
 4475.140  0.9824  0.9826
 4475.160  0.9833  0.9873
 4475.180  0.9828  0.9834
 4475.200  0.9813  0.9873
 4475.220  0.9810  0.9907
 4475.240  0.9831  0.9897
 4475.260  0.9863  0.9875
 4475.280  0.9879  0.9881
 4475.300  0.9873  0.9887
 4475.320  0.9848  0.9881
 4475.340  0.9809  0.9912
 4475.360  0.9768  0.9905
 4475.380  0.9734  0.9893
 4475.400  0.9715  0.9890
 4475.420  0.9726  0.9859
 4475.440  0.9768  0.9832
 4475.460  0.9822  0.9806
 4475.480  0.9856  0.9763
 4475.500  0.9839  0.9752
 4475.520  0.9775  0.9740
 4475.540  0.9715  0.9710
 4475.560  0.9705  0.9604
 4475.580  0.9730  0.9452
 4475.600  0.9750  0.9516
 4475.620  0.9773  0.9594
 4475.640  0.9818  0.9584
 4475.660  0.9875  0.9596
 4475.680  0.9934  0.9618
 4475.700  0.9986  0.9585
 4475.720  1.0009  0.9686
 4475.740  1.0002  0.9787
 4475.760  0.9980  0.9823
 4475.780  0.9945  0.9826
 4475.800  0.9919  0.9853
 4475.820  0.9941  0.9820
 4475.840  1.0024  0.9846
 4475.860  1.0139  0.9872
 4475.880  1.0216  0.9858
 4475.900  1.0190  0.9927
 4475.920  1.0065  0.9898
 4475.940  0.9912  0.9916
 4475.960  0.9832  0.9936
 4475.980  0.9881  0.9879
 4476.000  1.0018  0.9940
 4476.020  1.0142  0.9857
 4476.040  1.0156  0.9874
 4476.060  1.0050  0.9880
 4476.080  0.9916  0.9875
 4476.100  0.9850  0.9890
 4476.120  0.9888  0.9944
 4476.140  0.9980  0.9904
 4476.160  1.0021  0.9870
 4476.180  0.9968  0.9907
 4476.200  0.9885  0.9828
 4476.220  0.9862  0.9848
 4476.240  0.9943  0.9810
 4476.260  1.0087  0.9823
 4476.280  1.0199  0.9779
 4476.300  1.0227  0.9717
 4476.320  1.0187  0.9592
 4476.340  1.0122  0.9470
 4476.360  1.0091  0.9627
 4476.380  1.0132  0.9727
 4476.400  1.0204  0.9795
 4476.420  1.0224  0.9858
 4476.440  1.0170  0.9866
 4476.460  1.0104  0.9863
 4476.480  1.0099  0.9828
 4476.500  1.0169  0.9853
 4476.520  1.0269  0.9816
 4476.540  1.0319  0.9805
 4476.560  1.0265  0.9743
 4476.580  1.0141  0.9800
 4476.600  1.0036  0.9746
 4476.620  0.9998  0.9703
 4476.640  1.0004  0.9684
 4476.660  1.0006  0.9691
 4476.680  0.9983  0.9752
 4476.700  0.9947  0.9783
 4476.720  0.9926  0.9807
 4476.740  0.9937  0.9798
 4476.760  0.9984  0.9764
 4476.780  1.0066  0.9761
 4476.800  1.0190  0.9760
 4476.820  1.0325  0.9670
 4476.840  1.0380  0.9605
 4476.860  1.0289  0.9506
 4476.880  1.0127  0.9275
 4476.900  1.0084  0.8716
 4476.920  1.0224  0.7732
 4476.940  1.0341  0.7112
 4476.960  1.0318  0.7532
 4476.980  1.0324  0.8050
 4477.000  1.0410  0.8302
 4477.020  1.0406  0.8856
 4477.040  1.0291  0.9386
 4477.060  1.0208  0.9602
 4477.080  1.0224  0.9700
 4477.100  1.0303  0.9754
 4477.120  1.0383  0.9794
 4477.140  1.0411  0.9806
 4477.160  1.0373  0.9840
 4477.180  1.0298  0.9851
 4477.200  1.0227  0.9880
 4477.220  1.0181  0.9899
 4477.240  1.0145  0.9907
 4477.260  1.0103  0.9919
 4477.280  1.0047  0.9892
 4477.300  0.9999  0.9894
 4477.320  0.9997  0.9931
 4477.340  1.0051  0.9863
 4477.360  1.0139  0.9924
 4477.380  1.0238  0.9901
 4477.400  1.0321  0.9832
 4477.420  1.0365  0.9901
 4477.440  1.0356  0.9817
 4477.460  1.0273  0.9890
 4477.480  1.0120  0.9901
 4477.500  0.9935  0.9908
 4477.520  0.9775  0.9882
 4477.540  0.9704  0.9882
 4477.560  0.9764  0.9889
 4477.580  0.9949  0.9948
 4477.600  1.0191  0.9937
 4477.620  1.0382  0.9958
 4477.640  1.0441  0.9915
 4477.660  1.0351  0.9905
 4477.680  1.0157  0.9834
 4477.700  0.9953  0.9887
 4477.720  0.9843  0.9904
 4477.740  0.9865  0.9854
 4477.760  0.9983  0.9880
 4477.780  1.0133  0.9889
 4477.800  1.0250  0.9809
 4477.820  1.0289  0.9882
 4477.840  1.0266  0.9808
 4477.860  1.0221  0.9797
 4477.880  1.0188  0.9718
 4477.900  1.0190  0.9668
 4477.920  1.0239  0.9686
 4477.940  1.0311  0.9607
 4477.960  1.0338  0.9621
 4477.980  1.0272  0.9691
 4478.000  1.0138  0.9725
 4478.020  1.0016  0.9719
 4478.040  0.9976  0.9629
 4478.060  1.0018  0.9492
 4478.080  1.0093  0.9596
 4478.100  1.0156  0.9672
 4478.120  1.0180  0.9799
 4478.140  1.0161  0.9761
 4478.160  1.0116  0.9724
 4478.180  1.0062  0.9537
 4478.200  0.9992  0.9548
 4478.220  0.9917  0.9658
 4478.240  0.9873  0.9836
 4478.260  0.9864  0.9811
 4478.280  0.9850  0.9858
 4478.300  0.9822  0.9869
 4478.320  0.9802  0.9851
 4478.340  0.9801  0.9859
 4478.360  0.9812  0.9840
 4478.380  0.9832  0.9874
 4478.400  0.9870  0.9864
 4478.420  0.9929  0.9842
 4478.440  0.9984  0.9827
 4478.460  1.0009  0.9854
 4478.480  0.9995  0.9807
 4478.500  0.9961  0.9764
 4478.520  0.9934  0.9518
 4478.540  0.9904  0.9370
 4478.560  0.9872  0.9368
 4478.580  0.9877  0.9456
 4478.600  0.9918  0.9437
 4478.620  0.9945  0.9581
 4478.640  0.9946  0.9734
 4478.660  0.9952  0.9805
 4478.680  0.9970  0.9856
 4478.700  1.0003  0.9933
 4478.720  1.0044  0.9877
 4478.740  1.0066  0.9861
 4478.760  1.0044  0.9858
 4478.780  0.9989  0.9872
 4478.800  0.9921  0.9849
 4478.820  0.9858  0.9846
 4478.840  0.9837  0.9875
 4478.860  0.9894  0.9849
 4478.880  1.0023  0.9862
 4478.900  1.0165  0.9830
 4478.920  1.0239  0.9858
 4478.940  1.0186  0.9804
 4478.960  1.0024  0.9872
 4478.980  0.9853  0.9841
 4479.000  0.9770  0.9860
 4479.020  0.9802  0.9860
 4479.040  0.9895  0.9838
 4479.060  0.9948  0.9806
 4479.080  0.9912  0.9806
 4479.100  0.9828  0.9763
 4479.120  0.9774  0.9762
 4479.140  0.9790  0.9735
 4479.160  0.9829  0.9718
 4479.180  0.9802  0.9711
 4479.200  0.9658  0.9563
 4479.220  0.9478  0.9470
 4479.240  0.9437  0.9093
 4479.260  0.9566  0.8498
 4479.280  0.9696  0.8410
 4479.300  0.9771  0.9002
 4479.320  0.9902  0.9291
 4479.340  1.0091  0.9428
 4479.360  1.0203  0.9389
 4479.380  1.0182  0.9270
 4479.400  1.0108  0.8929
 4479.420  1.0048  0.8408
 4479.440  0.9942  0.8028
 4479.460  0.9788  0.8551
 4479.480  0.9748  0.9022
 4479.500  0.9835  0.9060
 4479.520  0.9821  0.9020
 4479.540  0.9648  0.8863
 4479.560  0.9624  0.8375
 4479.580  0.9983  0.7348
 4479.600  1.0434  0.6621
 4479.620  1.0567  0.7450
 4479.640  1.0471  0.8596
 4479.660  1.0406  0.9141
 4479.680  1.0350  0.9461
 4479.700  1.0230  0.9577
 4479.720  1.0112  0.9647
 4479.740  1.0086  0.9762
 4479.760  1.0154  0.9761
 4479.780  1.0239  0.9841
 4479.800  1.0270  0.9820
 4479.820  1.0252  0.9793
 4479.840  1.0233  0.9845
 4479.860  1.0252  0.9838
 4479.880  1.0291  0.9886
 4479.900  1.0294  0.9888
 4479.920  1.0230  0.9841
 4479.940  1.0124  0.9858
 4479.960  1.0039  0.9822
 4479.980  1.0015  0.9872
 4480.000  1.0041  0.9851
 4480.020  1.0086  0.9911
 4480.040  1.0134  0.9854
 4480.060  1.0188  0.9857
 4480.080  1.0249  0.9830
 4480.100  1.0302  0.9826
 4480.120  1.0317  0.9797
 4480.140  1.0296  0.9814
 4480.160  1.0280  0.9698
 4480.180  1.0279  0.9629
 4480.200  1.0278  0.9682
 4480.220  1.0270  0.9764
 4480.240  1.0243  0.9820
 4480.260  1.0192  0.9818
 4480.280  1.0145  0.9850
 4480.300  1.0150  0.9845
 4480.320  1.0211  0.9872
 4480.340  1.0266  0.9815
 4480.360  1.0237  0.9811
 4480.380  1.0128  0.9774
 4480.400  1.0021  0.9693
 4480.420  0.9996  0.9657
 4480.440  1.0081  0.9739
 4480.460  1.0236  0.9822
 4480.480  1.0364  0.9838
 4480.500  1.0378  0.9819
 4480.520  1.0283  0.9833
 4480.540  1.0170  0.9816
 4480.560  1.0124  0.9798
 4480.580  1.0157  0.9798
 4480.600  1.0223  0.9691
 4480.620  1.0274  0.9607
 4480.640  1.0279  0.9431
 4480.660  1.0223  0.9378
 4480.680  1.0128  0.9528
 4480.700  1.0055  0.9724
 4480.720  1.0034  0.9726
 4480.740  1.0042  0.9766
 4480.760  1.0073  0.9768
 4480.780  1.0150  0.9775
 4480.800  1.0265  0.9802
 4480.820  1.0360  0.9800
 4480.840  1.0365  0.9778
 4480.860  1.0268  0.9772
 4480.880  1.0133  0.9663
 4480.900  1.0061  0.9685
 4480.920  1.0125  0.9662
 4480.940  1.0275  0.9545
 4480.960  1.0344  0.9412
 4480.980  1.0207  0.9173
 4481.000  0.9918  0.8668
 4481.020  0.9677  0.7796
 4481.040  0.9686  0.6755
 4481.060  0.9947  0.6028
 4481.080  1.0224  0.6021
 4481.100  1.0333  0.7013
 4481.120  1.0371  0.8279
 4481.140  1.0459  0.8983
 4481.160  1.0504  0.9331
 4481.180  1.0398  0.9562
 4481.200  1.0208  0.9623
 4481.220  1.0075  0.9707
 4481.240  1.0078  0.9767
 4481.260  1.0174  0.9726
 4481.280  1.0244  0.9788
 4481.300  1.0222  0.9801
 4481.320  1.0135  0.9828
 4481.340  1.0053  0.9809
 4481.360  1.0023  0.9808
 4481.380  1.0037  0.9788
 4481.400  1.0049  0.9757
 4481.420  1.0025  0.9716
 4481.440  0.9978  0.9715
 4481.460  0.9940  0.9654
 4481.480  0.9908  0.9590
 4481.500  0.9846  0.9665
 4481.520  0.9763  0.9730
 4481.540  0.9714  0.9819
 4481.560  0.9739  0.9810
 4481.580  0.9828  0.9826
 4481.600  0.9930  0.9843
 4481.620  0.9970  0.9711
 4481.640  0.9906  0.9659
 4481.660  0.9788  0.9580
 4481.680  0.9721  0.9524
 4481.700  0.9762  0.9539
 4481.720  0.9877  0.9683
 4481.740  0.9983  0.9785
 4481.760  0.9999  0.9868
 4481.780  0.9891  0.9864
 4481.800  0.9677  0.9852
 4481.820  0.9389  0.9888
 4481.840  0.9033  0.9886
 4481.860  0.8603  0.9898
 4481.880  0.8145  0.9880
 4481.900  0.7794  0.9821
 4481.920  0.7732  0.9823
 4481.940  0.8064  0.9765
 4481.960  0.8678  0.9632
 4481.980  0.9307  0.9687
 4482.000  0.9726  0.9757
 4482.020  0.9881  0.9841
 4482.040  0.9865  0.9822
 4482.060  0.9799  0.9856
 4482.080  0.9760  0.9863
 4482.100  0.9756  0.9917
 4482.120  0.9751  0.9891
 4482.140  0.9730  0.9899
 4482.160  0.9714  0.9877
 4482.180  0.9724  0.9841
 4482.200  0.9749  0.9823
 4482.220  0.9766  0.9759
 4482.240  0.9775  0.9654
 4482.260  0.9788  0.9433
 4482.280  0.9793  0.9345
 4482.300  0.9797  0.9538
 4482.320  0.9839  0.9701
 4482.340  0.9912  0.9789
 4482.360  0.9973  0.9830
 4482.380  1.0029  0.9898
 4482.400  1.0115  0.9869
 4482.420  1.0218  0.9893
 4482.440  1.0274  0.9906
 4482.460  1.0216  0.9887
 4482.480  1.0049  0.9919
 4482.500  0.9863  0.9843
 4482.520  0.9765  0.9891
 4482.540  0.9801  0.9859
 4482.560  0.9917  0.9922
 4482.580  1.0002  0.9856
 4482.600  0.9983  0.9869
 4482.620  0.9888  0.9830
 4482.640  0.9810  0.9848
 4482.660  0.9813  0.9808
 4482.680  0.9862  0.9833
 4482.700  0.9881  0.9754
 4482.720  0.9836  0.9722
 4482.740  0.9776  0.9560
 4482.760  0.9768  0.9373
 4482.780  0.9839  0.9296
 4482.800  0.9956  0.9284
 4482.820  1.0036  0.9268
 4482.840  1.0008  0.9421
 4482.860  0.9907  0.9609
 4482.880  0.9843  0.9758
 4482.900  0.9878  0.9845
 4482.920  0.9979  0.9836
 4482.940  1.0059  0.9848
 4482.960  1.0060  0.9833
 4482.980  0.9996  0.9836
 4483.000  0.9938  0.9855
 4483.020  0.9957  0.9836
 4483.040  1.0060  0.9752
 4483.060  1.0184  0.9700
 4483.080  1.0260  0.9709
 4483.100  1.0271  0.9777
 4483.120  1.0247  0.9869
 4483.140  1.0212  0.9910
 4483.160  1.0164  0.9903
 4483.180  1.0106  0.9993
 4483.200  1.0066  0.9927
 4483.220  1.0065  0.9967
 4483.240  1.0101  0.9953
 4483.260  1.0131  0.9886
 4483.280  1.0095  0.9930
 4483.300  0.9998  0.9954
 4483.320  0.9894  0.9909
 4483.340  0.9839  0.9916
 4483.360  0.9866  0.9902
 4483.380  0.9966  0.9886
 4483.400  1.0089  0.9905
 4483.420  1.0190  0.9882
 4483.440  1.0244  0.9893
 4483.460  1.0255  0.9893
 4483.480  1.0230  0.9904
 4483.500  1.0174  0.9906
 4483.520  1.0104  0.9896
 4483.540  1.0062  0.9826
 4483.560  1.0084  0.9656
 4483.580  1.0134  0.9457
 4483.600  1.0142  0.9486
 4483.620  1.0098  0.9593
 4483.640  1.0049  0.9701
 4483.660  1.0030  0.9681
 4483.680  1.0045  0.9721
 4483.700  1.0083  0.9709
 4483.720  1.0122  0.9810
 4483.740  1.0143  0.9842
 4483.760  1.0132  0.9898
 4483.780  1.0105  0.9901
 4483.800  1.0092  0.9895
 4483.820  1.0112  0.9892
 4483.840  1.0157  0.9922
 4483.860  1.0200  0.9933
 4483.880  1.0209  0.9932
 4483.900  1.0175  0.9895
 4483.920  1.0120  0.9924
 4483.940  1.0098  0.9931
 4483.960  1.0134  0.9915
 4483.980  1.0200  0.9905
 4484.000  1.0257  0.9927
 4484.020  1.0296  0.9925
 4484.040  1.0311  0.9859
 4484.060  1.0292  0.9846
 4484.080  1.0237  0.9828
 4484.100  1.0165  0.9880
 4484.120  1.0112  0.9916
 4484.140  1.0101  0.9897
 4484.160  1.0115  0.9897
 4484.180  1.0131  0.9885
 4484.200  1.0139  0.9864
 4484.220  1.0142  0.9760
 4484.240  1.0157  0.9730
 4484.260  1.0209  0.9732
 4484.280  1.0313  0.9806
 4484.300  1.0449  0.9914
 4484.320  1.0553  0.9930
 4484.340  1.0558  0.9958
 4484.360  1.0457  0.9930
 4484.380  1.0308  0.9930
 4484.400  1.0196  0.9903
 4484.420  1.0167  0.9932
 4484.440  1.0191  0.9851
 4484.460  1.0202  0.9914
 4484.480  1.0180  0.9914
 4484.500  1.0144  0.9880
 4484.520  1.0118  0.9899
 4484.540  1.0124  0.9934
 4484.560  1.0163  0.9944
 4484.580  1.0199  0.9945
 4484.600  1.0190  0.9923
 4484.620  1.0129  0.9952
 4484.640  1.0044  0.9956
 4484.660  0.9965  0.9950
 4484.680  0.9902  0.9948
 4484.700  0.9863  0.9940
 4484.720  0.9856  0.9931
 4484.740  0.9889  0.9929
 4484.760  0.9960  0.9987
 4484.780  1.0029  0.9920
 4484.800  1.0026  0.9942
 4484.820  0.9916  0.9928
 4484.840  0.9739  0.9920
 4484.860  0.9583  0.9927
 4484.880  0.9520  0.9899
 4484.900  0.9569  0.9974
 4484.920  0.9692  0.9972
 4484.940  0.9804  0.9941
 4484.960  0.9845  0.9964
 4484.980  0.9838  0.9961
 4485.000  0.9849  0.9913
 4485.020  0.9915  0.9910
 4485.040  1.0026  0.9872
 4485.060  1.0129  0.9899
 4485.080  1.0167  0.9847
 4485.100  1.0119  0.9898
 4485.120  1.0020  0.9890
 4485.140  0.9931  0.9887
 4485.160  0.9874  0.9808
 4485.180  0.9840  0.9786
 4485.200  0.9805  0.9697
 4485.220  0.9755  0.9725
 4485.240  0.9719  0.9802
 4485.260  0.9741  0.9852
 4485.280  0.9821  0.9897
 4485.300  0.9910  0.9901
 4485.320  0.9942  0.9901
 4485.340  0.9888  0.9926
 4485.360  0.9785  0.9967
 4485.380  0.9703  0.9941
 4485.400  0.9691  0.9952
 4485.420  0.9754  0.9937
 4485.440  0.9851  0.9926
 4485.460  0.9931  0.9974
 4485.480  0.9960  0.9945
 4485.500  0.9932  0.9948
 4485.520  0.9874  0.9954
 4485.540  0.9839  0.9943
 4485.560  0.9858  0.9932
 4485.580  0.9920  0.9912
 4485.600  0.9987  0.9941
 4485.620  1.0032  0.9939
 4485.640  1.0043  0.9880
 4485.660  1.0008  0.9785
 4485.680  0.9924  0.9736
 4485.700  0.9837  0.9843
 4485.720  0.9816  0.9870
 4485.740  0.9881  0.9834
 4485.760  0.9988  0.9810
 4485.780  1.0066  0.9637
 4485.800  1.0067  0.9693
 4485.820  1.0024  0.9718
 4485.840  0.9998  0.9765
 4485.860  1.0023  0.9863
 4485.880  1.0094  0.9876
 4485.900  1.0160  0.9862
 4485.920  1.0179  0.9908
 4485.940  1.0153  0.9893
 4485.960  1.0113  0.9893
 4485.980  1.0085  0.9911
 4486.000  1.0078  0.9881
 4486.020  1.0073  0.9906
 4486.040  1.0049  0.9863
 4486.060  1.0009  0.9860
 4486.080  0.9981  0.9758
 4486.100  1.0003  0.9661
 4486.120  1.0072  0.9487
 4486.140  1.0106  0.9326
 4486.160  1.0041  0.9516
 4486.180  0.9936  0.9726
 4486.200  0.9894  0.9818
 4486.220  0.9925  0.9779
 4486.240  0.9982  0.9868
 4486.260  1.0040  0.9881
 4486.280  1.0081  0.9889
 4486.300  1.0081  0.9890
 4486.320  1.0038  0.9880
 4486.340  0.9979  0.9899
 4486.360  0.9939  0.9925
 4486.380  0.9937  0.9934
 4486.400  0.9961  0.9966
 4486.420  0.9996  0.9982
 4486.440  1.0027  0.9950
 4486.460  1.0052  0.9943
 4486.480  1.0073  0.9929
 4486.500  1.0089  0.9943
 4486.520  1.0093  0.9969
 4486.540  1.0057  0.9908
 4486.560  0.9963  0.9925
 4486.580  0.9852  0.9945
 4486.600  0.9802  0.9931
 4486.620  0.9865  0.9934
 4486.640  1.0025  0.9894
 4486.660  1.0200  0.9872
 4486.680  1.0306  0.9904
 4486.700  1.0317  0.9878
 4486.720  1.0268  0.9878
 4486.740  1.0202  0.9778
 4486.760  1.0131  0.9735
 4486.780  1.0054  0.9807
 4486.800  0.9996  0.9865
 4486.820  0.9979  0.9894
 4486.840  1.0013  0.9925
 4486.860  1.0076  0.9888
 4486.880  1.0117  0.9916
 4486.900  1.0099  0.9955
 4486.920  1.0016  0.9918
 4486.940  0.9900  0.9916
 4486.960  0.9835  0.9953
 4486.980  0.9897  0.9911
 4487.000  1.0071  0.9928
 4487.020  1.0257  0.9918
 4487.040  1.0338  0.9921
 4487.060  1.0267  0.9934
 4487.080  1.0099  0.9906
 4487.100  0.9948  0.9908
 4487.120  0.9903  0.9886
 4487.140  0.9976  0.9938
 4487.160  1.0107  0.9906
 4487.180  1.0210  0.9895
 4487.200  1.0243  0.9919
 4487.220  1.0234  0.9888
 4487.240  1.0225  0.9893
 4487.260  1.0228  0.9915
 4487.280  1.0240  0.9917
 4487.300  1.0246  0.9891
 4487.320  1.0241  0.9886
 4487.340  1.0247  0.9853
 4487.360  1.0270  0.9822
 4487.380  1.0290  0.9823
 4487.400  1.0293  0.9778
 4487.420  1.0271  0.9705
 4487.440  1.0230  0.9620
 4487.460  1.0189  0.9622
 4487.480  1.0170  0.9681
 4487.500  1.0171  0.9755
 4487.520  1.0164  0.9786
 4487.540  1.0111  0.9785
 4487.560  1.0021  0.9830
 4487.580  0.9948  0.9848
 4487.600  0.9937  0.9833
 4487.620  0.9978  0.9804
 4487.640  1.0032  0.9744
 4487.660  1.0070  0.9647
 4487.680  1.0103  0.9625
 4487.700  1.0148  0.9538
 4487.720  1.0194  0.9612
 4487.740  1.0229  0.9736
 4487.760  1.0249  0.9806
 4487.780  1.0229  0.9742
 4487.800  1.0166  0.9839
 4487.820  1.0103  0.9816
 4487.840  1.0082  0.9880
 4487.860  1.0102  0.9893
 4487.880  1.0131  0.9882
 4487.900  1.0138  0.9892
 4487.920  1.0125  0.9891
 4487.940  1.0105  0.9851
 4487.960  1.0075  0.9840
 4487.980  1.0031  0.9786
 4488.000  0.9972  0.9704
 4488.020  0.9906  0.9617
 4488.040  0.9856  0.9657
 4488.060  0.9867  0.9786
 4488.080  0.9933  0.9784
 4488.100  0.9981  0.9886
 4488.120  0.9959  0.9888
 4488.140  0.9896  0.9885
 4488.160  0.9864  0.9844
 4488.180  0.9915  0.9802
 4488.200  1.0026  0.9742
 4488.220  1.0101  0.9740
 4488.240  1.0085  0.9838
 4488.260  1.0010  0.9813
 4488.280  0.9942  0.9864
 4488.300  0.9943  0.9889
 4488.320  1.0018  0.9927
 4488.340  1.0087  0.9889
 4488.360  1.0058  0.9899
 4488.380  0.9925  0.9937
 4488.400  0.9776  0.9899
 4488.420  0.9697  0.9907
 4488.440  0.9709  0.9868
 4488.460  0.9759  0.9882
 4488.480  0.9782  0.9850
 4488.500  0.9761  0.9873
 4488.520  0.9738  0.9802
 4488.540  0.9764  0.9835
 4488.560  0.9837  0.9777
 4488.580  0.9898  0.9777
 4488.600  0.9882  0.9706
 4488.620  0.9790  0.9643
 4488.640  0.9697  0.9543
 4488.660  0.9662  0.9387
 4488.680  0.9673  0.9458
 4488.700  0.9719  0.9668
 4488.720  0.9782  0.9748
 4488.740  0.9821  0.9778
 4488.760  0.9815  0.9862
 4488.780  0.9802  0.9857
 4488.800  0.9825  0.9909
 4488.820  0.9885  0.9859
 4488.840  0.9951  0.9913
 4488.860  1.0003  0.9865
 4488.880  1.0046  0.9947
 4488.900  1.0089  0.9851
 4488.920  1.0109  0.9827
 4488.940  1.0068  0.9761
 4488.960  0.9959  0.9692
 4488.980  0.9821  0.9723
 4489.000  0.9743  0.9803
 4489.020  0.9786  0.9866
 4489.040  0.9910  0.9865
 4489.060  0.9987  0.9849
 4489.080  0.9912  0.9816
 4489.100  0.9710  0.9852
 4489.120  0.9525  0.9855
 4489.140  0.9479  0.9751
 4489.160  0.9493  0.9572
 4489.180  0.9344  0.9619
 4489.200  0.8867  0.9733
 4489.220  0.8086  0.9796
 4489.240  0.7216  0.9853
 4489.260  0.6580  0.9873
 4489.280  0.6440  0.9885
 4489.300  0.6851  0.9917
 4489.320  0.7622  0.9898
 4489.340  0.8441  0.9887
 4489.360  0.9065  0.9894
 4489.380  0.9427  0.9860
 4489.400  0.9617  0.9911
 4489.420  0.9762  0.9889
 4489.440  0.9901  0.9895
 4489.460  0.9987  0.9905
 4489.480  0.9973  0.9896
 4489.500  0.9873  0.9913
 4489.520  0.9777  0.9909
 4489.540  0.9763  0.9916
 4489.560  0.9832  0.9902
 4489.580  0.9904  0.9906
 4489.600  0.9903  0.9885
 4489.620  0.9831  0.9893
 4489.640  0.9770  0.9815
 4489.660  0.9815  0.9879
 4489.680  0.9988  0.9771
 4489.700  1.0185  0.9742
 4489.720  1.0262  0.9695
 4489.740  1.0185  0.9723
 4489.760  1.0054  0.9769
 4489.780  1.0009  0.9754
 4489.800  1.0089  0.9704
 4489.820  1.0184  0.9617
 4489.840  1.0151  0.9400
 4489.860  0.9969  0.9110
 4489.880  0.9763  0.8524
 4489.900  0.9694  0.7861
 4489.920  0.9867  0.7728
 4489.940  1.0180  0.7472
 4489.960  1.0327  0.7953
 4489.980  1.0199  0.8806
 4490.000  1.0011  0.9247
 4490.020  0.9951  0.9240
 4490.040  1.0004  0.9131
 4490.060  1.0063  0.9077
 4490.080  1.0065  0.9411
 4490.100  1.0050  0.9601
 4490.120  1.0069  0.9521
 4490.140  1.0090  0.9315
 4490.160  1.0046  0.9137
 4490.180  0.9945  0.9407
 4490.200  0.9884  0.9675
 4490.220  0.9905  0.9777
 4490.240  0.9937  0.9810
 4490.260  0.9914  0.9859
 4490.280  0.9864  0.9867
 4490.300  0.9838  0.9831
 4490.320  0.9856  0.9897
 4490.340  0.9908  0.9868
 4490.360  0.9948  0.9855
 4490.380  0.9937  0.9848
 4490.400  0.9882  0.9859
 4490.420  0.9829  0.9902
 4490.440  0.9818  0.9867
 4490.460  0.9854  0.9908
 4490.480  0.9925  0.9868
 4490.500  1.0008  0.9877
 4490.520  1.0087  0.9825
 4490.540  1.0153  0.9793
 4490.560  1.0206  0.9730
 4490.580  1.0244  0.9631
 4490.600  1.0255  0.9610
 4490.620  1.0239  0.9586
 4490.640  1.0177  0.9549
 4490.660  1.0020  0.9529
 4490.680  0.9737  0.9552
 4490.700  0.9382  0.9692
 4490.720  0.9071  0.9708
 4490.740  0.8915  0.9795
 4490.760  0.8967  0.9810
 4490.780  0.9194  0.9772
 4490.800  0.9495  0.9808
 4490.820  0.9775  0.9831
 4490.840  0.9981  0.9838
 4490.860  1.0096  0.9824
 4490.880  1.0130  0.9812
 4490.900  1.0118  0.9806
 4490.920  1.0096  0.9770
 4490.940  1.0094  0.9760
 4490.960  1.0131  0.9706
 4490.980  1.0195  0.9604
 4491.000  1.0231  0.9465
 4491.020  1.0212  0.9270
 4491.040  1.0181  0.8954
 4491.060  1.0187  0.8339
 4491.080  1.0210  0.7733
 4491.100  1.0254  0.7595
 4491.120  1.0356  0.7511
 4491.140  1.0415  0.7678
 4491.160  1.0321  0.8456
 4491.180  1.0175  0.9145
 4491.200  1.0101  0.9443
 4491.220  1.0073  0.9580
 4491.240  1.0030  0.9676
 4491.260  0.9982  0.9734
 4491.280  0.9954  0.9755
 4491.300  0.9955  0.9789
 4491.320  0.9994  0.9824
 4491.340  1.0070  0.9819
 4491.360  1.0163  0.9802
 4491.380  1.0227  0.9792
 4491.400  1.0223  0.9800
 4491.420  1.0142  0.9821
 4491.440  1.0006  0.9822
 4491.460  0.9865  0.9817
 4491.480  0.9774  0.9808
 4491.500  0.9779  0.9741
 4491.520  0.9864  0.9613
 4491.540  0.9950  0.9513
 4491.560  0.9963  0.9581
 4491.580  0.9906  0.9733
 4491.600  0.9837  0.9825
 4491.620  0.9791  0.9839
 4491.640  0.9773  0.9837
 4491.660  0.9790  0.9840
 4491.680  0.9854  0.9840
 4491.700  0.9953  0.9842
 4491.720  1.0042  0.9842
 4491.740  1.0069  0.9844
 4491.760  1.0010  0.9845
 4491.780  0.9895  0.9847
 4491.800  0.9791  0.9847
 4491.820  0.9755  0.9850
 4491.840  0.9787  0.9848
 4491.860  0.9832  0.9862
 4491.880  0.9828  0.9863
 4491.900  0.9746  0.9846
 4491.920  0.9612  0.9849
 4491.940  0.9480  0.9863
 4491.960  0.9374  0.9881
 4491.980  0.9259  0.9887
 4492.000  0.9074  0.9905
 4492.020  0.8806  0.9894
 4492.040  0.8530  0.9918
 4492.060  0.8366  0.9879
 4492.080  0.8395  0.9912
 4492.100  0.8601  0.9915
 4492.120  0.8875  0.9909
 4492.140  0.9072  0.9822
 4492.160  0.9127  0.9796
 4492.180  0.9098  0.9675
 4492.200  0.9087  0.9550
 4492.220  0.9137  0.9454
 4492.240  0.9239  0.9628
 4492.260  0.9376  0.9753
 4492.280  0.9520  0.9876
 4492.300  0.9622  0.9828
 4492.320  0.9642  0.9871
 4492.340  0.9595  0.9900
 4492.360  0.9530  0.9882
 4492.380  0.9472  0.9873
 4492.400  0.9447  0.9930
 4492.420  0.9469  0.9908
 4492.440  0.9519  0.9919
 4492.460  0.9542  0.9864
 4492.480  0.9499  0.9829
 4492.500  0.9400  0.9775
 4492.520  0.9298  0.9693
 4492.540  0.9238  0.9673
 4492.560  0.9225  0.9737
 4492.580  0.9204  0.9729
 4492.600  0.9080  0.9776
 4492.620  0.8823  0.9832
 4492.640  0.8514  0.9815
 4492.660  0.8275  0.9834
 4492.680  0.8178  0.9795
 4492.700  0.8203  0.9777
 4492.720  0.8276  0.9707
 4492.740  0.8395  0.9493
 4492.760  0.8629  0.8984
 4492.780  0.8920  0.8184
 4492.800  0.9080  0.8118
 4492.820  0.9101  0.8847
 4492.840  0.9171  0.9398
 4492.860  0.9359  0.9636
 4492.880  0.9557  0.9706
 4492.900  0.9688  0.9775
 4492.920  0.9785  0.9837
 4492.940  0.9889  0.9837
 4492.960  0.9982  0.9917
 4492.980  1.0023  0.9890
 4493.000  0.9992  0.9925
 4493.020  0.9929  0.9900
 4493.040  0.9909  0.9944
 4493.060  0.9968  0.9885
 4493.080  1.0075  0.9941
 4493.100  1.0163  0.9883
 4493.120  1.0178  0.9927
 4493.140  1.0135  0.9930
 4493.160  1.0092  0.9947
 4493.180  1.0083  0.9920
 4493.200  1.0098  0.9917
 4493.220  1.0111  0.9949
 4493.240  1.0096  0.9886
 4493.260  1.0051  0.9943
 4493.280  1.0003  0.9931
 4493.300  0.9983  0.9924
 4493.320  0.9985  0.9868
 4493.340  0.9991  0.9879
 4493.360  1.0003  0.9871
 4493.380  1.0026  0.9851
 4493.400  1.0058  0.9856
 4493.420  1.0090  0.9841
 4493.440  1.0113  0.9812
 4493.460  1.0112  0.9778
 4493.480  1.0080  0.9776
 4493.500  1.0034  0.9855
 4493.520  0.9999  0.9867
 4493.540  0.9981  0.9891
 4493.560  0.9986  0.9908
 4493.580  1.0023  0.9837
 4493.600  1.0090  0.9807
 4493.620  1.0163  0.9755
 4493.640  1.0197  0.9730
 4493.660  1.0173  0.9802
 4493.680  1.0135  0.9870
 4493.700  1.0134  0.9836
 4493.720  1.0173  0.9810
 4493.740  1.0222  0.9837
 4493.760  1.0247  0.9772
 4493.780  1.0238  0.9778
 4493.800  1.0221  0.9725
 4493.820  1.0237  0.9688
 4493.840  1.0269  0.9625
 4493.860  1.0240  0.9476
 4493.880  1.0141  0.9244
 4493.900 -1.0000  0.8758
 4493.920 -1.0000  0.7745
 4493.940 -1.0000  0.5962
 4493.960 -1.0000  0.5011
 4493.980 -1.0000  0.6400
 4494.000 -1.0000  0.8081
 4494.020  1.0021  0.8908
 4494.040  1.0172  0.9344
 4494.060  1.0239  0.9527
 4494.080  1.0185  0.9652
 4494.100  1.0144  0.9712
 4494.120  1.0199  0.9719
 4494.140  1.0288  0.9801
 4494.160  1.0308  0.9804
 4494.180  1.0221  0.9803
 4494.200  1.0097  0.9835
 4494.220  1.0056  0.9837
 4494.240  1.0134  0.9819
 4494.260  1.0260  0.9823
 4494.280  1.0317  0.9770
 4494.300  1.0255  0.9827
 4494.320  1.0150  0.9857
 4494.340  1.0125  0.9912
 4494.360  1.0223  0.9887
 4494.380  1.0375  0.9888
 4494.400  1.0460  0.9838
 4494.420  1.0402  0.9866
 4494.440  1.0239  0.9872
 4494.460  1.0072  0.9909
 4494.480  0.9984  0.9903
 4494.500  0.9999  0.9932
 4494.520  1.0072  0.9824
 4494.540  1.0137  0.9845
 4494.560  1.0164  0.9821
 4494.580  1.0161  0.9869
 4494.600  1.0144  0.9936
 4494.620  1.0120  0.9926
 4494.640  1.0075  0.9944
 4494.660  1.0015  0.9928
 4494.680  0.9978  0.9964
 4494.700  0.9987  0.9901
 4494.720  1.0032  0.9938
 4494.740  1.0088  0.9944
 4494.760  1.0121  0.9893
 4494.780  1.0113  0.9904
 4494.800  1.0088  0.9840
 4494.820  1.0073  0.9721
 4494.840  1.0065  0.9608
 4494.860  1.0057  0.9543
 4494.880  1.0058  0.9555
 4494.900  1.0069  0.9540
 4494.920  1.0067  0.9656
 4494.940  1.0053  0.9823
 4494.960  1.0048  0.9904
 4494.980  1.0053  0.9900
 4495.000  1.0053  0.9921
 4495.020  1.0054  0.9922
 4495.040  1.0067  0.9946
 4495.060  1.0083  0.9943
 4495.080  1.0070  0.9888
 4495.100  1.0006  0.9933
 4495.120  0.9923  0.9928
 4495.140  0.9874  0.9931
 4495.160  0.9882  0.9895
 4495.180  0.9931  0.9861
 4495.200  0.9989  0.9851
 4495.220  1.0018  0.9784
 4495.240  0.9999  0.9791
 4495.260  0.9948  0.9855
 4495.280  0.9908  0.9893
 4495.300  0.9905  0.9923
 4495.320  0.9937  0.9956
 4495.340  0.9984  0.9910
 4495.360  1.0006  0.9911
 4495.380  0.9972  0.9907
 4495.400  0.9878  0.9911
 4495.420  0.9753  0.9924
 4495.440  0.9658  0.9950
 4495.460  0.9649  0.9917
 4495.480  0.9733  0.9955
 4495.500  0.9860  0.9964
 4495.520  0.9952  0.9967
 4495.540  0.9955  0.9975
 4495.560  0.9891  0.9983
 4495.580  0.9846  0.9944
 4495.600  0.9888  0.9964
 4495.620  1.0012  0.9962
 4495.640  1.0128  0.9938
 4495.660  1.0126  0.9941
 4495.680  0.9979  0.9932
 4495.700  0.9785  0.9958
 4495.720  0.9679  0.9939
 4495.740  0.9724  0.9964
 4495.760  0.9871  0.9954
 4495.780  1.0004  0.9980
 4495.800  1.0039  0.9951
 4495.820  0.9999  0.9988
 4495.840  0.9975  0.9916
 4495.860  1.0035  0.9937
 4495.880  1.0161  0.9916
 4495.900  1.0268  0.9915
 4495.920  1.0274  0.9913
 4495.940  1.0174  0.9935
 4495.960  1.0040  0.9897
 4495.980  0.9942  0.9868
 4496.000  0.9908  0.9854
 4496.020  0.9936  0.9775
 4496.040  1.0013  0.9648
 4496.060  1.0105  0.9480
 4496.080  1.0166  0.9422
 4496.100  1.0198  0.9713
 4496.120  1.0229  0.9790
 4496.140  1.0234  0.9908
 4496.160  1.0159  0.9865
 4496.180  1.0020  0.9886
 4496.200  0.9915  0.9901
 4496.220  0.9928  0.9870
 4496.240  1.0049  0.9900
 4496.260  1.0181  0.9831
 4496.280  1.0229  0.9823
 4496.300  1.0176  0.9734
 4496.320  1.0079  0.9668
 4496.340  1.0011  0.9677
 4496.360  1.0027  0.9790
 4496.380  1.0116  0.9845
 4496.400  1.0199  0.9834
 4496.420  1.0195  0.9798
 4496.440  1.0090  0.9762
 4496.460  0.9965  0.9805
 4496.480  0.9940  0.9856
 4496.500  1.0061  0.9805
 4496.520  1.0250  0.9752
 4496.540  1.0385  0.9804
 4496.560  1.0407  0.9861
 4496.580  1.0333  0.9892
 4496.600  1.0206  0.9858
 4496.620  1.0068  0.9830
 4496.640  0.9965  0.9858
 4496.660  0.9937  0.9874
 4496.680  0.9983  0.9898
 4496.700  1.0061  0.9917
 4496.720  1.0118  0.9910
 4496.740  1.0121  0.9881
 4496.760  1.0093  0.9887
 4496.780  1.0098  0.9849
 4496.800  1.0169  0.9772
 4496.820  1.0265  0.9742
 4496.840  1.0322  0.9805
 4496.860  1.0304  0.9794
 4496.880  1.0227  0.9825
 4496.900  1.0146  0.9787
 4496.920  1.0099  0.9723
 4496.940  1.0086  0.9776
 4496.960  1.0093  0.9861
 4496.980  1.0097  0.9811
 4497.000  1.0070  0.9776
 4497.020  1.0011  0.9639
 4497.040  0.9953  0.9620
 4497.060  0.9946  0.9716
 4497.080  1.0020  0.9801
 4497.100  1.0140  0.9882
 4497.120  1.0238  0.9927
 4497.140  1.0272  0.9894
 4497.160  1.0260  0.9976
 4497.180  1.0265  0.9936
 4497.200  1.0319  0.9954
 4497.220  1.0395  0.9954
 4497.240  1.0445  0.9946
 4497.260  1.0444  0.9967
 4497.280  1.0401  0.9949
 4497.300  1.0353  0.9959
 4497.320  1.0317  0.9919
 4497.340  1.0270  0.9912
 4497.360  1.0183  0.9897
 4497.380  1.0062  0.9921
 4497.400  0.9954  0.9891
 4497.420  0.9901  0.9862
 4497.440  0.9870  0.9768
 4497.460  0.9764  0.9843
 4497.480  0.9497  0.9910
 4497.500  0.9019  0.9882
 4497.520  0.8337  0.9818
 4497.540  0.7564  0.9786
 4497.560  0.6921  0.9808
 4497.580  0.6642  0.9872
 4497.600  0.6848  0.9905
 4497.620  0.7479  0.9934
 4497.640  0.8317  0.9899
 4497.660  0.9093  0.9895
 4497.680  0.9630  0.9953
 4497.700  0.9896  0.9911
 4497.720  0.9970  0.9938
 4497.740  0.9980  0.9955
 4497.760  1.0009  0.9937
 4497.780  1.0057  0.9957
 4497.800  1.0079  0.9964
 4497.820  1.0049  0.9963
 4497.840  0.9991  0.9967
 4497.860  0.9958  0.9950
 4497.880  0.9993  0.9977
 4497.900  1.0076  0.9920
 4497.920  1.0137  0.9940
 4497.940  1.0132  0.9963
 4497.960  1.0079  0.9941
 4497.980  1.0029  0.9942
 4498.000  1.0027  0.9948
 4498.020  1.0064  0.9925
 4498.040  1.0085  0.9936
 4498.060  1.0045  0.9930
 4498.080  0.9955  0.9927
 4498.100  0.9875  0.9889
 4498.120  0.9861  0.9932
 4498.140  0.9912  0.9887
 4498.160  0.9963  0.9902
 4498.180  0.9954  0.9896
 4498.200  0.9897  0.9908
 4498.220  0.9868  0.9828
 4498.240  0.9924  0.9810
 4498.260  1.0039  0.9738
 4498.280  1.0116  0.9768
 4498.300  1.0075  0.9845
 4498.320  0.9932  0.9841
 4498.340  0.9781  0.9887
 4498.360  0.9737  0.9839
 4498.380  0.9852  0.9838
 4498.400  1.0061  0.9722
 4498.420  1.0222  0.9637
 4498.440  1.0228  0.9517
 4498.460  1.0072  0.9473
 4498.480  0.9875  0.9581
 4498.500  0.9778  0.9605
 4498.520  0.9815  0.9704
 4498.540  0.9913  0.9710
 4498.560  0.9979  0.9755
 4498.580  0.9988  0.9840
 4498.600  0.9992  0.9864
 4498.620  1.0036  0.9893
 4498.640  1.0103  0.9916
 4498.660  1.0133  0.9886
 4498.680  1.0088  0.9912
 4498.700  1.0006  0.9926
 4498.720  0.9973  0.9882
 4498.740  1.0028  0.9899
 4498.760  1.0138  0.9895
 4498.780  1.0212  0.9927
 4498.800  1.0176  0.9912
 4498.820  1.0035  0.9901
 4498.840  0.9874  0.9869
 4498.860  0.9793  0.9864
 4498.880  0.9834  0.9883
 4498.900  0.9944  0.9915
 4498.920  1.0017  0.9888
 4498.940  0.9968  0.9882
 4498.960  0.9813  0.9890
 4498.980  0.9650  0.9859
 4499.000  0.9580  0.9859
 4499.020  0.9634  0.9793
 4499.040  0.9772  0.9735
 4499.060  0.9919  0.9623
 4499.080  0.9998  0.9449
 4499.100  0.9967  0.9388
 4499.120  0.9859  0.9447
 4499.140  0.9756  0.9548
 4499.160  0.9724  0.9678
 4499.180  0.9767  0.9719
 4499.200  0.9849  0.9762
 4499.220  0.9921  0.9752
 4499.240  0.9969  0.9826
 4499.260  1.0011  0.9839
 4499.280  1.0041  0.9804
 4499.300  1.0030  0.9844
 4499.320  0.9980  0.9879
 4499.340  0.9913  0.9851
 4499.360  0.9861  0.9898
 4499.380  0.9858  0.9906
 4499.400  0.9907  0.9928
 4499.420  0.9976  0.9974
 4499.440  1.0021  0.9987
 4499.460  1.0012  0.9970
 4499.480  0.9958  0.9956
 4499.500  0.9907  0.9915
 4499.520  0.9911  0.9924
 4499.540  0.9989  0.9920
 4499.560  1.0096  0.9925
 4499.580  1.0163  0.9937
 4499.600  1.0150  0.9959
 4499.620  1.0084  0.9939
 4499.640  1.0031  0.9920
 4499.660  1.0054  0.9921
 4499.680  1.0171  0.9883
 4499.700  1.0332  0.9914
 4499.720  1.0449  0.9862
 4499.740  1.0444  0.9864
 4499.760  1.0315  0.9938
 4499.780  1.0131  0.9880
 4499.800  0.9967  0.9940
 4499.820  0.9880  0.9928
 4499.840  0.9884  0.9899
 4499.860  0.9947  0.9924
 4499.880  1.0031  0.9897
 4499.900  1.0123  0.9942
 4499.920  1.0223  0.9915
 4499.940  1.0319  0.9884
 4499.960  1.0373  0.9853
 4499.980  1.0367  0.9913
 4500.000  1.0321  0.9884
 4500.020  1.0266  0.9886
 4500.040  1.0226  0.9850
 4500.060  1.0216  0.9872
 4500.080  1.0228  0.9914
 4500.100  1.0235  0.9922
 4500.120  1.0202  0.9937
 4500.140  1.0125  0.9920
 4500.160  1.0042  0.9881
 4500.180  1.0019  0.9922
 4500.200  1.0097  0.9867
 4500.220  1.0232  0.9823
 4500.240  1.0328  0.9842
 4500.260  1.0330  0.9847
 4500.280  1.0264  0.9901
 4500.300  1.0200  0.9902
 4500.320  1.0193  0.9918
 4500.340  1.0239  0.9899
 4500.360  1.0274  0.9847
 4500.380  1.0261  0.9887
 4500.400  1.0222  0.9803
 4500.420  1.0209  0.9801
 4500.440  1.0244  0.9755
 4500.460  1.0270  0.9682
 4500.480  1.0195  0.9583
 4500.500  1.0040  0.9468
 4500.520  0.9976  0.8993
 4500.540  1.0101  0.8299
 4500.560  1.0247  0.7785
 4500.580  1.0228  0.8396
 4500.600  1.0143  0.9158
 4500.620  1.0134  0.9557
 4500.640  1.0142  0.9696
 4500.660  1.0100  0.9763
 4500.680  1.0069  0.9862
 4500.700  1.0132  0.9833
 4500.720  1.0263  0.9850
 4500.740  1.0346  0.9839
 4500.760  1.0317  0.9877
 4500.780  1.0220  0.9858
 4500.800  1.0140  0.9778
 4500.820  1.0132  0.9851
 4500.840  1.0196  0.9871
 4500.860  1.0269  0.9902
 4500.880  1.0289  0.9922
 4500.900  1.0248  0.9873
 4500.920  1.0184  0.9887
 4500.940  1.0139  0.9896
 4500.960  1.0124  0.9950
 4500.980  1.0111  0.9908
 4501.000  1.0086  0.9927
 4501.020  1.0076  0.9898
 4501.040  1.0114  0.9829
 4501.060  1.0193  0.9877
 4501.080  1.0268  0.9859
 4501.100  1.0276  0.9776
 4501.120  1.0191  0.9791
 4501.140  1.0083  0.9740
 4501.160  1.0048  0.9684
 4501.180  1.0117  0.9504
 4501.200  1.0244  0.9244
 4501.220  1.0313  0.8742
 4501.240  1.0156  0.8184
 4501.260  0.9812  0.8244
 4501.280  0.9669  0.8433
 4501.300  0.9940  0.8002
 4501.320  1.0306  0.7966
 4501.340  1.0445  0.8755
 4501.360  1.0440  0.9281
 4501.380  1.0456  0.9547
 4501.400  1.0490  0.9666
 4501.420  1.0477  0.9700
 4501.440  1.0374  0.9715
 4501.460  1.0198  0.9758
 4501.480  1.0027  0.9744
 4501.500  0.9938  0.9695
 4501.520  0.9936  0.9676
 4501.540  0.9926  0.9580
 4501.560  0.9792  0.9416
 4501.580  0.9558  0.9111
 4501.600  0.9452  0.8464
 4501.620  0.9630  0.7386
 4501.640  0.9883  0.6772
 4501.660  0.9967  0.7537
 4501.680  0.9998  0.8672
 4501.700  1.0115  0.9213
 4501.720  1.0185  0.9474
 4501.740  1.0062  0.9628
 4501.760  0.9832  0.9688
 4501.780  0.9692  0.9812
 4501.800  0.9718  0.9745
 4501.820  0.9794  0.9790
 4501.840  0.9729  0.9843
 4501.860  0.9395  0.9876
 4501.880  0.8794  0.9866
 4501.900  0.8049  0.9902
 4501.920  0.7351  0.9843
 4501.940  0.6881  0.9868
 4501.960  0.6756  0.9873
 4501.980  0.6989  0.9892
 4502.000  0.7495  0.9915
 4502.020  0.8126  0.9936
 4502.040  0.8728  0.9897
 4502.060  0.9194  0.9911
 4502.080  0.9513  0.9944
 4502.100  0.9738  0.9944
 4502.120  0.9920  0.9963
 4502.140  1.0064  0.9919
 4502.160  1.0147  0.9932
 4502.180  1.0165  0.9928
 4502.200  1.0145  0.9899
 4502.220  1.0115  0.9893
 4502.240  1.0086  0.9895
 4502.260  1.0040  0.9903
 4502.280  0.9952  0.9934
 4502.300  0.9829  0.9958
 4502.320  0.9713  0.9972
 4502.340  0.9654  0.9948
 4502.360  0.9670  0.9922
 4502.380  0.9746  0.9875
 4502.400  0.9844  0.9816
 4502.420  0.9920  0.9707
 4502.440  0.9942  0.9716
 4502.460  0.9937  0.9822
 4502.480  0.9956  0.9863
 4502.500  1.0005  0.9898
 4502.520  1.0062  0.9933
 4502.540  1.0108  0.9928
 4502.560  1.0141  0.9958
 4502.580  1.0166  0.9959
 4502.600  1.0175  0.9926
 4502.620  1.0151  0.9950
 4502.640  1.0100  0.9939
 4502.660  1.0046  0.9962
 4502.680  1.0011  0.9974
 4502.700  1.0002  0.9977
 4502.720  0.9995  0.9929
 4502.740  0.9974  0.9909
 4502.760  0.9969  0.9901
 4502.780  1.0011  0.9786
 4502.800  1.0090  0.9815
 4502.820  1.0165  0.9838
 4502.840  1.0168  0.9855
 4502.860  1.0068  0.9886
 4502.880  0.9919  0.9901
 4502.900  0.9818  0.9742
 4502.920  0.9799  0.9685
 4502.940  0.9840  0.9747
 4502.960  0.9900  0.9849
 4502.980 -1.0000  0.9928
 4503.000 -1.0000  0.9929
 4472.000  0.0000        
 4472.020  0.0000        
 4472.040  0.0229        
 4472.060  0.0328        
 4472.080  0.0324        
 4472.100  0.0213        
 4472.120  0.0049        
 4472.140 -0.0100        
 4472.160 -0.0174        
 4472.180 -0.0162        
 4472.200 -0.0091        
 4472.220 -0.0009        
 4472.240  0.0041        
 4472.260  0.0033        
 4472.280 -0.0026        
 4472.300 -0.0100        
 4472.320 -0.0139        
 4472.340 -0.0114        
 4472.360 -0.0031        
 4472.380  0.0066        
 4472.400  0.0127        
 4472.420  0.0131        
 4472.440  0.0098        
 4472.460  0.0075        
 4472.480  0.0096        
 4472.500  0.0155        
 4472.520  0.0212        
 4472.540  0.0228        
 4472.560  0.0196        
 4472.580  0.0142        
 4472.600  0.0099        
 4472.620  0.0079        
 4472.640  0.0064        
 4472.660  0.0025        
 4472.680 -0.0044        
 4472.700 -0.0119        
 4472.720 -0.0164        
 4472.740 -0.0157        
 4472.760 -0.0105        
 4472.780 -0.0031        
 4472.800  0.0040        
 4472.820  0.0097        
 4472.840  0.0134        
 4472.860  0.0149        
 4472.880  0.0136        
 4472.900  0.0090        
 4472.920  0.0017        
 4472.940 -0.0063        
 4472.960 -0.0119        
 4472.980 -0.0131        
 4473.000 -0.0094        
 4473.020 -0.0026        
 4473.040  0.0044        
 4473.060  0.0097        
 4473.080  0.0125        
 4473.100  0.0133        
 4473.120  0.0121        
 4473.140  0.0076        
 4473.160 -0.0017        
 4473.180 -0.0152        
 4473.200 -0.0289        
 4473.220 -0.0364        
 4473.240 -0.0337        
 4473.260 -0.0228        
 4473.280 -0.0112        
 4473.300 -0.0071        
 4473.320 -0.0130        
 4473.340 -0.0228        
 4473.360 -0.0264        
 4473.380 -0.0175        
 4473.400  0.0002        
 4473.420  0.0158        
 4473.440  0.0190        
 4473.460  0.0078        
 4473.480 -0.0096        
 4473.500 -0.0214        
 4473.520 -0.0213        
 4473.540 -0.0117        
 4473.560 -0.0009        
 4473.580  0.0038        
 4473.600  0.0016        
 4473.620 -0.0038        
 4473.640 -0.0088        
 4473.660 -0.0129        
 4473.680 -0.0172        
 4473.700 -0.0215        
 4473.720 -0.0229        
 4473.740 -0.0182        
 4473.760 -0.0073        
 4473.780  0.0054        
 4473.800  0.0139        
 4473.820  0.0154        
 4473.840  0.0121        
 4473.860  0.0088        
 4473.880  0.0090        
 4473.900  0.0122        
 4473.920  0.0154        
 4473.940  0.0159        
 4473.960  0.0134        
 4473.980  0.0098        
 4474.000  0.0068        
 4474.020  0.0045        
 4474.040  0.0034        
 4474.060  0.0043        
 4474.080  0.0079        
 4474.100  0.0123        
 4474.120  0.0139        
 4474.140  0.0098        
 4474.160  0.0017        
 4474.180 -0.0041        
 4474.200 -0.0011        
 4474.220  0.0120        
 4474.240  0.0284        
 4474.260  0.0380        
 4474.280  0.0348        
 4474.300  0.0214        
 4474.320  0.0072        
 4474.340  0.0013        
 4474.360  0.0054        
 4474.380  0.0143        
 4474.400  0.0211        
 4474.420  0.0232        
 4474.440  0.0232        
 4474.460  0.0252        
 4474.480  0.0296        
 4474.500  0.0324        
 4474.520  0.0290        
 4474.540  0.0189        
 4474.560  0.0065        
 4474.580 -0.0023        
 4474.600 -0.0042        
 4474.620 -0.0006        
 4474.640  0.0047        
 4474.660  0.0093        
 4474.680  0.0132        
 4474.700  0.0175        
 4474.720  0.0222        
 4474.740  0.0252        
 4474.760  0.0244        
 4474.780  0.0202        
 4474.800  0.0149        
 4474.820  0.0106        
 4474.840  0.0076        
 4474.860  0.0040        
 4474.880 -0.0017        
 4474.900 -0.0078        
 4474.920 -0.0102        
 4474.940 -0.0054        
 4474.960  0.0064        
 4474.980  0.0196        
 4475.000  0.0272        
 4475.020  0.0257        
 4475.040  0.0170        
 4475.060  0.0068        
 4475.080 -0.0001        
 4475.100 -0.0020        
 4475.120 -0.0001        
 4475.140  0.0034        
 4475.160  0.0072        
 4475.180  0.0111        
 4475.200  0.0144        
 4475.220  0.0156        
 4475.240  0.0125        
 4475.260  0.0052        
 4475.280 -0.0037        
 4475.300 -0.0095        
 4475.320 -0.0089        
 4475.340 -0.0023        
 4475.360  0.0059        
 4475.380  0.0102        
 4475.400  0.0080        
 4475.420  0.0005        
 4475.440 -0.0078        
 4475.460 -0.0129        
 4475.480 -0.0136        
 4475.500 -0.0115        
 4475.520 -0.0096        
 4475.540 -0.0097        
 4475.560 -0.0115        
 4475.580 -0.0134        
 4475.600 -0.0132        
 4475.620 -0.0097        
 4475.640 -0.0030        
 4475.660  0.0059        
 4475.680  0.0147        
 4475.700  0.0202        
 4475.720  0.0200        
 4475.740  0.0142        
 4475.760  0.0060        
 4475.780 -0.0004        
 4475.800 -0.0020        
 4475.820  0.0005        
 4475.840  0.0041        
 4475.860  0.0056        
 4475.880  0.0048        
 4475.900  0.0040        
 4475.920  0.0058        
 4475.940  0.0097        
 4475.960  0.0122        
 4475.980  0.0093        
 4476.000  0.0011        
 4476.020 -0.0083        
 4476.040 -0.0127        
 4476.060 -0.0088        
 4476.080  0.0008        
 4476.100  0.0103        
 4476.120  0.0149        
 4476.140  0.0138        
 4476.160  0.0105        
 4476.180  0.0087        
 4476.200  0.0099        
 4476.220  0.0120        
 4476.240  0.0126        
 4476.260  0.0106        
 4476.280  0.0075        
 4476.300  0.0054        
 4476.320  0.0051        
 4476.340  0.0059        
 4476.360  0.0064        
 4476.380  0.0059        
 4476.400  0.0050        
 4476.420  0.0037        
 4476.440  0.0015        
 4476.460 -0.0026        
 4476.480 -0.0086        
 4476.500 -0.0147        
 4476.520 -0.0184        
 4476.540 -0.0181        
 4476.560 -0.0140        
 4476.580 -0.0079        
 4476.600 -0.0016        
 4476.620  0.0037        
 4476.640  0.0081        
 4476.660  0.0116        
 4476.680  0.0138        
 4476.700  0.0144        
 4476.720  0.0136        
 4476.740  0.0121        
 4476.760  0.0110        
 4476.780  0.0112        
 4476.800  0.0125        
 4476.820  0.0140        
 4476.840  0.0145        
 4476.860  0.0128        
 4476.880  0.0081        
 4476.900  0.0004        
 4476.920 -0.0086        
 4476.940 -0.0149        
 4476.960 -0.0146        
 4476.980 -0.0078        
 4477.000  0.0012        
 4477.020  0.0072        
 4477.040  0.0076        
 4477.060  0.0037        
 4477.080 -0.0002        
 4477.100 -0.0005        
 4477.120  0.0038        
 4477.140  0.0098        
 4477.160  0.0134        
 4477.180  0.0126        
 4477.200  0.0088        
 4477.220  0.0048        
 4477.240  0.0028        
 4477.260  0.0023        
 4477.280  0.0018        
 4477.300  0.0005        
 4477.320 -0.0007        
 4477.340 -0.0008        
 4477.360  0.0001        
 4477.380  0.0002        
 4477.400 -0.0017        
 4477.420 -0.0044        
 4477.440 -0.0043        
 4477.460  0.0011        
 4477.480  0.0102        
 4477.500  0.0170        
 4477.520  0.0157        
 4477.540  0.0057        
 4477.560 -0.0071        
 4477.580 -0.0140        
 4477.600 -0.0103        
 4477.620  0.0006        
 4477.640  0.0098        
 4477.660  0.0098        
 4477.680  0.0005        
 4477.700 -0.0113        
 4477.720 -0.0173        
 4477.740 -0.0145        
 4477.760 -0.0071        
 4477.780 -0.0022        
 4477.800 -0.0037        
 4477.820 -0.0096        
 4477.840 -0.0143        
 4477.860 -0.0142        
 4477.880 -0.0103        
 4477.900 -0.0067        
 4477.920 -0.0058        
 4477.940 -0.0060        
 4477.960 -0.0032        
 4477.980  0.0042        
 4478.000  0.0137        
 4478.020  0.0197        
 4478.040  0.0184        
 4478.060  0.0110        
 4478.080  0.0027        
 4478.100 -0.0014        
 4478.120  0.0001        
 4478.140  0.0047        
 4478.160  0.0086        
 4478.180  0.0103        
 4478.200  0.0099        
 4478.220  0.0082        
 4478.240  0.0052        
 4478.260  0.0009        
 4478.280 -0.0036        
 4478.300 -0.0057        
 4478.320 -0.0036        
 4478.340  0.0014        
 4478.360  0.0053        
 4478.380  0.0037        
 4478.400 -0.0037        
 4478.420 -0.0132        
 4478.440 -0.0194        
 4478.460 -0.0204        
 4478.480 -0.0185        
 4478.500 -0.0177        
 4478.520 -0.0189        
 4478.540 -0.0193        
 4478.560 -0.0146        
 4478.580 -0.0047        
 4478.600  0.0050        
 4478.620  0.0081        
 4478.640  0.0023        
 4478.660 -0.0081        
 4478.680 -0.0155        
 4478.700 -0.0158        
 4478.720 -0.0106        
 4478.740 -0.0052        
 4478.760 -0.0036        
 4478.780 -0.0049        
 4478.800 -0.0047        
 4478.820 -0.0002        
 4478.840  0.0071        
 4478.860  0.0121        
 4478.880  0.0108        
 4478.900  0.0041        
 4478.920 -0.0037        
 4478.940 -0.0082        
 4478.960 -0.0086        
 4478.980 -0.0071        
 4479.000 -0.0063        
 4479.020 -0.0060        
 4479.040 -0.0044        
 4479.060 -0.0004        
 4479.080  0.0049        
 4479.100  0.0089        
 4479.120  0.0098        
 4479.140  0.0085        
 4479.160  0.0067        
 4479.180  0.0051        
 4479.200  0.0027        
 4479.220 -0.0020        
 4479.240 -0.0086        
 4479.260 -0.0140        
 4479.280 -0.0145        
 4479.300 -0.0092        
 4479.320 -0.0014        
 4479.340  0.0044        
 4479.360  0.0065        
 4479.380  0.0060        
 4479.400  0.0057        
 4479.420  0.0078        
 4479.440  0.0116        
 4479.460  0.0144        
 4479.480  0.0143        
 4479.500  0.0103        
 4479.520  0.0032        
 4479.540 -0.0056        
 4479.560 -0.0135        
 4479.580 -0.0168        
 4479.600 -0.0124        
 4479.620 -0.0021        
 4479.640  0.0080        
 4479.660  0.0120        
 4479.680  0.0082        
 4479.700 -0.0004        
 4479.720 -0.0087        
 4479.740 -0.0121        
 4479.760 -0.0099        
 4479.780 -0.0050        
 4479.800 -0.0011        
 4479.820  0.0007        
 4479.840  0.0013        
 4479.860  0.0023        
 4479.880  0.0041        
 4479.900  0.0053        
 4479.920  0.0049        
 4479.940  0.0034        
 4479.960  0.0024        
 4479.980  0.0027        
 4480.000  0.0037        
 4480.020  0.0047        
 4480.040  0.0062        
 4480.060  0.0096        
 4480.080  0.0148        
 4480.100  0.0186        
 4480.120  0.0158        
 4480.140  0.0042        
 4480.160 -0.0115        
 4480.180 -0.0220        
 4480.200 -0.0196        
 4480.220 -0.0052        
 4480.240  0.0114        
 4480.260  0.0190        
 4480.280  0.0140        
 4480.300  0.0024        
 4480.320 -0.0053        
 4480.340 -0.0031        
 4480.360  0.0060        
 4480.380  0.0135        
 4480.400  0.0137        
 4480.420  0.0085        
 4480.440  0.0052        
 4480.460  0.0090        
 4480.480  0.0182        
 4480.500  0.0253        
 4480.520  0.0239        
 4480.540  0.0142        
 4480.560  0.0026        
 4480.580 -0.0042        
 4480.600 -0.0035        
 4480.620  0.0019        
 4480.640  0.0069        
 4480.660  0.0085        
 4480.680  0.0067        
 4480.700  0.0028        
 4480.720 -0.0015        
 4480.740 -0.0053        
 4480.760 -0.0071        
 4480.780 -0.0058        
 4480.800 -0.0026        
 4480.820 -0.0008        
 4480.840 -0.0040        
 4480.860 -0.0120        
 4480.880 -0.0197        
 4480.900 -0.0197        
 4480.920 -0.0092        
 4480.940  0.0074        
 4480.960  0.0206        
 4480.980  0.0231        
 4481.000  0.0165        
 4481.020  0.0100        
 4481.040  0.0145        
 4481.060  0.0323        
 4481.080  0.0514        
 4481.100  0.0573        
 4481.120  0.0481        
 4481.140  0.0323        
 4481.160  0.0189        
 4481.180  0.0118        
 4481.200  0.0092        
 4481.220  0.0071        
 4481.240  0.0029        
 4481.260 -0.0029        
 4481.280 -0.0077        
 4481.300 -0.0106        
 4481.320 -0.0120        
 4481.340 -0.0128        
 4481.360 -0.0127        
 4481.380 -0.0104        
 4481.400 -0.0057        
 4481.420 -0.0012        
 4481.440  0.0004        
 4481.460 -0.0014        
 4481.480 -0.0035        
 4481.500 -0.0020        
 4481.520  0.0041        
 4481.540  0.0112        
 4481.560  0.0137        
 4481.580  0.0090        
 4481.600 -0.0003        
 4481.620 -0.0081        
 4481.640 -0.0100        
 4481.660 -0.0067        
 4481.680 -0.0026        
 4481.700 -0.0016        
 4481.720 -0.0036        
 4481.740 -0.0052        
 4481.760 -0.0036        
 4481.780  0.0004        
 4481.800  0.0031        
 4481.820  0.0009        
 4481.840 -0.0060        
 4481.860 -0.0141        
 4481.880 -0.0188        
 4481.900 -0.0175        
 4481.920 -0.0105        
 4481.940 -0.0006        
 4481.960  0.0091        
 4481.980  0.0155        
 4482.000  0.0167        
 4482.020  0.0125        
 4482.040  0.0051        
 4482.060 -0.0015        
 4482.080 -0.0039        
 4482.100 -0.0014        
 4482.120  0.0033        
 4482.140  0.0060        
 4482.160  0.0046        
 4482.180  0.0010        
 4482.200 -0.0012        
 4482.220  0.0000        
 4482.240  0.0030        
 4482.260  0.0045        
 4482.280  0.0033        
 4482.300  0.0029        
 4482.320  0.0083        
 4482.340  0.0206        
 4482.360  0.0340        
 4482.380  0.0393        
 4482.400  0.0306        
 4482.420  0.0107        
 4482.440 -0.0096        
 4482.460 -0.0188        
 4482.480 -0.0128        
 4482.500  0.0031        
 4482.520  0.0183        
 4482.540  0.0245        
 4482.560  0.0208        
 4482.580  0.0123        
 4482.600  0.0051        
 4482.620  0.0023        
 4482.640  0.0034        
 4482.660  0.0060        
 4482.680  0.0089        
 4482.700  0.0111        
 4482.720  0.0114        
 4482.740  0.0080        
 4482.760  0.0002        
 4482.780 -0.0095        
 4482.800 -0.0155        
 4482.820 -0.0133        
 4482.840 -0.0032        
 4482.860  0.0095        
 4482.880  0.0180        
 4482.900  0.0188        
 4482.920  0.0139        
 4482.940  0.0080        
 4482.960  0.0044        
 4482.980  0.0026        
 4483.000 -0.0006        
 4483.020 -0.0069        
 4483.040 -0.0137        
 4483.060 -0.0156        
 4483.080 -0.0094        
 4483.100  0.0023        
 4483.120  0.0118        
 4483.140  0.0119        
 4483.160  0.0012        
 4483.180 -0.0140        
 4483.200 -0.0241        
 4483.220 -0.0234        
 4483.240 -0.0134        
 4483.260 -0.0020        
 4483.280  0.0032        
 4483.300 -0.0004        
 4483.320 -0.0083        
 4483.340 -0.0134        
 4483.360 -0.0114        
 4483.380 -0.0039        
 4483.400  0.0037        
 4483.420  0.0064        
 4483.440  0.0034        
 4483.460 -0.0020        
 4483.480 -0.0054        
 4483.500 -0.0049        
 4483.520 -0.0020        
 4483.540 -0.0001        
 4483.560 -0.0020        
 4483.580 -0.0079        
 4483.600 -0.0160        
 4483.620 -0.0232        
 4483.640 -0.0270        
 4483.660 -0.0260        
 4483.680 -0.0205        
 4483.700 -0.0125        
 4483.720 -0.0056        
 4483.740 -0.0030        
 4483.760 -0.0051        
 4483.780 -0.0091        
 4483.800 -0.0099        
 4483.820 -0.0048        
 4483.840  0.0047        
 4483.860  0.0130        
 4483.880  0.0146        
 4483.900  0.0088        
 4483.920  0.0010        
 4483.940 -0.0014        
 4483.960  0.0061        
 4483.980  0.0210        
 4484.000  0.0361        
 4484.020  0.0446        
 4484.040  0.0442        
 4484.060  0.0369        
 4484.080  0.0266        
 4484.100  0.0157        
 4484.120  0.0056        
 4484.140 -0.0024        
 4484.160 -0.0058        
 4484.180 -0.0025        
 4484.200  0.0059        
 4484.220  0.0140        
 4484.240  0.0161        
 4484.260  0.0105        
 4484.280  0.0024        
 4484.300 -0.0012        
 4484.320  0.0025        
 4484.340  0.0097        
 4484.360  0.0126        
 4484.380  0.0070        
 4484.400 -0.0031        
 4484.420 -0.0088        
 4484.440 -0.0045        
 4484.460  0.0074        
 4484.480  0.0170        
 4484.500  0.0162        
 4484.520  0.0057        
 4484.540 -0.0058        
 4484.560 -0.0086        
 4484.580 -0.0013        
 4484.600  0.0086        
 4484.620  0.0118        
 4484.640  0.0051        
 4484.660 -0.0048        
 4484.680 -0.0081        
 4484.700 -0.0008        
 4484.720  0.0115        
 4484.740  0.0183        
 4484.760  0.0132        
 4484.780  0.0005        
 4484.800 -0.0092        
 4484.820 -0.0082        
 4484.840  0.0024        
 4484.860  0.0126        
 4484.880  0.0129        
 4484.900  0.0016        
 4484.920 -0.0139        
 4484.940 -0.0229        
 4484.960 -0.0198        
 4484.980 -0.0079        
 4485.000  0.0043        
 4485.020  0.0092        
 4485.040  0.0051        
 4485.060 -0.0034        
 4485.080 -0.0101        
 4485.100 -0.0111        
 4485.120 -0.0059        
 4485.140  0.0024        
 4485.160  0.0102        
 4485.180  0.0147        
 4485.200  0.0144        
 4485.220  0.0098        
 4485.240  0.0040        
 4485.260  0.0008        
 4485.280  0.0031        
 4485.300  0.0104        
 4485.320  0.0180        
 4485.340  0.0197        
 4485.360  0.0119        
 4485.380 -0.0036        
 4485.400 -0.0196        
 4485.420 -0.0282        
 4485.440 -0.0258        
 4485.460 -0.0154        
 4485.480 -0.0051        
 4485.500 -0.0018        
 4485.520 -0.0077        
 4485.540 -0.0184        
 4485.560 -0.0272        
 4485.580 -0.0289        
 4485.600 -0.0231        
 4485.620 -0.0131        
 4485.640 -0.0030        
 4485.660  0.0053        
 4485.680  0.0118        
 4485.700  0.0167        
 4485.720  0.0194        
 4485.740  0.0184        
 4485.760  0.0132        
 4485.780  0.0052        
 4485.800 -0.0028        
 4485.820 -0.0085        
 4485.840 -0.0115        
 4485.860 -0.0125        
 4485.880 -0.0121        
 4485.900 -0.0097        
 4485.920 -0.0051        
 4485.940  0.0001        
 4485.960  0.0023        
 4485.980 -0.0014        
 4486.000 -0.0102        
 4486.020 -0.0193        
 4486.040 -0.0224        
 4486.060 -0.0169        
 4486.080 -0.0060        
 4486.100  0.0038        
 4486.120  0.0079        
 4486.140  0.0065        
 4486.160  0.0045        
 4486.180  0.0055        
 4486.200  0.0086        
 4486.220  0.0095        
 4486.240  0.0043        
 4486.260 -0.0057        
 4486.280 -0.0146        
 4486.300 -0.0172        
 4486.320 -0.0126        
 4486.340 -0.0049        
 4486.360  0.0005        
 4486.380  0.0020        
 4486.400  0.0018        
 4486.420  0.0030        
 4486.440  0.0065        
 4486.460  0.0094        
 4486.480  0.0084        
 4486.500  0.0034        
 4486.520 -0.0029        
 4486.540 -0.0074        
 4486.560 -0.0093        
 4486.580 -0.0106        
 4486.600 -0.0128        
 4486.620 -0.0149        
 4486.640 -0.0139        
 4486.660 -0.0078        
 4486.680  0.0012        
 4486.700  0.0082        
 4486.720  0.0090        
 4486.740  0.0035        
 4486.760 -0.0041        
 4486.780 -0.0090        
 4486.800 -0.0093        
 4486.820 -0.0063        
 4486.840 -0.0026        
 4486.860  0.0008        
 4486.880  0.0044        
 4486.900  0.0079        
 4486.920  0.0094        
 4486.940  0.0069        
 4486.960  0.0008        
 4486.980 -0.0048        
 4487.000 -0.0045        
 4487.020  0.0039        
 4487.040  0.0170        
 4487.060  0.0278        
 4487.080  0.0302        
 4487.100  0.0237        
 4487.120  0.0126        
 4487.140  0.0026        
 4487.160 -0.0032        
 4487.180 -0.0052        
 4487.200 -0.0050        
 4487.220 -0.0033        
 4487.240  0.0010        
 4487.260  0.0084        
 4487.280  0.0169        
 4487.300  0.0223        
 4487.320  0.0207        
 4487.340  0.0117        
 4487.360 -0.0009        
 4487.380 -0.0117        
 4487.400 -0.0161        
 4487.420 -0.0126        
 4487.440 -0.0029        
 4487.460  0.0095        
 4487.480  0.0204        
 4487.500  0.0267        
 4487.520  0.0270        
 4487.540  0.0220        
 4487.560  0.0144        
 4487.580  0.0075        
 4487.600  0.0037        
 4487.620  0.0037        
 4487.640  0.0061        
 4487.660  0.0095        
 4487.680  0.0130        
 4487.700  0.0162        
 4487.720  0.0183        
 4487.740  0.0180        
 4487.760  0.0136        
 4487.780  0.0047        
 4487.800 -0.0069        
 4487.820 -0.0177        
 4487.840 -0.0245        
 4487.860 -0.0260        
 4487.880 -0.0232        
 4487.900 -0.0185        
 4487.920 -0.0144        
 4487.940 -0.0124        
 4487.960 -0.0130        
 4487.980 -0.0158        
 4488.000 -0.0192        
 4488.020 -0.0212        
 4488.040 -0.0197        
 4488.060 -0.0141        
 4488.080 -0.0063        
 4488.100  0.0001        
 4488.120  0.0015        
 4488.140 -0.0031        
 4488.160 -0.0111        
 4488.180 -0.0177        
 4488.200 -0.0192        
 4488.220 -0.0157        
 4488.240 -0.0112        
 4488.260 -0.0106        
 4488.280 -0.0155        
 4488.300 -0.0225        
 4488.320 -0.0254        
 4488.340 -0.0195        
 4488.360 -0.0061        
 4488.380  0.0077        
 4488.400  0.0132        
 4488.420  0.0068        
 4488.440 -0.0070        
 4488.460 -0.0183        
 4488.480 -0.0186        
 4488.500 -0.0069        
 4488.520  0.0093        
 4488.540  0.0198        
 4488.560  0.0196        
 4488.580  0.0122        
 4488.600  0.0061        
 4488.620  0.0081        
 4488.640  0.0172        
 4488.660  0.0260        
 4488.680  0.0267        
 4488.700  0.0180        
 4488.720  0.0058        
 4488.740 -0.0020        
 4488.760 -0.0019        
 4488.780  0.0039        
 4488.800  0.0099        
 4488.820  0.0125        
 4488.840  0.0124        
 4488.860  0.0128        
 4488.880  0.0154        
 4488.900  0.0181        
 4488.920  0.0173        
 4488.940  0.0113        
 4488.960  0.0021        
 4488.980 -0.0057        
 4489.000 -0.0091        
 4489.020 -0.0085        
 4489.040 -0.0073        
 4489.060 -0.0080        
 4489.080 -0.0103        
 4489.100 -0.0120        
 4489.120 -0.0111        
 4489.140 -0.0080        
 4489.160 -0.0050        
 4489.180 -0.0035        
 4489.200 -0.0033        
 4489.220 -0.0024        
 4489.240  0.0007        
 4489.260  0.0054        
 4489.280  0.0097        
 4489.300  0.0119        
 4489.320  0.0121        
 4489.340  0.0114        
 4489.360  0.0105        
 4489.380  0.0087        
 4489.400  0.0054        
 4489.420  0.0012        
 4489.440 -0.0009        
 4489.460  0.0017        
 4489.480  0.0089        
 4489.500  0.0165        
 4489.520  0.0184        
 4489.540  0.0108        
 4489.560 -0.0047        
 4489.580 -0.0214        
 4489.600 -0.0314        
 4489.620 -0.0303        
 4489.640 -0.0198        
 4489.660 -0.0062        
 4489.680  0.0037        
 4489.700  0.0063        
 4489.720  0.0027        
 4489.740 -0.0027        
 4489.760 -0.0050        
 4489.780 -0.0018        
 4489.800  0.0059        
 4489.820  0.0138        
 4489.840  0.0166        
 4489.860  0.0109        
 4489.880 -0.0028        
 4489.900 -0.0182        
 4489.920 -0.0270        
 4489.940 -0.0244        
 4489.960 -0.0139        
 4489.980 -0.0054        
 4490.000 -0.0066        
 4490.020 -0.0175        
 4490.040 -0.0302        
 4490.060 -0.0348        
 4490.080 -0.0274        
 4490.100 -0.0131        
 4490.120 -0.0023        
 4490.140 -0.0024        
 4490.160 -0.0119        
 4490.180 -0.0221        
 4490.200 -0.0244        
 4490.220 -0.0175        
 4490.240 -0.0079        
 4490.260 -0.0041        
 4490.280 -0.0093        
 4490.300 -0.0196        
 4490.320 -0.0274        
 4490.340 -0.0276        
 4490.360 -0.0213        
 4490.380 -0.0125        
 4490.400 -0.0049        
 4490.420  0.0016        
 4490.440  0.0082        
 4490.460  0.0139        
 4490.480  0.0151        
 4490.500  0.0094        
 4490.520 -0.0011        
 4490.540 -0.0091        
 4490.560 -0.0077        
 4490.580  0.0031        
 4490.600  0.0157        
 4490.620  0.0199        
 4490.640  0.0112        
 4490.660 -0.0044        
 4490.680 -0.0155        
 4490.700 -0.0144        
 4490.720 -0.0021        
 4490.740  0.0123        
 4490.760  0.0198        
 4490.780  0.0173        
 4490.800  0.0086        
 4490.820  0.0000        
 4490.840 -0.0053        
 4490.860 -0.0087        
 4490.880 -0.0132        
 4490.900 -0.0196        
 4490.920 -0.0251        
 4490.940 -0.0255        
 4490.960 -0.0189        
 4490.980 -0.0075        
 4491.000  0.0037        
 4491.020  0.0095        
 4491.040  0.0073        
 4491.060 -0.0019        
 4491.080 -0.0137        
 4491.100 -0.0217        
 4491.120 -0.0218        
 4491.140 -0.0143        
 4491.160 -0.0044        
 4491.180  0.0020        
 4491.200  0.0024        
 4491.220 -0.0007        
 4491.240 -0.0026        
 4491.260  0.0000        
 4491.280  0.0060        
 4491.300  0.0106        
 4491.320  0.0092        
 4491.340  0.0016        
 4491.360 -0.0068        
 4491.380 -0.0094        
 4491.400 -0.0034        
 4491.420  0.0074        
 4491.440  0.0153        
 4491.460  0.0145        
 4491.480  0.0050        
 4491.500 -0.0077        
 4491.520 -0.0165        
 4491.540 -0.0182        
 4491.560 -0.0143        
 4491.580 -0.0098        
 4491.600 -0.0088        
 4491.620 -0.0122        
 4491.640 -0.0172        
 4491.660 -0.0197        
 4491.680 -0.0165        
 4491.700 -0.0075        
 4491.720  0.0042        
 4491.740  0.0138        
 4491.760  0.0172        
 4491.780  0.0133        
 4491.800  0.0053        
 4491.820 -0.0022        
 4491.840 -0.0054        
 4491.860 -0.0043        
 4491.880 -0.0017        
 4491.900 -0.0012        
 4491.920 -0.0039        
 4491.940 -0.0090        
 4491.960 -0.0140        
 4491.980 -0.0173        
 4492.000 -0.0182        
 4492.020 -0.0168        
 4492.040 -0.0129        
 4492.060 -0.0074        
 4492.080 -0.0019        
 4492.100  0.0012        
 4492.120  0.0010        
 4492.140 -0.0007        
 4492.160 -0.0005        
 4492.180  0.0034        
 4492.200  0.0096        
 4492.220  0.0142        
 4492.240  0.0146        
 4492.260  0.0131        
 4492.280  0.0145        
 4492.300  0.0210        
 4492.320  0.0295        
 4492.340  0.0322        
 4492.360  0.0243        
 4492.380  0.0090        
 4492.400 -0.0043        
 4492.420 -0.0065        
 4492.440  0.0030        
 4492.460  0.0157        
 4492.480  0.0208        
 4492.500  0.0142        
 4492.520  0.0015        
 4492.540 -0.0069        
 4492.560 -0.0049        
 4492.580  0.0047        
 4492.600  0.0136        
 4492.620  0.0149        
 4492.640  0.0085        
 4492.660 -0.0008        
 4492.680 -0.0081        
 4492.700 -0.0121        
 4492.720 -0.0143        
 4492.740 -0.0161        
 4492.760 -0.0164        
 4492.780 -0.0134        
 4492.800 -0.0077        
 4492.820 -0.0026        
 4492.840 -0.0017        
 4492.860 -0.0047        
 4492.880 -0.0084        
 4492.900 -0.0103        
 4492.920 -0.0101        
 4492.940 -0.0092        
 4492.960 -0.0083        
 4492.980 -0.0060        
 4493.000 -0.0005        
 4493.020  0.0068        
 4493.040  0.0114        
 4493.060  0.0093        
 4493.080  0.0006        
 4493.100 -0.0081        
 4493.120 -0.0097        
 4493.140 -0.0026        
 4493.160  0.0077        
 4493.180  0.0129        
 4493.200  0.0092        
 4493.220  0.0006        
 4493.240 -0.0049        
 4493.260 -0.0027        
 4493.280  0.0051        
 4493.300  0.0119        
 4493.320  0.0130        
 4493.340  0.0094        
 4493.360  0.0051        
 4493.380  0.0032        
 4493.400  0.0024        
 4493.420 -0.0002        
 4493.440 -0.0054        
 4493.460 -0.0098        
 4493.480 -0.0093        
 4493.500 -0.0031        
 4493.520  0.0046        
 4493.540  0.0085        
 4493.560  0.0074        
 4493.580  0.0049        
 4493.600  0.0061        
 4493.620  0.0125        
 4493.640  0.0204        
 4493.660  0.0244        
 4493.680  0.0224        
 4493.700  0.0167        
 4493.720  0.0115        
 4493.740  0.0087        
 4493.760  0.0065        
 4493.780  0.0020        
 4493.800 -0.0051        
 4493.820 -0.0116        
 4493.840 -0.0131        
 4493.860 -0.0076        
 4493.880  0.0025        
 4493.900  0.0132        
 4493.920  0.0204        
 4493.940  0.0219        
 4493.960  0.0169        
 4493.980  0.0088        
 4494.000  0.0031        
 4494.020  0.0023        
 4494.040  0.0056        
 4494.060  0.0100        
 4494.080  0.0126        
 4494.100  0.0108        
 4494.120  0.0051        
 4494.140 -0.0018        
 4494.160 -0.0063        
 4494.180 -0.0070        
 4494.200 -0.0057        
 4494.220 -0.0055        
 4494.240 -0.0080        
 4494.260 -0.0116        
 4494.280 -0.0139        
 4494.300 -0.0134        
 4494.320 -0.0117        
 4494.340 -0.0108        
 4494.360 -0.0108        
 4494.380 -0.0099        
 4494.400 -0.0069        
 4494.420 -0.0031        
 4494.440 -0.0028        
 4494.460 -0.0087        
 4494.480 -0.0185        
 4494.500 -0.0264        
 4494.520 -0.0266        
 4494.540 -0.0188        
 4494.560 -0.0077        
 4494.580  0.0012        
 4494.600  0.0066        
 4494.620  0.0116        
 4494.640  0.0197        
 4494.660  0.0295        
 4494.680  0.0350        
 4494.700  0.0314        
 4494.720  0.0193        
 4494.740  0.0060        
 4494.760 -0.0004        
 4494.780  0.0020        
 4494.800  0.0078        
 4494.820  0.0088        
 4494.840  0.0007        
 4494.860 -0.0128        
 4494.880 -0.0240        
 4494.900 -0.0271        
 4494.920 -0.0217        
 4494.940 -0.0127        
 4494.960 -0.0050        
 4494.980 -0.0004        
 4495.000  0.0017        
 4495.020  0.0027        
 4495.040  0.0032        
 4495.060  0.0026        
 4495.080  0.0010        
 4495.100 -0.0010        
 4495.120 -0.0024        
 4495.140 -0.0025        
 4495.160 -0.0012        
 4495.180  0.0011        
 4495.200  0.0038        
 4495.220  0.0053        
 4495.240  0.0039        
 4495.260 -0.0007        
 4495.280 -0.0062        
 4495.300 -0.0087        
 4495.320 -0.0058        
 4495.340  0.0005        
 4495.360  0.0045        
 4495.380  0.0013        
 4495.400 -0.0083        
 4495.420 -0.0174        
 4495.440 -0.0180        
 4495.460 -0.0081        
 4495.480  0.0058        
 4495.500  0.0134        
 4495.520  0.0084        
 4495.540 -0.0057        
 4495.560 -0.0188        
 4495.580 -0.0223        
 4495.600 -0.0149        
 4495.620 -0.0034        
 4495.640  0.0041        
 4495.660  0.0048        
 4495.680  0.0014        
 4495.700 -0.0012        
 4495.720 -0.0009        
 4495.740  0.0002        
 4495.760 -0.0002        
 4495.780 -0.0017        
 4495.800 -0.0017        
 4495.820  0.0020        
 4495.840  0.0084        
 4495.860  0.0141        
 4495.880  0.0163        
 4495.900  0.0158        
 4495.920  0.0152        
 4495.940  0.0168        
 4495.960  0.0190        
 4495.980  0.0179        
 4496.000  0.0111        
 4496.020  0.0000        
 4496.040 -0.0103        
 4496.060 -0.0147        
 4496.080 -0.0115        
 4496.100 -0.0036        
 4496.120  0.0044        
 4496.140  0.0089        
 4496.160  0.0089        
 4496.180  0.0060        
 4496.200  0.0022        
 4496.220 -0.0004        
 4496.240 -0.0007        
 4496.260  0.0009        
 4496.280  0.0032        
 4496.300  0.0046        
 4496.320  0.0042        
 4496.340  0.0027        
 4496.360  0.0018        
 4496.380  0.0032        
 4496.400  0.0069        
 4496.420  0.0109        
 4496.440  0.0130        
 4496.460  0.0114        
 4496.480  0.0058        
 4496.500 -0.0030        
 4496.520 -0.0135        
 4496.540 -0.0238        
 4496.560 -0.0310        
 4496.580 -0.0330        
 4496.600 -0.0296        
 4496.620 -0.0232        
 4496.640 -0.0175        
 4496.660 -0.0152        
 4496.680 -0.0161        
 4496.700 -0.0176        
 4496.720 -0.0180        
 4496.740 -0.0181        
 4496.760 -0.0202        
 4496.780 -0.0255        
 4496.800 -0.0309        
 4496.820 -0.0314        
 4496.840 -0.0243        
 4496.860 -0.0121        
 4496.880 -0.0009        
 4496.900  0.0045        
 4496.920  0.0049        
 4496.940  0.0051        
 4496.960  0.0082        
 4496.980  0.0124        
 4497.000  0.0113        
 4497.020  0.0012        
 4497.040 -0.0138        
 4497.060 -0.0241        
 4497.080 -0.0222        
 4497.100 -0.0096        
 4497.120  0.0036        
 4497.140  0.0073        
 4497.160 -0.0002        
 4497.180 -0.0102        
 4497.200 -0.0117        
 4497.220 -0.0010        
 4497.240  0.0148        
 4497.260  0.0234        
 4497.280  0.0175        
 4497.300  0.0018        
 4497.320 -0.0121        
 4497.340 -0.0148        
 4497.360 -0.0063        
 4497.380  0.0043        
 4497.400  0.0074        
 4497.420  0.0001        
 4497.440 -0.0127        
 4497.460 -0.0228        
 4497.480 -0.0255        
 4497.500 -0.0219        
 4497.520 -0.0164        
 4497.540 -0.0125        
 4497.560 -0.0108        
 4497.580 -0.0097        
 4497.600 -0.0084        
 4497.620 -0.0070        
 4497.640 -0.0063        
 4497.660 -0.0066        
 4497.680 -0.0075        
 4497.700 -0.0084        
 4497.720 -0.0095        
 4497.740 -0.0107        
 4497.760 -0.0108        
 4497.780 -0.0080        
 4497.800 -0.0013        
 4497.820  0.0073        
 4497.840  0.0137        
 4497.860  0.0137        
 4497.880  0.0065        
 4497.900 -0.0047        
 4497.920 -0.0138        
 4497.940 -0.0156        
 4497.960 -0.0085        
 4497.980  0.0049        
 4498.000  0.0193        
 4498.020  0.0293        
 4498.040  0.0311        
 4498.060  0.0241        
 4498.080  0.0110        
 4498.100 -0.0024        
 4498.120 -0.0100        
 4498.140 -0.0078        
 4498.160  0.0036        
 4498.180  0.0192        
 4498.200  0.0322        
 4498.220  0.0383        
 4498.240  0.0366        
 4498.260  0.0293        
 4498.280  0.0188        
 4498.300  0.0063        
 4498.320 -0.0072        
 4498.340 -0.0192        
 4498.360 -0.0249        
 4498.380 -0.0207        
 4498.400 -0.0074        
 4498.420  0.0078        
 4498.440  0.0154        
 4498.460  0.0100        
 4498.480 -0.0044        
 4498.500 -0.0174        
 4498.520 -0.0199        
 4498.540 -0.0107        
 4498.560  0.0023        
 4498.580  0.0092        
 4498.600  0.0062        
 4498.620 -0.0025        
 4498.640 -0.0087        
 4498.660 -0.0077        
 4498.680 -0.0017        
 4498.700  0.0028        
 4498.720  0.0013        
 4498.740 -0.0042        
 4498.760 -0.0077        
 4498.780 -0.0047        
 4498.800  0.0034        
 4498.820  0.0107        
 4498.840  0.0120        
 4498.860  0.0072        
 4498.880  0.0008        
 4498.900 -0.0025        
 4498.920 -0.0013        
 4498.940  0.0015        
 4498.960  0.0026        
 4498.980  0.0010        
 4499.000 -0.0018        
 4499.020 -0.0042        
 4499.040 -0.0055        
 4499.060 -0.0059        
 4499.080 -0.0052        
 4499.100 -0.0026        
 4499.120  0.0011        
 4499.140  0.0025        
 4499.160 -0.0023        
 4499.180 -0.0140        
 4499.200 -0.0266        
 4499.220 -0.0312        
 4499.240 -0.0225        
 4499.260 -0.0036        
 4499.280  0.0147        
 4499.300  0.0221        
 4499.320  0.0168        
 4499.340  0.0059        
 4499.360 -0.0010        
 4499.380 -0.0002        
 4499.400  0.0034        
 4499.420  0.0024        
 4499.440 -0.0050        
 4499.460 -0.0137        
 4499.480 -0.0160        
 4499.500 -0.0093        
 4499.520  0.0008        
 4499.540  0.0064        
 4499.560  0.0042        
 4499.580 -0.0014        
 4499.600 -0.0030        
 4499.620  0.0019        
 4499.640  0.0081        
 4499.660  0.0081        
 4499.680 -0.0007        
 4499.700 -0.0118        
 4499.720 -0.0152        
 4499.740 -0.0064        
 4499.760  0.0099        
 4499.780  0.0226        
 4499.800  0.0240        
 4499.820  0.0157        
 4499.840  0.0057        
 4499.860  0.0014        
 4499.880  0.0046        
 4499.900  0.0106        
 4499.920  0.0143        
 4499.940  0.0138        
 4499.960  0.0101        
 4499.980  0.0050        
 4500.000 -0.0019        
 4500.020 -0.0111        
 4500.040 -0.0203        
 4500.060 -0.0247        
 4500.080 -0.0197        
 4500.100 -0.0061        
 4500.120  0.0099        
 4500.140  0.0202        
 4500.160  0.0210        
 4500.180  0.0148        
 4500.200  0.0080        
 4500.220  0.0054        
 4500.240  0.0064        
 4500.260  0.0071        
 4500.280  0.0043        
 4500.300 -0.0017        
 4500.320 -0.0078        
 4500.340 -0.0115        
 4500.360 -0.0129        
 4500.380 -0.0146        
 4500.400 -0.0182        
 4500.420 -0.0228        
 4500.440 -0.0254        
 4500.460 -0.0230        
 4500.480 -0.0152        
 4500.500 -0.0041        
 4500.520  0.0070        
 4500.540  0.0154        
 4500.560  0.0193        
 4500.580  0.0191        
 4500.600  0.0168        
 4500.620  0.0141        
 4500.640  0.0115        
 4500.660  0.0087        
 4500.680  0.0063        
 4500.700  0.0055        
 4500.720  0.0076        
 4500.740  0.0119        
 4500.760  0.0161        
 4500.780  0.0165        
 4500.800  0.0110        
 4500.820  0.0012        
 4500.840 -0.0084        
 4500.860 -0.0131        
 4500.880 -0.0116        
 4500.900 -0.0072        
 4500.920 -0.0043        
 4500.940 -0.0048        
 4500.960 -0.0062        
 4500.980 -0.0041        
 4501.000  0.0027        
 4501.020  0.0107        
 4501.040  0.0135        
 4501.060  0.0080        
 4501.080 -0.0019        
 4501.100 -0.0080        
 4501.120 -0.0048        
 4501.140  0.0054        
 4501.160  0.0137        
 4501.180  0.0115        
 4501.200 -0.0027        
 4501.220 -0.0215        
 4501.240 -0.0333        
 4501.260 -0.0321        
 4501.280 -0.0222        
 4501.300 -0.0137        
 4501.320 -0.0130        
 4501.340 -0.0183        
 4501.360 -0.0232        
 4501.380 -0.0224        
 4501.400 -0.0160        
 4501.420 -0.0081        
 4501.440 -0.0028        
 4501.460 -0.0005        
 4501.480  0.0011        
 4501.500  0.0040        
 4501.520  0.0082        
 4501.540  0.0109        
 4501.560  0.0099        
 4501.580  0.0053        
 4501.600 -0.0010        
 4501.620 -0.0070        
 4501.640 -0.0119        
 4501.660 -0.0163        
 4501.680 -0.0205        
 4501.700 -0.0230        
 4501.720 -0.0207        
 4501.740 -0.0120        
 4501.760  0.0010        
 4501.780  0.0129        
 4501.800  0.0186        
 4501.820  0.0160        
 4501.840  0.0078        
 4501.860 -0.0011        
 4501.880 -0.0069        
 4501.900 -0.0086        
 4501.920 -0.0078        
 4501.940 -0.0066        
 4501.960 -0.0054        
 4501.980 -0.0034        
 4502.000  0.0004        
 4502.020  0.0051        
 4502.040  0.0087        
 4502.060  0.0094        
 4502.080  0.0076        
 4502.100  0.0056        
 4502.120  0.0054        
 4502.140  0.0071        
 4502.160  0.0078        
 4502.180  0.0048        
 4502.200 -0.0025        
 4502.220 -0.0113        
 4502.240 -0.0169        
 4502.260 -0.0167        
 4502.280 -0.0115        
 4502.300 -0.0053        
 4502.320 -0.0019        
 4502.340 -0.0029        
 4502.360 -0.0069        
 4502.380 -0.0117        
 4502.400 -0.0157        
 4502.420 -0.0181        
 4502.440 -0.0183        
 4502.460 -0.0156        
 4502.480 -0.0098        
 4502.500 -0.0021        
 4502.520  0.0051        
 4502.540  0.0095        
 4502.560  0.0108        
 4502.580  0.0103        
 4502.600  0.0096        
 4502.620  0.0086        
 4502.640  0.0063        
 4502.660  0.0019        
 4502.680 -0.0028        
 4502.700 -0.0045        
 4502.720 -0.0014        
 4502.740  0.0047        
 4502.760  0.0088        
 4502.780  0.0069        
 4502.800 -0.0001        
 4502.820 -0.0068        
 4502.840 -0.0070        
 4502.860  0.0011        
 4502.880  0.0129        
 4502.900  0.0214        
 4502.920  0.0217        
 4502.940  0.0147        
 4502.960  0.0051        
 4502.980  0.0000        
 4503.000  0.0000        
