           1.0400  1.0000
           0.1300  0.0000
 4247.000  0.5069  0.8839
 4247.020  0.4850  0.8781
 4247.040  0.4458  0.9020
 4247.060  0.4127  0.9122
 4247.080  0.3837  0.9208
 4247.100  0.3592  0.9168
 4247.120  0.3382  0.9319
 4247.140  0.3224  0.9348
 4247.160  0.3132  0.9196
 4247.180  0.3073  0.8990
 4247.200  0.2954  0.8584
 4247.220  0.2742  0.8538
 4247.240  0.2600  0.8383
 4247.260  0.2693  0.8168
 4247.280  0.2921  0.8613
 4247.300  0.3087  0.9083
 4247.320  0.3198  0.9194
 4247.340  0.3352  0.9210
 4247.360  0.3535  0.9096
 4247.380  0.3675  0.9502
 4247.400  0.3760  0.9732
 4247.420  0.3828  0.9679
 4247.440  0.3924  0.9447
 4247.460  0.4065  0.9333
 4247.480  0.4191  0.9296
 4247.500  0.4199  0.9044
 4247.520  0.4105  0.9241
 4247.540  0.4102  0.9636
 4247.560  0.4401  0.9640
 4247.580  0.5017  0.9194
 4247.600  0.5701  0.8715
 4247.620  0.6164  0.8951
 4247.640  0.6326  0.9119
 4247.660  0.6262  0.9312
 4247.680  0.6020  0.9505
 4247.700  0.5615  0.9378
 4247.720  0.5126  0.9338
 4247.740  0.4678  0.9255
 4247.760  0.4333  0.9242
 4247.780  0.4073  0.9331
 4247.800  0.3897  0.9436
 4247.820  0.3836  0.9186
 4247.840  0.3912  0.9170
 4247.860  0.4152  0.9210
 4247.880  0.4590  0.8842
 4247.900  0.5147  0.8799
 4247.920  0.5583  0.8563
 4247.940  0.5723  0.9213
 4247.960  0.5654  0.9235
 4247.980  0.5509  0.8798
 4248.000  0.5290  0.8866
 4248.020  0.4949  0.8953
 4248.040  0.4509  0.8839
 4248.060  0.4082  0.8986
 4248.080  0.3766  0.9078
 4248.100  0.3538  0.9169
 4248.120  0.3341  0.9327
 4248.140  0.3153  0.9294
 4248.160  0.2969  0.9293
 4248.180  0.2817  0.9291
 4248.200  0.2772  0.9291
 4248.220  0.2899  0.9290
 4248.240  0.3166  0.9288
 4248.260  0.3464  0.9287
 4248.280  0.3726  0.9286
 4248.300  0.3953  0.9065
 4248.320  0.4139  0.9296
 4248.340  0.4256  0.9316
 4248.360  0.4277  0.9257
 4248.380  0.4215  0.9254
 4248.400  0.4141  0.9298
 4248.420  0.4107  0.9324
 4248.440  0.4116  0.9153
 4248.460  0.4176  0.9170
 4248.480  0.4313  0.9088
 4248.500  0.4529  0.9309
 4248.520  0.4772  0.9264
 4248.540  0.4966  0.9218
 4248.560  0.5080  0.9173
 4248.580  0.5139  0.9127
 4248.600  0.5156  0.9082
 4248.620  0.5110  0.9036
 4248.640  0.5017  0.8778
 4248.660  0.4973  0.8869
 4248.680  0.5025  0.8423
 4248.700 -1.0000  0.8216
 4248.720 -1.0000  0.7564
 4248.740 -1.0000  0.6252
 4248.760 -1.0000  0.4485
 4248.780 -1.0000  0.2286
 4248.800 -1.0000  0.2614
 4248.820 -1.0000  0.4980
 4248.840 -1.0000  0.6699
 4248.860 -1.0000  0.7650
 4248.880 -1.0000  0.8035
 4248.900  0.5302  0.8232
 4248.920  0.4891  0.8526
 4248.940  0.4447  0.8466
 4248.960  0.4117  0.8578
 4248.980  0.3939  0.8559
 4249.000  0.3916  0.8501
 4249.020  0.3976  0.8208
 4249.040  0.4025  0.8100
 4249.060 -1.0000  0.8019
 4249.080 -1.0000  0.7427
 4249.100 -1.0000  0.6554
 4249.120 -1.0000  0.5374
 4249.140 -1.0000  0.3464
 4249.160 -1.0000  0.5196
 4249.180 -1.0000  0.6733
 4249.200 -1.0000  0.7487
 4249.220 -1.0000  0.8201
 4249.240  0.4871  0.8309
 4249.260  0.5206  0.8571
 4249.280  0.5690  0.8502
 4249.300  0.6200  0.8295
 4249.320  0.6520  0.8214
 4249.340  0.6555  0.8405
 4249.360 -1.0000  0.8547
 4249.380 -1.0000  0.7586
 4249.400 -1.0000  0.6236
 4249.420 -1.0000  0.4676
 4249.440 -1.0000  0.2419
 4249.460 -1.0000  0.5190
 4249.480 -1.0000  0.6667
 4249.500 -1.0000  0.7563
 4249.520 -1.0000  0.8211
 4249.540  0.4838  0.8433
 4249.560  0.4907  0.8553
 4249.580  0.4948  0.8673
 4249.600  0.4900  0.8794
 4249.620  0.4759  0.8914
 4249.640  0.4578  0.9034
 4249.660  0.4479  0.9154
 4249.680  0.4538  0.9114
 4249.700  0.4695  0.9068
 4249.720  0.4868  0.9035
 4249.740  0.5020  0.8959
 4249.760  0.5053  0.8669
 4249.780  0.4856  0.8605
 4249.800  0.4519  0.9121
 4249.820  0.4276  0.9444
 4249.840  0.4187  0.8979
 4249.860  0.4122  0.9132
 4249.880  0.4009  0.8826
 4249.900  0.3902  0.9000
 4249.920  0.3860  0.9074
 4249.940  0.3868  0.9087
 4249.960  0.3857  0.8868
 4249.980  0.3776  0.8763
 4250.000  0.3614  0.8658
 4250.020  0.3397  0.8554
 4250.040  0.3169  0.8449
 4250.060  0.2975  0.8344
 4250.080  0.2847  0.8239
 4250.100  0.2789  0.8200
 4250.120  0.2781  0.8282
 4250.140  0.2807  0.8252
 4250.160  0.2871  0.8222
 4250.180  0.2964  0.8192
 4250.200  0.3052  0.8162
 4250.220  0.3136  0.8132
 4250.240  0.3257  0.8102
 4250.260  0.3410  0.8072
 4250.280  0.3562  0.8245
 4250.300  0.3693  0.7724
 4250.320  0.3780  0.7365
 4250.340  0.3851  0.7754
 4250.360  0.3948  0.7790
 4250.380  0.4026  0.7643
 4250.400  0.4038  0.7620
 4250.420  0.4032  0.7154
 4250.440 -1.0000  0.7060
 4250.460 -1.0000  0.7178
 4250.480 -1.0000  0.6872
 4250.500 -1.0000  0.6062
 4250.520 -1.0000  0.5199
 4250.540 -1.0000  0.4299
 4250.560 -1.0000  0.3136
 4250.580 -1.0000  0.2157
 4250.600 -1.0000  0.1374
 4250.620 -1.0000  0.1161
 4250.640 -1.0000  0.1584
 4250.660 -1.0000  0.2288
 4250.680 -1.0000  0.3032
 4250.700 -1.0000  0.3223
 4250.720 -1.0000  0.2851
 4250.740 -1.0000  0.2518
 4250.760 -1.0000  0.1950
 4250.780 -1.0000  0.1264
 4250.800 -1.0000  0.0590
 4250.820 -1.0000  0.0238
 4250.840 -1.0000  0.0040
 4250.860 -1.0000  0.1432
 4250.880 -1.0000  0.0845
 4250.900 -1.0000  0.1938
 4250.920 -1.0000  0.0098
 4250.940 -1.0000  0.0107
 4250.960 -1.0000  0.0304
 4250.980 -1.0000  0.0873
 4251.000 -1.0000  0.1686
 4251.020 -1.0000  0.2583
 4251.040 -1.0000  0.3302
 4251.060 -1.0000  0.4009
 4251.080 -1.0000  0.4700
 4251.100 -1.0000  0.5145
 4251.120 -1.0000  0.5479
 4251.140 -1.0000  0.5829
 4251.160 -1.0000  0.5951
 4251.180 -1.0000  0.6530
 4251.200 -1.0000  0.6616
 4251.220 -1.0000  0.6328
 4251.240 -1.0000  0.6349
 4251.260 -1.0000  0.6391
 4251.280 -1.0000  0.6868
 4251.300 -1.0000  0.7091
 4251.320 -1.0000  0.7037
 4251.340  0.8471  0.7399
 4251.360  0.8628  0.7645
 4251.380  0.8690  0.7737
 4251.400  0.8556  0.7821
 4251.420  0.8288  0.7893
 4251.440  0.8043  0.7667
 4251.460 -1.0000  0.7394
 4251.480 -1.0000  0.7096
 4251.500 -1.0000  0.6276
 4251.520 -1.0000  0.5443
 4251.540 -1.0000  0.3973
 4251.560 -1.0000  0.3394
 4251.580 -1.0000  0.3905
 4251.600 -1.0000  0.5126
 4251.620 -1.0000  0.5981
 4251.640 -1.0000  0.6415
 4251.660 -1.0000  0.5944
 4251.680 -1.0000  0.5937
 4251.700 -1.0000  0.6194
 4251.720 -1.0000  0.7189
 4251.740 -1.0000  0.7564
 4251.760  0.6507  0.7626
 4251.780 -1.0000  0.7626
 4251.800 -1.0000  0.7322
 4251.820 -1.0000  0.6731
 4251.840 -1.0000  0.6758
 4251.860 -1.0000  0.7505
 4251.880 -1.0000  0.7782
 4251.900  0.5176  0.7815
 4251.920  0.5359  0.7651
 4251.940  0.5512  0.7993
 4251.960  0.5573  0.7952
 4251.980  0.5592  0.8026
 4252.000  0.5562  0.7864
 4252.020  0.5417  0.7642
 4252.040  0.5172  0.7579
 4252.060  0.4970  0.7531
 4252.080 -1.0000  0.7328
 4252.100 -1.0000  0.7046
 4252.120 -1.0000  0.6530
 4252.140 -1.0000  0.6057
 4252.160 -1.0000  0.5555
 4252.180 -1.0000  0.5043
 4252.200 -1.0000  0.4478
 4252.220 -1.0000  0.3545
 4252.240 -1.0000  0.2300
 4252.260 -1.0000  0.1186
 4252.280 -1.0000  0.0428
 4252.300 -1.0000  0.0158
 4252.320 -1.0000  0.0175
 4252.340 -1.0000  0.0095
 4252.360 -1.0000  0.0083
 4252.380 -1.0000  0.0072
 4252.400 -1.0000  0.0273
 4252.420 -1.0000  0.1024
 4252.440 -1.0000  0.2253
 4252.460 -1.0000  0.3501
 4252.480 -1.0000  0.4637
 4252.500 -1.0000  0.5494
 4252.520 -1.0000  0.6065
 4252.540 -1.0000  0.6553
 4252.560 -1.0000  0.6858
 4252.580 -1.0000  0.7012
 4252.600 -1.0000  0.7274
 4252.620  0.9638  0.7428
 4252.640  0.9837  0.7669
 4252.660  1.0055  0.7923
 4252.680  1.0149  0.7950
 4252.700  1.0033  0.8238
 4252.720  0.9750  0.8355
 4252.740  0.9344  0.8480
 4252.760  0.8793  0.8686
 4252.780  0.8053  0.8625
 4252.800  0.7103  0.8807
 4252.820  0.6030  0.8676
 4252.840  0.5034  0.8918
 4252.860  0.4297  0.8901
 4252.880  0.3836  0.8923
 4252.900  0.3544  0.8907
 4252.920  0.3331  0.8946
 4252.940  0.3156  0.8935
 4252.960  0.3030  0.8880
 4252.980  0.3007  0.8972
 4253.000  0.3127  0.9158
 4253.020  0.3369  0.9143
 4253.040  0.3676  0.9129
 4253.060  0.3989  0.9115
 4253.080  0.4254  0.9101
 4253.100  0.4428  0.9087
 4253.120  0.4504  0.9073
 4253.140  0.4525  0.9059
 4253.160  0.4593  0.9045
 4253.180  0.4832  0.9055
 4253.200  0.5284  0.8949
 4253.220  0.5895  0.8999
 4253.240  0.6601  0.8924
 4253.260  0.7326  0.8818
 4253.280  0.7967  0.8637
 4253.300  0.8485  0.8523
 4253.320  0.8895  0.8370
 4253.340  0.9155  0.8381
 4253.360  0.9235  0.8263
 4253.380  0.9245  0.8396
 4253.400  0.9287  0.8399
 4253.420 -1.0000  0.7981
 4253.440 -1.0000  0.7776
 4253.460 -1.0000  0.6891
 4253.480 -1.0000  0.5504
 4253.500 -1.0000  0.3570
 4253.520 -1.0000  0.1895
 4253.540 -1.0000  0.3918
 4253.560 -1.0000  0.5325
 4253.580 -1.0000  0.6005
 4253.600 -1.0000  0.5853
 4253.620 -1.0000  0.4827
 4253.640 -1.0000  0.3204
 4253.660 -1.0000  0.4106
 4253.680 -1.0000  0.5401
 4253.700 -1.0000  0.6225
 4253.720 -1.0000  0.5977
 4253.740 -1.0000  0.5105
 4253.760 -1.0000  0.3543
 4253.780 -1.0000  0.4472
 4253.800 -1.0000  0.6224
 4253.820 -1.0000  0.7054
 4253.840 -1.0000  0.7636
 4253.860  0.8226  0.7771
 4253.880  0.8324  0.7683
 4253.900  0.8349  0.7808
 4253.920 -1.0000  0.7662
 4253.940 -1.0000  0.7180
 4253.960 -1.0000  0.6602
 4253.980 -1.0000  0.5692
 4254.000 -1.0000  0.6020
 4254.020 -1.0000  0.6890
 4254.040 -1.0000  0.7347
 4254.060 -1.0000  0.7134
 4254.080 -1.0000  0.6537
 4254.100 -1.0000  0.6095
 4254.120 -1.0000  0.6882
 4254.140 -1.0000  0.7707
 4254.160 -1.0000  0.8231
 4254.180  0.8387  0.8514
 4254.200  0.8292  0.8420
 4254.220  0.8056  0.8532
 4254.240  0.7711  0.8380
 4254.260  0.7314  0.8767
 4254.280  0.6876  0.8748
 4254.300  0.6369  0.8810
 4254.320  0.5814  0.8611
 4254.340  0.5323  0.8591
 4254.360  0.5023  0.8422
 4254.380 -1.0000  0.8119
 4254.400 -1.0000  0.7746
 4254.420 -1.0000  0.6939
 4254.440 -1.0000  0.5488
 4254.460 -1.0000  0.3709
 4254.480 -1.0000  0.1901
 4254.500 -1.0000  0.3664
 4254.520 -1.0000  0.4800
 4254.540 -1.0000  0.5338
 4254.560 -1.0000  0.5237
 4254.580 -1.0000  0.3926
 4254.600 -1.0000  0.2398
 4254.620 -1.0000  0.4242
 4254.640 -1.0000  0.2955
 4254.660 -1.0000  0.5945
 4254.680 -1.0000  0.7134
 4254.700 -1.0000  0.7765
 4254.720  0.7015  0.8301
 4254.740  0.6982  0.8544
 4254.760  0.6969  0.8583
 4254.780  0.7073  0.8745
 4254.800  0.7274  0.8536
 4254.820  0.7395  0.8788
 4254.840  0.7331  0.8733
 4254.860  0.7198  0.8675
 4254.880  0.7184  0.8423
 4254.900  0.7250  0.7640
 4254.920  0.7195  0.8038
 4254.940  0.6996  0.8329
 4254.960  0.6767  0.8554
 4254.980  0.6594  0.8928
 4255.000  0.6564  0.8977
 4255.020  0.6754  0.9111
 4255.040  0.7182  0.9259
 4255.060  0.7763  0.9130
 4255.080  0.8328  0.9273
 4255.100  0.8759  0.9181
 4255.120  0.9053  0.9253
 4255.140  0.9239  0.9113
 4255.160  0.9304  0.9022
 4255.180  0.9248  0.9131
 4255.200  0.9092  0.9077
 4255.220  0.8797  0.9063
 4255.240  0.8357  0.9103
 4255.260  0.7896  0.9067
 4255.280  0.7556  0.8902
 4255.300  0.7390  0.9033
 4255.320  0.7339  0.8717
 4255.340  0.7285  0.8596
 4255.360 -1.0000  0.8124
 4255.380 -1.0000  0.7640
 4255.400 -1.0000  0.6427
 4255.420 -1.0000  0.6915
 4255.440 -1.0000  0.7750
 4255.460 -1.0000  0.8029
 4255.480  0.5383  0.8072
 4255.500  0.5064  0.8028
 4255.520  0.4669  0.8073
 4255.540  0.4354  0.7823
 4255.560 -1.0000  0.7571
 4255.580 -1.0000  0.7238
 4255.600 -1.0000  0.6756
 4255.620 -1.0000  0.6050
 4255.640 -1.0000  0.5204
 4255.660 -1.0000  0.3997
 4255.680 -1.0000  0.2484
 4255.700 -1.0000  0.1148
 4255.720 -1.0000  0.0337
 4255.740 -1.0000  0.0118
 4255.760 -1.0000  0.0174
 4255.780 -1.0000  0.0748
 4255.800 -1.0000  0.1886
 4255.820 -1.0000  0.3404
 4255.840 -1.0000  0.5001
 4255.860 -1.0000  0.6060
 4255.880 -1.0000  0.6696
 4255.900 -1.0000  0.7098
 4255.920 -1.0000  0.7570
 4255.940  0.7234  0.7851
 4255.960  0.6758  0.7926
 4255.980  0.6079  0.8324
 4256.000  0.5431  0.8399
 4256.020  0.4910  0.8552
 4256.040  0.4507  0.8724
 4256.060  0.4221  0.8717
 4256.080  0.4058  0.8878
 4256.100  0.3994  0.8991
 4256.120  0.3959  0.8985
 4256.140  0.3891  0.9025
 4256.160  0.3828  0.9065
 4256.180  0.3848  0.9050
 4256.200  0.3981  0.9074
 4256.220  0.4211  0.9160
 4256.240  0.4546  0.9014
 4256.260  0.5017  0.9161
 4256.280  0.5564  0.8862
 4256.300  0.6116  0.8828
 4256.320  0.6740  0.8382
 4256.340  0.7370  0.7688
 4256.360  0.7770  0.8447
 4256.380  0.7858  0.8323
 4256.400  0.7704  0.8652
 4256.420  0.7445  0.8859
 4256.440  0.7253  0.8993
 4256.460  0.7185  0.8983
 4256.480  0.7162  0.8844
 4256.500  0.7108  0.8802
 4256.520 -1.0000  0.8338
 4256.540 -1.0000  0.7787
 4256.560 -1.0000  0.6456
 4256.580 -1.0000  0.5063
 4256.600 -1.0000  0.3856
 4256.620 -1.0000  0.4662
 4256.640 -1.0000  0.6689
 4256.660 -1.0000  0.7774
 4256.680 -1.0000  0.8461
 4256.700  0.5580  0.8662
 4256.720  0.6052  0.8970
 4256.740  0.6778  0.9159
 4256.760  0.7588  0.9072
 4256.780  0.8344  0.9314
 4256.800  0.8968  0.9260
 4256.820  0.9401  0.9234
 4256.840  0.9625  0.9200
 4256.860  0.9686  0.9099
 4256.880  0.9690  0.9025
 4256.900  0.9741  0.9159
 4256.920  0.9783  0.8937
 4256.940  0.9748  0.8747
 4256.960  0.9796  0.8362
 4256.980  0.9950  0.7188
 4257.000  0.9983  0.7788
 4257.020  0.9833  0.7979
 4257.040  0.9586  0.8679
 4257.060  0.9326  0.9088
 4257.080  0.9110  0.9199
 4257.100  0.8895  0.9313
 4257.120  0.8582  0.9275
 4257.140  0.8131  0.9480
 4257.160  0.7567  0.9308
 4257.180  0.6974  0.9469
 4257.200  0.6468  0.9381
 4257.220  0.6112  0.9368
 4257.240  0.5885  0.9433
 4257.260  0.5741  0.9369
 4257.280  0.5661  0.9470
 4257.300  0.5667  0.9413
 4257.320  0.5796  0.9451
 4257.340  0.6082  0.9505
 4257.360  0.6534  0.9337
 4257.380  0.7146  0.9485
 4257.400  0.7867  0.9383
 4257.420  0.8523  0.9332
 4257.440  0.8956  0.9342
 4257.460  0.9177  0.8863
 4257.480  0.9238  0.8626
 4257.500  0.9141  0.8459
 4257.520  0.8881  0.8719
 4257.540  0.8457  0.8541
 4257.560  0.7892  0.8716
 4257.580  0.7251  0.8748
 4257.600  0.6586  0.8886
 4257.620  0.5938  0.9217
 4257.640  0.5387  0.9198
 4257.660  0.5009  0.9373
 4257.680  0.4864  0.9258
 4257.700  0.4979  0.9260
 4257.720  0.5332  0.9121
 4257.740  0.5879  0.9321
 4257.760  0.6546  0.9150
 4257.780  0.7234  0.9230
 4257.800  0.7867  0.9170
 4257.820  0.8412  0.9223
 4257.840  0.8835  0.9123
 4257.860  0.9115  0.8968
 4257.880  0.9349  0.8608
 4257.900  0.9666  0.8164
 4257.920  0.9972  0.7962
 4257.940  1.0085  0.8568
 4257.960  1.0018  0.8632
 4257.980  0.9870  0.8506
 4258.000 -1.0000  0.8083
 4258.020 -1.0000  0.7147
 4258.040 -1.0000  0.6758
 4258.060 -1.0000  0.5723
 4258.080 -1.0000  0.4514
 4258.100 -1.0000  0.5949
 4258.120 -1.0000  0.6434
 4258.140 -1.0000  0.6109
 4258.160 -1.0000  0.5839
 4258.180 -1.0000  0.7798
 4258.200 -1.0000  0.8344
 4258.220  0.4503  0.8899
 4258.240  0.4238  0.8936
 4258.260  0.3951  0.9122
 4258.280  0.3667  0.9153
 4258.300  0.3454  0.9236
 4258.320  0.3304  0.9085
 4258.340  0.3111  0.9167
 4258.360  0.2924  0.9135
 4258.380  0.2919  0.8980
 4258.400  0.3109  0.8978
 4258.420  0.3398  0.9068
 4258.440  0.3726  0.8883
 4258.460  0.4023  0.8664
 4258.480 -1.0000  0.8195
 4258.500 -1.0000  0.7761
 4258.520 -1.0000  0.6818
 4258.540 -1.0000  0.5708
 4258.560 -1.0000  0.7222
 4258.580 -1.0000  0.7829
 4258.600  0.5538  0.7930
 4258.620 -1.0000  0.7876
 4258.640 -1.0000  0.7208
 4258.660 -1.0000  0.5882
 4258.680 -1.0000  0.4244
 4258.700 -1.0000  0.2618
 4258.720 -1.0000  0.5613
 4258.740 -1.0000  0.6873
 4258.760 -1.0000  0.7643
 4258.780 -1.0000  0.7635
 4258.800 -1.0000  0.7212
 4258.820 -1.0000  0.6013
 4258.840 -1.0000  0.5515
 4258.860 -1.0000  0.6574
 4258.880 -1.0000  0.7055
 4258.900 -1.0000  0.7421
 4258.920 -1.0000  0.7340
 4258.940 -1.0000  0.5546
 4258.960 -1.0000  0.7619
 4258.980 -1.0000  0.8138
 4259.000  0.9747  0.8634
 4259.020  0.9588  0.8979
 4259.040  0.9310  0.9011
 4259.060  0.8890  0.9204
 4259.080  0.8304  0.9212
 4259.100  0.7615  0.9168
 4259.120  0.6989  0.9252
 4259.140  0.6607  0.9104
 4259.160  0.6524  0.8998
 4259.180  0.6643  0.8879
 4259.200  0.6832  0.8682
 4259.220 -1.0000  0.8217
 4259.240 -1.0000  0.7696
 4259.260 -1.0000  0.6180
 4259.280 -1.0000  0.7466
 4259.300 -1.0000  0.8115
 4259.320  0.8858  0.8666
 4259.340  0.8939  0.8906
 4259.360  0.8963  0.8943
 4259.380  0.8824  0.9013
 4259.400  0.8416  0.8916
 4259.420  0.7751  0.8652
 4259.440  0.7024  0.8755
 4259.460  0.6530  0.8351
 4259.480 -1.0000  0.7802
 4259.500 -1.0000  0.7243
 4259.520 -1.0000  0.5866
 4259.540 -1.0000  0.4361
 4259.560 -1.0000  0.4240
 4259.580 -1.0000  0.5679
 4259.600 -1.0000  0.6865
 4259.620 -1.0000  0.7452
 4259.640 -1.0000  0.7352
 4259.660 -1.0000  0.6455
 4259.680 -1.0000  0.5057
 4259.700 -1.0000  0.4469
 4259.720 -1.0000  0.6595
 4259.740 -1.0000  0.7233
 4259.760 -1.0000  0.7324
 4259.780 -1.0000  0.6938
 4259.800 -1.0000  0.6019
 4259.820 -1.0000  0.7659
 4259.840 -1.0000  0.8168
 4259.860  0.8551  0.8550
 4259.880  0.8108  0.8582
 4259.900  0.7591  0.8603
 4259.920 -1.0000  0.8193
 4259.940 -1.0000  0.7315
 4259.960 -1.0000  0.6748
 4259.980 -1.0000  0.5452
 4260.000 -1.0000  0.7737
 4260.020 -1.0000  0.8220
 4260.040  0.5934  0.8767
 4260.060  0.6229  0.8998
 4260.080  0.6708  0.9209
 4260.100  0.7285  0.9083
 4260.120  0.7861  0.9200
 4260.140  0.8301  0.9145
 4260.160  0.8482  0.9239
 4260.180  0.8390  0.9358
 4260.200  0.8082  0.9195
 4260.220  0.7628  0.9325
 4260.240  0.7121  0.9229
 4260.260  0.6602  0.9073
 4260.280  0.6070  0.8981
 4260.300  0.5594  0.8863
 4260.320  0.5275  0.8570
 4260.340  0.5175  0.8349
 4260.360 -1.0000  0.7773
 4260.380 -1.0000  0.7058
 4260.400 -1.0000  0.6067
 4260.420 -1.0000  0.6126
 4260.440 -1.0000  0.7190
 4260.460 -1.0000  0.8067
 4260.480  0.9321  0.8596
 4260.500  0.9624  0.8888
 4260.520  0.9831  0.8966
 4260.540  0.9890  0.9132
 4260.560  0.9868  0.9023
 4260.580  0.9835  0.8923
 4260.600  0.9761  0.9071
 4260.620  0.9602  0.9133
 4260.640  0.9333  0.9144
 4260.660  0.8975  0.9275
 4260.680  0.8564  0.9298
 4260.700  0.8061  0.9141
 4260.720  0.7424  0.9239
 4260.740  0.6744  0.9085
 4260.760  0.6118  0.8886
 4260.780  0.5527  0.8600
 4260.800  0.4947  0.8602
 4260.820  0.4426  0.8231
 4260.840  0.4044  0.8666
 4260.860  0.3821  0.8998
 4260.880  0.3648  0.9139
 4260.900  0.3411  0.9242
 4260.920  0.3139  0.9166
 4260.940  0.2929  0.9245
 4260.960  0.2824  0.8970
 4260.980  0.2809  0.9036
 4261.000  0.2879  0.8843
 4261.020 -1.0000  0.8518
 4261.040 -1.0000  0.8091
 4261.060 -1.0000  0.6991
 4261.080 -1.0000  0.5698
 4261.100 -1.0000  0.3890
 4261.120 -1.0000  0.4467
 4261.140 -1.0000  0.6447
 4261.160 -1.0000  0.6812
 4261.180 -1.0000  0.6578
 4261.200 -1.0000  0.6281
 4261.220 -1.0000  0.5911
 4261.240 -1.0000  0.7227
 4261.260 -1.0000  0.7344
 4261.280  1.0295  0.7780
 4261.300  1.0196  0.8263
 4261.320  1.0093  0.8702
 4261.340  0.9959  0.8588
 4261.360  0.9626  0.9118
 4261.380  0.9076  0.9137
 4261.400  0.8387  0.9195
 4261.420  0.7635  0.9323
 4261.440  0.6914  0.9197
 4261.460  0.6301  0.9375
 4261.480  0.5837  0.9176
 4261.500  0.5542  0.9314
 4261.520  0.5438  0.9252
 4261.540  0.5508  0.9109
 4261.560  0.5666  0.9122
 4261.580  0.5801  0.8974
 4261.600  0.5846  0.8783
 4261.620 -1.0000  0.8461
 4261.640 -1.0000  0.7644
 4261.660 -1.0000  0.6266
 4261.680 -1.0000  0.4657
 4261.700 -1.0000  0.6100
 4261.720 -1.0000  0.7312
 4261.740 -1.0000  0.7738
 4261.760  0.5129  0.8125
 4261.780  0.5477  0.8192
 4261.800  0.6081  0.8503
 4261.820  0.6882  0.8883
 4261.840  0.7752  0.8967
 4261.860  0.8542  0.9152
 4261.880  0.9195  0.9109
 4261.900  0.9713  0.9015
 4261.920  1.0040  0.8909
 4261.940  1.0124  0.9139
 4261.960  1.0052  0.9316
 4261.980  0.9945  0.9192
 4262.000  0.9751  0.9287
 4262.020  0.9350  0.9443
 4262.040  0.8780  0.9433
 4262.060  0.8174  0.9297
 4262.080  0.7551  0.9208
 4262.100  0.6914  0.9437
 4262.120  0.6401  0.9432
 4262.140  0.6185  0.9542
 4262.160  0.6299  0.9449
 4262.180  0.6600  0.9499
 4262.200  0.6901  0.9402
 4262.220  0.7102  0.9437
 4262.240  0.7118  0.9203
 4262.260  0.6859  0.9270
 4262.280  0.6352  0.9205
 4262.300  0.5790  0.9188
 4262.320  0.5380  0.9044
 4262.340  0.5171  0.8974
 4262.360  0.5116  0.9281
 4262.380  0.5218  0.9240
 4262.400  0.5457  0.9291
 4262.420  0.5726  0.9441
 4262.440  0.5940  0.9283
 4262.460  0.6111  0.9458
 4262.480  0.6293  0.9372
 4262.500  0.6512  0.9316
 4262.520  0.6761  0.9197
 4262.540  0.6976  0.8962
 4262.560  0.7084  0.8997
 4262.580  0.7076  0.8731
 4262.600 -1.0000  0.8370
 4262.620 -1.0000  0.7599
 4262.640 -1.0000  0.6316
 4262.660 -1.0000  0.7073
 4262.680 -1.0000  0.8087
 4262.700  0.5460  0.8688
 4262.720  0.5628  0.8941
 4262.740  0.5966  0.9122
 4262.760  0.6264  0.9094
 4262.780  0.6329  0.8974
 4262.800  0.6152  0.8783
 4262.820  0.5854  0.8372
 4262.840  0.5591  0.8755
 4262.860  0.5469  0.8709
 4262.880  0.5507  0.8653
 4262.900 -1.0000  0.8336
 4262.920 -1.0000  0.7678
 4262.940 -1.0000  0.6176
 4262.960 -1.0000  0.7579
 4262.980 -1.0000  0.7991
 4263.000  0.8604  0.8583
 4263.020  0.8660  0.8804
 4263.040  0.8547  0.8906
 4263.060  0.8306  0.9259
 4263.080  0.7987  0.9134
 4263.100  0.7554  0.9180
 4263.120  0.6976  0.9276
 4263.140  0.6363  0.9099
 4263.160  0.5891  0.9091
 4263.180  0.5637  0.8847
 4263.200 -1.0000  0.8406
 4263.220 -1.0000  0.7893
 4263.240 -1.0000  0.6646
 4263.260 -1.0000  0.6757
 4263.280 -1.0000  0.7608
 4263.300 -1.0000  0.8354
 4263.320  0.4344  0.8787
 4263.340  0.4128  0.8993
 4263.360  0.3872  0.9014
 4263.380  0.3621  0.9135
 4263.400  0.3403  0.9000
 4263.420  0.3238  0.8983
 4263.440  0.3099  0.8931
 4263.460  0.2921  0.8468
 4263.480  0.2735  0.7955
 4263.500  0.2658  0.7618
 4263.520  0.2718  0.8201
 4263.540  0.2842  0.8497
 4263.560  0.2998  0.8380
 4263.580  0.3222  0.7899
 4263.600  0.3506  0.7054
 4263.620  0.3739  0.7485
 4263.640  0.3824  0.7911
 4263.660  0.3777  0.8928
 4263.680  0.3701  0.8724
 4263.700  0.3681  0.8520
 4263.720  0.3784  0.8034
 4263.740  0.4073  0.7206
 4263.760  0.4540  0.7054
 4263.780  0.5070  0.8043
 4263.800  0.5512  0.8493
 4263.820  0.5763  0.8776
 4263.840  0.5854  0.8980
 4263.860  0.5883  0.9005
 4263.880  0.5860  0.8856
 4263.900  0.5730  0.8892
 4263.920  0.5514  0.8902
 4263.940  0.5314  0.9091
 4263.960  0.5194  0.9030
 4263.980  0.5163  0.9079
 4264.000  0.5186  0.8782
 4264.020  0.5191  0.8646
 4264.040  0.5171  0.8436
 4264.060  0.5235  0.8260
 4264.080  0.5396  0.7671
 4264.100  0.5502  0.7852
 4264.120  0.5444  0.7876
 4264.140  0.5258  0.7774
 4264.160  0.5070  0.7718
 4264.180 -1.0000  0.7529
 4264.200 -1.0000  0.7373
 4264.220 -1.0000  0.6717
 4264.240 -1.0000  0.5838
 4264.260 -1.0000  0.4367
 4264.280 -1.0000  0.2710
 4264.300 -1.0000  0.1186
 4264.320 -1.0000  0.0927
 4264.340 -1.0000  0.1888
 4264.360 -1.0000  0.3609
 4264.380 -1.0000  0.5168
 4264.400 -1.0000  0.6297
 4264.420 -1.0000  0.6995
 4264.440 -1.0000  0.7400
 4264.460 -1.0000  0.7717
 4264.480  0.4435  0.7686
 4264.500 -1.0000  0.7529
 4264.520 -1.0000  0.7225
 4264.540 -1.0000  0.6559
 4264.560 -1.0000  0.5038
 4264.580 -1.0000  0.6001
 4264.600 -1.0000  0.6164
 4264.620 -1.0000  0.7744
 4264.640 -1.0000  0.8220
 4264.660  0.4551  0.8448
 4264.680  0.4579  0.8665
 4264.700  0.4652  0.8648
 4264.720  0.4750  0.8424
 4264.740 -1.0000  0.8220
 4264.760 -1.0000  0.7711
 4264.780 -1.0000  0.6979
 4264.800 -1.0000  0.5696
 4264.820 -1.0000  0.3595
 4264.840 -1.0000  0.6638
 4264.860 -1.0000  0.7484
 4264.880 -1.0000  0.8221
 4264.900  0.6408  0.8433
 4264.920  0.6885  0.8243
 4264.940  0.7586  0.8489
 4264.960  0.8330  0.8450
 4264.980  0.8899  0.8831
 4265.000  0.9198  0.8912
 4265.020  0.9262  0.9142
 4265.040  0.9198  0.9137
 4265.060  0.9111  0.9126
 4265.080  0.9039  0.9026
 4265.100  0.8931  0.9058
 4265.120  0.8679  0.8963
 4265.140  0.8279  0.8720
 4265.160  0.7888  0.8367
 4265.180  0.7574  0.7747
 4265.200  0.7258  0.8598
 4265.220  0.6884  0.8195
 4265.240  0.6459  0.8894
 4265.260  0.6129  0.9125
 4265.280  0.6069  0.9296
 4265.300  0.6315  0.9335
 4265.320  0.6857  0.9253
 4265.340  0.7610  0.9145
 4265.360  0.8318  0.9104
 4265.380  0.8849  0.8667
 4265.400  0.9422  0.8498
 4265.420  1.0047  0.7276
 4265.440  1.0399  0.8118
 4265.460  1.0454  0.8856
 4265.480  1.0437  0.8969
 4265.500  1.0428  0.9248
 4265.520  1.0436  0.9205
 4265.540  1.0441  0.9465
 4265.560  1.0393  0.9437
 4265.580  1.0302  0.9521
 4265.600  1.0233  0.9390
 4265.620  1.0223  0.9521
 4265.640  1.0228  0.9485
 4265.660  1.0171  0.9549
 4265.680  1.0018  0.9477
 4265.700  0.9805  0.9512
 4265.720  0.9605  0.9549
 4265.740  0.9391  0.9431
 4265.760  0.8981  0.9394
 4265.780  0.8239  0.9347
 4265.800  0.7263  0.9466
 4265.820  0.6238  0.9411
 4265.840  0.5260  0.9499
 4265.860  0.4409  0.9637
 4265.880  0.3770  0.9379
 4265.900  0.3360  0.9587
 4265.920  0.3129  0.9369
 4265.940  0.3017  0.9473
 4265.960  0.3002  0.9469
 4265.980  0.3094  0.9446
 4266.000  0.3306  0.9528
 4266.020  0.3705  0.9527
 4266.040  0.4390  0.9526
 4266.060  0.5343  0.9525
 4266.080  0.6402  0.9524
 4266.100  0.7401  0.9523
 4266.120  0.8262  0.9522
 4266.140  0.8957  0.9521
 4266.160  0.9454  0.9520
 4266.180  0.9749  0.9609
 4266.200  0.9899  0.9556
 4266.220  0.9974  0.9534
 4266.240  0.9989  0.9462
 4266.260  0.9906  0.9472
 4266.280  0.9725  0.9277
 4266.300  0.9544  0.9186
 4266.320  0.9452  0.9083
 4266.340  0.9399  0.9160
 4266.360  0.9286  0.9226
 4266.380  0.9116  0.9200
 4266.400  0.8989  0.9110
 4266.420  0.8953  0.9007
 4266.440 -1.0000  0.8670
 4266.460 -1.0000  0.7825
 4266.480 -1.0000  0.6718
 4266.500 -1.0000  0.5184
 4266.520 -1.0000  0.7235
 4266.540 -1.0000  0.7811
 4266.560 -1.0000  0.8148
 4266.580 -1.0000  0.7915
 4266.600 -1.0000  0.6539
 4266.620 -1.0000  0.7253
 4266.640 -1.0000  0.8016
 4266.660  0.7921  0.8496
 4266.680  0.7885  0.8797
 4266.700  0.7905  0.8485
 4266.720 -1.0000  0.8021
 4266.740 -1.0000  0.7417
 4266.760 -1.0000  0.6885
 4266.780 -1.0000  0.8449
 4266.800 -1.0000  0.8854
 4266.820  0.8288  0.9023
 4266.840  0.8335  0.9232
 4266.860  0.8446  0.9245
 4266.880  0.8590  0.9233
 4266.900  0.8701  0.9321
 4266.920  0.8774  0.9239
 4266.940  0.8850  0.9160
 4266.960  0.8913  0.9121
 4266.980  0.8897  0.9108
 4267.000  0.8826  0.9240
 4267.020  0.8832  0.9158
 4267.040  0.8968  0.8933
 4267.060  0.9124  0.8735
 4267.080 -1.0000  0.8349
 4267.100 -1.0000  0.7468
 4267.120 -1.0000  0.6383
 4267.140 -1.0000  0.5517
 4267.160 -1.0000  0.7667
 4267.180 -1.0000  0.8414
 4267.200  0.8521  0.8860
 4267.220  0.7975  0.8954
 4267.240  0.7209  0.9096
 4267.260  0.6468  0.9004
 4267.280  0.5873  0.8583
 4267.300  0.5346  0.9078
 4267.320  0.4825  0.9086
 4267.340  0.4353  0.9217
 4267.360  0.3971  0.9261
 4267.380  0.3677  0.9272
 4267.400  0.3478  0.9090
 4267.420  0.3440  0.9061
 4267.440 -1.0000  0.8576
 4267.460 -1.0000  0.7954
 4267.480 -1.0000  0.6718
 4267.500 -1.0000  0.7211
 4267.520 -1.0000  0.7605
 4267.540  0.7428  0.7127
 4267.560  0.8118  0.7302
 4267.580  0.8678  0.8317
 4267.600  0.8958  0.8989
 4267.620  0.9005  0.9165
 4267.640  0.8898  0.9232
 4267.660  0.8697  0.9265
 4267.680  0.8412  0.9327
 4267.700  0.7958  0.9278
 4267.720  0.7319  0.9300
 4267.740  0.6683  0.9135
 4267.760  0.6280  0.8871
 4267.780  0.6216  0.9208
 4267.800  0.6488  0.9346
 4267.820  0.7020  0.9289
 4267.840  0.7733  0.9362
 4267.860  0.8529  0.9462
 4267.880  0.9180  0.9344
 4267.900  0.9496  0.9422
 4267.920  0.9577  0.9693
 4267.940  0.9635  0.9554
 4267.960  0.9707  0.9297
 4267.980  0.9745  0.9439
 4268.000  0.9701  0.9095
 4268.020  0.9632  0.8745
 4268.040  0.9789  0.8557
 4268.060  1.0100  0.7585
 4268.080  1.0139  0.8663
 4268.100  0.9864  0.8836
 4268.120  0.9493  0.9222
 4268.140  0.8995  0.9379
 4268.160  0.8223  0.9352
 4268.180  0.7176  0.9386
 4268.200  0.6063  0.9460
 4268.220  0.5132  0.9402
 4268.240  0.4460  0.9435
 4268.260  0.3965  0.9367
 4268.280  0.3545  0.9262
 4268.300  0.3192  0.9061
 4268.320  0.2993  0.9190
 4268.340  0.2994  0.8811
 4268.360  0.3121  0.8339
 4268.380  0.3298  0.8295
 4268.400  0.3579  0.9020
 4268.420  0.4089  0.8822
 4268.440  0.4897  0.8976
 4268.460  0.5950  0.9131
 4268.480  0.7062  0.9285
 4268.500  0.8016  0.9439
 4268.520  0.8739  0.9593
 4268.540  0.9262  0.9469
 4268.560  0.9633  0.9549
 4268.580  0.9880  0.9408
 4268.600  1.0047  0.9411
 4268.620  1.0209  0.9559
 4268.640  1.0387  0.9409
 4268.660  1.0516  0.9447
 4268.680  1.0582  0.9483
 4268.700  1.0587  0.9483
 4268.720  1.0496  0.9530
 4268.740  1.0380  0.9450
 4268.760  1.0340  0.9377
 4268.780  1.0342  0.9316
 4268.800  1.0302  0.9224
 4268.820  1.0231  0.9207
 4268.840  1.0188  0.9017
 4268.860 -1.0000  0.8631
 4268.880 -1.0000  0.7837
 4268.900 -1.0000  0.6751
 4268.920 -1.0000  0.6892
 4268.940 -1.0000  0.7487
 4268.960 -1.0000  0.6923
 4268.980 -1.0000  0.6719
 4269.000 -1.0000  0.8300
 4269.020 -1.0000  0.8644
 4269.040  1.0399  0.9016
 4269.060  1.0446  0.9036
 4269.080  1.0442  0.9260
 4269.100  1.0401  0.9252
 4269.120  1.0344  0.9163
 4269.140  1.0311  0.9388
 4269.160  1.0327  0.9241
 4269.180  1.0294  0.9164
 4269.200  1.0166  0.9329
 4269.220  1.0067  0.9219
 4269.240  1.0063  0.9244
 4269.260  1.0114  0.9250
 4269.280  1.0175  0.9232
 4269.300  1.0184  0.9140
 4269.320  1.0112  0.9276
 4269.340  1.0034  0.9121
 4269.360  1.0024  0.9118
 4269.380  1.0052  0.9026
 4269.400  1.0028  0.8968
 4269.420  0.9872  0.8851
 4269.440  0.9524  0.8744
 4269.460  0.9005  0.8694
 4269.480  0.8444  0.8642
 4269.500  0.7950  0.8377
 4269.520  0.7511  0.8340
 4269.540  0.7099  0.8003
 4269.560  0.6781  0.7912
 4269.580 -1.0000  0.7406
 4269.600 -1.0000  0.7072
 4269.620 -1.0000  0.6361
 4269.640 -1.0000  0.5673
 4269.660 -1.0000  0.4776
 4269.680 -1.0000  0.3397
 4269.700 -1.0000  0.2152
 4269.720 -1.0000  0.0818
 4269.740 -1.0000  0.0278
 4269.760 -1.0000  0.0082
 4269.780 -1.0000  0.0093
 4269.800 -1.0000  0.0247
 4269.820 -1.0000  0.1017
 4269.840 -1.0000  0.2241
 4269.860 -1.0000  0.3759
 4269.880 -1.0000  0.4847
 4269.900 -1.0000  0.5847
 4269.920 -1.0000  0.6619
 4269.940 -1.0000  0.7114
 4269.960 -1.0000  0.7563
 4269.980  0.8977  0.7881
 4270.000  0.8984  0.8031
 4270.020  0.8931  0.8253
 4270.040  0.8839  0.8500
 4270.060  0.8701  0.8575
 4270.080  0.8404  0.8821
 4270.100  0.7857  0.8759
 4270.120  0.7165  0.9060
 4270.140  0.6542  0.8920
 4270.160  0.6089  0.8997
 4270.180  0.5807  0.9051
 4270.200  0.5718  0.9113
 4270.220  0.5858  0.9074
 4270.240  0.6206  0.9128
 4270.260  0.6636  0.9042
 4270.280  0.6964  0.8986
 4270.300  0.7106  0.9029
 4270.320  0.7118  0.8957
 4270.340  0.7061  0.8953
 4270.360  0.6959  0.8486
 4270.380  0.6930  0.8267
 4270.400  0.7085  0.7687
 4270.420  0.7324  0.8107
 4270.440  0.7466  0.8698
 4270.460  0.7356  0.8845
 4270.480  0.6916  0.9071
 4270.500  0.6228  0.9029
 4270.520  0.5467  0.9087
 4270.540  0.4757  0.8924
 4270.560  0.4158  0.8687
 4270.580  0.3714  0.8500
 4270.600  0.3397  0.7982
 4270.620  0.3116  0.8428
 4270.640  0.2883  0.8426
 4270.660  0.2800  0.8239
 4270.680  0.2910  0.8643
 4270.700  0.3218  0.8541
 4270.720  0.3765  0.8422
 4270.740  0.4579  0.8066
 4270.760  0.5549  0.7894
 4270.780  0.6494  0.8258
 4270.800  0.7318  0.8964
 4270.820  0.7910  0.8448
 4270.840  0.8079  0.7918
 4270.860  0.7755  0.7281
 4270.880  0.7161  0.8079
 4270.900  0.6649  0.8161
 4270.920 -1.0000  0.7972
 4270.940 -1.0000  0.7720
 4270.960 -1.0000  0.6950
 4270.980 -1.0000  0.5344
 4271.000 -1.0000  0.6236
 4271.020 -1.0000  0.7365
 4271.040 -1.0000  0.7729
 4271.060  0.3029  0.7925
 4271.080  0.3113  0.8000
 4271.100  0.3439  0.7710
 4271.120  0.3943  0.7191
 4271.140  0.4503  0.7562
 4271.160  0.5035  0.8065
 4271.180  0.5431  0.8182
 4271.200  0.5565  0.8407
 4271.220  0.5479  0.8183
 4271.240  0.5363  0.7913
 4271.260 -1.0000  0.7867
 4271.280 -1.0000  0.7244
 4271.300 -1.0000  0.6721
 4271.320 -1.0000  0.5943
 4271.340 -1.0000  0.4860
 4271.360 -1.0000  0.3463
 4271.380 -1.0000  0.2318
 4271.400 -1.0000  0.2109
 4271.420 -1.0000  0.2940
 4271.440 -1.0000  0.4634
 4271.460 -1.0000  0.5775
 4271.480 -1.0000  0.6633
 4271.500 -1.0000  0.6675
 4271.520 -1.0000  0.6497
 4271.540 -1.0000  0.5327
 4271.560 -1.0000  0.5244
 4271.580 -1.0000  0.5703
 4271.600 -1.0000  0.7235
 4271.620 -1.0000  0.8017
 4271.640  0.9323  0.8338
 4271.660  0.9281  0.8558
 4271.680  0.9247  0.8361
 4271.700  0.9183  0.8745
 4271.720  0.9067  0.8505
 4271.740  0.8904  0.8501
 4271.760  0.8659  0.7803
 4271.780  0.8308  0.7148
 4271.800  0.7926  0.7028
 4271.820  0.7724  0.8235
 4271.840  0.7899  0.8570
 4271.860  0.8416  0.8927
 4271.880  0.9052  0.9031
 4271.900  0.9595  0.9115
 4271.920  0.9964  0.9063
 4271.940  1.0129  0.9101
 4271.960  1.0085  0.8891
 4271.980  1.0035  0.8517
 4272.000  1.0213  0.7765
 4272.020  1.0457  0.7833
 4272.040  1.0523  0.8650
 4272.060  1.0448  0.8814
 4272.080  1.0338  0.8943
 4272.100  1.0229  0.8869
 4272.120  1.0154  0.8599
 4272.140  1.0135  0.8222
 4272.160  1.0095  0.7559
 4272.180  0.9931  0.8550
 4272.200  0.9647  0.8817
 4272.220  0.9333  0.9229
 4272.240  0.9086  0.9210
 4272.260  0.8935  0.9189
 4272.280  0.8851  0.9225
 4272.300  0.8848  0.9220
 4272.320  0.8936  0.9148
 4272.340  0.9040  0.9171
 4272.360  0.9044  0.9016
 4272.380  0.8882  0.8935
 4272.400  0.8585  0.8883
 4272.420  0.8141  0.8637
 4272.440  0.7521  0.8785
 4272.460  0.6856  0.8830
 4272.480  0.6322  0.8842
 4272.500  0.5966  0.9136
 4272.520  0.5749  0.8769
 4272.540  0.5682  0.8952
 4272.560  0.5878  0.8720
 4272.580  0.6343  0.8669
 4272.600  0.6846  0.8430
 4272.620  0.7158  0.8282
 4272.640  0.7262  0.8117
 4272.660  0.7263  0.7959
 4272.680 -1.0000  0.7603
 4272.700 -1.0000  0.7044
 4272.720 -1.0000  0.6408
 4272.740 -1.0000  0.5333
 4272.760 -1.0000  0.4335
 4272.780 -1.0000  0.2840
 4272.800 -1.0000  0.1479
 4272.820 -1.0000  0.0759
 4272.840 -1.0000  0.0870
 4272.860 -1.0000  0.1567
 4272.880 -1.0000  0.2853
 4272.900 -1.0000  0.4162
 4272.920 -1.0000  0.5264
 4272.940 -1.0000  0.6401
 4272.960 -1.0000  0.6945
 4272.980 -1.0000  0.7179
 4273.000 -1.0000  0.7855
 4273.020  0.6853  0.8619
 4273.040  0.7503  0.8850
 4273.060  0.8343  0.8666
 4273.080  0.8999  0.8393
 4273.100  0.9353  0.8518
 4273.120  0.9576  0.8548
 4273.140  0.9760  0.8282
 4273.160  0.9849  0.8341
 4273.180  0.9855  0.8266
 4273.200 -1.0000  0.7957
 4273.220 -1.0000  0.7496
 4273.240 -1.0000  0.6639
 4273.260 -1.0000  0.5326
 4273.280 -1.0000  0.3507
 4273.300 -1.0000  0.2537
 4273.320 -1.0000  0.5061
 4273.340 -1.0000  0.6476
 4273.360 -1.0000  0.7332
 4273.380 -1.0000  0.7762
 4273.400  1.0043  0.7913
 4273.420  0.9929  0.8084
 4273.440 -1.0000  0.7749
 4273.460 -1.0000  0.7534
 4273.480 -1.0000  0.6601
 4273.500 -1.0000  0.5124
 4273.520 -1.0000  0.4660
 4273.540 -1.0000  0.5073
 4273.560 -1.0000  0.6426
 4273.580 -1.0000  0.7065
 4273.600 -1.0000  0.7384
 4273.620 -1.0000  0.7099
 4273.640 -1.0000  0.6239
 4273.660 -1.0000  0.5203
 4273.680 -1.0000  0.4882
 4273.700 -1.0000  0.5480
 4273.720 -1.0000  0.5224
 4273.740 -1.0000  0.4642
 4273.760 -1.0000  0.3992
 4273.780 -1.0000  0.6523
 4273.800 -1.0000  0.7643
 4273.820 -1.0000  0.8197
 4273.840  0.9503  0.8736
 4273.860  0.9409  0.8875
 4273.880  0.9176  0.9053
 4273.900  0.8815  0.8953
 4273.920  0.8366  0.9143
 4273.940  0.7872  0.9078
 4273.960  0.7448  0.9129
 4273.980  0.7282  0.9146
 4274.000  0.7466  0.9084
 4274.020  0.7897  0.9175
 4274.040  0.8367  0.9047
 4274.060  0.8712  0.8983
 4274.080  0.8864  0.8893
 4274.100 -1.0000  0.8509
 4274.120 -1.0000  0.7954
 4274.140 -1.0000  0.6906
 4274.160 -1.0000  0.7439
 4274.180 -1.0000  0.8014
 4274.200  0.7258  0.8499
 4274.220  0.7464  0.8863
 4274.240  0.7999  0.8660
 4274.260  0.8674  0.8217
 4274.280  0.9196  0.8434
 4274.300  0.9483  0.8710
 4274.320  0.9600  0.8863
 4274.340  0.9588  0.8957
 4274.360  0.9504  0.8687
 4274.380  0.9419  0.8479
 4274.400  0.9216  0.7600
 4274.420  0.8708  0.8042
 4274.440  0.7946  0.8155
 4274.460  0.7059  0.7760
 4274.480  0.6102  0.8095
 4274.500  0.5221  0.8736
 4274.520  0.4508  0.9040
 4274.540  0.3870  0.9128
 4274.560  0.3295  0.9286
 4274.580  0.2927  0.9383
 4274.600  0.2798  0.9343
 4274.620  0.2804  0.9332
 4274.640  0.2901  0.9512
 4274.660  0.3080  0.9389
 4274.680  0.3279  0.9392
 4274.700  0.3483  0.9323
 4274.720  0.3741  0.9370
 4274.740  0.4050  0.9137
 4274.760  0.4385  0.9660
 4274.780  0.4771  0.9356
 4274.800  0.5214  0.9379
 4274.820  0.5674  0.9348
 4274.840  0.6059  0.9445
 4274.860  0.6212  0.9460
 4274.880  0.6009  0.9321
 4274.900  0.5508  0.9325
 4274.920  0.4924  0.9512
 4274.940  0.4416  0.9540
 4274.960  0.4014  0.9234
 4274.980  0.3704  0.9217
 4275.000  0.3452  0.9244
 4275.020  0.3250  0.9050
 4275.040  0.3157  0.8738
 4275.060  0.3204  0.8391
 4275.080  0.3339  0.8702
 4275.100  0.3544  0.8737
 4275.120  0.3924  0.8771
 4275.140  0.4625  0.8806
 4275.160  0.5614  0.8841
 4275.180  0.6638  0.8876
 4275.200  0.7499  0.8910
 4275.220  0.8149  0.8945
 4275.240  0.8583  0.8980
 4275.260  0.8862  0.8730
 4275.280  0.9093  0.8302
 4275.300  0.9291  0.8065
 4275.320  0.9473  0.8518
 4275.340  0.9705  0.8414
 4275.360  0.9933  0.8233
 4275.380  1.0083  0.8281
 4275.400  1.0176  0.8084
 4275.420 -1.0000  0.7855
 4275.440 -1.0000  0.7337
 4275.460 -1.0000  0.6967
 4275.480 -1.0000  0.6166
 4275.500 -1.0000  0.5168
 4275.520 -1.0000  0.4080
 4275.540 -1.0000  0.3154
 4275.560 -1.0000  0.2654
 4275.580 -1.0000  0.3164
 4275.600 -1.0000  0.4120
 4275.620 -1.0000  0.5237
 4275.640 -1.0000  0.6191
 4275.660 -1.0000  0.6740
 4275.680 -1.0000  0.6855
 4275.700 -1.0000  0.6561
 4275.720 -1.0000  0.7024
 4275.740 -1.0000  0.7777
 4275.760  0.9493  0.8266
 4275.780  0.9576  0.8484
 4275.800  0.9688  0.8682
 4275.820  0.9771  0.8611
 4275.840  0.9709  0.8662
 4275.860  0.9438  0.8479
 4275.880  0.8959  0.7914
 4275.900  0.8330  0.8629
 4275.920  0.7680  0.8689
 4275.940  0.7069  0.8634
 4275.960  0.6582  0.8817
 4275.980 -1.0000  0.8260
 4276.000 -1.0000  0.7562
 4276.020 -1.0000  0.6778
 4276.040 -1.0000  0.4613
 4276.060 -1.0000  0.6887
 4276.080 -1.0000  0.7577
 4276.100 -1.0000  0.8084
 4276.120  0.7658  0.8680
 4276.140  0.7788  0.9309
 4276.160  0.7902  0.9964
 4276.180  0.8045  0.9757
 4276.200  0.8257  0.9607
 4276.220  0.8538  0.9471
 4276.240  0.8833  0.9332
 4276.260  0.9070  0.9373
 4276.280  0.9242  0.9371
 4276.300  0.9344  0.9338
 4276.320  0.9357  0.9198
 4276.340  0.9355  0.9192
 4276.360  0.9364  0.8788
 4276.380  0.9286  0.9092
 4276.400  0.9165  0.8904
 4276.420  0.9161  0.8738
 4276.440  0.9252  0.8221
 4276.460  0.9331  0.8654
 4276.480  0.9412  0.8528
 4276.500  0.9533  0.8387
 4276.520  0.9687  0.8391
 4276.540  0.9829  0.8122
 4276.560  0.9890  0.8075
 4276.580 -1.0000  0.7516
 4276.600 -1.0000  0.7125
 4276.620 -1.0000  0.6571
 4276.640 -1.0000  0.5998
 4276.660 -1.0000  0.7359
 4276.680 -1.0000  0.7666
 4276.700 -1.0000  0.7506
 4276.720 -1.0000  0.6654
 4276.740 -1.0000  0.7277
 4276.760 -1.0000  0.7544
 4276.780  0.9935  0.7733
 4276.800  0.9588  0.8477
 4276.820  0.9207  0.8608
 4276.840  0.8696  0.8613
 4276.860  0.7953  0.8225
 4276.880  0.7211  0.7666
 4276.900  0.6647  0.7168
 4276.920  0.6134  0.7921
 4276.940  0.5614  0.8415
 4276.960  0.5176  0.8824
 4276.980  0.4821  0.9106
 4277.000  0.4503  0.9284
 4277.020  0.4201  0.9442
 4277.040  0.3889  0.9499
 4277.060  0.3541  0.9426
 4277.080  0.3218  0.9567
 4277.100  0.3018  0.9607
 4277.120  0.2962  0.9666
 4277.140  0.3011  0.9550
 4277.160  0.3142  0.9477
 4277.180  0.3393  0.9631
 4277.200  0.3877  0.9498
 4277.220  0.4659  0.9336
 4277.240  0.5590  0.9186
 4277.260  0.6452  0.9474
 4277.280  0.7260  0.9767
 4277.300  0.8123  0.9588
 4277.320  0.8928  0.9241
 4277.340  0.9452  0.9029
 4277.360  0.9640  0.8934
 4277.380  0.9639  0.9197
 4277.400  0.9592  0.9189
 4277.420  0.9507  0.9202
 4277.440  0.9375  0.8917
 4277.460  0.9236  0.8912
 4277.480  0.9092  0.8901
 4277.500  0.8955  0.9107
 4277.520  0.8913  0.9220
 4277.540  0.8984  0.9399
 4277.560  0.9082  0.9535
 4277.580  0.9210  0.9557
 4277.600  0.9408  0.9555
 4277.620  0.9624  0.9597
 4277.640  0.9807  0.9642
 4277.660  0.9965  0.9577
 4277.680  1.0076  0.9564
 4277.700  1.0128  0.9479
 4277.720  1.0183  0.9474
 4277.740  1.0239  0.9380
 4277.760  1.0206  0.9305
 4277.780  1.0096  0.9130
 4277.800  0.9917  0.8710
 4277.820  0.9470  0.8443
 4277.840  0.8699  0.9176
 4277.860  0.7886  0.9435
 4277.880  0.7216  0.9477
 4277.900  0.6663  0.9612
 4277.920  0.6203  0.9592
 4277.940  0.5788  0.9546
 4277.960  0.5321  0.9687
 4277.980 -1.0000  0.9588
 4278.000 -1.0000  0.9629
 4247.000  0.0000        
 4247.020  0.0000        
 4247.040  0.0140        
 4247.060  0.0108        
 4247.080  0.0066        
 4247.100  0.0025        
 4247.120  0.0006        
 4247.140  0.0027        
 4247.160  0.0074        
 4247.180  0.0097        
 4247.200  0.0072        
 4247.220  0.0047        
 4247.240  0.0063        
 4247.260  0.0084        
 4247.280  0.0066        
 4247.300  0.0036        
 4247.320  0.0047        
 4247.340  0.0077        
 4247.360  0.0057        
 4247.380  0.0010        
 4247.400  0.0017        
 4247.420  0.0072        
 4247.440  0.0101        
 4247.460  0.0067        
 4247.480  0.0005        
 4247.500 -0.0029        
 4247.520 -0.0013        
 4247.540 -0.0006        
 4247.560 -0.0078        
 4247.580 -0.0181        
 4247.600 -0.0205        
 4247.620 -0.0130        
 4247.640 -0.0005        
 4247.660  0.0138        
 4247.680  0.0247        
 4247.700  0.0265        
 4247.720  0.0215        
 4247.740  0.0179        
 4247.760  0.0185        
 4247.780  0.0185        
 4247.800  0.0121        
 4247.820  0.0006        
 4247.840 -0.0069        
 4247.860 -0.0039        
 4247.880  0.0011        
 4247.900 -0.0021        
 4247.920 -0.0062        
 4247.940 -0.0018        
 4247.960  0.0038        
 4247.980  0.0034        
 4248.000  0.0025        
 4248.020  0.0075        
 4248.040  0.0150        
 4248.060  0.0187        
 4248.080  0.0183        
 4248.100  0.0178        
 4248.120  0.0184        
 4248.140  0.0177        
 4248.160  0.0154        
 4248.180  0.0133        
 4248.200  0.0121        
 4248.220  0.0099        
 4248.240  0.0054        
 4248.260 -0.0001        
 4248.280 -0.0039        
 4248.300 -0.0052        
 4248.320 -0.0056        
 4248.340 -0.0055        
 4248.360 -0.0024        
 4248.380  0.0048        
 4248.400  0.0123        
 4248.420  0.0142        
 4248.440  0.0088        
 4248.460  0.0002        
 4248.480 -0.0057        
 4248.500 -0.0065        
 4248.520 -0.0038        
 4248.540 -0.0009        
 4248.560 -0.0003        
 4248.580 -0.0024        
 4248.600 -0.0052        
 4248.620 -0.0046        
 4248.640  0.0019        
 4248.660  0.0125        
 4248.680  0.0215        
 4248.700  0.0245        
 4248.720  0.0218        
 4248.740  0.0140        
 4248.760 -0.0009        
 4248.780 -0.0198        
 4248.800 -0.0306        
 4248.820 -0.0277        
 4248.840 -0.0179        
 4248.860 -0.0075        
 4248.880  0.0016        
 4248.900  0.0068        
 4248.920  0.0086        
 4248.940  0.0098        
 4248.960  0.0111        
 4248.980  0.0118        
 4249.000  0.0128        
 4249.020  0.0155        
 4249.040  0.0171        
 4249.060  0.0129        
 4249.080  0.0068        
 4249.100  0.0085        
 4249.120  0.0131        
 4249.140  0.0047        
 4249.160 -0.0152        
 4249.180 -0.0281        
 4249.200 -0.0261        
 4249.220 -0.0183        
 4249.240 -0.0160        
 4249.260 -0.0202        
 4249.280 -0.0202        
 4249.300 -0.0070        
 4249.320  0.0126        
 4249.340  0.0257        
 4249.360  0.0333        
 4249.380  0.0417        
 4249.400  0.0502        
 4249.420  0.0587        
 4249.440  0.0597        
 4249.460  0.0411        
 4249.480  0.0136        
 4249.500 -0.0005        
 4249.520  0.0003        
 4249.540  0.0036        
 4249.560  0.0042        
 4249.580  0.0043        
 4249.600  0.0037        
 4249.620  0.0019        
 4249.640  0.0013        
 4249.660  0.0050        
 4249.680  0.0108        
 4249.700  0.0119        
 4249.720  0.0073        
 4249.740  0.0031        
 4249.760  0.0052        
 4249.780  0.0129        
 4249.800  0.0212        
 4249.820  0.0245        
 4249.840  0.0221        
 4249.860  0.0184        
 4249.880  0.0171        
 4249.900  0.0155        
 4249.920  0.0095        
 4249.940  0.0015        
 4249.960 -0.0012        
 4249.980  0.0043        
 4250.000  0.0133        
 4250.020  0.0197        
 4250.040  0.0212        
 4250.060  0.0173        
 4250.080  0.0102        
 4250.100  0.0064        
 4250.120  0.0104        
 4250.140  0.0197        
 4250.160  0.0283        
 4250.180  0.0319        
 4250.200  0.0288        
 4250.220  0.0204        
 4250.240  0.0116        
 4250.260  0.0090        
 4250.280  0.0148        
 4250.300  0.0238        
 4250.320  0.0274        
 4250.340  0.0213        
 4250.360  0.0081        
 4250.380 -0.0048        
 4250.400 -0.0088        
 4250.420 -0.0018        
 4250.440  0.0092        
 4250.460  0.0158        
 4250.480  0.0160        
 4250.500  0.0151        
 4250.520  0.0181        
 4250.540  0.0253        
 4250.560  0.0333        
 4250.580  0.0322        
 4250.600  0.0111        
 4250.620 -0.0193        
 4250.640 -0.0326        
 4250.660 -0.0254        
 4250.680 -0.0121        
 4250.700  0.0053        
 4250.720  0.0273        
 4250.740  0.0459        
 4250.760  0.0666        
 4250.780  0.0783        
 4250.800 -0.1349        
 4250.820 -0.7092        
 4250.840 -1.0542        
 4250.860 -0.6857        
 4250.880 -0.1597        
 4250.900 -0.0168        
 4250.920 -0.1861        
 4250.940 -0.4324        
 4250.960 -0.4711        
 4250.980 -0.2636        
 4251.000 -0.0681        
 4251.020 -0.0045        
 4251.040  0.0001        
 4251.060  0.0002        
 4251.080 -0.0010        
 4251.100 -0.0015        
 4251.120  0.0001        
 4251.140 -0.0026        
 4251.160 -0.0076        
 4251.180 -0.0068        
 4251.200 -0.0055        
 4251.220 -0.0097        
 4251.240 -0.0110        
 4251.260 -0.0059        
 4251.280 -0.0036        
 4251.300 -0.0048        
 4251.320 -0.0023        
 4251.340  0.0030        
 4251.360  0.0033        
 4251.380 -0.0015        
 4251.400 -0.0022        
 4251.420  0.0064        
 4251.440  0.0191        
 4251.460  0.0341        
 4251.480  0.0538        
 4251.500  0.0680        
 4251.520  0.0616        
 4251.540  0.0361        
 4251.560  0.0056        
 4251.580 -0.0182        
 4251.600 -0.0283        
 4251.620 -0.0254        
 4251.640 -0.0163        
 4251.660 -0.0070        
 4251.680  0.0004        
 4251.700  0.0071        
 4251.720  0.0166        
 4251.740  0.0309        
 4251.760  0.0436        
 4251.780  0.0460        
 4251.800  0.0407        
 4251.820  0.0362        
 4251.840  0.0330        
 4251.860  0.0274        
 4251.880  0.0189        
 4251.900  0.0074        
 4251.920 -0.0051        
 4251.940 -0.0115        
 4251.960 -0.0075        
 4251.980  0.0032        
 4252.000  0.0143        
 4252.020  0.0232        
 4252.040  0.0291        
 4252.060  0.0284        
 4252.080  0.0184        
 4252.100  0.0057        
 4252.120  0.0023        
 4252.140  0.0118        
 4252.160  0.0272        
 4252.180  0.0413        
 4252.200  0.0533        
 4252.220  0.0618        
 4252.240  0.0607        
 4252.260  0.1179        
 4252.280  0.3976        
 4252.300  0.9456        
 4252.320  1.5020        
 4252.340  1.6003        
 4252.360  1.0847        
 4252.380  0.4225        
 4252.400  0.0553        
 4252.420 -0.0670        
 4252.440 -0.1002        
 4252.460 -0.0888        
 4252.480 -0.0635        
 4252.500 -0.0502        
 4252.520 -0.0525        
 4252.540 -0.0577        
 4252.560 -0.0529        
 4252.580 -0.0402        
 4252.600 -0.0318        
 4252.620 -0.0316        
 4252.640 -0.0284        
 4252.660 -0.0155        
 4252.680 -0.0027        
 4252.700  0.0028        
 4252.720  0.0080        
 4252.740  0.0201        
 4252.760  0.0358        
 4252.780  0.0460        
 4252.800  0.0460        
 4252.820  0.0396        
 4252.840  0.0340        
 4252.860  0.0305        
 4252.880  0.0252        
 4252.900  0.0175        
 4252.920  0.0107        
 4252.940  0.0031        
 4252.960 -0.0081        
 4252.980 -0.0187        
 4253.000 -0.0249        
 4253.020 -0.0269        
 4253.040 -0.0217        
 4253.060 -0.0094        
 4253.080  0.0008        
 4253.100  0.0033        
 4253.120  0.0028        
 4253.140  0.0023        
 4253.160 -0.0008        
 4253.180 -0.0052        
 4253.200 -0.0066        
 4253.220 -0.0057        
 4253.240 -0.0098        
 4253.260 -0.0200        
 4253.280 -0.0249        
 4253.300 -0.0167        
 4253.320 -0.0026        
 4253.340  0.0074        
 4253.360  0.0095        
 4253.380  0.0060        
 4253.400  0.0063        
 4253.420  0.0223        
 4253.440  0.0538        
 4253.460  0.0854        
 4253.480  0.0990        
 4253.500  0.0893        
 4253.520  0.0646        
 4253.540  0.0388        
 4253.560  0.0235        
 4253.580  0.0227        
 4253.600  0.0320        
 4253.620  0.0421        
 4253.640  0.0412        
 4253.660  0.0274        
 4253.680  0.0140        
 4253.700  0.0108        
 4253.720  0.0118        
 4253.740  0.0060        
 4253.760 -0.0085        
 4253.780 -0.0217        
 4253.800 -0.0254        
 4253.820 -0.0214        
 4253.840 -0.0127        
 4253.860  0.0017        
 4253.880  0.0193        
 4253.900  0.0303        
 4253.920  0.0287        
 4253.940  0.0267        
 4253.960  0.0375        
 4253.980  0.0485        
 4254.000  0.0420        
 4254.020  0.0261        
 4254.040  0.0165        
 4254.060  0.0122        
 4254.080  0.0065        
 4254.100  0.0005        
 4254.120 -0.0008        
 4254.140  0.0014        
 4254.160  0.0018        
 4254.180  0.0003        
 4254.200 -0.0003        
 4254.220  0.0001        
 4254.240  0.0036        
 4254.260  0.0124        
 4254.280  0.0211        
 4254.300  0.0249        
 4254.320  0.0267        
 4254.340  0.0267        
 4254.360  0.0220        
 4254.380  0.0201        
 4254.400  0.0306        
 4254.420  0.0472        
 4254.440  0.0504        
 4254.460  0.0290        
 4254.480 -0.0010        
 4254.500 -0.0131        
 4254.520 -0.0066        
 4254.540 -0.0024        
 4254.560 -0.0113        
 4254.580 -0.0231        
 4254.600 -0.0258        
 4254.620 -0.0249        
 4254.640 -0.0277        
 4254.660 -0.0277        
 4254.680 -0.0221        
 4254.700 -0.0161        
 4254.720 -0.0110        
 4254.740 -0.0021        
 4254.760  0.0119        
 4254.780  0.0213        
 4254.800  0.0191        
 4254.820  0.0132        
 4254.840  0.0109        
 4254.860  0.0085        
 4254.880  0.0064        
 4254.900  0.0093        
 4254.920  0.0136        
 4254.940  0.0150        
 4254.960  0.0166        
 4254.980  0.0191        
 4255.000  0.0173        
 4255.020  0.0094        
 4255.040  0.0000        
 4255.060 -0.0046        
 4255.080 -0.0023        
 4255.100  0.0012        
 4255.120 -0.0023        
 4255.140 -0.0083        
 4255.160 -0.0037        
 4255.180  0.0098        
 4255.200  0.0188        
 4255.220  0.0210        
 4255.240  0.0229        
 4255.260  0.0252        
 4255.280  0.0272        
 4255.300  0.0287        
 4255.320  0.0270        
 4255.340  0.0229        
 4255.360  0.0224        
 4255.380  0.0238        
 4255.400  0.0205        
 4255.420  0.0167        
 4255.440  0.0186        
 4255.460  0.0220        
 4255.480  0.0264        
 4255.500  0.0368        
 4255.520  0.0473        
 4255.540  0.0499        
 4255.560  0.0475        
 4255.580  0.0441        
 4255.600  0.0416        
 4255.620  0.0475        
 4255.640  0.0626        
 4255.660  0.0706        
 4255.680  0.0717        
 4255.700  0.1234        
 4255.720  0.2182        
 4255.740  0.1644        
 4255.760 -0.0848        
 4255.780 -0.2537        
 4255.800 -0.2113        
 4255.820 -0.1133        
 4255.840 -0.0632        
 4255.860 -0.0415        
 4255.880 -0.0227        
 4255.900 -0.0043        
 4255.920  0.0090        
 4255.940  0.0155        
 4255.960  0.0185        
 4255.980  0.0231        
 4256.000  0.0302        
 4256.020  0.0343        
 4256.040  0.0321        
 4256.060  0.0277        
 4256.080  0.0242        
 4256.100  0.0201        
 4256.120  0.0168        
 4256.140  0.0139        
 4256.160  0.0048        
 4256.180 -0.0104        
 4256.200 -0.0213        
 4256.220 -0.0236        
 4256.240 -0.0230        
 4256.260 -0.0231        
 4256.280 -0.0220        
 4256.300 -0.0202        
 4256.320 -0.0234        
 4256.340 -0.0311        
 4256.360 -0.0321        
 4256.380 -0.0199        
 4256.400 -0.0009        
 4256.420  0.0170        
 4256.440  0.0305        
 4256.460  0.0373        
 4256.480  0.0367        
 4256.500  0.0331        
 4256.520  0.0335        
 4256.540  0.0385        
 4256.560  0.0401        
 4256.580  0.0323        
 4256.600  0.0189        
 4256.620  0.0052        
 4256.640 -0.0076        
 4256.660 -0.0183        
 4256.680 -0.0247        
 4256.700 -0.0257        
 4256.720 -0.0223        
 4256.740 -0.0179        
 4256.760 -0.0183        
 4256.780 -0.0251        
 4256.800 -0.0320        
 4256.820 -0.0292        
 4256.840 -0.0139        
 4256.860  0.0059        
 4256.880  0.0181        
 4256.900  0.0181        
 4256.920  0.0112        
 4256.940  0.0059        
 4256.960  0.0053        
 4256.980  0.0045        
 4257.000 -0.0003        
 4257.020 -0.0029        
 4257.040  0.0032        
 4257.060  0.0114        
 4257.080  0.0143        
 4257.100  0.0160        
 4257.120  0.0184        
 4257.140  0.0179        
 4257.160  0.0163        
 4257.180  0.0184        
 4257.200  0.0219        
 4257.220  0.0220        
 4257.240  0.0184        
 4257.260  0.0134        
 4257.280  0.0076        
 4257.300 -0.0001        
 4257.320 -0.0078        
 4257.340 -0.0113        
 4257.360 -0.0086        
 4257.380 -0.0015        
 4257.400  0.0067        
 4257.420  0.0118        
 4257.440  0.0110        
 4257.460  0.0066        
 4257.480  0.0044        
 4257.500  0.0089        
 4257.520  0.0189        
 4257.540  0.0305        
 4257.560  0.0419        
 4257.580  0.0513        
 4257.600  0.0529        
 4257.620  0.0443        
 4257.640  0.0303        
 4257.660  0.0183        
 4257.680  0.0115        
 4257.700  0.0095        
 4257.720  0.0099        
 4257.740  0.0093        
 4257.760  0.0039        
 4257.780 -0.0042        
 4257.800 -0.0065        
 4257.820 -0.0015        
 4257.840  0.0013        
 4257.860 -0.0024        
 4257.880 -0.0045        
 4257.900  0.0027        
 4257.920  0.0114        
 4257.940  0.0095        
 4257.960  0.0025        
 4257.980  0.0076        
 4258.000  0.0273        
 4258.020  0.0457        
 4258.040  0.0480        
 4258.060  0.0368        
 4258.080  0.0308        
 4258.100  0.0448        
 4258.120  0.0671        
 4258.140  0.0699        
 4258.160  0.0470        
 4258.180  0.0225        
 4258.200  0.0159        
 4258.220  0.0210        
 4258.240  0.0231        
 4258.260  0.0217        
 4258.280  0.0238        
 4258.300  0.0265        
 4258.320  0.0223        
 4258.340  0.0119        
 4258.360  0.0003        
 4258.380 -0.0083        
 4258.400 -0.0092        
 4258.420 -0.0021        
 4258.440  0.0063        
 4258.460  0.0100        
 4258.480  0.0082        
 4258.500  0.0028        
 4258.520 -0.0004        
 4258.540  0.0057        
 4258.560  0.0194        
 4258.580  0.0294        
 4258.600  0.0296        
 4258.620  0.0311        
 4258.640  0.0465        
 4258.660  0.0524        
 4258.680  0.0134        
 4258.700 -0.0431        
 4258.720 -0.0576        
 4258.740 -0.0307        
 4258.760 -0.0037        
 4258.780  0.0033        
 4258.800 -0.0047        
 4258.820 -0.0117        
 4258.840 -0.0056        
 4258.860  0.0076        
 4258.880  0.0122        
 4258.900  0.0023        
 4258.920 -0.0137        
 4258.940 -0.0245        
 4258.960 -0.0274        
 4258.980 -0.0251        
 4259.000 -0.0151        
 4259.020  0.0035        
 4259.040  0.0193        
 4259.060  0.0234        
 4259.080  0.0203        
 4259.100  0.0184        
 4259.120  0.0183        
 4259.140  0.0156        
 4259.160  0.0105        
 4259.180  0.0075        
 4259.200  0.0079        
 4259.220  0.0063        
 4259.240 -0.0009        
 4259.260 -0.0079        
 4259.280 -0.0072        
 4259.300 -0.0016        
 4259.320  0.0021        
 4259.340  0.0049        
 4259.360  0.0100        
 4259.380  0.0176        
 4259.400  0.0282        
 4259.420  0.0407        
 4259.440  0.0492        
 4259.460  0.0489        
 4259.480  0.0420        
 4259.500  0.0337        
 4259.520  0.0257        
 4259.540  0.0155        
 4259.560  0.0035        
 4259.580 -0.0036        
 4259.600  0.0008        
 4259.620  0.0142        
 4259.640  0.0257        
 4259.660  0.0225        
 4259.680  0.0019        
 4259.700 -0.0214        
 4259.720 -0.0291        
 4259.740 -0.0199        
 4259.760 -0.0067        
 4259.780  0.0002        
 4259.800  0.0001        
 4259.820 -0.0002        
 4259.840  0.0036        
 4259.860  0.0100        
 4259.880  0.0164        
 4259.900  0.0224        
 4259.920  0.0285        
 4259.940  0.0327        
 4259.960  0.0310        
 4259.980  0.0201        
 4260.000  0.0013        
 4260.020 -0.0184        
 4260.040 -0.0302        
 4260.060 -0.0303        
 4260.080 -0.0219        
 4260.100 -0.0108        
 4260.120 -0.0009        
 4260.140  0.0069        
 4260.160  0.0129        
 4260.180  0.0180        
 4260.200  0.0223        
 4260.220  0.0258        
 4260.240  0.0275        
 4260.260  0.0260        
 4260.280  0.0222        
 4260.300  0.0198        
 4260.320  0.0209        
 4260.340  0.0206        
 4260.360  0.0123        
 4260.380 -0.0043        
 4260.400 -0.0246        
 4260.420 -0.0407        
 4260.440 -0.0444        
 4260.460 -0.0359        
 4260.480 -0.0240        
 4260.500 -0.0165        
 4260.520 -0.0139        
 4260.540 -0.0124        
 4260.560 -0.0096        
 4260.580 -0.0056        
 4260.600 -0.0003        
 4260.620  0.0073        
 4260.640  0.0171        
 4260.660  0.0261        
 4260.680  0.0318        
 4260.700  0.0345        
 4260.720  0.0357        
 4260.740  0.0355        
 4260.760  0.0342        
 4260.780  0.0333        
 4260.800  0.0296        
 4260.820  0.0184        
 4260.840  0.0042        
 4260.860 -0.0036        
 4260.880 -0.0035        
 4260.900  0.0020        
 4260.920  0.0125        
 4260.940  0.0244        
 4260.960  0.0307        
 4260.980  0.0280        
 4261.000  0.0212        
 4261.020  0.0170        
 4261.040  0.0180        
 4261.060  0.0199        
 4261.080  0.0152        
 4261.100 -0.0008        
 4261.120 -0.0210        
 4261.140 -0.0321        
 4261.160 -0.0323        
 4261.180 -0.0322        
 4261.200 -0.0344        
 4261.220 -0.0303        
 4261.240 -0.0193        
 4261.260 -0.0104        
 4261.280 -0.0048        
 4261.300  0.0010        
 4261.320  0.0050        
 4261.340  0.0051        
 4261.360  0.0051        
 4261.380  0.0095        
 4261.400  0.0167        
 4261.420  0.0219        
 4261.440  0.0255        
 4261.460  0.0290        
 4261.480  0.0284        
 4261.500  0.0229        
 4261.520  0.0198        
 4261.540  0.0192        
 4261.560  0.0164        
 4261.580  0.0161        
 4261.600  0.0239        
 4261.620  0.0310        
 4261.640  0.0272        
 4261.660  0.0154        
 4261.680  0.0061        
 4261.700  0.0033        
 4261.720 -0.0001        
 4261.740 -0.0107        
 4261.760 -0.0251        
 4261.780 -0.0340        
 4261.800 -0.0342        
 4261.820 -0.0301        
 4261.840 -0.0235        
 4261.860 -0.0127        
 4261.880 -0.0024        
 4261.900  0.0023        
 4261.920  0.0053        
 4261.940  0.0109        
 4261.960  0.0177        
 4261.980  0.0229        
 4262.000  0.0260        
 4262.020  0.0273        
 4262.040  0.0273        
 4262.060  0.0258        
 4262.080  0.0221        
 4262.100  0.0188        
 4262.120  0.0202        
 4262.140  0.0231        
 4262.160  0.0187        
 4262.180  0.0061        
 4262.200 -0.0051        
 4262.220 -0.0064        
 4262.240  0.0020        
 4262.260  0.0128        
 4262.280  0.0186        
 4262.300  0.0176        
 4262.320  0.0139        
 4262.340  0.0130        
 4262.360  0.0155        
 4262.380  0.0154        
 4262.400  0.0090        
 4262.420  0.0023        
 4262.440  0.0012        
 4262.460  0.0018        
 4262.480 -0.0028        
 4262.500 -0.0107        
 4262.520 -0.0122        
 4262.540 -0.0034        
 4262.560  0.0084        
 4262.580  0.0163        
 4262.600  0.0219        
 4262.620  0.0288        
 4262.640  0.0333        
 4262.660  0.0295        
 4262.680  0.0209        
 4262.700  0.0152        
 4262.720  0.0118        
 4262.740  0.0079        
 4262.760  0.0063        
 4262.780  0.0089        
 4262.800  0.0130        
 4262.820  0.0148        
 4262.840  0.0129        
 4262.860  0.0099        
 4262.880  0.0110        
 4262.900  0.0145        
 4262.920  0.0093        
 4262.940 -0.0065        
 4262.960 -0.0181        
 4262.980 -0.0175        
 4263.000 -0.0110        
 4263.020 -0.0026        
 4263.040  0.0082        
 4263.060  0.0192        
 4263.080  0.0257        
 4263.100  0.0273        
 4263.120  0.0272        
 4263.140  0.0271        
 4263.160  0.0253        
 4263.180  0.0215        
 4263.200  0.0189        
 4263.220  0.0203        
 4263.240  0.0240        
 4263.260  0.0251        
 4263.280  0.0206        
 4263.300  0.0137        
 4263.320  0.0115        
 4263.340  0.0148        
 4263.360  0.0155        
 4263.380  0.0100        
 4263.400  0.0054        
 4263.420  0.0100        
 4263.440  0.0203        
 4263.460  0.0255        
 4263.480  0.0243        
 4263.500  0.0241        
 4263.520  0.0252        
 4263.540  0.0225        
 4263.560  0.0173        
 4263.580  0.0140        
 4263.600  0.0129        
 4263.620  0.0122        
 4263.640  0.0106        
 4263.660  0.0070        
 4263.680  0.0025        
 4263.700  0.0011        
 4263.720  0.0054        
 4263.740  0.0113        
 4263.760  0.0118        
 4263.780  0.0089        
 4263.800  0.0092        
 4263.820  0.0090        
 4263.840  0.0037        
 4263.860  0.0019        
 4263.880  0.0092        
 4263.900  0.0169        
 4263.920  0.0174        
 4263.940  0.0151        
 4263.960  0.0159        
 4263.980  0.0170        
 4264.000  0.0124        
 4264.020  0.0045        
 4264.040  0.0007        
 4264.060  0.0015        
 4264.080  0.0044        
 4264.100  0.0099        
 4264.120  0.0177        
 4264.140  0.0226        
 4264.160  0.0211        
 4264.180  0.0181        
 4264.200  0.0218        
 4264.220  0.0316        
 4264.240  0.0421        
 4264.260  0.0562        
 4264.280  0.0692        
 4264.300  0.0499        
 4264.320 -0.0082        
 4264.340 -0.0526        
 4264.360 -0.0459        
 4264.380 -0.0152        
 4264.400  0.0015        
 4264.420 -0.0009        
 4264.440 -0.0101        
 4264.460 -0.0185        
 4264.480 -0.0208        
 4264.500 -0.0109        
 4264.520  0.0058        
 4264.540  0.0145        
 4264.560  0.0106        
 4264.580  0.0034        
 4264.600  0.0021        
 4264.620  0.0075        
 4264.640  0.0147        
 4264.660  0.0187        
 4264.680  0.0191        
 4264.700  0.0179        
 4264.720  0.0171        
 4264.740  0.0185        
 4264.760  0.0248        
 4264.780  0.0318        
 4264.800  0.0270        
 4264.820  0.0071        
 4264.840 -0.0159        
 4264.860 -0.0326        
 4264.880 -0.0417        
 4264.900 -0.0430        
 4264.920 -0.0400        
 4264.940 -0.0367        
 4264.960 -0.0292        
 4264.980 -0.0149        
 4265.000 -0.0026        
 4265.020  0.0022        
 4265.040  0.0052        
 4265.060  0.0115        
 4265.080  0.0180        
 4265.100  0.0201        
 4265.120  0.0183        
 4265.140  0.0170        
 4265.160  0.0191        
 4265.180  0.0218        
 4265.200  0.0198        
 4265.220  0.0124        
 4265.240  0.0051        
 4265.260  0.0030        
 4265.280  0.0041        
 4265.300  0.0014        
 4265.320 -0.0057        
 4265.340 -0.0107        
 4265.360 -0.0122        
 4265.380 -0.0152        
 4265.400 -0.0206        
 4265.420 -0.0237        
 4265.440 -0.0208        
 4265.460 -0.0128        
 4265.480 -0.0046        
 4265.500 -0.0008        
 4265.520  0.0002        
 4265.540  0.0034        
 4265.560  0.0073        
 4265.580  0.0064        
 4265.600  0.0020        
 4265.620 -0.0005        
 4265.640  0.0005        
 4265.660  0.0032        
 4265.680  0.0083        
 4265.700  0.0177        
 4265.720  0.0277        
 4265.740  0.0307        
 4265.760  0.0279        
 4265.780  0.0259        
 4265.800  0.0253        
 4265.820  0.0246        
 4265.840  0.0271        
 4265.860  0.0319        
 4265.880  0.0312        
 4265.900  0.0215        
 4265.920  0.0101        
 4265.940  0.0068        
 4265.960  0.0099        
 4265.980  0.0098        
 4266.000  0.0040        
 4266.020 -0.0019        
 4266.040 -0.0059        
 4266.060 -0.0137        
 4266.080 -0.0272        
 4266.100 -0.0358        
 4266.120 -0.0301        
 4266.140 -0.0160        
 4266.160 -0.0036        
 4266.180  0.0034        
 4266.200  0.0060        
 4266.220  0.0091        
 4266.240  0.0176        
 4266.260  0.0266        
 4266.280  0.0260        
 4266.300  0.0164        
 4266.320  0.0086        
 4266.340  0.0081        
 4266.360  0.0110        
 4266.380  0.0115        
 4266.400  0.0104        
 4266.420  0.0153        
 4266.440  0.0290        
 4266.460  0.0390        
 4266.480  0.0286        
 4266.500  0.0043        
 4266.520 -0.0111        
 4266.540 -0.0087        
 4266.560  0.0013        
 4266.580  0.0082        
 4266.600  0.0109        
 4266.620  0.0134        
 4266.640  0.0171        
 4266.660  0.0182        
 4266.680  0.0127        
 4266.700  0.0018        
 4266.720 -0.0059        
 4266.740 -0.0024        
 4266.760  0.0085        
 4266.780  0.0149        
 4266.800  0.0143        
 4266.820  0.0130        
 4266.840  0.0138        
 4266.860  0.0158        
 4266.880  0.0171        
 4266.900  0.0152        
 4266.920  0.0108        
 4266.940  0.0100        
 4266.960  0.0146        
 4266.980  0.0181        
 4267.000  0.0162        
 4267.020  0.0123        
 4267.040  0.0119        
 4267.060  0.0163        
 4267.080  0.0199        
 4267.100  0.0152        
 4267.120  0.0015        
 4267.140 -0.0098        
 4267.160 -0.0084        
 4267.180  0.0038        
 4267.200  0.0188        
 4267.220  0.0313        
 4267.240  0.0382        
 4267.260  0.0392        
 4267.280  0.0356        
 4267.300  0.0294        
 4267.320  0.0238        
 4267.340  0.0219        
 4267.360  0.0227        
 4267.380  0.0220        
 4267.400  0.0170        
 4267.420  0.0082        
 4267.440 -0.0033        
 4267.460 -0.0162        
 4267.480 -0.0271        
 4267.500 -0.0350        
 4267.520 -0.0397        
 4267.540 -0.0374        
 4267.560 -0.0287        
 4267.580 -0.0218        
 4267.600 -0.0172        
 4267.620 -0.0067        
 4267.640  0.0099        
 4267.660  0.0233        
 4267.680  0.0270        
 4267.700  0.0244        
 4267.720  0.0225        
 4267.740  0.0233        
 4267.760  0.0205        
 4267.780  0.0086        
 4267.800 -0.0050        
 4267.820 -0.0084        
 4267.840 -0.0034        
 4267.860 -0.0006        
 4267.880 -0.0032        
 4267.900 -0.0075        
 4267.920 -0.0100        
 4267.940 -0.0090        
 4267.960 -0.0045        
 4267.980  0.0008        
 4268.000  0.0022        
 4268.020 -0.0018        
 4268.040 -0.0065        
 4268.060 -0.0052        
 4268.080  0.0025        
 4268.100  0.0123        
 4268.120  0.0211        
 4268.140  0.0286        
 4268.160  0.0356        
 4268.180  0.0408        
 4268.200  0.0404        
 4268.220  0.0333        
 4268.240  0.0262        
 4268.260  0.0262        
 4268.280  0.0310        
 4268.300  0.0319        
 4268.320  0.0248        
 4268.340  0.0149        
 4268.360  0.0083        
 4268.380  0.0045        
 4268.400 -0.0003        
 4268.420 -0.0067        
 4268.440 -0.0132        
 4268.460 -0.0192        
 4268.480 -0.0249        
 4268.500 -0.0267        
 4268.520 -0.0225        
 4268.540 -0.0184        
 4268.560 -0.0179        
 4268.580 -0.0137        
 4268.600 -0.0044        
 4268.620 -0.0005        
 4268.640 -0.0036        
 4268.660 -0.0048        
 4268.680 -0.0030        
 4268.700 -0.0032        
 4268.720 -0.0038        
 4268.740  0.0014        
 4268.760  0.0138        
 4268.780  0.0252        
 4268.800  0.0263        
 4268.820  0.0183        
 4268.840  0.0158        
 4268.860  0.0281        
 4268.880  0.0431        
 4268.900  0.0454        
 4268.920  0.0359        
 4268.940  0.0202        
 4268.960  0.0010        
 4268.980 -0.0144        
 4269.000 -0.0208        
 4269.020 -0.0225        
 4269.040 -0.0205        
 4269.060 -0.0102        
 4269.080  0.0055        
 4269.100  0.0179        
 4269.120  0.0235        
 4269.140  0.0245        
 4269.160  0.0235        
 4269.180  0.0201        
 4269.200  0.0146        
 4269.220  0.0106        
 4269.240  0.0138        
 4269.260  0.0232        
 4269.280  0.0282        
 4269.300  0.0240        
 4269.320  0.0191        
 4269.340  0.0188        
 4269.360  0.0180        
 4269.380  0.0148        
 4269.400  0.0136        
 4269.420  0.0176        
 4269.440  0.0249        
 4269.460  0.0317        
 4269.480  0.0340        
 4269.500  0.0316        
 4269.520  0.0287        
 4269.540  0.0291        
 4269.560  0.0325        
 4269.580  0.0355        
 4269.600  0.0366        
 4269.620  0.0406        
 4269.640  0.0590        
 4269.660  0.0996        
 4269.680  0.1620        
 4269.700  0.2878        
 4269.720  0.5565        
 4269.740  0.7274        
 4269.760  0.2868        
 4269.780 -0.5016        
 4269.800 -0.7537        
 4269.820 -0.4446        
 4269.840 -0.1705        
 4269.860 -0.0862        
 4269.880 -0.0588        
 4269.900 -0.0360        
 4269.920 -0.0223        
 4269.940 -0.0187        
 4269.960 -0.0143        
 4269.980 -0.0056        
 4270.000  0.0005        
 4270.020  0.0021        
 4270.040  0.0044        
 4270.060  0.0115        
 4270.080  0.0228        
 4270.100  0.0338        
 4270.120  0.0393        
 4270.140  0.0376        
 4270.160  0.0304        
 4270.180  0.0196        
 4270.200  0.0074        
 4270.220 -0.0013        
 4270.240 -0.0031        
 4270.260  0.0000        
 4270.280  0.0013        
 4270.300 -0.0020        
 4270.320 -0.0060        
 4270.340 -0.0049        
 4270.360  0.0008        
 4270.380  0.0066        
 4270.400  0.0080        
 4270.420  0.0052        
 4270.440  0.0051        
 4270.460  0.0134        
 4270.480  0.0246        
 4270.500  0.0296        
 4270.520  0.0296        
 4270.540  0.0316        
 4270.560  0.0345        
 4270.580  0.0313        
 4270.600  0.0199        
 4270.620  0.0070        
 4270.640 -0.0016        
 4270.660 -0.0081        
 4270.680 -0.0157        
 4270.700 -0.0219        
 4270.720 -0.0222        
 4270.740 -0.0165        
 4270.760 -0.0094        
 4270.780 -0.0048        
 4270.800  0.0003        
 4270.820  0.0121        
 4270.840  0.0279        
 4270.860  0.0371        
 4270.880  0.0389        
 4270.900  0.0419        
 4270.920  0.0443        
 4270.940  0.0390        
 4270.960  0.0291        
 4270.980  0.0194        
 4271.000  0.0102        
 4271.020  0.0059        
 4271.040  0.0085        
 4271.060  0.0110        
 4271.080  0.0077        
 4271.100 -0.0002        
 4271.120 -0.0103        
 4271.140 -0.0176        
 4271.160 -0.0138        
 4271.180 -0.0003        
 4271.200  0.0123        
 4271.220  0.0205        
 4271.240  0.0287        
 4271.260  0.0371        
 4271.280  0.0420        
 4271.300  0.0412        
 4271.320  0.0369        
 4271.340  0.0320        
 4271.360  0.0235        
 4271.380  0.0019        
 4271.400 -0.0295        
 4271.420 -0.0485        
 4271.440 -0.0459        
 4271.460 -0.0373        
 4271.480 -0.0322        
 4271.500 -0.0261        
 4271.520 -0.0237        
 4271.540 -0.0317        
 4271.560 -0.0401        
 4271.580 -0.0362        
 4271.600 -0.0240        
 4271.620 -0.0140        
 4271.640 -0.0085        
 4271.660 -0.0034        
 4271.680  0.0050        
 4271.700  0.0164        
 4271.720  0.0265        
 4271.740  0.0315        
 4271.760  0.0302        
 4271.780  0.0216        
 4271.800  0.0051        
 4271.820 -0.0134        
 4271.840 -0.0250        
 4271.860 -0.0260        
 4271.880 -0.0191        
 4271.900 -0.0108        
 4271.920 -0.0078        
 4271.940 -0.0102        
 4271.960 -0.0107        
 4271.980 -0.0055        
 4272.000 -0.0007        
 4272.020 -0.0016        
 4272.040 -0.0045        
 4272.060 -0.0027        
 4272.080  0.0043        
 4272.100  0.0119        
 4272.120  0.0180        
 4272.140  0.0229        
 4272.160  0.0236        
 4272.180  0.0203        
 4272.200  0.0193        
 4272.220  0.0236        
 4272.240  0.0284        
 4272.260  0.0296        
 4272.280  0.0284        
 4272.300  0.0266        
 4272.320  0.0237        
 4272.340  0.0209        
 4272.360  0.0233        
 4272.380  0.0284        
 4272.400  0.0260        
 4272.420  0.0179        
 4272.440  0.0163        
 4272.460  0.0206        
 4272.480  0.0206        
 4272.500  0.0147        
 4272.520  0.0068        
 4272.540 -0.0023        
 4272.560 -0.0107        
 4272.580 -0.0151        
 4272.600 -0.0139        
 4272.620 -0.0084        
 4272.640  0.0015        
 4272.660  0.0187        
 4272.680  0.0404        
 4272.700  0.0550        
 4272.720  0.0572        
 4272.740  0.0612        
 4272.760  0.0939        
 4272.780  0.1573        
 4272.800  0.1993        
 4272.820  0.1809        
 4272.840  0.1315        
 4272.860  0.0797        
 4272.880  0.0232        
 4272.900 -0.0219        
 4272.920 -0.0408        
 4272.940 -0.0455        
 4272.960 -0.0462        
 4272.980 -0.0423        
 4273.000 -0.0359        
 4273.020 -0.0286        
 4273.040 -0.0191        
 4273.060 -0.0087        
 4273.080 -0.0029        
 4273.100 -0.0032        
 4273.120 -0.0046        
 4273.140 -0.0012        
 4273.160  0.0088        
 4273.180  0.0230        
 4273.200  0.0399        
 4273.220  0.0598        
 4273.240  0.0761        
 4273.260  0.0667        
 4273.280  0.0221        
 4273.300 -0.0213        
 4273.320 -0.0276        
 4273.340 -0.0141        
 4273.360 -0.0065        
 4273.380 -0.0006        
 4273.400  0.0133        
 4273.420  0.0310        
 4273.440  0.0432        
 4273.460  0.0475        
 4273.480  0.0406        
 4273.500  0.0121        
 4273.520 -0.0267        
 4273.540 -0.0402        
 4273.560 -0.0230        
 4273.580 -0.0037        
 4273.600  0.0053        
 4273.620  0.0132        
 4273.640  0.0218        
 4273.660  0.0240        
 4273.680  0.0196        
 4273.700  0.0172        
 4273.720  0.0116        
 4273.740 -0.0130        
 4273.760 -0.0419        
 4273.780 -0.0445        
 4273.800 -0.0250        
 4273.820 -0.0080        
 4273.840  0.0016        
 4273.860  0.0150        
 4273.880  0.0333        
 4273.900  0.0398        
 4273.920  0.0269        
 4273.940  0.0109        
 4273.960  0.0027        
 4273.980 -0.0043        
 4274.000 -0.0110        
 4274.020 -0.0094        
 4274.040  0.0009        
 4274.060  0.0126        
 4274.080  0.0200        
 4274.100  0.0209        
 4274.120  0.0168        
 4274.140  0.0123        
 4274.160  0.0105        
 4274.180  0.0092        
 4274.200  0.0039        
 4274.220 -0.0052        
 4274.240 -0.0134        
 4274.260 -0.0174        
 4274.280 -0.0161        
 4274.300 -0.0057        
 4274.320  0.0140        
 4274.340  0.0327        
 4274.360  0.0391        
 4274.380  0.0348        
 4274.400  0.0325        
 4274.420  0.0399        
 4274.440  0.0513        
 4274.460  0.0565        
 4274.480  0.0528        
 4274.500  0.0450        
 4274.520  0.0394        
 4274.540  0.0377        
 4274.560  0.0358        
 4274.580  0.0275        
 4274.600  0.0139        
 4274.620  0.0022        
 4274.640 -0.0035        
 4274.660 -0.0082        
 4274.680 -0.0167        
 4274.700 -0.0220        
 4274.720 -0.0157        
 4274.740 -0.0042        
 4274.760  0.0031        
 4274.780  0.0066        
 4274.800  0.0094        
 4274.820  0.0120        
 4274.840  0.0162        
 4274.860  0.0238        
 4274.880  0.0320        
 4274.900  0.0363        
 4274.920  0.0360        
 4274.940  0.0336        
 4274.960  0.0297        
 4274.980  0.0219        
 4275.000  0.0113        
 4275.020  0.0013        
 4275.040 -0.0071        
 4275.060 -0.0126        
 4275.080 -0.0130        
 4275.100 -0.0112        
 4275.120 -0.0145        
 4275.140 -0.0258        
 4275.160 -0.0386        
 4275.180 -0.0418        
 4275.200 -0.0305        
 4275.220 -0.0110        
 4275.240  0.0034        
 4275.260  0.0068        
 4275.280  0.0041        
 4275.300  0.0013        
 4275.320 -0.0007        
 4275.340 -0.0012        
 4275.360  0.0039        
 4275.380  0.0154        
 4275.400  0.0261        
 4275.420  0.0302        
 4275.440  0.0343        
 4275.460  0.0496        
 4275.480  0.0755        
 4275.500  0.0987        
 4275.520  0.1003        
 4275.540  0.0676        
 4275.560  0.0156        
 4275.580 -0.0205        
 4275.600 -0.0303        
 4275.620 -0.0294        
 4275.640 -0.0236        
 4275.660 -0.0146        
 4275.680 -0.0144        
 4275.700 -0.0228        
 4275.720 -0.0239        
 4275.740 -0.0174        
 4275.760 -0.0153        
 4275.780 -0.0165        
 4275.800 -0.0125        
 4275.820 -0.0016        
 4275.840  0.0119        
 4275.860  0.0241        
 4275.880  0.0327        
 4275.900  0.0375        
 4275.920  0.0404        
 4275.940  0.0437        
 4275.960  0.0471        
 4275.980  0.0463        
 4276.000  0.0357        
 4276.020  0.0146        
 4276.040 -0.0103        
 4276.060 -0.0309        
 4276.080 -0.0441        
 4276.100 -0.0475        
 4276.120 -0.0385        
 4276.140 -0.0206        
 4276.160 -0.0031        
 4276.180  0.0058        
 4276.200  0.0035        
 4276.220 -0.0065        
 4276.240 -0.0168        
 4276.260 -0.0208        
 4276.280 -0.0165        
 4276.300 -0.0060        
 4276.320  0.0067        
 4276.340  0.0172        
 4276.360  0.0228        
 4276.380  0.0236        
 4276.400  0.0207        
 4276.420  0.0168        
 4276.440  0.0176        
 4276.460  0.0229        
 4276.480  0.0217        
 4276.500  0.0110        
 4276.520  0.0043        
 4276.540  0.0104        
 4276.560  0.0230        
 4276.580  0.0336        
 4276.600  0.0375        
 4276.620  0.0318        
 4276.640  0.0204        
 4276.660  0.0112        
 4276.680  0.0060        
 4276.700  0.0020        
 4276.720 -0.0014        
 4276.740 -0.0050        
 4276.760 -0.0085        
 4276.780 -0.0059        
 4276.800  0.0069        
 4276.820  0.0238        
 4276.840  0.0357        
 4276.860  0.0381        
 4276.880  0.0317        
 4276.900  0.0230        
 4276.920  0.0188        
 4276.940  0.0181        
 4276.960  0.0163        
 4276.980  0.0167        
 4277.000  0.0225        
 4277.020  0.0276        
 4277.040  0.0270        
 4277.060  0.0240        
 4277.080  0.0208        
 4277.100  0.0163        
 4277.120  0.0100        
 4277.140  0.0036        
 4277.160 -0.0030        
 4277.180 -0.0129        
 4277.200 -0.0271        
 4277.220 -0.0406        
 4277.240 -0.0469        
 4277.260 -0.0435        
 4277.280 -0.0319        
 4277.300 -0.0192        
 4277.320 -0.0138        
 4277.340 -0.0148        
 4277.360 -0.0126        
 4277.380 -0.0036        
 4277.400  0.0057        
 4277.420  0.0100        
 4277.440  0.0112        
 4277.460  0.0133        
 4277.480  0.0153        
 4277.500  0.0148        
 4277.520  0.0139        
 4277.540  0.0129        
 4277.560  0.0088        
 4277.580  0.0016        
 4277.600 -0.0036        
 4277.620 -0.0043        
 4277.640 -0.0035        
 4277.660 -0.0038        
 4277.680 -0.0036        
 4277.700 -0.0006        
 4277.720  0.0036        
 4277.740  0.0077        
 4277.760  0.0127        
 4277.780  0.0149        
 4277.800  0.0110        
 4277.820  0.0058        
 4277.840  0.0052        
 4277.860  0.0077        
 4277.880  0.0115        
 4277.900  0.0191        
 4277.920  0.0306        
 4277.940  0.0407        
 4277.960  0.0439        
 4277.980  0.0000        
 4278.000  0.0000        
