           0.9900  1.0000
           0.1400  0.0000
 4447.000  0.9696  1.0049
 4447.020  0.9722  0.9937
 4447.040  0.9651  0.9944
 4447.060  0.9604  1.0062
 4447.080  0.9569  0.9888
 4447.100  0.9536  1.0002
 4447.120  0.9491  0.9994
 4447.140  0.9418  1.0039
 4447.160  0.9311  0.9955
 4447.180  0.9212  0.9996
 4447.200  0.9180  0.9956
 4447.220  0.9197  0.9961
 4447.240  0.9193  1.0062
 4447.260  0.9128  1.0014
 4447.280  0.9013  0.9976
 4447.300  0.8923  1.0068
 4447.320  0.8919  0.9967
 4447.340  0.8982  0.9947
 4447.360  0.9048  0.9914
 4447.380  0.9048  0.9736
 4447.400  0.8950  0.9993
 4447.420  0.8791  0.9858
 4447.440  0.8622  1.0060
 4447.460  0.8479  0.9912
 4447.480  0.8396  1.0019
 4447.500  0.8394  1.0039
 4447.520  0.8450  1.0098
 4447.540  0.8523  1.0086
 4447.560  0.8639  0.9969
 4447.580  0.8830  1.0095
 4447.600  0.9033  0.9975
 4447.620  0.9168  0.9890
 4447.640  0.9250  0.9868
 4447.660  0.9322  0.9938
 4447.680  0.9398  1.0125
 4447.700  0.9480  1.0055
 4447.720  0.9557  1.0061
 4447.740  0.9617  0.9951
 4447.760  0.9666  0.9881
 4447.780  0.9707  0.9921
 4447.800  0.9708  0.9767
 4447.820  0.9636  0.9904
 4447.840  0.9534  0.9983
 4447.860  0.9456  1.0018
 4447.880  0.9403  1.0077
 4447.900  0.9352  1.0056
 4447.920  0.9284  1.0154
 4447.940  0.9205  1.0181
 4447.960  0.9133  1.0052
 4447.980  0.9071  1.0133
 4448.000  0.9006  1.0125
 4448.020  0.8911  1.0060
 4448.040  0.8783  1.0073
 4448.060  0.8669  1.0047
 4448.080  0.8594  1.0023
 4448.100  0.8539  1.0143
 4448.120  0.8479  0.9982
 4448.140  0.8423  1.0039
 4448.160  0.8438  0.9929
 4448.180  0.8568  0.9912
 4448.200  0.8763  0.9828
 4448.220  0.8942  0.9700
 4448.240  0.9052  0.9620
 4448.260  0.9070  0.9782
 4448.280  0.8986  0.9864
 4448.300  0.8772  0.9886
 4448.320  0.8376  0.9901
 4448.340  0.7815  0.9838
 4448.360  0.7269  0.9801
 4448.380  0.6989  0.9737
 4448.400  0.7051  0.9668
 4448.420  0.7310  0.9702
 4448.440  0.7584  0.9736
 4448.460  0.7819  0.9769
 4448.480  0.8065  0.9803
 4448.500  0.8351  0.9837
 4448.520  0.8644  0.9870
 4448.540  0.8888  0.9904
 4448.560  0.9030  0.9938
 4448.580  0.9053  0.9972
 4448.600  0.9008  1.0005
 4448.620  0.8948  1.0039
 4448.640  0.8879  1.0073
 4448.660  0.8800  1.0106
 4448.680  0.8743  1.0159
 4448.700  0.8725  1.0102
 4448.720  0.8715  1.0169
 4448.740  0.8675  1.0033
 4448.760  0.8660  1.0034
 4448.780  0.8774  1.0102
 4448.800  0.8986  0.9971
 4448.820  0.9170  1.0033
 4448.840  0.9304  1.0029
 4448.860  0.9433  1.0014
 4448.880  0.9550  1.0104
 4448.900  0.9600  0.9971
 4448.920  0.9533  1.0014
 4448.940  0.9361  1.0007
 4448.960  0.9163  0.9949
 4448.980  0.9042  0.9990
 4449.000  0.9056  0.9905
 4449.020  0.9160  0.9831
 4449.040  0.9267  0.9963
 4449.060  0.9366  1.0039
 4449.080  0.9475  1.0107
 4449.100  0.9544  0.9960
 4449.120  0.9518  1.0016
 4449.140  0.9453  0.9958
 4449.160  0.9440  0.9844
 4449.180  0.9469  0.9637
 4449.200  0.9481  0.9692
 4449.220  0.9457  0.9722
 4449.240  0.9424  0.9829
 4449.260  0.9404  0.9668
 4449.280  0.9404  0.9649
 4449.300  0.9412  0.9607
 4449.320  0.9354  0.9564
 4449.340  0.9215  0.9354
 4449.360  0.9176  0.8926
 4449.380  0.9311  0.8162
 4449.400  0.9415  0.9136
 4449.420  0.9383  0.9500
 4449.440  0.9315  0.9734
 4449.460  0.9280  0.9914
 4449.480  0.9255  0.9788
 4449.500  0.9208  0.9867
 4449.520  0.9145  0.9847
 4449.540  0.9078  0.9891
 4449.560  0.9035  0.9819
 4449.580  0.9060  0.9894
 4449.600  0.9111  0.9945
 4449.620  0.9100  0.9920
 4449.640  0.9060  0.9854
 4449.660  0.9138  0.9880
 4449.680  0.9369  0.9716
 4449.700  0.9624  0.9475
 4449.720  0.9799  0.8990
 4449.740  0.9909  0.8131
 4449.760  1.0021  0.8527
 4449.780  1.0165  0.8717
 4449.800 -1.0000  0.8403
 4449.820 -1.0000  0.7480
 4449.840 -1.0000  0.6080
 4449.860 -1.0000  0.5290
 4449.880 -1.0000  0.7244
 4449.900 -1.0000  0.7789
 4449.920  0.9932  0.7654
 4449.940  0.9774  0.8468
 4449.960  0.9660  0.8847
 4449.980  0.9614  0.8814
 4450.000  0.9595  0.9002
 4450.020  0.9597  0.9036
 4450.040 -1.0000  0.8607
 4450.060 -1.0000  0.7678
 4450.080 -1.0000  0.6414
 4450.100 -1.0000  0.4470
 4450.120 -1.0000  0.7187
 4450.140 -1.0000  0.8116
 4450.160  0.9552  0.9064
 4450.180  0.9451  0.9366
 4450.200  0.9332  0.9667
 4450.220  0.9209  0.9725
 4450.240  0.9023  0.9853
 4450.260  0.8784  0.9774
 4450.280  0.8621  0.9870
 4450.300  0.8568  0.9733
 4450.320  0.8508  0.9818
 4450.340  0.8385  0.9732
 4450.360  0.8246  0.9694
 4450.380  0.8147  0.9594
 4450.400  0.8182  0.9782
 4450.420  0.8417  0.9832
 4450.440  0.8729  0.9947
 4450.460  0.8962  0.9922
 4450.480  0.9151  1.0061
 4450.500  0.9318  0.9798
 4450.520  0.9380  0.9758
 4450.540  0.9359  0.9381
 4450.560  0.9327  0.8321
 4450.580  0.9300  0.8488
 4450.600  0.9193  0.8082
 4450.620  0.8889  0.8969
 4450.640  0.8505  0.9454
 4450.660  0.8192  0.9448
 4450.680  0.7946  0.9432
 4450.700  0.7879  0.9245
 4450.720  0.8043  0.8327
 4450.740  0.8267  0.9447
 4450.760  0.8466  0.9621
 4450.780  0.8642  0.9766
 4450.800  0.8767  0.9951
 4450.820  0.8888  0.9854
 4450.840  0.9062  0.9838
 4450.860  0.9142  0.9708
 4450.880  0.8965  0.9621
 4450.900  0.8841  0.8922
 4450.920  0.9070  0.7158
 4450.940  0.9302  0.7659
 4450.960  0.9244  0.9169
 4450.980  0.9121  0.9784
 4451.000  0.9103  0.9942
 4451.020  0.9122  0.9866
 4451.040  0.9142  0.9918
 4451.060  0.9243  0.9696
 4451.080  0.9455  0.9338
 4451.100  0.9649  0.9332
 4451.120  0.9733  0.9902
 4451.140  0.9754  0.9777
 4451.160  0.9755  0.9823
 4451.180  0.9763  0.9780
 4451.200  0.9822  0.9741
 4451.220  0.9914  0.9803
 4451.240  0.9954  0.9844
 4451.260  0.9871  0.9877
 4451.280  0.9688  0.9647
 4451.300  0.9559  0.9427
 4451.320  0.9636  0.8887
 4451.340  0.9806  0.8138
 4451.360  0.9844  0.8854
 4451.380  0.9737  0.9362
 4451.400  0.9600  0.9555
 4451.420  0.9539  0.9924
 4451.440  0.9569  0.9714
 4451.460  0.9588  0.9972
 4451.480  0.9547  0.9885
 4451.500  0.9463  0.9949
 4451.520  0.9365  0.9936
 4451.540  0.9331  1.0019
 4451.560  0.9412  0.9864
 4451.580  0.9540  1.0012
 4451.600  0.9592  0.9960
 4451.620  0.9532  0.9705
 4451.640  0.9491  0.9458
 4451.660  0.9523  0.8868
 4451.680  0.9471  0.9456
 4451.700  0.9257  0.9633
 4451.720  0.8961  0.9726
 4451.740  0.8676  0.9738
 4451.760  0.8465  0.9692
 4451.780  0.8335  0.9401
 4451.800  0.8337  0.9725
 4451.820  0.8546  0.9561
 4451.840  0.8857  0.9537
 4451.860  0.9068  0.9126
 4451.880  0.9143  0.8499
 4451.900  0.9159  0.9077
 4451.920  0.9137  0.9483
 4451.940  0.9026  0.9865
 4451.960  0.8832  0.9830
 4451.980  0.8670  0.9871
 4452.000  0.8656  0.9686
 4452.020  0.8801  0.9631
 4452.040  0.9030  0.9547
 4452.060  0.9266  0.9496
 4452.080  0.9446  0.9395
 4452.100  0.9521  0.9561
 4452.120  0.9505  0.9585
 4452.140  0.9520  0.9264
 4452.160  0.9691  0.8864
 4452.180  0.9890  0.8036
 4452.200  0.9908  0.8999
 4452.220  0.9809  0.9181
 4452.240  0.9752  0.9287
 4452.260  0.9764  0.9221
 4452.280  0.9767  0.9540
 4452.300  0.9700  0.9577
 4452.320  0.9613  0.9499
 4452.340  0.9630  0.9300
 4452.360  0.9763  0.9035
 4452.380  0.9785  0.8596
 4452.400  0.9593  0.8992
 4452.420  0.9425  0.9040
 4452.440  0.9344  0.8553
 4452.460  0.9140  0.9291
 4452.480  0.8829  0.9500
 4452.500  0.8595  0.9779
 4452.520  0.8527  0.9820
 4452.540  0.8608  0.9733
 4452.560  0.8776  0.9796
 4452.580  0.8982  0.9803
 4452.600  0.9163  0.9523
 4452.620  0.9242  0.9557
 4452.640  0.9233  0.9700
 4452.660  0.9203  0.9909
 4452.680  0.9143  0.9784
 4452.700  0.9037  1.0075
 4452.720  0.8959  0.9900
 4452.740  0.8972  1.0077
 4452.760  0.9049  1.0034
 4452.780  0.9126  1.0020
 4452.800  0.9180  1.0120
 4452.820  0.9249  1.0111
 4452.840  0.9368  1.0009
 4452.860  0.9519  1.0075
 4452.880  0.9628  1.0033
 4452.900  0.9603  1.0037
 4452.920  0.9451  0.9968
 4452.940  0.9265  0.9979
 4452.960  0.9120  0.9899
 4452.980  0.9049  1.0051
 4453.000  0.9045  0.9941
 4453.020  0.9055  1.0007
 4453.040  0.9076  0.9944
 4453.060  0.9165  0.9878
 4453.080  0.9342  0.9957
 4453.100  0.9546  0.9833
 4453.120  0.9718  0.9852
 4453.140  0.9854  0.9831
 4453.160  0.9954  0.9714
 4453.180  1.0011  0.9745
 4453.200  1.0041  0.9968
 4453.220  1.0022  0.9929
 4453.240  0.9922  0.9997
 4453.260  0.9809  0.9922
 4453.280  0.9744  1.0039
 4453.300  0.9699  1.0009
 4453.320  0.9653  1.0112
 4453.340  0.9626  0.9939
 4453.360  0.9616  0.9880
 4453.380  0.9633  1.0053
 4453.400  0.9690  0.9944
 4453.420  0.9749  1.0046
 4453.440  0.9776  0.9833
 4453.460  0.9799  0.9961
 4453.480  0.9826  0.9915
 4453.500  0.9812  1.0013
 4453.520  0.9744  0.9971
 4453.540  0.9680  1.0119
 4453.560  0.9650  1.0070
 4453.580  0.9610  1.0128
 4453.600  0.9546  1.0138
 4453.620  0.9538  1.0141
 4453.640  0.9612  1.0140
 4453.660  0.9663  1.0103
 4453.680  0.9631  1.0099
 4453.700  0.9574  1.0010
 4453.720  0.9515  1.0081
 4453.740  0.9424  1.0025
 4453.760  0.9330  1.0122
 4453.780  0.9285  1.0060
 4453.800  0.9276  1.0028
 4453.820  0.9275  1.0088
 4453.840  0.9280  1.0061
 4453.860  0.9281  1.0059
 4453.880  0.9289  1.0115
 4453.900  0.9329  1.0021
 4453.920  0.9370  0.9948
 4453.940  0.9410  0.9914
 4453.960  0.9500  0.9595
 4453.980  0.9542  0.9065
 4454.000  0.9379  0.9391
 4454.020  0.9052  0.9697
 4454.040  0.8664  0.9799
 4454.060  0.8183  0.9886
 4454.080  0.7546  0.9939
 4454.100  0.6783  1.0070
 4454.120  0.6014  1.0057
 4454.140  0.5369  1.0031
 4454.160  0.4925  1.0070
 4454.180  0.4702  1.0138
 4454.200  0.4687  1.0108
 4454.220  0.4874  1.0033
 4454.240  0.5237  1.0015
 4454.260  0.5703  1.0105
 4454.280  0.6220  1.0171
 4454.300  0.6775  1.0074
 4454.320  0.7317  1.0122
 4454.340  0.7788  1.0093
 4454.360  0.8190  1.0106
 4454.380  0.8529  1.0101
 4454.400  0.8770  1.0112
 4454.420  0.8910  1.0148
 4454.440  0.8975  1.0182
 4454.460  0.8940  1.0127
 4454.480  0.8798  1.0140
 4454.500  0.8631  1.0097
 4454.520  0.8489  1.0110
 4454.540  0.8352  1.0149
 4454.560  0.8256  1.0190
 4454.580  0.8286  1.0162
 4454.600  0.8442  1.0146
 4454.620  0.8586  1.0054
 4454.640  0.8589  1.0090
 4454.660  0.8492  1.0110
 4454.680  0.8391  1.0163
 4454.700  0.8305  1.0087
 4454.720  0.8298  1.0283
 4454.740  0.8473  1.0060
 4454.760  0.8775  1.0117
 4454.780  0.9068  1.0082
 4454.800  0.9310  1.0164
 4454.820  0.9508  1.0115
 4454.840  0.9652  1.0257
 4454.860  0.9724  1.0112
 4454.880  0.9696  0.9986
 4454.900  0.9580  1.0057
 4454.920  0.9416  1.0016
 4454.940  0.9236  1.0105
 4454.960  0.9102  1.0122
 4454.980  0.9063  1.0087
 4455.000  0.9120  1.0175
 4455.020  0.9274  1.0108
 4455.040  0.9491  1.0095
 4455.060  0.9675  1.0195
 4455.080  0.9761  1.0158
 4455.100  0.9781  1.0140
 4455.120  0.9785  1.0159
 4455.140  0.9765  1.0085
 4455.160  0.9699  1.0108
 4455.180  0.9615  1.0087
 4455.200  0.9564  1.0164
 4455.220  0.9556  1.0067
 4455.240  0.9545  1.0070
 4455.260  0.9498  1.0122
 4455.280  0.9417  1.0130
 4455.300  0.9300  1.0032
 4455.320  0.9156  1.0103
 4455.340  0.9037  1.0080
 4455.360  0.8973  1.0055
 4455.380  0.8964  1.0044
 4455.400  0.9001  0.9984
 4455.420  0.9031  1.0021
 4455.440  0.9005  1.0039
 4455.460  0.8975  1.0021
 4455.480  0.9023  0.9901
 4455.500  0.9128  0.9924
 4455.520  0.9186  0.9825
 4455.540  0.9142  0.9811
 4455.560  0.9080  0.9673
 4455.580  0.9124  0.9706
 4455.600  0.9261  0.9390
 4455.620  0.9384  0.9259
 4455.640  0.9453  0.9146
 4455.660 -1.0000  0.8456
 4455.680 -1.0000  0.7879
 4455.700 -1.0000  0.5949
 4455.720 -1.0000  0.7034
 4455.740 -1.0000  0.8335
 4455.760  0.9598  0.9003
 4455.780  0.9397  0.9420
 4455.800  0.9211  0.9707
 4455.820  0.9113  0.9721
 4455.840  0.9046  0.9902
 4455.860  0.8983  1.0045
 4455.880  0.8961  0.9957
 4455.900  0.9000  0.9988
 4455.920  0.9100  0.9840
 4455.940  0.9244  0.9682
 4455.960  0.9413  0.9856
 4455.980  0.9583  0.9669
 4456.000  0.9697  0.9908
 4456.020  0.9742  0.9821
 4456.040  0.9747  0.9860
 4456.060  0.9746  0.9768
 4456.080  0.9772  0.9923
 4456.100  0.9820  0.9913
 4456.120  0.9849  0.9807
 4456.140  0.9863  0.9904
 4456.160  0.9888  0.9639
 4456.180  0.9905  0.9518
 4456.200  0.9881  0.9097
 4456.220  0.9878  0.8579
 4456.240  1.0066  0.8602
 4456.260  1.0397  0.7842
 4456.280 -1.0000  0.8103
 4456.300 -1.0000  0.7680
 4456.320 -1.0000  0.6636
 4456.340 -1.0000  0.8361
 4456.360 -1.0000  0.8905
 4456.380  0.8672  0.9473
 4456.400  0.8538  0.9667
 4456.420  0.8574  0.9826
 4456.440  0.8689  0.9824
 4456.460  0.8750  0.9880
 4456.480  0.8776  0.9965
 4456.500  0.8779  0.9927
 4456.520  0.8682  0.9896
 4456.540  0.8497  0.9959
 4456.560  0.8322  0.9927
 4456.580  0.8213  0.9815
 4456.600  0.8186  0.9889
 4456.620  0.8176  0.9603
 4456.640  0.8104  0.9423
 4456.660  0.8106  0.9115
 4456.680  0.8309  0.8292
 4456.700  0.8553  0.8856
 4456.720  0.8740  0.9448
 4456.740  0.8934  0.9618
 4456.760  0.9069  0.9596
 4456.780  0.9070  0.9400
 4456.800  0.9065  0.8860
 4456.820  0.9122  0.8789
 4456.840  0.9114  0.9413
 4456.860  0.8988  0.9694
 4456.880  0.8844  0.9845
 4456.900  0.8780  0.9901
 4456.920  0.8787  0.9838
 4456.940  0.8732  0.9712
 4456.960  0.8515  0.9629
 4456.980  0.8317  0.9505
 4457.000  0.8467  0.8900
 4457.020  0.8913  0.7970
 4457.040  0.9225  0.8357
 4457.060  0.9229  0.9034
 4457.080  0.9131  0.9427
 4457.100  0.9135  0.9665
 4457.120  0.9233  0.9617
 4457.140  0.9277  0.9757
 4457.160  0.9233  0.9835
 4457.180  0.9184  0.9795
 4457.200  0.9100  0.9778
 4457.220  0.8957  0.9694
 4457.240  0.8861  0.9278
 4457.260  0.8858  0.9500
 4457.280  0.8852  0.9724
 4457.300  0.8789  0.9808
 4457.320  0.8739  0.9824
 4457.340  0.8793  0.9734
 4457.360  0.8967  0.9787
 4457.380  0.9199  0.9945
 4457.400  0.9396  1.0071
 4457.420  0.9491  0.9991
 4457.440  0.9521  1.0023
 4457.460  0.9585  1.0102
 4457.480  0.9691  0.9973
 4457.500  0.9756  0.9944
 4457.520  0.9711  0.9766
 4457.540  0.9593  0.9834
 4457.560  0.9501  0.9599
 4457.580  0.9443  0.9259
 4457.600  0.9371  0.9740
 4457.620  0.9301  0.9762
 4457.640  0.9227  0.9813
 4457.660  0.9112  1.0056
 4457.680  0.8988  1.0031
 4457.700  0.8901  1.0039
 4457.720  0.8858  1.0039
 4457.740  0.8792  1.0028
 4457.760  0.8671  0.9995
 4457.780  0.8588  1.0125
 4457.800  0.8598  0.9966
 4457.820  0.8604  1.0085
 4457.840  0.8522  1.0060
 4457.860  0.8405  1.0099
 4457.880  0.8375  1.0174
 4457.900  0.8450  1.0057
 4457.920  0.8532  1.0138
 4457.940  0.8577  1.0108
 4457.960  0.8639  1.0078
 4457.980  0.8769  1.0031
 4458.000  0.8978  1.0139
 4458.020  0.9220  1.0029
 4458.040  0.9406  1.0108
 4458.060  0.9449  0.9989
 4458.080  0.9318  1.0087
 4458.100  0.9062  1.0030
 4458.120  0.8793  1.0159
 4458.140  0.8624  1.0096
 4458.160  0.8592  1.0092
 4458.180  0.8664  1.0019
 4458.200  0.8811  1.0133
 4458.220  0.9011  1.0136
 4458.240  0.9194  1.0105
 4458.260  0.9320  1.0116
 4458.280  0.9431  0.9950
 4458.300  0.9537  1.0020
 4458.320  0.9538  0.9879
 4458.340  0.9362  0.9951
 4458.360  0.9106  0.9685
 4458.380  0.8924  0.9437
 4458.400  0.8806  0.9219
 4458.420  0.8678  0.9510
 4458.440  0.8586  0.9388
 4458.460  0.8587  0.9372
 4458.480  0.8609  0.9248
 4458.500  0.8584  0.9558
 4458.520  0.8563  0.9475
 4458.540  0.8639  0.9545
 4458.560  0.8770  0.9279
 4458.580  0.8802  0.9537
 4458.600  0.8703  0.9624
 4458.620  0.8574  0.9747
 4458.640  0.8465  0.9676
 4458.660  0.8378  0.9918
 4458.680  0.8367  0.9861
 4458.700  0.8456  0.9762
 4458.720  0.8607  0.9888
 4458.740  0.8774  0.9812
 4458.760  0.8911  0.9685
 4458.780  0.8995  0.9586
 4458.800  0.9033  0.9829
 4458.820  0.9042  0.9997
 4458.840  0.9024  0.9991
 4458.860  0.8953  1.0023
 4458.880  0.8785  1.0058
 4458.900  0.8510  0.9944
 4458.920  0.8183  1.0011
 4458.940  0.7903  1.0001
 4458.960  0.7763  1.0084
 4458.980  0.7832  1.0052
 4459.000  0.8115  1.0066
 4459.020  0.8518  1.0081
 4459.040  0.8902  1.0096
 4459.060  0.9176  1.0110
 4459.080  0.9341  1.0125
 4459.100  0.9435  1.0140
 4459.120  0.9474  1.0154
 4459.140  0.9495  1.0169
 4459.160  0.9550  1.0183
 4459.180  0.9639  1.0176
 4459.200  0.9703  1.0059
 4459.220  0.9720  1.0157
 4459.240  0.9731  1.0116
 4459.260  0.9737  1.0071
 4459.280  0.9692  1.0138
 4459.300  0.9565  1.0029
 4459.320  0.9416  1.0015
 4459.340  0.9378  0.9709
 4459.360  0.9486  0.9377
 4459.380  0.9630  0.9621
 4459.400  0.9645  0.9645
 4459.420  0.9433  0.9532
 4459.440  0.9160  0.9435
 4459.460  0.9037  0.8539
 4459.480  0.9003  0.8779
 4459.500  0.8964  0.9147
 4459.520  0.8984  0.9687
 4459.540  0.9054  0.9788
 4459.560  0.9040  0.9915
 4459.580  0.8893  1.0002
 4459.600  0.8696  1.0081
 4459.620  0.8525  1.0059
 4459.640  0.8413  1.0087
 4459.660  0.8377  1.0080
 4459.680  0.8406  1.0097
 4459.700  0.8452  1.0040
 4459.720  0.8468  1.0143
 4459.740  0.8409  0.9925
 4459.760  0.8292  1.0148
 4459.780  0.8218  1.0081
 4459.800  0.8203  1.0093
 4459.820  0.8139  1.0113
 4459.840  0.8049  1.0063
 4459.860  0.8110  1.0074
 4459.880  0.8349  1.0083
 4459.900  0.8574  1.0008
 4459.920  0.8628  1.0055
 4459.940  0.8538  1.0096
 4459.960  0.8417  1.0006
 4459.980  0.8358  1.0096
 4460.000  0.8390  0.9991
 4460.020  0.8464  1.0128
 4460.040  0.8486  0.9998
 4460.060  0.8416  1.0197
 4460.080  0.8315  1.0118
 4460.100  0.8248  1.0161
 4460.120  0.8212  1.0127
 4460.140  0.8228  1.0167
 4460.160  0.8322  1.0140
 4460.180  0.8393  1.0168
 4460.200  0.8323  1.0178
 4460.220  0.8173  1.0145
 4460.240  0.8076  1.0239
 4460.260  0.8038  1.0032
 4460.280  0.8005  1.0126
 4460.300  0.7952  0.9968
 4460.320  0.7846  1.0051
 4460.340  0.7706  1.0102
 4460.360  0.7620  1.0138
 4460.380  0.7610  1.0098
 4460.400  0.7653  1.0166
 4460.420  0.7784  1.0077
 4460.440  0.8029  1.0106
 4460.460  0.8340  1.0141
 4460.480  0.8651  0.9989
 4460.500  0.8903  1.0007
 4460.520  0.9065  1.0042
 4460.540  0.9171  0.9992
 4460.560  0.9284  0.9925
 4460.580  0.9403  0.9869
 4460.600  0.9473  0.9897
 4460.620  0.9488  0.9973
 4460.640  0.9495  1.0051
 4460.660  0.9500  0.9981
 4460.680  0.9486  1.0086
 4460.700  0.9476  1.0080
 4460.720  0.9476  1.0082
 4460.740  0.9445  1.0035
 4460.760  0.9364  1.0144
 4460.780  0.9242  0.9915
 4460.800  0.9098  1.0148
 4460.820  0.8961  1.0085
 4460.840  0.8844  0.9999
 4460.860  0.8745  0.9996
 4460.880  0.8643  0.9780
 4460.900  0.8593  0.9636
 4460.920  0.8739  0.9073
 4460.940  0.9036  0.8719
 4460.960  0.9280  0.9488
 4460.980  0.9441  0.9606
 4461.000  0.9562  0.9883
 4461.020  0.9585  0.9893
 4461.040  0.9470  0.9945
 4461.060  0.9277  0.9935
 4461.080  0.9072  1.0032
 4461.100  0.8852  0.9966
 4461.120  0.8575  0.9844
 4461.140  0.8217  0.9632
 4461.160  0.7897  0.9548
 4461.180  0.7915  0.8911
 4461.200  0.8357  0.8000
 4461.220  0.8810  0.7634
 4461.240  0.8957  0.9006
 4461.260  0.8948  0.9302
 4461.280  0.8950  0.9613
 4461.300  0.8995  0.9635
 4461.320  0.9161  0.9355
 4461.340  0.9427  0.8849
 4461.360  0.9592  0.8524
 4461.380  0.9577  0.9345
 4461.400  0.9496  0.9421
 4461.420  0.9401  0.9408
 4461.440  0.9316  0.9348
 4461.460  0.9260  0.8670
 4461.480  0.9204  0.9428
 4461.500  0.9153  0.9710
 4461.520  0.9083  0.9874
 4461.540  0.8980  0.9965
 4461.560  0.8959  1.0003
 4461.580  0.9033  0.9861
 4461.600  0.9077  1.0114
 4461.620  0.9110  1.0046
 4461.640  0.9228  1.0028
 4461.660  0.9372  0.9919
 4461.680  0.9453  1.0004
 4461.700  0.9501  1.0011
 4461.720  0.9564  1.0057
 4461.740  0.9640  0.9947
 4461.760  0.9694  0.9794
 4461.780  0.9633  0.9717
 4461.800  0.9427  0.9512
 4461.820  0.9255  0.9259
 4461.840  0.9274  0.8974
 4461.860  0.9396  0.9602
 4461.880  0.9497  0.9767
 4461.900  0.9567  0.9959
 4461.920  0.9670  1.0014
 4461.940  0.9812  0.9968
 4461.960  0.9873  0.9761
 4461.980  0.9773  0.9901
 4462.000  0.9593  0.9597
 4462.020  0.9437  0.9924
 4462.040  0.9358  0.9919
 4462.060  0.9339  1.0084
 4462.080  0.9345  0.9923
 4462.100  0.9376  1.0100
 4462.120  0.9404  0.9982
 4462.140  0.9393  1.0141
 4462.160  0.9409  1.0052
 4462.180  0.9478  0.9775
 4462.200  0.9512  0.9685
 4462.220  0.9509  0.9493
 4462.240  0.9542  0.9345
 4462.260  0.9618  0.9631
 4462.280  0.9700  0.9767
 4462.300  0.9728  0.9846
 4462.320  0.9660  0.9807
 4462.340  0.9536  1.0012
 4462.360  0.9433  1.0033
 4462.380  0.9374  1.0061
 4462.400  0.9346  1.0091
 4462.420  0.9329  1.0037
 4462.440  0.9320  1.0074
 4462.460  0.9391  1.0200
 4462.480  0.9578  1.0110
 4462.500  0.9751  1.0038
 4462.520  0.9774  1.0014
 4462.540  0.9667  1.0095
 4462.560  0.9534  1.0053
 4462.580  0.9461  1.0089
 4462.600  0.9494  0.9974
 4462.620  0.9594  0.9835
 4462.640  0.9656  0.9879
 4462.660  0.9623  0.9982
 4462.680  0.9544  1.0115
 4462.700  0.9511  1.0080
 4462.720  0.9539  1.0033
 4462.740  0.9549  1.0021
 4462.760  0.9462  0.9994
 4462.780  0.9248  0.9850
 4462.800  0.8941  0.9746
 4462.820  0.8658  0.9716
 4462.840  0.8541  0.9882
 4462.860  0.8625  0.9772
 4462.880  0.8826  0.9936
 4462.900  0.9060  0.9963
 4462.920  0.9251  0.9901
 4462.940  0.9347  0.9959
 4462.960  0.9381  0.9808
 4462.980  0.9390  0.9807
 4463.000  0.9381  0.9892
 4463.020  0.9398  1.0139
 4463.040  0.9463  0.9909
 4463.060  0.9517  1.0044
 4463.080  0.9524  0.9953
 4463.100  0.9493  0.9958
 4463.120  0.9417  0.9827
 4463.140  0.9328  0.9708
 4463.160  0.9329  0.9366
 4463.180  0.9427  0.9109
 4463.200  0.9484  0.9359
 4463.220  0.9425  0.9808
 4463.240  0.9281  0.9896
 4463.260  0.9092  1.0031
 4463.280  0.8903  1.0087
 4463.300  0.8757  1.0052
 4463.320  0.8669  1.0136
 4463.340  0.8644  1.0090
 4463.360  0.8683  1.0164
 4463.380  0.8750  1.0134
 4463.400  0.8774  1.0049
 4463.420  0.8743  1.0117
 4463.440  0.8712  0.9966
 4463.460  0.8688  1.0081
 4463.480  0.8687  0.9991
 4463.500  0.8803  0.9951
 4463.520  0.9039  0.9930
 4463.540  0.9246  0.9820
 4463.560  0.9394  0.9879
 4463.580  0.9561  0.9607
 4463.600  0.9699  0.9344
 4463.620 -1.0000  0.8774
 4463.640 -1.0000  0.7259
 4463.660 -1.0000  0.6966
 4463.680 -1.0000  0.6758
 4463.700 -1.0000  0.8125
 4463.720 -1.0000  0.8887
 4463.740  0.9425  0.9360
 4463.760  0.9394  0.9268
 4463.780  0.9364  0.9179
 4463.800  0.9245  0.8780
 4463.820  0.8917  0.9612
 4463.840  0.8340  0.9689
 4463.860  0.7515  0.9859
 4463.880  0.6517  0.9948
 4463.900  0.5527  1.0028
 4463.920  0.4693  1.0114
 4463.940  0.4069  1.0115
 4463.960  0.3673  1.0142
 4463.980  0.3510  1.0127
 4464.000  0.3544  1.0056
 4464.020  0.3768  1.0096
 4464.040  0.4241  1.0020
 4464.060  0.4977  1.0083
 4464.080  0.5880  1.0121
 4464.100  0.6796  1.0034
 4464.120  0.7610  1.0187
 4464.140  0.8280  1.0227
 4464.160  0.8776  1.0215
 4464.180  0.9069  1.0139
 4464.200  0.9179  1.0124
 4464.220  0.9184  1.0216
 4464.240  0.9115  1.0149
 4464.260  0.8929  1.0029
 4464.280  0.8600  1.0059
 4464.300  0.8184  1.0081
 4464.320  0.7764  1.0067
 4464.340  0.7432  1.0146
 4464.360  0.7285  1.0041
 4464.380  0.7375  1.0137
 4464.400  0.7658  1.0076
 4464.420  0.8020  1.0106
 4464.440  0.8365  1.0135
 4464.460  0.8646  1.0164
 4464.480  0.8852  1.0193
 4464.500  0.9007  1.0223
 4464.520  0.9131  1.0252
 4464.540  0.9204  1.0281
 4464.560  0.9196  1.0310
 4464.580  0.9114  1.0132
 4464.600  0.9010  1.0208
 4464.620  0.8934  1.0019
 4464.640  0.8904  1.0161
 4464.660  0.8944  1.0051
 4464.680  0.9055  1.0012
 4464.700  0.9161  1.0029
 4464.720  0.9203  0.9926
 4464.740  0.9217  0.9944
 4464.760  0.9209  0.9621
 4464.780  0.9128  0.9250
 4464.800  0.8974  0.8279
 4464.820  0.8752  0.8257
 4464.840  0.8515  0.9381
 4464.860  0.8372  0.9501
 4464.880  0.8327  0.9807
 4464.900  0.8315  0.9823
 4464.920  0.8313  0.9852
 4464.940  0.8275  0.9604
 4464.960  0.8184  0.9817
 4464.980  0.8114  0.9837
 4465.000  0.8145  1.0078
 4465.020  0.8257  0.9940
 4465.040  0.8391  1.0104
 4465.060  0.8548  1.0040
 4465.080  0.8760  1.0036
 4465.100  0.9008  1.0121
 4465.120  0.9221  1.0015
 4465.140  0.9339  1.0113
 4465.160  0.9384  1.0043
 4465.180  0.9398  1.0015
 4465.200  0.9376  1.0076
 4465.220  0.9300  1.0059
 4465.240  0.9175  0.9986
 4465.260  0.9026  1.0067
 4465.280  0.8886  1.0016
 4465.300  0.8797  1.0150
 4465.320  0.8799  1.0105
 4465.340  0.8883  1.0058
 4465.360  0.9006  1.0170
 4465.380  0.9142  0.9976
 4465.400  0.9263  1.0041
 4465.420  0.9325  0.9889
 4465.440  0.9291  1.0095
 4465.460  0.9211  1.0029
 4465.480  0.9193  0.9991
 4465.500  0.9268  0.9891
 4465.520  0.9351  0.9859
 4465.540  0.9339  0.9909
 4465.560  0.9221  1.0116
 4465.580  0.9062  1.0114
 4465.600  0.8922  1.0079
 4465.620  0.8821  1.0098
 4465.640  0.8725  1.0036
 4465.660  0.8604  1.0014
 4465.680  0.8505  1.0033
 4465.700  0.8474  0.9892
 4465.720  0.8492  0.9987
 4465.740  0.8549  0.9880
 4465.760  0.8634  0.9779
 4465.780  0.8716  0.9912
 4465.800  0.8750  0.9990
 4465.820  0.8671  1.0031
 4465.840  0.8455  1.0047
 4465.860  0.8147  0.9967
 4465.880  0.7833  1.0075
 4465.900  0.7619  1.0079
 4465.920  0.7598  1.0153
 4465.940  0.7773  1.0078
 4465.960  0.8045  0.9965
 4465.980  0.8300  1.0002
 4466.000  0.8473  0.9842
 4466.020  0.8534  0.9808
 4466.040  0.8502  0.9823
 4466.060  0.8447  1.0190
 4466.080  0.8392  0.9946
 4466.100  0.8356  1.0141
 4466.120  0.8431  1.0008
 4466.140  0.8618  1.0047
 4466.160  0.8806  1.0053
 4466.180  0.8974  1.0197
 4466.200  0.9152  1.0072
 4466.220  0.9297  1.0085
 4466.240  0.9372  1.0136
 4466.260  0.9414  1.0128
 4466.280  0.9447  1.0037
 4466.300  0.9452  1.0007
 4466.320  0.9422  1.0083
 4466.340  0.9383  1.0089
 4466.360  0.9340  1.0105
 4466.380  0.9279  1.0110
 4466.400  0.9217  1.0074
 4466.420  0.9190  1.0084
 4466.440  0.9193  1.0200
 4466.460  0.9188  1.0074
 4466.480  0.9182  1.0077
 4466.500  0.9196  1.0191
 4466.520  0.9181  1.0106
 4466.540  0.9093  1.0200
 4466.560  0.8944  0.9978
 4466.580  0.8737  1.0088
 4466.600  0.8463  0.9993
 4466.620  0.8137  1.0069
 4466.640  0.7803  1.0060
 4466.660  0.7509  1.0065
 4466.680  0.7255  1.0054
 4466.700  0.6973  0.9928
 4466.720  0.6619  0.9909
 4466.740  0.6298  0.9765
 4466.760  0.6144  0.9629
 4466.780  0.6130  0.9570
 4466.800  0.6202  0.9726
 4466.820  0.6425  0.9778
 4466.840  0.6819  0.9830
 4466.860  0.7272  0.9882
 4466.880  0.7669  0.9934
 4466.900  0.7986  0.9987
 4466.920  0.8249  1.0039
 4466.940  0.8487  1.0091
 4466.960  0.8700  1.0143
 4466.980  0.8854  1.0195
 4467.000  0.8940  1.0247
 4467.020  0.8991  1.0215
 4467.040  0.9033  1.0246
 4467.060  0.9062  1.0174
 4467.080  0.9097  1.0192
 4467.100  0.9189  1.0197
 4467.120  0.9356  1.0094
 4467.140  0.9544  1.0088
 4467.160  0.9656  0.9971
 4467.180  0.9619  1.0007
 4467.200  0.9472  1.0059
 4467.220  0.9346  1.0132
 4467.240  0.9277  1.0051
 4467.260  0.9204  1.0082
 4467.280  0.9126  1.0085
 4467.300  0.9056  1.0129
 4467.320  0.8923  1.0140
 4467.340  0.8710  1.0192
 4467.360  0.8514  1.0081
 4467.380  0.8384  1.0078
 4467.400  0.8333  1.0116
 4467.420  0.8414  1.0099
 4467.440  0.8613  0.9969
 4467.460  0.8837  1.0152
 4467.480  0.9019  0.9954
 4467.500  0.9118  1.0137
 4467.520  0.9120  1.0061
 4467.540  0.9080  1.0080
 4467.560  0.9046  0.9960
 4467.580  0.8970  0.9971
 4467.600  0.8890  0.9689
 4467.620  0.8983  0.9290
 4467.640  0.9208  0.9035
 4467.660  0.9314  0.9588
 4467.680  0.9244  0.9731
 4467.700  0.9138  0.9840
 4467.720  0.9109  0.9962
 4467.740  0.9153  0.9869
 4467.760  0.9174  0.9937
 4467.780  0.9119  0.9905
 4467.800  0.9020  1.0049
 4467.820  0.8903  0.9973
 4467.840  0.8744  1.0085
 4467.860  0.8542  1.0067
 4467.880  0.8352  1.0078
 4467.900  0.8279  1.0078
 4467.920  0.8416  1.0075
 4467.940  0.8749  0.9911
 4467.960  0.9158  1.0044
 4467.980  0.9472  0.9635
 4468.000  0.9591  0.9576
 4468.020  0.9575  0.9333
 4468.040  0.9523  0.9681
 4468.060  0.9460  0.9693
 4468.080  0.9421  0.9536
 4468.100  0.9447  0.9589
 4468.120  0.9503  0.9726
 4468.140  0.9523  1.0046
 4468.160  0.9500  0.9921
 4468.180  0.9441  0.9941
 4468.200  0.9359  0.9818
 4468.220  0.9237  0.9624
 4468.240  0.9018  0.9630
 4468.260  0.8751  0.9538
 4468.280  0.8620  0.9409
 4468.300  0.8690  0.8891
 4468.320  0.8844  0.9487
 4468.340  0.9008  0.9705
 4468.360  0.9165  0.9709
 4468.380  0.9327  0.9775
 4468.400  0.9472  0.9699
 4468.420  0.9485  0.9197
 4468.440  0.9461  0.8931
 4468.460  0.9579  0.7382
 4468.480  0.9719  0.8820
 4468.500  0.9765  0.9282
 4468.520  0.9760  0.9643
 4468.540  0.9743  0.9866
 4468.560  0.9704  0.9829
 4468.580  0.9600  1.0010
 4468.600  0.9442  1.0124
 4468.620  0.9284  1.0025
 4468.640  0.9153  1.0084
 4468.660  0.9097  1.0109
 4468.680  0.9148  1.0107
 4468.700  0.9247  1.0120
 4468.720  0.9287  1.0174
 4468.740  0.9204  1.0078
 4468.760  0.9038  1.0062
 4468.780  0.8894  1.0084
 4468.800  0.8845  1.0038
 4468.820  0.8891  1.0025
 4468.840  0.8977  1.0024
 4468.860  0.9063  1.0018
 4468.880  0.9179  1.0015
 4468.900  0.9340  0.9856
 4468.920  0.9444  0.9987
 4468.940  0.9466  0.9565
 4468.960  0.9507  0.9303
 4468.980  0.9522  0.8837
 4469.000  0.9373  0.9597
 4469.020  0.9136  0.9728
 4469.040  0.8946  0.9851
 4469.060  0.8836  0.9947
 4469.080  0.8840  0.9888
 4469.100  0.8946  0.9830
 4469.120  0.9060  0.9771
 4469.140  0.9173  0.9567
 4469.160  0.9355  0.9001
 4469.180  0.9560  0.9284
 4469.200  0.9673  0.9644
 4469.220  0.9652  0.9762
 4469.240  0.9554  0.9783
 4469.260  0.9488  0.9728
 4469.280  0.9480  0.9436
 4469.300  0.9459  0.9021
 4469.320  0.9388  0.8138
 4469.340  0.9336  0.8297
 4469.360  0.9401  0.8757
 4469.380  0.9510  0.8931
 4469.400  0.9499  0.9483
 4469.420  0.9376  0.9789
 4469.440  0.9245  0.9782
 4469.460  0.9137  1.0010
 4469.480  0.9058  1.0024
 4469.500  0.8968  1.0002
 4469.520  0.8826  1.0008
 4469.540  0.8689  1.0098
 4469.560  0.8659  0.9837
 4469.580  0.8769  0.9973
 4469.600  0.8979  0.9828
 4469.620  0.9208  0.9933
 4469.640  0.9352  0.9771
 4469.660  0.9345  0.9936
 4469.680  0.9215  1.0040
 4469.700  0.9027  1.0031
 4469.720  0.8831  1.0079
 4469.740  0.8661  1.0125
 4469.760  0.8516  1.0059
 4469.780  0.8405  1.0081
 4469.800  0.8399  1.0121
 4469.820  0.8531  1.0044
 4469.840  0.8736  1.0119
 4469.860  0.8920  0.9992
 4469.880  0.9031  0.9988
 4469.900  0.9108  1.0115
 4469.920  0.9226  1.0094
 4469.940  0.9367  1.0015
 4469.960  0.9447  1.0096
 4469.980  0.9442  1.0012
 4470.000  0.9410  1.0118
 4470.020  0.9402  1.0055
 4470.040  0.9421  1.0058
 4470.060  0.9467  1.0084
 4470.080  0.9513  1.0038
 4470.100  0.9483  1.0019
 4470.120  0.9369  0.9923
 4470.140  0.9230  0.9748
 4470.160  0.9100  0.9851
 4470.180  0.8986  0.9882
 4470.200  0.8937  1.0028
 4470.220  0.9018  0.9947
 4470.240  0.9203  0.9746
 4470.260  0.9375  0.9796
 4470.280  0.9464  0.9907
 4470.300  0.9483  0.9983
 4470.320  0.9467  1.0020
 4470.340  0.9464  1.0008
 4470.360  0.9530  0.9926
 4470.380  0.9637  0.9742
 4470.400  0.9695  0.9844
 4470.420  0.9692  1.0136
 4470.440  0.9700  1.0097
 4470.460  0.9751  1.0184
 4470.480  0.9800  1.0082
 4470.500  0.9764  1.0106
 4470.520  0.9649  1.0153
 4470.540  0.9553  1.0007
 4470.560  0.9518  0.9824
 4470.580  0.9512  0.9660
 4470.600  0.9476  0.9397
 4470.620  0.9388  0.9884
 4470.640  0.9301  1.0031
 4470.660  0.9236  1.0066
 4470.680  0.9166  1.0053
 4470.700  0.9096  0.9958
 4470.720  0.9056  1.0099
 4470.740  0.9050  1.0047
 4470.760  0.9053  1.0079
 4470.780  0.9059  1.0083
 4470.800  0.9098  1.0059
 4470.820  0.9169  1.0025
 4470.840  0.9230  0.9977
 4470.860  0.9263  0.9982
 4470.880  0.9294  1.0027
 4470.900  0.9349  1.0065
 4470.920  0.9395  1.0007
 4470.940  0.9370  0.9975
 4470.960  0.9265  0.9978
 4470.980  0.9116  0.9941
 4471.000  0.8922  0.9887
 4471.020  0.8644  0.9751
 4471.040  0.8352  0.9509
 4471.060  0.8272  0.9212
 4471.080  0.8459  0.8298
 4471.100  0.8628  0.8398
 4471.120  0.8614  0.9194
 4471.140  0.8554  0.9241
 4471.160  0.8593  0.8894
 4471.180  0.8734  0.8614
 4471.200  0.8814  0.8095
 4471.220  0.8705  0.9245
 4471.240  0.8551  0.9576
 4471.260  0.8495  0.9766
 4471.280  0.8519  0.9864
 4471.300  0.8590  0.9991
 4471.320  0.8678  0.9953
 4471.340  0.8784  1.0067
 4471.360  0.8968  1.0004
 4471.380  0.9221  0.9859
 4471.400  0.9413  0.9950
 4471.420  0.9405  0.9880
 4471.440  0.9193  0.9767
 4471.460  0.8946  0.9499
 4471.480  0.8801  0.9204
 4471.500  0.8706  0.9471
 4471.520  0.8587  0.9558
 4471.540  0.8470  0.9546
 4471.560  0.8412  0.9443
 4471.580  0.8465  0.9568
 4471.600  0.8626  0.9340
 4471.620  0.8819  0.9623
 4471.640  0.8987  0.9829
 4471.660  0.9118  1.0047
 4471.680  0.9212  1.0014
 4471.700  0.9281  0.9964
 4471.720  0.9332  1.0075
 4471.740  0.9333  1.0096
 4471.760  0.9284  1.0019
 4471.780  0.9233  1.0063
 4471.800  0.9189  1.0058
 4471.820  0.9123  1.0048
 4471.840  0.9051  1.0020
 4471.860  0.8957  0.9945
 4471.880  0.8796  1.0017
 4471.900  0.8640  0.9904
 4471.920  0.8595  0.9882
 4471.940  0.8641  0.9740
 4471.960  0.8694  0.9659
 4471.980 -1.0000  0.9279
 4472.000 -1.0000  0.8408
 4472.020 -1.0000  0.6379
 4472.040 -1.0000  0.4681
 4472.060 -1.0000  0.7282
 4472.080 -1.0000  0.8603
 4472.100  0.9286  0.9224
 4472.120  0.9372  0.9227
 4472.140  0.9387  0.9740
 4472.160  0.9329  0.9777
 4472.180  0.9226  0.9866
 4472.200  0.9142  0.9934
 4472.220  0.9098  0.9777
 4472.240  0.9002  0.9687
 4472.260  0.8883  0.9375
 4472.280  0.8889  0.9026
 4472.300  0.8974  0.8849
 4472.320  0.8986  0.9481
 4472.340  0.8930  0.9794
 4472.360  0.8828  0.9902
 4472.380  0.8635  1.0018
 4472.400  0.8399  0.9986
 4472.420  0.8210  1.0047
 4472.440  0.8080  1.0083
 4472.460  0.8019  1.0094
 4472.480  0.8094  1.0007
 4472.500  0.8321  1.0125
 4472.520  0.8607  0.9970
 4472.540  0.8837  1.0059
 4472.560  0.8960  0.9904
 4472.580  0.9009  0.9942
 4472.600  0.9048  0.9855
 4472.620  0.9054  0.9754
 4472.640  0.8968  0.9426
 4472.660  0.8890  0.8760
 4472.680  0.8894  0.7600
 4472.700  0.8878  0.8603
 4472.720  0.8850  0.9249
 4472.740  0.8893  0.9511
 4472.760  0.8992  0.9793
 4472.780  0.9126  0.9939
 4472.800  0.9246  1.0029
 4472.820  0.9266  0.9936
 4472.840  0.9201  0.9989
 4472.860  0.9163  1.0071
 4472.880  0.9180  1.0023
 4472.900  0.9173  1.0104
 4472.920  0.9069  1.0022
 4472.940  0.8868  0.9990
 4472.960  0.8678  1.0136
 4472.980  0.8609  1.0097
 4473.000  0.8578  1.0019
 4473.020  0.8437  1.0181
 4473.040  0.8209  1.0009
 4473.060  0.8013  1.0114
 4473.080  0.7893  1.0045
 4473.100  0.7815  1.0121
 4473.120  0.7771  1.0160
 4473.140  0.7786  1.0095
 4473.160  0.7848  1.0094
 4473.180  0.7901  1.0112
 4473.200  0.7891  1.0019
 4473.220  0.7848  1.0101
 4473.240  0.7912  1.0108
 4473.260  0.8148  1.0154
 4473.280  0.8433  1.0089
 4473.300  0.8633  1.0049
 4473.320  0.8758  1.0046
 4473.340  0.8867  0.9978
 4473.360  0.8980  1.0206
 4473.380  0.9076  1.0041
 4473.400  0.9143  1.0184
 4473.420  0.9201  1.0155
 4473.440  0.9222  0.9986
 4473.460  0.9139  1.0078
 4473.480  0.8975  1.0025
 4473.500  0.8799  1.0091
 4473.520  0.8649  1.0048
 4473.540  0.8526  0.9985
 4473.560  0.8389  0.9821
 4473.580  0.8230  1.0120
 4473.600  0.8116  1.0049
 4473.620  0.8096  1.0101
 4473.640  0.8187  1.0087
 4473.660  0.8392  1.0036
 4473.680  0.8667  1.0015
 4473.700  0.8927  1.0044
 4473.720  0.9111  1.0028
 4473.740  0.9237  0.9968
 4473.760  0.9370  0.9967
 4473.780  0.9496  0.9762
 4473.800  0.9533  0.9452
 4473.820  0.9505  0.9776
 4473.840  0.9529  0.9768
 4473.860  0.9603  0.9890
 4473.880  0.9615  0.9737
 4473.900  0.9553  0.9504
 4473.920  0.9522  0.9307
 4473.940  0.9455  0.8276
 4473.960  0.9207  0.9297
 4473.980  0.8875  0.9562
 4474.000  0.8591  0.9774
 4474.020  0.8379  0.9895
 4474.040  0.8305  0.9994
 4474.060  0.8414  0.9949
 4474.080  0.8665  1.0124
 4474.100  0.8948  1.0041
 4474.120  0.9136  1.0090
 4474.140  0.9219  1.0163
 4474.160  0.9276  1.0208
 4474.180  0.9330  1.0282
 4474.200  0.9351  1.0222
 4474.220  0.9308  1.0070
 4474.240  0.9191  1.0134
 4474.260  0.9040  1.0174
 4474.280  0.8913  1.0077
 4474.300  0.8813  1.0123
 4474.320  0.8712  1.0119
 4474.340  0.8610  1.0203
 4474.360  0.8523  1.0178
 4474.380  0.8449  1.0274
 4474.400  0.8397  1.0164
 4474.420  0.8394  1.0158
 4474.440  0.8418  1.0189
 4474.460  0.8390  1.0067
 4474.480  0.8307  1.0158
 4474.500  0.8257  1.0197
 4474.520  0.8272  1.0133
 4474.540  0.8310  1.0177
 4474.560  0.8350  1.0168
 4474.580  0.8383  1.0108
 4474.600  0.8379  1.0090
 4474.620  0.8335  1.0156
 4474.640  0.8313  1.0079
 4474.660  0.8362  1.0237
 4474.680  0.8413  1.0081
 4474.700  0.8350  1.0172
 4474.720  0.8200  1.0216
 4474.740  0.8092  1.0183
 4474.760  0.8101  1.0181
 4474.780  0.8238  1.0228
 4474.800  0.8490  1.0095
 4474.820  0.8787  1.0043
 4474.840  0.9002  1.0049
 4474.860  0.9066  1.0002
 4474.880  0.9081  0.9990
 4474.900  0.9189  0.9807
 4474.920  0.9349  0.9790
 4474.940  0.9450  0.9687
 4474.960  0.9508  0.9531
 4474.980  0.9586  0.8908
 4475.000  0.9641  0.9315
 4475.020  0.9591  0.9654
 4475.040  0.9438  1.0095
 4475.060  0.9254  0.9906
 4475.080  0.9109  1.0172
 4475.100  0.9046  0.9967
 4475.120  0.9066  1.0175
 4475.140  0.9151  1.0015
 4475.160  0.9272  1.0138
 4475.180  0.9376  1.0038
 4475.200  0.9424  1.0107
 4475.220  0.9452  1.0174
 4475.240  0.9514  1.0183
 4475.260  0.9569  1.0124
 4475.280  0.9554  1.0152
 4475.300  0.9492  1.0160
 4475.320  0.9457  1.0101
 4475.340  0.9473  1.0197
 4475.360  0.9506  1.0161
 4475.380  0.9522  1.0120
 4475.400  0.9537  1.0127
 4475.420  0.9574  1.0045
 4475.440  0.9604  1.0009
 4475.460  0.9599  1.0000
 4475.480  0.9574  0.9875
 4475.500  0.9543  0.9906
 4475.520  0.9497  0.9969
 4475.540  0.9473  0.9954
 4475.560  0.9508  0.9823
 4475.580  0.9505  0.9485
 4475.600  0.9377  0.9792
 4475.620  0.9220  0.9823
 4475.640  0.9119  0.9742
 4475.660  0.9022  0.9840
 4475.680  0.8886  0.9825
 4475.700  0.8706  0.9709
 4475.720  0.8509  0.9945
 4475.740  0.8348  1.0020
 4475.760  0.8232  1.0085
 4475.780  0.8167  1.0092
 4475.800  0.8218  1.0146
 4475.820  0.8415  1.0041
 4475.840  0.8667  1.0122
 4475.860  0.8838  1.0181
 4475.880  0.8857  1.0124
 4475.900  0.8770  1.0278
 4475.920  0.8676  1.0133
 4475.940  0.8641  1.0179
 4475.960  0.8719  1.0245
 4475.980  0.8943  1.0075
 4476.000  0.9247  1.0239
 4476.020  0.9461  1.0017
 4476.040  0.9481  1.0102
 4476.060  0.9413  1.0155
 4476.080  0.9373  1.0160
 4476.100  0.9318  1.0155
 4476.120  0.9238  1.0260
 4476.140  0.9202  1.0198
 4476.160  0.9215  1.0114
 4476.180  0.9253  1.0236
 4476.200  0.9306  1.0019
 4476.220  0.9331  1.0068
 4476.240  0.9321  1.0013
 4476.260  0.9334  1.0116
 4476.280  0.9356  0.9968
 4476.300  0.9339  0.9937
 4476.320  0.9344  0.9804
 4476.340  0.9390  0.9555
 4476.360  0.9380  0.9990
 4476.380  0.9296  0.9961
 4476.400  0.9188  1.0047
 4476.420  0.9071  1.0180
 4476.440  0.8984  1.0120
 4476.460  0.8991  1.0107
 4476.480  0.9074  1.0018
 4476.500  0.9149  1.0093
 4476.520  0.9187  1.0010
 4476.540  0.9223  1.0032
 4476.560  0.9225  0.9839
 4476.580  0.9126  0.9977
 4476.600  0.8934  0.9834
 4476.620  0.8739  0.9779
 4476.640  0.8632  0.9798
 4476.660  0.8630  0.9806
 4476.680  0.8693  0.9931
 4476.700  0.8821  1.0018
 4476.720  0.9047  1.0031
 4476.740  0.9338  0.9984
 4476.760  0.9573  0.9917
 4476.780  0.9674  0.9882
 4476.800  0.9695  0.9969
 4476.820  0.9703  0.9829
 4476.840  0.9716  0.9726
 4476.860  0.9778  0.9701
 4476.880  0.9889  0.9358
 4476.900 -1.0000  0.8662
 4476.920 -1.0000  0.7728
 4476.940 -1.0000  0.6355
 4476.960 -1.0000  0.7877
 4476.980 -1.0000  0.8153
 4477.000  0.9467  0.8128
 4477.020  0.9167  0.9345
 4477.040  0.9000  0.9582
 4477.060  0.8999  0.9916
 4477.080  0.9059  0.9964
 4477.100  0.9125  0.9957
 4477.120  0.9177  0.9991
 4477.140  0.9195  0.9977
 4477.160  0.9155  1.0002
 4477.180  0.9061  1.0020
 4477.200  0.8950  1.0119
 4477.220  0.8829  1.0161
 4477.240  0.8657  1.0170
 4477.260  0.8427  1.0180
 4477.280  0.8195  1.0097
 4477.300  0.8031  1.0114
 4477.320  0.7956  1.0217
 4477.340  0.7947  1.0008
 4477.360  0.8024  1.0160
 4477.380  0.8237  1.0100
 4477.400  0.8543  0.9969
 4477.420  0.8864  1.0177
 4477.440  0.9137  0.9909
 4477.460  0.9281  1.0084
 4477.480  0.9320  1.0094
 4477.500  0.9389  1.0148
 4477.520  0.9507  1.0100
 4477.540  0.9572  1.0106
 4477.560  0.9562  1.0114
 4477.580  0.9539  1.0254
 4477.600  0.9528  1.0205
 4477.620  0.9542  1.0256
 4477.640  0.9618  1.0144
 4477.660  0.9729  1.0182
 4477.680  0.9769  1.0050
 4477.700  0.9689  1.0177
 4477.720  0.9564  1.0189
 4477.740  0.9467  1.0058
 4477.760  0.9396  1.0129
 4477.780  0.9375  1.0147
 4477.800  0.9419  0.9946
 4477.820  0.9480  1.0194
 4477.840  0.9522  0.9995
 4477.860  0.9571  1.0098
 4477.880  0.9633  0.9923
 4477.900  0.9624  0.9851
 4477.920  0.9547  0.9925
 4477.940  0.9513  0.9716
 4477.960  0.9507  0.9852
 4477.980 -1.0000  0.9847
 4478.000 -1.0000  0.9864
 4447.000  0.0000        
 4447.020  0.0000        
 4447.040 -0.0077        
 4447.060 -0.0085        
 4447.080  0.0023        
 4447.100  0.0169        
 4447.120  0.0215        
 4447.140  0.0134        
 4447.160  0.0043        
 4447.180  0.0023        
 4447.200  0.0020        
 4447.220 -0.0010        
 4447.240 -0.0015        
 4447.260  0.0042        
 4447.280  0.0107        
 4447.300  0.0124        
 4447.320  0.0115        
 4447.340  0.0119        
 4447.360  0.0095        
 4447.380  0.0027        
 4447.400  0.0004        
 4447.420  0.0052        
 4447.440  0.0062        
 4447.460 -0.0017        
 4447.480 -0.0102        
 4447.500 -0.0103        
 4447.520 -0.0025        
 4447.540  0.0063        
 4447.560  0.0102        
 4447.580  0.0093        
 4447.600  0.0067        
 4447.620  0.0052        
 4447.640  0.0050        
 4447.660  0.0055        
 4447.680  0.0042        
 4447.700 -0.0023        
 4447.720 -0.0110        
 4447.740 -0.0130        
 4447.760 -0.0042        
 4447.780  0.0090        
 4447.800  0.0168        
 4447.820  0.0135        
 4447.840  0.0020        
 4447.860 -0.0079        
 4447.880 -0.0092        
 4447.900 -0.0029        
 4447.920  0.0058        
 4447.940  0.0138        
 4447.960  0.0187        
 4447.980  0.0170        
 4448.000  0.0076        
 4448.020 -0.0041        
 4448.040 -0.0089        
 4448.060 -0.0018        
 4448.080  0.0107        
 4448.100  0.0155        
 4448.120  0.0087        
 4448.140  0.0003        
 4448.160 -0.0018        
 4448.180  0.0006        
 4448.200  0.0041        
 4448.220  0.0106        
 4448.240  0.0211        
 4448.260  0.0278        
 4448.280  0.0232        
 4448.300  0.0127        
 4448.320  0.0070        
 4448.340  0.0068        
 4448.360  0.0058        
 4448.380  0.0003        
 4448.400 -0.0055        
 4448.420 -0.0050        
 4448.440  0.0021        
 4448.460  0.0073        
 4448.480  0.0042        
 4448.500 -0.0016        
 4448.520 -0.0017        
 4448.540  0.0023        
 4448.560  0.0054        
 4448.580  0.0075        
 4448.600  0.0090        
 4448.620  0.0107        
 4448.640  0.0130        
 4448.660  0.0112        
 4448.680  0.0012        
 4448.700 -0.0094        
 4448.720 -0.0101        
 4448.740 -0.0033        
 4448.760 -0.0004        
 4448.780 -0.0057        
 4448.800 -0.0104        
 4448.820 -0.0079        
 4448.840 -0.0041        
 4448.860 -0.0033        
 4448.880 -0.0013        
 4448.900  0.0027        
 4448.920  0.0047        
 4448.940  0.0037        
 4448.960  0.0013        
 4448.980 -0.0025        
 4449.000 -0.0053        
 4449.020 -0.0062        
 4449.040 -0.0069        
 4449.060 -0.0055        
 4449.080  0.0011        
 4449.100  0.0061        
 4449.120  0.0011        
 4449.140 -0.0077        
 4449.160 -0.0092        
 4449.180 -0.0035        
 4449.200  0.0008        
 4449.220 -0.0003        
 4449.240 -0.0006        
 4449.260  0.0055        
 4449.280  0.0149        
 4449.300  0.0201        
 4449.320  0.0164        
 4449.340  0.0046        
 4449.360 -0.0083        
 4449.380 -0.0143        
 4449.400 -0.0122        
 4449.420 -0.0051        
 4449.440  0.0061        
 4449.460  0.0172        
 4449.480  0.0195        
 4449.500  0.0127        
 4449.520  0.0047        
 4449.540 -0.0014        
 4449.560 -0.0043        
 4449.580 -0.0018        
 4449.600  0.0027        
 4449.620  0.0031        
 4449.640  0.0021        
 4449.660  0.0042        
 4449.680  0.0074        
 4449.700  0.0089        
 4449.720  0.0099        
 4449.740  0.0113        
 4449.760  0.0138        
 4449.780  0.0201        
 4449.800  0.0292        
 4449.820  0.0343        
 4449.840  0.0283        
 4449.860  0.0125        
 4449.880 -0.0023        
 4449.900 -0.0076        
 4449.920 -0.0059        
 4449.940 -0.0052        
 4449.960 -0.0048        
 4449.980  0.0017        
 4450.000  0.0115        
 4450.020  0.0182        
 4450.040  0.0273        
 4450.060  0.0378        
 4450.080  0.0299        
 4450.100  0.0023        
 4450.120 -0.0169        
 4450.140 -0.0153        
 4450.160 -0.0073        
 4450.180 -0.0051        
 4450.200 -0.0057        
 4450.220 -0.0015        
 4450.240  0.0083        
 4450.260  0.0173        
 4450.280  0.0195        
 4450.300  0.0165        
 4450.320  0.0129        
 4450.340  0.0099        
 4450.360  0.0061        
 4450.380  0.0009        
 4450.400 -0.0063        
 4450.420 -0.0141        
 4450.440 -0.0147        
 4450.460 -0.0048        
 4450.480  0.0065        
 4450.500  0.0113        
 4450.520  0.0129        
 4450.540  0.0149        
 4450.560  0.0158        
 4450.580  0.0155        
 4450.600  0.0173        
 4450.620  0.0205        
 4450.640  0.0174        
 4450.660  0.0049        
 4450.680 -0.0075        
 4450.700 -0.0124        
 4450.720 -0.0125        
 4450.740 -0.0100        
 4450.760 -0.0044        
 4450.780  0.0006        
 4450.800  0.0004        
 4450.820 -0.0026        
 4450.840 -0.0034        
 4450.860 -0.0003        
 4450.880  0.0034        
 4450.900  0.0026        
 4450.920 -0.0029        
 4450.940 -0.0072        
 4450.960 -0.0077        
 4450.980 -0.0097        
 4451.000 -0.0131        
 4451.020 -0.0085        
 4451.040  0.0039        
 4451.060  0.0112        
 4451.080  0.0067        
 4451.100 -0.0026        
 4451.120 -0.0065        
 4451.140 -0.0045        
 4451.160 -0.0032        
 4451.180 -0.0051        
 4451.200 -0.0060        
 4451.220 -0.0024        
 4451.240  0.0053        
 4451.260  0.0145        
 4451.280  0.0230        
 4451.300  0.0283        
 4451.320  0.0253        
 4451.340  0.0123        
 4451.360 -0.0022        
 4451.380 -0.0062        
 4451.400 -0.0010        
 4451.420  0.0006        
 4451.440 -0.0029        
 4451.460 -0.0011        
 4451.480  0.0053        
 4451.500  0.0073        
 4451.520  0.0032        
 4451.540 -0.0017        
 4451.560 -0.0033        
 4451.580  0.0004        
 4451.600  0.0071        
 4451.620  0.0113        
 4451.640  0.0106        
 4451.660  0.0068        
 4451.680  0.0007        
 4451.700 -0.0039        
 4451.720 -0.0010        
 4451.740  0.0078        
 4451.760  0.0130        
 4451.780  0.0113        
 4451.800  0.0069        
 4451.820  0.0020        
 4451.840 -0.0037        
 4451.860 -0.0089        
 4451.880 -0.0113        
 4451.900 -0.0107        
 4451.920 -0.0088        
 4451.940 -0.0043        
 4451.960  0.0037        
 4451.980  0.0100        
 4452.000  0.0076        
 4452.020 -0.0006        
 4452.040 -0.0036        
 4452.060  0.0017        
 4452.080  0.0043        
 4452.100 -0.0013        
 4452.120 -0.0042        
 4452.140 -0.0019        
 4452.160 -0.0066        
 4452.180 -0.0175        
 4452.200 -0.0200        
 4452.220 -0.0124        
 4452.240 -0.0045        
 4452.260 -0.0009        
 4452.280 -0.0014        
 4452.300 -0.0030        
 4452.320 -0.0024        
 4452.340 -0.0012        
 4452.360 -0.0020        
 4452.380  0.0013        
 4452.400  0.0122        
 4452.420  0.0194        
 4452.440  0.0162        
 4452.460  0.0125        
 4452.480  0.0121        
 4452.500  0.0082        
 4452.520  0.0009        
 4452.540 -0.0041        
 4452.560 -0.0065        
 4452.580 -0.0085        
 4452.600 -0.0102        
 4452.620 -0.0114        
 4452.640 -0.0112        
 4452.660 -0.0080        
 4452.680 -0.0026        
 4452.700  0.0016        
 4452.720  0.0030        
 4452.740  0.0020        
 4452.760 -0.0011        
 4452.780 -0.0060        
 4452.800 -0.0098        
 4452.820 -0.0084        
 4452.840 -0.0030        
 4452.860  0.0016        
 4452.880  0.0067        
 4452.900  0.0154        
 4452.920  0.0213        
 4452.940  0.0166        
 4452.960  0.0054        
 4452.980 -0.0014        
 4453.000  0.0005        
 4453.020  0.0060        
 4453.040  0.0059        
 4453.060 -0.0029        
 4453.080 -0.0132        
 4453.100 -0.0157        
 4453.120 -0.0114        
 4453.140 -0.0092        
 4453.160 -0.0125        
 4453.180 -0.0164        
 4453.200 -0.0155        
 4453.220 -0.0114        
 4453.240 -0.0074        
 4453.260 -0.0029        
 4453.280  0.0023        
 4453.300  0.0058        
 4453.320  0.0069        
 4453.340  0.0053        
 4453.360  0.0004        
 4453.380 -0.0029        
 4453.400  0.0004        
 4453.420  0.0049        
 4453.440  0.0039        
 4453.460  0.0021        
 4453.480  0.0036        
 4453.500  0.0049        
 4453.520  0.0055        
 4453.540  0.0075        
 4453.560  0.0071        
 4453.580  0.0028        
 4453.600  0.0001        
 4453.620  0.0014        
 4453.640  0.0036        
 4453.660  0.0051        
 4453.680  0.0070        
 4453.700  0.0100        
 4453.720  0.0140        
 4453.740  0.0152        
 4453.760  0.0092        
 4453.780 -0.0002        
 4453.800 -0.0033        
 4453.820  0.0001        
 4453.840  0.0023        
 4453.860  0.0005        
 4453.880 -0.0034        
 4453.900 -0.0066        
 4453.920 -0.0031        
 4453.940  0.0085        
 4453.960  0.0180        
 4453.980  0.0176        
 4454.000  0.0147        
 4454.020  0.0197        
 4454.040  0.0329        
 4454.060  0.0456        
 4454.080  0.0487        
 4454.100  0.0407        
 4454.120  0.0296        
 4454.140  0.0233        
 4454.160  0.0202        
 4454.180  0.0143        
 4454.200  0.0056        
 4454.220 -0.0016        
 4454.240 -0.0070        
 4454.260 -0.0155        
 4454.280 -0.0268        
 4454.300 -0.0331        
 4454.320 -0.0314        
 4454.340 -0.0272        
 4454.360 -0.0240        
 4454.380 -0.0174        
 4454.400 -0.0052        
 4454.420  0.0044        
 4454.440  0.0039        
 4454.460  0.0006        
 4454.480  0.0047        
 4454.500  0.0124        
 4454.520  0.0139        
 4454.540  0.0079        
 4454.560  0.0007        
 4454.580 -0.0020        
 4454.600 -0.0001        
 4454.620  0.0011        
 4454.640 -0.0010        
 4454.660 -0.0019        
 4454.680 -0.0006        
 4454.700 -0.0054        
 4454.720 -0.0187        
 4454.740 -0.0303        
 4454.760 -0.0303        
 4454.780 -0.0200        
 4454.800 -0.0091        
 4454.820 -0.0063        
 4454.840 -0.0113        
 4454.860 -0.0154        
 4454.880 -0.0110        
 4454.900 -0.0003        
 4454.920  0.0077        
 4454.940  0.0075        
 4454.960  0.0032        
 4454.980  0.0021        
 4455.000  0.0044        
 4455.020  0.0015        
 4455.040 -0.0108        
 4455.060 -0.0216        
 4455.080 -0.0186        
 4455.100 -0.0058        
 4455.120  0.0057        
 4455.140  0.0115        
 4455.160  0.0114        
 4455.180  0.0056        
 4455.200 -0.0022        
 4455.220 -0.0055        
 4455.240 -0.0017        
 4455.260  0.0026        
 4455.280  0.0013        
 4455.300 -0.0015        
 4455.320 -0.0009        
 4455.340  0.0008        
 4455.360  0.0012        
 4455.380  0.0013        
 4455.400  0.0014        
 4455.420  0.0012        
 4455.440  0.0012        
 4455.460 -0.0001        
 4455.480 -0.0035        
 4455.500 -0.0052        
 4455.520 -0.0040        
 4455.540 -0.0022        
 4455.560  0.0024        
 4455.580  0.0122        
 4455.600  0.0201        
 4455.620  0.0223        
 4455.640  0.0252        
 4455.660  0.0286        
 4455.680  0.0242        
 4455.700  0.0127        
 4455.720  0.0016        
 4455.740 -0.0057        
 4455.760 -0.0081        
 4455.780 -0.0048        
 4455.800  0.0011        
 4455.820  0.0057        
 4455.840  0.0078        
 4455.860  0.0050        
 4455.880 -0.0026        
 4455.900 -0.0081        
 4455.920 -0.0062        
 4455.940 -0.0020        
 4455.960 -0.0020        
 4455.980 -0.0059        
 4456.000 -0.0089        
 4456.020 -0.0061        
 4456.040  0.0030        
 4456.060  0.0117        
 4456.080  0.0138        
 4456.100  0.0131        
 4456.120  0.0161        
 4456.140  0.0212        
 4456.160  0.0235        
 4456.180  0.0236        
 4456.200  0.0250        
 4456.220  0.0244        
 4456.240  0.0149        
 4456.260  0.0022        
 4456.280 -0.0006        
 4456.300  0.0044        
 4456.320  0.0038        
 4456.340 -0.0052        
 4456.360 -0.0127        
 4456.380 -0.0131        
 4456.400 -0.0107        
 4456.420 -0.0112        
 4456.440 -0.0137        
 4456.460 -0.0147        
 4456.480 -0.0123        
 4456.500 -0.0051        
 4456.520  0.0056        
 4456.540  0.0138        
 4456.560  0.0162        
 4456.580  0.0155        
 4456.600  0.0143        
 4456.620  0.0127        
 4456.640  0.0113        
 4456.660  0.0086        
 4456.680  0.0023        
 4456.700 -0.0049        
 4456.720 -0.0073        
 4456.740 -0.0042        
 4456.760  0.0006        
 4456.780  0.0022        
 4456.800 -0.0030        
 4456.820 -0.0112        
 4456.840 -0.0137        
 4456.860 -0.0116        
 4456.880 -0.0139        
 4456.900 -0.0176        
 4456.920 -0.0124        
 4456.940  0.0005        
 4456.960  0.0118        
 4456.980  0.0186        
 4457.000  0.0206        
 4457.020  0.0134        
 4457.040 -0.0051        
 4457.060 -0.0244        
 4457.080 -0.0293        
 4457.100 -0.0199        
 4457.120 -0.0092        
 4457.140 -0.0034        
 4457.160  0.0009        
 4457.180  0.0058        
 4457.200  0.0073        
 4457.220  0.0040        
 4457.240  0.0028        
 4457.260  0.0063        
 4457.280  0.0068        
 4457.300  0.0015        
 4457.320 -0.0020        
 4457.340  0.0012        
 4457.360  0.0058        
 4457.380  0.0046        
 4457.400 -0.0013        
 4457.420 -0.0051        
 4457.440 -0.0047        
 4457.460 -0.0027        
 4457.480 -0.0006        
 4457.500  0.0026        
 4457.520  0.0067        
 4457.540  0.0094        
 4457.560  0.0080        
 4457.580  0.0034        
 4457.600  0.0001        
 4457.620  0.0005        
 4457.640  0.0010        
 4457.660 -0.0022        
 4457.680 -0.0052        
 4457.700 -0.0027        
 4457.720  0.0044        
 4457.740  0.0097        
 4457.760  0.0105        
 4457.780  0.0103        
 4457.800  0.0109        
 4457.820  0.0096        
 4457.840  0.0047        
 4457.860 -0.0012        
 4457.880 -0.0061        
 4457.900 -0.0095        
 4457.920 -0.0105        
 4457.940 -0.0079        
 4457.960 -0.0023        
 4457.980  0.0035        
 4458.000  0.0086        
 4458.020  0.0135        
 4458.040  0.0150        
 4458.060  0.0126        
 4458.080  0.0115        
 4458.100  0.0112        
 4458.120  0.0059        
 4458.140 -0.0014        
 4458.160 -0.0031        
 4458.180 -0.0017        
 4458.200 -0.0033        
 4458.220 -0.0061        
 4458.240 -0.0055        
 4458.260 -0.0039        
 4458.280 -0.0071        
 4458.300 -0.0106        
 4458.320 -0.0039        
 4458.340  0.0092        
 4458.360  0.0152        
 4458.380  0.0126        
 4458.400  0.0093        
 4458.420  0.0071        
 4458.440  0.0015        
 4458.460 -0.0061        
 4458.480 -0.0059        
 4458.500  0.0046        
 4458.520  0.0134        
 4458.540  0.0105        
 4458.560  0.0013        
 4458.580 -0.0016        
 4458.600  0.0038        
 4458.620  0.0076        
 4458.640  0.0048        
 4458.660 -0.0001        
 4458.680 -0.0032        
 4458.700 -0.0043        
 4458.720 -0.0043        
 4458.740 -0.0051        
 4458.760 -0.0074        
 4458.780 -0.0082        
 4458.800 -0.0062        
 4458.820 -0.0043        
 4458.840 -0.0023        
 4458.860  0.0057        
 4458.880  0.0209        
 4458.900  0.0336        
 4458.920  0.0320        
 4458.940  0.0167        
 4458.960 -0.0012        
 4458.980 -0.0140        
 4459.000 -0.0185        
 4459.020 -0.0136        
 4459.040 -0.0046        
 4459.060 -0.0014        
 4459.080 -0.0059        
 4459.100 -0.0098        
 4459.120 -0.0062        
 4459.140 -0.0002        
 4459.160  0.0001        
 4459.180 -0.0022        
 4459.200 -0.0004        
 4459.220  0.0032        
 4459.240  0.0031        
 4459.260 -0.0005        
 4459.280 -0.0036        
 4459.300 -0.0030        
 4459.320  0.0017        
 4459.340  0.0065        
 4459.360  0.0074        
 4459.380  0.0067        
 4459.400  0.0097        
 4459.420  0.0162        
 4459.440  0.0209        
 4459.460  0.0189        
 4459.480  0.0091        
 4459.500 -0.0038        
 4459.520 -0.0126        
 4459.540 -0.0118        
 4459.560 -0.0022        
 4459.580  0.0087        
 4459.600  0.0122        
 4459.620  0.0066        
 4459.640 -0.0025        
 4459.660 -0.0080        
 4459.680 -0.0078        
 4459.700 -0.0048        
 4459.720 -0.0022        
 4459.740  0.0000        
 4459.760  0.0024        
 4459.780  0.0030        
 4459.800 -0.0005        
 4459.820 -0.0057        
 4459.840 -0.0059        
 4459.860  0.0028        
 4459.880  0.0155        
 4459.900  0.0234        
 4459.920  0.0236        
 4459.940  0.0190        
 4459.960  0.0133        
 4459.980  0.0077        
 4460.000  0.0029        
 4460.020  0.0007        
 4460.040  0.0013        
 4460.060  0.0017        
 4460.080  0.0002        
 4460.100  0.0001        
 4460.120  0.0055        
 4460.140  0.0117        
 4460.160  0.0098        
 4460.180  0.0014        
 4460.200 -0.0034        
 4460.220 -0.0024        
 4460.240  0.0003        
 4460.260  0.0031        
 4460.280  0.0060        
 4460.300  0.0081        
 4460.320  0.0091        
 4460.340  0.0096        
 4460.360  0.0090        
 4460.380  0.0065        
 4460.400  0.0013        
 4460.420 -0.0060        
 4460.440 -0.0109        
 4460.460 -0.0078        
 4460.480 -0.0002        
 4460.500  0.0014        
 4460.520 -0.0069        
 4460.540 -0.0171        
 4460.560 -0.0189        
 4460.580 -0.0101        
 4460.600  0.0021        
 4460.620  0.0090        
 4460.640  0.0069        
 4460.660 -0.0003        
 4460.680 -0.0031        
 4460.700  0.0038        
 4460.720  0.0134        
 4460.740  0.0153        
 4460.760  0.0090        
 4460.780  0.0028        
 4460.800  0.0028        
 4460.820  0.0065        
 4460.840  0.0075        
 4460.860  0.0035        
 4460.880 -0.0028        
 4460.900 -0.0077        
 4460.920 -0.0090        
 4460.940 -0.0062        
 4460.960 -0.0002        
 4460.980  0.0058        
 4461.000  0.0083        
 4461.020  0.0068        
 4461.040  0.0049        
 4461.060  0.0068        
 4461.080  0.0115        
 4461.100  0.0147        
 4461.120  0.0157        
 4461.140  0.0168        
 4461.160  0.0162        
 4461.180  0.0101        
 4461.200 -0.0005        
 4461.220 -0.0091        
 4461.240 -0.0104        
 4461.260 -0.0068        
 4461.280 -0.0043        
 4461.300 -0.0044        
 4461.320 -0.0034        
 4461.340  0.0006        
 4461.360  0.0037        
 4461.380  0.0055        
 4461.400  0.0105        
 4461.420  0.0161        
 4461.440  0.0128        
 4461.460 -0.0003        
 4461.480 -0.0114        
 4461.500 -0.0097        
 4461.520  0.0009        
 4461.540  0.0087        
 4461.560  0.0089        
 4461.580  0.0036        
 4461.600 -0.0037        
 4461.620 -0.0089        
 4461.640 -0.0092        
 4461.660 -0.0068        
 4461.680 -0.0032        
 4461.700  0.0015        
 4461.720  0.0029        
 4461.740 -0.0012        
 4461.760 -0.0023        
 4461.780  0.0040        
 4461.800  0.0089        
 4461.820  0.0073        
 4461.840  0.0040        
 4461.860  0.0007        
 4461.880 -0.0023        
 4461.900  0.0003        
 4461.920  0.0090        
 4461.940  0.0146        
 4461.960  0.0100        
 4461.980 -0.0002        
 4462.000 -0.0049        
 4462.020 -0.0021        
 4462.040  0.0009        
 4462.060  0.0007        
 4462.080  0.0026        
 4462.100  0.0100        
 4462.120  0.0159        
 4462.140  0.0127        
 4462.160  0.0048        
 4462.180  0.0026        
 4462.200  0.0067        
 4462.220  0.0079        
 4462.240  0.0019        
 4462.260 -0.0026        
 4462.280  0.0018        
 4462.300  0.0082        
 4462.320  0.0064        
 4462.340 -0.0029        
 4462.360 -0.0106        
 4462.380 -0.0096        
 4462.400 -0.0007        
 4462.420  0.0071        
 4462.440  0.0067        
 4462.460  0.0005        
 4462.480 -0.0049        
 4462.500 -0.0086        
 4462.520 -0.0116        
 4462.540 -0.0108        
 4462.560 -0.0026        
 4462.580  0.0092        
 4462.600  0.0149        
 4462.620  0.0103        
 4462.640  0.0028        
 4462.660  0.0030        
 4462.680  0.0092        
 4462.700  0.0085        
 4462.720 -0.0031        
 4462.740 -0.0124        
 4462.760 -0.0089        
 4462.780  0.0024        
 4462.800  0.0094        
 4462.820  0.0087        
 4462.840  0.0056        
 4462.860  0.0015        
 4462.880 -0.0055        
 4462.900 -0.0113        
 4462.920 -0.0106        
 4462.940 -0.0048        
 4462.960  0.0007        
 4462.980  0.0033        
 4463.000  0.0047        
 4463.020  0.0063        
 4463.040  0.0067        
 4463.060  0.0042        
 4463.080  0.0006        
 4463.100  0.0004        
 4463.120  0.0051        
 4463.140  0.0109        
 4463.160  0.0133        
 4463.180  0.0117        
 4463.200  0.0087        
 4463.220  0.0056        
 4463.240  0.0012        
 4463.260 -0.0032        
 4463.280 -0.0051        
 4463.300 -0.0053        
 4463.320 -0.0050        
 4463.340 -0.0028        
 4463.360  0.0005        
 4463.380  0.0019        
 4463.400  0.0018        
 4463.420  0.0029        
 4463.440  0.0053        
 4463.460  0.0069        
 4463.480  0.0077        
 4463.500  0.0101        
 4463.520  0.0128        
 4463.540  0.0115        
 4463.560  0.0087        
 4463.580  0.0120        
 4463.600  0.0213        
 4463.620  0.0296        
 4463.640  0.0297        
 4463.660  0.0152        
 4463.680 -0.0107        
 4463.700 -0.0298        
 4463.720 -0.0277        
 4463.740 -0.0104        
 4463.760  0.0043        
 4463.780  0.0086        
 4463.800  0.0127        
 4463.820  0.0249        
 4463.840  0.0377        
 4463.860  0.0440        
 4463.880  0.0465        
 4463.900  0.0452        
 4463.920  0.0371        
 4463.940  0.0259        
 4463.960  0.0175        
 4463.980  0.0122        
 4464.000  0.0060        
 4464.020 -0.0028        
 4464.040 -0.0125        
 4464.060 -0.0246        
 4464.080 -0.0385        
 4464.100 -0.0439        
 4464.120 -0.0360        
 4464.140 -0.0271        
 4464.160 -0.0231        
 4464.180 -0.0142        
 4464.200  0.0022        
 4464.220  0.0151        
 4464.240  0.0176        
 4464.260  0.0151        
 4464.280  0.0155        
 4464.300  0.0184        
 4464.320  0.0187        
 4464.340  0.0145        
 4464.360  0.0081        
 4464.380  0.0010        
 4464.400 -0.0064        
 4464.420 -0.0126        
 4464.440 -0.0138        
 4464.460 -0.0080        
 4464.480  0.0006        
 4464.500  0.0029        
 4464.520 -0.0036        
 4464.540 -0.0095        
 4464.560 -0.0070        
 4464.580 -0.0004        
 4464.600  0.0013        
 4464.620 -0.0032        
 4464.640 -0.0071        
 4464.660 -0.0053        
 4464.680 -0.0006        
 4464.700  0.0013        
 4464.720  0.0021        
 4464.740  0.0095        
 4464.760  0.0222        
 4464.780  0.0269        
 4464.800  0.0189        
 4464.820  0.0078        
 4464.840  0.0015        
 4464.860  0.0003        
 4464.880  0.0013        
 4464.900 -0.0011        
 4464.920 -0.0089        
 4464.940 -0.0151        
 4464.960 -0.0138        
 4464.980 -0.0085        
 4465.000 -0.0046        
 4465.020 -0.0039        
 4465.040 -0.0064        
 4465.060 -0.0099        
 4465.080 -0.0097        
 4465.100 -0.0053        
 4465.120  0.0001        
 4465.140  0.0068        
 4465.160  0.0147        
 4465.180  0.0176        
 4465.200  0.0104        
 4465.220 -0.0027        
 4465.240 -0.0099        
 4465.260 -0.0051        
 4465.280  0.0047        
 4465.300  0.0078        
 4465.320  0.0019        
 4465.340 -0.0042        
 4465.360 -0.0063        
 4465.380 -0.0102        
 4465.400 -0.0157        
 4465.420 -0.0140        
 4465.440 -0.0046        
 4465.460  0.0047        
 4465.480  0.0115        
 4465.500  0.0161        
 4465.520  0.0160        
 4465.540  0.0107        
 4465.560  0.0039        
 4465.580 -0.0001        
 4465.600  0.0002        
 4465.620  0.0032        
 4465.640  0.0058        
 4465.660  0.0061        
 4465.680  0.0048        
 4465.700  0.0031        
 4465.720  0.0016        
 4465.740  0.0006        
 4465.760 -0.0001        
 4465.780 -0.0005        
 4465.800  0.0014        
 4465.820  0.0054        
 4465.840  0.0056        
 4465.860 -0.0009        
 4465.880 -0.0064        
 4465.900 -0.0038        
 4465.920  0.0025        
 4465.940  0.0037        
 4465.960 -0.0003        
 4465.980 -0.0017        
 4466.000  0.0031        
 4466.020  0.0079        
 4466.040  0.0079        
 4466.060  0.0063        
 4466.080  0.0081        
 4466.100  0.0108        
 4466.120  0.0081        
 4466.140  0.0008        
 4466.160 -0.0049        
 4466.180 -0.0079        
 4466.200 -0.0091        
 4466.220 -0.0081        
 4466.240 -0.0067        
 4466.260 -0.0076        
 4466.280 -0.0076        
 4466.300 -0.0040        
 4466.320 -0.0002        
 4466.340  0.0011        
 4466.360  0.0017        
 4466.380  0.0033        
 4466.400  0.0051        
 4466.420  0.0057        
 4466.440  0.0048        
 4466.460  0.0034        
 4466.480  0.0035        
 4466.500  0.0043        
 4466.520  0.0034        
 4466.540  0.0026        
 4466.560  0.0049        
 4466.580  0.0077        
 4466.600  0.0080        
 4466.620  0.0088        
 4466.640  0.0127        
 4466.660  0.0155        
 4466.680  0.0127        
 4466.700  0.0073        
 4466.720  0.0070        
 4466.740  0.0127        
 4466.760  0.0172        
 4466.780  0.0152        
 4466.800  0.0075        
 4466.820 -0.0025        
 4466.840 -0.0099        
 4466.860 -0.0121        
 4466.880 -0.0112        
 4466.900 -0.0100        
 4466.920 -0.0085        
 4466.940 -0.0072        
 4466.960 -0.0079        
 4466.980 -0.0085        
 4467.000 -0.0051        
 4467.020  0.0011        
 4467.040  0.0049        
 4467.060  0.0039        
 4467.080  0.0007        
 4467.100 -0.0010        
 4467.120 -0.0014        
 4467.140 -0.0003        
 4467.160  0.0038        
 4467.180  0.0086        
 4467.200  0.0092        
 4467.220  0.0042        
 4467.240 -0.0009        
 4467.260  0.0002        
 4467.280  0.0068        
 4467.300  0.0123        
 4467.320  0.0112        
 4467.340  0.0027        
 4467.360 -0.0081        
 4467.380 -0.0125        
 4467.400 -0.0082        
 4467.420 -0.0036        
 4467.440 -0.0040        
 4467.460 -0.0044        
 4467.480 -0.0013        
 4467.500  0.0022        
 4467.520  0.0028        
 4467.540  0.0005        
 4467.560 -0.0023        
 4467.580 -0.0011        
 4467.600  0.0044        
 4467.620  0.0076        
 4467.640  0.0051        
 4467.660  0.0005        
 4467.680 -0.0043        
 4467.700 -0.0085        
 4467.720 -0.0054        
 4467.740  0.0054        
 4467.760  0.0120        
 4467.780  0.0080        
 4467.800  0.0015        
 4467.820  0.0007        
 4467.840  0.0033        
 4467.860  0.0025        
 4467.880 -0.0008        
 4467.900 -0.0019        
 4467.920 -0.0024        
 4467.940 -0.0042        
 4467.960 -0.0032        
 4467.980  0.0017        
 4468.000  0.0062        
 4468.020  0.0088        
 4468.040  0.0090        
 4468.060  0.0037        
 4468.080 -0.0037        
 4468.100 -0.0052        
 4468.120  0.0001        
 4468.140  0.0068        
 4468.160  0.0120        
 4468.180  0.0147        
 4468.200  0.0147        
 4468.220  0.0153        
 4468.240  0.0194        
 4468.260  0.0230        
 4468.280  0.0174        
 4468.300  0.0031        
 4468.320 -0.0068        
 4468.340 -0.0061        
 4468.360 -0.0052        
 4468.380 -0.0089        
 4468.400 -0.0085        
 4468.420 -0.0025        
 4468.440  0.0003        
 4468.460 -0.0040        
 4468.480 -0.0111        
 4468.500 -0.0148        
 4468.520 -0.0105        
 4468.540 -0.0019        
 4468.560  0.0027        
 4468.580  0.0034        
 4468.600  0.0074        
 4468.620  0.0126        
 4468.640  0.0111        
 4468.660  0.0033        
 4468.680 -0.0052        
 4468.700 -0.0104        
 4468.720 -0.0088        
 4468.740 -0.0006        
 4468.760  0.0084        
 4468.780  0.0141        
 4468.800  0.0172        
 4468.820  0.0150        
 4468.840  0.0061        
 4468.860 -0.0029        
 4468.880 -0.0058        
 4468.900 -0.0047        
 4468.920 -0.0034        
 4468.940 -0.0023        
 4468.960 -0.0009        
 4468.980  0.0025        
 4469.000  0.0081        
 4469.020  0.0106        
 4469.040  0.0060        
 4469.060 -0.0014        
 4469.080 -0.0067        
 4469.100 -0.0090        
 4469.120 -0.0065        
 4469.140  0.0005        
 4469.160  0.0036        
 4469.180 -0.0003        
 4469.200 -0.0027        
 4469.220 -0.0001        
 4469.240  0.0028        
 4469.260  0.0056        
 4469.280  0.0114        
 4469.300  0.0162        
 4469.320  0.0128        
 4469.340  0.0022        
 4469.360 -0.0047        
 4469.380 -0.0043        
 4469.400 -0.0042        
 4469.420 -0.0057        
 4469.440 -0.0023        
 4469.460  0.0056        
 4469.480  0.0119        
 4469.500  0.0138        
 4469.520  0.0094        
 4469.540  0.0005        
 4469.560 -0.0044        
 4469.580 -0.0030        
 4469.600 -0.0031        
 4469.620 -0.0048        
 4469.640 -0.0001        
 4469.660  0.0074        
 4469.680  0.0093        
 4469.700  0.0067        
 4469.720  0.0034        
 4469.740 -0.0005        
 4469.760 -0.0014        
 4469.780  0.0022        
 4469.800  0.0040        
 4469.820 -0.0005        
 4469.840 -0.0066        
 4469.860 -0.0075        
 4469.880 -0.0035        
 4469.900  0.0004        
 4469.920  0.0033        
 4469.940  0.0070        
 4469.960  0.0085        
 4469.980  0.0038        
 4470.000 -0.0039        
 4470.020 -0.0075        
 4470.040 -0.0048        
 4470.060  0.0003        
 4470.080  0.0033        
 4470.100  0.0039        
 4470.120  0.0042        
 4470.140  0.0038        
 4470.160  0.0007        
 4470.180 -0.0036        
 4470.200 -0.0036        
 4470.220  0.0016        
 4470.240  0.0055        
 4470.260  0.0032        
 4470.280 -0.0033        
 4470.300 -0.0088        
 4470.320 -0.0092        
 4470.340 -0.0043        
 4470.360  0.0014        
 4470.380  0.0038        
 4470.400  0.0026        
 4470.420 -0.0006        
 4470.440 -0.0039        
 4470.460 -0.0041        
 4470.480 -0.0006        
 4470.500  0.0011        
 4470.520  0.0003        
 4470.540  0.0023        
 4470.560  0.0067        
 4470.580  0.0068        
 4470.600  0.0023        
 4470.620 -0.0017        
 4470.640 -0.0012        
 4470.660  0.0052        
 4470.680  0.0144        
 4470.700  0.0183        
 4470.720  0.0144        
 4470.740  0.0091        
 4470.760  0.0071        
 4470.780  0.0069        
 4470.800  0.0060        
 4470.820  0.0028        
 4470.840 -0.0019        
 4470.860 -0.0032        
 4470.880  0.0022        
 4470.900  0.0088        
 4470.920  0.0092        
 4470.940  0.0042        
 4470.960  0.0000        
 4470.980  0.0021        
 4471.000  0.0133        
 4471.020  0.0288        
 4471.040  0.0376        
 4471.060  0.0325        
 4471.080  0.0163        
 4471.100 -0.0005        
 4471.120 -0.0072        
 4471.140 -0.0011        
 4471.160  0.0088        
 4471.180  0.0113        
 4471.200  0.0064        
 4471.220  0.0031        
 4471.240  0.0043        
 4471.260  0.0026        
 4471.280 -0.0045        
 4471.300 -0.0049        
 4471.320  0.0071        
 4471.340  0.0167        
 4471.360  0.0134        
 4471.380  0.0050        
 4471.400  0.0014        
 4471.420  0.0053        
 4471.440  0.0165        
 4471.460  0.0299        
 4471.480  0.0362        
 4471.500  0.0311        
 4471.520  0.0177        
 4471.540  0.0014        
 4471.560 -0.0115        
 4471.580 -0.0151        
 4471.600 -0.0097        
 4471.620 -0.0046        
 4471.640 -0.0080        
 4471.660 -0.0131        
 4471.680 -0.0076        
 4471.700  0.0034        
 4471.720  0.0061        
 4471.740  0.0007        
 4471.760 -0.0035        
 4471.780 -0.0030        
 4471.800  0.0008        
 4471.820  0.0052        
 4471.840  0.0090        
 4471.860  0.0145        
 4471.880  0.0224        
 4471.900  0.0251        
 4471.920  0.0159        
 4471.940  0.0036        
 4471.960  0.0060        
 4471.980  0.0248        
 4472.000  0.0352        
 4472.020  0.0165        
 4472.040 -0.0120        
 4472.060 -0.0218        
 4472.080 -0.0174        
 4472.100 -0.0147        
 4472.120 -0.0153        
 4472.140 -0.0153        
 4472.160 -0.0122        
 4472.180 -0.0053        
 4472.200  0.0029        
 4472.220  0.0095        
 4472.240  0.0151        
 4472.260  0.0184        
 4472.280  0.0144        
 4472.300  0.0035        
 4472.320 -0.0048        
 4472.340 -0.0031        
 4472.360  0.0035        
 4472.380  0.0054        
 4472.400  0.0046        
 4472.420  0.0081        
 4472.440  0.0116        
 4472.460  0.0064        
 4472.480 -0.0047        
 4472.500 -0.0115        
 4472.520 -0.0079        
 4472.540  0.0042        
 4472.560  0.0151        
 4472.580  0.0160        
 4472.600  0.0102        
 4472.620  0.0080        
 4472.640  0.0103        
 4472.660  0.0088        
 4472.680  0.0001        
 4472.700 -0.0096        
 4472.720 -0.0124        
 4472.740 -0.0082        
 4472.760 -0.0029        
 4472.780 -0.0005        
 4472.800 -0.0015        
 4472.820 -0.0043        
 4472.840 -0.0064        
 4472.860 -0.0054        
 4472.880 -0.0002        
 4472.900  0.0083        
 4472.920  0.0150        
 4472.940  0.0138        
 4472.960  0.0057        
 4472.980 -0.0001        
 4473.000  0.0010        
 4473.020  0.0060        
 4473.040  0.0134        
 4473.060  0.0211        
 4473.080  0.0210        
 4473.100  0.0113        
 4473.120  0.0023        
 4473.140  0.0020        
 4473.160  0.0065        
 4473.180  0.0068        
 4473.200  0.0021        
 4473.220 -0.0019        
 4473.240 -0.0041        
 4473.260 -0.0077        
 4473.280 -0.0114        
 4473.300 -0.0123        
 4473.320 -0.0106        
 4473.340 -0.0080        
 4473.360 -0.0053        
 4473.380 -0.0028        
 4473.400 -0.0005        
 4473.420  0.0025        
 4473.440  0.0081        
 4473.460  0.0161        
 4473.480  0.0219        
 4473.500  0.0207        
 4473.520  0.0134        
 4473.540  0.0083        
 4473.560  0.0107        
 4473.580  0.0152        
 4473.600  0.0151        
 4473.620  0.0108        
 4473.640  0.0044        
 4473.660 -0.0032        
 4473.680 -0.0090        
 4473.700 -0.0118        
 4473.720 -0.0137        
 4473.740 -0.0139        
 4473.760 -0.0100        
 4473.780 -0.0041        
 4473.800  0.0008        
 4473.820  0.0049        
 4473.840  0.0070        
 4473.860  0.0058        
 4473.880  0.0037        
 4473.900  0.0028        
 4473.920  0.0013        
 4473.940  0.0015        
 4473.960  0.0070        
 4473.980  0.0134        
 4474.000  0.0132        
 4474.020  0.0056        
 4474.040 -0.0043        
 4474.060 -0.0107        
 4474.080 -0.0101        
 4474.100 -0.0047        
 4474.120 -0.0007        
 4474.140  0.0003        
 4474.160  0.0016        
 4474.180  0.0043        
 4474.200  0.0069        
 4474.220  0.0076        
 4474.240  0.0061        
 4474.260  0.0046        
 4474.280  0.0083        
 4474.300  0.0171        
 4474.320  0.0216        
 4474.340  0.0157        
 4474.360  0.0047        
 4474.380 -0.0008        
 4474.400  0.0033        
 4474.420  0.0117        
 4474.440  0.0171        
 4474.460  0.0170        
 4474.480  0.0130        
 4474.500  0.0076        
 4474.520  0.0038        
 4474.540  0.0061        
 4474.560  0.0137        
 4474.580  0.0175        
 4474.600  0.0118        
 4474.620  0.0039        
 4474.640  0.0011        
 4474.660  0.0004        
 4474.680 -0.0029        
 4474.700 -0.0081        
 4474.720 -0.0115        
 4474.740 -0.0111        
 4474.760 -0.0076        
 4474.780 -0.0029        
 4474.800  0.0005        
 4474.820  0.0009        
 4474.840 -0.0021        
 4474.860 -0.0068        
 4474.880 -0.0104        
 4474.900 -0.0103        
 4474.920 -0.0066        
 4474.940 -0.0020        
 4474.960  0.0008        
 4474.980  0.0003        
 4475.000 -0.0027        
 4475.020 -0.0063        
 4475.040 -0.0080        
 4475.060 -0.0062        
 4475.080 -0.0023        
 4475.100  0.0016        
 4475.120  0.0055        
 4475.140  0.0101        
 4475.160  0.0137        
 4475.180  0.0128        
 4475.200  0.0076        
 4475.220  0.0031        
 4475.240  0.0020        
 4475.260  0.0010        
 4475.280 -0.0023        
 4475.300 -0.0051        
 4475.320 -0.0040        
 4475.340 -0.0008        
 4475.360  0.0002        
 4475.380 -0.0010        
 4475.400  0.0007        
 4475.420  0.0069        
 4475.440  0.0115        
 4475.460  0.0080        
 4475.480 -0.0004        
 4475.500 -0.0029        
 4475.520  0.0041        
 4475.540  0.0107        
 4475.560  0.0063        
 4475.580 -0.0033        
 4475.600 -0.0045        
 4475.620  0.0031        
 4475.640  0.0118        
 4475.660  0.0190        
 4475.680  0.0228        
 4475.700  0.0193        
 4475.720  0.0109        
 4475.740  0.0015        
 4475.760 -0.0087        
 4475.780 -0.0164        
 4475.800 -0.0158        
 4475.820 -0.0085        
 4475.840 -0.0012        
 4475.860  0.0031        
 4475.880  0.0037        
 4475.900  0.0006        
 4475.920 -0.0027        
 4475.940 -0.0021        
 4475.960  0.0000        
 4475.980 -0.0030        
 4476.000 -0.0113        
 4476.020 -0.0148        
 4476.040 -0.0060        
 4476.060  0.0081        
 4476.080  0.0169        
 4476.100  0.0183        
 4476.120  0.0166        
 4476.140  0.0127        
 4476.160  0.0044        
 4476.180 -0.0036        
 4476.200 -0.0026        
 4476.220  0.0053        
 4476.240  0.0098        
 4476.260  0.0060        
 4476.280 -0.0018        
 4476.300 -0.0078        
 4476.320 -0.0087        
 4476.340 -0.0054        
 4476.360 -0.0019        
 4476.380 -0.0015        
 4476.400 -0.0039        
 4476.420 -0.0057        
 4476.440 -0.0041        
 4476.460 -0.0001        
 4476.480  0.0024        
 4476.500  0.0020        
 4476.520  0.0017        
 4476.540  0.0062        
 4476.560  0.0142        
 4476.580  0.0170        
 4476.600  0.0085        
 4476.620 -0.0045        
 4476.640 -0.0110        
 4476.660 -0.0104        
 4476.680 -0.0089        
 4476.700 -0.0083        
 4476.720 -0.0076        
 4476.740 -0.0064        
 4476.760 -0.0049        
 4476.780 -0.0028        
 4476.800  0.0012        
 4476.820  0.0083        
 4476.840  0.0177        
 4476.860  0.0258        
 4476.880  0.0294        
 4476.900  0.0283        
 4476.920  0.0241        
 4476.940  0.0164        
 4476.960  0.0045        
 4476.980 -0.0086        
 4477.000 -0.0157        
 4477.020 -0.0120        
 4477.040 -0.0007        
 4477.060  0.0086        
 4477.080  0.0077        
 4477.100 -0.0017        
 4477.120 -0.0080        
 4477.140 -0.0039        
 4477.160  0.0045        
 4477.180  0.0095        
 4477.200  0.0128        
 4477.220  0.0164        
 4477.240  0.0165        
 4477.260  0.0105        
 4477.280  0.0010        
 4477.300 -0.0060        
 4477.320 -0.0036        
 4477.340  0.0070        
 4477.360  0.0131        
 4477.380  0.0067        
 4477.400 -0.0048        
 4477.420 -0.0126        
 4477.440 -0.0165        
 4477.460 -0.0165        
 4477.480 -0.0124        
 4477.500 -0.0083        
 4477.520 -0.0071        
 4477.540 -0.0063        
 4477.560 -0.0029        
 4477.580  0.0031        
 4477.600  0.0088        
 4477.620  0.0094        
 4477.640  0.0040        
 4477.660 -0.0011        
 4477.680 -0.0002        
 4477.700  0.0029        
 4477.720  0.0024        
 4477.740 -0.0001        
 4477.760  0.0002        
 4477.780  0.0033        
 4477.800  0.0040        
 4477.820  0.0019        
 4477.840  0.0025        
 4477.860  0.0065        
 4477.880  0.0085        
 4477.900  0.0065        
 4477.920  0.0036        
 4477.940  0.0045        
 4477.960  0.0106        
 4477.980  0.0000        
 4478.000  0.0000        
