           0.9800  1.0000
           0.1400  0.0000
 4597.000  0.9084  1.0076
 4597.020  0.9069  1.0069
 4597.040  0.9085  1.0111
 4597.060  0.9146  1.0116
 4597.080  0.9217  1.0240
 4597.100  0.9250  1.0109
 4597.120  0.9253  1.0182
 4597.140  0.9244  1.0235
 4597.160  0.9177  1.0198
 4597.180  0.9038  1.0256
 4597.200  0.8885  1.0158
 4597.220  0.8741  1.0267
 4597.240  0.8570  1.0202
 4597.260  0.8353  1.0156
 4597.280  0.8142  1.0267
 4597.300  0.8056  1.0154
 4597.320  0.8184  1.0292
 4597.340  0.8485  1.0122
 4597.360  0.8785  1.0195
 4597.380  0.8955  1.0193
 4597.400  0.9028  1.0177
 4597.420  0.9105  1.0186
 4597.440  0.9236  1.0172
 4597.460  0.9385  1.0356
 4597.480  0.9448  1.0101
 4597.500  0.9367  1.0226
 4597.520  0.9233  1.0193
 4597.540  0.9144  1.0190
 4597.560  0.9057  1.0115
 4597.580  0.8924  1.0053
 4597.600  0.8824  1.0033
 4597.620  0.8849  0.9991
 4597.640  0.8967  0.9787
 4597.660  0.9076  0.9934
 4597.680  0.9153  0.9992
 4597.700  0.9235  1.0062
 4597.720  0.9283  0.9828
 4597.740  0.9225  0.9954
 4597.760  0.9092  1.0108
 4597.780  0.8939  1.0161
 4597.800  0.8733  1.0143
 4597.820  0.8452  1.0173
 4597.840  0.8171  1.0203
 4597.860  0.7988  1.0152
 4597.880  0.7958  1.0139
 4597.900  0.8083  1.0219
 4597.920  0.8293  1.0105
 4597.940  0.8523  1.0239
 4597.960  0.8779  1.0209
 4597.980  0.9028  1.0108
 4598.000  0.9203  1.0282
 4598.020  0.9328  1.0244
 4598.040  0.9430  1.0137
 4598.060  0.9486  1.0287
 4598.080  0.9489  1.0188
 4598.100  0.9451  1.0084
 4598.120  0.9400  1.0096
 4598.140  0.9390  1.0057
 4598.160  0.9430  1.0054
 4598.180  0.9506  1.0097
 4598.200  0.9583  1.0044
 4598.220  0.9586  1.0089
 4598.240  0.9486  1.0098
 4598.260  0.9352  1.0011
 4598.280  0.9263  1.0200
 4598.300  0.9239  1.0098
 4598.320  0.9274  1.0115
 4598.340  0.9341  0.9924
 4598.360  0.9389  0.9998
 4598.380  0.9400  0.9896
 4598.400  0.9390  0.9781
 4598.420  0.9381  0.9821
 4598.440  0.9386  0.9712
 4598.460  0.9394  0.9669
 4598.480  0.9399  0.9584
 4598.500  0.9418  0.9569
 4598.520  0.9439  0.9392
 4598.540  0.9432  0.9257
 4598.560  0.9407  0.8943
 4598.580  0.9385  0.8711
 4598.600 -1.0000  0.8234
 4598.620 -1.0000  0.7561
 4598.640 -1.0000  0.6854
 4598.660 -1.0000  0.5791
 4598.680 -1.0000  0.4718
 4598.700 -1.0000  0.3979
 4598.720 -1.0000  0.3914
 4598.740 -1.0000  0.4784
 4598.760 -1.0000  0.5904
 4598.780 -1.0000  0.6927
 4598.800 -1.0000  0.7760
 4598.820 -1.0000  0.8296
 4598.840  0.9330  0.8757
 4598.860  0.9331  0.8946
 4598.880  0.9223  0.9338
 4598.900  0.9098  0.9392
 4598.920  0.9025  0.9517
 4598.940  0.8975  0.9599
 4598.960  0.8971  0.9729
 4598.980  0.9008  0.9712
 4599.000  0.8977  0.9869
 4599.020  0.8842  0.9886
 4599.040  0.8695  0.9966
 4599.060  0.8604  1.0017
 4599.080  0.8581  0.9969
 4599.100  0.8633  1.0080
 4599.120  0.8730  1.0077
 4599.140  0.8793  1.0179
 4599.160  0.8794  1.0151
 4599.180  0.8775  1.0124
 4599.200  0.8779  1.0097
 4599.220  0.8803  1.0086
 4599.240  0.8810  0.9987
 4599.260  0.8793  1.0099
 4599.280  0.8755  1.0038
 4599.300  0.8637  1.0149
 4599.320  0.8373  1.0080
 4599.340  0.8017  1.0158
 4599.360  0.7747  1.0163
 4599.380  0.7706  1.0187
 4599.400  0.7876  1.0229
 4599.420  0.8168  1.0243
 4599.440  0.8518  1.0162
 4599.460  0.8864  1.0053
 4599.480  0.9140  1.0002
 4599.500  0.9306  1.0083
 4599.520  0.9344  1.0123
 4599.540  0.9298  1.0379
 4599.560  0.9273  1.0260
 4599.580  0.9303  1.0224
 4599.600  0.9317  1.0115
 4599.620  0.9270  1.0118
 4599.640  0.9188  1.0126
 4599.660  0.9057  1.0101
 4599.680  0.8835  1.0248
 4599.700  0.8547  1.0176
 4599.720  0.8296  1.0213
 4599.740  0.8201  1.0244
 4599.760  0.8313  1.0138
 4599.780  0.8559  1.0102
 4599.800  0.8832  1.0111
 4599.820  0.9056  1.0023
 4599.840  0.9172  0.9958
 4599.860  0.9165  0.9994
 4599.880  0.9116  1.0104
 4599.900  0.9123  1.0141
 4599.920  0.9168  1.0036
 4599.940  0.9152  1.0113
 4599.960  0.9063  0.9937
 4599.980  0.8963  0.9890
 4600.000  0.8897  0.9699
 4600.020  0.8891  0.9553
 4600.040  0.8938  0.9083
 4600.060 -1.0000  0.8407
 4600.080 -1.0000  0.7180
 4600.100 -1.0000  0.6162
 4600.120 -1.0000  0.6498
 4600.140 -1.0000  0.7848
 4600.160 -1.0000  0.8801
 4600.180  0.9106  0.9353
 4600.200  0.8968  0.9629
 4600.220  0.8666  0.9790
 4600.240  0.8173  0.9928
 4600.260  0.7567  1.0039
 4600.280  0.6951  1.0059
 4600.300  0.6347  1.0102
 4600.320  0.5749  1.0205
 4600.340  0.5212  1.0176
 4600.360  0.4809  1.0202
 4600.380  0.4562  1.0108
 4600.400  0.4436  1.0124
 4600.420  0.4374  1.0128
 4600.440  0.4341  1.0156
 4600.460  0.4340  1.0187
 4600.480  0.4400  1.0312
 4600.500  0.4535  1.0187
 4600.520  0.4759  1.0307
 4600.540  0.5119  1.0269
 4600.560  0.5656  1.0282
 4600.580  0.6356  1.0336
 4600.600  0.7148  1.0241
 4600.620  0.7891  1.0233
 4600.640  0.8432  1.0126
 4600.660  0.8747  1.0236
 4600.680  0.8955  1.0254
 4600.700  0.9157  1.0222
 4600.720  0.9334  1.0245
 4600.740  0.9422  1.0185
 4600.760  0.9442  1.0196
 4600.780  0.9480  1.0302
 4600.800  0.9520  1.0183
 4600.820  0.9479  1.0378
 4600.840  0.9369  1.0210
 4600.860  0.9268  1.0299
 4600.880  0.9218  1.0176
 4600.900  0.9209  1.0333
 4600.920  0.9219  1.0211
 4600.940  0.9233  1.0226
 4600.960  0.9233  1.0127
 4600.980  0.9212  1.0169
 4601.000  0.9200  1.0209
 4601.020  0.9232  1.0271
 4601.040  0.9286  1.0219
 4601.060  0.9328  1.0216
 4601.080  0.9358  1.0243
 4601.100  0.9365  1.0335
 4601.120  0.9332  1.0292
 4601.140  0.9302  1.0351
 4601.160  0.9325  1.0196
 4601.180  0.9383  1.0211
 4601.200  0.9437  1.0220
 4601.220  0.9426  1.0104
 4601.240  0.9285  1.0212
 4601.260  0.9048  1.0232
 4601.280  0.8811  1.0201
 4601.300  0.8630  1.0185
 4601.320  0.8526  1.0265
 4601.340  0.8514  1.0186
 4601.360  0.8609  1.0375
 4601.380  0.8783  1.0302
 4601.400  0.8906  1.0212
 4601.420  0.8884  1.0272
 4601.440  0.8793  1.0199
 4601.460  0.8697  1.0295
 4601.480  0.8548  1.0172
 4601.500  0.8351  1.0219
 4601.520  0.8195  1.0167
 4601.540  0.8107  1.0227
 4601.560  0.8075  1.0082
 4601.580  0.8143  1.0084
 4601.600  0.8323  1.0048
 4601.620  0.8537  1.0077
 4601.640  0.8691  1.0006
 4601.660  0.8746  0.9912
 4601.680  0.8733  0.9878
 4601.700  0.8721  0.9650
 4601.720  0.8776  0.9476
 4601.740  0.8907  0.9079
 4601.760  0.9037  0.8971
 4601.780  0.9059  0.9030
 4601.800  0.8917  0.9365
 4601.820  0.8635  0.9468
 4601.840  0.8331  0.9739
 4601.860  0.8175  0.9879
 4601.880  0.8266  1.0051
 4601.900  0.8527  1.0067
 4601.920  0.8773  1.0087
 4601.940  0.8878  1.0135
 4601.960  0.8835  1.0127
 4601.980  0.8734  1.0161
 4602.000  0.8724  1.0187
 4602.020  0.8868  1.0015
 4602.040  0.9050  0.9981
 4602.060  0.9145  1.0032
 4602.080  0.9158  0.9974
 4602.100  0.9144  1.0069
 4602.120  0.9116  1.0033
 4602.140  0.9030  1.0038
 4602.160  0.8822  0.9963
 4602.180  0.8539  0.9748
 4602.200  0.8409  0.9367
 4602.220  0.8553  0.8647
 4602.240  0.8775  0.8885
 4602.260  0.8873  0.9484
 4602.280  0.8879  0.9959
 4602.300  0.8875  0.9987
 4602.320  0.8871  1.0012
 4602.340  0.8879  1.0183
 4602.360  0.8931  0.9992
 4602.380  0.9044  1.0156
 4602.400  0.9217  1.0054
 4602.420  0.9388  1.0033
 4602.440  0.9473  1.0112
 4602.460  0.9443  0.9977
 4602.480  0.9369  1.0205
 4602.500  0.9366  1.0118
 4602.520  0.9432  1.0025
 4602.540  0.9452  1.0011
 4602.560  0.9354  1.0013
 4602.580  0.9216  0.9832
 4602.600  0.9222  0.9612
 4602.620  0.9398  0.8826
 4602.640  0.9563  0.9345
 4602.660  0.9573  0.9445
 4602.680  0.9449  0.9490
 4602.700  0.9391  0.9262
 4602.720  0.9473  0.8334
 4602.740  0.9485  0.9048
 4602.760  0.9385  0.9414
 4602.780  0.9357  0.9680
 4602.800  0.9337  0.9585
 4602.820  0.9188  0.9110
 4602.840  0.9133  0.8416
 4602.860  0.9279  0.7375
 4602.880  0.9357  0.8922
 4602.900  0.9310  0.9396
 4602.920  0.9272  0.9876
 4602.940  0.9207  0.9927
 4602.960  0.9072  1.0065
 4602.980  0.8931  1.0213
 4603.000  0.8825  1.0041
 4603.020  0.8724  1.0298
 4603.040  0.8636  1.0219
 4603.060  0.8603  1.0281
 4603.080  0.8620  1.0265
 4603.100  0.8648  1.0210
 4603.120  0.8673  1.0315
 4603.140  0.8749  1.0269
 4603.160  0.8908  1.0252
 4603.180  0.9106  1.0285
 4603.200  0.9264  1.0156
 4603.220  0.9330  1.0192
 4603.240  0.9297  1.0177
 4603.260  0.9201  1.0347
 4603.280  0.9075  1.0207
 4603.300  0.8899  1.0331
 4603.320  0.8644  1.0222
 4603.340  0.8365  1.0395
 4603.360  0.8183  1.0326
 4603.380  0.8161  1.0214
 4603.400  0.8261  1.0269
 4603.420  0.8401  1.0148
 4603.440  0.8503  1.0210
 4603.460  0.8548  1.0199
 4603.480  0.8581  1.0299
 4603.500  0.8664  1.0292
 4603.520  0.8807  1.0292
 4603.540  0.8962  1.0188
 4603.560  0.9080  1.0277
 4603.580  0.9168  1.0244
 4603.600  0.9258  1.0334
 4603.620  0.9349  1.0199
 4603.640  0.9415  1.0283
 4603.660  0.9423  1.0257
 4603.680  0.9342  1.0289
 4603.700  0.9222  1.0231
 4603.720  0.9182  1.0202
 4603.740  0.9242  1.0132
 4603.760  0.9308  1.0246
 4603.780  0.9348  1.0218
 4603.800  0.9361  1.0246
 4603.820  0.9301  1.0273
 4603.840  0.9166  1.0159
 4603.860  0.9044  1.0256
 4603.880  0.8998  1.0294
 4603.900  0.9003  1.0201
 4603.920  0.9026  1.0217
 4603.940  0.9059  1.0187
 4603.960  0.9058  1.0052
 4603.980  0.9020  1.0234
 4604.000  0.9006  1.0218
 4604.020  0.9053  1.0285
 4604.040  0.9144  1.0271
 4604.060  0.9233  1.0221
 4604.080  0.9268  1.0290
 4604.100  0.9263  1.0309
 4604.120  0.9287  1.0244
 4604.140  0.9339  1.0265
 4604.160  0.9375  1.0246
 4604.180  0.9426  1.0160
 4604.200  0.9515  1.0135
 4604.220  0.9541  1.0110
 4604.240  0.9452  1.0267
 4604.260  0.9363  1.0247
 4604.280  0.9370  1.0117
 4604.300  0.9455  1.0146
 4604.320  0.9565  1.0165
 4604.340  0.9638  1.0262
 4604.360  0.9616  1.0267
 4604.380  0.9530  1.0204
 4604.400  0.9487  1.0322
 4604.420  0.9531  1.0201
 4604.440  0.9595  1.0246
 4604.460  0.9612  1.0156
 4604.480  0.9601  1.0189
 4604.500  0.9595  1.0183
 4604.520  0.9568  1.0184
 4604.540  0.9496  1.0217
 4604.560  0.9435  1.0252
 4604.580  0.9413  1.0258
 4604.600  0.9381  1.0194
 4604.620  0.9315  1.0354
 4604.640  0.9254  1.0268
 4604.660  0.9209  1.0317
 4604.680  0.9161  1.0267
 4604.700  0.9098  1.0256
 4604.720  0.9047  1.0313
 4604.740  0.9023  1.0271
 4604.760  0.9000  1.0239
 4604.780  0.8982  1.0329
 4604.800  0.8984  1.0237
 4604.820  0.8988  1.0481
 4604.840  0.8969  1.0261
 4604.860  0.8923  1.0396
 4604.880  0.8833  1.0269
 4604.900  0.8696  1.0358
 4604.920  0.8588  1.0350
 4604.940  0.8570  1.0177
 4604.960  0.8608  1.0248
 4604.980  0.8666  1.0225
 4605.000  0.8726  1.0139
 4605.020  0.8764  1.0136
 4605.040  0.8796  1.0309
 4605.060  0.8851  1.0161
 4605.080  0.8905  1.0173
 4605.100  0.8948  1.0238
 4605.120  0.8992  1.0183
 4605.140  0.9014  1.0200
 4605.160  0.9001  1.0231
 4605.180  0.9008  1.0275
 4605.200  0.9075  1.0296
 4605.220  0.9125  1.0282
 4605.240  0.9092  1.0224
 4605.260  0.9035  1.0219
 4605.280  0.8990  1.0198
 4605.300  0.8872  1.0180
 4605.320  0.8638  1.0260
 4605.340  0.8314  1.0121
 4605.360  0.7937  1.0187
 4605.380  0.7610  1.0184
 4605.400  0.7458  1.0104
 4605.420  0.7489  1.0271
 4605.440  0.7633  1.0242
 4605.460  0.7828  1.0276
 4605.480  0.8045  1.0251
 4605.500  0.8267  1.0212
 4605.520  0.8493  1.0292
 4605.540  0.8729  1.0220
 4605.560  0.8970  1.0232
 4605.580  0.9209  1.0250
 4605.600  0.9421  1.0203
 4605.620  0.9535  1.0197
 4605.640  0.9515  1.0321
 4605.660  0.9403  1.0229
 4605.680  0.9269  1.0330
 4605.700  0.9139  1.0233
 4605.720  0.8966  1.0178
 4605.740  0.8748  1.0342
 4605.760  0.8593  1.0169
 4605.780  0.8575  1.0139
 4605.800  0.8677  1.0143
 4605.820  0.8841  1.0136
 4605.840  0.9000  1.0158
 4605.860  0.9115  1.0274
 4605.880  0.9164  1.0215
 4605.900  0.9121  1.0257
 4605.920  0.9015  1.0344
 4605.940  0.8930  1.0363
 4605.960  0.8913  1.0366
 4605.980  0.8958  1.0304
 4606.000  0.9022  1.0312
 4606.020  0.9029  1.0385
 4606.040  0.8912  1.0213
 4606.060  0.8694  1.0302
 4606.080  0.8472  1.0310
 4606.100  0.8292  1.0212
 4606.120  0.8174  1.0345
 4606.140  0.8169  1.0233
 4606.160  0.8269  1.0243
 4606.180  0.8396  1.0391
 4606.200  0.8455  1.0313
 4606.220  0.8389  1.0246
 4606.240  0.8255  1.0374
 4606.260  0.8149  1.0285
 4606.280  0.8052  1.0323
 4606.300  0.7888  1.0278
 4606.320  0.7709  1.0269
 4606.340  0.7682  1.0305
 4606.360  0.7858  1.0189
 4606.380  0.8124  1.0220
 4606.400  0.8351  1.0201
 4606.420  0.8482  1.0180
 4606.440  0.8521  1.0142
 4606.460  0.8519  1.0164
 4606.480  0.8539  1.0291
 4606.500  0.8587  1.0236
 4606.520  0.8619  1.0279
 4606.540  0.8604  1.0221
 4606.560  0.8548  1.0242
 4606.580  0.8504  1.0276
 4606.600  0.8517  1.0311
 4606.620  0.8515  1.0197
 4606.640  0.8378  1.0156
 4606.660  0.8141  1.0181
 4606.680  0.7934  1.0085
 4606.700  0.7820  1.0252
 4606.720  0.7814  1.0259
 4606.740  0.7874  1.0173
 4606.760  0.7908  1.0354
 4606.780  0.7881  1.0176
 4606.800  0.7867  1.0274
 4606.820  0.7970  1.0346
 4606.840  0.8215  1.0224
 4606.860  0.8548  1.0254
 4606.880  0.8864  1.0118
 4606.900  0.9038  1.0180
 4606.920  0.9068  1.0186
 4606.940  0.9072  1.0187
 4606.960  0.9120  1.0234
 4606.980  0.9207  1.0248
 4607.000  0.9304  1.0175
 4607.020  0.9388  1.0243
 4607.040  0.9461  1.0384
 4607.060  0.9510  1.0224
 4607.080  0.9485  1.0370
 4607.100  0.9362  1.0200
 4607.120  0.9200  1.0257
 4607.140  0.9113  1.0357
 4607.160  0.9132  1.0332
 4607.180  0.9172  1.0207
 4607.200  0.9186  1.0207
 4607.220  0.9186  1.0209
 4607.240  0.9119  1.0215
 4607.260  0.8904  1.0188
 4607.280  0.8594  1.0289
 4607.300  0.8341  1.0161
 4607.320  0.8188  1.0256
 4607.340  0.8047  1.0252
 4607.360  0.7879  1.0162
 4607.380  0.7719  1.0212
 4607.400  0.7607  1.0270
 4607.420  0.7596  1.0222
 4607.440  0.7767  1.0287
 4607.460  0.8104  1.0171
 4607.480  0.8464  1.0154
 4607.500  0.8741  1.0153
 4607.520  0.8958  0.9909
 4607.540  0.9192  0.9908
 4607.560  0.9429  0.9514
 4607.580  0.9553  0.9753
 4607.600  0.9515  0.9697
 4607.620  0.9390  0.9848
 4607.640  0.9267  0.9746
 4607.660  0.9167  1.0150
 4607.680  0.9061  1.0138
 4607.700  0.8915  1.0157
 4607.720  0.8723  1.0196
 4607.740  0.8513  1.0218
 4607.760  0.8326  1.0200
 4607.780  0.8227  1.0317
 4607.800  0.8259  1.0244
 4607.820  0.8354  1.0190
 4607.840  0.8396  1.0266
 4607.860  0.8362  1.0202
 4607.880  0.8330  1.0242
 4607.900  0.8398  1.0290
 4607.920  0.8600  1.0303
 4607.940  0.8873  1.0252
 4607.960  0.9149  1.0204
 4607.980  0.9393  1.0188
 4608.000  0.9546  1.0118
 4608.020  0.9581  1.0236
 4608.040  0.9604  1.0375
 4608.060  0.9684  1.0061
 4608.080  0.9758  1.0178
 4608.100  0.9766  1.0183
 4608.120  0.9715  1.0132
 4608.140  0.9646  1.0178
 4608.160  0.9624  1.0132
 4608.180  0.9660  1.0226
 4608.200  0.9679  1.0207
 4608.220  0.9617  1.0316
 4608.240  0.9492  1.0218
 4608.260  0.9368  1.0264
 4608.280  0.9312  1.0280
 4608.300  0.9351  1.0318
 4608.320  0.9442  1.0260
 4608.340  0.9503  1.0287
 4608.360  0.9499  1.0163
 4608.380  0.9451  1.0270
 4608.400  0.9382  1.0254
 4608.420  0.9283  1.0259
 4608.440  0.9145  1.0168
 4608.460  0.8981  1.0249
 4608.480  0.8804  1.0255
 4608.500  0.8604  1.0309
 4608.520  0.8410  1.0183
 4608.540  0.8334  1.0313
 4608.560  0.8433  1.0139
 4608.580  0.8616  1.0226
 4608.600  0.8785  1.0304
 4608.620  0.8918  1.0123
 4608.640  0.9026  1.0247
 4608.660  0.9106  1.0133
 4608.680  0.9112  1.0095
 4608.700  0.9049  1.0049
 4608.720  0.9015  1.0266
 4608.740  0.9052  1.0112
 4608.760  0.9089  1.0197
 4608.780  0.9095  1.0285
 4608.800  0.9111  1.0285
 4608.820  0.9145  1.0204
 4608.840  0.9178  1.0270
 4608.860  0.9203  1.0217
 4608.880  0.9213  1.0142
 4608.900  0.9215  1.0092
 4608.920  0.9211  1.0011
 4608.940  0.9174  1.0132
 4608.960  0.9079  1.0230
 4608.980  0.8923  1.0135
 4609.000  0.8763  1.0278
 4609.020  0.8693  1.0198
 4609.040  0.8714  1.0230
 4609.060  0.8733  1.0206
 4609.080  0.8669  1.0127
 4609.100  0.8531  1.0145
 4609.120  0.8396  1.0173
 4609.140  0.8322  1.0268
 4609.160  0.8346  1.0182
 4609.180  0.8483  1.0276
 4609.200  0.8673  1.0188
 4609.220  0.8831  1.0242
 4609.240  0.8954  1.0075
 4609.260  0.9078  1.0253
 4609.280  0.9172  1.0175
 4609.300  0.9200  1.0207
 4609.320  0.9215  1.0259
 4609.340  0.9286  1.0015
 4609.360  0.9392  1.0116
 4609.380  0.9458  0.9905
 4609.400  0.9424  0.9649
 4609.420  0.9325  0.9331
 4609.440  0.9275  0.9052
 4609.460  0.9325  0.9391
 4609.480  0.9412  0.9827
 4609.500  0.9429  0.9984
 4609.520  0.9297  1.0073
 4609.540  0.9053  1.0167
 4609.560  0.8819  1.0194
 4609.580  0.8700  1.0219
 4609.600  0.8735  1.0239
 4609.620  0.8873  1.0144
 4609.640  0.9007  1.0290
 4609.660  0.9075  1.0175
 4609.680  0.9111  1.0252
 4609.700  0.9200  1.0295
 4609.720  0.9359  1.0213
 4609.740  0.9504  1.0269
 4609.760  0.9551  1.0150
 4609.780  0.9510  1.0234
 4609.800  0.9456  1.0225
 4609.820  0.9428  1.0155
 4609.840  0.9405  1.0148
 4609.860  0.9373  1.0221
 4609.880  0.9317  1.0179
 4609.900  0.9222  1.0321
 4609.920  0.9128  1.0320
 4609.940  0.9087  1.0322
 4609.960  0.9054  1.0287
 4609.980  0.8912  1.0299
 4610.000  0.8648  1.0231
 4610.020  0.8390  1.0136
 4610.040  0.8273  1.0214
 4610.060  0.8337  1.0133
 4610.080  0.8518  1.0112
 4610.100  0.8695  1.0084
 4610.120  0.8800  1.0134
 4610.140  0.8898  1.0204
 4610.160  0.9062  1.0219
 4610.180  0.9231  1.0174
 4610.200  0.9347  1.0176
 4610.220  0.9449  1.0126
 4610.240  0.9550  1.0211
 4610.260  0.9619  1.0258
 4610.280  0.9647  1.0188
 4610.300  0.9615  1.0100
 4610.320  0.9539  1.0199
 4610.340  0.9505  1.0090
 4610.360  0.9551  1.0153
 4610.380  0.9595  1.0034
 4610.400  0.9579  1.0114
 4610.420  0.9557  1.0045
 4610.440  0.9569  1.0035
 4610.460  0.9583  1.0125
 4610.480  0.9565  1.0050
 4610.500  0.9540  1.0085
 4610.520  0.9563  1.0048
 4610.540  0.9621  1.0047
 4610.560  0.9637  1.0003
 4610.580  0.9608  1.0010
 4610.600  0.9615  1.0130
 4610.620  0.9665  0.9842
 4610.640  0.9672  0.9942
 4610.660  0.9611  0.9888
 4610.680  0.9524  0.9884
 4610.700  0.9448  0.9840
 4610.720  0.9382  0.9760
 4610.740  0.9290  0.9744
 4610.760  0.9154  0.9716
 4610.780  0.9006  0.9643
 4610.800  0.8896  0.9537
 4610.820  0.8828  0.9471
 4610.840  0.8715  0.9223
 4610.860  0.8513  0.9080
 4610.880  0.8371  0.8887
 4610.900  0.8403  0.8478
 4610.920  0.8502  0.8307
 4610.940 -1.0000  0.7843
 4610.960 -1.0000  0.7286
 4610.980 -1.0000  0.6683
 4611.000 -1.0000  0.5821
 4611.020 -1.0000  0.4864
 4611.040 -1.0000  0.3816
 4611.060 -1.0000  0.2905
 4611.080 -1.0000  0.2455
 4611.100 -1.0000  0.2817
 4611.120 -1.0000  0.3567
 4611.140 -1.0000  0.4647
 4611.160 -1.0000  0.5704
 4611.180 -1.0000  0.6685
 4611.200 -1.0000  0.7330
 4611.220 -1.0000  0.7895
 4611.240  0.8765  0.8262
 4611.260  0.8806  0.8545
 4611.280  0.8909  0.8792
 4611.300  0.9088  0.9005
 4611.320  0.9285  0.9182
 4611.340  0.9411  0.9354
 4611.360  0.9439  0.9482
 4611.380  0.9447  0.9649
 4611.400  0.9474  0.9644
 4611.420  0.9432  0.9698
 4611.440  0.9274  0.9776
 4611.460  0.9069  0.9834
 4611.480  0.8865  0.9804
 4611.500  0.8660  0.9856
 4611.520  0.8496  0.9866
 4611.540  0.8437  0.9907
 4611.560  0.8508  1.0009
 4611.580  0.8667  0.9899
 4611.600  0.8848  1.0078
 4611.620  0.9018  0.9994
 4611.640  0.9171  0.9990
 4611.660  0.9281  1.0000
 4611.680  0.9269  1.0047
 4611.700  0.9120  0.9911
 4611.720  0.8992  1.0162
 4611.740  0.8951  0.9961
 4611.760  0.8838  1.0117
 4611.780  0.8617  1.0110
 4611.800  0.8432  1.0043
 4611.820  0.8327  1.0061
 4611.840  0.8265  1.0197
 4611.860  0.8261  1.0184
 4611.880  0.8343  1.0068
 4611.900  0.8534  1.0177
 4611.920  0.8823  1.0111
 4611.940  0.9128  1.0083
 4611.960  0.9371  1.0210
 4611.980  0.9532  1.0118
 4612.000  0.9627  1.0162
 4612.020  0.9688  1.0199
 4612.040  0.9679  1.0054
 4612.060  0.9542  1.0187
 4612.080  0.9356  1.0140
 4612.100  0.9242  1.0082
 4612.120  0.9208  1.0146
 4612.140  0.9212  1.0133
 4612.160  0.9250  1.0189
 4612.180  0.9319  1.0216
 4612.200  0.9399  1.0202
 4612.220  0.9470  1.0211
 4612.240  0.9493  1.0239
 4612.260  0.9438  1.0241
 4612.280  0.9361  1.0225
 4612.300  0.9375  1.0188
 4612.320  0.9491  1.0168
 4612.340  0.9580  1.0053
 4612.360  0.9531  1.0136
 4612.380  0.9366  0.9988
 4612.400  0.9207  1.0085
 4612.420  0.9184  1.0191
 4612.440  0.9287  1.0006
 4612.460  0.9390  1.0225
 4612.480  0.9418  1.0209
 4612.500  0.9361  1.0113
 4612.520  0.9232  1.0222
 4612.540  0.9070  1.0119
 4612.560  0.8906  1.0297
 4612.580  0.8765  1.0195
 4612.600  0.8663  1.0159
 4612.620  0.8609  1.0184
 4612.640  0.8593  1.0108
 4612.660  0.8592  1.0089
 4612.680  0.8620  1.0116
 4612.700  0.8711  0.9816
 4612.720  0.8846  0.9869
 4612.740  0.9006  0.9594
 4612.760  0.9201  0.9881
 4612.780  0.9373  0.9828
 4612.800  0.9393  0.9995
 4612.820  0.9238  1.0112
 4612.840  0.9021  1.0232
 4612.860  0.8822  1.0230
 4612.880  0.8663  1.0128
 4612.900  0.8559  1.0145
 4612.920  0.8520  1.0156
 4612.940  0.8559  1.0224
 4612.960  0.8693  1.0087
 4612.980  0.8895  1.0171
 4613.000  0.9073  1.0128
 4613.020  0.9126  1.0174
 4613.040  0.9060  1.0306
 4613.060  0.8966  1.0279
 4613.080  0.8874  1.0281
 4613.100  0.8778  1.0373
 4613.120  0.8746  1.0129
 4613.140  0.8811  1.0298
 4613.160  0.8879  1.0174
 4613.180  0.8885  1.0251
 4613.200  0.8916  1.0253
 4613.220  0.9029  1.0175
 4613.240  0.9149  1.0165
 4613.260  0.9208  1.0165
 4613.280  0.9199  1.0258
 4613.300  0.9135  1.0238
 4613.320  0.9020  1.0306
 4613.340  0.8839  1.0163
 4613.360  0.8611  1.0251
 4613.380  0.8503  1.0238
 4613.400  0.8654  1.0153
 4613.420  0.8920  1.0115
 4613.440  0.9061  1.0009
 4613.460  0.9064  0.9952
 4613.480  0.9022  0.9961
 4613.500  0.8943  1.0138
 4613.520  0.8835  1.0188
 4613.540  0.8714  1.0045
 4613.560  0.8530  0.9999
 4613.580  0.8257  1.0058
 4613.600  0.7968  1.0111
 4613.620  0.7779  1.0240
 4613.640  0.7740  1.0228
 4613.660  0.7798  1.0236
 4613.680  0.7898  1.0186
 4613.700  0.8053  1.0228
 4613.720  0.8248  1.0112
 4613.740  0.8419  1.0159
 4613.760  0.8543  1.0124
 4613.780  0.8640  1.0117
 4613.800  0.8702  1.0113
 4613.820  0.8697  1.0143
 4613.840  0.8584  1.0161
 4613.860  0.8339  1.0166
 4613.880  0.8037  1.0209
 4613.900  0.7815  1.0176
 4613.920  0.7739  1.0299
 4613.940  0.7791  1.0305
 4613.960  0.7942  1.0165
 4613.980  0.8158  1.0262
 4614.000  0.8383  1.0187
 4614.020  0.8575  1.0210
 4614.040  0.8699  1.0167
 4614.060  0.8704  1.0151
 4614.080  0.8595  1.0198
 4614.100  0.8487  1.0163
 4614.120  0.8474  1.0192
 4614.140  0.8535  1.0184
 4614.160  0.8611  1.0279
 4614.180  0.8677  1.0127
 4614.200  0.8749  1.0233
 4614.220  0.8840  1.0140
 4614.240  0.8952  1.0150
 4614.260  0.9119  1.0037
 4614.280  0.9337  1.0081
 4614.300  0.9492  0.9926
 4614.320  0.9516  0.9926
 4614.340  0.9481  0.9793
 4614.360  0.9465  0.9462
 4614.380  0.9486  0.9216
 4614.400  0.9461  0.8509
 4614.420  0.9317  0.9292
 4614.440  0.9145  0.9365
 4614.460  0.9039  0.9212
 4614.480  0.9007  0.8971
 4614.500  0.9046  0.8780
 4614.520  0.9132  0.9403
 4614.540  0.9215  0.9728
 4614.560  0.9225  0.9890
 4614.580  0.9110  0.9771
 4614.600  0.8957  1.0086
 4614.620  0.8898  1.0081
 4614.640  0.8910  0.9957
 4614.660  0.8909  1.0059
 4614.680  0.8928  1.0073
 4614.700  0.9031  1.0042
 4614.720  0.9210  1.0074
 4614.740  0.9387  1.0066
 4614.760  0.9454  1.0001
 4614.780  0.9439  0.9999
 4614.800  0.9530  0.9969
 4614.820  0.9729  0.9674
 4614.840  0.9818  0.9998
 4614.860  0.9750  1.0071
 4614.880  0.9672  1.0073
 4614.900  0.9678  1.0181
 4614.920  0.9704  0.9929
 4614.940  0.9665  1.0084
 4614.960  0.9618  0.9925
 4614.980  0.9596  0.9939
 4615.000  0.9507  0.9815
 4615.020  0.9441  0.9629
 4615.040  0.9601  0.9081
 4615.060  0.9856  0.9140
 4615.080  0.9940  0.9722
 4615.100  0.9858  0.9820
 4615.120  0.9793  0.9991
 4615.140  0.9851  0.9910
 4615.160  0.9974  0.9654
 4615.180  1.0052  0.9432
 4615.200  1.0008  0.8633
 4615.220  0.9817  0.9492
 4615.240  0.9583  0.9755
 4615.260  0.9404  1.0001
 4615.280  0.9269  0.9933
 4615.300  0.9167  1.0125
 4615.320  0.9120  0.9923
 4615.340  0.9105  0.9816
 4615.360  0.9079  0.9950
 4615.380  0.9061  0.9982
 4615.400  0.9102  1.0093
 4615.420  0.9188  1.0040
 4615.440  0.9234  0.9986
 4615.460  0.9231  1.0006
 4615.480  0.9255  1.0062
 4615.500  0.9298  0.9984
 4615.520  0.9333  1.0080
 4615.540  0.9440  1.0009
 4615.560  0.9646  0.9919
 4615.580  0.9845  1.0017
 4615.600  0.9934  0.9879
 4615.620  0.9895  0.9913
 4615.640  0.9796  0.9793
 4615.660  0.9722  0.9809
 4615.680  0.9708  0.9746
 4615.700  0.9746  0.9844
 4615.720  0.9820  0.9930
 4615.740  0.9887  0.9966
 4615.760  0.9870  0.9883
 4615.780  0.9750  1.0043
 4615.800  0.9619  1.0082
 4615.820  0.9526  1.0068
 4615.840  0.9427  1.0105
 4615.860  0.9307  1.0054
 4615.880  0.9175  0.9998
 4615.900  0.9011  1.0238
 4615.920  0.8808  1.0166
 4615.940  0.8591  1.0108
 4615.960  0.8403  1.0150
 4615.980  0.8302  1.0024
 4616.000  0.8372  1.0243
 4616.020  0.8601  1.0058
 4616.040  0.8836  1.0140
 4616.060  0.8985  0.9973
 4616.080  0.9101  0.9970
 4616.100  0.9194  0.9890
 4616.120  0.9251  0.9991
 4616.140  0.9313  0.9942
 4616.160  0.9335  0.9740
 4616.180  0.9226  0.9674
 4616.200  0.9101  0.9595
 4616.220  0.9105  0.9236
 4616.240  0.9168  0.9280
 4616.260  0.9202  0.9138
 4616.280  0.9252  0.9452
 4616.300  0.9317  0.9441
 4616.320  0.9322  0.9717
 4616.340  0.9286  0.9727
 4616.360  0.9274  0.9857
 4616.380  0.9299  0.9910
 4616.400  0.9362  1.0053
 4616.420  0.9431  0.9949
 4616.440  0.9450  1.0063
 4616.460  0.9446  1.0069
 4616.480  0.9472  0.9972
 4616.500  0.9456  1.0013
 4616.520  0.9320  1.0003
 4616.540  0.9147  1.0112
 4616.560  0.9098  1.0123
 4616.580  0.9210  1.0034
 4616.600  0.9379  0.9865
 4616.620  0.9485  0.9990
 4616.640  0.9472  0.9992
 4616.660  0.9351  1.0137
 4616.680  0.9184  1.0062
 4616.700  0.9041  1.0082
 4616.720  0.8943  1.0214
 4616.740  0.8845  1.0183
 4616.760  0.8732  1.0283
 4616.780  0.8652  1.0248
 4616.800  0.8561  1.0232
 4616.820  0.8366  1.0206
 4616.840  0.8150  1.0249
 4616.860  0.8072  1.0161
 4616.880  0.8130  1.0340
 4616.900  0.8162  1.0116
 4616.920  0.8069  1.0268
 4616.940  0.7977  1.0199
 4616.960  0.8051  1.0336
 4616.980  0.8270  1.0257
 4617.000  0.8489  1.0289
 4617.020  0.8608  1.0200
 4617.040  0.8613  1.0253
 4617.060  0.8577  1.0278
 4617.080  0.8583  1.0253
 4617.100  0.8624  1.0273
 4617.120  0.8648  1.0273
 4617.140  0.8633  1.0218
 4617.160  0.8586  1.0140
 4617.180  0.8520  1.0295
 4617.200  0.8440  1.0132
 4617.220  0.8355  1.0152
 4617.240  0.8319  1.0151
 4617.260  0.8338  1.0220
 4617.280  0.8317  1.0254
 4617.300  0.8229  1.0260
 4617.320  0.8162  1.0179
 4617.340  0.8156  1.0215
 4617.360  0.8207  1.0347
 4617.380  0.8365  1.0369
 4617.400  0.8642  1.0156
 4617.420  0.8930  1.0185
 4617.440  0.9063  1.0152
 4617.460  0.8999  0.9961
 4617.480  0.8887  0.9816
 4617.500  0.8845  0.9758
 4617.520  0.8821  0.9811
 4617.540  0.8743  1.0131
 4617.560  0.8615  0.9961
 4617.580  0.8473  1.0330
 4617.600  0.8304  1.0084
 4617.620  0.8057  1.0008
 4617.640  0.7829  1.0089
 4617.660  0.7815  0.9943
 4617.680  0.8028  1.0074
 4617.700  0.8286  1.0202
 4617.720  0.8439  1.0231
 4617.740  0.8489  1.0091
 4617.760  0.8546  1.0280
 4617.780  0.8646  1.0201
 4617.800  0.8677  1.0272
 4617.820  0.8563  1.0238
 4617.840  0.8407  1.0278
 4617.860  0.8323  1.0225
 4617.880  0.8261  1.0260
 4617.900  0.8139  1.0290
 4617.920  0.8014  1.0297
 4617.940  0.7986  1.0284
 4617.960  0.8057  1.0302
 4617.980  0.8130  1.0237
 4618.000  0.8164  1.0133
 4618.020  0.8212  1.0157
 4618.040  0.8290  1.0039
 4618.060  0.8415  1.0409
 4618.080  0.8673  1.0191
 4618.100  0.9007  1.0214
 4618.120  0.9235  1.0212
 4618.140  0.9312  1.0289
 4618.160  0.9338  1.0295
 4618.180  0.9369  1.0437
 4618.200  0.9381  1.0304
 4618.220  0.9336  1.0249
 4618.240  0.9261  1.0250
 4618.260  0.9213  1.0268
 4618.280  0.9186  1.0158
 4618.300  0.9184  1.0346
 4618.320  0.9232  1.0174
 4618.340  0.9280  1.0159
 4618.360  0.9303  1.0251
 4618.380  0.9391  1.0157
 4618.400  0.9525  1.0251
 4618.420  0.9527  1.0130
 4618.440  0.9368  1.0261
 4618.460  0.9203  1.0172
 4618.480  0.9088  1.0251
 4618.500  0.9007  1.0262
 4618.520  0.9009  1.0284
 4618.540  0.9066  1.0192
 4618.560  0.9099  1.0166
 4618.580  0.9179  1.0234
 4618.600  0.9371  1.0046
 4618.620  0.9525  0.9953
 4618.640  0.9515  0.9802
 4618.660  0.9420  1.0035
 4618.680  0.9336  1.0059
 4618.700  0.9281  1.0057
 4618.720  0.9291  1.0140
 4618.740  0.9369  1.0112
 4618.760  0.9435  1.0163
 4618.780  0.9457  1.0188
 4618.800  0.9481  1.0165
 4618.820  0.9532  1.0177
 4618.840  0.9600  1.0070
 4618.860  0.9674  1.0287
 4618.880  0.9695  1.0060
 4618.900  0.9611  1.0186
 4618.920  0.9517  1.0196
 4618.940  0.9513  1.0127
 4618.960  0.9536  1.0087
 4618.980  0.9502  1.0212
 4619.000  0.9423  1.0081
 4619.020  0.9335  0.9899
 4619.040  0.9290  1.0119
 4619.060  0.9331  1.0035
 4619.080  0.9398  1.0185
 4619.100  0.9411  1.0204
 4619.120  0.9384  1.0305
 4619.140  0.9374  1.0211
 4619.160  0.9379  1.0108
 4619.180  0.9389  1.0118
 4619.200  0.9434  1.0148
 4619.220  0.9516  1.0147
 4619.240  0.9538  1.0138
 4619.260  0.9431  1.0205
 4619.280  0.9318  1.0303
 4619.300  0.9333  1.0299
 4619.320  0.9393  1.0259
 4619.340  0.9362  1.0391
 4619.360  0.9256  1.0208
 4619.380  0.9175  1.0299
 4619.400  0.9197  1.0193
 4619.420  0.9331  1.0211
 4619.440  0.9499  1.0288
 4619.460  0.9592  1.0142
 4619.480  0.9577  1.0186
 4619.500  0.9492  1.0111
 4619.520  0.9335  1.0098
 4619.540  0.9086  1.0027
 4619.560  0.8810  1.0186
 4619.580  0.8608  1.0235
 4619.600  0.8496  1.0147
 4619.620  0.8435  1.0149
 4619.640  0.8367  1.0024
 4619.660  0.8244  1.0155
 4619.680  0.8076  1.0146
 4619.700  0.7919  1.0115
 4619.720  0.7821  1.0146
 4619.740  0.7788  1.0123
 4619.760  0.7781  1.0077
 4619.780  0.7810  1.0291
 4619.800  0.7928  1.0111
 4619.820  0.8125  1.0195
 4619.840  0.8346  1.0156
 4619.860  0.8549  1.0349
 4619.880  0.8676  1.0240
 4619.900  0.8684  1.0252
 4619.920  0.8631  1.0230
 4619.940  0.8579  1.0130
 4619.960  0.8501  1.0128
 4619.980  0.8397  1.0198
 4620.000  0.8319  1.0202
 4620.020  0.8252  1.0197
 4620.040  0.8180  1.0160
 4620.060  0.8184  1.0234
 4620.080  0.8315  1.0129
 4620.100  0.8520  1.0226
 4620.120  0.8744  1.0256
 4620.140  0.8980  1.0215
 4620.160  0.9210  1.0292
 4620.180  0.9393  1.0263
 4620.200  0.9491  1.0349
 4620.220  0.9519  1.0275
 4620.240  0.9555  1.0299
 4620.260  0.9652  1.0247
 4620.280  0.9716  1.0092
 4620.300  0.9625  1.0252
 4620.320  0.9443  1.0211
 4620.340  0.9312  1.0244
 4620.360  0.9254  1.0169
 4620.380  0.9180  1.0185
 4620.400  0.9044  1.0269
 4620.420  0.8888  1.0215
 4620.440  0.8763  1.0283
 4620.460  0.8651  1.0166
 4620.480  0.8472  1.0182
 4620.500  0.8184  1.0104
 4620.520  0.7878  1.0240
 4620.540  0.7699  1.0215
 4620.560  0.7695  1.0155
 4620.580  0.7816  1.0175
 4620.600  0.7998  0.9994
 4620.620  0.8184  1.0011
 4620.640  0.8326  1.0035
 4620.660  0.8362  1.0170
 4620.680  0.8237  1.0210
 4620.700  0.8005  1.0262
 4620.720  0.7853  1.0225
 4620.740  0.7872  1.0182
 4620.760  0.7915  1.0212
 4620.780  0.7841  1.0236
 4620.800  0.7709  1.0128
 4620.820  0.7649  1.0185
 4620.840  0.7678  1.0177
 4620.860  0.7697  1.0151
 4620.880  0.7661  1.0103
 4620.900  0.7632  1.0092
 4620.920  0.7620  1.0111
 4620.940  0.7613  1.0343
 4620.960  0.7673  1.0203
 4620.980  0.7831  1.0298
 4621.000  0.8008  1.0138
 4621.020  0.8150  1.0088
 4621.040  0.8327  1.0249
 4621.060  0.8625  1.0186
 4621.080  0.8975  1.0203
 4621.100  0.9235  1.0285
 4621.120  0.9345  1.0072
 4621.140  0.9354  1.0125
 4621.160  0.9363  1.0106
 4621.180  0.9421  1.0053
 4621.200  0.9478  1.0072
 4621.220  0.9466  1.0135
 4621.240  0.9379  1.0105
 4621.260  0.9283  1.0226
 4621.280  0.9237  1.0089
 4621.300  0.9220  1.0144
 4621.320  0.9187  1.0132
 4621.340  0.9137  1.0076
 4621.360  0.9094  1.0039
 4621.380  0.9075  0.9959
 4621.400  0.9095  1.0035
 4621.420  0.9183  0.9980
 4621.440  0.9339  1.0034
 4621.460  0.9463  0.9819
 4621.480  0.9458  0.9902
 4621.500  0.9367  0.9919
 4621.520  0.9290  0.9844
 4621.540  0.9237  0.9846
 4621.560  0.9147  0.9828
 4621.580  0.8973  0.9751
 4621.600  0.8714  0.9654
 4621.620  0.8426  0.9498
 4621.640  0.8227  0.9689
 4621.660  0.8241  0.9566
 4621.680  0.8449  0.9454
 4621.700  0.8728  0.9363
 4621.720  0.8995  0.9360
 4621.740  0.9196  0.9061
 4621.760  0.9298  0.9004
 4621.780  0.9338  0.8771
 4621.800  0.9366  0.8440
 4621.820 -1.0000  0.8239
 4621.840 -1.0000  0.7564
 4621.860 -1.0000  0.6945
 4621.880 -1.0000  0.6060
 4621.900 -1.0000  0.5017
 4621.920 -1.0000  0.4159
 4621.940 -1.0000  0.3722
 4621.960 -1.0000  0.4347
 4621.980 -1.0000  0.5231
 4622.000 -1.0000  0.6006
 4622.020 -1.0000  0.6644
 4622.040 -1.0000  0.6925
 4622.060 -1.0000  0.7101
 4622.080 -1.0000  0.7179
 4622.100 -1.0000  0.6815
 4622.120 -1.0000  0.6687
 4622.140 -1.0000  0.6068
 4622.160 -1.0000  0.5335
 4622.180 -1.0000  0.4510
 4622.200 -1.0000  0.3397
 4622.220 -1.0000  0.2468
 4622.240 -1.0000  0.1600
 4622.260 -1.0000  0.1239
 4622.280 -1.0000  0.1434
 4622.300 -1.0000  0.2129
 4622.320 -1.0000  0.3187
 4622.340 -1.0000  0.4344
 4622.360 -1.0000  0.5386
 4622.380 -1.0000  0.6207
 4622.400 -1.0000  0.7044
 4622.420 -1.0000  0.7536
 4622.440  0.8253  0.8047
 4622.460  0.8264  0.8372
 4622.480  0.8228  0.8548
 4622.500  0.8146  0.8744
 4622.520  0.8071  0.8946
 4622.540  0.8009  0.8949
 4622.560  0.7900  0.9170
 4622.580  0.7693  0.9021
 4622.600  0.7421  0.9438
 4622.620  0.7169  0.9313
 4622.640  0.6961  0.9641
 4622.660  0.6734  0.9609
 4622.680  0.6470  0.9701
 4622.700  0.6270  0.9702
 4622.720  0.6273  0.9833
 4622.740  0.6525  0.9875
 4622.760  0.6973  0.9789
 4622.780  0.7501  0.9928
 4622.800  0.7942  0.9825
 4622.820  0.8222  0.9870
 4622.840  0.8458  1.0013
 4622.860  0.8774  0.9903
 4622.880  0.9117  0.9975
 4622.900  0.9382  0.9978
 4622.920  0.9539  1.0009
 4622.940  0.9609  0.9953
 4622.960  0.9625  0.9994
 4622.980  0.9628  1.0125
 4623.000  0.9640  1.0077
 4623.020  0.9640  1.0164
 4623.040  0.9630  1.0055
 4623.060  0.9670  1.0252
 4623.080  0.9755  1.0005
 4623.100  0.9768  1.0234
 4623.120  0.9666  1.0131
 4623.140  0.9530  0.9993
 4623.160  0.9449  1.0153
 4623.180  0.9457  1.0017
 4623.200  0.9506  0.9983
 4623.220  0.9528  1.0048
 4623.240  0.9500  1.0109
 4623.260  0.9410  1.0075
 4623.280  0.9264  1.0119
 4623.300  0.9127  1.0165
 4623.320  0.9068  1.0141
 4623.340  0.9093  1.0181
 4623.360  0.9151  1.0212
 4623.380  0.9187  1.0082
 4623.400  0.9225  1.0205
 4623.420  0.9330  1.0090
 4623.440  0.9442  1.0039
 4623.460  0.9436  1.0150
 4623.480  0.9290  1.0171
 4623.500  0.9070  1.0007
 4623.520  0.8841  1.0088
 4623.540  0.8619  0.9967
 4623.560  0.8405  1.0185
 4623.580  0.8255  1.0224
 4623.600  0.8231  1.0109
 4623.620  0.8365  1.0260
 4623.640  0.8658  1.0251
 4623.660  0.9027  1.0177
 4623.680  0.9330  1.0207
 4623.700  0.9482  1.0107
 4623.720  0.9525  1.0190
 4623.740  0.9573  1.0145
 4623.760  0.9633  1.0057
 4623.780  0.9633  1.0168
 4623.800  0.9583  1.0101
 4623.820  0.9561  1.0148
 4623.840  0.9586  1.0055
 4623.860  0.9595  0.9904
 4623.880  0.9561  1.0008
 4623.900  0.9533  0.9986
 4623.920  0.9538  1.0075
 4623.940  0.9522  0.9838
 4623.960  0.9475  0.9958
 4623.980  0.9461  0.9754
 4624.000  0.9471  0.9762
 4624.020  0.9442  0.9710
 4624.040  0.9363  0.9474
 4624.060  0.9280  0.9308
 4624.080  0.9262  0.9061
 4624.100  0.9318  0.8588
 4624.120  0.9372  0.8677
 4624.140  0.9360  0.8837
 4624.160  0.9278  0.8989
 4624.180  0.9195  0.9457
 4624.200  0.9182  0.9569
 4624.220  0.9184  0.9621
 4624.240  0.9141  0.9891
 4624.260  0.9114  0.9894
 4624.280  0.9139  0.9876
 4624.300  0.9155  1.0082
 4624.320  0.9107  1.0052
 4624.340  0.8994  0.9997
 4624.360  0.8878  1.0044
 4624.380  0.8807  1.0073
 4624.400  0.8723  1.0201
 4624.420  0.8551  1.0120
 4624.440  0.8351  1.0138
 4624.460  0.8236  1.0022
 4624.480  0.8204  0.9894
 4624.500  0.8232  1.0083
 4624.520  0.8346  1.0141
 4624.540  0.8498  1.0076
 4624.560  0.8623  1.0015
 4624.580  0.8741  0.9895
 4624.600  0.8841  0.9816
 4624.620  0.8879  1.0183
 4624.640  0.8860  1.0142
 4624.660  0.8796  1.0183
 4624.680  0.8730  1.0310
 4624.700  0.8737  1.0190
 4624.720  0.8820  1.0304
 4624.740  0.8904  1.0306
 4624.760  0.8931  1.0257
 4624.780  0.8916  1.0208
 4624.800  0.8899  1.0201
 4624.820  0.8881  1.0238
 4624.840  0.8864  1.0256
 4624.860  0.8928  1.0355
 4624.880  0.9119  1.0166
 4624.900  0.9306  1.0228
 4624.920  0.9337  1.0266
 4624.940  0.9246  1.0065
 4624.960  0.9193  1.0337
 4624.980  0.9257  1.0242
 4625.000  0.9348  1.0147
 4625.020  0.9366  1.0232
 4625.040  0.9342  1.0209
 4625.060  0.9333  1.0208
 4625.080  0.9338  1.0271
 4625.100  0.9299  1.0313
 4625.120  0.9169  1.0219
 4625.140  0.8992  1.0226
 4625.160  0.8834  1.0154
 4625.180  0.8667  1.0259
 4625.200  0.8436  1.0166
 4625.220  0.8176  1.0311
 4625.240  0.7953  1.0118
 4625.260  0.7795  1.0210
 4625.280  0.7722  1.0291
 4625.300  0.7736  1.0291
 4625.320  0.7758  1.0158
 4625.340  0.7717  1.0210
 4625.360  0.7686  1.0254
 4625.380  0.7817  1.0201
 4625.400  0.8108  1.0128
 4625.420  0.8399  0.9933
 4625.440  0.8629  1.0078
 4625.460  0.8882  1.0078
 4625.480  0.9160  1.0077
 4625.500  0.9354  1.0102
 4625.520  0.9433  1.0099
 4625.540  0.9491  1.0266
 4625.560  0.9570  1.0292
 4625.580  0.9565  1.0372
 4625.600  0.9427  1.0472
 4625.620  0.9274  1.0308
 4625.640  0.9207  1.0393
 4625.660  0.9217  1.0260
 4625.680  0.9246  1.0243
 4625.700  0.9253  1.0292
 4625.720  0.9246  1.0310
 4625.740  0.9240  1.0218
 4625.760  0.9212  1.0183
 4625.780  0.9113  1.0260
 4625.800  0.8898  1.0226
 4625.820  0.8585  1.0324
 4625.840  0.8285  1.0294
 4625.860  0.8134  1.0297
 4625.880  0.8177  1.0285
 4625.900  0.8339  1.0157
 4625.920  0.8537  1.0279
 4625.940  0.8782  1.0152
 4625.960  0.9073  1.0177
 4625.980  0.9309  1.0228
 4626.000  0.9390  1.0230
 4626.020  0.9343  1.0248
 4626.040  0.9282  1.0246
 4626.060  0.9278  1.0194
 4626.080  0.9305  1.0169
 4626.100  0.9338  1.0322
 4626.120  0.9398  1.0269
 4626.140  0.9481  1.0360
 4626.160  0.9540  1.0165
 4626.180  0.9562  1.0372
 4626.200  0.9555  1.0219
 4626.220  0.9480  1.0313
 4626.240  0.9321  1.0239
 4626.260  0.9111  1.0267
 4626.280  0.8868  1.0170
 4626.300  0.8636  1.0192
 4626.320  0.8489  0.9911
 4626.340  0.8451  0.9993
 4626.360  0.8523  1.0202
 4626.380  0.8688  1.0244
 4626.400  0.8847  1.0207
 4626.420  0.8930  1.0399
 4626.440  0.9011  1.0253
 4626.460  0.9171  1.0322
 4626.480  0.9348  1.0198
 4626.500  0.9419  1.0232
 4626.520  0.9382  1.0262
 4626.540  0.9337  1.0056
 4626.560  0.9316  1.0068
 4626.580  0.9252  0.9923
 4626.600  0.9089  0.9923
 4626.620  0.8873  0.9620
 4626.640  0.8666  0.9073
 4626.660  0.8496  0.9265
 4626.680  0.8428  0.9763
 4626.700  0.8485  1.0058
 4626.720  0.8587  1.0154
 4626.740  0.8650  1.0061
 4626.760  0.8667  1.0067
 4626.780  0.8662  0.9903
 4626.800  0.8652  0.9754
 4626.820  0.8632  0.9330
 4626.840  0.8614  0.9849
 4626.860  0.8621  0.9800
 4626.880  0.8621  1.0061
 4626.900  0.8624  1.0094
 4626.920  0.8721  1.0108
 4626.940  0.8936  1.0028
 4626.960  0.9192  0.9863
 4626.980  0.9398  0.9476
 4627.000  0.9513  0.9811
 4627.020  0.9568  1.0067
 4627.040  0.9635  1.0148
 4627.060  0.9752  1.0072
 4627.080  0.9856  1.0106
 4627.100  0.9826  1.0018
 4627.120  0.9658  1.0198
 4627.140  0.9513  1.0196
 4627.160  0.9480  1.0028
 4627.180  0.9409  1.0063
 4627.200  0.9154  0.9867
 4627.220  0.8817  0.9926
 4627.240  0.8544  0.9551
 4627.260  0.8337  0.9691
 4627.280  0.8188  0.9531
 4627.300  0.8112  0.9547
 4627.320  0.8104  0.9630
 4627.340  0.8231  0.9424
 4627.360  0.8558  0.9303
 4627.380  0.8936  0.9214
 4627.400  0.9129  0.9624
 4627.420  0.9113  0.9761
 4627.440  0.9069  0.9783
 4627.460  0.9137  0.9650
 4627.480  0.9265  0.9648
 4627.500  0.9313  0.9669
 4627.520  0.9276  0.9873
 4627.540  0.9265  0.9890
 4627.560  0.9312  1.0006
 4627.580  0.9312  0.9922
 4627.600  0.9217  0.9582
 4627.620  0.9146  0.9261
 4627.640  0.9140  0.8755
 4627.660  0.9085  0.9554
 4627.680  0.8928  0.9788
 4627.700  0.8708  0.9873
 4627.720  0.8506  0.9520
 4627.740  0.8366  0.9333
 4627.760  0.8224  0.9189
 4627.780  0.8053  0.9460
 4627.800  0.7942  0.9577
 4627.820  0.7951  1.0068
 4627.840  0.8077  1.0061
 4627.860  0.8291  1.0236
 4627.880  0.8545  1.0109
 4627.900  0.8792  1.0228
 4627.920  0.9010  1.0263
 4627.940  0.9190  1.0154
 4627.960  0.9332  1.0284
 4627.980 -1.0000  1.0129
 4628.000 -1.0000  1.0260
 4597.000  0.0000        
 4597.020  0.0000        
 4597.040  0.0031        
 4597.060  0.0053        
 4597.080  0.0073        
 4597.100 -0.0019        
 4597.120 -0.0159        
 4597.140 -0.0197        
 4597.160 -0.0124        
 4597.180 -0.0022        
 4597.200  0.0056        
 4597.220  0.0107        
 4597.240  0.0125        
 4597.260  0.0094        
 4597.280  0.0018        
 4597.300 -0.0060        
 4597.320 -0.0091        
 4597.340 -0.0092        
 4597.360 -0.0128        
 4597.380 -0.0185        
 4597.400 -0.0164        
 4597.420 -0.0042        
 4597.440  0.0074        
 4597.460  0.0074        
 4597.480 -0.0009        
 4597.500 -0.0048        
 4597.520  0.0007        
 4597.540  0.0099        
 4597.560  0.0166        
 4597.580  0.0180        
 4597.600  0.0131        
 4597.620  0.0031        
 4597.640 -0.0054        
 4597.660 -0.0052        
 4597.680  0.0022        
 4597.700  0.0088        
 4597.720  0.0133        
 4597.740  0.0188        
 4597.760  0.0228        
 4597.780  0.0199        
 4597.800  0.0112        
 4597.820  0.0030        
 4597.840 -0.0001        
 4597.860  0.0014        
 4597.880  0.0051        
 4597.900  0.0077        
 4597.920  0.0037        
 4597.940 -0.0075        
 4597.960 -0.0159        
 4597.980 -0.0125        
 4598.000 -0.0020        
 4598.020  0.0040        
 4598.040  0.0033        
 4598.060  0.0050        
 4598.080  0.0111        
 4598.100  0.0120        
 4598.120  0.0056        
 4598.140  0.0009        
 4598.160  0.0024        
 4598.180  0.0056        
 4598.200  0.0067        
 4598.220  0.0061        
 4598.240  0.0038        
 4598.260 -0.0017        
 4598.280 -0.0075        
 4598.300 -0.0070        
 4598.320 -0.0031        
 4598.340 -0.0039        
 4598.360 -0.0074        
 4598.380 -0.0070        
 4598.400 -0.0031        
 4598.420 -0.0003        
 4598.440  0.0015        
 4598.460  0.0058        
 4598.480  0.0124        
 4598.500  0.0151        
 4598.520  0.0106        
 4598.540  0.0043        
 4598.560  0.0060        
 4598.580  0.0184        
 4598.600  0.0351        
 4598.620  0.0503        
 4598.640  0.0640        
 4598.660  0.0730        
 4598.680  0.0659        
 4598.700  0.0356        
 4598.720 -0.0038        
 4598.740 -0.0300        
 4598.760 -0.0395        
 4598.780 -0.0434        
 4598.800 -0.0465        
 4598.820 -0.0460        
 4598.840 -0.0411        
 4598.860 -0.0341        
 4598.880 -0.0265        
 4598.900 -0.0182        
 4598.920 -0.0115        
 4598.940 -0.0083        
 4598.960 -0.0057        
 4598.980 -0.0025        
 4599.000 -0.0041        
 4599.020 -0.0102        
 4599.040 -0.0117        
 4599.060 -0.0048        
 4599.080  0.0039        
 4599.100  0.0067        
 4599.120  0.0036        
 4599.140  0.0001        
 4599.160 -0.0006        
 4599.180 -0.0012        
 4599.200 -0.0044        
 4599.220 -0.0068        
 4599.240 -0.0040        
 4599.260  0.0001        
 4599.280  0.0013        
 4599.300  0.0029        
 4599.320  0.0059        
 4599.340  0.0049        
 4599.360  0.0007        
 4599.380 -0.0006        
 4599.400 -0.0004        
 4599.420 -0.0034        
 4599.440 -0.0094        
 4599.460 -0.0145        
 4599.480 -0.0155        
 4599.500 -0.0119        
 4599.520 -0.0080        
 4599.540 -0.0066        
 4599.560 -0.0026        
 4599.580  0.0068        
 4599.600  0.0129        
 4599.620  0.0070        
 4599.640 -0.0040        
 4599.660 -0.0048        
 4599.680  0.0064        
 4599.700  0.0141        
 4599.720  0.0101        
 4599.740  0.0043        
 4599.760  0.0030        
 4599.780  0.0013        
 4599.800 -0.0037        
 4599.820 -0.0071        
 4599.840 -0.0049        
 4599.860  0.0018        
 4599.880  0.0074        
 4599.900  0.0075        
 4599.920  0.0040        
 4599.940  0.0023        
 4599.960  0.0048        
 4599.980  0.0089        
 4600.000  0.0125        
 4600.020  0.0150        
 4600.040  0.0173        
 4600.060  0.0208        
 4600.080  0.0218        
 4600.100  0.0110        
 4600.120 -0.0107        
 4600.140 -0.0269        
 4600.160 -0.0269        
 4600.180 -0.0144        
 4600.200  0.0028        
 4600.220  0.0170        
 4600.240  0.0221        
 4600.260  0.0205        
 4600.280  0.0199        
 4600.300  0.0225        
 4600.320  0.0254        
 4600.340  0.0259        
 4600.360  0.0212        
 4600.380  0.0113        
 4600.400  0.0037        
 4600.420  0.0034        
 4600.440  0.0045        
 4600.460  0.0021        
 4600.480 -0.0012        
 4600.500 -0.0034        
 4600.520 -0.0075        
 4600.540 -0.0151        
 4600.560 -0.0230        
 4600.580 -0.0274        
 4600.600 -0.0282        
 4600.620 -0.0263        
 4600.640 -0.0210        
 4600.660 -0.0153        
 4600.680 -0.0142        
 4600.700 -0.0149        
 4600.720 -0.0109        
 4600.740 -0.0027        
 4600.760  0.0022        
 4600.780  0.0007        
 4600.800 -0.0006        
 4600.820  0.0027        
 4600.840  0.0047        
 4600.860  0.0016        
 4600.880 -0.0025        
 4600.900 -0.0063        
 4600.920 -0.0106        
 4600.940 -0.0099        
 4600.960 -0.0013        
 4600.980  0.0076        
 4601.000  0.0084        
 4601.020  0.0027        
 4601.040 -0.0013        
 4601.060 -0.0003        
 4601.080  0.0013        
 4601.100 -0.0004        
 4601.120 -0.0034        
 4601.140 -0.0038        
 4601.160 -0.0003        
 4601.180  0.0054        
 4601.200  0.0099        
 4601.220  0.0113        
 4601.240  0.0102        
 4601.260  0.0070        
 4601.280  0.0019        
 4601.300 -0.0029        
 4601.320 -0.0047        
 4601.340 -0.0038        
 4601.360 -0.0019        
 4601.380  0.0009        
 4601.400  0.0032        
 4601.420  0.0052        
 4601.440  0.0099        
 4601.460  0.0156        
 4601.480  0.0151        
 4601.500  0.0074        
 4601.520 -0.0005        
 4601.540 -0.0050        
 4601.560 -0.0070        
 4601.580 -0.0075        
 4601.600 -0.0071        
 4601.620 -0.0061        
 4601.640 -0.0029        
 4601.660  0.0025        
 4601.680  0.0069        
 4601.700  0.0095        
 4601.720  0.0119        
 4601.740  0.0116        
 4601.760  0.0071        
 4601.780  0.0022        
 4601.800  0.0002        
 4601.820 -0.0005        
 4601.840 -0.0011        
 4601.860 -0.0022        
 4601.880 -0.0043        
 4601.900 -0.0048        
 4601.920 -0.0016        
 4601.940  0.0021        
 4601.960  0.0035        
 4601.980  0.0063        
 4602.000  0.0097        
 4602.020  0.0078        
 4602.040  0.0024        
 4602.060  0.0024        
 4602.080  0.0097        
 4602.100  0.0165        
 4602.120  0.0167        
 4602.140  0.0137        
 4602.160  0.0145        
 4602.180  0.0174        
 4602.200  0.0133        
 4602.220 -0.0002        
 4602.240 -0.0109        
 4602.260 -0.0085        
 4602.280 -0.0001        
 4602.300  0.0029        
 4602.320  0.0007        
 4602.340 -0.0001        
 4602.360  0.0027        
 4602.380  0.0044        
 4602.400  0.0021        
 4602.420 -0.0023        
 4602.440 -0.0058        
 4602.460 -0.0079        
 4602.480 -0.0087        
 4602.500 -0.0069        
 4602.520 -0.0006        
 4602.540  0.0094        
 4602.560  0.0193        
 4602.580  0.0249        
 4602.600  0.0243        
 4602.620  0.0189        
 4602.640  0.0119        
 4602.660  0.0066        
 4602.680  0.0040        
 4602.700  0.0016        
 4602.720 -0.0013        
 4602.740  0.0001        
 4602.760  0.0086        
 4602.780  0.0163        
 4602.800  0.0133        
 4602.820 -0.0012        
 4602.840 -0.0181        
 4602.860 -0.0284        
 4602.880 -0.0300        
 4602.900 -0.0255        
 4602.920 -0.0161        
 4602.940 -0.0052        
 4602.960  0.0014        
 4602.980  0.0032        
 4603.000  0.0030        
 4603.020  0.0028        
 4603.040  0.0044        
 4603.060  0.0077        
 4603.080  0.0088        
 4603.100  0.0056        
 4603.120  0.0003        
 4603.140 -0.0075        
 4603.160 -0.0174        
 4603.180 -0.0211        
 4603.200 -0.0140        
 4603.220 -0.0045        
 4603.240 -0.0026        
 4603.260 -0.0060        
 4603.280 -0.0056        
 4603.300  0.0012        
 4603.320  0.0071        
 4603.340  0.0046        
 4603.360 -0.0044        
 4603.380 -0.0109        
 4603.400 -0.0100        
 4603.420 -0.0056        
 4603.440 -0.0036        
 4603.460 -0.0034        
 4603.480 -0.0006        
 4603.500  0.0035        
 4603.520  0.0014        
 4603.540 -0.0091        
 4603.560 -0.0199        
 4603.580 -0.0213        
 4603.600 -0.0118        
 4603.620  0.0009        
 4603.640  0.0083        
 4603.660  0.0087        
 4603.680  0.0080        
 4603.700  0.0097        
 4603.720  0.0097        
 4603.740  0.0045        
 4603.760 -0.0022        
 4603.780 -0.0049        
 4603.800 -0.0006        
 4603.820  0.0092        
 4603.840  0.0174        
 4603.860  0.0180        
 4603.880  0.0150        
 4603.900  0.0125        
 4603.920  0.0064        
 4603.940 -0.0020        
 4603.960 -0.0026        
 4603.980  0.0036        
 4604.000  0.0058        
 4604.020  0.0020        
 4604.040 -0.0009        
 4604.060  0.0002        
 4604.080  0.0029        
 4604.100  0.0025        
 4604.120 -0.0023        
 4604.140 -0.0062        
 4604.160 -0.0028        
 4604.180  0.0047        
 4604.200  0.0082        
 4604.220  0.0060        
 4604.240  0.0015        
 4604.260 -0.0039        
 4604.280 -0.0082        
 4604.300 -0.0081        
 4604.320 -0.0030        
 4604.340  0.0054        
 4604.360  0.0134        
 4604.380  0.0154        
 4604.400  0.0084        
 4604.420 -0.0035        
 4604.440 -0.0140        
 4604.460 -0.0189        
 4604.480 -0.0147        
 4604.500 -0.0024        
 4604.520  0.0083        
 4604.540  0.0098        
 4604.560  0.0047        
 4604.580 -0.0012        
 4604.600 -0.0055        
 4604.620 -0.0063        
 4604.640 -0.0044        
 4604.660 -0.0027        
 4604.680 -0.0005        
 4604.700  0.0059        
 4604.720  0.0144        
 4604.740  0.0160        
 4604.760  0.0067        
 4604.780 -0.0043        
 4604.800 -0.0072        
 4604.820 -0.0062        
 4604.840 -0.0077        
 4604.860 -0.0077        
 4604.880 -0.0029        
 4604.900  0.0029        
 4604.920  0.0085        
 4604.940  0.0126        
 4604.960  0.0089        
 4604.980 -0.0017        
 4605.000 -0.0079        
 4605.020 -0.0040        
 4605.040  0.0031        
 4605.060  0.0053        
 4605.080  0.0043        
 4605.100  0.0063        
 4605.120  0.0095        
 4605.140  0.0069        
 4605.160 -0.0007        
 4605.180 -0.0040        
 4605.200  0.0015        
 4605.220  0.0086        
 4605.240  0.0113        
 4605.260  0.0147        
 4605.280  0.0222        
 4605.300  0.0277        
 4605.320  0.0263        
 4605.340  0.0201        
 4605.360  0.0123        
 4605.380  0.0044        
 4605.400 -0.0012        
 4605.420 -0.0027        
 4605.440 -0.0031        
 4605.460 -0.0080        
 4605.480 -0.0150        
 4605.500 -0.0152        
 4605.520 -0.0093        
 4605.540 -0.0047        
 4605.560 -0.0032        
 4605.580 -0.0045        
 4605.600 -0.0096        
 4605.620 -0.0118        
 4605.640 -0.0057        
 4605.660  0.0013        
 4605.680  0.0025        
 4605.700  0.0017        
 4605.720  0.0004        
 4605.740 -0.0034        
 4605.760 -0.0053        
 4605.780 -0.0032        
 4605.800 -0.0038        
 4605.820 -0.0107        
 4605.840 -0.0174        
 4605.860 -0.0172        
 4605.880 -0.0098        
 4605.900 -0.0015        
 4605.920 -0.0003        
 4605.940 -0.0048        
 4605.960 -0.0041        
 4605.980  0.0030        
 4606.000  0.0046        
 4606.020 -0.0008        
 4606.040 -0.0015        
 4606.060  0.0041        
 4606.080  0.0066        
 4606.100  0.0027        
 4606.120 -0.0015        
 4606.140 -0.0016        
 4606.160 -0.0011        
 4606.180 -0.0024        
 4606.200 -0.0020        
 4606.220  0.0008        
 4606.240  0.0024        
 4606.260  0.0033        
 4606.280  0.0034        
 4606.300 -0.0012        
 4606.320 -0.0089        
 4606.340 -0.0116        
 4606.360 -0.0079        
 4606.380 -0.0030        
 4606.400 -0.0008        
 4606.420 -0.0026        
 4606.440 -0.0065        
 4606.460 -0.0072        
 4606.480 -0.0016        
 4606.500  0.0065        
 4606.520  0.0114        
 4606.540  0.0117        
 4606.560  0.0089        
 4606.580  0.0042        
 4606.600 -0.0016        
 4606.620 -0.0056        
 4606.640 -0.0052        
 4606.660 -0.0030        
 4606.680 -0.0041        
 4606.700 -0.0086        
 4606.720 -0.0106        
 4606.740 -0.0058        
 4606.760  0.0026        
 4606.780  0.0072        
 4606.800  0.0038        
 4606.820 -0.0059        
 4606.840 -0.0161        
 4606.860 -0.0198        
 4606.880 -0.0151        
 4606.900 -0.0084        
 4606.920 -0.0078        
 4606.940 -0.0131        
 4606.960 -0.0147        
 4606.980 -0.0096        
 4607.000 -0.0071        
 4607.020 -0.0093        
 4607.040 -0.0073        
 4607.060 -0.0023        
 4607.080 -0.0035        
 4607.100 -0.0074        
 4607.120 -0.0026        
 4607.140  0.0112        
 4607.160  0.0229        
 4607.180  0.0231        
 4607.200  0.0141        
 4607.220  0.0052        
 4607.240  0.0020        
 4607.260  0.0025        
 4607.280  0.0061        
 4607.300  0.0159        
 4607.320  0.0274        
 4607.340  0.0275        
 4607.360  0.0134        
 4607.380 -0.0042        
 4607.400 -0.0162        
 4607.420 -0.0213        
 4607.440 -0.0200        
 4607.460 -0.0135        
 4607.480 -0.0043        
 4607.500  0.0031        
 4607.520  0.0030        
 4607.540 -0.0053        
 4607.560 -0.0125        
 4607.580 -0.0104        
 4607.600 -0.0053        
 4607.620 -0.0061        
 4607.640 -0.0099        
 4607.660 -0.0093        
 4607.680 -0.0027        
 4607.700  0.0069        
 4607.720  0.0148        
 4607.740  0.0178        
 4607.760  0.0158        
 4607.780  0.0098        
 4607.800 -0.0004        
 4607.820 -0.0097        
 4607.840 -0.0092        
 4607.860 -0.0014        
 4607.880  0.0019        
 4607.900 -0.0022        
 4607.920 -0.0054        
 4607.940 -0.0030        
 4607.960 -0.0011        
 4607.980 -0.0075        
 4608.000 -0.0203        
 4608.020 -0.0285        
 4608.040 -0.0241        
 4608.060 -0.0093        
 4608.080  0.0056        
 4608.100  0.0112        
 4608.120  0.0055        
 4608.140 -0.0047        
 4608.160 -0.0076        
 4608.180  0.0017        
 4608.200  0.0133        
 4608.220  0.0149        
 4608.240  0.0073        
 4608.260 -0.0016        
 4608.280 -0.0074        
 4608.300 -0.0085        
 4608.320 -0.0040        
 4608.340  0.0043        
 4608.360  0.0108        
 4608.380  0.0100        
 4608.400  0.0030        
 4608.420 -0.0024        
 4608.440 -0.0001        
 4608.460  0.0073        
 4608.480  0.0134        
 4608.500  0.0160        
 4608.520  0.0149        
 4608.540  0.0074        
 4608.560 -0.0039        
 4608.580 -0.0103        
 4608.600 -0.0102        
 4608.620 -0.0092        
 4608.640 -0.0090        
 4608.660 -0.0064        
 4608.680 -0.0019        
 4608.700 -0.0005        
 4608.720 -0.0035        
 4608.740 -0.0049        
 4608.760 -0.0028        
 4608.780 -0.0014        
 4608.800  0.0008        
 4608.820  0.0064        
 4608.840  0.0087        
 4608.860  0.0035        
 4608.880 -0.0013        
 4608.900 -0.0006        
 4608.920  0.0009        
 4608.940 -0.0001        
 4608.960 -0.0004        
 4608.980  0.0030        
 4609.000  0.0071        
 4609.020  0.0067        
 4609.040  0.0026        
 4609.060  0.0004        
 4609.080  0.0014        
 4609.100 -0.0026        
 4609.120 -0.0139        
 4609.140 -0.0190        
 4609.160 -0.0122        
 4609.180 -0.0061        
 4609.200 -0.0057        
 4609.220 -0.0021        
 4609.240  0.0036        
 4609.260  0.0034        
 4609.280 -0.0009        
 4609.300 -0.0042        
 4609.320 -0.0064        
 4609.340 -0.0078        
 4609.360 -0.0070        
 4609.380 -0.0038        
 4609.400  0.0003        
 4609.420  0.0028        
 4609.440  0.0009        
 4609.460 -0.0044        
 4609.480 -0.0071        
 4609.500 -0.0044        
 4609.520 -0.0001        
 4609.540  0.0008        
 4609.560 -0.0028        
 4609.580 -0.0071        
 4609.600 -0.0085        
 4609.620 -0.0061        
 4609.640 -0.0021        
 4609.660  0.0004        
 4609.680 -0.0007        
 4609.700 -0.0060        
 4609.720 -0.0117        
 4609.740 -0.0103        
 4609.760  0.0000        
 4609.780  0.0107        
 4609.800  0.0144        
 4609.820  0.0118        
 4609.840  0.0049        
 4609.860 -0.0040        
 4609.880 -0.0088        
 4609.900 -0.0060        
 4609.920  0.0016        
 4609.940  0.0102        
 4609.960  0.0172        
 4609.980  0.0191        
 4610.000  0.0146        
 4610.020  0.0064        
 4610.040 -0.0016        
 4610.060 -0.0069        
 4610.080 -0.0098        
 4610.100 -0.0133        
 4610.120 -0.0194        
 4610.140 -0.0245        
 4610.160 -0.0247        
 4610.180 -0.0225        
 4610.200 -0.0186        
 4610.220 -0.0095        
 4610.240  0.0030        
 4610.260  0.0117        
 4610.280  0.0140        
 4610.300  0.0119        
 4610.320  0.0083        
 4610.340  0.0077        
 4610.360  0.0110        
 4610.380  0.0112        
 4610.400  0.0040        
 4610.420 -0.0047        
 4610.440 -0.0080        
 4610.460 -0.0039        
 4610.480  0.0066        
 4610.500  0.0181        
 4610.520  0.0212        
 4610.540  0.0122        
 4610.560 -0.0018        
 4610.580 -0.0099        
 4610.600 -0.0088        
 4610.620 -0.0031        
 4610.640  0.0036        
 4610.660  0.0101        
 4610.680  0.0128        
 4610.700  0.0121        
 4610.720  0.0143        
 4610.740  0.0194        
 4610.760  0.0190        
 4610.780  0.0107        
 4610.800  0.0018        
 4610.820 -0.0001        
 4610.840  0.0044        
 4610.860  0.0095        
 4610.880  0.0133        
 4610.900  0.0186        
 4610.920  0.0275        
 4610.940  0.0395        
 4610.960  0.0521        
 4610.980  0.0620        
 4611.000  0.0697        
 4611.020  0.0794        
 4611.040  0.0885        
 4611.060  0.0788        
 4611.080  0.0362        
 4611.100 -0.0193        
 4611.120 -0.0496        
 4611.140 -0.0466        
 4611.160 -0.0328        
 4611.180 -0.0245        
 4611.200 -0.0213        
 4611.220 -0.0190        
 4611.240 -0.0147        
 4611.260 -0.0078        
 4611.280 -0.0020        
 4611.300 -0.0007        
 4611.320 -0.0029        
 4611.340 -0.0048        
 4611.360 -0.0041        
 4611.380 -0.0001        
 4611.400  0.0059        
 4611.420  0.0111        
 4611.440  0.0145        
 4611.460  0.0160        
 4611.480  0.0131        
 4611.500  0.0055        
 4611.520 -0.0008        
 4611.540 -0.0029        
 4611.560 -0.0038        
 4611.580 -0.0039        
 4611.600 -0.0015        
 4611.620  0.0000        
 4611.640 -0.0013        
 4611.660 -0.0016        
 4611.680  0.0016        
 4611.700  0.0061        
 4611.720  0.0097        
 4611.740  0.0109        
 4611.760  0.0092        
 4611.780  0.0084        
 4611.800  0.0114        
 4611.820  0.0128        
 4611.840  0.0052        
 4611.860 -0.0100        
 4611.880 -0.0208        
 4611.900 -0.0185        
 4611.920 -0.0090        
 4611.940 -0.0047        
 4611.960 -0.0081        
 4611.980 -0.0094        
 4612.000 -0.0024        
 4612.020  0.0057        
 4612.040  0.0060        
 4612.060  0.0029        
 4612.080  0.0069        
 4612.100  0.0160        
 4612.120  0.0165        
 4612.140  0.0061        
 4612.160 -0.0004        
 4612.180  0.0019        
 4612.200  0.0023        
 4612.220 -0.0034        
 4612.240 -0.0082        
 4612.260 -0.0075        
 4612.280 -0.0039        
 4612.300 -0.0006        
 4612.320  0.0022        
 4612.340  0.0040        
 4612.360  0.0029        
 4612.380  0.0005        
 4612.400 -0.0017        
 4612.420 -0.0086        
 4612.440 -0.0185        
 4612.460 -0.0193        
 4612.480 -0.0093        
 4612.500 -0.0005        
 4612.520  0.0028        
 4612.540  0.0056        
 4612.560  0.0089        
 4612.580  0.0119        
 4612.600  0.0131        
 4612.620  0.0079        
 4612.640 -0.0026        
 4612.660 -0.0072        
 4612.680 -0.0007        
 4612.700  0.0084        
 4612.720  0.0108        
 4612.740  0.0049        
 4612.760 -0.0067        
 4612.780 -0.0170        
 4612.800 -0.0187        
 4612.820 -0.0119        
 4612.840 -0.0039        
 4612.860 -0.0002        
 4612.880 -0.0005        
 4612.900 -0.0018        
 4612.920 -0.0032        
 4612.940 -0.0035        
 4612.960 -0.0012        
 4612.980  0.0011        
 4613.000 -0.0007        
 4613.020 -0.0013        
 4613.040  0.0045        
 4613.060  0.0105        
 4613.080  0.0101        
 4613.100  0.0081        
 4613.120  0.0101        
 4613.140  0.0127        
 4613.160  0.0096        
 4613.180  0.0019        
 4613.200 -0.0051        
 4613.220 -0.0126        
 4613.240 -0.0221        
 4613.260 -0.0250        
 4613.280 -0.0168        
 4613.300 -0.0066        
 4613.320 -0.0017        
 4613.340  0.0010        
 4613.360  0.0047        
 4613.380  0.0052        
 4613.400 -0.0022        
 4613.420 -0.0127        
 4613.440 -0.0163        
 4613.460 -0.0107        
 4613.480 -0.0016        
 4613.500  0.0048        
 4613.520  0.0072        
 4613.540  0.0084        
 4613.560  0.0111        
 4613.580  0.0133        
 4613.600  0.0106        
 4613.620  0.0040        
 4613.640 -0.0025        
 4613.660 -0.0086        
 4613.680 -0.0124        
 4613.700 -0.0096        
 4613.720 -0.0046        
 4613.740 -0.0054        
 4613.760 -0.0077        
 4613.780 -0.0024        
 4613.800  0.0081        
 4613.820  0.0143        
 4613.840  0.0121        
 4613.860  0.0058        
 4613.880  0.0018        
 4613.900  0.0012        
 4613.920  0.0003        
 4613.940 -0.0037        
 4613.960 -0.0081        
 4613.980 -0.0087        
 4614.000 -0.0039        
 4614.020  0.0057        
 4614.040  0.0167        
 4614.060  0.0215        
 4614.080  0.0157        
 4614.100  0.0043        
 4614.120 -0.0050        
 4614.140 -0.0090        
 4614.160 -0.0073        
 4614.180 -0.0005        
 4614.200  0.0084        
 4614.220  0.0134        
 4614.240  0.0101        
 4614.260  0.0029        
 4614.280 -0.0015        
 4614.300 -0.0021        
 4614.320 -0.0021        
 4614.340 -0.0015        
 4614.360  0.0031        
 4614.380  0.0115        
 4614.400  0.0166        
 4614.420  0.0141        
 4614.440  0.0070        
 4614.460 -0.0014        
 4614.480 -0.0099        
 4614.500 -0.0150        
 4614.520 -0.0129        
 4614.540 -0.0034        
 4614.560  0.0095        
 4614.580  0.0173        
 4614.600  0.0121        
 4614.620 -0.0014        
 4614.640 -0.0087        
 4614.660 -0.0049        
 4614.680  0.0029        
 4614.700  0.0086        
 4614.720  0.0093        
 4614.740  0.0040        
 4614.760 -0.0030        
 4614.780 -0.0061        
 4614.800 -0.0050        
 4614.820 -0.0015        
 4614.840  0.0038        
 4614.860  0.0073        
 4614.880  0.0047        
 4614.900 -0.0028        
 4614.920 -0.0085        
 4614.940 -0.0076        
 4614.960 -0.0010        
 4614.980  0.0065        
 4615.000  0.0100        
 4615.020  0.0077        
 4615.040  0.0011        
 4615.060 -0.0060        
 4615.080 -0.0109        
 4615.100 -0.0123        
 4615.120 -0.0090        
 4615.140 -0.0002        
 4615.160  0.0107        
 4615.180  0.0168        
 4615.200  0.0158        
 4615.220  0.0134        
 4615.240  0.0163        
 4615.260  0.0202        
 4615.280  0.0150        
 4615.300 -0.0002        
 4615.320 -0.0149        
 4615.340 -0.0184        
 4615.360 -0.0077        
 4615.380  0.0089        
 4615.400  0.0179        
 4615.420  0.0157        
 4615.440  0.0110        
 4615.460  0.0080        
 4615.480  0.0027        
 4615.500 -0.0036        
 4615.520 -0.0062        
 4615.540 -0.0063        
 4615.560 -0.0047        
 4615.580 -0.0003        
 4615.600  0.0032        
 4615.620  0.0009        
 4615.640 -0.0046        
 4615.660 -0.0086        
 4615.680 -0.0090        
 4615.700 -0.0055        
 4615.720 -0.0010        
 4615.740 -0.0016        
 4615.760 -0.0076        
 4615.780 -0.0105        
 4615.800 -0.0031        
 4615.820  0.0104        
 4615.840  0.0169        
 4615.860  0.0113        
 4615.880  0.0017        
 4615.900 -0.0019        
 4615.920  0.0024        
 4615.940  0.0093        
 4615.960  0.0118        
 4615.980  0.0073        
 4616.000 -0.0008        
 4616.020 -0.0082        
 4616.040 -0.0135        
 4616.060 -0.0149        
 4616.080 -0.0094        
 4616.100  0.0007        
 4616.120  0.0097        
 4616.140  0.0142        
 4616.160  0.0125        
 4616.180  0.0058        
 4616.200  0.0024        
 4616.220  0.0081        
 4616.240  0.0160        
 4616.260  0.0143        
 4616.280  0.0025        
 4616.300 -0.0084        
 4616.320 -0.0102        
 4616.340 -0.0074        
 4616.360 -0.0066        
 4616.380 -0.0069        
 4616.400 -0.0049        
 4616.420 -0.0016        
 4616.440 -0.0008        
 4616.460 -0.0025        
 4616.480 -0.0036        
 4616.500 -0.0040        
 4616.520 -0.0061        
 4616.540 -0.0093        
 4616.560 -0.0110        
 4616.580 -0.0112        
 4616.600 -0.0109        
 4616.620 -0.0100        
 4616.640 -0.0086        
 4616.660 -0.0054        
 4616.680  0.0002        
 4616.700  0.0059        
 4616.720  0.0087        
 4616.740  0.0095        
 4616.760  0.0102        
 4616.780  0.0098        
 4616.800  0.0063        
 4616.820 -0.0001        
 4616.840 -0.0068        
 4616.860 -0.0095        
 4616.880 -0.0059        
 4616.900  0.0007        
 4616.920  0.0007        
 4616.940 -0.0129        
 4616.960 -0.0309        
 4616.980 -0.0349        
 4617.000 -0.0242        
 4617.020 -0.0139        
 4617.040 -0.0077        
 4617.060  0.0014        
 4617.080  0.0114        
 4617.100  0.0134        
 4617.120  0.0046        
 4617.140 -0.0092        
 4617.160 -0.0161        
 4617.180 -0.0082        
 4617.200  0.0068        
 4617.220  0.0137        
 4617.240  0.0108        
 4617.260  0.0066        
 4617.280  0.0039        
 4617.300 -0.0019        
 4617.320 -0.0104        
 4617.340 -0.0140        
 4617.360 -0.0078        
 4617.380  0.0028        
 4617.400  0.0099        
 4617.420  0.0111        
 4617.440  0.0087        
 4617.460  0.0047        
 4617.480  0.0002        
 4617.500 -0.0048        
 4617.520 -0.0084        
 4617.540 -0.0055        
 4617.560  0.0050        
 4617.580  0.0163        
 4617.600  0.0200        
 4617.620  0.0147        
 4617.640  0.0041        
 4617.660 -0.0071        
 4617.680 -0.0159        
 4617.700 -0.0195        
 4617.720 -0.0160        
 4617.740 -0.0066        
 4617.760  0.0041        
 4617.780  0.0115        
 4617.800  0.0139        
 4617.820  0.0121        
 4617.840  0.0083        
 4617.860  0.0044        
 4617.880  0.0015        
 4617.900 -0.0008        
 4617.920 -0.0029        
 4617.940 -0.0035        
 4617.960 -0.0012        
 4617.980  0.0034        
 4618.000  0.0079        
 4618.020  0.0103        
 4618.040  0.0081        
 4618.060  0.0009        
 4618.080 -0.0068        
 4618.100 -0.0120        
 4618.120 -0.0156        
 4618.140 -0.0174        
 4618.160 -0.0146        
 4618.180 -0.0071        
 4618.200  0.0002        
 4618.220  0.0027        
 4618.240  0.0024        
 4618.260  0.0047        
 4618.280  0.0098        
 4618.300  0.0123        
 4618.320  0.0077        
 4618.340 -0.0006        
 4618.360 -0.0043        
 4618.380  0.0012        
 4618.400  0.0109        
 4618.420  0.0149        
 4618.440  0.0091        
 4618.460 -0.0019        
 4618.480 -0.0124        
 4618.500 -0.0185        
 4618.520 -0.0184        
 4618.540 -0.0156        
 4618.560 -0.0125        
 4618.580 -0.0051        
 4618.600  0.0061        
 4618.620  0.0086        
 4618.640 -0.0028        
 4618.660 -0.0166        
 4618.680 -0.0201        
 4618.700 -0.0142        
 4618.720 -0.0071        
 4618.740 -0.0022        
 4618.760  0.0030        
 4618.780  0.0076        
 4618.800  0.0063        
 4618.820 -0.0021        
 4618.840 -0.0093        
 4618.860 -0.0074        
 4618.880  0.0004        
 4618.900  0.0047        
 4618.920  0.0016        
 4618.940 -0.0068        
 4618.960 -0.0151        
 4618.980 -0.0149        
 4619.000 -0.0034        
 4619.020  0.0096        
 4619.040  0.0116        
 4619.060  0.0030        
 4619.080 -0.0031        
 4619.100 -0.0003        
 4619.120  0.0023        
 4619.140 -0.0036        
 4619.160 -0.0109        
 4619.180 -0.0092        
 4619.200 -0.0009        
 4619.220  0.0035        
 4619.240  0.0021        
 4619.260  0.0036        
 4619.280  0.0094        
 4619.300  0.0104        
 4619.320  0.0026        
 4619.340 -0.0053        
 4619.360 -0.0033        
 4619.380  0.0044        
 4619.400  0.0069        
 4619.420  0.0022        
 4619.440 -0.0050        
 4619.460 -0.0102        
 4619.480 -0.0085        
 4619.500  0.0016        
 4619.520  0.0126        
 4619.540  0.0183        
 4619.560  0.0197        
 4619.580  0.0158        
 4619.600  0.0064        
 4619.620  0.0007        
 4619.640  0.0051        
 4619.660  0.0115        
 4619.680  0.0103        
 4619.700  0.0022        
 4619.720 -0.0063        
 4619.740 -0.0100        
 4619.760 -0.0086        
 4619.780 -0.0069        
 4619.800 -0.0095        
 4619.820 -0.0144        
 4619.840 -0.0165        
 4619.860 -0.0140        
 4619.880 -0.0089        
 4619.900 -0.0047        
 4619.920 -0.0041        
 4619.940 -0.0058        
 4619.960 -0.0066        
 4619.980 -0.0071        
 4620.000 -0.0087        
 4620.020 -0.0074        
 4620.040 -0.0010        
 4620.060  0.0036        
 4620.080  0.0006        
 4620.100 -0.0069        
 4620.120 -0.0136        
 4620.140 -0.0184        
 4620.160 -0.0226        
 4620.180 -0.0257        
 4620.200 -0.0250        
 4620.220 -0.0199        
 4620.240 -0.0135        
 4620.260 -0.0087        
 4620.280 -0.0040        
 4620.300  0.0036        
 4620.320  0.0108        
 4620.340  0.0096        
 4620.360 -0.0021        
 4620.380 -0.0151        
 4620.400 -0.0168        
 4620.420 -0.0043        
 4620.440  0.0127        
 4620.460  0.0219        
 4620.480  0.0189        
 4620.500  0.0095        
 4620.520  0.0021        
 4620.540 -0.0004        
 4620.560 -0.0004        
 4620.580  0.0006        
 4620.600  0.0016        
 4620.620 -0.0023        
 4620.640 -0.0104        
 4620.660 -0.0115        
 4620.680 -0.0002        
 4620.700  0.0122        
 4620.720  0.0146        
 4620.740  0.0089        
 4620.760  0.0044        
 4620.780  0.0029        
 4620.800 -0.0016        
 4620.820 -0.0091        
 4620.840 -0.0117        
 4620.860 -0.0055        
 4620.880  0.0032        
 4620.900  0.0062        
 4620.920  0.0035        
 4620.940  0.0021        
 4620.960  0.0036        
 4620.980  0.0016        
 4621.000 -0.0081        
 4621.020 -0.0191        
 4621.040 -0.0216        
 4621.060 -0.0162        
 4621.080 -0.0108        
 4621.100 -0.0083        
 4621.120 -0.0060        
 4621.140 -0.0025        
 4621.160 -0.0012        
 4621.180 -0.0033        
 4621.200 -0.0038        
 4621.220  0.0010        
 4621.240  0.0063        
 4621.260  0.0050        
 4621.280  0.0006        
 4621.300  0.0050        
 4621.320  0.0192        
 4621.340  0.0287        
 4621.360  0.0231        
 4621.380  0.0103        
 4621.400  0.0057        
 4621.420  0.0106        
 4621.440  0.0133        
 4621.460  0.0089        
 4621.480  0.0038        
 4621.500  0.0039        
 4621.520  0.0069        
 4621.540  0.0076        
 4621.560  0.0058        
 4621.580  0.0058        
 4621.600  0.0090        
 4621.620  0.0118        
 4621.640  0.0117        
 4621.660  0.0111        
 4621.680  0.0110        
 4621.700  0.0084        
 4621.720  0.0056        
 4621.740  0.0101        
 4621.760  0.0229        
 4621.780  0.0386        
 4621.800  0.0523        
 4621.820  0.0584        
 4621.840  0.0555        
 4621.860  0.0534        
 4621.880  0.0544        
 4621.900  0.0387        
 4621.920 -0.0026        
 4621.940 -0.0424        
 4621.960 -0.0517        
 4621.980 -0.0341        
 4622.000 -0.0100        
 4622.020  0.0072        
 4622.040  0.0125        
 4622.060  0.0063        
 4622.080 -0.0005        
 4622.100  0.0091        
 4622.120  0.0353        
 4622.140  0.0600        
 4622.160  0.0748        
 4622.180  0.0859        
 4622.200  0.0925        
 4622.220  0.0858        
 4622.240  0.0671        
 4622.260  0.0485        
 4622.280  0.0302        
 4622.300  0.0025        
 4622.320 -0.0258        
 4622.340 -0.0378        
 4622.360 -0.0421        
 4622.380 -0.0525        
 4622.400 -0.0597        
 4622.420 -0.0522        
 4622.440 -0.0363        
 4622.460 -0.0232        
 4622.480 -0.0136        
 4622.500 -0.0016        
 4622.520  0.0121        
 4622.540  0.0185        
 4622.560  0.0141        
 4622.580  0.0066        
 4622.600  0.0045        
 4622.620  0.0063        
 4622.640  0.0052        
 4622.660  0.0011        
 4622.680 -0.0012        
 4622.700 -0.0025        
 4622.720 -0.0061        
 4622.740 -0.0117        
 4622.760 -0.0192        
 4622.780 -0.0285        
 4622.800 -0.0354        
 4622.820 -0.0347        
 4622.840 -0.0271        
 4622.860 -0.0170        
 4622.880 -0.0094        
 4622.900 -0.0077        
 4622.920 -0.0086        
 4622.940 -0.0061        
 4622.960 -0.0033        
 4622.980 -0.0060        
 4623.000 -0.0081        
 4623.020 -0.0051        
 4623.040 -0.0047        
 4623.060 -0.0090        
 4623.080 -0.0070        
 4623.100  0.0055        
 4623.120  0.0168        
 4623.140  0.0142        
 4623.160 -0.0003        
 4623.180 -0.0130        
 4623.200 -0.0145        
 4623.220 -0.0086        
 4623.240 -0.0034        
 4623.260 -0.0007        
 4623.280  0.0019        
 4623.300  0.0021        
 4623.320 -0.0026        
 4623.340 -0.0075        
 4623.360 -0.0073        
 4623.380 -0.0058        
 4623.400 -0.0111        
 4623.420 -0.0208        
 4623.440 -0.0223        
 4623.460 -0.0124        
 4623.480 -0.0017        
 4623.500  0.0035        
 4623.520  0.0061        
 4623.540  0.0066        
 4623.560  0.0049        
 4623.580  0.0032        
 4623.600  0.0023        
 4623.620 -0.0014        
 4623.640 -0.0103        
 4623.660 -0.0196        
 4623.680 -0.0226        
 4623.700 -0.0201        
 4623.720 -0.0170        
 4623.740 -0.0136        
 4623.760 -0.0075        
 4623.780 -0.0005        
 4623.800  0.0028        
 4623.820  0.0025        
 4623.840  0.0038        
 4623.860  0.0088        
 4623.880  0.0128        
 4623.900  0.0130        
 4623.920  0.0110        
 4623.940  0.0086        
 4623.960  0.0054        
 4623.980  0.0009        
 4624.000 -0.0039        
 4624.020 -0.0060        
 4624.040 -0.0014        
 4624.060  0.0101        
 4624.080  0.0223        
 4624.100  0.0257        
 4624.120  0.0166        
 4624.140  0.0018        
 4624.160 -0.0082        
 4624.180 -0.0093        
 4624.200 -0.0057        
 4624.220 -0.0027        
 4624.240 -0.0015        
 4624.260 -0.0007        
 4624.280 -0.0003        
 4624.300 -0.0006        
 4624.320 -0.0014        
 4624.340 -0.0022        
 4624.360 -0.0033        
 4624.380 -0.0040        
 4624.400 -0.0013        
 4624.420  0.0042        
 4624.440  0.0054        
 4624.460 -0.0027        
 4624.480 -0.0140        
 4624.500 -0.0191        
 4624.520 -0.0155        
 4624.540 -0.0075        
 4624.560 -0.0021        
 4624.580 -0.0022        
 4624.600 -0.0029        
 4624.620  0.0013        
 4624.640  0.0062        
 4624.660  0.0062        
 4624.680  0.0034        
 4624.700  0.0022        
 4624.720  0.0026        
 4624.740  0.0034        
 4624.760  0.0038        
 4624.780  0.0009        
 4624.800 -0.0062        
 4624.820 -0.0134        
 4624.840 -0.0148        
 4624.860 -0.0107        
 4624.880 -0.0082        
 4624.900 -0.0103        
 4624.920 -0.0107        
 4624.940 -0.0046        
 4624.960  0.0045        
 4624.980  0.0083        
 4625.000  0.0053        
 4625.020  0.0012        
 4625.040  0.0000        
 4625.060  0.0019        
 4625.080  0.0064        
 4625.100  0.0113        
 4625.120  0.0138        
 4625.140  0.0149        
 4625.160  0.0163        
 4625.180  0.0151        
 4625.200  0.0116        
 4625.220  0.0098        
 4625.240  0.0095        
 4625.260  0.0065        
 4625.280  0.0021        
 4625.300  0.0013        
 4625.320  0.0049        
 4625.340  0.0085        
 4625.360  0.0060        
 4625.380 -0.0039        
 4625.400 -0.0146        
 4625.420 -0.0182        
 4625.440 -0.0161        
 4625.460 -0.0152        
 4625.480 -0.0164        
 4625.500 -0.0153        
 4625.520 -0.0100        
 4625.540 -0.0019        
 4625.560  0.0059        
 4625.580  0.0104        
 4625.600  0.0107        
 4625.620  0.0088        
 4625.640  0.0064        
 4625.660  0.0040        
 4625.680  0.0025        
 4625.700  0.0020        
 4625.720  0.0014        
 4625.740  0.0018        
 4625.760  0.0030        
 4625.780  0.0025        
 4625.800  0.0023        
 4625.820  0.0076        
 4625.840  0.0117        
 4625.860  0.0055        
 4625.880 -0.0039        
 4625.900 -0.0049        
 4625.920 -0.0014        
 4625.940 -0.0026        
 4625.960 -0.0084        
 4625.980 -0.0128        
 4626.000 -0.0127        
 4626.020 -0.0102        
 4626.040 -0.0066        
 4626.060 -0.0005        
 4626.080  0.0080        
 4626.100  0.0134        
 4626.120  0.0091        
 4626.140 -0.0026        
 4626.160 -0.0100        
 4626.180 -0.0044        
 4626.200  0.0097        
 4626.220  0.0197        
 4626.240  0.0184        
 4626.260  0.0099        
 4626.280  0.0021        
 4626.300 -0.0014        
 4626.320 -0.0019        
 4626.340 -0.0035        
 4626.360 -0.0089        
 4626.380 -0.0176        
 4626.400 -0.0269        
 4626.420 -0.0333        
 4626.440 -0.0299        
 4626.460 -0.0153        
 4626.480 -0.0008        
 4626.500  0.0034        
 4626.520  0.0034        
 4626.540  0.0067        
 4626.560  0.0102        
 4626.580  0.0096        
 4626.600  0.0053        
 4626.620  0.0000        
 4626.640 -0.0010        
 4626.660  0.0045        
 4626.680  0.0076        
 4626.700  0.0028        
 4626.720 -0.0002        
 4626.740  0.0041        
 4626.760  0.0061        
 4626.780 -0.0008        
 4626.800 -0.0105        
 4626.820 -0.0144        
 4626.840 -0.0104        
 4626.860 -0.0026        
 4626.880  0.0021        
 4626.900  0.0001        
 4626.920 -0.0066        
 4626.940 -0.0140        
 4626.960 -0.0191        
 4626.980 -0.0187        
 4627.000 -0.0122        
 4627.020 -0.0046        
 4627.040 -0.0013        
 4627.060 -0.0023        
 4627.080 -0.0024        
 4627.100  0.0010        
 4627.120  0.0050        
 4627.140  0.0069        
 4627.160  0.0094        
 4627.180  0.0151        
 4627.200  0.0215        
 4627.220  0.0239        
 4627.240  0.0198        
 4627.260  0.0106        
 4627.280 -0.0006        
 4627.300 -0.0083        
 4627.320 -0.0067        
 4627.340 -0.0007        
 4627.360 -0.0024        
 4627.380 -0.0106        
 4627.400 -0.0132        
 4627.420 -0.0084        
 4627.440 -0.0064        
 4627.460 -0.0121        
 4627.480 -0.0189        
 4627.500 -0.0179        
 4627.520 -0.0083        
 4627.540  0.0009        
 4627.560  0.0020        
 4627.580 -0.0006        
 4627.600  0.0014        
 4627.620  0.0041        
 4627.640 -0.0015        
 4627.660 -0.0115        
 4627.680 -0.0093        
 4627.700  0.0090        
 4627.720  0.0231        
 4627.740  0.0169        
 4627.760  0.0043        
 4627.780  0.0042        
 4627.800  0.0121        
 4627.820  0.0109        
 4627.840 -0.0037        
 4627.860 -0.0189        
 4627.880 -0.0236        
 4627.900 -0.0206        
 4627.920 -0.0177        
 4627.940 -0.0154        
 4627.960 -0.0096        
 4627.980  0.0000        
 4628.000  0.0000        
