           0.9700  1.0000
           0.1500  0.0000
 4697.000  0.8070  1.0451
 4697.020  0.8091  1.0449
 4697.040  0.8124  1.0438
 4697.060  0.8222  1.0419
 4697.080  0.8369  1.0313
 4697.100  0.8475  1.0317
 4697.120  0.8443  1.0337
 4697.140  0.8269  1.0369
 4697.160  0.8061  1.0431
 4697.180  0.7954  1.0301
 4697.200  0.7977  1.0353
 4697.220  0.8029  1.0227
 4697.240  0.8027  1.0403
 4697.260  0.8035  1.0357
 4697.280  0.8107  1.0398
 4697.300  0.8160  1.0357
 4697.320  0.8128  1.0337
 4697.340  0.8074  1.0447
 4697.360  0.8096  1.0421
 4697.380  0.8193  1.0319
 4697.400  0.8288  1.0293
 4697.420  0.8350  1.0466
 4697.440  0.8382  1.0429
 4697.460  0.8351  1.0306
 4697.480  0.8254  1.0418
 4697.500  0.8173  1.0380
 4697.520  0.8150  1.0482
 4697.540  0.8161  1.0423
 4697.560  0.8207  1.0367
 4697.580  0.8327  1.0382
 4697.600  0.8509  1.0355
 4697.620  0.8654  1.0313
 4697.640  0.8703  1.0291
 4697.660  0.8746  1.0269
 4697.680  0.8858  1.0427
 4697.700  0.8937  1.0306
 4697.720  0.8891  1.0309
 4697.740  0.8807  1.0400
 4697.760  0.8775  1.0358
 4697.780  0.8758  1.0435
 4697.800  0.8706  1.0444
 4697.820  0.8638  1.0425
 4697.840  0.8578  1.0386
 4697.860  0.8513  1.0398
 4697.880  0.8383  1.0318
 4697.900  0.8154  1.0339
 4697.920  0.7882  1.0366
 4697.940  0.7655  1.0304
 4697.960  0.7525  1.0343
 4697.980  0.7528  1.0393
 4698.000  0.7683  1.0309
 4698.020  0.7928  1.0322
 4698.040  0.8179  1.0379
 4698.060  0.8429  1.0326
 4698.080  0.8675  1.0346
 4698.100  0.8868  1.0365
 4698.120  0.8999  1.0450
 4698.140  0.9108  1.0310
 4698.160  0.9198  1.0310
 4698.180  0.9262  1.0304
 4698.200  0.9316  1.0261
 4698.220  0.9365  1.0245
 4698.240  0.9385  1.0274
 4698.260  0.9333  1.0266
 4698.280  0.9186  1.0231
 4698.300  0.8984  1.0335
 4698.320  0.8789  1.0181
 4698.340  0.8641  1.0436
 4698.360  0.8555  1.0348
 4698.380  0.8498  1.0458
 4698.400  0.8421  1.0276
 4698.420  0.8375  1.0332
 4698.440  0.8477  1.0326
 4698.460  0.8689  1.0090
 4698.480  0.8872  1.0158
 4698.500  0.9042  1.0206
 4698.520  0.9245  1.0203
 4698.540  0.9370  1.0191
 4698.560  0.9323  1.0237
 4698.580  0.9143  1.0326
 4698.600  0.8875  1.0339
 4698.620  0.8525  1.0303
 4698.640  0.8131  1.0359
 4698.660  0.7760  1.0349
 4698.680  0.7433  1.0264
 4698.700  0.7154  1.0369
 4698.720  0.6994  1.0369
 4698.740  0.7015  1.0204
 4698.760  0.7189  1.0263
 4698.780  0.7437  1.0249
 4698.800  0.7702  1.0227
 4698.820  0.7979  1.0356
 4698.840  0.8247  1.0212
 4698.860  0.8395  1.0232
 4698.880  0.8372  1.0356
 4698.900  0.8306  1.0364
 4698.920  0.8352  1.0291
 4698.940  0.8518  1.0334
 4698.960  0.8697  1.0219
 4698.980  0.8794  1.0312
 4699.000  0.8826  1.0258
 4699.020  0.8850  1.0162
 4699.040  0.8861  1.0185
 4699.060  0.8818  1.0233
 4699.080  0.8701  1.0206
 4699.100  0.8513  0.9991
 4699.120  0.8295  1.0294
 4699.140  0.8078  1.0139
 4699.160  0.7854  1.0180
 4699.180  0.7624  1.0121
 4699.200  0.7408  1.0121
 4699.220  0.7246  1.0101
 4699.240  0.7180  1.0071
 4699.260  0.7167  1.0082
 4699.280  0.7115  0.9953
 4699.300  0.7042  1.0010
 4699.320  0.7062  0.9843
 4699.340  0.7219  0.9967
 4699.360  0.7423  0.9790
 4699.380  0.7566  0.9759
 4699.400  0.7669  0.9744
 4699.420  0.7784  0.9717
 4699.440  0.7829  0.9556
 4699.460  0.7746  0.9658
 4699.480  0.7664  0.9524
 4699.500  0.7715  0.9311
 4699.520  0.7910  0.9140
 4699.540  0.8199  0.8885
 4699.560  0.8504  0.8647
 4699.580  0.8727  0.8291
 4699.600 -1.0000  0.7924
 4699.620 -1.0000  0.7516
 4699.640 -1.0000  0.6683
 4699.660 -1.0000  0.5944
 4699.680 -1.0000  0.5083
 4699.700 -1.0000  0.3868
 4699.720 -1.0000  0.2943
 4699.740 -1.0000  0.2236
 4699.760 -1.0000  0.2165
 4699.780 -1.0000  0.2505
 4699.800 -1.0000  0.3463
 4699.820 -1.0000  0.4577
 4699.840 -1.0000  0.5611
 4699.860 -1.0000  0.6511
 4699.880 -1.0000  0.7052
 4699.900 -1.0000  0.7714
 4699.920  0.8593  0.8107
 4699.940  0.8516  0.8408
 4699.960  0.8478  0.8636
 4699.980  0.8565  0.8803
 4700.000  0.8707  0.8975
 4700.020  0.8803  0.9066
 4700.040  0.8905  0.9054
 4700.060  0.9071  0.9020
 4700.080  0.9238  0.9083
 4700.100  0.9364  0.9251
 4700.120  0.9458  0.9380
 4700.140  0.9484  0.9631
 4700.160  0.9425  0.9652
 4700.180  0.9294  0.9761
 4700.200  0.9047  0.9838
 4700.220  0.8682  0.9927
 4700.240  0.8388  1.0003
 4700.260  0.8317  0.9893
 4700.280  0.8359  0.9932
 4700.300  0.8339  1.0121
 4700.320  0.8216  0.9995
 4700.340  0.8039  1.0057
 4700.360  0.7898  1.0120
 4700.380  0.7835  1.0119
 4700.400  0.7817  1.0089
 4700.420  0.7828  1.0213
 4700.440  0.7924  1.0200
 4700.460  0.8129  1.0197
 4700.480  0.8400  1.0172
 4700.500  0.8681  1.0079
 4700.520  0.8935  1.0237
 4700.540  0.9110  1.0214
 4700.560  0.9184  1.0216
 4700.580  0.9228  1.0211
 4700.600  0.9301  1.0297
 4700.620  0.9338  1.0199
 4700.640  0.9252  1.0318
 4700.660  0.9104  1.0332
 4700.680  0.9034  1.0356
 4700.700  0.9071  1.0320
 4700.720  0.9088  1.0287
 4700.740  0.8943  1.0294
 4700.760  0.8641  1.0310
 4700.780  0.8313  1.0273
 4700.800  0.8086  1.0286
 4700.820  0.8014  1.0331
 4700.840  0.8090  1.0168
 4700.860  0.8250  1.0360
 4700.880  0.8413  1.0249
 4700.900  0.8541  1.0434
 4700.920  0.8648  1.0244
 4700.940  0.8727  1.0273
 4700.960  0.8728  1.0136
 4700.980  0.8630  1.0309
 4701.000  0.8480  1.0274
 4701.020  0.8376  1.0356
 4701.040  0.8413  1.0241
 4701.060  0.8627  1.0321
 4701.080  0.8939  1.0306
 4701.100  0.9186  1.0271
 4701.120  0.9254  1.0323
 4701.140  0.9189  1.0282
 4701.160  0.9141  1.0398
 4701.180  0.9204  1.0244
 4701.200  0.9366  1.0363
 4701.220  0.9546  1.0348
 4701.240  0.9625  1.0297
 4701.260  0.9565  1.0434
 4701.280  0.9481  1.0343
 4701.300  0.9466  1.0260
 4701.320  0.9490  1.0328
 4701.340  0.9478  1.0272
 4701.360  0.9429  1.0299
 4701.380  0.9410  1.0223
 4701.400  0.9415  1.0220
 4701.420  0.9361  1.0308
 4701.440  0.9247  1.0320
 4701.460  0.9154  1.0280
 4701.480  0.9110  1.0326
 4701.500  0.9054  1.0280
 4701.520  0.8908  1.0278
 4701.540  0.8708  1.0371
 4701.560  0.8578  1.0306
 4701.580  0.8585  1.0331
 4701.600  0.8666  1.0368
 4701.620  0.8723  1.0230
 4701.640  0.8767  1.0291
 4701.660  0.8863  1.0236
 4701.680  0.8935  1.0198
 4701.700  0.8921  1.0376
 4701.720  0.8907  1.0319
 4701.740  0.8918  1.0355
 4701.760  0.8875  1.0291
 4701.780  0.8773  1.0276
 4701.800  0.8688  1.0345
 4701.820  0.8674  1.0416
 4701.840  0.8723  1.0312
 4701.860  0.8799  1.0340
 4701.880  0.8855  1.0307
 4701.900  0.8836  1.0214
 4701.920  0.8749  1.0477
 4701.940  0.8661  1.0323
 4701.960  0.8540  1.0338
 4701.980  0.8278  1.0368
 4702.000  0.7870  1.0317
 4702.020  0.7434  1.0336
 4702.040  0.7042  1.0342
 4702.060  0.6671  1.0463
 4702.080  0.6303  1.0364
 4702.100  0.5954  1.0204
 4702.120  0.5681  1.0245
 4702.140  0.5612  1.0240
 4702.160  0.5845  1.0219
 4702.180  0.6322  1.0112
 4702.200  0.6869  1.0124
 4702.220  0.7369  1.0355
 4702.240  0.7812  1.0232
 4702.260  0.8178  1.0230
 4702.280  0.8415  1.0193
 4702.300  0.8550  1.0274
 4702.320  0.8675  1.0084
 4702.340  0.8817  1.0279
 4702.360  0.8918  1.0250
 4702.380  0.8916  1.0277
 4702.400  0.8842  1.0462
 4702.420  0.8789  1.0452
 4702.440  0.8784  1.0477
 4702.460  0.8808  1.0604
 4702.480  0.8864  1.0454
 4702.500  0.8929  1.0468
 4702.520  0.8967  1.0476
 4702.540  0.8980  1.0362
 4702.560  0.8993  1.0497
 4702.580  0.8999  1.0476
 4702.600  0.8978  1.0521
 4702.620  0.8956  1.0538
 4702.640  0.8923  1.0400
 4702.660  0.8825  1.0447
 4702.680  0.8698  1.0472
 4702.700  0.8646  1.0410
 4702.720  0.8676  1.0443
 4702.740  0.8674  1.0265
 4702.760  0.8560  1.0437
 4702.780  0.8412  1.0373
 4702.800  0.8349  1.0433
 4702.820  0.8386  1.0375
 4702.840  0.8490  1.0367
 4702.860  0.8661  1.0345
 4702.880  0.8902  1.0405
 4702.900  0.9138  1.0370
 4702.920  0.9265  1.0412
 4702.940  0.9286  1.0541
 4702.960  0.9270  1.0331
 4702.980  0.9237  1.0365
 4703.000  0.9163  1.0418
 4703.020  0.9014  1.0286
 4703.040  0.8807  1.0360
 4703.060  0.8654  1.0341
 4703.080  0.8635  1.0381
 4703.100  0.8724  1.0341
 4703.120  0.8865  1.0415
 4703.140  0.8988  1.0325
 4703.160  0.9019  1.0436
 4703.180  0.8971  1.0388
 4703.200  0.8937  1.0421
 4703.220  0.8980  1.0423
 4703.240  0.9041  1.0374
 4703.260  0.9013  1.0372
 4703.280  0.8917  1.0374
 4703.300  0.8870  1.0364
 4703.320  0.8893  1.0294
 4703.340  0.8928  1.0225
 4703.360  0.8984  1.0314
 4703.380  0.9096  1.0131
 4703.400  0.9234  1.0245
 4703.420  0.9344  1.0311
 4703.440  0.9370  1.0396
 4703.460  0.9261  1.0411
 4703.480  0.9041  1.0366
 4703.500  0.8759  1.0341
 4703.520  0.8415  1.0409
 4703.540  0.8068  1.0356
 4703.560  0.7890  1.0421
 4703.580  0.7959  1.0293
 4703.600  0.8170  1.0380
 4703.620  0.8389  1.0376
 4703.640  0.8555  1.0342
 4703.660  0.8667  1.0359
 4703.680  0.8757  1.0352
 4703.700  0.8838  1.0436
 4703.720  0.8871  1.0471
 4703.740  0.8853  1.0457
 4703.760  0.8868  1.0468
 4703.780  0.8969  1.0356
 4703.800  0.9102  1.0403
 4703.820  0.9189  1.0322
 4703.840  0.9200  1.0431
 4703.860  0.9134  1.0405
 4703.880  0.8986  1.0455
 4703.900  0.8793  1.0336
 4703.920  0.8711  1.0433
 4703.940  0.8860  1.0402
 4703.960  0.9136  1.0351
 4703.980  0.9341  1.0405
 4704.000  0.9420  1.0401
 4704.020  0.9432  1.0417
 4704.040  0.9405  1.0365
 4704.060  0.9335  1.0511
 4704.080  0.9268  1.0440
 4704.100  0.9256  1.0415
 4704.120  0.9261  1.0300
 4704.140  0.9214  1.0318
 4704.160  0.9124  1.0399
 4704.180  0.9035  1.0300
 4704.200  0.8925  1.0253
 4704.220  0.8771  1.0384
 4704.240  0.8600  1.0318
 4704.260  0.8450  1.0417
 4704.280  0.8364  1.0441
 4704.300  0.8353  1.0380
 4704.320  0.8373  1.0330
 4704.340  0.8399  1.0435
 4704.360  0.8442  1.0290
 4704.380  0.8525  1.0387
 4704.400  0.8655  1.0364
 4704.420  0.8756  1.0284
 4704.440  0.8719  1.0336
 4704.460  0.8556  1.0337
 4704.480  0.8395  1.0367
 4704.500  0.8327  1.0321
 4704.520  0.8313  1.0299
 4704.540  0.8289  1.0268
 4704.560  0.8273  1.0163
 4704.580  0.8258  1.0013
 4704.600  0.8231  1.0335
 4704.620  0.8256  1.0342
 4704.640  0.8369  1.0332
 4704.660  0.8497  1.0410
 4704.680  0.8578  1.0364
 4704.700  0.8631  1.0388
 4704.720  0.8708  1.0338
 4704.740  0.8807  1.0272
 4704.760  0.8903  1.0409
 4704.780  0.8990  1.0409
 4704.800  0.9045  1.0365
 4704.820  0.9007  1.0317
 4704.840  0.8861  1.0509
 4704.860  0.8646  1.0305
 4704.880  0.8427  1.0447
 4704.900  0.8308  1.0499
 4704.920  0.8343  1.0386
 4704.940  0.8468  1.0544
 4704.960  0.8593  1.0289
 4704.980  0.8712  1.0440
 4705.000  0.8899  1.0359
 4705.020  0.9128  1.0382
 4705.040  0.9228  1.0278
 4705.060  0.9105  1.0326
 4705.080  0.8810  1.0387
 4705.100  0.8414  1.0274
 4705.120  0.7978  1.0492
 4705.140  0.7590  1.0311
 4705.160  0.7321  1.0511
 4705.180  0.7213  1.0262
 4705.200  0.7272  1.0397
 4705.220  0.7456  1.0295
 4705.240  0.7686  1.0380
 4705.260  0.7901  1.0310
 4705.280  0.8105  1.0326
 4705.300  0.8322  1.0282
 4705.320  0.8519  1.0454
 4705.340  0.8644  1.0334
 4705.360  0.8722  1.0242
 4705.380  0.8844  1.0368
 4705.400  0.9026  1.0370
 4705.420  0.9154  1.0332
 4705.440  0.9165  1.0295
 4705.460  0.9192  1.0398
 4705.480  0.9334  1.0279
 4705.500  0.9477  1.0390
 4705.520  0.9500  1.0279
 4705.540  0.9399  1.0313
 4705.560  0.9157  1.0261
 4705.580  0.8794  1.0337
 4705.600  0.8435  1.0348
 4705.620  0.8130  1.0393
 4705.640  0.7841  1.0316
 4705.660  0.7692  1.0428
 4705.680  0.7827  1.0236
 4705.700  0.8112  1.0296
 4705.720  0.8329  1.0115
 4705.740  0.8422  1.0149
 4705.760  0.8427  1.0123
 4705.780  0.8429  1.0204
 4705.800  0.8541  1.0232
 4705.820  0.8750  1.0203
 4705.840  0.8927  1.0333
 4705.860  0.9067  1.0319
 4705.880  0.9246  1.0309
 4705.900  0.9420  1.0189
 4705.920  0.9487  1.0376
 4705.940  0.9443  1.0267
 4705.960  0.9351  1.0266
 4705.980  0.9250  1.0294
 4706.000  0.9119  1.0374
 4706.020  0.8926  1.0269
 4706.040  0.8686  1.0319
 4706.060  0.8449  1.0307
 4706.080  0.8266  1.0244
 4706.100  0.8218  1.0259
 4706.120  0.8371  1.0182
 4706.140  0.8673  1.0179
 4706.160  0.8971  1.0225
 4706.180  0.9131  1.0004
 4706.200  0.9137  1.0046
 4706.220  0.9068  1.0007
 4706.240  0.8971  0.9972
 4706.260  0.8850  0.9880
 4706.280  0.8734  0.9795
 4706.300  0.8661  0.9636
 4706.320  0.8627  0.9388
 4706.340  0.8638  0.9275
 4706.360  0.8702  0.8821
 4706.380  0.8784  0.8405
 4706.400 -1.0000  0.7724
 4706.420 -1.0000  0.7121
 4706.440 -1.0000  0.6834
 4706.460 -1.0000  0.7201
 4706.480 -1.0000  0.7953
 4706.500  0.9092  0.8458
 4706.520  0.8915  0.8878
 4706.540  0.8772  0.9220
 4706.560  0.8756  0.9442
 4706.580  0.8800  0.9613
 4706.600  0.8784  0.9728
 4706.620  0.8692  0.9763
 4706.640  0.8613  0.9851
 4706.660  0.8612  0.9916
 4706.680  0.8666  0.9923
 4706.700  0.8719  0.9924
 4706.720  0.8747  0.9840
 4706.740  0.8746  0.9812
 4706.760  0.8721  0.9839
 4706.780  0.8683  0.9743
 4706.800  0.8646  0.9744
 4706.820  0.8625  0.9668
 4706.840  0.8607  0.9706
 4706.860  0.8499  0.9674
 4706.880  0.8214  0.9572
 4706.900  0.7805  0.9580
 4706.920  0.7428  0.9119
 4706.940  0.7212  0.9337
 4706.960  0.7141  0.8915
 4706.980  0.7068  0.8704
 4707.000  0.6959  0.8351
 4707.020 -1.0000  0.7898
 4707.040 -1.0000  0.7237
 4707.060 -1.0000  0.6334
 4707.080 -1.0000  0.5485
 4707.100 -1.0000  0.4651
 4707.120 -1.0000  0.4737
 4707.140 -1.0000  0.5636
 4707.160 -1.0000  0.6904
 4707.180 -1.0000  0.7826
 4707.200 -1.0000  0.8294
 4707.220  0.8926  0.8634
 4707.240  0.8919  0.8950
 4707.260  0.8900  0.9229
 4707.280  0.8887  0.9361
 4707.300  0.8884  0.9456
 4707.320  0.8943  0.9759
 4707.340  0.9093  0.9620
 4707.360  0.9252  0.9878
 4707.380  0.9315  0.9904
 4707.400  0.9268  1.0011
 4707.420  0.9181  1.0102
 4707.440  0.9132  1.0117
 4707.460  0.9135  1.0265
 4707.480  0.9178  1.0200
 4707.500  0.9292  1.0195
 4707.520  0.9483  1.0142
 4707.540  0.9651  1.0145
 4707.560  0.9708  1.0185
 4707.580  0.9688  1.0147
 4707.600  0.9664  1.0212
 4707.620  0.9643  1.0260
 4707.640  0.9575  1.0185
 4707.660  0.9490  1.0331
 4707.680  0.9482  1.0155
 4707.700  0.9518  1.0345
 4707.720  0.9477  1.0329
 4707.740  0.9328  1.0373
 4707.760  0.9152  1.0240
 4707.780  0.9053  1.0247
 4707.800  0.9074  1.0311
 4707.820  0.9139  1.0232
 4707.840  0.9135  1.0321
 4707.860  0.9078  1.0341
 4707.880  0.9074  1.0257
 4707.900  0.9144  1.0252
 4707.920  0.9214  1.0319
 4707.940  0.9231  1.0298
 4707.960  0.9219  1.0255
 4707.980  0.9212  1.0361
 4708.000  0.9129  1.0169
 4708.020  0.8888  1.0427
 4708.040  0.8626  1.0117
 4708.060  0.8545  1.0280
 4708.080  0.8637  0.9962
 4708.100  0.8710  1.0185
 4708.120  0.8670  1.0132
 4708.140  0.8616  1.0237
 4708.160  0.8645  1.0299
 4708.180  0.8692  1.0293
 4708.200  0.8682  1.0364
 4708.220  0.8651  1.0411
 4708.240  0.8629  1.0360
 4708.260  0.8624  1.0393
 4708.280  0.8677  1.0379
 4708.300  0.8769  1.0351
 4708.320  0.8828  1.0380
 4708.340  0.8863  1.0351
 4708.360  0.8912  1.0355
 4708.380  0.8923  1.0304
 4708.400  0.8858  1.0439
 4708.420  0.8749  1.0315
 4708.440  0.8624  1.0350
 4708.460  0.8489  1.0340
 4708.480  0.8359  1.0258
 4708.500  0.8273  1.0344
 4708.520  0.8276  1.0357
 4708.540  0.8350  1.0432
 4708.560  0.8453  1.0548
 4708.580  0.8579  1.0432
 4708.600  0.8737  1.0396
 4708.620  0.8903  1.0396
 4708.640  0.9002  1.0420
 4708.660  0.9007  1.0382
 4708.680  0.8986  1.0277
 4708.700  0.8965  1.0320
 4708.720  0.8886  1.0429
 4708.740  0.8708  1.0311
 4708.760  0.8446  1.0400
 4708.780  0.8153  1.0392
 4708.800  0.7911  1.0281
 4708.820  0.7796  1.0425
 4708.840  0.7810  1.0410
 4708.860  0.7879  1.0445
 4708.880  0.7973  1.0375
 4708.900  0.8126  1.0461
 4708.920  0.8352  1.0253
 4708.940  0.8616  1.0361
 4708.960  0.8855  1.0263
 4708.980  0.9003  1.0406
 4709.000  0.9064  1.0332
 4709.020  0.9102  1.0268
 4709.040  0.9173  1.0405
 4709.060  0.9303  1.0401
 4709.080  0.9441  1.0381
 4709.100  0.9503  1.0351
 4709.120  0.9473  1.0450
 4709.140  0.9403  1.0298
 4709.160  0.9340  1.0386
 4709.180  0.9294  1.0234
 4709.200  0.9250  1.0155
 4709.220  0.9210  1.0067
 4709.240  0.9203  1.0295
 4709.260  0.9239  1.0303
 4709.280  0.9259  1.0386
 4709.300  0.9197  1.0282
 4709.320  0.9068  1.0347
 4709.340  0.8950  1.0373
 4709.360  0.8876  1.0401
 4709.380  0.8796  1.0459
 4709.400  0.8698  1.0350
 4709.420  0.8659  1.0487
 4709.440  0.8701  1.0372
 4709.460  0.8751  1.0401
 4709.480  0.8784  1.0403
 4709.500  0.8837  1.0316
 4709.520  0.8924  1.0475
 4709.540  0.9028  1.0375
 4709.560  0.9089  1.0365
 4709.580  0.9046  1.0274
 4709.600  0.8934  1.0425
 4709.620  0.8845  1.0331
 4709.640  0.8820  1.0362
 4709.660  0.8843  1.0392
 4709.680  0.8864  1.0226
 4709.700  0.8807  1.0347
 4709.720  0.8635  1.0367
 4709.740  0.8387  1.0496
 4709.760  0.8111  1.0324
 4709.780  0.7838  1.0498
 4709.800  0.7561  1.0425
 4709.820  0.7247  1.0261
 4709.840  0.6967  1.0440
 4709.860  0.6853  1.0340
 4709.880  0.6855  1.0377
 4709.900  0.6859  1.0246
 4709.920  0.6936  1.0249
 4709.940  0.7188  1.0296
 4709.960  0.7544  1.0293
 4709.980  0.7855  1.0359
 4710.000  0.8046  1.0400
 4710.020  0.8151  1.0439
 4710.040  0.8268  1.0513
 4710.060  0.8457  1.0592
 4710.080  0.8627  1.0453
 4710.100  0.8686  1.0498
 4710.120  0.8717  1.0390
 4710.140  0.8796  1.0328
 4710.160  0.8884  1.0376
 4710.180  0.8963  1.0355
 4710.200  0.9079  1.0294
 4710.220  0.9252  1.0289
 4710.240  0.9426  1.0380
 4710.260  0.9515  1.0239
 4710.280  0.9521  1.0372
 4710.300  0.9531  1.0219
 4710.320  0.9583  1.0242
 4710.340  0.9641  1.0066
 4710.360  0.9678  1.0217
 4710.380  0.9679  1.0233
 4710.400  0.9659  1.0350
 4710.420  0.9661  1.0246
 4710.440  0.9678  1.0286
 4710.460  0.9664  1.0297
 4710.480  0.9618  1.0366
 4710.500  0.9540  1.0256
 4710.520  0.9387  1.0367
 4710.540  0.9179  1.0307
 4710.560  0.9004  1.0412
 4710.580  0.8900  1.0428
 4710.600  0.8812  1.0382
 4710.620  0.8684  1.0339
 4710.640  0.8534  1.0471
 4710.660  0.8412  1.0432
 4710.680  0.8337  1.0376
 4710.700  0.8309  1.0386
 4710.720  0.8339  1.0336
 4710.740  0.8469  1.0370
 4710.760  0.8723  1.0366
 4710.780  0.9019  1.0323
 4710.800  0.9208  1.0250
 4710.820  0.9262  1.0457
 4710.840  0.9261  1.0292
 4710.860  0.9268  1.0489
 4710.880  0.9312  1.0412
 4710.900  0.9380  1.0322
 4710.920  0.9446  1.0396
 4710.940  0.9519  1.0393
 4710.960  0.9566  1.0384
 4710.980  0.9507  1.0341
 4711.000  0.9349  1.0383
 4711.020  0.9221  1.0321
 4711.040  0.9195  1.0357
 4711.060  0.9233  1.0467
 4711.080  0.9300  1.0439
 4711.100  0.9361  1.0346
 4711.120  0.9350  1.0493
 4711.140  0.9269  1.0427
 4711.160  0.9212  1.0454
 4711.180  0.9259  1.0415
 4711.200  0.9417  1.0387
 4711.220  0.9630  1.0341
 4711.240  0.9763  1.0358
 4711.260  0.9704  1.0397
 4711.280  0.9553  1.0273
 4711.300  0.9518  1.0479
 4711.320  0.9560  1.0362
 4711.340  0.9493  1.0268
 4711.360  0.9351  1.0392
 4711.380  0.9271  1.0309
 4711.400  0.9240  1.0341
 4711.420  0.9202  1.0188
 4711.440  0.9135  1.0145
 4711.460  0.8987  0.9945
 4711.480  0.8767  1.0326
 4711.500  0.8581  1.0239
 4711.520  0.8490  1.0356
 4711.540  0.8513  1.0385
 4711.560  0.8650  1.0262
 4711.580  0.8831  1.0326
 4711.600  0.8980  1.0392
 4711.620  0.9062  1.0260
 4711.640  0.9062  1.0381
 4711.660  0.8996  1.0394
 4711.680  0.8895  1.0348
 4711.700  0.8809  1.0484
 4711.720  0.8773  1.0395
 4711.740  0.8769  1.0355
 4711.760  0.8769  1.0471
 4711.780  0.8748  1.0353
 4711.800  0.8673  1.0456
 4711.820  0.8535  1.0261
 4711.840  0.8359  1.0325
 4711.860  0.8196  1.0372
 4711.880  0.8098  1.0241
 4711.900  0.8090  1.0393
 4711.920  0.8155  1.0339
 4711.940  0.8259  1.0299
 4711.960  0.8429  1.0445
 4711.980  0.8692  1.0379
 4712.000  0.8945  1.0253
 4712.020  0.9078  1.0384
 4712.040  0.9096  1.0347
 4712.060  0.9041  1.0418
 4712.080  0.8967  1.0415
 4712.100  0.8929  1.0430
 4712.120  0.8920  1.0406
 4712.140  0.8908  1.0367
 4712.160  0.8903  1.0427
 4712.180  0.8879  1.0320
 4712.200  0.8754  1.0403
 4712.220  0.8533  1.0382
 4712.240  0.8297  1.0405
 4712.260  0.8099  1.0407
 4712.280  0.8009  1.0468
 4712.300  0.8108  1.0375
 4712.320  0.8345  1.0322
 4712.340  0.8594  1.0423
 4712.360  0.8813  1.0387
 4712.380  0.8965  1.0387
 4712.400  0.8975  1.0304
 4712.420  0.8859  1.0267
 4712.440  0.8702  1.0332
 4712.460  0.8508  1.0291
 4712.480  0.8244  1.0285
 4712.500  0.8004  1.0347
 4712.520  0.7937  1.0235
 4712.540  0.8052  1.0133
 4712.560  0.8204  0.9928
 4712.580  0.8267  1.0085
 4712.600  0.8257  1.0300
 4712.620  0.8215  1.0227
 4712.640  0.8129  1.0349
 4712.660  0.8023  1.0343
 4712.680  0.7957  1.0358
 4712.700  0.7927  1.0395
 4712.720  0.7863  1.0419
 4712.740  0.7706  1.0405
 4712.760  0.7466  1.0314
 4712.780  0.7211  1.0330
 4712.800  0.7009  1.0316
 4712.820  0.6901  1.0449
 4712.840  0.6890  1.0334
 4712.860  0.6980  1.0425
 4712.880  0.7219  1.0416
 4712.900  0.7635  1.0445
 4712.920  0.8118  1.0396
 4712.940  0.8480  1.0462
 4712.960  0.8633  1.0381
 4712.980  0.8633  1.0399
 4713.000  0.8563  1.0240
 4713.020  0.8464  1.0352
 4713.040  0.8326  1.0264
 4713.060  0.8140  1.0352
 4713.080  0.7939  1.0314
 4713.100  0.7783  1.0258
 4713.120  0.7697  1.0389
 4713.140  0.7669  1.0453
 4713.160  0.7664  1.0447
 4713.180  0.7636  1.0574
 4713.200  0.7568  1.0431
 4713.220  0.7526  1.0358
 4713.240  0.7621  1.0388
 4713.260  0.7861  1.0354
 4713.280  0.8152  1.0351
 4713.300  0.8432  1.0254
 4713.320  0.8671  1.0278
 4713.340  0.8844  1.0499
 4713.360  0.8929  1.0337
 4713.380  0.8920  1.0457
 4713.400  0.8874  1.0339
 4713.420  0.8868  1.0507
 4713.440  0.8914  1.0484
 4713.460  0.8939  1.0369
 4713.480  0.8900  1.0370
 4713.500  0.8882  1.0281
 4713.520  0.8978  1.0421
 4713.540  0.9135  1.0245
 4713.560  0.9229  1.0468
 4713.580  0.9191  1.0260
 4713.600  0.9028  1.0138
 4713.620  0.8827  0.9943
 4713.640  0.8625  0.9802
 4713.660  0.8302  1.0153
 4713.680  0.7793  1.0129
 4713.700  0.7266  1.0213
 4713.720  0.6890  1.0282
 4713.740  0.6668  1.0327
 4713.760  0.6620  1.0345
 4713.780  0.6827  1.0254
 4713.800  0.7250  1.0244
 4713.820  0.7761  1.0237
 4713.840  0.8272  1.0063
 4713.860  0.8705  0.9934
 4713.880  0.8984  0.9840
 4713.900  0.9099  0.9809
 4713.920  0.9121  0.9568
 4713.940  0.9107  0.9544
 4713.960  0.9035  0.9704
 4713.980  0.8875  0.9925
 4714.000  0.8694  1.0044
 4714.020  0.8608  1.0125
 4714.040  0.8657  1.0114
 4714.060  0.8785  1.0243
 4714.080  0.8915  1.0162
 4714.100  0.9025  1.0332
 4714.120  0.9168  1.0223
 4714.140  0.9349  1.0253
 4714.160  0.9484  1.0354
 4714.180  0.9484  1.0270
 4714.200  0.9373  1.0353
 4714.220  0.9253  1.0366
 4714.240  0.9139  1.0271
 4714.260  0.8965  1.0384
 4714.280  0.8735  1.0322
 4714.300  0.8524  1.0344
 4714.320  0.8342  1.0245
 4714.340  0.8143  1.0399
 4714.360  0.7982  1.0326
 4714.380  0.7970  1.0300
 4714.400  0.8110  1.0324
 4714.420  0.8300  1.0354
 4714.440  0.8421  1.0292
 4714.460  0.8380  1.0247
 4714.480  0.8149  1.0247
 4714.500  0.7809  1.0358
 4714.520  0.7493  1.0378
 4714.540  0.7311  1.0375
 4714.560  0.7331  1.0337
 4714.580  0.7553  1.0318
 4714.600  0.7858  1.0284
 4714.620  0.8115  1.0202
 4714.640  0.8313  1.0242
 4714.660  0.8512  1.0189
 4714.680  0.8714  1.0104
 4714.700  0.8843  0.9899
 4714.720  0.8845  0.9902
 4714.740  0.8772  1.0165
 4714.760  0.8685  1.0322
 4714.780  0.8552  1.0354
 4714.800  0.8344  1.0437
 4714.820  0.8099  1.0314
 4714.840  0.7883  1.0398
 4714.860  0.7789  1.0416
 4714.880  0.7867  1.0356
 4714.900  0.8030  1.0411
 4714.920  0.8150  1.0287
 4714.940  0.8211  1.0352
 4714.960  0.8276  1.0425
 4714.980  0.8354  1.0340
 4715.000  0.8400  1.0404
 4715.020  0.8413  1.0423
 4715.040  0.8429  1.0355
 4715.060  0.8465  1.0500
 4715.080  0.8504  1.0316
 4715.100  0.8538  1.0495
 4715.120  0.8596  1.0347
 4715.140  0.8696  1.0441
 4715.160  0.8799  1.0400
 4715.180  0.8848  1.0347
 4715.200  0.8860  1.0411
 4715.220  0.8900  1.0340
 4715.240  0.8952  1.0322
 4715.260  0.8939  1.0381
 4715.280  0.8813  1.0289
 4715.300  0.8586  1.0340
 4715.320  0.8317  1.0342
 4715.340  0.8049  1.0348
 4715.360  0.7788  1.0418
 4715.380  0.7553  1.0458
 4715.400  0.7373  1.0367
 4715.420  0.7279  1.0339
 4715.440  0.7321  1.0420
 4715.460  0.7534  1.0273
 4715.480  0.7874  1.0301
 4715.500  0.8217  1.0232
 4715.520  0.8437  1.0266
 4715.540  0.8487  1.0231
 4715.560  0.8419  1.0302
 4715.580  0.8355  1.0387
 4715.600  0.8418  1.0427
 4715.620  0.8618  1.0338
 4715.640  0.8825  1.0435
 4715.660  0.8888  1.0218
 4715.680  0.8747  1.0255
 4715.700  0.8481  1.0242
 4715.720  0.8202  1.0299
 4715.740  0.7931  1.0116
 4715.760  0.7658  0.9904
 4715.780  0.7426  0.9797
 4715.800  0.7297  1.0239
 4715.820  0.7307  1.0123
 4715.840  0.7487  1.0165
 4715.860  0.7794  1.0144
 4715.880  0.8053  1.0148
 4715.900  0.8138  1.0171
 4715.920  0.8116  1.0250
 4715.940  0.8101  1.0153
 4715.960  0.8144  1.0089
 4715.980  0.8265  1.0097
 4716.000  0.8424  0.9923
 4716.020  0.8543  0.9718
 4716.040  0.8662  0.9551
 4716.060  0.8797  0.9209
 4716.080  0.8827  0.8800
 4716.100  0.8788  0.8425
 4716.120  0.8870  0.7819
 4716.140  0.9030  0.7841
 4716.160  0.9073  0.8184
 4716.180  0.8978  0.8836
 4716.200  0.8809  0.9224
 4716.220  0.8568  0.9514
 4716.240  0.8302  0.9769
 4716.260  0.8137  0.9911
 4716.280  0.8140  0.9910
 4716.300  0.8268  0.9997
 4716.320  0.8426  0.9879
 4716.340  0.8537  1.0104
 4716.360  0.8580  0.9950
 4716.380  0.8540  0.9986
 4716.400  0.8422  1.0095
 4716.420  0.8270  1.0115
 4716.440  0.8129  0.9937
 4716.460  0.8014  0.9959
 4716.480  0.7916  0.9825
 4716.500  0.7811  1.0037
 4716.520  0.7700  1.0036
 4716.540  0.7613  1.0123
 4716.560  0.7601  1.0107
 4716.580  0.7706  1.0099
 4716.600  0.7910  1.0023
 4716.620  0.8141  0.9974
 4716.640  0.8337  0.9894
 4716.660  0.8461  0.9836
 4716.680  0.8500  0.9873
 4716.700  0.8499  0.9629
 4716.720  0.8549  0.9584
 4716.740  0.8661  0.8978
 4716.760  0.8770  0.8622
 4716.780  0.8877  0.8244
 4716.800  0.9019  0.8324
 4716.820  0.9161  0.8569
 4716.840  0.9267  0.9185
 4716.860  0.9344  0.9471
 4716.880  0.9372  0.9776
 4716.900  0.9335  0.9860
 4716.920  0.9288  1.0033
 4716.940  0.9289  1.0117
 4716.960  0.9306  1.0045
 4716.980  0.9247  1.0071
 4717.000  0.9109  1.0028
 4717.020  0.9003  1.0233
 4717.040  0.8988  1.0223
 4717.060  0.8997  1.0270
 4717.080  0.8973  1.0222
 4717.100  0.8953  1.0267
 4717.120  0.9008  1.0185
 4717.140  0.9180  1.0275
 4717.160  0.9425  1.0180
 4717.180  0.9600  1.0186
 4717.200  0.9620  1.0194
 4717.220  0.9572  1.0148
 4717.240  0.9614  1.0218
 4717.260  0.9766  1.0062
 4717.280  0.9884  1.0053
 4717.300  0.9885  0.9927
 4717.320  0.9877  0.9909
 4717.340  0.9939  0.9797
 4717.360  0.9984  0.9609
 4717.380  0.9924  0.9445
 4717.400  0.9806  0.9130
 4717.420  0.9712  0.8730
 4717.440  0.9616  0.8186
 4717.460  0.9467  0.7885
 4717.480  0.9331  0.7601
 4717.500  0.9308  0.8084
 4717.520  0.9345  0.8348
 4717.540  0.9255  0.8868
 4717.560  0.8969  0.9249
 4717.580  0.8611  0.9390
 4717.600  0.8344  0.9681
 4717.620  0.8224  0.9811
 4717.640  0.8176  0.9954
 4717.660  0.8123  1.0032
 4717.680  0.8117  1.0065
 4717.700  0.8214  1.0267
 4717.720  0.8330  1.0190
 4717.740  0.8379  1.0213
 4717.760  0.8404  1.0185
 4717.780  0.8432  1.0218
 4717.800  0.8420  1.0080
 4717.820  0.8361  0.9996
 4717.840  0.8301  0.9699
 4717.860  0.8274  0.9938
 4717.880  0.8292  0.9985
 4717.900  0.8347  1.0196
 4717.920  0.8422  1.0202
 4717.940  0.8490  1.0216
 4717.960  0.8521  1.0380
 4717.980  0.8499  1.0169
 4718.000  0.8416  1.0369
 4718.020  0.8290  1.0318
 4718.040  0.8113  1.0365
 4718.060  0.7895  1.0427
 4718.080  0.7718  1.0309
 4718.100  0.7672  1.0158
 4718.120  0.7804  1.0283
 4718.140  0.8101  1.0229
 4718.160  0.8425  1.0051
 4718.180  0.8600  1.0203
 4718.200  0.8583  1.0239
 4718.220  0.8439  1.0251
 4718.240  0.8245  1.0378
 4718.260  0.8056  1.0338
 4718.280  0.7891  1.0296
 4718.300  0.7783  1.0395
 4718.320  0.7787  1.0328
 4718.340  0.7914  1.0453
 4718.360  0.8105  1.0275
 4718.380  0.8296  1.0345
 4718.400  0.8446  1.0374
 4718.420  0.8470  1.0262
 4718.440  0.8276  1.0292
 4718.460  0.7943  1.0340
 4718.480  0.7698  1.0262
 4718.500  0.7693  1.0281
 4718.520  0.7870  1.0355
 4718.540  0.8085  1.0285
 4718.560  0.8268  1.0394
 4718.580  0.8408  1.0261
 4718.600  0.8517  1.0335
 4718.620  0.8646  1.0313
 4718.640  0.8816  1.0389
 4718.660  0.8949  1.0344
 4718.680  0.8969  1.0432
 4718.700  0.8887  1.0306
 4718.720  0.8749  1.0265
 4718.740  0.8593  1.0253
 4718.760  0.8451  1.0304
 4718.780  0.8322  1.0217
 4718.800  0.8176  1.0206
 4718.820  0.8008  1.0187
 4718.840  0.7866  1.0212
 4718.860  0.7767  0.9900
 4718.880  0.7678  1.0175
 4718.900  0.7596  1.0232
 4718.920  0.7543  1.0300
 4718.940  0.7560  1.0202
 4718.960  0.7726  1.0311
 4718.980  0.8035  1.0183
 4719.000  0.8376  1.0320
 4719.020  0.8668  1.0338
 4719.040  0.8879  1.0312
 4719.060  0.8982  1.0289
 4719.080  0.9006  1.0324
 4719.100  0.8999  1.0230
 4719.120  0.8957  1.0430
 4719.140  0.8894  1.0282
 4719.160  0.8894  1.0420
 4719.180  0.8967  1.0310
 4719.200  0.8964  1.0173
 4719.220  0.8807  1.0344
 4719.240  0.8642  1.0226
 4719.260  0.8632  1.0296
 4719.280  0.8740  1.0312
 4719.300  0.8800  1.0257
 4719.320  0.8746  1.0245
 4719.340  0.8634  1.0280
 4719.360  0.8496  1.0222
 4719.380  0.8383  1.0306
 4719.400  0.8405  1.0156
 4719.420  0.8597  1.0312
 4719.440  0.8875  1.0156
 4719.460  0.9141  1.0211
 4719.480  0.9335  1.0220
 4719.500  0.9419  1.0085
 4719.520  0.9411  1.0178
 4719.540  0.9419  1.0181
 4719.560  0.9514  1.0148
 4719.580  0.9641  1.0215
 4719.600  0.9707  1.0053
 4719.620  0.9707  1.0079
 4719.640  0.9686  1.0161
 4719.660  0.9618  1.0084
 4719.680  0.9509  1.0113
 4719.700  0.9476  0.9987
 4719.720  0.9533  0.9971
 4719.740  0.9539  0.9911
 4719.760  0.9421  0.9829
 4719.780  0.9301  0.9852
 4719.800  0.9307  0.9727
 4719.820  0.9343  0.9513
 4719.840  0.9259  0.9427
 4719.860  0.9112  0.9062
 4719.880  0.9043  0.9186
 4719.900  0.9058  0.9026
 4719.920  0.9053  0.8944
 4719.940  0.9000  0.8876
 4719.960  0.8986  0.8685
 4719.980  0.9045  0.8494
 4720.000  0.9110  0.8080
 4720.020 -1.0000  0.7702
 4720.040 -1.0000  0.7065
 4720.060 -1.0000  0.6302
 4720.080 -1.0000  0.5325
 4720.100 -1.0000  0.4305
 4720.120 -1.0000  0.3175
 4720.140 -1.0000  0.2282
 4720.160 -1.0000  0.2087
 4720.180 -1.0000  0.2369
 4720.200 -1.0000  0.3350
 4720.220 -1.0000  0.4543
 4720.240 -1.0000  0.5504
 4720.260 -1.0000  0.6633
 4720.280 -1.0000  0.7263
 4720.300 -1.0000  0.7797
 4720.320  0.7722  0.8256
 4720.340  0.7505  0.8622
 4720.360  0.7152  0.8803
 4720.380  0.6705  0.9101
 4720.400  0.6297  0.9268
 4720.420  0.6145  0.9466
 4720.440  0.6375  0.9464
 4720.460  0.6853  0.9667
 4720.480  0.7365  0.9625
 4720.500  0.7824  0.9806
 4720.520  0.8138  0.9686
 4720.540  0.8194  0.9976
 4720.560  0.8067  1.0068
 4720.580  0.7951  1.0151
 4720.600  0.7928  1.0046
 4720.620  0.7971  1.0044
 4720.640  0.8079  1.0078
 4720.660  0.8262  1.0000
 4720.680  0.8479  1.0083
 4720.700  0.8685  1.0080
 4720.720  0.8921  1.0145
 4720.740  0.9209  1.0083
 4720.760  0.9415  1.0081
 4720.780  0.9454  1.0120
 4720.800  0.9461  1.0084
 4720.820  0.9522  0.9951
 4720.840  0.9520  0.9886
 4720.860  0.9374  0.9727
 4720.880  0.9195  1.0084
 4720.900  0.9130  1.0169
 4720.920  0.9138  1.0180
 4720.940  0.9061  1.0168
 4720.960  0.8858  1.0177
 4720.980  0.8637  1.0222
 4721.000  0.8489  1.0180
 4721.020  0.8411  1.0255
 4721.040  0.8355  1.0225
 4721.060  0.8292  1.0225
 4721.080  0.8235  1.0274
 4721.100  0.8206  1.0187
 4721.120  0.8230  1.0105
 4721.140  0.8339  1.0135
 4721.160  0.8506  1.0093
 4721.180  0.8682  1.0213
 4721.200  0.8863  1.0197
 4721.220  0.9018  1.0211
 4721.240  0.9091  1.0262
 4721.260  0.9110  1.0090
 4721.280  0.9136  1.0173
 4721.300  0.9149  1.0240
 4721.320  0.9075  1.0254
 4721.340  0.8877  1.0202
 4721.360  0.8626  1.0345
 4721.380  0.8444  1.0339
 4721.400  0.8370  1.0361
 4721.420  0.8328  1.0328
 4721.440  0.8233  1.0314
 4721.460  0.8084  1.0259
 4721.480  0.7946  1.0328
 4721.500  0.7841  1.0286
 4721.520  0.7746  1.0314
 4721.540  0.7686  1.0307
 4721.560  0.7757  1.0295
 4721.580  0.7986  1.0335
 4721.600  0.8250  1.0236
 4721.620  0.8415  1.0271
 4721.640  0.8504  1.0224
 4721.660  0.8582  1.0107
 4721.680  0.8639  1.0003
 4721.700  0.8670  1.0101
 4721.720  0.8709  1.0268
 4721.740  0.8742  1.0231
 4721.760  0.8736  1.0265
 4721.780  0.8735  1.0192
 4721.800  0.8806  1.0094
 4721.820  0.8915  0.9859
 4721.840  0.8969  0.9969
 4721.860  0.8970  1.0112
 4721.880  0.9007  1.0223
 4721.900  0.9090  1.0126
 4721.920  0.9126  1.0232
 4721.940  0.9058  1.0289
 4721.960  0.8945  1.0226
 4721.980  0.8875  1.0280
 4722.000  0.8829  1.0207
 4722.020  0.8746  1.0207
 4722.040  0.8668  1.0227
 4722.060  0.8684  1.0153
 4722.080  0.8793  1.0224
 4722.100  0.8896  1.0119
 4722.120  0.8877  1.0132
 4722.140  0.8718  1.0073
 4722.160  0.8539  1.0098
 4722.180  0.8443  1.0062
 4722.200  0.8387  1.0184
 4722.220  0.8299  1.0233
 4722.240  0.8207  1.0176
 4722.260  0.8157  1.0241
 4722.280  0.8133  1.0245
 4722.300  0.8108  1.0213
 4722.320  0.8115  1.0313
 4722.340  0.8211  1.0247
 4722.360  0.8352  1.0254
 4722.380  0.8404  1.0192
 4722.400  0.8307  1.0245
 4722.420  0.8169  1.0301
 4722.440  0.8153  1.0284
 4722.460  0.8280  1.0281
 4722.480  0.8424  1.0317
 4722.500  0.8481  1.0350
 4722.520  0.8466  1.0349
 4722.540  0.8452  1.0330
 4722.560  0.8472  1.0356
 4722.580  0.8473  1.0350
 4722.600  0.8359  1.0291
 4722.620  0.8144  1.0361
 4722.640  0.7968  1.0335
 4722.660  0.7878  1.0299
 4722.680  0.7795  1.0337
 4722.700  0.7720  1.0223
 4722.720  0.7735  1.0260
 4722.740  0.7829  1.0135
 4722.760  0.7931  1.0184
 4722.780  0.8014  0.9991
 4722.800  0.8075  0.9903
 4722.820  0.8145  1.0230
 4722.840  0.8244  1.0138
 4722.860  0.8331  1.0344
 4722.880  0.8394  1.0395
 4722.900  0.8482  1.0395
 4722.920  0.8604  1.0285
 4722.940  0.8687  1.0150
 4722.960  0.8712  1.0311
 4722.980  0.8747  1.0232
 4723.000  0.8822  1.0299
 4723.020  0.8883  1.0336
 4723.040  0.8877  1.0452
 4723.060  0.8773  1.0288
 4723.080  0.8601  1.0467
 4723.100  0.8441  1.0437
 4723.120  0.8267  1.0300
 4723.140  0.7950  1.0375
 4723.160  0.7482  1.0282
 4723.180  0.7043  1.0356
 4723.200  0.6829  1.0373
 4723.220  0.6887  1.0355
 4723.240  0.7115  1.0327
 4723.260  0.7360  1.0234
 4723.280  0.7543  1.0345
 4723.300  0.7693  1.0356
 4723.320  0.7867  1.0223
 4723.340  0.8085  1.0389
 4723.360  0.8318  1.0350
 4723.380  0.8476  1.0274
 4723.400  0.8491  1.0152
 4723.420  0.8376  1.0023
 4723.440  0.8162  1.0170
 4723.460  0.7850  1.0188
 4723.480  0.7412  1.0288
 4723.500  0.6863  1.0310
 4723.520  0.6276  1.0318
 4723.540  0.5730  1.0350
 4723.560  0.5280  1.0161
 4723.580  0.4968  1.0307
 4723.600  0.4810  1.0256
 4723.620  0.4767  1.0260
 4723.640  0.4807  1.0264
 4723.660  0.4962  1.0268
 4723.680  0.5274  1.0272
 4723.700  0.5701  1.0277
 4723.720  0.6142  1.0281
 4723.740  0.6557  1.0285
 4723.760  0.6975  1.0289
 4723.780  0.7414  1.0293
 4723.800  0.7857  1.0297
 4723.820  0.8249  1.0302
 4723.840  0.8491  1.0306
 4723.860  0.8524  1.0310
 4723.880  0.8413  1.0314
 4723.900  0.8271  1.0318
 4723.920  0.8127  1.0323
 4723.940  0.7928  1.0327
 4723.960  0.7662  1.0331
 4723.980  0.7419  1.0335
 4724.000  0.7291  1.0339
 4724.020  0.7275  1.0344
 4724.040  0.7338  1.0380
 4724.060  0.7483  1.0455
 4724.080  0.7731  1.0408
 4724.100  0.8052  1.0330
 4724.120  0.8359  1.0348
 4724.140  0.8523  1.0425
 4724.160  0.8458  1.0497
 4724.180  0.8202  1.0543
 4724.200  0.7918  1.0475
 4724.220  0.7759  1.0467
 4724.240  0.7735  1.0460
 4724.260  0.7768  1.0431
 4724.280  0.7827  1.0422
 4724.300  0.7898  1.0349
 4724.320  0.7936  1.0324
 4724.340  0.7927  1.0334
 4724.360  0.7894  1.0273
 4724.380  0.7850  1.0406
 4724.400  0.7834  1.0395
 4724.420  0.7893  1.0364
 4724.440  0.8014  1.0354
 4724.460  0.8142  1.0358
 4724.480  0.8251  1.0382
 4724.500  0.8354  1.0472
 4724.520  0.8462  1.0397
 4724.540  0.8585  1.0350
 4724.560  0.8743  1.0418
 4724.580  0.8929  1.0347
 4724.600  0.9091  1.0370
 4724.620  0.9178  1.0245
 4724.640  0.9195  1.0211
 4724.660  0.9189  1.0105
 4724.680  0.9169  0.9944
 4724.700  0.9090  1.0224
 4724.720  0.8911  1.0199
 4724.740  0.8671  1.0351
 4724.760  0.8475  1.0269
 4724.780  0.8397  1.0309
 4724.800  0.8479  1.0417
 4724.820  0.8712  1.0294
 4724.840  0.8989  1.0345
 4724.860  0.9193  1.0367
 4724.880  0.9293  1.0345
 4724.900  0.9289  1.0265
 4724.920  0.9189  1.0407
 4724.940  0.9041  1.0199
 4724.960  0.8899  1.0401
 4724.980  0.8772  1.0201
 4725.000  0.8634  1.0402
 4725.020  0.8499  1.0313
 4725.040  0.8399  1.0404
 4725.060  0.8352  1.0312
 4725.080  0.8385  1.0280
 4725.100  0.8545  1.0141
 4725.120  0.8835  1.0031
 4725.140  0.9129  0.9636
 4725.160  0.9311  1.0022
 4725.180  0.9423  1.0047
 4725.200  0.9511  1.0096
 4725.220  0.9528  1.0200
 4725.240  0.9429  1.0117
 4725.260  0.9217  1.0072
 4725.280  0.8996  1.0079
 4725.300  0.8890  1.0007
 4725.320  0.8884  0.9797
 4725.340  0.8851  0.9609
 4725.360  0.8710  0.9337
 4725.380  0.8476  0.8926
 4725.400  0.8231  0.8543
 4725.420  0.8092  0.8490
 4725.440  0.8082  0.8654
 4725.460  0.8109  0.8983
 4725.480  0.8145  0.9487
 4725.500  0.8232  0.9606
 4725.520  0.8332  0.9746
 4725.540  0.8367  0.9962
 4725.560  0.8320  0.9916
 4725.580  0.8210  1.0038
 4725.600  0.8067  0.9902
 4725.620  0.7925  1.0184
 4725.640  0.7831  1.0214
 4725.660  0.7804  1.0407
 4725.680  0.7832  1.0349
 4725.700  0.7920  1.0386
 4725.720  0.8076  1.0294
 4725.740  0.8238  1.0302
 4725.760  0.8316  1.0407
 4725.780  0.8323  1.0290
 4725.800  0.8339  1.0393
 4725.820  0.8409  1.0421
 4725.840  0.8486  1.0335
 4725.860  0.8524  1.0356
 4725.880  0.8570  1.0318
 4725.900  0.8668  1.0380
 4725.920  0.8743  1.0331
 4725.940  0.8747  1.0472
 4725.960  0.8748  1.0487
 4725.980  0.8745  1.0247
 4726.000  0.8680  1.0528
 4726.020  0.8584  1.0225
 4726.040  0.8493  1.0424
 4726.060  0.8361  1.0315
 4726.080  0.8129  1.0263
 4726.100  0.7808  1.0322
 4726.120  0.7502  1.0206
 4726.140  0.7312  1.0398
 4726.160  0.7272  1.0371
 4726.180  0.7352  1.0401
 4726.200  0.7543  1.0367
 4726.220  0.7891  1.0370
 4726.240  0.8330  1.0398
 4726.260  0.8646  1.0328
 4726.280  0.8735  1.0393
 4726.300  0.8720  1.0355
 4726.320  0.8732  1.0332
 4726.340  0.8782  1.0313
 4726.360  0.8828  1.0286
 4726.380  0.8832  1.0272
 4726.400  0.8784  1.0262
 4726.420  0.8703  1.0262
 4726.440  0.8605  1.0211
 4726.460  0.8514  1.0143
 4726.480  0.8475  1.0009
 4726.500  0.8506  0.9801
 4726.520  0.8548  0.9867
 4726.540  0.8542  0.9966
 4726.560  0.8495  1.0051
 4726.580  0.8463  1.0082
 4726.600  0.8455  0.9995
 4726.620  0.8386  0.9933
 4726.640  0.8219  0.9788
 4726.660  0.8060  0.9703
 4726.680  0.8017  0.9610
 4726.700  0.8051  0.9812
 4726.720  0.8010  0.9869
 4726.740  0.7812  1.0080
 4726.760  0.7560  1.0219
 4726.780  0.7401  1.0191
 4726.800  0.7356  1.0191
 4726.820  0.7374  1.0144
 4726.840  0.7406  0.9946
 4726.860  0.7413  0.9783
 4726.880  0.7417  1.0084
 4726.900  0.7496  1.0153
 4726.920  0.7683  1.0280
 4726.940  0.7933  1.0238
 4726.960  0.8193  1.0366
 4726.980  0.8434  1.0292
 4727.000  0.8630  1.0391
 4727.020  0.8753  1.0434
 4727.040  0.8770  1.0410
 4727.060  0.8680  1.0343
 4727.080  0.8581  1.0508
 4727.100  0.8585  1.0400
 4727.120  0.8643  1.0387
 4727.140  0.8655  1.0374
 4727.160  0.8652  1.0426
 4727.180  0.8690  1.0322
 4727.200  0.8745  1.0267
 4727.220  0.8827  1.0403
 4727.240  0.8960  1.0305
 4727.260  0.9042  1.0275
 4727.280  0.8983  1.0294
 4727.300  0.8865  1.0423
 4727.320  0.8797  1.0326
 4727.340  0.8762  1.0422
 4727.360  0.8671  1.0301
 4727.380  0.8461  1.0220
 4727.400  0.8152  1.0155
 4727.420  0.7836  1.0375
 4727.440  0.7596  1.0247
 4727.460  0.7482  1.0319
 4727.480  0.7543  1.0318
 4727.500  0.7757  1.0162
 4727.520  0.7990  1.0217
 4727.540  0.8141  1.0359
 4727.560  0.8215  1.0270
 4727.580  0.8233  1.0314
 4727.600  0.8214  1.0304
 4727.620  0.8214  1.0349
 4727.640  0.8273  1.0215
 4727.660  0.8361  1.0235
 4727.680  0.8456  1.0140
 4727.700  0.8549  1.0017
 4727.720  0.8596  0.9890
 4727.740  0.8586  0.9633
 4727.760  0.8626  0.9425
 4727.780  0.8800  0.9359
 4727.800  0.9018  0.9459
 4727.820  0.9126  0.9687
 4727.840  0.9106  0.9918
 4727.860  0.9065  1.0007
 4727.880  0.9092  1.0181
 4727.900  0.9158  1.0111
 4727.920  0.9206  1.0342
 4727.940  0.9230  1.0288
 4727.960  0.9248  1.0256
 4727.980 -1.0000  1.0309
 4728.000 -1.0000  1.0244
 4697.000  0.0000        
 4697.020  0.0000        
 4697.040  0.0013        
 4697.060  0.0098        
 4697.080  0.0155        
 4697.100  0.0139        
 4697.120  0.0058        
 4697.140 -0.0023        
 4697.160 -0.0042        
 4697.180  0.0000        
 4697.200  0.0038        
 4697.220  0.0004        
 4697.240 -0.0082        
 4697.260 -0.0120        
 4697.280 -0.0072        
 4697.300 -0.0005        
 4697.320  0.0055        
 4697.340  0.0125        
 4697.360  0.0149        
 4697.380  0.0090        
 4697.400  0.0035        
 4697.420  0.0055        
 4697.440  0.0099        
 4697.460  0.0087        
 4697.480  0.0025        
 4697.500 -0.0020        
 4697.520 -0.0012        
 4697.540  0.0004        
 4697.560 -0.0025        
 4697.580 -0.0085        
 4697.600 -0.0101        
 4697.620 -0.0048        
 4697.640  0.0014        
 4697.660  0.0017        
 4697.680 -0.0026        
 4697.700 -0.0062        
 4697.720 -0.0095        
 4697.740 -0.0146        
 4697.760 -0.0151        
 4697.780 -0.0067        
 4697.800  0.0001        
 4697.820 -0.0030        
 4697.840 -0.0094        
 4697.860 -0.0095        
 4697.880 -0.0046        
 4697.900 -0.0016        
 4697.920 -0.0003        
 4697.940  0.0049        
 4697.960  0.0111        
 4697.980  0.0104        
 4698.000  0.0026        
 4698.020 -0.0077        
 4698.040 -0.0165        
 4698.060 -0.0192        
 4698.080 -0.0151        
 4698.100 -0.0100        
 4698.120 -0.0085        
 4698.140 -0.0083        
 4698.160 -0.0066        
 4698.180 -0.0054        
 4698.200 -0.0066        
 4698.220 -0.0084        
 4698.240 -0.0072        
 4698.260 -0.0028        
 4698.280  0.0021        
 4698.300  0.0060        
 4698.320  0.0087        
 4698.340  0.0102        
 4698.360  0.0103        
 4698.380  0.0107        
 4698.400  0.0125        
 4698.420  0.0121        
 4698.440  0.0057        
 4698.460 -0.0015        
 4698.480 -0.0018        
 4698.500  0.0020        
 4698.520  0.0017        
 4698.540 -0.0022        
 4698.560 -0.0008        
 4698.580  0.0083        
 4698.600  0.0154        
 4698.620  0.0137        
 4698.640  0.0079        
 4698.660  0.0021        
 4698.680 -0.0033        
 4698.700 -0.0043        
 4698.720 -0.0010        
 4698.740 -0.0020        
 4698.760 -0.0089        
 4698.780 -0.0128        
 4698.800 -0.0091        
 4698.820 -0.0030        
 4698.840 -0.0014        
 4698.860 -0.0042        
 4698.880 -0.0061        
 4698.900 -0.0025        
 4698.920  0.0029        
 4698.940  0.0025        
 4698.960 -0.0040        
 4698.980 -0.0082        
 4699.000 -0.0040        
 4699.020  0.0076        
 4699.040  0.0203        
 4699.060  0.0257        
 4699.080  0.0203        
 4699.100  0.0111        
 4699.120  0.0058        
 4699.140  0.0045        
 4699.160  0.0056        
 4699.180  0.0098        
 4699.200  0.0143        
 4699.220  0.0144        
 4699.240  0.0100        
 4699.260  0.0041        
 4699.280  0.0015        
 4699.300  0.0076        
 4699.320  0.0172        
 4699.340  0.0153        
 4699.360  0.0014        
 4699.380 -0.0096        
 4699.400 -0.0134        
 4699.420 -0.0154        
 4699.440 -0.0122        
 4699.460 -0.0008        
 4699.480  0.0118        
 4699.500  0.0204        
 4699.520  0.0248        
 4699.540  0.0233        
 4699.560  0.0173        
 4699.580  0.0149        
 4699.600  0.0230        
 4699.620  0.0397        
 4699.640  0.0577        
 4699.660  0.0740        
 4699.680  0.0902        
 4699.700  0.0993        
 4699.720  0.0849        
 4699.740  0.0416        
 4699.760 -0.0099        
 4699.780 -0.0409        
 4699.800 -0.0427        
 4699.820 -0.0307        
 4699.840 -0.0216        
 4699.860 -0.0189        
 4699.880 -0.0165        
 4699.900 -0.0092        
 4699.920 -0.0008        
 4699.940  0.0000        
 4699.960 -0.0084        
 4699.980 -0.0176        
 4700.000 -0.0223        
 4700.020 -0.0244        
 4700.040 -0.0254        
 4700.060 -0.0211        
 4700.080 -0.0093        
 4700.100  0.0035        
 4700.120  0.0076        
 4700.140  0.0018        
 4700.160 -0.0073        
 4700.180 -0.0119        
 4700.200 -0.0067        
 4700.220  0.0052        
 4700.240  0.0132        
 4700.260  0.0131        
 4700.280  0.0118        
 4700.300  0.0109        
 4700.320  0.0053        
 4700.340 -0.0033        
 4700.360 -0.0092        
 4700.380 -0.0116        
 4700.400 -0.0090        
 4700.420 -0.0012        
 4700.440  0.0034        
 4700.460 -0.0022        
 4700.480 -0.0116        
 4700.500 -0.0163        
 4700.520 -0.0150        
 4700.540 -0.0104        
 4700.560 -0.0068        
 4700.580 -0.0085        
 4700.600 -0.0124        
 4700.620 -0.0119        
 4700.640 -0.0081        
 4700.660 -0.0059        
 4700.680 -0.0035        
 4700.700  0.0037        
 4700.720  0.0124        
 4700.740  0.0135        
 4700.760  0.0072        
 4700.780  0.0052        
 4700.800  0.0107        
 4700.820  0.0134        
 4700.840  0.0082        
 4700.860  0.0005        
 4700.880 -0.0044        
 4700.900 -0.0053        
 4700.920 -0.0031        
 4700.940 -0.0002        
 4700.960  0.0016        
 4700.980  0.0032        
 4701.000  0.0050        
 4701.020  0.0041        
 4701.040 -0.0032        
 4701.060 -0.0156        
 4701.080 -0.0257        
 4701.100 -0.0275        
 4701.120 -0.0215        
 4701.140 -0.0104        
 4701.160  0.0013        
 4701.180  0.0063        
 4701.200  0.0016        
 4701.220 -0.0068        
 4701.240 -0.0113        
 4701.260 -0.0103        
 4701.280 -0.0081        
 4701.300 -0.0075        
 4701.320 -0.0063        
 4701.340 -0.0018        
 4701.360  0.0042        
 4701.380  0.0055        
 4701.400 -0.0010        
 4701.420 -0.0109        
 4701.440 -0.0155        
 4701.460 -0.0099        
 4701.480  0.0033        
 4701.500  0.0169        
 4701.520  0.0239        
 4701.540  0.0205        
 4701.560  0.0076        
 4701.580 -0.0088        
 4701.600 -0.0191        
 4701.620 -0.0173        
 4701.640 -0.0067        
 4701.660  0.0032        
 4701.680  0.0058        
 4701.700  0.0014        
 4701.720 -0.0058        
 4701.740 -0.0117        
 4701.760 -0.0140        
 4701.780 -0.0126        
 4701.800 -0.0095        
 4701.820 -0.0072        
 4701.840 -0.0046        
 4701.860 -0.0002        
 4701.880  0.0032        
 4701.900  0.0028        
 4701.920  0.0016        
 4701.940  0.0028        
 4701.960  0.0050        
 4701.980  0.0070        
 4702.000  0.0097        
 4702.020  0.0145        
 4702.040  0.0188        
 4702.060  0.0201        
 4702.080  0.0203        
 4702.100  0.0196        
 4702.120  0.0130        
 4702.140 -0.0008        
 4702.160 -0.0149        
 4702.180 -0.0222        
 4702.200 -0.0212        
 4702.220 -0.0154        
 4702.240 -0.0111        
 4702.260 -0.0130        
 4702.280 -0.0194        
 4702.300 -0.0243        
 4702.320 -0.0231        
 4702.340 -0.0151        
 4702.360 -0.0045        
 4702.380  0.0019        
 4702.400  0.0026        
 4702.420  0.0030        
 4702.440  0.0039        
 4702.460 -0.0017        
 4702.480 -0.0137        
 4702.500 -0.0197        
 4702.520 -0.0099        
 4702.540  0.0051        
 4702.560  0.0063        
 4702.580 -0.0062        
 4702.600 -0.0161        
 4702.620 -0.0158        
 4702.640 -0.0087        
 4702.660  0.0012        
 4702.680  0.0093        
 4702.700  0.0103        
 4702.720  0.0036        
 4702.740 -0.0020        
 4702.760  0.0007        
 4702.780  0.0035        
 4702.800 -0.0028        
 4702.820 -0.0106        
 4702.840 -0.0115        
 4702.860 -0.0103        
 4702.880 -0.0106        
 4702.900 -0.0096        
 4702.920 -0.0080        
 4702.940 -0.0078        
 4702.960 -0.0067        
 4702.980 -0.0042        
 4703.000 -0.0012        
 4703.020  0.0041        
 4703.040  0.0097        
 4703.060  0.0085        
 4703.080 -0.0010        
 4703.100 -0.0117        
 4703.120 -0.0180        
 4703.140 -0.0188        
 4703.160 -0.0146        
 4703.180 -0.0066        
 4703.200  0.0017        
 4703.220  0.0053        
 4703.240  0.0011        
 4703.260 -0.0075        
 4703.280 -0.0123        
 4703.300 -0.0100        
 4703.320 -0.0064        
 4703.340 -0.0041        
 4703.360  0.0024        
 4703.380  0.0116        
 4703.400  0.0137        
 4703.420  0.0065        
 4703.440 -0.0010        
 4703.460 -0.0004        
 4703.480  0.0089        
 4703.500  0.0195        
 4703.520  0.0217        
 4703.540  0.0147        
 4703.560  0.0058        
 4703.580 -0.0015        
 4703.600 -0.0085        
 4703.620 -0.0107        
 4703.640 -0.0044        
 4703.660  0.0036        
 4703.680  0.0029        
 4703.700 -0.0052        
 4703.720 -0.0098        
 4703.740 -0.0073        
 4703.760 -0.0052        
 4703.780 -0.0051        
 4703.800  0.0001        
 4703.820  0.0068        
 4703.840  0.0048        
 4703.860 -0.0052        
 4703.880 -0.0121        
 4703.900 -0.0084        
 4703.920  0.0015        
 4703.940  0.0069        
 4703.960  0.0022        
 4703.980 -0.0070        
 4704.000 -0.0109        
 4704.020 -0.0079        
 4704.040 -0.0034        
 4704.060 -0.0016        
 4704.080 -0.0031        
 4704.100 -0.0057        
 4704.120 -0.0042        
 4704.140  0.0019        
 4704.160  0.0046        
 4704.180 -0.0003        
 4704.200 -0.0049        
 4704.220  0.0001        
 4704.240  0.0117        
 4704.260  0.0175        
 4704.280  0.0127        
 4704.300  0.0041        
 4704.320 -0.0036        
 4704.340 -0.0084        
 4704.360 -0.0049        
 4704.380  0.0042        
 4704.400  0.0060        
 4704.420 -0.0013        
 4704.440 -0.0078        
 4704.460 -0.0089        
 4704.480 -0.0053        
 4704.500  0.0006        
 4704.520  0.0015        
 4704.540 -0.0074        
 4704.560 -0.0162        
 4704.580 -0.0140        
 4704.600 -0.0044        
 4704.620  0.0015        
 4704.640 -0.0018        
 4704.660 -0.0117        
 4704.680 -0.0193        
 4704.700 -0.0179        
 4704.720 -0.0108        
 4704.740 -0.0073        
 4704.760 -0.0091        
 4704.780 -0.0088        
 4704.800 -0.0002        
 4704.820  0.0128        
 4704.840  0.0220        
 4704.860  0.0239        
 4704.880  0.0203        
 4704.900  0.0140        
 4704.920  0.0075        
 4704.940  0.0019        
 4704.960 -0.0038        
 4704.980 -0.0070        
 4705.000 -0.0029        
 4705.020  0.0044        
 4705.040  0.0062        
 4705.060  0.0046        
 4705.080  0.0064        
 4705.100  0.0096        
 4705.120  0.0085        
 4705.140  0.0037        
 4705.160 -0.0014        
 4705.180 -0.0058        
 4705.200 -0.0100        
 4705.220 -0.0112        
 4705.240 -0.0075        
 4705.260 -0.0045        
 4705.280 -0.0075        
 4705.300 -0.0123        
 4705.320 -0.0136        
 4705.340 -0.0108        
 4705.360 -0.0042        
 4705.380  0.0022        
 4705.400 -0.0002        
 4705.420 -0.0121        
 4705.440 -0.0237        
 4705.460 -0.0275        
 4705.480 -0.0206        
 4705.500 -0.0022        
 4705.520  0.0158        
 4705.540  0.0172        
 4705.560  0.0068        
 4705.580  0.0019        
 4705.600  0.0054        
 4705.620  0.0062        
 4705.640 -0.0005        
 4705.660 -0.0073        
 4705.680 -0.0069        
 4705.700 -0.0018        
 4705.720  0.0035        
 4705.740  0.0070        
 4705.760  0.0043        
 4705.780 -0.0059        
 4705.800 -0.0136        
 4705.820 -0.0099        
 4705.840 -0.0015        
 4705.860 -0.0017        
 4705.880 -0.0103        
 4705.900 -0.0127        
 4705.920 -0.0043        
 4705.940  0.0052        
 4705.960  0.0134        
 4705.980  0.0211        
 4706.000  0.0177        
 4706.020  0.0010        
 4706.040 -0.0109        
 4706.060 -0.0095        
 4706.080 -0.0044        
 4706.100 -0.0011        
 4706.120  0.0030        
 4706.140  0.0061        
 4706.160  0.0025        
 4706.180 -0.0070        
 4706.200 -0.0126        
 4706.220 -0.0066        
 4706.240  0.0074        
 4706.260  0.0207        
 4706.280  0.0274        
 4706.300  0.0263        
 4706.320  0.0177        
 4706.340  0.0062        
 4706.360  0.0031        
 4706.380  0.0162        
 4706.400  0.0358        
 4706.420  0.0433        
 4706.440  0.0328        
 4706.460  0.0165        
 4706.480  0.0085        
 4706.500  0.0095        
 4706.520  0.0081        
 4706.540 -0.0023        
 4706.560 -0.0112        
 4706.580 -0.0074        
 4706.600  0.0014        
 4706.620  0.0024        
 4706.640 -0.0018        
 4706.660 -0.0030        
 4706.680 -0.0006        
 4706.700  0.0034        
 4706.720  0.0073        
 4706.740  0.0094        
 4706.760  0.0089        
 4706.780  0.0073        
 4706.800  0.0060        
 4706.820  0.0054        
 4706.840  0.0049        
 4706.860  0.0046        
 4706.880  0.0052        
 4706.900  0.0060        
 4706.920  0.0071        
 4706.940  0.0108        
 4706.960  0.0187        
 4706.980  0.0270        
 4707.000  0.0289        
 4707.020  0.0256        
 4707.040  0.0268        
 4707.060  0.0315        
 4707.080  0.0265        
 4707.100  0.0102        
 4707.120 -0.0079        
 4707.140 -0.0249        
 4707.160 -0.0362        
 4707.180 -0.0341        
 4707.200 -0.0255        
 4707.220 -0.0215        
 4707.240 -0.0190        
 4707.260 -0.0149        
 4707.280 -0.0138        
 4707.300 -0.0136        
 4707.320 -0.0092        
 4707.340 -0.0056        
 4707.360 -0.0074        
 4707.380 -0.0107        
 4707.400 -0.0136        
 4707.420 -0.0148        
 4707.440 -0.0071        
 4707.460  0.0078        
 4707.480  0.0154        
 4707.500  0.0112        
 4707.520  0.0050        
 4707.540  0.0017        
 4707.560 -0.0041        
 4707.580 -0.0146        
 4707.600 -0.0225        
 4707.620 -0.0197        
 4707.640 -0.0088        
 4707.660  0.0000        
 4707.680  0.0003        
 4707.700 -0.0054        
 4707.720 -0.0094        
 4707.740 -0.0067        
 4707.760 -0.0017        
 4707.780 -0.0033        
 4707.800 -0.0105        
 4707.820 -0.0147        
 4707.840 -0.0124        
 4707.860 -0.0079        
 4707.880 -0.0040        
 4707.900  0.0000        
 4707.920  0.0022        
 4707.940 -0.0033        
 4707.960 -0.0154        
 4707.980 -0.0219        
 4708.000 -0.0145        
 4708.020 -0.0004        
 4708.040  0.0071        
 4708.060  0.0065        
 4708.080  0.0077        
 4708.100  0.0133        
 4708.120  0.0146        
 4708.140  0.0079        
 4708.160 -0.0016        
 4708.180 -0.0096        
 4708.200 -0.0141        
 4708.220 -0.0136        
 4708.240 -0.0092        
 4708.260 -0.0024        
 4708.280  0.0054        
 4708.300  0.0086        
 4708.320  0.0017        
 4708.340 -0.0116        
 4708.360 -0.0203        
 4708.380 -0.0185        
 4708.400 -0.0099        
 4708.420 -0.0006        
 4708.440  0.0085        
 4708.460  0.0146        
 4708.480  0.0104        
 4708.500 -0.0011        
 4708.520 -0.0071        
 4708.540 -0.0051        
 4708.560 -0.0022        
 4708.580 -0.0004        
 4708.600  0.0006        
 4708.620 -0.0004        
 4708.640 -0.0005        
 4708.660  0.0021        
 4708.680  0.0013        
 4708.700 -0.0037        
 4708.720 -0.0040        
 4708.740  0.0030        
 4708.760  0.0081        
 4708.780  0.0050        
 4708.800 -0.0013        
 4708.820 -0.0013        
 4708.840  0.0062        
 4708.860  0.0124        
 4708.880  0.0102        
 4708.900  0.0020        
 4708.920 -0.0045        
 4708.940 -0.0061        
 4708.960 -0.0062        
 4708.980 -0.0078        
 4709.000 -0.0101        
 4709.020 -0.0112        
 4709.040 -0.0104        
 4709.060 -0.0089        
 4709.080 -0.0070        
 4709.100 -0.0014        
 4709.120  0.0078        
 4709.140  0.0108        
 4709.160  0.0022        
 4709.180 -0.0055        
 4709.200 -0.0022        
 4709.220  0.0052        
 4709.240  0.0099        
 4709.260  0.0121        
 4709.280  0.0083        
 4709.300 -0.0006        
 4709.320 -0.0037        
 4709.340  0.0025        
 4709.360  0.0093        
 4709.380  0.0113        
 4709.400  0.0096        
 4709.420  0.0041        
 4709.440 -0.0051        
 4709.460 -0.0133        
 4709.480 -0.0141        
 4709.500 -0.0078        
 4709.520 -0.0021        
 4709.540 -0.0014        
 4709.560 -0.0037        
 4709.580 -0.0074        
 4709.600 -0.0119        
 4709.620 -0.0135        
 4709.640 -0.0081        
 4709.660  0.0030        
 4709.680  0.0121        
 4709.700  0.0131        
 4709.720  0.0084        
 4709.740  0.0056        
 4709.760  0.0084        
 4709.780  0.0129        
 4709.800  0.0133        
 4709.820  0.0102        
 4709.840  0.0075        
 4709.860  0.0083        
 4709.880  0.0110        
 4709.900  0.0085        
 4709.920 -0.0044        
 4709.940 -0.0155        
 4709.960 -0.0091        
 4709.980  0.0069        
 4710.000  0.0132        
 4710.020  0.0089        
 4710.040  0.0067        
 4710.060  0.0109        
 4710.080  0.0159        
 4710.100  0.0160        
 4710.120  0.0118        
 4710.140  0.0075        
 4710.160  0.0050        
 4710.180  0.0026        
 4710.200 -0.0014        
 4710.220 -0.0062        
 4710.240 -0.0071        
 4710.260 -0.0020        
 4710.280  0.0036        
 4710.300  0.0037        
 4710.320  0.0013        
 4710.340  0.0021        
 4710.360  0.0052        
 4710.380  0.0050        
 4710.400  0.0000        
 4710.420 -0.0040        
 4710.440 -0.0013        
 4710.460  0.0067        
 4710.480  0.0121        
 4710.500  0.0096        
 4710.520  0.0030        
 4710.540  0.0004        
 4710.560  0.0049        
 4710.580  0.0118        
 4710.600  0.0160        
 4710.620  0.0174        
 4710.640  0.0162        
 4710.660  0.0114        
 4710.680  0.0055        
 4710.700  0.0013        
 4710.720 -0.0037        
 4710.740 -0.0092        
 4710.760 -0.0092        
 4710.780 -0.0053        
 4710.800 -0.0058        
 4710.820 -0.0103        
 4710.840 -0.0108        
 4710.860 -0.0048        
 4710.880  0.0019        
 4710.900  0.0020        
 4710.920 -0.0049        
 4710.940 -0.0103        
 4710.960 -0.0059        
 4710.980  0.0058        
 4711.000  0.0137        
 4711.020  0.0126        
 4711.040  0.0075        
 4711.060  0.0047        
 4711.080  0.0037        
 4711.100 -0.0008        
 4711.120 -0.0090        
 4711.140 -0.0143        
 4711.160 -0.0105        
 4711.180 -0.0006        
 4711.200  0.0058        
 4711.220  0.0028        
 4711.240 -0.0067        
 4711.260 -0.0148        
 4711.280 -0.0139        
 4711.300 -0.0038        
 4711.320  0.0071        
 4711.340  0.0138        
 4711.360  0.0191        
 4711.380  0.0227        
 4711.400  0.0188        
 4711.420  0.0089        
 4711.440  0.0005        
 4711.460 -0.0030        
 4711.480 -0.0008        
 4711.500  0.0064        
 4711.520  0.0115        
 4711.540  0.0092        
 4711.560  0.0038        
 4711.580 -0.0003        
 4711.600 -0.0030        
 4711.620 -0.0019        
 4711.640  0.0036        
 4711.660  0.0063        
 4711.680  0.0048        
 4711.700  0.0053        
 4711.720  0.0071        
 4711.740  0.0046        
 4711.760  0.0014        
 4711.780  0.0022        
 4711.800  0.0062        
 4711.820  0.0121        
 4711.840  0.0168        
 4711.860  0.0131        
 4711.880  0.0018        
 4711.900 -0.0060        
 4711.920 -0.0076        
 4711.940 -0.0097        
 4711.960 -0.0120        
 4711.980 -0.0096        
 4712.000 -0.0024        
 4712.020  0.0051        
 4712.040  0.0090        
 4712.060  0.0089        
 4712.080  0.0064        
 4712.100  0.0026        
 4712.120 -0.0021        
 4712.140 -0.0056        
 4712.160 -0.0042        
 4712.180  0.0007        
 4712.200  0.0027        
 4712.220 -0.0006        
 4712.240 -0.0053        
 4712.260 -0.0080        
 4712.280 -0.0090        
 4712.300 -0.0092        
 4712.320 -0.0083        
 4712.340 -0.0062        
 4712.360 -0.0043        
 4712.380 -0.0034        
 4712.400 -0.0021        
 4712.420 -0.0011        
 4712.440 -0.0025        
 4712.460 -0.0059        
 4712.480 -0.0077        
 4712.500 -0.0068        
 4712.520 -0.0053        
 4712.540 -0.0043        
 4712.560 -0.0008        
 4712.580  0.0065        
 4712.600  0.0124        
 4712.620  0.0118        
 4712.640  0.0073        
 4712.660  0.0053        
 4712.680  0.0063        
 4712.700  0.0041        
 4712.720 -0.0034        
 4712.740 -0.0098        
 4712.760 -0.0084        
 4712.780 -0.0008        
 4712.800  0.0047        
 4712.820  0.0008        
 4712.840 -0.0114        
 4712.860 -0.0229        
 4712.880 -0.0275        
 4712.900 -0.0252        
 4712.920 -0.0143        
 4712.940  0.0031        
 4712.960  0.0121        
 4712.980  0.0033        
 4713.000 -0.0093        
 4713.020 -0.0114        
 4713.040 -0.0055        
 4713.060  0.0009        
 4713.080  0.0042        
 4713.100  0.0031        
 4713.120  0.0030        
 4713.140  0.0102        
 4713.160  0.0175        
 4713.180  0.0142        
 4713.200  0.0050        
 4713.220  0.0009        
 4713.240  0.0031        
 4713.260  0.0040        
 4713.280  0.0019        
 4713.300  0.0040        
 4713.320  0.0117        
 4713.340  0.0133        
 4713.360 -0.0001        
 4713.380 -0.0184        
 4713.400 -0.0218        
 4713.420 -0.0077        
 4713.440  0.0055        
 4713.460  0.0054        
 4713.480 -0.0020        
 4713.500 -0.0067        
 4713.520 -0.0049        
 4713.540  0.0002        
 4713.560  0.0027        
 4713.580  0.0027        
 4713.600  0.0076        
 4713.620  0.0157        
 4713.640  0.0173        
 4713.660  0.0161        
 4713.680  0.0220        
 4713.700  0.0279        
 4713.720  0.0233        
 4713.740  0.0118        
 4713.760 -0.0007        
 4713.780 -0.0130        
 4713.800 -0.0197        
 4713.820 -0.0166        
 4713.840 -0.0083        
 4713.860 -0.0022        
 4713.880  0.0003        
 4713.900  0.0024        
 4713.920  0.0062        
 4713.940  0.0100        
 4713.960  0.0114        
 4713.980  0.0096        
 4714.000  0.0051        
 4714.020 -0.0006        
 4714.040 -0.0056        
 4714.060 -0.0078        
 4714.080 -0.0065        
 4714.100 -0.0033        
 4714.120 -0.0015        
 4714.140 -0.0018        
 4714.160  0.0001        
 4714.180  0.0064        
 4714.200  0.0115        
 4714.220  0.0127        
 4714.240  0.0160        
 4714.260  0.0214        
 4714.280  0.0211        
 4714.300  0.0156        
 4714.320  0.0111        
 4714.340  0.0061        
 4714.360 -0.0049        
 4714.380 -0.0166        
 4714.400 -0.0151        
 4714.420  0.0021        
 4714.440  0.0170        
 4714.460  0.0142        
 4714.480  0.0007        
 4714.500 -0.0059        
 4714.520 -0.0022        
 4714.540 -0.0009        
 4714.560 -0.0070        
 4714.580 -0.0107        
 4714.600 -0.0068        
 4714.620 -0.0015        
 4714.640  0.0001        
 4714.660 -0.0008        
 4714.680 -0.0014        
 4714.700 -0.0016        
 4714.720 -0.0028        
 4714.740 -0.0051        
 4714.760 -0.0087        
 4714.780 -0.0117        
 4714.800 -0.0079        
 4714.820  0.0028        
 4714.840  0.0099        
 4714.860  0.0096        
 4714.880  0.0093        
 4714.900  0.0084        
 4714.920  0.0002        
 4714.940 -0.0112        
 4714.960 -0.0154        
 4714.980 -0.0112        
 4715.000 -0.0069        
 4715.020 -0.0073        
 4715.040 -0.0094        
 4715.060 -0.0104        
 4715.080 -0.0135        
 4715.100 -0.0192        
 4715.120 -0.0228        
 4715.140 -0.0212        
 4715.160 -0.0160        
 4715.180 -0.0107        
 4715.200 -0.0084        
 4715.220 -0.0082        
 4715.240 -0.0047        
 4715.260  0.0040        
 4715.280  0.0128        
 4715.300  0.0166        
 4715.320  0.0191        
 4715.340  0.0275        
 4715.360  0.0364        
 4715.380  0.0307        
 4715.400  0.0109        
 4715.420 -0.0069        
 4715.440 -0.0152        
 4715.460 -0.0188        
 4715.480 -0.0200        
 4715.500 -0.0160        
 4715.520 -0.0073        
 4715.540 -0.0010        
 4715.560 -0.0014        
 4715.580 -0.0040        
 4715.600 -0.0033        
 4715.620  0.0014        
 4715.640  0.0094        
 4715.660  0.0185        
 4715.680  0.0227        
 4715.700  0.0184        
 4715.720  0.0106        
 4715.740  0.0083        
 4715.760  0.0115        
 4715.780  0.0100        
 4715.800  0.0018        
 4715.820 -0.0051        
 4715.840 -0.0086        
 4715.860 -0.0115        
 4715.880 -0.0128        
 4715.900 -0.0114        
 4715.920 -0.0099        
 4715.940 -0.0078        
 4715.960 -0.0021        
 4715.980  0.0061        
 4716.000  0.0118        
 4716.020  0.0130        
 4716.040  0.0138        
 4716.060  0.0163        
 4716.080  0.0152        
 4716.100  0.0065        
 4716.120 -0.0050        
 4716.140 -0.0115        
 4716.160 -0.0101        
 4716.180 -0.0039        
 4716.200  0.0019        
 4716.220  0.0038        
 4716.240  0.0005        
 4716.260 -0.0036        
 4716.280 -0.0013        
 4716.300  0.0043        
 4716.320  0.0036        
 4716.340 -0.0012        
 4716.360 -0.0006        
 4716.380  0.0032        
 4716.400  0.0044        
 4716.420  0.0033        
 4716.440  0.0007        
 4716.460 -0.0041        
 4716.480 -0.0062        
 4716.500  0.0008        
 4716.520  0.0129        
 4716.540  0.0158        
 4716.560  0.0040        
 4716.580 -0.0094        
 4716.600 -0.0146        
 4716.620 -0.0162        
 4716.640 -0.0149        
 4716.660 -0.0064        
 4716.680  0.0034        
 4716.700  0.0088        
 4716.720  0.0135        
 4716.740  0.0163        
 4716.760  0.0103        
 4716.780 -0.0007        
 4716.800 -0.0082        
 4716.820 -0.0103        
 4716.840 -0.0063        
 4716.860  0.0025        
 4716.880  0.0070        
 4716.900 -0.0017        
 4716.920 -0.0177        
 4716.940 -0.0239        
 4716.960 -0.0127        
 4716.980  0.0027        
 4717.000  0.0069        
 4717.020  0.0018        
 4717.040 -0.0020        
 4717.060 -0.0011        
 4717.080 -0.0001        
 4717.100 -0.0032        
 4717.120 -0.0075        
 4717.140 -0.0070        
 4717.160 -0.0011        
 4717.180  0.0027        
 4717.200 -0.0010        
 4717.220 -0.0073        
 4717.240 -0.0087        
 4717.260 -0.0055        
 4717.280 -0.0034        
 4717.300 -0.0033        
 4717.320  0.0015        
 4717.340  0.0116        
 4717.360  0.0204        
 4717.380  0.0252        
 4717.400  0.0283        
 4717.420  0.0292        
 4717.440  0.0247        
 4717.460  0.0160        
 4717.480  0.0090        
 4717.500  0.0034        
 4717.520 -0.0067        
 4717.540 -0.0156        
 4717.560 -0.0117        
 4717.580  0.0002        
 4717.600  0.0087        
 4717.620  0.0139        
 4717.640  0.0144        
 4717.660  0.0045        
 4717.680 -0.0066        
 4717.700 -0.0057        
 4717.720  0.0019        
 4717.740  0.0053        
 4717.760  0.0047        
 4717.780  0.0047        
 4717.800  0.0067        
 4717.820  0.0110        
 4717.840  0.0154        
 4717.860  0.0150        
 4717.880  0.0070        
 4717.900 -0.0052        
 4717.920 -0.0145        
 4717.940 -0.0149        
 4717.960 -0.0054        
 4717.980  0.0092        
 4718.000  0.0205        
 4718.020  0.0216        
 4718.040  0.0148        
 4718.060  0.0075        
 4718.080  0.0014        
 4718.100 -0.0039        
 4718.120 -0.0044        
 4718.140 -0.0024        
 4718.160 -0.0067        
 4718.180 -0.0142        
 4718.200 -0.0133        
 4718.220 -0.0053        
 4718.240  0.0010        
 4718.260  0.0041        
 4718.280  0.0053        
 4718.300  0.0037        
 4718.320 -0.0009        
 4718.340 -0.0059        
 4718.360 -0.0087        
 4718.380 -0.0091        
 4718.400 -0.0074        
 4718.420 -0.0028        
 4718.440  0.0018        
 4718.460  0.0017        
 4718.480  0.0001        
 4718.500  0.0024        
 4718.520  0.0032        
 4718.540 -0.0038        
 4718.560 -0.0138        
 4718.580 -0.0199        
 4718.600 -0.0205        
 4718.620 -0.0150        
 4718.640 -0.0050        
 4718.660  0.0029        
 4718.680  0.0060        
 4718.700  0.0084        
 4718.720  0.0131        
 4718.740  0.0180        
 4718.760  0.0194        
 4718.780  0.0153        
 4718.800  0.0082        
 4718.820  0.0033        
 4718.840  0.0006        
 4718.860 -0.0035        
 4718.880 -0.0049        
 4718.900  0.0029        
 4718.920  0.0126        
 4718.940  0.0125        
 4718.960  0.0042        
 4718.980 -0.0069        
 4719.000 -0.0181        
 4719.020 -0.0237        
 4719.040 -0.0223        
 4719.060 -0.0226        
 4719.080 -0.0242        
 4719.100 -0.0162        
 4719.120  0.0001        
 4719.140  0.0110        
 4719.160  0.0107        
 4719.180  0.0034        
 4719.200 -0.0050        
 4719.220 -0.0083        
 4719.240 -0.0048        
 4719.260  0.0008        
 4719.280  0.0047        
 4719.300  0.0070        
 4719.320  0.0058        
 4719.340  0.0000        
 4719.360 -0.0051        
 4719.380 -0.0063        
 4719.400 -0.0063        
 4719.420 -0.0051        
 4719.440 -0.0008        
 4719.460  0.0026        
 4719.480 -0.0003        
 4719.500 -0.0063        
 4719.520 -0.0063        
 4719.540  0.0021        
 4719.560  0.0094        
 4719.580  0.0079        
 4719.600  0.0027        
 4719.620  0.0027        
 4719.640  0.0075        
 4719.660  0.0092        
 4719.680  0.0071        
 4719.700  0.0094        
 4719.720  0.0164        
 4719.740  0.0191        
 4719.760  0.0132        
 4719.780  0.0031        
 4719.800 -0.0053        
 4719.820 -0.0075        
 4719.840 -0.0013        
 4719.860  0.0110        
 4719.880  0.0234        
 4719.900  0.0296        
 4719.920  0.0270        
 4719.940  0.0192        
 4719.960  0.0133        
 4719.980  0.0128        
 4720.000  0.0169        
 4720.020  0.0277        
 4720.040  0.0474        
 4720.060  0.0715        
 4720.080  0.0955        
 4720.100  0.1181        
 4720.120  0.1223        
 4720.140  0.0888        
 4720.160  0.0350        
 4720.180 -0.0094        
 4720.200 -0.0414        
 4720.220 -0.0558        
 4720.240 -0.0445        
 4720.260 -0.0290        
 4720.280 -0.0278        
 4720.300 -0.0259        
 4720.320 -0.0132        
 4720.340 -0.0008        
 4720.360  0.0066        
 4720.380  0.0123        
 4720.400  0.0124        
 4720.420  0.0042        
 4720.440 -0.0065        
 4720.460 -0.0131        
 4720.480 -0.0155        
 4720.500 -0.0162        
 4720.520 -0.0167        
 4720.540 -0.0152        
 4720.560 -0.0085        
 4720.580 -0.0003        
 4720.600  0.0008        
 4720.620 -0.0039        
 4720.640 -0.0040        
 4720.660  0.0003        
 4720.680 -0.0007        
 4720.700 -0.0083        
 4720.720 -0.0139        
 4720.740 -0.0117        
 4720.760 -0.0068        
 4720.780 -0.0067        
 4720.800 -0.0109        
 4720.820 -0.0137        
 4720.840 -0.0136        
 4720.860 -0.0127        
 4720.880 -0.0085        
 4720.900  0.0036        
 4720.920  0.0183        
 4720.940  0.0230        
 4720.960  0.0179        
 4720.980  0.0135        
 4721.000  0.0128        
 4721.020  0.0106        
 4721.040  0.0057        
 4721.060  0.0019        
 4721.080  0.0023        
 4721.100  0.0051        
 4721.120  0.0052        
 4721.140 -0.0005        
 4721.160 -0.0108        
 4721.180 -0.0218        
 4721.200 -0.0300        
 4721.220 -0.0303        
 4721.240 -0.0199        
 4721.260 -0.0057        
 4721.280  0.0034        
 4721.300  0.0080        
 4721.320  0.0114        
 4721.340  0.0104        
 4721.360  0.0035        
 4721.380 -0.0036        
 4721.400 -0.0051        
 4721.420 -0.0008        
 4721.440  0.0048        
 4721.460  0.0073        
 4721.480  0.0040        
 4721.500 -0.0051        
 4721.520 -0.0129        
 4721.540 -0.0116        
 4721.560 -0.0070        
 4721.580 -0.0101        
 4721.600 -0.0184        
 4721.620 -0.0225        
 4721.640 -0.0217        
 4721.660 -0.0169        
 4721.680 -0.0069        
 4721.700  0.0046        
 4721.720  0.0106        
 4721.740  0.0091        
 4721.760  0.0049        
 4721.780  0.0020        
 4721.800 -0.0004        
 4721.820 -0.0043        
 4721.840 -0.0071        
 4721.860 -0.0044        
 4721.880  0.0032        
 4721.900  0.0086        
 4721.920  0.0059        
 4721.940 -0.0017        
 4721.960 -0.0032        
 4721.980  0.0065        
 4722.000  0.0170        
 4722.020  0.0157        
 4722.040  0.0051        
 4722.060 -0.0014        
 4722.080  0.0029        
 4722.100  0.0110        
 4722.120  0.0135        
 4722.140  0.0106        
 4722.160  0.0070        
 4722.180  0.0035        
 4722.200 -0.0008        
 4722.220 -0.0049        
 4722.240 -0.0049        
 4722.260  0.0003        
 4722.280  0.0073        
 4722.300  0.0112        
 4722.320  0.0064        
 4722.340 -0.0089        
 4722.360 -0.0224        
 4722.380 -0.0198        
 4722.400 -0.0075        
 4722.420 -0.0003        
 4722.440  0.0033        
 4722.460  0.0097        
 4722.480  0.0131        
 4722.500  0.0082        
 4722.520  0.0022        
 4722.540  0.0036        
 4722.560  0.0065        
 4722.580  0.0000        
 4722.600 -0.0088        
 4722.620 -0.0046        
 4722.640  0.0087        
 4722.660  0.0146        
 4722.680  0.0073        
 4722.700 -0.0052        
 4722.720 -0.0135        
 4722.740 -0.0149        
 4722.760 -0.0122        
 4722.780 -0.0098        
 4722.800 -0.0115        
 4722.820 -0.0158        
 4722.840 -0.0159        
 4722.860 -0.0110        
 4722.880 -0.0096        
 4722.900 -0.0144        
 4722.920 -0.0174        
 4722.940 -0.0115        
 4722.960  0.0002        
 4722.980  0.0095        
 4723.000  0.0131        
 4723.020  0.0125        
 4723.040  0.0088        
 4723.060  0.0039        
 4723.080  0.0025        
 4723.100  0.0067        
 4723.120  0.0128        
 4723.140  0.0153        
 4723.160  0.0131        
 4723.180  0.0086        
 4723.200  0.0034        
 4723.220 -0.0034        
 4723.240 -0.0104        
 4723.260 -0.0125        
 4723.280 -0.0073        
 4723.300 -0.0022        
 4723.320 -0.0049        
 4723.340 -0.0106        
 4723.360 -0.0097        
 4723.380 -0.0024        
 4723.400  0.0057        
 4723.420  0.0129        
 4723.440  0.0203        
 4723.460  0.0272        
 4723.480  0.0314        
 4723.500  0.0319        
 4723.520  0.0311        
 4723.540  0.0327        
 4723.560  0.0350        
 4723.580  0.0320        
 4723.600  0.0228        
 4723.620  0.0118        
 4723.640 -0.0003        
 4723.660 -0.0149        
 4723.680 -0.0277        
 4723.700 -0.0331        
 4723.720 -0.0294        
 4723.740 -0.0186        
 4723.760 -0.0063        
 4723.780 -0.0006        
 4723.800 -0.0052        
 4723.820 -0.0142        
 4723.840 -0.0175        
 4723.860 -0.0101        
 4723.880  0.0027        
 4723.900  0.0125        
 4723.920  0.0163        
 4723.940  0.0170        
 4723.960  0.0184        
 4723.980  0.0188        
 4724.000  0.0133        
 4724.020  0.0007        
 4724.040 -0.0132        
 4724.060 -0.0216        
 4724.080 -0.0237        
 4724.100 -0.0219        
 4724.120 -0.0164        
 4724.140 -0.0076        
 4724.160  0.0007        
 4724.180  0.0040        
 4724.200  0.0031        
 4724.220  0.0012        
 4724.240 -0.0036        
 4724.260 -0.0119        
 4724.280 -0.0147        
 4724.300 -0.0066        
 4724.320  0.0034        
 4724.340  0.0064        
 4724.360  0.0032        
 4724.380 -0.0019        
 4724.400 -0.0049        
 4724.420 -0.0045        
 4724.440 -0.0049        
 4724.460 -0.0086        
 4724.480 -0.0106        
 4724.500 -0.0081        
 4724.520 -0.0069        
 4724.540 -0.0093        
 4724.560 -0.0104        
 4724.580 -0.0077        
 4724.600 -0.0053        
 4724.620 -0.0062        
 4724.640 -0.0078        
 4724.660 -0.0057        
 4724.680 -0.0006        
 4724.700  0.0032        
 4724.720  0.0036        
 4724.740  0.0030        
 4724.760  0.0027        
 4724.780  0.0003        
 4724.800 -0.0038        
 4724.820 -0.0049        
 4724.840 -0.0034        
 4724.860 -0.0038        
 4724.880 -0.0039        
 4724.900  0.0019        
 4724.920  0.0114        
 4724.940  0.0152        
 4724.960  0.0088        
 4724.980 -0.0009        
 4725.000 -0.0061        
 4725.020 -0.0070        
 4725.040 -0.0077        
 4725.060 -0.0093        
 4725.080 -0.0107        
 4725.100 -0.0099        
 4725.120 -0.0057        
 4725.140  0.0002        
 4725.160  0.0031        
 4725.180 -0.0002        
 4725.200 -0.0064        
 4725.220 -0.0080        
 4725.240 -0.0036        
 4725.260  0.0012        
 4725.280  0.0048        
 4725.300  0.0110        
 4725.320  0.0201        
 4725.340  0.0232        
 4725.360  0.0132        
 4725.380 -0.0025        
 4725.400 -0.0082        
 4725.420  0.0006        
 4725.440  0.0128        
 4725.460  0.0148        
 4725.480  0.0043        
 4725.500 -0.0091        
 4725.520 -0.0149        
 4725.540 -0.0127        
 4725.560 -0.0091        
 4725.580 -0.0054        
 4725.600  0.0027        
 4725.620  0.0152        
 4725.640  0.0239        
 4725.660  0.0200        
 4725.680  0.0040        
 4725.700 -0.0127        
 4725.720 -0.0180        
 4725.740 -0.0129        
 4725.760 -0.0071        
 4725.780 -0.0024        
 4725.800  0.0042        
 4725.820  0.0059        
 4725.840 -0.0038        
 4725.860 -0.0166        
 4725.880 -0.0190        
 4725.900 -0.0108        
 4725.920 -0.0044        
 4725.940 -0.0049        
 4725.960 -0.0025        
 4725.980  0.0086        
 4726.000  0.0208        
 4726.020  0.0253        
 4726.040  0.0224        
 4726.060  0.0183        
 4726.080  0.0153        
 4726.100  0.0125        
 4726.120  0.0095        
 4726.140  0.0049        
 4726.160 -0.0038        
 4726.180 -0.0133        
 4726.200 -0.0158        
 4726.220 -0.0102        
 4726.240 -0.0051        
 4726.260 -0.0080        
 4726.280 -0.0133        
 4726.300 -0.0099        
 4726.320  0.0022        
 4726.340  0.0112        
 4726.360  0.0089        
 4726.380  0.0005        
 4726.400 -0.0019        
 4726.420  0.0053        
 4726.440  0.0128        
 4726.460  0.0112        
 4726.480  0.0062        
 4726.500  0.0076        
 4726.520  0.0115        
 4726.540  0.0093        
 4726.560  0.0059        
 4726.580  0.0074        
 4726.600  0.0110        
 4726.620  0.0141        
 4726.640  0.0156        
 4726.660  0.0125        
 4726.680  0.0062        
 4726.700  0.0033        
 4726.720  0.0048        
 4726.740  0.0061        
 4726.760  0.0057        
 4726.780  0.0074        
 4726.800  0.0113        
 4726.820  0.0107        
 4726.840  0.0019        
 4726.860 -0.0074        
 4726.880 -0.0122        
 4726.900 -0.0160        
 4726.920 -0.0186        
 4726.940 -0.0138        
 4726.960 -0.0013        
 4726.980  0.0102        
 4727.000  0.0123        
 4727.020  0.0060        
 4727.040 -0.0018        
 4727.060 -0.0051        
 4727.080 -0.0012        
 4727.100  0.0077        
 4727.120  0.0119        
 4727.140  0.0060        
 4727.160 -0.0015        
 4727.180 -0.0016        
 4727.200  0.0019        
 4727.220  0.0013        
 4727.240 -0.0017        
 4727.260  0.0007        
 4727.280  0.0067        
 4727.300  0.0063        
 4727.320  0.0007        
 4727.340 -0.0005        
 4727.360  0.0031        
 4727.380  0.0052        
 4727.400  0.0060        
 4727.420  0.0090        
 4727.440  0.0123        
 4727.460  0.0107        
 4727.480  0.0043        
 4727.500 -0.0008        
 4727.520 -0.0024        
 4727.540 -0.0046        
 4727.560 -0.0099        
 4727.580 -0.0131        
 4727.600 -0.0078        
 4727.620  0.0029        
 4727.640  0.0097        
 4727.660  0.0092        
 4727.680  0.0054        
 4727.700  0.0032        
 4727.720  0.0052        
 4727.740  0.0085        
 4727.760  0.0062        
 4727.780 -0.0009        
 4727.800 -0.0031        
 4727.820  0.0000        
 4727.840 -0.0012        
 4727.860 -0.0070        
 4727.880 -0.0113        
 4727.900 -0.0132        
 4727.920 -0.0131        
 4727.940 -0.0093        
 4727.960 -0.0044        
 4727.980  0.0000        
 4728.000  0.0000        
