           1.0000  1.0000
           0.1500  0.0000
 4847.000  0.9952  0.8037
 4847.020 -1.0000  0.7589
 4847.040 -1.0000  0.7255
 4847.060 -1.0000  0.6930
 4847.080 -1.0000  0.6468
 4847.100 -1.0000  0.5763
 4847.120 -1.0000  0.5108
 4847.140 -1.0000  0.4217
 4847.160 -1.0000  0.3091
 4847.180 -1.0000  0.2530
 4847.200 -1.0000  0.2280
 4847.220 -1.0000  0.1440
 4847.240 -1.0000  0.2596
 4847.260 -1.0000  0.1217
 4847.280 -1.0000  0.0993
 4847.300 -1.0000  0.4592
 4847.320 -1.0000  0.1910
 4847.340 -1.0000  0.1772
 4847.360 -1.0000  0.2657
 4847.380 -1.0000  0.3277
 4847.400 -1.0000  0.4193
 4847.420 -1.0000  0.4722
 4847.440 -1.0000  0.5091
 4847.460 -1.0000  0.5185
 4847.480 -1.0000  0.5200
 4847.500 -1.0000  0.5685
 4847.520 -1.0000  0.6222
 4847.540 -1.0000  0.6947
 4847.560 -1.0000  0.7517
 4847.580 -1.0000  0.7952
 4847.600  0.9278  0.8268
 4847.620  0.9181  0.8638
 4847.640  0.9050  0.8707
 4847.660  0.8859  0.8970
 4847.680  0.8740  0.9042
 4847.700  0.8814  0.9085
 4847.720  0.8892  0.9144
 4847.740  0.8769  0.9328
 4847.760  0.8560  0.9289
 4847.780  0.8462  0.9331
 4847.800  0.8501  0.9178
 4847.820  0.8611  0.9179
 4847.840  0.8773  0.9161
 4847.860  0.8965  0.8991
 4847.880  0.9105  0.8968
 4847.900  0.9166  0.8992
 4847.920  0.9222  0.8800
 4847.940  0.9296  0.8479
 4847.960 -1.0000  0.8062
 4847.980 -1.0000  0.7519
 4848.000 -1.0000  0.6838
 4848.020 -1.0000  0.6323
 4848.040 -1.0000  0.6403
 4848.060 -1.0000  0.6961
 4848.080 -1.0000  0.7703
 4848.100 -1.0000  0.8223
 4848.120  0.9175  0.8626
 4848.140  0.9015  0.8885
 4848.160  0.8774  0.9205
 4848.180  0.8542  0.9176
 4848.200  0.8408  0.9418
 4848.220  0.8400  0.9481
 4848.240  0.8494  0.9498
 4848.260  0.8685  0.9617
 4848.280  0.8956  0.9558
 4848.300  0.9204  0.9618
 4848.320  0.9317  0.9448
 4848.340  0.9297  0.9500
 4848.360  0.9253  0.9378
 4848.380  0.9256  0.9361
 4848.400  0.9292  0.9313
 4848.420  0.9328  0.9030
 4848.440  0.9311  0.8888
 4848.460  0.9195  0.8461
 4848.480  0.8981  0.8010
 4848.500  0.8717  0.7581
 4848.520  0.8457  0.7648
 4848.540  0.8267  0.7835
 4848.560  0.8194  0.8123
 4848.580  0.8184  0.8248
 4848.600  0.8100  0.8183
 4848.620  0.7900  0.8173
 4848.640  0.7704  0.7941
 4848.660 -1.0000  0.7774
 4848.680 -1.0000  0.7217
 4848.700 -1.0000  0.6718
 4848.720 -1.0000  0.6078
 4848.740 -1.0000  0.5281
 4848.760 -1.0000  0.4210
 4848.780 -1.0000  0.3288
 4848.800 -1.0000  0.2441
 4848.820 -1.0000  0.1679
 4848.840 -1.0000  0.2547
 4848.860 -1.0000  0.1610
 4848.880 -1.0000  0.3432
 4848.900 -1.0000  0.3800
 4848.920 -1.0000  0.2657
 4848.940 -1.0000  0.1753
 4848.960 -1.0000  0.2258
 4848.980 -1.0000  0.3243
 4849.000 -1.0000  0.4219
 4849.020 -1.0000  0.5143
 4849.040 -1.0000  0.5868
 4849.060 -1.0000  0.6482
 4849.080 -1.0000  0.7069
 4849.100 -1.0000  0.7560
 4849.120  0.7155  0.8088
 4849.140  0.7302  0.8213
 4849.160  0.7424  0.8614
 4849.180  0.7442  0.8821
 4849.200  0.7345  0.8966
 4849.220  0.7168  0.9120
 4849.240  0.6998  0.9196
 4849.260  0.6934  0.9377
 4849.280  0.6968  0.9382
 4849.300  0.6995  0.9527
 4849.320  0.6989  0.9595
 4849.340  0.6984  0.9562
 4849.360  0.6967  0.9831
 4849.380  0.6970  0.9806
 4849.400  0.7096  0.9802
 4849.420  0.7373  0.9860
 4849.440  0.7710  0.9817
 4849.460  0.8013  0.9859
 4849.480  0.8269  1.0040
 4849.500  0.8512  1.0077
 4849.520  0.8763  1.0003
 4849.540  0.9003  1.0014
 4849.560  0.9184  1.0035
 4849.580  0.9275  0.9958
 4849.600  0.9320  1.0060
 4849.620  0.9388  1.0035
 4849.640  0.9505  1.0056
 4849.660  0.9684  1.0045
 4849.680  0.9904  1.0164
 4849.700  1.0070  1.0126
 4849.720  1.0119  1.0083
 4849.740  1.0117  1.0148
 4849.760  1.0109  0.9962
 4849.780  1.0017  1.0011
 4849.800  0.9788  0.9942
 4849.820  0.9548  0.9981
 4849.840  0.9470  0.9990
 4849.860  0.9521  0.9924
 4849.880  0.9534  1.0004
 4849.900  0.9452  1.0031
 4849.920  0.9314  1.0058
 4849.940  0.9153  0.9966
 4849.960  0.9056  0.9982
 4849.980  0.9110  0.9981
 4850.000  0.9266  0.9890
 4850.020  0.9409  0.9889
 4850.040  0.9486  0.9811
 4850.060  0.9457  0.9764
 4850.080  0.9311  0.9765
 4850.100  0.9115  0.9635
 4850.120  0.8939  0.9580
 4850.140  0.8750  0.9453
 4850.160  0.8429  0.9316
 4850.180  0.7959  0.9263
 4850.200  0.7538  0.9154
 4850.220  0.7369  0.8994
 4850.240  0.7436  0.8810
 4850.260  0.7568  0.8441
 4850.280  0.7639  0.8230
 4850.300 -1.0000  0.7673
 4850.320 -1.0000  0.7392
 4850.340 -1.0000  0.6421
 4850.360 -1.0000  0.5717
 4850.380 -1.0000  0.4536
 4850.400 -1.0000  0.3307
 4850.420 -1.0000  0.2242
 4850.440 -1.0000  0.2504
 4850.460 -1.0000  0.5217
 4850.480 -1.0000  0.4079
 4850.500 -1.0000  0.3136
 4850.520 -1.0000  0.2296
 4850.540 -1.0000  0.2576
 4850.560 -1.0000  0.3684
 4850.580 -1.0000  0.4894
 4850.600 -1.0000  0.6009
 4850.620 -1.0000  0.6714
 4850.640 -1.0000  0.7428
 4850.660 -1.0000  0.7910
 4850.680  0.8777  0.8330
 4850.700  0.8816  0.8609
 4850.720  0.8939  0.8895
 4850.740  0.9164  0.9147
 4850.760  0.9393  0.9249
 4850.780  0.9520  0.9405
 4850.800  0.9556  0.9419
 4850.820  0.9539  0.9433
 4850.840  0.9494  0.9470
 4850.860  0.9489  0.9324
 4850.880  0.9454  0.8783
 4850.900  0.9238  0.9357
 4850.920  0.8909  0.9570
 4850.940  0.8628  0.9753
 4850.960  0.8369  0.9844
 4850.980  0.8011  0.9826
 4851.000  0.7551  0.9914
 4851.020  0.7134  0.9978
 4851.040  0.6857  1.0035
 4851.060  0.6631  1.0025
 4851.080  0.6347  1.0173
 4851.100  0.6073  1.0080
 4851.120  0.5950  1.0203
 4851.140  0.6009  1.0168
 4851.160  0.6190  1.0156
 4851.180  0.6437  1.0024
 4851.200  0.6725  1.0134
 4851.220  0.7039  1.0053
 4851.240  0.7342  1.0043
 4851.260  0.7595  1.0064
 4851.280  0.7813  1.0002
 4851.300  0.8060  1.0081
 4851.320  0.8310  1.0041
 4851.340  0.8408  0.9998
 4851.360  0.8311  1.0049
 4851.380  0.8153  0.9998
 4851.400  0.8001  1.0089
 4851.420  0.7821  0.9911
 4851.440  0.7657  1.0019
 4851.460  0.7570  0.9969
 4851.480  0.7497  0.9794
 4851.500  0.7373  0.9810
 4851.520  0.7227  0.9766
 4851.540  0.7108  0.9609
 4851.560  0.7088  0.9588
 4851.580  0.7232  0.9376
 4851.600  0.7462  0.9188
 4851.620  0.7687  0.9108
 4851.640  0.7944  0.8713
 4851.660  0.8202  0.8342
 4851.680 -1.0000  0.7906
 4851.700 -1.0000  0.7189
 4851.720 -1.0000  0.6439
 4851.740 -1.0000  0.5524
 4851.760 -1.0000  0.4586
 4851.780 -1.0000  0.4249
 4851.800 -1.0000  0.4578
 4851.820 -1.0000  0.5401
 4851.840 -1.0000  0.6133
 4851.860 -1.0000  0.6747
 4851.880 -1.0000  0.7146
 4851.900 -1.0000  0.7194
 4851.920 -1.0000  0.7114
 4851.940 -1.0000  0.6663
 4851.960 -1.0000  0.6152
 4851.980 -1.0000  0.5182
 4852.000 -1.0000  0.3948
 4852.020 -1.0000  0.2521
 4852.040 -1.0000  0.1799
 4852.060 -1.0000  0.7504
 4852.080 -1.0000  0.1729
 4852.100 -1.0000  0.2789
 4852.120 -1.0000  0.4182
 4852.140 -1.0000  0.5649
 4852.160 -1.0000  0.6698
 4852.180 -1.0000  0.7555
 4852.200 -1.0000  0.8048
 4852.220  0.7291  0.8541
 4852.240  0.7388  0.8843
 4852.260  0.7547  0.9021
 4852.280  0.7657  0.9126
 4852.300  0.7704  0.9173
 4852.320  0.7814  0.9271
 4852.340  0.8051  0.9368
 4852.360  0.8343  0.9466
 4852.380  0.8586  0.9564
 4852.400  0.8731  0.9661
 4852.420  0.8788  0.9759
 4852.440  0.8791  0.9856
 4852.460  0.8768  0.9954
 4852.480  0.8702  1.0051
 4852.500  0.8546  1.0149
 4852.520  0.8326  1.0246
 4852.540  0.8174  1.0281
 4852.560  0.8116  1.0229
 4852.580  0.7992  1.0256
 4852.600  0.7715  1.0209
 4852.620  0.7364  1.0178
 4852.640  0.6980  1.0192
 4852.660  0.6542  1.0140
 4852.680  0.6091  1.0268
 4852.700  0.5700  1.0187
 4852.720  0.5373  1.0256
 4852.740  0.5061  1.0159
 4852.760  0.4783  1.0192
 4852.780  0.4661  1.0221
 4852.800  0.4799  1.0201
 4852.820  0.5176  1.0149
 4852.840  0.5706  1.0114
 4852.860  0.6329  1.0090
 4852.880  0.7008  0.9994
 4852.900  0.7658  0.9956
 4852.920  0.8188  0.9766
 4852.940  0.8571  0.9434
 4852.960  0.8823  0.8905
 4852.980  0.8947  0.9073
 4853.000  0.8877  0.9307
 4853.020  0.8546  0.9577
 4853.040  0.8115  0.9634
 4853.060  0.7853  0.9392
 4853.080  0.7813  0.9332
 4853.100  0.7829  0.9045
 4853.120  0.7759  0.8800
 4853.140  0.7694  0.8832
 4853.160  0.7804  0.8749
 4853.180  0.8035  0.8327
 4853.200 -1.0000  0.7947
 4853.220 -1.0000  0.7211
 4853.240 -1.0000  0.6251
 4853.260 -1.0000  0.5179
 4853.280 -1.0000  0.4279
 4853.300 -1.0000  0.3835
 4853.320 -1.0000  0.4487
 4853.340 -1.0000  0.5469
 4853.360 -1.0000  0.6676
 4853.380 -1.0000  0.7539
 4853.400 -1.0000  0.8249
 4853.420  0.9972  0.8713
 4853.440  0.9934  0.9061
 4853.460  0.9769  0.9313
 4853.480  0.9657  0.9572
 4853.500  0.9742  0.9690
 4853.520  0.9878  0.9729
 4853.540  0.9863  0.9710
 4853.560  0.9687  0.9724
 4853.580  0.9453  0.9965
 4853.600  0.9170  0.9977
 4853.620  0.8769  1.0128
 4853.640  0.8338  1.0151
 4853.660  0.8075  1.0164
 4853.680  0.8029  1.0275
 4853.700  0.8112  1.0268
 4853.720  0.8233  1.0248
 4853.740  0.8336  1.0250
 4853.760  0.8411  1.0259
 4853.780  0.8484  1.0199
 4853.800  0.8542  1.0169
 4853.820  0.8552  1.0285
 4853.840  0.8548  1.0314
 4853.860  0.8595  1.0259
 4853.880  0.8713  1.0334
 4853.900  0.8850  1.0389
 4853.920  0.8875  1.0242
 4853.940  0.8706  1.0408
 4853.960  0.8411  1.0382
 4853.980  0.8100  1.0250
 4854.000  0.7855  1.0371
 4854.020  0.7729  1.0167
 4854.040  0.7723  1.0223
 4854.060  0.7811  1.0161
 4854.080  0.7972  1.0115
 4854.100  0.8173  1.0099
 4854.120  0.8354  1.0090
 4854.140  0.8447  1.0110
 4854.160  0.8434  1.0052
 4854.180  0.8370  0.9944
 4854.200  0.8267  0.9838
 4854.220  0.8032  0.9558
 4854.240  0.7679  0.9620
 4854.260  0.7384  0.9255
 4854.280  0.7251  0.8895
 4854.300 -1.0000  0.8399
 4854.320 -1.0000  0.7600
 4854.340 -1.0000  0.6582
 4854.360 -1.0000  0.5068
 4854.380 -1.0000  0.3099
 4854.400 -1.0000  0.1527
 4854.420 -1.0000  0.3095
 4854.440 -1.0000  0.4695
 4854.460 -1.0000  0.6321
 4854.480 -1.0000  0.7426
 4854.500 -1.0000  0.8065
 4854.520  0.9247  0.8566
 4854.540  0.9324  0.8957
 4854.560  0.9402  0.9269
 4854.580  0.9518  0.9592
 4854.600  0.9680  0.9680
 4854.620  0.9804  0.9647
 4854.640  0.9862  0.9907
 4854.660  0.9893  0.9768
 4854.680  0.9847  1.0040
 4854.700  0.9684  1.0034
 4854.720  0.9479  1.0091
 4854.740  0.9263  1.0182
 4854.760  0.9004  1.0233
 4854.780  0.8793  1.0306
 4854.800  0.8760  1.0167
 4854.820  0.8843  1.0167
 4854.840  0.8898  1.0115
 4854.860  0.8890  1.0246
 4854.880  0.8824  1.0179
 4854.900  0.8712  1.0261
 4854.920  0.8628  1.0057
 4854.940  0.8671  1.0056
 4854.960  0.8848  1.0032
 4854.980  0.9044  0.9840
 4855.000  0.9199  0.9416
 4855.020  0.9351  0.8614
 4855.040  0.9467  0.9243
 4855.060  0.9430  0.9668
 4855.080  0.9199  1.0042
 4855.100  0.8907  1.0251
 4855.120  0.8736  1.0183
 4855.140  0.8674  1.0323
 4855.160  0.8566  1.0219
 4855.180  0.8396  1.0254
 4855.200  0.8284  1.0269
 4855.220  0.8229  1.0177
 4855.240  0.8175  1.0286
 4855.260  0.8185  1.0243
 4855.280  0.8299  1.0266
 4855.300  0.8467  1.0289
 4855.320  0.8677  1.0228
 4855.340  0.8920  1.0282
 4855.360  0.9133  1.0205
 4855.380  0.9275  1.0152
 4855.400  0.9353  1.0115
 4855.420  0.9348  1.0129
 4855.440  0.9269  1.0124
 4855.460  0.9209  1.0172
 4855.480  0.9206  1.0024
 4855.500  0.9197  1.0056
 4855.520  0.9172  1.0120
 4855.540  0.9143  0.9977
 4855.560  0.9057  0.9941
 4855.580  0.8899  0.9869
 4855.600  0.8748  0.9817
 4855.620  0.8676  0.9774
 4855.640  0.8719  0.9688
 4855.660  0.8847  0.9576
 4855.680  0.8913  0.9295
 4855.700  0.8806  0.9327
 4855.720  0.8619  0.8970
 4855.740  0.8457  0.8536
 4855.760  0.8328  0.8531
 4855.780 -1.0000  0.7950
 4855.800 -1.0000  0.7441
 4855.820 -1.0000  0.6751
 4855.840 -1.0000  0.5585
 4855.860 -1.0000  0.4455
 4855.880 -1.0000  0.3196
 4855.900 -1.0000  0.1982
 4855.920 -1.0000  0.1801
 4855.940 -1.0000  0.4116
 4855.960 -1.0000  0.1730
 4855.980 -1.0000  0.2236
 4856.000 -1.0000  0.2841
 4856.020 -1.0000  0.4328
 4856.040 -1.0000  0.5479
 4856.060 -1.0000  0.6415
 4856.080 -1.0000  0.7284
 4856.100 -1.0000  0.7932
 4856.120  0.6899  0.8235
 4856.140  0.6776  0.8617
 4856.160  0.6670  0.8843
 4856.180  0.6625  0.9165
 4856.200  0.6660  0.9258
 4856.220  0.6763  0.9452
 4856.240  0.6857  0.9480
 4856.260  0.6843  0.9566
 4856.280  0.6720  0.9664
 4856.300  0.6582  0.9663
 4856.320  0.6469  0.9824
 4856.340  0.6343  0.9827
 4856.360  0.6192  0.9992
 4856.380  0.6048  0.9815
 4856.400  0.5955  0.9872
 4856.420  0.5962  0.9814
 4856.440  0.6085  0.9794
 4856.460  0.6302  0.9918
 4856.480  0.6599  0.9876
 4856.500  0.6978  1.0003
 4856.520  0.7411  1.0060
 4856.540  0.7789  0.9998
 4856.560  0.7958  0.9881
 4856.580  0.7901  0.9977
 4856.600  0.7772  0.9867
 4856.620  0.7739  0.9841
 4856.640  0.7860  0.9736
 4856.660  0.8093  0.9614
 4856.680  0.8363  0.9413
 4856.700  0.8622  0.9122
 4856.720  0.8817  0.8707
 4856.740  0.8774  0.8357
 4856.760  0.8320  0.8569
 4856.780  0.7583  0.9061
 4856.800  0.6936  0.9325
 4856.820  0.6587  0.9231
 4856.840  0.6483  0.9090
 4856.860  0.6513  0.8755
 4856.880  0.6612  0.8337
 4856.900  0.6737  0.8201
 4856.920  0.6876  0.8367
 4856.940  0.7068  0.8927
 4856.960  0.7338  0.9064
 4856.980  0.7619  0.9192
 4857.000  0.7824  0.9020
 4857.020  0.8013  0.8723
 4857.040  0.8330  0.8203
 4857.060  0.8736  0.7530
 4857.080  0.9070  0.8685
 4857.100  0.9273  0.8852
 4857.120  0.9360  0.9067
 4857.140  0.9401  0.9090
 4857.160  0.9448  0.8868
 4857.180  0.9483  0.8901
 4857.200  0.9511  0.8483
 4857.220  0.9547  0.8449
 4857.240  0.9592  0.8120
 4857.260 -1.0000  0.7852
 4857.280 -1.0000  0.7452
 4857.300 -1.0000  0.6860
 4857.320 -1.0000  0.6191
 4857.340 -1.0000  0.5300
 4857.360 -1.0000  0.4238
 4857.380 -1.0000  0.3143
 4857.400 -1.0000  0.2186
 4857.420 -1.0000  0.1945
 4857.440 -1.0000  0.3444
 4857.460 -1.0000  0.7939
 4857.480 -1.0000  0.1602
 4857.500 -1.0000  0.1518
 4857.520 -1.0000  0.2130
 4857.540 -1.0000  0.2606
 4857.560 -1.0000  0.3523
 4857.580 -1.0000  0.4736
 4857.600 -1.0000  0.5606
 4857.620 -1.0000  0.6465
 4857.640 -1.0000  0.7164
 4857.660 -1.0000  0.7548
 4857.680  0.9774  0.8078
 4857.700  0.9738  0.8317
 4857.720  0.9662  0.8479
 4857.740  0.9612  0.8824
 4857.760  0.9625  0.8846
 4857.780  0.9619  0.9058
 4857.800  0.9512  0.9141
 4857.820  0.9307  0.9275
 4857.840  0.9068  0.9227
 4857.860  0.8896  0.9224
 4857.880  0.8803  0.9228
 4857.900  0.8691  0.9451
 4857.920  0.8571  0.9664
 4857.940  0.8573  0.9656
 4857.960  0.8691  0.9710
 4857.980  0.8791  0.9826
 4858.000  0.8781  0.9805
 4858.020  0.8646  0.9714
 4858.040  0.8410  0.9855
 4858.060  0.8106  0.9784
 4858.080  0.7737  0.9790
 4858.100  0.7355  0.9892
 4858.120  0.7038  0.9810
 4858.140  0.6824  0.9778
 4858.160  0.6766  0.9890
 4858.180  0.6908  0.9784
 4858.200  0.7174  0.9768
 4858.220  0.7483  0.9784
 4858.240  0.7834  0.9841
 4858.260  0.8184  0.9844
 4858.280  0.8430  0.9898
 4858.300  0.8531  0.9875
 4858.320  0.8503  0.9868
 4858.340  0.8383  0.9881
 4858.360  0.8253  0.9796
 4858.380  0.8188  0.9829
 4858.400  0.8182  0.9857
 4858.420  0.8188  0.9724
 4858.440  0.8204  0.9791
 4858.460  0.8225  0.9680
 4858.480  0.8216  0.9642
 4858.500  0.8194  0.9571
 4858.520  0.8188  0.9540
 4858.540  0.8151  0.9565
 4858.560  0.8013  0.9341
 4858.580  0.7777  0.9298
 4858.600  0.7518  0.9162
 4858.620  0.7303  0.9058
 4858.640  0.7147  0.8985
 4858.660  0.7075  0.8737
 4858.680  0.7134  0.8698
 4858.700  0.7320  0.8427
 4858.720  0.7524  0.8107
 4858.740 -1.0000  0.7743
 4858.760 -1.0000  0.7482
 4858.780 -1.0000  0.6856
 4858.800 -1.0000  0.6355
 4858.820 -1.0000  0.5538
 4858.840 -1.0000  0.4793
 4858.860 -1.0000  0.3631
 4858.880 -1.0000  0.2581
 4858.900 -1.0000  0.2014
 4858.920 -1.0000  0.1520
 4858.940 -1.0000  0.6687
 4858.960 -1.0000  0.3903
 4858.980 -1.0000  0.2754
 4859.000 -1.0000  0.8189
 4859.020 -1.0000  0.4694
 4859.040 -1.0000  0.1661
 4859.060 -1.0000  0.1863
 4859.080 -1.0000  0.2299
 4859.100 -1.0000  0.3317
 4859.120 -1.0000  0.4293
 4859.140 -1.0000  0.5283
 4859.160 -1.0000  0.5933
 4859.180 -1.0000  0.6667
 4859.200 -1.0000  0.7193
 4859.220 -1.0000  0.7540
 4859.240  0.9689  0.7913
 4859.260  0.9624  0.8291
 4859.280  0.9548  0.8365
 4859.300  0.9368  0.8610
 4859.320  0.9037  0.8780
 4859.340  0.8671  0.8960
 4859.360  0.8348  0.9056
 4859.380  0.8032  0.9197
 4859.400  0.7707  0.9299
 4859.420  0.7390  0.9342
 4859.440  0.7049  0.9399
 4859.460  0.6681  0.9401
 4859.480  0.6365  0.9496
 4859.500  0.6139  0.9513
 4859.520  0.6016  0.9531
 4859.540  0.6084  0.9590
 4859.560  0.6365  0.9619
 4859.580  0.6692  0.9602
 4859.600  0.6891  0.9623
 4859.620  0.6989  0.9692
 4859.640  0.7132  0.9781
 4859.660  0.7365  0.9657
 4859.680  0.7603  0.9670
 4859.700  0.7784  0.9642
 4859.720  0.7904  0.9586
 4859.740  0.7933  0.9517
 4859.760  0.7899  0.9372
 4859.780  0.7922  0.9466
 4859.800  0.8012  0.9273
 4859.820  0.8050  0.9202
 4859.840  0.8043  0.9126
 4859.860  0.8090  0.9028
 4859.880  0.8156  0.8698
 4859.900  0.8164  0.8435
 4859.920 -1.0000  0.7867
 4859.940 -1.0000  0.7075
 4859.960 -1.0000  0.6264
 4859.980 -1.0000  0.5286
 4860.000 -1.0000  0.4979
 4860.020 -1.0000  0.5546
 4860.040 -1.0000  0.6448
 4860.060 -1.0000  0.7185
 4860.080 -1.0000  0.7696
 4860.100  0.7529  0.8037
 4860.120  0.7341  0.8080
 4860.140  0.7197  0.8122
 4860.160  0.7258  0.8139
 4860.180  0.7527  0.7984
 4860.200  0.7813  0.7806
 4860.220 -1.0000  0.7371
 4860.240 -1.0000  0.7216
 4860.260 -1.0000  0.6686
 4860.280 -1.0000  0.6060
 4860.300 -1.0000  0.5424
 4860.320 -1.0000  0.4606
 4860.340 -1.0000  0.3647
 4860.360 -1.0000  0.2893
 4860.380 -1.0000  0.2149
 4860.400 -1.0000  0.2135
 4860.420 -1.0000  1.5122
 4860.440 -1.0000  0.4676
 4860.460 -1.0000  1.9741
 4860.480 -1.0000  0.6057
 4860.500 -1.0000  0.3573
 4860.520 -1.0000  0.4719
 4860.540 -1.0000  0.2349
 4860.560 -1.0000  0.2503
 4860.580 -1.0000  0.3025
 4860.600 -1.0000  0.4104
 4860.620 -1.0000  0.5100
 4860.640 -1.0000  0.5705
 4860.660 -1.0000  0.6525
 4860.680 -1.0000  0.6845
 4860.700 -1.0000  0.7292
 4860.720 -1.0000  0.7668
 4860.740  0.7715  0.7815
 4860.760  0.7525  0.8179
 4860.780  0.7289  0.8366
 4860.800  0.7096  0.8686
 4860.820  0.7006  0.8638
 4860.840  0.7021  0.8889
 4860.860  0.7176  0.8956
 4860.880  0.7509  0.9012
 4860.900  0.7883  0.9059
 4860.920  0.8067  0.9155
 4860.940  0.8018  0.9020
 4860.960  0.7870  0.9021
 4860.980  0.7745  0.8724
 4861.000 -1.0000  0.8072
 4861.020 -1.0000  0.7110
 4861.040 -1.0000  0.6982
 4861.060 -1.0000  0.8221
 4861.080 -1.0000  0.8928
 4861.100  0.7967  0.9133
 4861.120  0.7870  0.9342
 4861.140  0.7777  0.9418
 4861.160  0.7711  0.9430
 4861.180  0.7664  0.9539
 4861.200  0.7717  0.9514
 4861.220  0.7938  0.9527
 4861.240  0.8180  0.9593
 4861.260  0.8276  0.9616
 4861.280  0.8325  0.9586
 4861.300  0.8465  0.9603
 4861.320  0.8597  0.9606
 4861.340  0.8569  0.9524
 4861.360  0.8392  0.9515
 4861.380  0.8169  0.9503
 4861.400  0.8020  0.9355
 4861.420  0.8057  0.9372
 4861.440  0.8318  0.9283
 4861.460  0.8727  0.9204
 4861.480  0.9176  0.9170
 4861.500  0.9546  0.8943
 4861.520  0.9698  0.8894
 4861.540  0.9621  0.8896
 4861.560  0.9472  0.8975
 4861.580  0.9378  0.8732
 4861.600  0.9336  0.8601
 4861.620  0.9270  0.8276
 4861.640  0.9127  0.8111
 4861.660  0.8961  0.7747
 4861.680 -1.0000  0.7539
 4861.700 -1.0000  0.7221
 4861.720 -1.0000  0.6735
 4861.740 -1.0000  0.6205
 4861.760 -1.0000  0.5654
 4861.780 -1.0000  0.4793
 4861.800 -1.0000  0.3998
 4861.820 -1.0000  0.3068
 4861.840 -1.0000  0.2154
 4861.860 -1.0000  0.2209
 4861.880 -1.0000  0.1412
 4861.900 -1.0000  -1.   
 4861.920 -1.0000  -1.   
 4861.940 -1.0000  -1.   
 4861.960 -1.0000  0.5151
 4861.980 -1.0000  0.2427
 4862.000 -1.0000  0.3481
 4862.020 -1.0000  0.2015
 4862.040 -1.0000  0.2132
 4862.060 -1.0000  0.2902
 4862.080 -1.0000  0.3807
 4862.100 -1.0000  0.4327
 4862.120 -1.0000  0.5022
 4862.140 -1.0000  0.5326
 4862.160 -1.0000  0.5390
 4862.180 -1.0000  0.5541
 4862.200 -1.0000  0.5159
 4862.220 -1.0000  0.4615
 4862.240 -1.0000  0.3829
 4862.260 -1.0000  0.2932
 4862.280 -1.0000  0.2540
 4862.300 -1.0000  0.2968
 4862.320 -1.0000  0.3965
 4862.340 -1.0000  0.5096
 4862.360 -1.0000  0.6124
 4862.380 -1.0000  0.6799
 4862.400 -1.0000  0.7408
 4862.420 -1.0000  0.7699
 4862.440  0.7978  0.8138
 4862.460  0.7876  0.8274
 4862.480  0.7669  0.8583
 4862.500  0.7470  0.8833
 4862.520  0.7404  0.8854
 4862.540  0.7436  0.8876
 4862.560  0.7466  0.8967
 4862.580  0.7489  0.9051
 4862.600  0.7546  0.8970
 4862.620  0.7632  0.9057
 4862.640  0.7741  0.8997
 4862.660  0.7887  0.8809
 4862.680  0.8074  0.8876
 4862.700  0.8255  0.8778
 4862.720  0.8331  0.8961
 4862.740  0.8283  0.9012
 4862.760  0.8178  0.9014
 4862.780  0.8045  0.9201
 4862.800  0.7872  0.9120
 4862.820  0.7666  0.9113
 4862.840  0.7453  0.9106
 4862.860  0.7264  0.9037
 4862.880  0.7146  0.8878
 4862.900  0.7137  0.8721
 4862.920 -1.0000  0.8364
 4862.940 -1.0000  0.7712
 4862.960 -1.0000  0.6978
 4862.980 -1.0000  0.5509
 4863.000 -1.0000  0.7252
 4863.020 -1.0000  0.7607
 4863.040  0.8676  0.8187
 4863.060  0.8722  0.8006
 4863.080  0.8619  0.7980
 4863.100  0.8445  0.7900
 4863.120 -1.0000  0.7570
 4863.140 -1.0000  0.7306
 4863.160 -1.0000  0.6986
 4863.180 -1.0000  0.6526
 4863.200 -1.0000  0.5961
 4863.220 -1.0000  0.5477
 4863.240 -1.0000  0.4619
 4863.260 -1.0000  0.3828
 4863.280 -1.0000  0.2865
 4863.300 -1.0000  0.2029
 4863.320 -1.0000  0.2011
 4863.340 -1.0000  0.4232
 4863.360 -1.0000  0.3505
 4863.380 -1.0000  1.4904
 4863.400 -1.0000  1.2829
 4863.420 -1.0000  0.9631
 4863.440 -1.0000  0.3819
 4863.460 -1.0000  0.1868
 4863.480 -1.0000  0.1513
 4863.500 -1.0000  0.2444
 4863.520 -1.0000  0.2870
 4863.540 -1.0000  0.3826
 4863.560 -1.0000  0.4789
 4863.580 -1.0000  0.5450
 4863.600 -1.0000  0.6129
 4863.620 -1.0000  0.6669
 4863.640 -1.0000  0.7128
 4863.660 -1.0000  0.7528
 4863.680  0.6619  0.7669
 4863.700  0.6800  0.8013
 4863.720  0.7015  0.8201
 4863.740  0.7230  0.8435
 4863.760  0.7407  0.8555
 4863.780  0.7405  0.8815
 4863.800  0.7112  0.8791
 4863.820  0.6654  0.9071
 4863.840  0.6268  0.9097
 4863.860  0.5981  0.9181
 4863.880  0.5689  0.9262
 4863.900  0.5412  0.9352
 4863.920  0.5273  0.9321
 4863.940  0.5350  0.9388
 4863.960  0.5629  0.9475
 4863.980  0.6039  0.9378
 4864.000  0.6502  0.9448
 4864.020  0.6958  0.9419
 4864.040  0.7355  0.9511
 4864.060  0.7679  0.9465
 4864.080  0.7970  0.9481
 4864.100  0.8264  0.9488
 4864.120  0.8470  0.9493
 4864.140  0.8455  0.9412
 4864.160  0.8268  0.9431
 4864.180  0.8085  0.9384
 4864.200  0.8027  0.9504
 4864.220  0.8126  0.9478
 4864.240  0.8350  0.9499
 4864.260  0.8608  0.9421
 4864.280  0.8808  0.9373
 4864.300  0.8917  0.9366
 4864.320  0.8941  0.9238
 4864.340  0.8862  0.9324
 4864.360  0.8657  0.9211
 4864.380  0.8382  0.9222
 4864.400  0.8197  0.9115
 4864.420  0.8205  0.9138
 4864.440  0.8297  0.8874
 4864.460  0.8263  0.8802
 4864.480  0.8078  0.8650
 4864.500  0.7904  0.8442
 4864.520  0.7840  0.8230
 4864.540  0.7846  0.7988
 4864.560  0.7865  0.7749
 4864.580 -1.0000  0.7495
 4864.600 -1.0000  0.7077
 4864.620 -1.0000  0.6626
 4864.640 -1.0000  0.6086
 4864.660 -1.0000  0.5496
 4864.680 -1.0000  0.4767
 4864.700 -1.0000  0.3870
 4864.720 -1.0000  0.2949
 4864.740 -1.0000  0.2242
 4864.760 -1.0000  0.2393
 4864.780 -1.0000  0.2474
 4864.800 -1.0000  0.5323
 4864.820 -1.0000  0.2147
 4864.840 -1.0000  0.4433
 4864.860 -1.0000  1.5924
 4864.880 -1.0000  5.4529
 4864.900 -1.0000  1.5930
 4864.920 -1.0000  0.2420
 4864.940 -1.0000  0.2118
 4864.960 -1.0000  0.2805
 4864.980 -1.0000  0.3494
 4865.000 -1.0000  0.4481
 4865.020 -1.0000  0.5132
 4865.040 -1.0000  0.6026
 4865.060 -1.0000  0.6507
 4865.080 -1.0000  0.6940
 4865.100 -1.0000  0.7368
 4865.120 -1.0000  0.7672
 4865.140  0.7652  0.7953
 4865.160  0.7913  0.8151
 4865.180  0.8128  0.8300
 4865.200  0.8276  0.8488
 4865.220  0.8418  0.8728
 4865.240  0.8487  0.8819
 4865.260  0.8398  0.9019
 4865.280  0.8187  0.9044
 4865.300  0.7921  0.9113
 4865.320  0.7609  0.9158
 4865.340  0.7267  0.9294
 4865.360  0.6961  0.9315
 4865.380  0.6771  0.9329
 4865.400  0.6731  0.9416
 4865.420  0.6818  0.9419
 4865.440  0.6966  0.9521
 4865.460  0.7074  0.9482
 4865.480  0.7082  0.9435
 4865.500  0.7033  0.9514
 4865.520  0.6994  0.9531
 4865.540  0.6970  0.9581
 4865.560  0.6977  0.9635
 4865.580  0.7091  0.9584
 4865.600  0.7367  0.9613
 4865.620  0.7743  0.9553
 4865.640  0.8111  0.9470
 4865.660  0.8490  0.9496
 4865.680  0.8947  0.9490
 4865.700  0.9373  0.9437
 4865.720  0.9628  0.9416
 4865.740  0.9745  0.9320
 4865.760  0.9808  0.9387
 4865.780  0.9816  0.9191
 4865.800  0.9753  0.9168
 4865.820  0.9666  0.9181
 4865.840  0.9598  0.8909
 4865.860  0.9588  0.9004
 4865.880  0.9648  0.8821
 4865.900  0.9634  0.8567
 4865.920  0.9465  0.8522
 4865.940  0.9293  0.8282
 4865.960  0.9198  0.8023
 4865.980  0.9116  0.7817
 4866.000 -1.0000  0.7425
 4866.020 -1.0000  0.7171
 4866.040 -1.0000  0.6690
 4866.060 -1.0000  0.6175
 4866.080 -1.0000  0.5610
 4866.100 -1.0000  0.4707
 4866.120 -1.0000  0.4055
 4866.140 -1.0000  0.2993
 4866.160 -1.0000  0.2390
 4866.180 -1.0000  0.1694
 4866.200 -1.0000  0.3979
 4866.220 -1.0000  0.5441
 4866.240 -1.0000  1.3614
 4866.260 -1.0000  1.1927
 4866.280 -1.0000  0.6624
 4866.300 -1.0000  0.7836
 4866.320 -1.0000  0.6736
 4866.340 -1.0000  0.2177
 4866.360 -1.0000  0.2180
 4866.380 -1.0000  0.2691
 4866.400 -1.0000  0.3670
 4866.420 -1.0000  0.4319
 4866.440 -1.0000  0.5349
 4866.460 -1.0000  0.5906
 4866.480 -1.0000  0.6434
 4866.500 -1.0000  0.6968
 4866.520 -1.0000  0.7237
 4866.540 -1.0000  0.7674
 4866.560  0.7431  0.7810
 4866.580  0.7294  0.8161
 4866.600  0.7108  0.8319
 4866.620  0.6864  0.8390
 4866.640  0.6630  0.8487
 4866.660  0.6488  0.8582
 4866.680  0.6410  0.8570
 4866.700  0.6351  0.8510
 4866.720  0.6319  0.8441
 4866.740 -1.0000  0.7893
 4866.760 -1.0000  0.7183
 4866.780 -1.0000  0.5681
 4866.800 -1.0000  0.5689
 4866.820 -1.0000  0.7392
 4866.840 -1.0000  0.8230
 4866.860  0.6586  0.8651
 4866.880  0.7027  0.8943
 4866.900  0.7579  0.9112
 4866.920  0.8008  0.9271
 4866.940  0.8225  0.9271
 4866.960  0.8249  0.9360
 4866.980  0.8115  0.9321
 4867.000  0.7899  0.9496
 4867.020  0.7687  0.9373
 4867.040  0.7486  0.9504
 4867.060  0.7234  0.9465
 4867.080  0.6903  0.9387
 4867.100  0.6571  0.9405
 4867.120  0.6365  0.9262
 4867.140  0.6305  0.9351
 4867.160  0.6295  0.9179
 4867.180  0.6242  0.9217
 4867.200  0.6157  0.9153
 4867.220  0.6094  0.9079
 4867.240  0.6036  0.8964
 4867.260  0.5940  0.8989
 4867.280  0.5831  0.8871
 4867.300  0.5799  0.8845
 4867.320  0.5849  0.8595
 4867.340  0.5845  0.8517
 4867.360  0.5684  0.8278
 4867.380  0.5432  0.7988
 4867.400  0.5201  0.7758
 4867.420 -1.0000  0.7466
 4867.440 -1.0000  0.7068
 4867.460 -1.0000  0.6528
 4867.480 -1.0000  0.6113
 4867.500 -1.0000  0.5220
 4867.520 -1.0000  0.4559
 4867.540 -1.0000  0.3740
 4867.560 -1.0000  0.2909
 4867.580 -1.0000  0.2218
 4867.600 -1.0000  0.2070
 4867.620 -1.0000  0.9546
 4867.640 -1.0000  1.7325
 4867.660  0.0056  3.7610
 4867.680 -1.0000  5.4774
 4867.700 -1.0000  0.7382
 4867.720 -1.0000  0.4096
 4867.740 -1.0000  0.2310
 4867.760 -1.0000  0.1837
 4867.780 -1.0000  0.2444
 4867.800 -1.0000  0.3338
 4867.820 -1.0000  0.4068
 4867.840 -1.0000  0.4611
 4867.860 -1.0000  0.5140
 4867.880 -1.0000  0.5501
 4867.900 -1.0000  0.6034
 4867.920 -1.0000  0.6340
 4867.940 -1.0000  0.6233
 4867.960 -1.0000  0.6190
 4867.980 -1.0000  0.5968
 4868.000 -1.0000  0.6145
 4868.020 -1.0000  0.6701
 4868.040 -1.0000  0.7422
 4868.060 -1.0000  0.7901
 4868.080  0.9094  0.8346
 4868.100  0.9204  0.8621
 4868.120  0.9222  0.8700
 4868.140  0.9107  0.8924
 4868.160  0.8896  0.9058
 4868.180  0.8642  0.9159
 4868.200  0.8333  0.9156
 4868.220  0.7957  0.9206
 4868.240  0.7570  0.9036
 4868.260  0.7279  0.9291
 4868.280  0.7157  0.9244
 4868.300  0.7148  0.9370
 4868.320  0.7134  0.9380
 4868.340  0.7060  0.9437
 4868.360  0.6956  0.9397
 4868.380  0.6868  0.9541
 4868.400  0.6782  0.9385
 4868.420  0.6648  0.9499
 4868.440  0.6497  0.9436
 4868.460  0.6403  0.9376
 4868.480  0.6368  0.9344
 4868.500  0.6321  0.9211
 4868.520  0.6220  0.9254
 4868.540  0.6105  0.8991
 4868.560  0.6045  0.8757
 4868.580 -1.0000  0.8505
 4868.600 -1.0000  0.8137
 4868.620 -1.0000  0.6936
 4868.640 -1.0000  0.6066
 4868.660 -1.0000  0.4148
 4868.680 -1.0000  0.6749
 4868.700 -1.0000  0.7391
 4868.720 -1.0000  0.7901
 4868.740  0.7797  0.8042
 4868.760  0.8066  0.7982
 4868.780  0.8322  0.7807
 4868.800 -1.0000  0.7602
 4868.820 -1.0000  0.7295
 4868.840 -1.0000  0.6977
 4868.860 -1.0000  0.6614
 4868.880 -1.0000  0.5910
 4868.900 -1.0000  0.5368
 4868.920 -1.0000  0.4493
 4868.940 -1.0000  0.3394
 4868.960 -1.0000  0.2639
 4868.980 -1.0000  0.2085
 4869.000 -1.0000  0.1827
 4869.020 -1.0000  0.7308
 4869.040 -1.0000  0.1659
 4869.060 -1.0000  1.7569
 4869.080 -1.0000  0.3036
 4869.100 -1.0000  0.1912
 4869.120 -1.0000  0.4594
 4869.140 -1.0000  0.2146
 4869.160 -1.0000  0.2288
 4869.180 -1.0000  0.3205
 4869.200 -1.0000  0.4103
 4869.220 -1.0000  0.5002
 4869.240 -1.0000  0.5734
 4869.260 -1.0000  0.6260
 4869.280 -1.0000  0.6912
 4869.300 -1.0000  0.7293
 4869.320 -1.0000  0.7755
 4869.340  0.7496  0.8011
 4869.360  0.7598  0.8142
 4869.380  0.7633  0.8376
 4869.400  0.7504  0.8537
 4869.420  0.7265  0.8458
 4869.440  0.7002  0.8604
 4869.460  0.6768  0.8511
 4869.480  0.6661  0.8508
 4869.500  0.6742  0.8264
 4869.520  0.6929  0.7664
 4869.540  0.7186  0.7146
 4869.560  0.7593  0.7013
 4869.580  0.8034  0.7110
 4869.600  0.8257  0.7564
 4869.620  0.8254  0.8241
 4869.640  0.8149  0.8504
 4869.660  0.7996  0.8927
 4869.680  0.7893  0.9042
 4869.700  0.7904  0.9217
 4869.720  0.7928  0.9256
 4869.740  0.7892  0.9333
 4869.760  0.7879  0.9402
 4869.780  0.7944  0.9433
 4869.800  0.8053  0.9433
 4869.820  0.8208  0.9411
 4869.840  0.8422  0.9406
 4869.860  0.8662  0.9228
 4869.880  0.8926  0.9263
 4869.900  0.9189  0.9146
 4869.920  0.9300  0.9004
 4869.940  0.9179  0.8831
 4869.960  0.8945  0.8767
 4869.980  0.8679  0.8721
 4870.000  0.8372  0.8690
 4870.020  0.8116  0.8385
 4870.040 -1.0000  0.8101
 4870.060 -1.0000  0.7628
 4870.080 -1.0000  0.6945
 4870.100 -1.0000  0.6433
 4870.120 -1.0000  0.6579
 4870.140 -1.0000  0.7227
 4870.160 -1.0000  0.7455
 4870.180 -1.0000  0.7468
 4870.200 -1.0000  0.7237
 4870.220 -1.0000  0.6812
 4870.240 -1.0000  0.6246
 4870.260 -1.0000  0.5936
 4870.280 -1.0000  0.5122
 4870.300 -1.0000  0.4310
 4870.320 -1.0000  0.3549
 4870.340 -1.0000  0.2553
 4870.360 -1.0000  0.2004
 4870.380 -1.0000  0.2185
 4870.400 -1.0000  0.1540
 4870.420 -1.0000  4.8730
 4870.440 -1.0000  0.9120
 4870.460 -1.0000  6.6220
 4870.480 -1.0000  0.8503
 4870.500 -1.0000  0.2462
 4870.520 -1.0000  0.2494
 4870.540 -1.0000  0.2457
 4870.560 -1.0000  0.3626
 4870.580 -1.0000  0.4620
 4870.600 -1.0000  0.5412
 4870.620 -1.0000  0.6220
 4870.640 -1.0000  0.6790
 4870.660 -1.0000  0.7343
 4870.680 -1.0000  0.7658
 4870.700  0.9723  0.8010
 4870.720  0.9924  0.8334
 4870.740  1.0042  0.8521
 4870.760  0.9989  0.8681
 4870.780  0.9856  0.8853
 4870.800  0.9769  0.9028
 4870.820  0.9726  0.9095
 4870.840  0.9663  0.9140
 4870.860  0.9566  0.9228
 4870.880  0.9422  0.9356
 4870.900  0.9198  0.9360
 4870.920  0.8942  0.9471
 4870.940  0.8716  0.9492
 4870.960  0.8502  0.9601
 4870.980  0.8339  0.9654
 4871.000  0.8305  0.9597
 4871.020  0.8317  0.9706
 4871.040  0.8255  0.9707
 4871.060  0.8129  0.9653
 4871.080  0.7963  0.9663
 4871.100  0.7726  0.9665
 4871.120  0.7436  0.9697
 4871.140  0.7179  0.9639
 4871.160  0.6992  0.9667
 4871.180  0.6829  0.9577
 4871.200  0.6663  0.9569
 4871.220  0.6602  0.9494
 4871.240  0.6784  0.9295
 4871.260  0.7205  0.9463
 4871.280  0.7704  0.9449
 4871.300  0.8099  0.9400
 4871.320  0.8398  0.9417
 4871.340  0.8727  0.9412
 4871.360  0.9045  0.9293
 4871.380  0.9162  0.9225
 4871.400  0.9042  0.9295
 4871.420  0.8866  0.9148
 4871.440  0.8749  0.9097
 4871.460  0.8593  0.8817
 4871.480  0.8338  0.8784
 4871.500  0.8121  0.8645
 4871.520  0.8009  0.8318
 4871.540  0.7923  0.8138
 4871.560  0.7803  0.7773
 4871.580 -1.0000  0.7346
 4871.600 -1.0000  0.7011
 4871.620 -1.0000  0.6201
 4871.640 -1.0000  0.5586
 4871.660 -1.0000  0.4658
 4871.680 -1.0000  0.3471
 4871.700 -1.0000  0.2758
 4871.720 -1.0000  0.2087
 4871.740 -1.0000  0.3536
 4871.760 -1.0000  1.0941
 4871.780 -1.0000  -1.   
 4871.800  0.0096  -1.   
 4871.820 -1.0000  -1.   
 4871.840 -1.0000  5.1560
 4871.860 -1.0000  0.2160
 4871.880 -1.0000  0.2416
 4871.900 -1.0000  0.3546
 4871.920 -1.0000  0.4498
 4871.940 -1.0000  0.5450
 4871.960 -1.0000  0.6152
 4871.980 -1.0000  0.6489
 4872.000 -1.0000  0.7084
 4872.020 -1.0000  0.7631
 4872.040  0.7314  0.8026
 4872.060  0.7057  0.8296
 4872.080  0.6622  0.8503
 4872.100  0.6253  0.8635
 4872.120  0.6090  0.8892
 4872.140  0.6143  0.8797
 4872.160  0.6383  0.8941
 4872.180  0.6746  0.8937
 4872.200  0.7082  0.8727
 4872.220  0.7275  0.8485
 4872.240 -1.0000  0.8048
 4872.260 -1.0000  0.7569
 4872.280 -1.0000  0.6477
 4872.300 -1.0000  0.4063
 4872.320 -1.0000  0.5937
 4872.340 -1.0000  0.7294
 4872.360 -1.0000  0.8413
 4872.380  0.8074  0.8911
 4872.400  0.7985  0.9200
 4872.420  0.7819  0.9316
 4872.440  0.7604  0.9430
 4872.460  0.7441  0.9449
 4872.480  0.7427  0.9638
 4872.500  0.7525  0.9627
 4872.520  0.7649  0.9645
 4872.540  0.7757  0.9583
 4872.560  0.7804  0.9704
 4872.580  0.7715  0.9690
 4872.600  0.7484  0.9696
 4872.620  0.7233  0.9550
 4872.640  0.7126  0.9616
 4872.660  0.7204  0.9674
 4872.680  0.7357  0.9545
 4872.700  0.7486  0.9438
 4872.720  0.7633  0.9469
 4872.740  0.7846  0.9331
 4872.760  0.7999  0.9164
 4872.780  0.7965  0.9222
 4872.800  0.7834  0.9029
 4872.820  0.7766  0.8975
 4872.840  0.7795  0.8597
 4872.860  0.7879  0.8507
 4872.880  0.7987  0.8216
 4872.900  0.8073  0.8059
 4872.920 -1.0000  0.7527
 4872.940 -1.0000  0.7086
 4872.960 -1.0000  0.6558
 4872.980 -1.0000  0.5766
 4873.000 -1.0000  0.4891
 4873.020 -1.0000  0.3786
 4873.040 -1.0000  0.2817
 4873.060 -1.0000  0.2037
 4873.080 -1.0000  0.2024
 4873.100 -1.0000  0.9464
 4873.120 -1.0000  8.9110
 4873.140 -1.0000  4.6180
 4873.160 -1.0000  7.5713
 4873.180 -1.0000  0.2290
 4873.200 -1.0000  0.2220
 4873.220 -1.0000  0.3042
 4873.240 -1.0000  0.4110
 4873.260 -1.0000  0.5232
 4873.280 -1.0000  0.6110
 4873.300 -1.0000  0.6820
 4873.320 -1.0000  0.7266
 4873.340 -1.0000  0.7816
 4873.360  0.8081  0.8181
 4873.380  0.8399  0.8422
 4873.400  0.8658  0.8606
 4873.420  0.8684  0.8861
 4873.440  0.8593  0.9001
 4873.460  0.8586  0.9302
 4873.480  0.8642  0.9188
 4873.500  0.8567  0.9475
 4873.520  0.8294  0.9442
 4873.540  0.7937  0.9570
 4873.560  0.7615  0.9656
 4873.580  0.7386  0.9659
 4873.600  0.7316  0.9656
 4873.620  0.7433  0.9727
 4873.640  0.7648  0.9728
 4873.660  0.7825  0.9752
 4873.680  0.7920  0.9766
 4873.700  0.8009  0.9782
 4873.720  0.8190  0.9855
 4873.740  0.8423  0.9761
 4873.760  0.8476  0.9738
 4873.780  0.8216  0.9791
 4873.800  0.7839  0.9741
 4873.820  0.7614  0.9761
 4873.840  0.7563  0.9677
 4873.860  0.7582  0.9722
 4873.880  0.7639  0.9744
 4873.900  0.7707  0.9643
 4873.920  0.7729  0.9437
 4873.940  0.7717  0.9460
 4873.960  0.7714  0.9326
 4873.980  0.7701  0.9173
 4874.000  0.7670  0.8891
 4874.020 -1.0000  0.8289
 4874.040 -1.0000  0.7632
 4874.060 -1.0000  0.6417
 4874.080 -1.0000  0.4293
 4874.100 -1.0000  0.4845
 4874.120 -1.0000  0.6223
 4874.140 -1.0000  0.7155
 4874.160 -1.0000  0.7200
 4874.180 -1.0000  0.7147
 4874.200 -1.0000  0.7245
 4874.220 -1.0000  0.6793
 4874.240 -1.0000  0.6204
 4874.260 -1.0000  0.5634
 4874.280 -1.0000  0.5354
 4874.300 -1.0000  0.5183
 4874.320 -1.0000  0.4884
 4874.340 -1.0000  0.4111
 4874.360 -1.0000  0.3176
 4874.380 -1.0000  0.2193
 4874.400 -1.0000  0.2604
 4874.420 -1.0000  0.0335
 4874.440 -1.0000  7.3055
 4874.460 -1.0000  5.4599
 4874.480 -1.0000  5.2037
 4874.500 -1.0000  0.2305
 4874.520 -1.0000  0.2683
 4874.540 -1.0000  0.3583
 4874.560 -1.0000  0.4751
 4874.580 -1.0000  0.5842
 4874.600 -1.0000  0.6598
 4874.620 -1.0000  0.7244
 4874.640 -1.0000  0.7782
 4874.660  0.9053  0.8200
 4874.680  0.9124  0.8492
 4874.700  0.9218  0.8735
 4874.720  0.9295  0.8845
 4874.740  0.9374  0.9148
 4874.760  0.9497  0.9161
 4874.780  0.9627  0.9371
 4874.800  0.9696  0.9430
 4874.820  0.9699  0.9509
 4874.840  0.9714  0.9597
 4874.860  0.9779  0.9527
 4874.880  0.9827  0.9480
 4874.900  0.9811  0.9570
 4874.920  0.9765  0.9722
 4874.940  0.9683  0.9708
 4874.960  0.9538  0.9853
 4874.980  0.9388  0.9827
 4875.000  0.9295  0.9827
 4875.020  0.9253  0.9898
 4875.040  0.9229  0.9776
 4875.060  0.9217  1.0020
 4875.080  0.9223  0.9766
 4875.100  0.9234  0.9853
 4875.120  0.9255  0.9682
 4875.140  0.9267  0.9343
 4875.160  0.9240  0.9572
 4875.180  0.9213  0.9648
 4875.200  0.9218  0.9807
 4875.220  0.9227  0.9820
 4875.240  0.9190  0.9811
 4875.260  0.9078  0.9757
 4875.280  0.8911  0.9885
 4875.300  0.8732  0.9723
 4875.320  0.8546  0.9685
 4875.340  0.8366  0.9697
 4875.360  0.8247  0.9589
 4875.380  0.8222  0.9586
 4875.400  0.8246  0.9483
 4875.420  0.8248  0.9355
 4875.440  0.8249  0.9326
 4875.460  0.8302  0.9170
 4875.480  0.8376  0.9046
 4875.500  0.8464  0.8884
 4875.520  0.8626  0.8644
 4875.540  0.8814  0.8249
 4875.560 -1.0000  0.7989
 4875.580 -1.0000  0.7507
 4875.600 -1.0000  0.6815
 4875.620 -1.0000  0.6182
 4875.640 -1.0000  0.4953
 4875.660 -1.0000  0.3965
 4875.680 -1.0000  0.2706
 4875.700 -1.0000  0.1930
 4875.720 -1.0000  0.3445
 4875.740 -1.0000  1.7534
 4875.760 -1.0000  0.3189
 4875.780 -1.0000  0.3570
 4875.800 -1.0000  0.1917
 4875.820 -1.0000  0.2455
 4875.840 -1.0000  0.2158
 4875.860 -1.0000  0.3489
 4875.880 -1.0000  0.4809
 4875.900 -1.0000  0.6156
 4875.920 -1.0000  0.7002
 4875.940 -1.0000  0.7587
 4875.960  0.8104  0.8076
 4875.980  0.8060  0.8367
 4876.000  0.8061  0.8698
 4876.020  0.8147  0.8892
 4876.040  0.8257  0.9130
 4876.060  0.8348  0.9223
 4876.080  0.8475  0.9170
 4876.100  0.8624  0.8912
 4876.120  0.8667  0.9205
 4876.140  0.8529  0.9516
 4876.160  0.8257  0.9653
 4876.180  0.7959  0.9702
 4876.200  0.7730  0.9716
 4876.220  0.7614  0.9808
 4876.240  0.7616  0.9823
 4876.260  0.7722  0.9930
 4876.280  0.7895  0.9906
 4876.300  0.8069  1.0006
 4876.320  0.8171  0.9911
 4876.340  0.8166  1.0070
 4876.360  0.8063  0.9928
 4876.380  0.7890  0.9942
 4876.400  0.7717  0.9921
 4876.420  0.7601  0.9916
 4876.440  0.7488  0.9885
 4876.460  0.7329  0.9777
 4876.480  0.7247  0.9679
 4876.500  0.7367  0.9555
 4876.520  0.7618  0.9349
 4876.540  0.7858  0.9164
 4876.560  0.8028  0.9117
 4876.580  0.8139  0.9363
 4876.600  0.8250  0.9396
 4876.620  0.8394  0.9216
 4876.640  0.8556  0.9168
 4876.660  0.8727  0.8964
 4876.680  0.8875  0.8531
 4876.700 -1.0000  0.8238
 4876.720 -1.0000  0.7499
 4876.740 -1.0000  0.6588
 4876.760 -1.0000  0.5592
 4876.780 -1.0000  0.4812
 4876.800 -1.0000  0.5075
 4876.820 -1.0000  0.5822
 4876.840 -1.0000  0.6366
 4876.860 -1.0000  0.6801
 4876.880 -1.0000  0.6581
 4876.900 -1.0000  0.6272
 4876.920 -1.0000  0.5508
 4876.940 -1.0000  0.4445
 4876.960 -1.0000  0.3076
 4876.980 -1.0000  0.2249
 4877.000 -1.0000  0.2183
 4877.020 -1.0000  0.1294
 4877.040 -1.0000  1.6986
 4877.060 -1.0000  0.7911
 4877.080 -1.0000  0.2209
 4877.100 -1.0000  0.3334
 4877.120 -1.0000  0.4567
 4877.140 -1.0000  0.5778
 4877.160 -1.0000  0.6657
 4877.180 -1.0000  0.7308
 4877.200 -1.0000  0.7785
 4877.220  0.8824  0.8178
 4877.240  0.8837  0.8492
 4877.260  0.8762  0.8788
 4877.280  0.8623  0.8842
 4877.300  0.8469  0.8867
 4877.320  0.8275  0.8786
 4877.340  0.8018  0.8497
 4877.360  0.7759  0.8166
 4877.380  0.7599  0.7928
 4877.400  0.7507  0.7836
 4877.420  0.7301  0.8097
 4877.440  0.6875  0.8389
 4877.460  0.6404  0.8682
 4877.480  0.6178  0.8712
 4877.500  0.6241  0.8680
 4877.520 -1.0000  0.8206
 4877.540 -1.0000  0.7221
 4877.560 -1.0000  0.5826
 4877.580 -1.0000  0.4257
 4877.600 -1.0000  0.6816
 4877.620 -1.0000  0.8047
 4877.640 -1.0000  0.8807
 4877.660  0.7512  0.9313
 4877.680  0.7637  0.9461
 4877.700  0.7761  0.9657
 4877.720  0.7808  0.9770
 4877.740  0.7813  0.9957
 4877.760  0.7898  0.9724
 4877.780  0.8045  0.9949
 4877.800  0.8069  0.9880
 4877.820  0.7804  1.0072
 4877.840  0.7311  0.9921
 4877.860  0.6795  0.9978
 4877.880  0.6310  0.9858
 4877.900  0.5770  0.9847
 4877.920  0.5210  0.9817
 4877.940  0.4754  0.9733
 4877.960  0.4431  0.9511
 4877.980 -1.0000  0.9338
 4878.000 -1.0000  0.8868
 4847.000  0.0000        
 4847.020  0.0000        
 4847.040  0.0151        
 4847.060  0.0351        
 4847.080  0.0569        
 4847.100  0.0816        
 4847.120  0.1059        
 4847.140  0.1261        
 4847.160  0.1390        
 4847.180  0.1408        
 4847.200  0.1331        
 4847.220  0.1146        
 4847.240  0.0740        
 4847.260  0.0132        
 4847.280 -0.0275        
 4847.300 -0.0278        
 4847.320 -0.0411        
 4847.340 -0.0956        
 4847.360 -0.1291        
 4847.380 -0.0939        
 4847.400 -0.0262        
 4847.420  0.0073        
 4847.440 -0.0111        
 4847.460 -0.0383        
 4847.480 -0.0339        
 4847.500 -0.0049        
 4847.520  0.0184        
 4847.540  0.0264        
 4847.560  0.0326        
 4847.580  0.0392        
 4847.600  0.0333        
 4847.620  0.0146        
 4847.640 -0.0032        
 4847.660 -0.0090        
 4847.680 -0.0006        
 4847.700  0.0158        
 4847.720  0.0275        
 4847.740  0.0264        
 4847.760  0.0161        
 4847.780  0.0057        
 4847.800 -0.0026        
 4847.820 -0.0140        
 4847.840 -0.0277        
 4847.860 -0.0325        
 4847.880 -0.0228        
 4847.900 -0.0054        
 4847.920  0.0124        
 4847.940  0.0270        
 4847.960  0.0336        
 4847.980  0.0261        
 4848.000  0.0045        
 4848.020 -0.0203        
 4848.040 -0.0348        
 4848.060 -0.0353        
 4848.080 -0.0291        
 4848.100 -0.0243        
 4848.120 -0.0225        
 4848.140 -0.0184        
 4848.160 -0.0078        
 4848.180  0.0035        
 4848.200  0.0060        
 4848.220  0.0010        
 4848.240 -0.0025        
 4848.260 -0.0014        
 4848.280  0.0030        
 4848.300  0.0089        
 4848.320  0.0132        
 4848.340  0.0149        
 4848.360  0.0175        
 4848.380  0.0206        
 4848.400  0.0182        
 4848.420  0.0099        
 4848.440  0.0034        
 4848.460  0.0036        
 4848.480  0.0060        
 4848.500  0.0049        
 4848.520  0.0041        
 4848.540  0.0081        
 4848.560  0.0101        
 4848.580  0.0047        
 4848.600 -0.0023        
 4848.620 -0.0040        
 4848.640  0.0035        
 4848.660  0.0232        
 4848.680  0.0497        
 4848.700  0.0670        
 4848.720  0.0651        
 4848.740  0.0555        
 4848.760  0.0648        
 4848.780  0.1128        
 4848.800  0.1787        
 4848.820  0.2032        
 4848.840  0.1611        
 4848.860  0.0915        
 4848.880  0.0263        
 4848.900 -0.0378        
 4848.920 -0.0980        
 4848.940 -0.1318        
 4848.960 -0.1307        
 4848.980 -0.1097        
 4849.000 -0.0817        
 4849.020 -0.0575        
 4849.040 -0.0478        
 4849.060 -0.0458        
 4849.080 -0.0362        
 4849.100 -0.0173        
 4849.120 -0.0014        
 4849.140  0.0031        
 4849.160  0.0024        
 4849.180  0.0065        
 4849.200  0.0159        
 4849.220  0.0238        
 4849.240  0.0258        
 4849.260  0.0231        
 4849.280  0.0183        
 4849.300  0.0123        
 4849.320  0.0065        
 4849.340  0.0000        
 4849.360 -0.0118        
 4849.380 -0.0253        
 4849.400 -0.0293        
 4849.420 -0.0259        
 4849.440 -0.0273        
 4849.460 -0.0307        
 4849.480 -0.0267        
 4849.500 -0.0187        
 4849.520 -0.0130        
 4849.540 -0.0072        
 4849.560 -0.0015        
 4849.580 -0.0020        
 4849.600 -0.0107        
 4849.620 -0.0219        
 4849.640 -0.0285        
 4849.660 -0.0296        
 4849.680 -0.0262        
 4849.700 -0.0186        
 4849.720 -0.0141        
 4849.740 -0.0197        
 4849.760 -0.0256        
 4849.780 -0.0189        
 4849.800 -0.0055        
 4849.820  0.0014        
 4849.840  0.0016        
 4849.860  0.0050        
 4849.880  0.0150        
 4849.900  0.0235        
 4849.920  0.0215        
 4849.940  0.0117        
 4849.960  0.0047        
 4849.980  0.0047        
 4850.000  0.0052        
 4850.020  0.0053        
 4850.040  0.0110        
 4850.060  0.0172        
 4850.080  0.0131        
 4850.100  0.0011        
 4850.120 -0.0106        
 4850.140 -0.0188        
 4850.160 -0.0173        
 4850.180 -0.0023        
 4850.200  0.0148        
 4850.220  0.0198        
 4850.240  0.0154        
 4850.260  0.0167        
 4850.280  0.0312        
 4850.300  0.0485        
 4850.320  0.0555        
 4850.340  0.0553        
 4850.360  0.0705        
 4850.380  0.1314        
 4850.400  0.2349        
 4850.420  0.3024        
 4850.440  0.2525        
 4850.460  0.1227        
 4850.480  0.0045        
 4850.500 -0.0820        
 4850.520 -0.1431        
 4850.540 -0.1577        
 4850.560 -0.1284        
 4850.580 -0.0881        
 4850.600 -0.0561        
 4850.620 -0.0364        
 4850.640 -0.0314        
 4850.660 -0.0312        
 4850.680 -0.0200        
 4850.700  0.0015        
 4850.720  0.0165        
 4850.740  0.0131        
 4850.760 -0.0028        
 4850.780 -0.0146        
 4850.800 -0.0115        
 4850.820  0.0002        
 4850.840  0.0070        
 4850.860  0.0078        
 4850.880  0.0114        
 4850.900  0.0183        
 4850.920  0.0212        
 4850.940  0.0177        
 4850.960  0.0094        
 4850.980 -0.0006        
 4851.000 -0.0072        
 4851.020 -0.0074        
 4851.040 -0.0037        
 4851.060  0.0006        
 4851.080  0.0058        
 4851.100  0.0106        
 4851.120  0.0080        
 4851.140 -0.0064        
 4851.160 -0.0202        
 4851.180 -0.0186        
 4851.200 -0.0101        
 4851.220 -0.0094        
 4851.240 -0.0122        
 4851.260 -0.0130        
 4851.280 -0.0182        
 4851.300 -0.0254        
 4851.320 -0.0222        
 4851.340 -0.0070        
 4851.360  0.0096        
 4851.380  0.0181        
 4851.400  0.0174        
 4851.420  0.0137        
 4851.440  0.0138        
 4851.460  0.0194        
 4851.480  0.0251        
 4851.500  0.0226        
 4851.520  0.0122        
 4851.540  0.0042        
 4851.560  0.0022        
 4851.580 -0.0010        
 4851.600 -0.0066        
 4851.620 -0.0066        
 4851.640  0.0030        
 4851.660  0.0179        
 4851.680  0.0308        
 4851.700  0.0326        
 4851.720  0.0197        
 4851.740  0.0008        
 4851.760 -0.0137        
 4851.780 -0.0210        
 4851.800 -0.0228        
 4851.820 -0.0214        
 4851.840 -0.0199        
 4851.860 -0.0166        
 4851.880 -0.0076        
 4851.900  0.0033        
 4851.920  0.0142        
 4851.940  0.0359        
 4851.960  0.0711        
 4851.980  0.0998        
 4852.000  0.1048        
 4852.020  0.0902        
 4852.040  0.0697        
 4852.060  0.0526        
 4852.080  0.0283        
 4852.100 -0.0125        
 4852.120 -0.0482        
 4852.140 -0.0602        
 4852.160 -0.0545        
 4852.180 -0.0379        
 4852.200 -0.0177        
 4852.220 -0.0063        
 4852.240 -0.0083        
 4852.260 -0.0145        
 4852.280 -0.0147        
 4852.300 -0.0131        
 4852.320 -0.0170        
 4852.340 -0.0197        
 4852.360 -0.0167        
 4852.380 -0.0183        
 4852.400 -0.0248        
 4852.420 -0.0226        
 4852.440 -0.0118        
 4852.460 -0.0059        
 4852.480 -0.0090        
 4852.500 -0.0128        
 4852.520 -0.0107        
 4852.540 -0.0046        
 4852.560  0.0026        
 4852.580  0.0120        
 4852.600  0.0223        
 4852.620  0.0277        
 4852.640  0.0261        
 4852.660  0.0219        
 4852.680  0.0193        
 4852.700  0.0165        
 4852.720  0.0093        
 4852.740  0.0001        
 4852.760 -0.0014        
 4852.780  0.0076        
 4852.800  0.0083        
 4852.820 -0.0163        
 4852.840 -0.0482        
 4852.860 -0.0583        
 4852.880 -0.0473        
 4852.900 -0.0303        
 4852.920 -0.0123        
 4852.940  0.0034        
 4852.960  0.0114        
 4852.980  0.0136        
 4853.000  0.0137        
 4853.020  0.0122        
 4853.040  0.0122        
 4853.060  0.0168        
 4853.080  0.0223        
 4853.100  0.0259        
 4853.120  0.0299        
 4853.140  0.0340        
 4853.160  0.0369        
 4853.180  0.0421        
 4853.200  0.0510        
 4853.220  0.0566        
 4853.240  0.0508        
 4853.260  0.0272        
 4853.280 -0.0170        
 4853.300 -0.0679        
 4853.320 -0.0989        
 4853.340 -0.0975        
 4853.360 -0.0748        
 4853.380 -0.0486        
 4853.400 -0.0297        
 4853.420 -0.0204        
 4853.440 -0.0178        
 4853.460 -0.0159        
 4853.480 -0.0105        
 4853.500 -0.0045        
 4853.520 -0.0016        
 4853.540  0.0022        
 4853.560  0.0112        
 4853.580  0.0192        
 4853.600  0.0227        
 4853.620  0.0270        
 4853.640  0.0293        
 4853.660  0.0209        
 4853.680  0.0084        
 4853.700  0.0042        
 4853.720  0.0086        
 4853.740  0.0149        
 4853.760  0.0180        
 4853.780  0.0129        
 4853.800  0.0021        
 4853.820 -0.0038        
 4853.840 -0.0011        
 4853.860  0.0038        
 4853.880  0.0069        
 4853.900  0.0083        
 4853.920  0.0072        
 4853.940  0.0048        
 4853.960  0.0038        
 4853.980  0.0015        
 4854.000 -0.0038        
 4854.020 -0.0082        
 4854.040 -0.0120        
 4854.060 -0.0202        
 4854.080 -0.0286        
 4854.100 -0.0255        
 4854.120 -0.0098        
 4854.140  0.0049        
 4854.160  0.0077        
 4854.180  0.0067        
 4854.200  0.0143        
 4854.220  0.0287        
 4854.240  0.0442        
 4854.260  0.0582        
 4854.280  0.0609        
 4854.300  0.0476        
 4854.320  0.0343        
 4854.340  0.0345        
 4854.360  0.0195        
 4854.380 -0.0563        
 4854.400 -0.1546        
 4854.420 -0.1790        
 4854.440 -0.1290        
 4854.460 -0.0815        
 4854.480 -0.0633        
 4854.500 -0.0529        
 4854.520 -0.0375        
 4854.540 -0.0215        
 4854.560 -0.0126        
 4854.580 -0.0105        
 4854.600 -0.0092        
 4854.620 -0.0041        
 4854.640  0.0051        
 4854.660  0.0147        
 4854.680  0.0182        
 4854.700  0.0117        
 4854.720 -0.0003        
 4854.740 -0.0068        
 4854.760 -0.0011        
 4854.780  0.0120        
 4854.800  0.0212        
 4854.820  0.0218        
 4854.840  0.0185        
 4854.860  0.0159        
 4854.880  0.0107        
 4854.900  0.0001        
 4854.920 -0.0096        
 4854.940 -0.0144        
 4854.960 -0.0189        
 4854.980 -0.0220        
 4855.000 -0.0184        
 4855.020 -0.0137        
 4855.040 -0.0152        
 4855.060 -0.0181        
 4855.080 -0.0136        
 4855.100  0.0010        
 4855.120  0.0210        
 4855.140  0.0315        
 4855.160  0.0205        
 4855.180  0.0006        
 4855.200 -0.0050        
 4855.220  0.0025        
 4855.240  0.0084        
 4855.260  0.0103        
 4855.280  0.0123        
 4855.300  0.0116        
 4855.320  0.0044        
 4855.340 -0.0052        
 4855.360 -0.0083        
 4855.380 -0.0026        
 4855.400  0.0052        
 4855.420  0.0069        
 4855.440  0.0023        
 4855.460 -0.0017        
 4855.480 -0.0006        
 4855.500  0.0024        
 4855.520  0.0009        
 4855.540 -0.0062        
 4855.560 -0.0124        
 4855.580 -0.0118        
 4855.600 -0.0060        
 4855.620 -0.0020        
 4855.640 -0.0020        
 4855.660 -0.0012        
 4855.680  0.0048        
 4855.700  0.0171        
 4855.720  0.0365        
 4855.740  0.0553        
 4855.760  0.0587        
 4855.780  0.0486        
 4855.800  0.0470        
 4855.820  0.0689        
 4855.840  0.1090        
 4855.860  0.1544        
 4855.880  0.1859        
 4855.900  0.1713        
 4855.920  0.0906        
 4855.940 -0.0269        
 4855.960 -0.1175        
 4855.980 -0.1438        
 4856.000 -0.1229        
 4856.020 -0.0863        
 4856.040 -0.0503        
 4856.060 -0.0237        
 4856.080 -0.0114        
 4856.100 -0.0085        
 4856.120 -0.0025        
 4856.140  0.0126        
 4856.160  0.0263        
 4856.180  0.0244        
 4856.200  0.0068        
 4856.220 -0.0107        
 4856.240 -0.0124        
 4856.260  0.0026        
 4856.280  0.0226        
 4856.300  0.0345        
 4856.320  0.0326        
 4856.340  0.0219        
 4856.360  0.0133        
 4856.380  0.0107        
 4856.400  0.0078        
 4856.420  0.0000        
 4856.440 -0.0087        
 4856.460 -0.0136        
 4856.480 -0.0174        
 4856.500 -0.0249        
 4856.520 -0.0312        
 4856.540 -0.0285        
 4856.560 -0.0202        
 4856.580 -0.0158        
 4856.600 -0.0161        
 4856.620 -0.0156        
 4856.640 -0.0119        
 4856.660 -0.0078        
 4856.680 -0.0030        
 4856.700  0.0062        
 4856.720  0.0164        
 4856.740  0.0201        
 4856.760  0.0191        
 4856.780  0.0229        
 4856.800  0.0333        
 4856.820  0.0400        
 4856.840  0.0304        
 4856.860  0.0027        
 4856.880 -0.0283        
 4856.900 -0.0431        
 4856.920 -0.0376        
 4856.940 -0.0247        
 4856.960 -0.0156        
 4856.980 -0.0076        
 4857.000  0.0041        
 4857.020  0.0084        
 4857.040 -0.0104        
 4857.060 -0.0434        
 4857.080 -0.0603        
 4857.100 -0.0451        
 4857.120 -0.0163        
 4857.140 -0.0023        
 4857.160 -0.0065        
 4857.180 -0.0107        
 4857.200 -0.0050        
 4857.220  0.0034        
 4857.240  0.0069        
 4857.260  0.0102        
 4857.280  0.0215        
 4857.300  0.0403        
 4857.320  0.0675        
 4857.340  0.1113        
 4857.360  0.1668        
 4857.380  0.1985        
 4857.400  0.1688        
 4857.420  0.0995        
 4857.440  0.0635        
 4857.460  0.0893        
 4857.480  0.1052        
 4857.500  0.0321        
 4857.520 -0.0903        
 4857.540 -0.1600        
 4857.560 -0.1463        
 4857.580 -0.0934        
 4857.600 -0.0490        
 4857.620 -0.0287        
 4857.640 -0.0249        
 4857.660 -0.0266        
 4857.680 -0.0259        
 4857.700 -0.0182        
 4857.720 -0.0033        
 4857.740  0.0127        
 4857.760  0.0206        
 4857.780  0.0186        
 4857.800  0.0150        
 4857.820  0.0152        
 4857.840  0.0144        
 4857.860  0.0084        
 4857.880  0.0002        
 4857.900 -0.0058        
 4857.920 -0.0070        
 4857.940 -0.0040        
 4857.960 -0.0013        
 4857.980 -0.0037        
 4858.000 -0.0094        
 4858.020 -0.0102        
 4858.040 -0.0010        
 4858.060  0.0127        
 4858.080  0.0203        
 4858.100  0.0186        
 4858.120  0.0128        
 4858.140  0.0069        
 4858.160 -0.0014        
 4858.180 -0.0145        
 4858.200 -0.0269        
 4858.220 -0.0285        
 4858.240 -0.0168        
 4858.260 -0.0012        
 4858.280  0.0091        
 4858.300  0.0158        
 4858.320  0.0192        
 4858.340  0.0116        
 4858.360 -0.0040        
 4858.380 -0.0108        
 4858.400 -0.0006        
 4858.420  0.0146        
 4858.440  0.0187        
 4858.460  0.0122        
 4858.480  0.0082        
 4858.500  0.0103        
 4858.520  0.0109        
 4858.540  0.0061        
 4858.560  0.0014        
 4858.580  0.0038        
 4858.600  0.0119        
 4858.620  0.0165        
 4858.640  0.0121        
 4858.660  0.0039        
 4858.680  0.0023        
 4858.700  0.0090        
 4858.720  0.0144        
 4858.740  0.0111        
 4858.760  0.0094        
 4858.780  0.0226        
 4858.800  0.0428        
 4858.820  0.0635        
 4858.840  0.1009        
 4858.860  0.1461        
 4858.880  0.1641        
 4858.900  0.1621        
 4858.920  0.1461        
 4858.940  0.0933        
 4858.960  0.0324        
 4858.980  0.0110        
 4859.000  0.0151        
 4859.020  0.0012        
 4859.040 -0.0491        
 4859.060 -0.1155        
 4859.080 -0.1560        
 4859.100 -0.1447        
 4859.120 -0.0991        
 4859.140 -0.0626        
 4859.160 -0.0546        
 4859.180 -0.0606        
 4859.200 -0.0620        
 4859.220 -0.0536        
 4859.240 -0.0389        
 4859.260 -0.0221        
 4859.280 -0.0054        
 4859.300  0.0094        
 4859.320  0.0189        
 4859.340  0.0204        
 4859.360  0.0165        
 4859.380  0.0155        
 4859.400  0.0213        
 4859.420  0.0271        
 4859.440  0.0223        
 4859.460  0.0093        
 4859.480  0.0003        
 4859.500 -0.0030        
 4859.520 -0.0084        
 4859.540 -0.0149        
 4859.560 -0.0153        
 4859.580 -0.0113        
 4859.600 -0.0107        
 4859.620 -0.0142        
 4859.640 -0.0134        
 4859.660 -0.0064        
 4859.680 -0.0035        
 4859.700 -0.0108        
 4859.720 -0.0219        
 4859.740 -0.0269        
 4859.760 -0.0201        
 4859.780 -0.0027        
 4859.800  0.0140        
 4859.820  0.0212        
 4859.840  0.0247        
 4859.860  0.0289        
 4859.880  0.0261        
 4859.900  0.0145        
 4859.920  0.0043        
 4859.940 -0.0004        
 4859.960  0.0006        
 4859.980  0.0107        
 4860.000  0.0215        
 4860.020  0.0169        
 4860.040 -0.0010        
 4860.060 -0.0157        
 4860.080 -0.0209        
 4860.100 -0.0230        
 4860.120 -0.0258        
 4860.140 -0.0235        
 4860.160 -0.0121        
 4860.180  0.0016        
 4860.200  0.0117        
 4860.220  0.0213        
 4860.240  0.0348        
 4860.260  0.0490        
 4860.280  0.0564        
 4860.300  0.0561        
 4860.320  0.0605        
 4860.340  0.0857        
 4860.360  0.1264        
 4860.380  0.1448        
 4860.400  0.1189        
 4860.420  0.0804        
 4860.440  0.0536        
 4860.460  0.0262        
 4860.480  0.0040        
 4860.500 -0.0056        
 4860.520 -0.0225        
 4860.540 -0.0475        
 4860.560 -0.0573        
 4860.580 -0.0508        
 4860.600 -0.0450        
 4860.620 -0.0421        
 4860.640 -0.0327        
 4860.660 -0.0165        
 4860.680 -0.0050        
 4860.700 -0.0035        
 4860.720 -0.0051        
 4860.740 -0.0045        
 4860.760 -0.0008        
 4860.780  0.0061        
 4860.800  0.0099        
 4860.820  0.0006        
 4860.840 -0.0176        
 4860.860 -0.0296        
 4860.880 -0.0287        
 4860.900 -0.0198        
 4860.920 -0.0097        
 4860.940 -0.0014        
 4860.960  0.0066        
 4860.980  0.0161        
 4861.000  0.0225        
 4861.020  0.0175        
 4861.040  0.0025        
 4861.060 -0.0122        
 4861.080 -0.0221        
 4861.100 -0.0273        
 4861.120 -0.0260        
 4861.140 -0.0187        
 4861.160 -0.0099        
 4861.180 -0.0015        
 4861.200  0.0046        
 4861.220  0.0037        
 4861.240 -0.0067        
 4861.260 -0.0198        
 4861.280 -0.0231        
 4861.300 -0.0133        
 4861.320 -0.0006        
 4861.340  0.0061        
 4861.360  0.0072        
 4861.380  0.0056        
 4861.400  0.0021        
 4861.420 -0.0023        
 4861.440 -0.0054        
 4861.460 -0.0057        
 4861.480 -0.0034        
 4861.500  0.0001        
 4861.520  0.0026        
 4861.540  0.0016        
 4861.560 -0.0011        
 4861.580  0.0019        
 4861.600  0.0149        
 4861.620  0.0311        
 4861.640  0.0394        
 4861.660  0.0370        
 4861.680  0.0316        
 4861.700  0.0347        
 4861.720  0.0492        
 4861.740  0.0666        
 4861.760  0.0763        
 4861.780  0.0803        
 4861.800  0.0983        
 4861.820  0.1426        
 4861.840  0.1775        
 4861.860  0.1535        
 4861.880  0.0850        
 4861.900  0.0275        
 4861.920  0.0054        
 4861.940  0.0082        
 4861.960  0.0198        
 4861.980  0.0180        
 4862.000 -0.0214        
 4862.020 -0.0895        
 4862.040 -0.1314        
 4862.060 -0.1091        
 4862.080 -0.0551        
 4862.100 -0.0152        
 4862.120  0.0084        
 4862.140  0.0231        
 4862.160  0.0250        
 4862.180  0.0250        
 4862.200  0.0369        
 4862.220  0.0461        
 4862.240  0.0330        
 4862.260  0.0064        
 4862.280 -0.0137        
 4862.300 -0.0249        
 4862.320 -0.0354        
 4862.340 -0.0408        
 4862.360 -0.0319        
 4862.380 -0.0177        
 4862.400 -0.0112        
 4862.420 -0.0099        
 4862.440 -0.0130        
 4862.460 -0.0241        
 4862.480 -0.0255        
 4862.500 -0.0040        
 4862.520  0.0139        
 4862.540  0.0060        
 4862.560 -0.0093        
 4862.580 -0.0136        
 4862.600 -0.0129        
 4862.620 -0.0114        
 4862.640 -0.0064        
 4862.660 -0.0022        
 4862.680 -0.0071        
 4862.700 -0.0199        
 4862.720 -0.0271        
 4862.740 -0.0167        
 4862.760  0.0061        
 4862.780  0.0220        
 4862.800  0.0196        
 4862.820  0.0094        
 4862.840  0.0043        
 4862.860  0.0022        
 4862.880  0.0005        
 4862.900  0.0057        
 4862.920  0.0186        
 4862.940  0.0261        
 4862.960  0.0142        
 4862.980 -0.0107        
 4863.000 -0.0283        
 4863.020 -0.0307        
 4863.040 -0.0236        
 4863.060 -0.0127        
 4863.080 -0.0024        
 4863.100  0.0039        
 4863.120  0.0077        
 4863.140  0.0093        
 4863.160  0.0046        
 4863.180 -0.0031        
 4863.200 -0.0001        
 4863.220  0.0213        
 4863.240  0.0507        
 4863.260  0.0715        
 4863.280  0.0851        
 4863.300  0.1008        
 4863.320  0.1084        
 4863.340  0.0962        
 4863.360  0.0706        
 4863.380  0.0438        
 4863.400  0.0263        
 4863.420  0.0123        
 4863.440 -0.0223        
 4863.460 -0.0786        
 4863.480 -0.1169        
 4863.500 -0.1090        
 4863.520 -0.0727        
 4863.540 -0.0384        
 4863.560 -0.0204        
 4863.580 -0.0186        
 4863.600 -0.0225        
 4863.620 -0.0212        
 4863.640 -0.0137        
 4863.660 -0.0082        
 4863.680 -0.0093        
 4863.700 -0.0115        
 4863.720 -0.0078        
 4863.740  0.0014        
 4863.760  0.0094        
 4863.780  0.0127        
 4863.800  0.0136        
 4863.820  0.0143        
 4863.840  0.0135        
 4863.860  0.0103        
 4863.880  0.0068        
 4863.900  0.0033        
 4863.920 -0.0060        
 4863.940 -0.0230        
 4863.960 -0.0381        
 4863.980 -0.0426        
 4864.000 -0.0392        
 4864.020 -0.0334        
 4864.040 -0.0246        
 4864.060 -0.0113        
 4864.080  0.0029        
 4864.100  0.0107        
 4864.120  0.0079        
 4864.140 -0.0014        
 4864.160 -0.0077        
 4864.180 -0.0058        
 4864.200  0.0003        
 4864.220  0.0048        
 4864.240  0.0036        
 4864.260 -0.0052        
 4864.280 -0.0153        
 4864.300 -0.0161        
 4864.320 -0.0075        
 4864.340  0.0003        
 4864.360  0.0030        
 4864.380  0.0060        
 4864.400  0.0117        
 4864.420  0.0141        
 4864.440  0.0086        
 4864.460  0.0022        
 4864.480  0.0023        
 4864.500  0.0051        
 4864.520  0.0040        
 4864.540  0.0032        
 4864.560  0.0125        
 4864.580  0.0277        
 4864.600  0.0296        
 4864.620  0.0124        
 4864.640 -0.0054        
 4864.660 -0.0047        
 4864.680  0.0178        
 4864.700  0.0592        
 4864.720  0.1155        
 4864.740  0.1653        
 4864.760  0.1715        
 4864.780  0.1288        
 4864.800  0.0792        
 4864.820  0.0503        
 4864.840  0.0293        
 4864.860  0.0093        
 4864.880 -0.0023        
 4864.900 -0.0067        
 4864.920 -0.0110        
 4864.940 -0.0151        
 4864.960 -0.0075        
 4864.980  0.0068        
 4865.000 -0.0009        
 4865.020 -0.0317        
 4865.040 -0.0520        
 4865.060 -0.0468        
 4865.080 -0.0316        
 4865.100 -0.0227        
 4865.120 -0.0249        
 4865.140 -0.0330        
 4865.160 -0.0339        
 4865.180 -0.0224        
 4865.200 -0.0092        
 4865.220 -0.0063        
 4865.240 -0.0121        
 4865.260 -0.0180        
 4865.280 -0.0181        
 4865.300 -0.0115        
 4865.320 -0.0011        
 4865.340  0.0083        
 4865.360  0.0124        
 4865.380  0.0085        
 4865.400 -0.0017        
 4865.420 -0.0083        
 4865.440 -0.0030        
 4865.460  0.0068        
 4865.480  0.0078        
 4865.500  0.0014        
 4865.520 -0.0022        
 4865.540 -0.0003        
 4865.560  0.0034        
 4865.580  0.0050        
 4865.600  0.0006        
 4865.620 -0.0124        
 4865.640 -0.0296        
 4865.660 -0.0384        
 4865.680 -0.0311        
 4865.700 -0.0155        
 4865.720 -0.0009        
 4865.740  0.0123        
 4865.760  0.0210        
 4865.780  0.0166        
 4865.800  0.0010        
 4865.820 -0.0133        
 4865.840 -0.0173        
 4865.860 -0.0127        
 4865.880 -0.0038        
 4865.900  0.0102        
 4865.920  0.0297        
 4865.940  0.0468        
 4865.960  0.0505        
 4865.980  0.0372        
 4866.000  0.0160        
 4866.020  0.0068        
 4866.040  0.0229        
 4866.060  0.0503        
 4866.080  0.0613        
 4866.100  0.0544        
 4866.120  0.0557        
 4866.140  0.0878        
 4866.160  0.1380        
 4866.180  0.1569        
 4866.200  0.1198        
 4866.220  0.0622        
 4866.240  0.0203        
 4866.260 -0.0010        
 4866.280 -0.0060        
 4866.300 -0.0065        
 4866.320 -0.0166        
 4866.340 -0.0344        
 4866.360 -0.0526        
 4866.380 -0.0697        
 4866.400 -0.0781        
 4866.420 -0.0739        
 4866.440 -0.0694        
 4866.460 -0.0683        
 4866.480 -0.0584        
 4866.500 -0.0368        
 4866.520 -0.0104        
 4866.540  0.0147        
 4866.560  0.0228        
 4866.580  0.0030        
 4866.600 -0.0206        
 4866.620 -0.0205        
 4866.640 -0.0081        
 4866.660 -0.0028        
 4866.680  0.0009        
 4866.700  0.0113        
 4866.720  0.0241        
 4866.740  0.0329        
 4866.760  0.0284        
 4866.780  0.0038        
 4866.800 -0.0267        
 4866.820 -0.0401        
 4866.840 -0.0349        
 4866.860 -0.0256        
 4866.880 -0.0201        
 4866.900 -0.0166        
 4866.920 -0.0138        
 4866.940 -0.0139        
 4866.960 -0.0136        
 4866.980 -0.0047        
 4867.000  0.0106        
 4867.020  0.0221        
 4867.040  0.0269        
 4867.060  0.0275        
 4867.080  0.0246        
 4867.100  0.0205        
 4867.120  0.0194        
 4867.140  0.0203        
 4867.160  0.0188        
 4867.180  0.0128        
 4867.200  0.0037        
 4867.220 -0.0042        
 4867.240 -0.0054        
 4867.260  0.0011        
 4867.280  0.0089        
 4867.300  0.0097        
 4867.320  0.0022        
 4867.340 -0.0053        
 4867.360 -0.0034        
 4867.380  0.0095        
 4867.400  0.0261        
 4867.420  0.0338        
 4867.440  0.0236        
 4867.460  0.0044        
 4867.480 -0.0011        
 4867.500  0.0133        
 4867.520  0.0327        
 4867.540  0.0488        
 4867.560  0.0649        
 4867.580  0.0744        
 4867.600  0.0632        
 4867.620  0.0362        
 4867.640  0.0139        
 4867.660  0.0044        
 4867.680  0.0023        
 4867.700  0.0002        
 4867.720 -0.0162        
 4867.740 -0.0585        
 4867.760 -0.1026        
 4867.780 -0.1066        
 4867.800 -0.0745        
 4867.820 -0.0489        
 4867.840 -0.0479        
 4867.860 -0.0504        
 4867.880 -0.0348        
 4867.900 -0.0160        
 4867.920 -0.0186        
 4867.940 -0.0291        
 4867.960 -0.0233        
 4867.980 -0.0131        
 4868.000 -0.0163        
 4868.020 -0.0250        
 4868.040 -0.0288        
 4868.060 -0.0275        
 4868.080 -0.0211        
 4868.100 -0.0128        
 4868.120 -0.0079        
 4868.140 -0.0028        
 4868.160  0.0044        
 4868.180  0.0034        
 4868.200 -0.0088        
 4868.220 -0.0159        
 4868.240 -0.0045        
 4868.260  0.0157        
 4868.280  0.0242        
 4868.300  0.0175        
 4868.320  0.0107        
 4868.340  0.0113        
 4868.360  0.0132        
 4868.380  0.0134        
 4868.400  0.0147        
 4868.420  0.0155        
 4868.440  0.0104        
 4868.460  0.0016        
 4868.480  0.0009        
 4868.500  0.0097        
 4868.520  0.0144        
 4868.540  0.0102        
 4868.560  0.0065        
 4868.580  0.0103        
 4868.600  0.0192        
 4868.620  0.0260        
 4868.640  0.0203        
 4868.660 -0.0010        
 4868.680 -0.0253        
 4868.700 -0.0362        
 4868.720 -0.0330        
 4868.740 -0.0294        
 4868.760 -0.0303        
 4868.780 -0.0217        
 4868.800  0.0001        
 4868.820  0.0144        
 4868.840  0.0104        
 4868.860  0.0062        
 4868.880  0.0236        
 4868.900  0.0658        
 4868.920  0.1211        
 4868.940  0.1753        
 4868.960  0.2125        
 4868.980  0.2081        
 4869.000  0.1399        
 4869.020  0.0348        
 4869.040 -0.0295        
 4869.060 -0.0204        
 4869.080  0.0095        
 4869.100  0.0010        
 4869.120 -0.0523        
 4869.140 -0.1080        
 4869.160 -0.1220        
 4869.180 -0.1062        
 4869.200 -0.0955        
 4869.220 -0.0894        
 4869.240 -0.0754        
 4869.260 -0.0570        
 4869.280 -0.0413        
 4869.300 -0.0300        
 4869.320 -0.0200        
 4869.340 -0.0034        
 4869.360  0.0204        
 4869.380  0.0341        
 4869.400  0.0252        
 4869.420  0.0080        
 4869.440  0.0027        
 4869.460  0.0103        
 4869.480  0.0187        
 4869.500  0.0188        
 4869.520  0.0108        
 4869.540  0.0000        
 4869.560 -0.0083        
 4869.580 -0.0109        
 4869.600 -0.0096        
 4869.620 -0.0092        
 4869.640 -0.0103        
 4869.660 -0.0092        
 4869.680 -0.0053        
 4869.700 -0.0015        
 4869.720  0.0011        
 4869.740  0.0027        
 4869.760  0.0018        
 4869.780 -0.0042        
 4869.800 -0.0147        
 4869.820 -0.0232        
 4869.840 -0.0227        
 4869.860 -0.0116        
 4869.880  0.0033        
 4869.900  0.0152        
 4869.920  0.0229        
 4869.940  0.0282        
 4869.960  0.0320        
 4869.980  0.0350        
 4870.000  0.0359        
 4870.020  0.0313        
 4870.040  0.0249        
 4870.060  0.0240        
 4870.080  0.0222        
 4870.100  0.0078        
 4870.120 -0.0125        
 4870.140 -0.0231        
 4870.160 -0.0231        
 4870.180 -0.0206        
 4870.200 -0.0174        
 4870.220 -0.0082        
 4870.240  0.0104        
 4870.260  0.0350        
 4870.280  0.0596        
 4870.300  0.0825        
 4870.320  0.1068        
 4870.340  0.1312        
 4870.360  0.1477        
 4870.380  0.1461        
 4870.400  0.1120        
 4870.420  0.0538        
 4870.440  0.0120        
 4870.460 -0.0023        
 4870.480 -0.0195        
 4870.500 -0.0491        
 4870.520 -0.0638        
 4870.540 -0.0540        
 4870.560 -0.0465        
 4870.580 -0.0500        
 4870.600 -0.0473        
 4870.620 -0.0397        
 4870.640 -0.0398        
 4870.660 -0.0418        
 4870.680 -0.0374        
 4870.700 -0.0306        
 4870.720 -0.0277        
 4870.740 -0.0260        
 4870.760 -0.0201        
 4870.780 -0.0137        
 4870.800 -0.0131        
 4870.820 -0.0135        
 4870.840 -0.0087        
 4870.860 -0.0035        
 4870.880 -0.0005        
 4870.900  0.0043        
 4870.920  0.0083        
 4870.940  0.0100        
 4870.960  0.0170        
 4870.980  0.0270        
 4871.000  0.0265        
 4871.020  0.0175        
 4871.040  0.0130        
 4871.060  0.0131        
 4871.080  0.0113        
 4871.100  0.0075        
 4871.120  0.0039        
 4871.140  0.0012        
 4871.160  0.0026        
 4871.180  0.0106        
 4871.200  0.0194        
 4871.220  0.0178        
 4871.240  0.0029        
 4871.260 -0.0133        
 4871.280 -0.0207        
 4871.300 -0.0199        
 4871.320 -0.0114        
 4871.340  0.0051        
 4871.360  0.0204        
 4871.380  0.0231        
 4871.400  0.0135        
 4871.420  0.0033        
 4871.440  0.0032        
 4871.460  0.0119        
 4871.480  0.0192        
 4871.500  0.0190        
 4871.520  0.0154        
 4871.540  0.0176        
 4871.560  0.0291        
 4871.580  0.0436        
 4871.600  0.0538        
 4871.620  0.0620        
 4871.640  0.0771        
 4871.660  0.1026        
 4871.680  0.1307        
 4871.700  0.1440        
 4871.720  0.1245        
 4871.740  0.0764        
 4871.760  0.0303        
 4871.780  0.0070        
 4871.800  0.0008        
 4871.820 -0.0058        
 4871.840 -0.0286        
 4871.860 -0.0590        
 4871.880 -0.0673        
 4871.900 -0.0506        
 4871.920 -0.0371        
 4871.940 -0.0407        
 4871.960 -0.0470        
 4871.980 -0.0334        
 4872.000  0.0018        
 4872.020  0.0295        
 4872.040  0.0280        
 4872.060  0.0162        
 4872.080  0.0154        
 4872.100  0.0142        
 4872.120  0.0030        
 4872.140 -0.0050        
 4872.160 -0.0023        
 4872.180  0.0051        
 4872.200  0.0131        
 4872.220  0.0195        
 4872.240  0.0190        
 4872.260  0.0055        
 4872.280 -0.0225        
 4872.300 -0.0521        
 4872.320 -0.0614        
 4872.340 -0.0445        
 4872.360 -0.0176        
 4872.380  0.0001        
 4872.400  0.0015        
 4872.420 -0.0058        
 4872.440 -0.0095        
 4872.460 -0.0054        
 4872.480  0.0006        
 4872.500  0.0031        
 4872.520  0.0053        
 4872.540  0.0097        
 4872.560  0.0092        
 4872.580  0.0027        
 4872.600  0.0032        
 4872.620  0.0105        
 4872.640  0.0068        
 4872.660 -0.0082        
 4872.680 -0.0162        
 4872.700 -0.0108        
 4872.720 -0.0011        
 4872.740  0.0040        
 4872.760  0.0039        
 4872.780  0.0029        
 4872.800  0.0043        
 4872.820  0.0049        
 4872.840  0.0023        
 4872.860  0.0046        
 4872.880  0.0183        
 4872.900  0.0336        
 4872.920  0.0409        
 4872.940  0.0468        
 4872.960  0.0621        
 4872.980  0.0824        
 4873.000  0.0955        
 4873.020  0.1133        
 4873.040  0.1624        
 4873.060  0.2122        
 4873.080  0.1890        
 4873.100  0.1001        
 4873.120  0.0273        
 4873.140 -0.0030        
 4873.160 -0.0263        
 4873.180 -0.0573        
 4873.200 -0.0838        
 4873.220 -0.0943        
 4873.240 -0.0819        
 4873.260 -0.0575        
 4873.280 -0.0437        
 4873.300 -0.0432        
 4873.320 -0.0427        
 4873.340 -0.0357        
 4873.360 -0.0230        
 4873.380 -0.0077        
 4873.400  0.0048        
 4873.420  0.0097        
 4873.440  0.0080        
 4873.460  0.0052        
 4873.480  0.0064        
 4873.500  0.0127        
 4873.520  0.0195        
 4873.540  0.0217        
 4873.560  0.0180        
 4873.580  0.0118        
 4873.600  0.0058        
 4873.620  0.0001        
 4873.640 -0.0038        
 4873.660 -0.0018        
 4873.680  0.0064        
 4873.700  0.0113        
 4873.720  0.0057        
 4873.740 -0.0033        
 4873.760 -0.0052        
 4873.780  0.0001        
 4873.800  0.0048        
 4873.820  0.0057        
 4873.840  0.0066        
 4873.860  0.0074        
 4873.880  0.0049        
 4873.900  0.0040        
 4873.920  0.0092        
 4873.940  0.0146        
 4873.960  0.0188        
 4873.980  0.0286        
 4874.000  0.0426        
 4874.020  0.0535        
 4874.040  0.0621        
 4874.060  0.0644        
 4874.080  0.0447        
 4874.100  0.0053        
 4874.120 -0.0249        
 4874.140 -0.0274        
 4874.160 -0.0135        
 4874.180 -0.0007        
 4874.200  0.0074        
 4874.220  0.0127        
 4874.240  0.0097        
 4874.260  0.0007        
 4874.280  0.0029        
 4874.300  0.0270        
 4874.320  0.0672        
 4874.340  0.1109        
 4874.360  0.1360        
 4874.380  0.1577        
 4874.400  0.2244        
 4874.420  0.2581        
 4874.440  0.1598        
 4874.460  0.0277        
 4874.480 -0.0500        
 4874.500 -0.1096        
 4874.520 -0.1483        
 4874.540 -0.1375        
 4874.560 -0.0956        
 4874.580 -0.0580        
 4874.600 -0.0383        
 4874.620 -0.0303        
 4874.640 -0.0280        
 4874.660 -0.0253        
 4874.680 -0.0152        
 4874.700 -0.0021        
 4874.720  0.0025        
 4874.740 -0.0020        
 4874.760 -0.0071        
 4874.780 -0.0081        
 4874.800 -0.0081        
 4874.820 -0.0093        
 4874.840 -0.0083        
 4874.860 -0.0051        
 4874.880 -0.0061        
 4874.900 -0.0113        
 4874.920 -0.0133        
 4874.940 -0.0107        
 4874.960 -0.0069        
 4874.980 -0.0035        
 4875.000 -0.0015        
 4875.020 -0.0026        
 4875.040 -0.0054        
 4875.060 -0.0043        
 4875.080  0.0023        
 4875.100  0.0070        
 4875.120  0.0028        
 4875.140 -0.0041        
 4875.160 -0.0056        
 4875.180 -0.0039        
 4875.200 -0.0029        
 4875.220 -0.0005        
 4875.240  0.0049        
 4875.260  0.0140        
 4875.280  0.0276        
 4875.300  0.0392        
 4875.320  0.0366        
 4875.340  0.0179        
 4875.360 -0.0047        
 4875.380 -0.0172        
 4875.400 -0.0165        
 4875.420 -0.0084        
 4875.440  0.0019        
 4875.460  0.0101        
 4875.480  0.0108        
 4875.500  0.0052        
 4875.520  0.0016        
 4875.540  0.0067        
 4875.560  0.0249        
 4875.580  0.0581        
 4875.600  0.0939        
 4875.620  0.1162        
 4875.640  0.1359        
 4875.660  0.1787        
 4875.680  0.2251        
 4875.700  0.2103        
 4875.720  0.1260        
 4875.740  0.0481        
 4875.760  0.0193        
 4875.780  0.0014        
 4875.800 -0.0461        
 4875.820 -0.1109        
 4875.840 -0.1452        
 4875.860 -0.1299        
 4875.880 -0.0974        
 4875.900 -0.0711        
 4875.920 -0.0437        
 4875.940 -0.0188        
 4875.960 -0.0102        
 4875.980 -0.0126        
 4876.000 -0.0098        
 4876.020  0.0005        
 4876.040  0.0065        
 4876.060  0.0032        
 4876.080  0.0020        
 4876.100  0.0108        
 4876.120  0.0211        
 4876.140  0.0244        
 4876.160  0.0214        
 4876.180  0.0150        
 4876.200  0.0093        
 4876.220  0.0098        
 4876.240  0.0135        
 4876.260  0.0115        
 4876.280  0.0018        
 4876.300 -0.0065        
 4876.320 -0.0040        
 4876.340  0.0076        
 4876.360  0.0184        
 4876.380  0.0217        
 4876.400  0.0180        
 4876.420  0.0116        
 4876.440  0.0053        
 4876.460 -0.0016        
 4876.480 -0.0114        
 4876.500 -0.0179        
 4876.520 -0.0117        
 4876.540  0.0015        
 4876.560  0.0056        
 4876.580 -0.0014        
 4876.600 -0.0089        
 4876.620 -0.0108        
 4876.640 -0.0078        
 4876.660  0.0002        
 4876.680  0.0129        
 4876.700  0.0260        
 4876.720  0.0338        
 4876.740  0.0385        
 4876.760  0.0428        
 4876.780  0.0380        
 4876.800  0.0227        
 4876.820  0.0156        
 4876.840  0.0250        
 4876.860  0.0383        
 4876.880  0.0504        
 4876.900  0.0650        
 4876.920  0.0821        
 4876.940  0.1060        
 4876.960  0.1396        
 4876.980  0.1604        
 4877.000  0.1419        
 4877.020  0.0884        
 4877.040  0.0218        
 4877.060 -0.0425        
 4877.080 -0.0871        
 4877.100 -0.0941        
 4877.120 -0.0745        
 4877.140 -0.0575        
 4877.160 -0.0520        
 4877.180 -0.0474        
 4877.200 -0.0374        
 4877.220 -0.0282        
 4877.240 -0.0230        
 4877.260 -0.0157        
 4877.280 -0.0039        
 4877.300  0.0113        
 4877.320  0.0303        
 4877.340  0.0453        
 4877.360  0.0435        
 4877.380  0.0304        
 4877.400  0.0234        
 4877.420  0.0261        
 4877.440  0.0303        
 4877.460  0.0307        
 4877.480  0.0245        
 4877.500  0.0144        
 4877.520  0.0102        
 4877.540  0.0105        
 4877.560  0.0002        
 4877.580 -0.0213        
 4877.600 -0.0365        
 4877.620 -0.0370        
 4877.640 -0.0284        
 4877.660 -0.0177        
 4877.680 -0.0127        
 4877.700 -0.0132        
 4877.720 -0.0079        
 4877.740  0.0063        
 4877.760  0.0163        
 4877.780  0.0160        
 4877.800  0.0154        
 4877.820  0.0224        
 4877.840  0.0316        
 4877.860  0.0330        
 4877.880  0.0263        
 4877.900  0.0207        
 4877.920  0.0211        
 4877.940  0.0241        
 4877.960  0.0223        
 4877.980  0.0000        
 4878.000  0.0000        
