           0.97  
          -0.30
 4722.000  0.7255
 4722.020  0.8133
 4722.040  0.8628
 4722.060  0.8974
 4722.080  0.9048
 4722.100  0.8953
 4722.120  0.8811
 4722.140  0.8653
 4722.160  0.8479
 4722.180  0.8351
 4722.200  0.8332
 4722.220  0.8394
 4722.240  0.8465
 4722.260  0.8521
 4722.280  0.8584
 4722.300  0.8644
 4722.320  0.8672
 4722.340  0.8667
 4722.360  0.8658
 4722.380  0.8676
 4722.400  0.8709
 4722.420  0.8721
 4722.440  0.8706
 4722.460  0.8676
 4722.480  0.8623
 4722.500  0.8536
 4722.520  0.8429
 4722.540  0.8298
 4722.560  0.8080
 4722.580  0.7726
 4722.600  0.7278
 4722.620  0.6830
 4722.640  0.6458
 4722.660  0.6198
 4722.680  0.6077
 4722.700  0.6122
 4722.720  0.6329
 4722.740  0.6667
 4722.760  0.7111
 4722.780  0.7647
 4722.800  0.8221
 4722.820  0.8710
 4722.840  0.9012
 4722.860  0.9126
 4722.880  0.9142
 4722.900  0.9120
 4722.920  0.9021
 4722.940  0.8783
 4722.960  0.8432
 4722.980  0.8090
 4723.000  0.7853
 4723.020  0.7732
 4723.040  0.7709
 4723.060  0.7760
 4723.080  0.7843
 4723.100  0.7932
 4723.120  0.8014
 4723.140  0.8085
 4723.160  0.8174
 4723.180  0.8322
 4723.200  0.8537
 4723.220  0.8784
 4723.240  0.8976
 4723.260  0.9022
 4723.280  0.8917
 4723.300  0.8749
 4723.320  0.8576
 4723.340  0.8390
 4723.360  0.8222
 4723.380  0.8141
 4723.400  0.8162
 4723.420  0.8261
 4723.440  0.8427
 4723.460  0.8656
 4723.480  0.8919
 4723.500  0.9151
 4723.520  0.9284
 4723.540  0.9314
 4723.560  0.9280
 4723.580  0.9190
 4723.600  0.9028
 4723.620  0.8794
 4723.640  0.8522
 4723.660  0.8262
 4723.680  0.8057
 4723.700  0.7942
 4723.720  0.7950
 4723.740  0.8099
 4723.760  0.8372
 4723.780  0.8698
 4723.800  0.8981
 4723.820  0.9137
 4723.840  0.9131
 4723.860  0.9000
 4723.880  0.8787
 4723.900  0.8495
 4723.920  0.8101
 4723.940  0.7589
 4723.960  0.6965
 4723.980  0.6266
 4724.000  0.5556
 4724.020  0.4913
 4724.040  0.4396
 4724.060  0.4031
 4724.080  0.3796
 4724.100  0.3651
 4724.120  0.3591
 4724.140  0.3632
 4724.160  0.3729
 4724.180  0.3795
 4724.200  0.3792
 4724.220  0.3758
 4724.240  0.3747
 4724.260  0.3785
 4724.280  0.3862
 4724.300  0.3967
 4724.320  0.4105
 4724.340  0.4268
 4724.360  0.4417
 4724.380  0.4550
 4724.400  0.4734
 4724.420  0.4993
 4724.440  0.5251
 4724.460  0.5443
 4724.480  0.5586
 4724.500  0.5725
 4724.520  0.5864
 4724.540  0.5937
 4724.560  0.5867
 4724.580  0.5633
 4724.600  0.5270
 4724.620  0.4819
 4724.640  0.4357
 4724.660  0.4018
 4724.680  0.3904
 4724.700  0.3990
 4724.720  0.4212
 4724.740  0.4565
 4724.760  0.5073
 4724.780  0.5715
 4724.800  0.6406
 4724.820  0.7019
 4724.840  0.7451
 4724.860  0.7704
 4724.880  0.7851
 4724.900  0.7948
 4724.920  0.8035
 4724.940  0.8149
 4724.960  0.8295
 4724.980  0.8437
 4725.000  0.8522
 4725.020  0.8510
 4725.040  0.8376
 4725.060  0.8094
 4725.080  0.7661
 4725.100  0.7114
 4725.120  0.6501
 4725.140  0.5874
 4725.160  0.5329
 4725.180  0.4976
 4725.200  0.4844
 4725.220  0.4891
 4725.240  0.5105
 4725.260  0.5512
 4725.280  0.6116
 4725.300  0.6838
 4725.320  0.7503
 4725.340  0.7975
 4725.360  0.8250
 4725.380  0.8416
 4725.400  0.8541
 4725.420  0.8665
 4725.440  0.8815
 4725.460  0.8983
 4725.480  0.9156
 4725.500  0.9325
 4725.520  0.9451
 4725.540  0.9511
 4725.560  0.9536
 4725.580  0.9543
 4725.600  0.9526
 4725.620  0.9487
 4725.640  0.9443
 4725.660  0.9393
 4725.680  0.9316
 4725.700  0.9207
 4725.720  0.9072
 4725.740  0.8918
 4725.760  0.8735
 4725.780  0.8488
 4725.800  0.8127
 4725.820  0.7664
 4725.840  0.7186
 4725.860  0.6786
 4725.880  0.6514
 4725.900  0.6372
 4725.920  0.6335
 4725.940  0.6380
 4725.960  0.6482
 4725.980  0.6564
 4726.000  0.6513
 4726.020  0.6276
 4726.040  0.5873
 4726.060  0.5389
 4726.080  0.4942
 4726.100  0.4629
 4726.120  0.4498
 4726.140  0.4545
 4726.160  0.4735
 4726.180  0.5053
 4726.200  0.5480
 4726.220  0.5950
 4726.240  0.6360
 4726.260  0.6635
 4726.280  0.6771
 4726.300  0.6835
 4726.320  0.6898
 4726.340  0.6977
 4726.360  0.7050
 4726.380  0.7093
 4726.400  0.7066
 4726.420  0.6914
 4726.440  0.6639
 4726.460  0.6339
 4726.480  0.6100
 4726.500  0.5892
 4726.520  0.5619
 4726.540  0.5250
 4726.560  0.4890
 4726.580  0.4705
 4726.600  0.4757
 4726.620  0.4989
 4726.640  0.5352
 4726.660  0.5847
 4726.680  0.6466
 4726.700  0.7141
 4726.720  0.7760
 4726.740  0.8222
 4726.760  0.8525
 4726.780  0.8713
 4726.800  0.8799
 4726.820  0.8813
 4726.840  0.8820
 4726.860  0.8828
 4726.880  0.8791
 4726.900  0.8672
 4726.920  0.8442
 4726.940  0.8092
 4726.960  0.7661
 4726.980  0.7221
 4727.000  0.6821
 4727.020  0.6504
 4727.040  0.6296
 4727.060  0.6175
 4727.080  0.6096
 4727.100  0.6048
 4727.120  0.6037
 4727.140  0.6065
 4727.160  0.6122
 4727.180  0.6130
 4727.200  0.5980
 4727.220  0.5637
 4727.240  0.5187
 4727.260  0.4746
 4727.280  0.4380
 4727.300  0.4104
 4727.320  0.3936
 4727.340  0.3928
 4727.360  0.4130
 4727.380  0.4513
 4727.400  0.4955
 4727.420  0.5338
 4727.440  0.5619
 4727.460  0.5819
 4727.480  0.5968
 4727.500  0.6062
 4727.520  0.6073
 4727.540  0.6038
 4727.560  0.6079
 4727.580  0.6300
 4727.600  0.6721
 4727.620  0.7289
 4727.640  0.7883
 4727.660  0.8377
 4727.680  0.8703
 4727.700  0.8844
 4727.720  0.8801
 4727.740  0.8587
 4727.760  0.8223
 4727.780  0.7729
 4727.800  0.7136
 4727.820  0.6477
 4727.840  0.5779
 4727.860  0.5107
 4727.880  0.4549
 4727.900  0.4146
 4727.920  0.3883
 4727.940  0.3736
 4727.960  0.3699
 4727.980  0.3778
 4728.000  0.3972
 4728.020  0.4240
 4728.040  0.4547
 4728.060  0.4906
 4728.080  0.5354
 4728.100  0.5882
 4728.120  0.6445
 4728.140  0.6997
 4728.160  0.7510
 4728.180  0.7974
 4728.200  0.8379
 4728.220  0.8713
 4728.240  0.8975
 4728.260  0.9164
 4728.280  0.9272
 4728.300  0.9317
 4728.320  0.9346
 4728.340  0.9371
 4728.360  0.9381
 4728.380  0.9388
 4728.400  0.9420
 4728.420  0.9490
 4728.440  0.9541
 4728.460  0.9527
 4728.480  0.9471
 4728.500  0.9411
 4728.520  0.9368
 4728.540  0.9348
 4728.560  0.9318
 4728.580  0.9245
 4728.600  0.9123
 4728.620  0.8964
 4728.640  0.8792
 4728.660  0.8664
 4728.680  0.8634
 4728.700  0.8692
 4728.720  0.8751
 4728.740  0.8742
 4728.760  0.8627
 4728.780  0.8393
 4728.800  0.8067
 4728.820  0.7679
 4728.840  0.7279
 4728.860  0.6956
 4728.880  0.6807
 4728.900  0.6886
 4728.920  0.7180
 4728.940  0.7606
 4728.960  0.8052
 4728.980  0.8422
 4729.000  0.8629
 4729.020  0.8655
 4729.040  0.8593
 4729.060  0.8539
 4729.080  0.8519
 4729.100  0.8548
 4729.120  0.8621
 4729.140  0.8720
 4729.160  0.8848
 4729.180  0.8989
 4729.200  0.9067
 4729.220  0.9043
 4729.240  0.8970
 4729.260  0.8892
 4729.280  0.8788
 4729.300  0.8642
 4729.320  0.8457
 4729.340  0.8236
 4729.360  0.7976
 4729.380  0.7626
 4729.400  0.7133
 4729.420  0.6517
 4729.440  0.5873
 4729.460  0.5285
 4729.480  0.4796
 4729.500  0.4436
 4729.520  0.4229
 4729.540  0.4188
 4729.560  0.4323
 4729.580  0.4602
 4729.600  0.4940
 4729.620  0.5266
 4729.640  0.5533
 4729.660  0.5693
 4729.680  0.5709
 4729.700  0.5613
 4729.720  0.5517
 4729.740  0.5564
 4729.760  0.5819
 4729.780  0.6227
 4729.800  0.6719
 4729.820  0.7281
 4729.840  0.7859
 4729.860  0.8336
 4729.880  0.8660
 4729.900  0.8851
 4729.920  0.8915
 4729.940  0.8835
 4729.960  0.8605
 4729.980  0.8272
 4730.000  0.7949
 4730.020  0.7743
 4730.040  0.7675
 4730.060  0.7719
 4730.080  0.7883
 4730.100  0.8159
 4730.120  0.8453
 4730.140  0.8679
 4730.160  0.8869
 4730.180  0.9070
 4730.200  0.9230
 4730.220  0.9324
 4730.240  0.9389
 4730.260  0.9429
 4730.280  0.9434
 4730.300  0.9399
 4730.320  0.9318
 4730.340  0.9218
 4730.360  0.9151
 4730.380  0.9128
 4730.400  0.9110
 4730.420  0.9064
 4730.440  0.8990
 4730.460  0.8885
 4730.480  0.8758
 4730.500  0.8676
 4730.520  0.8680
 4730.540  0.8706
 4730.560  0.8691
 4730.580  0.8639
 4730.600  0.8555
 4730.620  0.8421
 4730.640  0.8233
 4730.660  0.8024
 4730.680  0.7828
 4730.700  0.7667
 4730.720  0.7567
 4730.740  0.7558
 4730.760  0.7681
 4730.780  0.7958
 4730.800  0.8315
 4730.820  0.8629
 4730.840  0.8865
 4730.860  0.9043
 4730.880  0.9097
 4730.900  0.8919
 4730.920  0.8493
 4730.940  0.7877
 4730.960  0.7179
 4730.980  0.6492
 4731.000  0.5850
 4731.020  0.5277
 4731.040  0.4813
 4731.060  0.4485
 4731.080  0.4332
 4731.100  0.4396
 4731.120  0.4692
 4731.140  0.5175
 4731.160  0.5740
 4731.180  0.6264
 4731.200  0.6631
 4731.220  0.6768
 4731.240  0.6682
 4731.260  0.6467
 4731.280  0.6234
 4731.300  0.6025
 4731.320  0.5835
 4731.340  0.5690
 4731.360  0.5655
 4731.380  0.5783
 4731.400  0.6078
 4731.420  0.6493
 4731.440  0.6946
 4731.460  0.7339
 4731.480  0.7615
 4731.500  0.7748
 4731.520  0.7700
 4731.540  0.7435
 4731.560  0.6992
 4731.580  0.6490
 4731.600  0.6077
 4731.620  0.5856
 4731.640  0.5835
 4731.660  0.5943
 4731.680  0.6127
 4731.700  0.6361
 4731.720  0.6582
 4731.740  0.6696
 4731.760  0.6631
 4731.780  0.6378
 4731.800  0.5979
 4731.820  0.5507
 4731.840  0.5044
 4731.860  0.4665
 4731.880  0.4424
 4731.900  0.4373
 4731.920  0.4544
 4731.940  0.4910
 4731.960  0.5434
 4731.980  0.6083
 4732.000  0.6775
 4732.020  0.7409
 4732.040  0.7904
 4732.060  0.8180
 4732.080  0.8196
 4732.100  0.7979
 4732.120  0.7591
 4732.140  0.7092
 4732.160  0.6553
 4732.180  0.6071
 4732.200  0.5750
 4732.220  0.5621
 4732.240  0.5626
 4732.260  0.5689
 4732.280  0.5802
 4732.300  0.5988
 4732.320  0.6228
 4732.340  0.6460
 4732.360  0.6671
 4732.380  0.6922
 4732.400  0.7238
 4732.420  0.7569
 4732.440  0.7848
 4732.460  0.8030
 4732.480  0.8140
 4732.500  0.8233
 4732.520  0.8337
 4732.540  0.8432
 4732.560  0.8492
 4732.580  0.8519
 4732.600  0.8500
 4732.620  0.8390
 4732.640  0.8136
 4732.660  0.7687
 4732.680  0.7043
 4732.700  0.6302
 4732.720  0.5602
 4732.740  0.5014
 4732.760  0.4548
 4732.780  0.4211
 4732.800  0.4019
 4732.820  0.3946
 4732.840  0.3947
 4732.860  0.3994
 4732.880  0.4091
 4732.900  0.4259
 4732.920  0.4511
 4732.940  0.4823
 4732.960  0.5177
 4732.980  0.5601
 4733.000  0.6135
 4733.020  0.6764
 4733.040  0.7419
 4733.060  0.8017
 4733.080  0.8506
 4733.100  0.8885
 4733.120  0.9158
 4733.140  0.9334
 4733.160  0.9449
 4733.180  0.9533
 4733.200  0.9582
 4733.220  0.9590
 4733.240  0.9592
 4733.260  0.9613
 4733.280  0.9647
 4733.300  0.9695
 4733.320  0.9736
 4733.340  0.9733
 4733.360  0.9708
 4733.380  0.9688
 4733.400  0.9640
 4733.420  0.9533
 4733.440  0.9379
 4733.460  0.9161
 4733.480  0.8816
 4733.500  0.8314
 4733.520  0.7700
 4733.540  0.7093
 4733.560  0.6624
 4733.580  0.6330
 4733.600  0.6159
 4733.620  0.6082
 4733.640  0.6067
 4733.660  0.6000
 4733.680  0.5774
 4733.700  0.5401
 4733.720  0.4964
 4733.740  0.4537
 4733.760  0.4202
 4733.780  0.4055
 4733.800  0.4159
 4733.820  0.4496
 4733.840  0.5011
 4733.860  0.5645
 4733.880  0.6352
 4733.900  0.7068
 4733.920  0.7713
 4733.940  0.8206
 4733.960  0.8485
 4733.980  0.8527
 4734.000  0.8357
 4734.020  0.8021
 4734.040  0.7580
 4734.060  0.7122
 4734.080  0.6748
 4734.100  0.6515
 4734.120  0.6405
 4734.140  0.6356
 4734.160  0.6296
 4734.180  0.6178
 4734.200  0.5982
 4734.220  0.5700
 4734.240  0.5340
 4734.260  0.4978
 4734.280  0.4754
 4734.300  0.4749
 4734.320  0.4934
 4734.340  0.5231
 4734.360  0.5607
 4734.380  0.6085
 4734.400  0.6687
 4734.420  0.7359
 4734.440  0.7987
 4734.460  0.8467
 4734.480  0.8766
 4734.500  0.8909
 4734.520  0.8963
 4734.540  0.9016
 4734.560  0.9086
 4734.580  0.9089
 4734.600  0.8944
 4734.620  0.8709
 4734.640  0.8508
 4734.660  0.8360
 4734.680  0.8178
 4734.700  0.7900
 4734.720  0.7578
 4734.740  0.7328
 4734.760  0.7207
 4734.780  0.7162
 4734.800  0.7136
 4734.820  0.7151
 4734.840  0.7249
 4734.860  0.7425
 4734.880  0.7670
 4734.900  0.8010
 4734.920  0.8430
 4734.940  0.8822
 4734.960  0.9084
 4734.980  0.9196
 4735.000  0.9203
 4735.020  0.9178
 4735.040  0.9154
 4735.060  0.9120
 4735.080  0.9083
 4735.100  0.9051
 4735.120  0.9028
 4735.140  0.9001
 4735.160 -1.0000
 4735.180 -1.0000
 4735.200 -1.0000
 4735.220 -1.0000
 4735.240 -1.0000
 4735.260 -1.0000
 4735.280 -1.0000
 4735.300 -1.0000
 4735.320 -1.0000
 4735.340  0.4566
 4735.360  0.4208
 4735.380  0.3882
 4735.400  0.3738
 4735.420  0.3819
 4735.440  0.4072
 4735.460  0.4409
 4735.480  0.4759
 4735.500  0.5116
 4735.520  0.5490
 4735.540  0.5837
 4735.560  0.6071
 4735.580  0.6158
 4735.600  0.6187
 4735.620  0.6318
 4735.640  0.6657
 4735.660  0.7188
 4735.680  0.7786
 4735.700  0.8300
 4735.720  0.8631
 4735.740  0.8724
 4735.760  0.8556
 4735.780  0.8183
 4735.800  0.7733
 4735.820  0.7304
 4735.840  0.6921
 4735.860  0.6602
 4735.880  0.6427
 4735.900  0.6473
 4735.920  0.6704
 4735.940  0.6970
 4735.960  0.7104
 4735.980  0.6989
 4736.000  0.6607
 4736.020  0.6025
 4736.040  0.5355
 4736.060  0.4723
 4736.080  0.4212
 4736.100  0.3859
 4736.120  0.3670
 4736.140  0.3637
 4736.160  0.3752
 4736.180  0.3974
 4736.200  0.4235
 4736.220  0.4512
 4736.240  0.4819
 4736.260  0.5147
 4736.280  0.5461
 4736.300  0.5735
 4736.320  0.5949
 4736.340  0.6074
 4736.360  0.6103
 4736.380  0.6058
 4736.400  0.5961
 4736.420  0.5824
 4736.440  0.5671
 4736.460  0.5527
 4736.480  0.5434
 4736.500  0.5465
 4736.520  0.5696
 4736.540  0.6160
 4736.560  0.6818
 4736.580  0.7549
 4736.600  0.8179
 4736.620  0.8567
 4736.640  0.8724
 4736.660  0.8784
 4736.680  0.8872
 4736.700  0.9017
 4736.720  0.9171
 4736.740  0.9277
 4736.760  0.9335
 4736.780  0.9378
 4736.800  0.9401
 4736.820  0.9388
 4736.840  0.9374
 4736.860  0.9410
 4736.880  0.9499
 4736.900  0.9564
 4736.920  0.9536
 4736.940  0.9407
 4736.960  0.9188
 4736.980  0.8897
 4737.000  0.8575
 4737.020  0.8263
 4737.040  0.7976
 4737.060  0.7747
 4737.080  0.7645
 4737.100  0.7697
 4737.120  0.7857
 4737.140  0.8073
 4737.160  0.8283
 4737.180  0.8427
 4737.200  0.8488
 4737.220  0.8512
 4737.240  0.8575
 4737.260  0.8706
 4737.280  0.8873
 4737.300  0.9049
 4737.320  0.9208
 4737.340  0.9315
 4737.360  0.9336
 4737.380  0.9257
 4737.400  0.9108
 4737.420  0.8978
 4737.440  0.8927
 4737.460  0.8953
 4737.480  0.9019
 4737.500  0.9072
 4737.520  0.9086
 4737.540  0.9079
 4737.560  0.9056
 4737.580  0.8982
 4737.600  0.8801
 4737.620  0.8495
 4737.640  0.8139
 4737.660  0.7836
 4737.680  0.7625
 4737.700  0.7523
 4737.720  0.7584
 4737.740  0.7826
 4737.760  0.8155
 4737.780  0.8432
 4737.800  0.8556
 4737.820  0.8546
 4737.840  0.8549
 4737.860  0.8669
 4737.880  0.8857
 4737.900  0.9034
 4737.920  0.9181
 4737.940  0.9297
 4737.960  0.9376
 4737.980  0.9438
 4738.000  0.9521
 4738.020  0.9629
 4738.040  0.9720
 4738.060  0.9751
 4738.080  0.9695
 4738.100  0.9565
 4738.120  0.9424
 4738.140  0.9315
 4738.160  0.9192
 4738.180  0.8980
 4738.200  0.8646
 4738.220  0.8207
 4738.240  0.7712
 4738.260  0.7246
 4738.280  0.6900
 4738.300  0.6740
 4738.320  0.6800
 4738.340  0.7066
 4738.360  0.7451
 4738.380  0.7836
 4738.400  0.8147
 4738.420  0.8372
 4738.440  0.8519
 4738.460  0.8613
 4738.480  0.8737
 4738.500  0.8961
 4738.520  0.9215
 4738.540  0.9379
 4738.560  0.9441
 4738.580  0.9455
 4738.600  0.9452
 4738.620  0.9443
 4738.640  0.9424
 4738.660  0.9354
 4738.680  0.9179
 4738.700  0.8915
 4738.720  0.8635
 4738.740  0.8412
 4738.760  0.8303
 4738.780  0.8302
 4738.800  0.8367
 4738.820  0.8486
 4738.840  0.8663
 4738.860  0.8849
 4738.880  0.8956
 4738.900  0.8927
 4738.920  0.8756
 4738.940  0.8464
 4738.960  0.8108
 4738.980  0.7784
 4739.000  0.7601
 4739.020  0.7626
 4739.040  0.7828
 4739.060  0.8084
 4739.080  0.8288
 4739.100  0.8402
 4739.120  0.8408
 4739.140  0.8289
 4739.160  0.8076
 4739.180  0.7848
 4739.200  0.7685
 4739.220  0.7653
 4739.240  0.7772
 4739.260  0.8003
 4739.280  0.8279
 4739.300  0.8506
 4739.320  0.8576
 4739.340  0.8476
 4739.360  0.8298
 4739.380  0.8136
 4739.400  0.8022
 4739.420  0.7926
 4739.440  0.7793
 4739.460  0.7590
 4739.480  0.7299
 4739.500  0.6913
 4739.520  0.6493
 4739.540  0.6132
 4739.560  0.5837
 4739.580  0.5555
 4739.600  0.5342
 4739.620  0.5357
 4739.640  0.5678
 4739.660  0.6231
 4739.680  0.6857
 4739.700  0.7354
 4739.720  0.7583
 4739.740  0.7543
 4739.760  0.7327
 4739.780  0.7027
 4739.800  0.6643
 4739.820  0.6130
 4739.840  0.5559
 4739.860  0.5070
 4739.880  0.4720
 4739.900  0.4483
 4739.920  0.4357
 4739.940  0.4389
 4739.960  0.4601
 4739.980  0.4956
 4740.000  0.5395
 4740.020  0.5870
 4740.040  0.6365
 4740.060  0.6876
 4740.080  0.7354
 4740.100  0.7763
 4740.120  0.8117
 4740.140  0.8373
 4740.160  0.8454
 4740.180  0.8385
 4740.200  0.8289
 4740.220  0.8283
 4740.240  0.8421
 4740.260  0.8677
 4740.280  0.8956
 4740.300  0.9172
 4740.320  0.9306
 4740.340  0.9374
 4740.360  0.9387
 4740.380  0.9351
 4740.400  0.9270
 4740.420  0.9170
 4740.440  0.9113
 4740.460  0.9144
 4740.480  0.9240
 4740.500  0.9327
 4740.520  0.9305
 4740.540  0.9097
 4740.560  0.8702
 4740.580  0.8223
 4740.600  0.7795
 4740.620  0.7494
 4740.640  0.7343
 4740.660  0.7374
 4740.680  0.7598
 4740.700  0.7967
 4740.720  0.8395
 4740.740  0.8802
 4740.760  0.9143
 4740.780  0.9377
 4740.800  0.9478
 4740.820  0.9459
 4740.840  0.9355
 4740.860  0.9175
 4740.880  0.8882
 4740.900  0.8419
 4740.920  0.7773
 4740.940  0.7004
 4740.960  0.6227
 4740.980  0.5548
 4741.000  0.4991
 4741.020  0.4538
 4741.040  0.4188
 4741.060  0.3945
 4741.080  0.3820
 4741.100  0.3806
 4741.120  0.3881
 4741.140  0.4041
 4741.160  0.4295
 4741.180  0.4619
 4741.200  0.4976
 4741.220  0.5394
 4741.240  0.5930
 4741.260  0.6563
 4741.280  0.7196
 4741.300  0.7709
 4741.320  0.8024
 4741.340  0.8122
 4741.360  0.7998
 4741.380  0.7693
 4741.400  0.7307
 4741.420  0.6958
 4741.440  0.6727
 4741.460  0.6649
 4741.480  0.6720
 4741.500  0.6918
 4741.520  0.7187
 4741.540  0.7442
 4741.560  0.7616
 4741.580  0.7703
 4741.600  0.7731
 4741.620  0.7739
 4741.640  0.7762
 4741.660  0.7805
 4741.680  0.7853
 4741.700  0.7905
 4741.720  0.7932
 4741.740  0.7808
 4741.760  0.7424
 4741.780  0.6825
 4741.800  0.6125
 4741.820  0.5405
 4741.840  0.4765
 4741.860  0.4291
 4741.880  0.4014
 4741.900  0.3929
 4741.920  0.4028
 4741.940  0.4285
 4741.960  0.4650
 4741.980  0.5066
 4742.000  0.5485
 4742.020  0.5880
 4742.040  0.6216
 4742.060  0.6423
 4742.080  0.6437
 4742.100  0.6275
 4742.120  0.6014
 4742.140  0.5715
 4742.160  0.5400
 4742.180  0.5089
 4742.200  0.4841
 4742.220  0.4760
 4742.240  0.4920
 4742.260  0.5286
 4742.280  0.5736
 4742.300  0.6147
 4742.320  0.6457
 4742.340  0.6649
 4742.360  0.6703
 4742.380  0.6602
 4742.400  0.6397
 4742.420  0.6196
 4742.440  0.6053
 4742.460  0.5929
 4742.480  0.5755
 4742.500  0.5494
 4742.520  0.5154
 4742.540  0.4771
 4742.560  0.4396
 4742.580  0.4105
 4742.600  0.4005
 4742.620  0.4162
 4742.640  0.4550
 4742.660  0.5096
 4742.680  0.5744
 4742.700  0.6464
 4742.720  0.7222
 4742.740  0.7935
 4742.760  0.8516
 4742.780  0.8928
 4742.800  0.9156
 4742.820  0.9201
 4742.840  0.9085
 4742.860  0.8840
 4742.880  0.8501
 4742.900  0.8087
 4742.920  0.7613
 4742.940  0.7108
 4742.960  0.6582
 4742.980  0.6026
 4743.000  0.5459
 4743.020  0.4895
 4743.040  0.4333
 4743.060  0.3827
 4743.080  0.3459
 4743.100  0.3250
 4743.120  0.3151
 4743.140  0.3126
 4743.160  0.3201
 4743.180  0.3424
 4743.200  0.3779
 4743.220  0.4170
 4743.240  0.4501
 4743.260  0.4745
 4743.280  0.4947
 4743.300  0.5157
 4743.320  0.5368
 4743.340  0.5530
 4743.360  0.5650
 4743.380  0.5806
 4743.400  0.6046
 4743.420  0.6332
 4743.440  0.6596
 4743.460  0.6783
 4743.480  0.6854
 4743.500  0.6829
 4743.520  0.6804
 4743.540  0.6885
 4743.560  0.7109
 4743.580  0.7460
 4743.600  0.7874
 4743.620  0.8240
 4743.640  0.8456
 4743.660  0.8472
 4743.680  0.8291
 4743.700  0.8001
 4743.720  0.7736
 4743.740  0.7562
 4743.760  0.7439
 4743.780  0.7256
 4743.800  0.6942
 4743.820  0.6525
 4743.840  0.6078
 4743.860  0.5627
 4743.880  0.5175
 4743.900  0.4772
 4743.920  0.4483
 4743.940  0.4310
 4743.960  0.4223
 4743.980  0.4218
 4744.000  0.4321
 4744.020  0.4544
 4744.040  0.4857
 4744.060  0.5191
 4744.080  0.5526
 4744.100  0.5891
 4744.120  0.6251
 4744.140  0.6512
 4744.160  0.6692
 4744.180  0.6930
 4744.200  0.7305
 4744.220  0.7749
 4744.240  0.8083
 4744.260  0.8154
 4744.280  0.7984
 4744.300  0.7709
 4744.320  0.7412
 4744.340  0.7134
 4744.360  0.6921
 4744.380  0.6803
 4744.400  0.6759
 4744.420  0.6721
 4744.440  0.6632
 4744.460  0.6479
 4744.480  0.6301
 4744.500  0.6166
 4744.520  0.6129
 4744.540  0.6217
 4744.560  0.6453
 4744.580  0.6833
 4744.600  0.7306
 4744.620  0.7802
 4744.640  0.8254
 4744.660  0.8633
 4744.680  0.8930
 4744.700  0.9107
 4744.720  0.9135
 4744.740  0.9039
 4744.760  0.8845
 4744.780  0.8535
 4744.800  0.8072
 4744.820  0.7455
 4744.840  0.6743
 4744.860  0.6026
 4744.880  0.5378
 4744.900  0.4868
 4744.920  0.4549
 4744.940  0.4439
 4744.960  0.4523
 4744.980  0.4776
 4745.000  0.5153
 4745.020  0.5594
 4745.040  0.6019
 4745.060  0.6331
 4745.080  0.6478
 4745.100  0.6480
 4745.120  0.6362
 4745.140  0.6130
 4745.160  0.5813
 4745.180  0.5495
 4745.200  0.5294
 4745.220  0.5261
 4745.240  0.5315
 4745.260  0.5330
 4745.280  0.5236
 4745.300  0.5029
 4745.320  0.4723
 4745.340  0.4348
 4745.360  0.3961
 4745.380  0.3636
 4745.400  0.3438
 4745.420  0.3406
 4745.440  0.3541
 4745.460  0.3797
 4745.480  0.4129
 4745.500  0.4548
 4745.520  0.5098
 4745.540  0.5778
 4745.560  0.6499
 4745.580  0.7109
 4745.600  0.7477
 4745.620  0.7551
 4745.640  0.7363
 4745.660  0.6978
 4745.680  0.6459
 4745.700  0.5881
 4745.720  0.5329
 4745.740  0.4880
 4745.760  0.4572
 4745.780  0.4376
 4745.800  0.4244
 4745.820  0.4183
 4745.840  0.4263
 4745.860  0.4543
 4745.880  0.4992
 4745.900  0.5534
 4745.920  0.6130
 4745.940  0.6769
 4745.960  0.7390
 4745.980  0.7897
 4746.000  0.8244
 4746.020  0.8431
 4746.040  0.8462
 4746.060  0.8336
 4746.080  0.8074
 4746.100  0.7782
 4746.120  0.7605
 4746.140  0.7567
 4746.160  0.7628
 4746.180  0.7799
 4746.200  0.8109
 4746.220  0.8494
 4746.240  0.8831
 4746.260  0.9068
 4746.280  0.9242
 4746.300  0.9385
 4746.320  0.9485
 4746.340  0.9510
 4746.360  0.9426
 4746.380  0.9233
 4746.400  0.8970
 4746.420  0.8677
 4746.440  0.8411
 4746.460  0.8257
 4746.480  0.8259
 4746.500  0.8378
 4746.520  0.8573
 4746.540  0.8848
 4746.560  0.9188
 4746.580  0.9495
 4746.600  0.9677
 4746.620  0.9740
 4746.640  0.9729
 4746.660  0.9658
 4746.680  0.9551
 4746.700  0.9455
 4746.720  0.9395
 4746.740  0.9334
 4746.760  0.9212
 4746.780  0.9017
 4746.800  0.8803
 4746.820  0.8626
 4746.840  0.8528
 4746.860  0.8534
 4746.880  0.8632
 4746.900  0.8775
 4746.920  0.8879
 4746.940  0.8891
 4746.960  0.8816
 4746.980  0.8648
 4747.000  0.8378
 4747.020  0.8037
 4747.040  0.7655
 4747.060  0.7219
 4747.080  0.6736
 4747.100  0.6304
 4747.120  0.6045
 4747.140  0.5975
 4747.160  0.6026
 4747.180  0.6163
 4747.200  0.6392
 4747.220  0.6718
 4747.240  0.7126
 4747.260  0.7547
 4747.280  0.7893
 4747.300  0.8102
 4747.320  0.8129
 4747.340  0.7953
 4747.360  0.7639
 4747.380  0.7317
 4747.400  0.7104
 4747.420  0.7068
 4747.440  0.7224
 4747.460  0.7539
 4747.480  0.7931
 4747.500  0.8323
 4747.520  0.8689
 4747.540  0.9015
 4747.560  0.9261
 4747.580  0.9389
 4747.600  0.9366
 4747.620  0.9214
 4747.640  0.9023
 4747.660  0.8866
 4747.680  0.8726
 4747.700  0.8583
 4747.720  0.8469
 4747.740  0.8424
 4747.760  0.8439
 4747.780  0.8470
 4747.800  0.8494
 4747.820  0.8526
 4747.840  0.8585
 4747.860  0.8705
 4747.880  0.8916
 4747.900  0.9163
 4747.920  0.9343
 4747.940  0.9382
 4747.960  0.9264
 4747.980  0.9043
 4748.000  0.8795
 4748.020  0.8526
 4748.040  0.8196
 4748.060  0.7825
 4748.080  0.7496
 4748.100  0.7311
 4748.120  0.7328
 4748.140  0.7517
 4748.160  0.7804
 4748.180  0.8127
 4748.200  0.8424
 4748.220  0.8651
 4748.240  0.8820
 4748.260  0.8934
 4748.280  0.8989
 4748.300  0.9015
 4748.320  0.9048
 4748.340  0.9104
 4748.360  0.9211
 4748.380  0.9358
 4748.400  0.9481
 4748.420  0.9540
 4748.440  0.9535
 4748.460  0.9499
 4748.480  0.9479
 4748.500  0.9491
 4748.520  0.9526
 4748.540  0.9556
 4748.560  0.9533
 4748.580  0.9452
 4748.600  0.9371
 4748.620  0.9333
 4748.640  0.9343
 4748.660  0.9383
 4748.680  0.9420
 4748.700  0.9423
 4748.720  0.9376
 4748.740  0.9295
 4748.760  0.9206
 4748.780  0.9089
 4748.800  0.8873
 4748.820  0.8500
 4748.840  0.7947
 4748.860  0.7251
 4748.880  0.6487
 4748.900  0.5721
 4748.920  0.5022
 4748.940  0.4478
 4748.960  0.4123
 4748.980  0.3898
 4749.000  0.3740
 4749.020  0.3653
 4749.040  0.3649
 4749.060  0.3711
 4749.080  0.3851
 4749.100  0.4122
 4749.120  0.4534
 4749.140  0.5037
 4749.160  0.5575
 4749.180  0.6125
 4749.200  0.6722
 4749.220  0.7379
 4749.240  0.7980
 4749.260  0.8376
 4749.280  0.8557
 4749.300  0.8594
 4749.320  0.8520
 4749.340  0.8352
 4749.360  0.8158
 4749.380  0.8029
 4749.400  0.8015
 4749.420  0.8136
 4749.440  0.8404
 4749.460  0.8774
 4749.480  0.9137
 4749.500  0.9404
 4749.520  0.9557
 4749.540  0.9628
 4749.560  0.9645
 4749.580  0.9596
 4749.600  0.9479
 4749.620  0.9339
 4749.640  0.9218
 4749.660  0.9094
 4749.680  0.8929
 4749.700  0.8751
 4749.720  0.8616
 4749.740  0.8548
 4749.760  0.8572
 4749.780  0.8704
 4749.800  0.8903
 4749.820  0.9095
 4749.840  0.9231
 4749.860  0.9325
 4749.880  0.9399
 4749.900  0.9438
 4749.920  0.9451
 4749.940  0.9472
 4749.960  0.9513
 4749.980  0.9552
 4750.000  0.9560
 4750.020  0.9500
 4750.040  0.9363
 4750.060  0.9166
 4750.080  0.8899
 4750.100  0.8563
 4750.120  0.8196
 4750.140  0.7840
 4750.160  0.7530
 4750.180  0.7321
 4750.200  0.7252
 4750.220  0.7318
 4750.240  0.7471
 4750.260  0.7653
 4750.280  0.7834
 4750.300  0.7988
 4750.320  0.8071
 4750.340  0.8109
 4750.360  0.8185
 4750.380  0.8326
 4750.400  0.8482
 4750.420  0.8532
 4750.440  0.8360
 4750.460  0.7964
 4750.480  0.7423
 4750.500  0.6781
 4750.520  0.6066
 4750.540  0.5352
 4750.560  0.4730
 4750.580  0.4249
 4750.600  0.3909
 4750.620  0.3677
 4750.640  0.3545
 4750.660  0.3535
 4750.680  0.3622
 4750.700  0.3724
 4750.720  0.3787
 4750.740  0.3836
 4750.760  0.3926
 4750.780  0.4103
 4750.800  0.4358
 4750.820  0.4640
 4750.840  0.4909
 4750.860  0.5165
 4750.880  0.5410
 4750.900  0.5606
 4750.920  0.5698
 4750.940  0.5684
 4750.960  0.5623
 4750.980  0.5533
 4751.000  0.5379
 4751.020  0.5142
 4751.040  0.4862
 4751.060  0.4592
 4751.080  0.4349
 4751.100  0.4122
 4751.120  0.3940
 4751.140  0.3891
 4751.160  0.4054
 4751.180  0.4427
 4751.200  0.4927
 4751.220  0.5489
 4751.240  0.6099
 4751.260  0.6740
 4751.280  0.7343
 4751.300  0.7818
 4751.320  0.8115
 4751.340  0.8256
 4751.360  0.8275
 4751.380  0.8159
 4751.400  0.7880
 4751.420  0.7440
 4751.440  0.6872
 4751.460  0.6252
 4751.480  0.5660
 4751.500  0.5155
 4751.520  0.4781
 4751.540  0.4580
 4751.560  0.4575
 4751.580  0.4751
 4751.600  0.5059
 4751.620  0.5462
 4751.640  0.5959
 4751.660  0.6544
 4751.680  0.7172
 4751.700  0.7777
 4751.720  0.8286
 4751.740  0.8669
 4751.760  0.8939
 4751.780  0.9117
 4751.800  0.9240
 4751.820  0.9332
 4751.840  0.9375
 4751.860  0.9391
 4751.880  0.9463
 4751.900  0.9604
 4751.920  0.9726
 4751.940  0.9753
 4751.960  0.9669
 4751.980  0.9516
 4752.000  0.9346
 4752.020  0.9186
 4752.040  0.9029
 4752.060  0.8878
 4752.080  0.8762
 4752.100  0.8710
 4752.120  0.8733
 4752.140  0.8815
 4752.160  0.8935
 4752.180  0.9045
 4752.200  0.9105
 4752.220  0.9156
 4752.240  0.9253
 4752.260  0.9376
 4752.280  0.9480
 4752.300  0.9519
 4752.320  0.9455
 4752.340  0.9308
 4752.360  0.9106
 4752.380  0.8855
 4752.400  0.8578
 4752.420  0.8320
 4752.440  0.8091
 4752.460  0.7895
 4752.480  0.7795
 4752.500  0.7857
 4752.520  0.8054
 4752.540  0.8290
 4752.560  0.8484
 4752.580  0.8584
 4752.600  0.8581
 4752.620  0.8516
 4752.640  0.8450
 4752.660  0.8439
 4752.680  0.8537
 4752.700  0.8765
 4752.720  0.9058
 4752.740  0.9318
 4752.760  0.9509
 4752.780  0.9641
 4752.800  0.9722
 4752.820  0.9771
 4752.840  0.9807
 4752.860  0.9815
 4752.880  0.9781
 4752.900  0.9719
 4752.920  0.9670
 4752.940  0.9675
 4752.960  0.9709
 4752.980 -1.0000
 4753.000 -1.0000
 4722.000  0.0000
 4722.020  0.0000
 4722.040  0.0120
 4722.060  0.0093
 4722.080  0.0059
 4722.100  0.0026
 4722.120  0.0012
 4722.140  0.0017
 4722.160  0.0018
 4722.180  0.0009
 4722.200  0.0002
 4722.220  0.0013
 4722.240  0.0048
 4722.260  0.0092
 4722.280  0.0119
 4722.300  0.0105
 4722.320  0.0049
 4722.340 -0.0019
 4722.360 -0.0056
 4722.380 -0.0040
 4722.400  0.0002
 4722.420  0.0017
 4722.440 -0.0006
 4722.460 -0.0027
 4722.480 -0.0021
 4722.500  0.0001
 4722.520  0.0029
 4722.540  0.0051
 4722.560  0.0040
 4722.580 -0.0009
 4722.600 -0.0045
 4722.620 -0.0017
 4722.640  0.0050
 4722.660  0.0083
 4722.680  0.0044
 4722.700 -0.0041
 4722.720 -0.0112
 4722.740 -0.0123
 4722.760 -0.0081
 4722.780 -0.0015
 4722.800  0.0048
 4722.820  0.0078
 4722.840  0.0055
 4722.860  0.0004
 4722.880 -0.0028
 4722.900 -0.0030
 4722.920 -0.0023
 4722.940 -0.0008
 4722.960  0.0020
 4722.980  0.0012
 4723.000 -0.0074
 4723.020 -0.0182
 4723.040 -0.0217
 4723.060 -0.0145
 4723.080 -0.0022
 4723.100  0.0061
 4723.120  0.0064
 4723.140  0.0024
 4723.160  0.0001
 4723.180  0.0016
 4723.200  0.0062
 4723.220  0.0122
 4723.240  0.0148
 4723.260  0.0091
 4723.280 -0.0015
 4723.300 -0.0082
 4723.320 -0.0080
 4723.340 -0.0056
 4723.360 -0.0058
 4723.380 -0.0085
 4723.400 -0.0114
 4723.420 -0.0121
 4723.440 -0.0101
 4723.460 -0.0055
 4723.480  0.0010
 4723.500  0.0065
 4723.520  0.0068
 4723.540  0.0020
 4723.560 -0.0016
 4723.580  0.0012
 4723.600  0.0082
 4723.620  0.0139
 4723.640  0.0149
 4723.660  0.0118
 4723.680  0.0079
 4723.700  0.0057
 4723.720  0.0054
 4723.740  0.0062
 4723.760  0.0073
 4723.780  0.0083
 4723.800  0.0096
 4723.820  0.0112
 4723.840  0.0128
 4723.860  0.0132
 4723.880  0.0117
 4723.900  0.0093
 4723.920  0.0078
 4723.940  0.0082
 4723.960  0.0091
 4723.980  0.0068
 4724.000  0.0004
 4724.020 -0.0063
 4724.040 -0.0095
 4724.060 -0.0091
 4724.080 -0.0082
 4724.100 -0.0083
 4724.120 -0.0076
 4724.140 -0.0035
 4724.160  0.0021
 4724.180  0.0039
 4724.200 -0.0002
 4724.220 -0.0074
 4724.240 -0.0123
 4724.260 -0.0119
 4724.280 -0.0087
 4724.300 -0.0055
 4724.320 -0.0017
 4724.340  0.0031
 4724.360  0.0058
 4724.380  0.0036
 4724.400 -0.0015
 4724.420 -0.0045
 4724.440 -0.0027
 4724.460  0.0010
 4724.480  0.0009
 4724.500 -0.0031
 4724.520 -0.0053
 4724.540 -0.0036
 4724.560 -0.0019
 4724.580 -0.0023
 4724.600 -0.0031
 4724.620 -0.0033
 4724.640 -0.0043
 4724.660 -0.0073
 4724.680 -0.0114
 4724.700 -0.0133
 4724.720 -0.0115
 4724.740 -0.0085
 4724.760 -0.0065
 4724.780 -0.0040
 4724.800  0.0010
 4724.820  0.0069
 4724.840  0.0121
 4724.860  0.0162
 4724.880  0.0179
 4724.900  0.0150
 4724.920  0.0086
 4724.940  0.0036
 4724.960  0.0028
 4724.980  0.0051
 4725.000  0.0081
 4725.020  0.0096
 4725.040  0.0080
 4725.060  0.0032
 4725.080 -0.0027
 4725.100 -0.0066
 4725.120 -0.0066
 4725.140 -0.0047
 4725.160 -0.0053
 4725.180 -0.0095
 4725.200 -0.0121
 4725.220 -0.0100
 4725.240 -0.0072
 4725.260 -0.0080
 4725.280 -0.0105
 4725.300 -0.0096
 4725.320 -0.0036
 4725.340  0.0035
 4725.360  0.0050
 4725.380 -0.0014
 4725.400 -0.0104
 4725.420 -0.0135
 4725.440 -0.0072
 4725.460  0.0029
 4725.480  0.0083
 4725.500  0.0066
 4725.520  0.0019
 4725.540 -0.0009
 4725.560  0.0001
 4725.580  0.0033
 4725.600  0.0072
 4725.620  0.0119
 4725.640  0.0164
 4725.660  0.0172
 4725.680  0.0129
 4725.700  0.0070
 4725.720  0.0036
 4725.740  0.0037
 4725.760  0.0058
 4725.780  0.0081
 4725.800  0.0088
 4725.820  0.0069
 4725.840  0.0033
 4725.860  0.0007
 4725.880  0.0021
 4725.900  0.0083
 4725.920  0.0151
 4725.940  0.0179
 4725.960  0.0163
 4725.980  0.0125
 4726.000  0.0078
 4726.020  0.0030
 4726.040 -0.0001
 4726.060 -0.0002
 4726.080  0.0020
 4726.100  0.0032
 4726.120  0.0004
 4726.140 -0.0045
 4726.160 -0.0059
 4726.180 -0.0018
 4726.200  0.0038
 4726.220  0.0072
 4726.240  0.0079
 4726.260  0.0071
 4726.280  0.0055
 4726.300  0.0027
 4726.320 -0.0010
 4726.340 -0.0034
 4726.360 -0.0035
 4726.380 -0.0037
 4726.400 -0.0058
 4726.420 -0.0073
 4726.440 -0.0053
 4726.460 -0.0010
 4726.480  0.0021
 4726.500  0.0023
 4726.520  0.0008
 4726.540 -0.0002
 4726.560 -0.0002
 4726.580 -0.0011
 4726.600 -0.0044
 4726.620 -0.0091
 4726.640 -0.0125
 4726.660 -0.0113
 4726.680 -0.0040
 4726.700  0.0080
 4726.720  0.0201
 4726.740  0.0274
 4726.760  0.0273
 4726.780  0.0211
 4726.800  0.0134
 4726.820  0.0079
 4726.840  0.0049
 4726.860  0.0029
 4726.880  0.0011
 4726.900  0.0002
 4726.920  0.0008
 4726.940  0.0016
 4726.960 -0.0001
 4726.980 -0.0037
 4727.000 -0.0061
 4727.020 -0.0058
 4727.040 -0.0048
 4727.060 -0.0046
 4727.080 -0.0042
 4727.100 -0.0021
 4727.120  0.0020
 4727.140  0.0067
 4727.160  0.0100
 4727.180  0.0103
 4727.200  0.0068
 4727.220 -0.0001
 4727.240 -0.0086
 4727.260 -0.0147
 4727.280 -0.0159
 4727.300 -0.0127
 4727.320 -0.0067
 4727.340  0.0007
 4727.360  0.0067
 4727.380  0.0072
 4727.400  0.0010
 4727.420 -0.0076
 4727.440 -0.0121
 4727.460 -0.0092
 4727.480 -0.0023
 4727.500  0.0027
 4727.520  0.0039
 4727.540  0.0035
 4727.560  0.0033
 4727.580  0.0022
 4727.600 -0.0006
 4727.620 -0.0043
 4727.640 -0.0065
 4727.660 -0.0059
 4727.680 -0.0045
 4727.700 -0.0035
 4727.720 -0.0005
 4727.740  0.0051
 4727.760  0.0088
 4727.780  0.0076
 4727.800  0.0037
 4727.820  0.0007
 4727.840 -0.0007
 4727.860 -0.0020
 4727.880 -0.0040
 4727.900 -0.0044
 4727.920 -0.0013
 4727.940  0.0026
 4727.960  0.0027
 4727.980 -0.0002
 4728.000 -0.0018
 4728.020 -0.0003
 4728.040  0.0032
 4728.060  0.0070
 4728.080  0.0089
 4728.100  0.0064
 4728.120  0.0014
 4728.140  0.0006
 4728.160  0.0069
 4728.180  0.0145
 4728.200  0.0150
 4728.220  0.0064
 4728.240 -0.0042
 4728.260 -0.0072
 4728.280 -0.0012
 4728.300  0.0068
 4728.320  0.0120
 4728.340  0.0145
 4728.360  0.0142
 4728.380  0.0105
 4728.400  0.0051
 4728.420  0.0010
 4728.440 -0.0010
 4728.460 -0.0022
 4728.480 -0.0028
 4728.500 -0.0020
 4728.520  0.0003
 4728.540  0.0023
 4728.560  0.0013
 4728.580 -0.0018
 4728.600 -0.0024
 4728.620  0.0013
 4728.640  0.0056
 4728.660  0.0065
 4728.680  0.0041
 4728.700  0.0010
 4728.720  0.0000
 4728.740  0.0023
 4728.760  0.0071
 4728.780  0.0113
 4728.800  0.0111
 4728.820  0.0043
 4728.840 -0.0074
 4728.860 -0.0178
 4728.880 -0.0212
 4728.900 -0.0171
 4728.920 -0.0096
 4728.940 -0.0027
 4728.960  0.0013
 4728.980  0.0026
 4729.000  0.0027
 4729.020  0.0030
 4729.040  0.0041
 4729.060  0.0056
 4729.080  0.0068
 4729.100  0.0072
 4729.120  0.0079
 4729.140  0.0095
 4729.160  0.0097
 4729.180  0.0064
 4729.200  0.0025
 4729.220  0.0028
 4729.240  0.0071
 4729.260  0.0100
 4729.280  0.0075
 4729.300  0.0007
 4729.320 -0.0043
 4729.340 -0.0036
 4729.360  0.0006
 4729.380  0.0041
 4729.400  0.0057
 4729.420  0.0062
 4729.440  0.0054
 4729.460  0.0032
 4729.480  0.0001
 4729.500 -0.0033
 4729.520 -0.0062
 4729.540 -0.0062
 4729.560 -0.0024
 4729.580  0.0020
 4729.600  0.0019
 4729.620 -0.0032
 4729.640 -0.0086
 4729.660 -0.0103
 4729.680 -0.0074
 4729.700 -0.0025
 4729.720  0.0015
 4729.740  0.0034
 4729.760  0.0032
 4729.780  0.0006
 4729.800 -0.0032
 4729.820 -0.0056
 4729.840 -0.0053
 4729.860 -0.0032
 4729.880  0.0001
 4729.900  0.0050
 4729.920  0.0090
 4729.940  0.0082
 4729.960  0.0018
 4729.980 -0.0057
 4730.000 -0.0094
 4730.020 -0.0077
 4730.040 -0.0026
 4730.060  0.0019
 4730.080  0.0032
 4730.100  0.0014
 4730.120 -0.0006
 4730.140 -0.0006
 4730.160  0.0008
 4730.180  0.0013
 4730.200  0.0004
 4730.220 -0.0010
 4730.240 -0.0017
 4730.260 -0.0019
 4730.280 -0.0023
 4730.300 -0.0022
 4730.320 -0.0001
 4730.340  0.0024
 4730.360  0.0022
 4730.380  0.0015
 4730.400  0.0048
 4730.420  0.0103
 4730.440  0.0116
 4730.460  0.0077
 4730.480  0.0040
 4730.500  0.0053
 4730.520  0.0100
 4730.540  0.0114
 4730.560  0.0070
 4730.580  0.0023
 4730.600  0.0023
 4730.620  0.0026
 4730.640 -0.0009
 4730.660 -0.0042
 4730.680 -0.0021
 4730.700  0.0050
 4730.720  0.0115
 4730.740  0.0132
 4730.760  0.0111
 4730.780  0.0091
 4730.800  0.0078
 4730.820  0.0039
 4730.840 -0.0031
 4730.860 -0.0101
 4730.880 -0.0140
 4730.900 -0.0138
 4730.920 -0.0100
 4730.940 -0.0045
 4730.960 -0.0001
 4730.980  0.0013
 4731.000 -0.0002
 4731.020 -0.0031
 4731.040 -0.0063
 4731.060 -0.0083
 4731.080 -0.0075
 4731.100 -0.0033
 4731.120  0.0026
 4731.140  0.0066
 4731.160  0.0066
 4731.180  0.0042
 4731.200  0.0025
 4731.220  0.0016
 4731.240  0.0000
 4731.260 -0.0009
 4731.280  0.0013
 4731.300  0.0043
 4731.320  0.0038
 4731.340  0.0008
 4731.360 -0.0006
 4731.380  0.0017
 4731.400  0.0063
 4731.420  0.0106
 4731.440  0.0138
 4731.460  0.0166
 4731.480  0.0181
 4731.500  0.0144
 4731.520  0.0056
 4731.540 -0.0027
 4731.560 -0.0064
 4731.580 -0.0062
 4731.600 -0.0030
 4731.620  0.0032
 4731.640  0.0090
 4731.660  0.0103
 4731.680  0.0085
 4731.700  0.0077
 4731.720  0.0071
 4731.740  0.0025
 4731.760 -0.0057
 4731.780 -0.0126
 4731.800 -0.0132
 4731.820 -0.0088
 4731.840 -0.0074
 4731.860 -0.0118
 4731.880 -0.0146
 4731.900 -0.0096
 4731.920 -0.0012
 4731.940  0.0035
 4731.960  0.0034
 4731.980  0.0011
 4732.000 -0.0009
 4732.020 -0.0004
 4732.040  0.0029
 4732.060  0.0059
 4732.080  0.0049
 4732.100  0.0008
 4732.120 -0.0021
 4732.140 -0.0015
 4732.160  0.0008
 4732.180  0.0021
 4732.200  0.0016
 4732.220  0.0006
 4732.240  0.0004
 4732.260  0.0011
 4732.280  0.0027
 4732.300  0.0057
 4732.320  0.0083
 4732.340  0.0068
 4732.360  0.0024
 4732.380  0.0007
 4732.400  0.0027
 4732.420  0.0027
 4732.440 -0.0014
 4732.460 -0.0054
 4732.480 -0.0050
 4732.500 -0.0006
 4732.520  0.0050
 4732.540  0.0092
 4732.560  0.0114
 4732.580  0.0120
 4732.600  0.0113
 4732.620  0.0098
 4732.640  0.0077
 4732.660  0.0057
 4732.680  0.0040
 4732.700  0.0037
 4732.720  0.0059
 4732.740  0.0093
 4732.760  0.0098
 4732.780  0.0052
 4732.800 -0.0025
 4732.820 -0.0096
 4732.840 -0.0133
 4732.860 -0.0112
 4732.880 -0.0037
 4732.900  0.0029
 4732.920  0.0024
 4732.940 -0.0024
 4732.960 -0.0040
 4732.980 -0.0011
 4733.000  0.0019
 4733.020  0.0030
 4733.040  0.0042
 4733.060  0.0069
 4733.080  0.0089
 4733.100  0.0059
 4733.120 -0.0017
 4733.140 -0.0078
 4733.160 -0.0086
 4733.180 -0.0075
 4733.200 -0.0064
 4733.220 -0.0027
 4733.240  0.0039
 4733.260  0.0087
 4733.280  0.0097
 4733.300  0.0097
 4733.320  0.0106
 4733.340  0.0109
 4733.360  0.0092
 4733.380  0.0066
 4733.400  0.0056
 4733.420  0.0066
 4733.440  0.0058
 4733.460  0.0008
 4733.480 -0.0051
 4733.500 -0.0070
 4733.520 -0.0053
 4733.540 -0.0031
 4733.560 -0.0025
 4733.580 -0.0030
 4733.600 -0.0037
 4733.620 -0.0038
 4733.640 -0.0036
 4733.660 -0.0040
 4733.680 -0.0052
 4733.700 -0.0062
 4733.720 -0.0054
 4733.740 -0.0025
 4733.760  0.0019
 4733.780  0.0065
 4733.800  0.0101
 4733.820  0.0112
 4733.840  0.0086
 4733.860  0.0027
 4733.880 -0.0044
 4733.900 -0.0094
 4733.920 -0.0103
 4733.940 -0.0072
 4733.960 -0.0024
 4733.980  0.0019
 4734.000  0.0047
 4734.020  0.0068
 4734.040  0.0093
 4734.060  0.0118
 4734.080  0.0130
 4734.100  0.0108
 4734.120  0.0044
 4734.140 -0.0044
 4734.160 -0.0111
 4734.180 -0.0120
 4734.200 -0.0079
 4734.220 -0.0034
 4734.240 -0.0025
 4734.260 -0.0054
 4734.280 -0.0083
 4734.300 -0.0078
 4734.320 -0.0047
 4734.340 -0.0012
 4734.360  0.0022
 4734.380  0.0052
 4734.400  0.0064
 4734.420  0.0060
 4734.440  0.0068
 4734.460  0.0100
 4734.480  0.0124
 4734.500  0.0108
 4734.520  0.0057
 4734.540  0.0012
 4734.560  0.0012
 4734.580  0.0050
 4734.600  0.0074
 4734.620  0.0051
 4734.640 -0.0011
 4734.660 -0.0066
 4734.680 -0.0071
 4734.700 -0.0019
 4734.720  0.0054
 4734.740  0.0096
 4734.760  0.0095
 4734.780  0.0085
 4734.800  0.0098
 4734.820  0.0114
 4734.840  0.0103
 4734.860  0.0070
 4734.880  0.0044
 4734.900  0.0053
 4734.920  0.0096
 4734.940  0.0139
 4734.960  0.0152
 4734.980  0.0123
 4735.000  0.0071
 4735.020  0.0025
 4735.040  0.0011
 4735.060  0.0035
 4735.080  0.0081
 4735.100  0.0119
 4735.120  0.0114
 4735.140  0.0057
 4735.160 -0.0017
 4735.180 -0.0061
 4735.200 -0.0051
 4735.220 -0.0010
 4735.240  0.0017
 4735.260  0.0004
 4735.280 -0.0040
 4735.300 -0.0102
 4735.320 -0.0170
 4735.340 -0.0198
 4735.360 -0.0133
 4735.380 -0.0005
 4735.400  0.0096
 4735.420  0.0118
 4735.440  0.0082
 4735.460  0.0031
 4735.480 -0.0009
 4735.500 -0.0028
 4735.520 -0.0027
 4735.540 -0.0007
 4735.560  0.0018
 4735.580  0.0014
 4735.600 -0.0023
 4735.620 -0.0047
 4735.640 -0.0028
 4735.660  0.0003
 4735.680  0.0018
 4735.700  0.0031
 4735.720  0.0062
 4735.740  0.0101
 4735.760  0.0108
 4735.780  0.0059
 4735.800 -0.0009
 4735.820 -0.0027
 4735.840  0.0025
 4735.860  0.0098
 4735.880  0.0126
 4735.900  0.0094
 4735.920  0.0054
 4735.940  0.0061
 4735.960  0.0093
 4735.980  0.0099
 4736.000  0.0071
 4736.020  0.0044
 4736.040  0.0044
 4736.060  0.0068
 4736.080  0.0083
 4736.100  0.0076
 4736.120  0.0063
 4736.140  0.0051
 4736.160  0.0032
 4736.180  0.0013
 4736.200  0.0017
 4736.220  0.0031
 4736.240  0.0020
 4736.260 -0.0020
 4736.280 -0.0051
 4736.300 -0.0045
 4736.320 -0.0020
 4736.340 -0.0020
 4736.360 -0.0066
 4736.380 -0.0117
 4736.400 -0.0122
 4736.420 -0.0079
 4736.440 -0.0022
 4736.460  0.0015
 4736.480  0.0023
 4736.500  0.0010
 4736.520 -0.0015
 4736.540 -0.0041
 4736.560 -0.0049
 4736.580 -0.0014
 4736.600  0.0061
 4736.620  0.0129
 4736.640  0.0139
 4736.660  0.0084
 4736.680  0.0011
 4736.700 -0.0021
 4736.720 -0.0013
 4736.740 -0.0005
 4736.760 -0.0010
 4736.780 -0.0020
 4736.800 -0.0042
 4736.820 -0.0079
 4736.840 -0.0106
 4736.860 -0.0085
 4736.880 -0.0013
 4736.900  0.0073
 4736.920  0.0117
 4736.940  0.0110
 4736.960  0.0091
 4736.980  0.0089
 4737.000  0.0087
 4737.020  0.0067
 4737.040  0.0040
 4737.060  0.0037
 4737.080  0.0081
 4737.100  0.0153
 4737.120  0.0202
 4737.140  0.0171
 4737.160  0.0058
 4737.180 -0.0063
 4737.200 -0.0112
 4737.220 -0.0091
 4737.240 -0.0051
 4737.260 -0.0025
 4737.280 -0.0001
 4737.300  0.0046
 4737.320  0.0110
 4737.340  0.0151
 4737.360  0.0156
 4737.380  0.0162
 4737.400  0.0182
 4737.420  0.0184
 4737.440  0.0146
 4737.460  0.0095
 4737.480  0.0068
 4737.500  0.0069
 4737.520  0.0063
 4737.540  0.0030
 4737.560  0.0009
 4737.580  0.0042
 4737.600  0.0096
 4737.620  0.0111
 4737.640  0.0091
 4737.660  0.0084
 4737.680  0.0112
 4737.700  0.0144
 4737.720  0.0121
 4737.740  0.0050
 4737.760  0.0023
 4737.780  0.0078
 4737.800  0.0142
 4737.820  0.0146
 4737.840  0.0098
 4737.860  0.0038
 4737.880 -0.0014
 4737.900 -0.0056
 4737.920 -0.0076
 4737.940 -0.0041
 4737.960  0.0055
 4737.980  0.0140
 4738.000  0.0136
 4738.020  0.0065
 4738.040  0.0005
 4738.060 -0.0014
 4738.080 -0.0014
 4738.100 -0.0020
 4738.120 -0.0040
 4738.140 -0.0055
 4738.160 -0.0042
 4738.180 -0.0004
 4738.200  0.0031
 4738.220  0.0024
 4738.240 -0.0030
 4738.260 -0.0088
 4738.280 -0.0103
 4738.300 -0.0062
 4738.320  0.0000
 4738.340  0.0035
 4738.360  0.0025
 4738.380 -0.0015
 4738.400 -0.0064
 4738.420 -0.0100
 4738.440 -0.0089
 4738.460 -0.0033
 4738.480  0.0010
 4738.500 -0.0002
 4738.520 -0.0022
 4738.540  0.0000
 4738.560  0.0044
 4738.580  0.0068
 4738.600  0.0068
 4738.620  0.0071
 4738.640  0.0095
 4738.660  0.0116
 4738.680  0.0090
 4738.700  0.0019
 4738.720 -0.0050
 4738.740 -0.0091
 4738.760 -0.0110
 4738.780 -0.0099
 4738.800 -0.0051
 4738.820 -0.0002
 4738.840  0.0014
 4738.860  0.0023
 4738.880  0.0065
 4738.900  0.0119
 4738.920  0.0130
 4738.940  0.0077
 4738.960  0.0005
 4738.980 -0.0015
 4739.000  0.0027
 4739.020  0.0062
 4739.040  0.0053
 4739.060  0.0043
 4739.080  0.0066
 4739.100  0.0097
 4739.120  0.0095
 4739.140  0.0064
 4739.160  0.0049
 4739.180  0.0085
 4739.200  0.0145
 4739.220  0.0172
 4739.240  0.0149
 4739.260  0.0110
 4739.280  0.0094
 4739.300  0.0114
 4739.320  0.0144
 4739.340  0.0156
 4739.360  0.0136
 4739.380  0.0095
 4739.400  0.0051
 4739.420  0.0028
 4739.440  0.0039
 4739.460  0.0062
 4739.480  0.0052
 4739.500 -0.0004
 4739.520 -0.0063
 4739.540 -0.0073
 4739.560 -0.0022
 4739.580  0.0035
 4739.600  0.0036
 4739.620 -0.0002
 4739.640 -0.0022
 4739.660 -0.0022
 4739.680 -0.0039
 4739.700 -0.0075
 4739.720 -0.0089
 4739.740 -0.0054
 4739.760  0.0012
 4739.780  0.0052
 4739.800  0.0043
 4739.820  0.0022
 4739.840  0.0020
 4739.860  0.0013
 4739.880 -0.0019
 4739.900 -0.0059
 4739.920 -0.0088
 4739.940 -0.0109
 4739.960 -0.0128
 4739.980 -0.0125
 4740.000 -0.0067
 4740.020  0.0043
 4740.040  0.0129
 4740.060  0.0120
 4740.080  0.0052
 4740.100  0.0014
 4740.120  0.0032
 4740.140  0.0057
 4740.160  0.0035
 4740.180 -0.0026
 4740.200 -0.0062
 4740.220 -0.0041
 4740.240 -0.0010
 4740.260 -0.0008
 4740.280 -0.0010
 4740.300  0.0014
 4740.320  0.0047
 4740.340  0.0060
 4740.360  0.0048
 4740.380  0.0038
 4740.400  0.0059
 4740.420  0.0105
 4740.440  0.0140
 4740.460  0.0140
 4740.480  0.0101
 4740.500  0.0036
 4740.520 -0.0024
 4740.540 -0.0036
 4740.560  0.0005
 4740.580  0.0048
 4740.600  0.0042
 4740.620  0.0006
 4740.640 -0.0017
 4740.660 -0.0006
 4740.680  0.0025
 4740.700  0.0059
 4740.720  0.0101
 4740.740  0.0157
 4740.760  0.0186
 4740.780  0.0127
 4740.800 -0.0002
 4740.820 -0.0108
 4740.840 -0.0132
 4740.860 -0.0097
 4740.880 -0.0063
 4740.900 -0.0059
 4740.920 -0.0060
 4740.940 -0.0036
 4740.960 -0.0015
 4740.980 -0.0031
 4741.000 -0.0070
 4741.020 -0.0091
 4741.040 -0.0085
 4741.060 -0.0066
 4741.080 -0.0051
 4741.100 -0.0042
 4741.120 -0.0035
 4741.140 -0.0026
 4741.160 -0.0016
 4741.180 -0.0003
 4741.200  0.0021
 4741.220  0.0057
 4741.240  0.0093
 4741.260  0.0110
 4741.280  0.0099
 4741.300  0.0072
 4741.320  0.0052
 4741.340  0.0058
 4741.360  0.0089
 4741.380  0.0133
 4741.400  0.0170
 4741.420  0.0178
 4741.440  0.0149
 4741.460  0.0097
 4741.480  0.0054
 4741.500  0.0052
 4741.520  0.0084
 4741.540  0.0112
 4741.560  0.0123
 4741.580  0.0140
 4741.600  0.0162
 4741.620  0.0151
 4741.640  0.0087
 4741.660  0.0005
 4741.680 -0.0035
 4741.700 -0.0005
 4741.720  0.0046
 4741.740  0.0047
 4741.760 -0.0008
 4741.780 -0.0066
 4741.800 -0.0083
 4741.820 -0.0054
 4741.840 -0.0003
 4741.860  0.0033
 4741.880  0.0029
 4741.900 -0.0004
 4741.920 -0.0026
 4741.940 -0.0008
 4741.960  0.0035
 4741.980  0.0061
 4742.000  0.0039
 4742.020 -0.0022
 4742.040 -0.0074
 4742.060 -0.0077
 4742.080 -0.0032
 4742.100  0.0018
 4742.120  0.0025
 4742.140 -0.0019
 4742.160 -0.0080
 4742.180 -0.0118
 4742.200 -0.0121
 4742.220 -0.0112
 4742.240 -0.0109
 4742.260 -0.0103
 4742.280 -0.0085
 4742.300 -0.0068
 4742.320 -0.0067
 4742.340 -0.0067
 4742.360 -0.0043
 4742.380  0.0017
 4742.400  0.0098
 4742.420  0.0160
 4742.440  0.0156
 4742.460  0.0071
 4742.480 -0.0051
 4742.500 -0.0132
 4742.520 -0.0121
 4742.540 -0.0038
 4742.560  0.0040
 4742.580  0.0053
 4742.600  0.0018
 4742.620 -0.0006
 4742.640  0.0013
 4742.660  0.0054
 4742.680  0.0072
 4742.700  0.0051
 4742.720  0.0023
 4742.740  0.0030
 4742.760  0.0081
 4742.780  0.0141
 4742.800  0.0169
 4742.820  0.0148
 4742.840  0.0103
 4742.860  0.0067
 4742.880  0.0058
 4742.900  0.0071
 4742.920  0.0086
 4742.940  0.0072
 4742.960  0.0021
 4742.980 -0.0035
 4743.000 -0.0050
 4743.020 -0.0013
 4743.040  0.0047
 4743.060  0.0082
 4743.080  0.0070
 4743.100  0.0036
 4743.120  0.0017
 4743.140  0.0023
 4743.160  0.0036
 4743.180  0.0037
 4743.200  0.0029
 4743.220  0.0033
 4743.240  0.0056
 4743.260  0.0072
 4743.280  0.0046
 4743.300 -0.0027
 4743.320 -0.0104
 4743.340 -0.0127
 4743.360 -0.0082
 4743.380  0.0000
 4743.400  0.0075
 4743.420  0.0112
 4743.440  0.0092
 4743.460  0.0030
 4743.480 -0.0025
 4743.500 -0.0037
 4743.520 -0.0024
 4743.540 -0.0006
 4743.560  0.0031
 4743.580  0.0100
 4743.600  0.0169
 4743.620  0.0183
 4743.640  0.0120
 4743.660  0.0031
 4743.680 -0.0002
 4743.700  0.0029
 4743.720  0.0066
 4743.740  0.0077
 4743.760  0.0086
 4743.780  0.0112
 4743.800  0.0138
 4743.820  0.0139
 4743.840  0.0099
 4743.860  0.0018
 4743.880 -0.0071
 4743.900 -0.0113
 4743.920 -0.0089
 4743.940 -0.0040
 4743.960 -0.0006
 4743.980  0.0028
 4744.000  0.0090
 4744.020  0.0158
 4744.040  0.0169
 4744.060  0.0085
 4744.080 -0.0027
 4744.100 -0.0051
 4744.120  0.0017
 4744.140  0.0076
 4744.160  0.0088
 4744.180  0.0099
 4744.200  0.0126
 4744.220  0.0132
 4744.240  0.0103
 4744.260  0.0068
 4744.280  0.0065
 4744.300  0.0096
 4744.320  0.0113
 4744.340  0.0093
 4744.360  0.0071
 4744.380  0.0068
 4744.400  0.0042
 4744.420 -0.0026
 4744.440 -0.0084
 4744.460 -0.0087
 4744.480 -0.0055
 4744.500 -0.0026
 4744.520 -0.0007
 4744.540  0.0014
 4744.560  0.0043
 4744.580  0.0065
 4744.600  0.0065
 4744.620  0.0055
 4744.640  0.0061
 4744.660  0.0081
 4744.680  0.0083
 4744.700  0.0038
 4744.720 -0.0046
 4744.740 -0.0117
 4744.760 -0.0132
 4744.780 -0.0102
 4744.800 -0.0063
 4744.820 -0.0037
 4744.840 -0.0017
 4744.860  0.0010
 4744.880  0.0036
 4744.900  0.0037
 4744.920  0.0014
 4744.940 -0.0005
 4744.960 -0.0013
 4744.980 -0.0020
 4745.000 -0.0017
 4745.020  0.0018
 4745.040  0.0063
 4745.060  0.0072
 4745.080  0.0036
 4745.100 -0.0013
 4745.120 -0.0026
 4745.140  0.0001
 4745.160  0.0021
 4745.180 -0.0006
 4745.200 -0.0050
 4745.220 -0.0061
 4745.240 -0.0026
 4745.260  0.0029
 4745.280  0.0065
 4745.300  0.0061
 4745.320  0.0023
 4745.340 -0.0034
 4745.360 -0.0090
 4745.380 -0.0117
 4745.400 -0.0095
 4745.420 -0.0044
 4745.440 -0.0014
 4745.460 -0.0040
 4745.480 -0.0102
 4745.500 -0.0124
 4745.520 -0.0068
 4745.540  0.0000
 4745.560  0.0005
 4745.580 -0.0028
 4745.600 -0.0036
 4745.620 -0.0015
 4745.640 -0.0002
 4745.660 -0.0024
 4745.680 -0.0056
 4745.700 -0.0056
 4745.720 -0.0030
 4745.740 -0.0034
 4745.760 -0.0084
 4745.780 -0.0129
 4745.800 -0.0128
 4745.820 -0.0086
 4745.840 -0.0021
 4745.860  0.0052
 4745.880  0.0101
 4745.900  0.0105
 4745.920  0.0084
 4745.940  0.0070
 4745.960  0.0066
 4745.980  0.0056
 4746.000  0.0034
 4746.020  0.0010
 4746.040 -0.0009
 4746.060 -0.0022
 4746.080 -0.0033
 4746.100 -0.0035
 4746.120 -0.0020
 4746.140  0.0007
 4746.160  0.0030
 4746.180  0.0053
 4746.200  0.0090
 4746.220  0.0120
 4746.240  0.0112
 4746.260  0.0088
 4746.280  0.0092
 4746.300  0.0118
 4746.320  0.0121
 4746.340  0.0089
 4746.360  0.0052
 4746.380  0.0037
 4746.400  0.0043
 4746.420  0.0047
 4746.440  0.0037
 4746.460  0.0034
 4746.480  0.0043
 4746.500  0.0037
 4746.520  0.0006
 4746.540 -0.0017
 4746.560 -0.0005
 4746.580  0.0030
 4746.600  0.0055
 4746.620  0.0052
 4746.640  0.0036
 4746.660  0.0040
 4746.680  0.0076
 4746.700  0.0124
 4746.720  0.0137
 4746.740  0.0102
 4746.760  0.0057
 4746.780  0.0039
 4746.800  0.0021
 4746.820 -0.0039
 4746.840 -0.0119
 4746.860 -0.0159
 4746.880 -0.0128
 4746.900 -0.0055
 4746.920 -0.0005
 4746.940 -0.0006
 4746.960 -0.0026
 4746.980 -0.0027
 4747.000 -0.0004
 4747.020  0.0032
 4747.040  0.0063
 4747.060  0.0067
 4747.080  0.0033
 4747.100  0.0000
 4747.120  0.0010
 4747.140  0.0048
 4747.160  0.0058
 4747.180  0.0010
 4747.200 -0.0071
 4747.220 -0.0129
 4747.240 -0.0126
 4747.260 -0.0070
 4747.280  0.0000
 4747.300  0.0048
 4747.320  0.0058
 4747.340  0.0036
 4747.360  0.0006
 4747.380 -0.0001
 4747.400  0.0019
 4747.420  0.0050
 4747.440  0.0075
 4747.460  0.0086
 4747.480  0.0078
 4747.500  0.0050
 4747.520  0.0023
 4747.540  0.0027
 4747.560  0.0065
 4747.580  0.0115
 4747.600  0.0155
 4747.620  0.0172
 4747.640  0.0162
 4747.660  0.0128
 4747.680  0.0093
 4747.700  0.0077
 4747.720  0.0089
 4747.740  0.0107
 4747.760  0.0096
 4747.780  0.0044
 4747.800 -0.0018
 4747.820 -0.0048
 4747.840 -0.0027
 4747.860  0.0020
 4747.880  0.0043
 4747.900  0.0018
 4747.920 -0.0029
 4747.940 -0.0042
 4747.960  0.0001
 4747.980  0.0044
 4748.000  0.0017
 4748.020 -0.0063
 4748.040 -0.0126
 4748.060 -0.0133
 4748.080 -0.0107
 4748.100 -0.0094
 4748.120 -0.0101
 4748.140 -0.0083
 4748.160 -0.0016
 4748.180  0.0055
 4748.200  0.0076
 4748.220  0.0050
 4748.240  0.0024
 4748.260  0.0033
 4748.280  0.0065
 4748.300  0.0075
 4748.320  0.0051
 4748.340  0.0022
 4748.360  0.0020
 4748.380  0.0037
 4748.400  0.0035
 4748.420 -0.0009
 4748.440 -0.0060
 4748.460 -0.0073
 4748.480 -0.0048
 4748.500 -0.0015
 4748.520  0.0015
 4748.540  0.0041
 4748.560  0.0053
 4748.580  0.0042
 4748.600  0.0016
 4748.620  0.0006
 4748.640  0.0041
 4748.660  0.0103
 4748.680  0.0147
 4748.700  0.0156
 4748.720  0.0149
 4748.740  0.0133
 4748.760  0.0100
 4748.780  0.0069
 4748.800  0.0073
 4748.820  0.0105
 4748.840  0.0125
 4748.860  0.0105
 4748.880  0.0057
 4748.900  0.0016
 4748.920 -0.0005
 4748.940 -0.0044
 4748.960 -0.0107
 4748.980 -0.0130
 4749.000 -0.0077
 4749.020 -0.0003
 4749.040  0.0024
 4749.060  0.0003
 4749.080 -0.0028
 4749.100 -0.0038
 4749.120 -0.0033
 4749.140 -0.0037
 4749.160 -0.0046
 4749.180 -0.0040
 4749.200 -0.0028
 4749.220 -0.0027
 4749.240 -0.0026
 4749.260 -0.0006
 4749.280  0.0023
 4749.300  0.0038
 4749.320  0.0043
 4749.340  0.0049
 4749.360  0.0038
 4749.380 -0.0002
 4749.400 -0.0052
 4749.420 -0.0074
 4749.440 -0.0049
 4749.460 -0.0001
 4749.480  0.0024
 4749.500  0.0022
 4749.520  0.0028
 4749.540  0.0054
 4749.560  0.0070
 4749.580  0.0059
 4749.600  0.0034
 4749.620  0.0004
 4749.640 -0.0033
 4749.660 -0.0076
 4749.680 -0.0108
 4749.700 -0.0098
 4749.720 -0.0049
 4749.740 -0.0010
 4749.760 -0.0019
 4749.780 -0.0052
 4749.800 -0.0055
 4749.820 -0.0010
 4749.840  0.0050
 4749.860  0.0066
 4749.880  0.0026
 4749.900 -0.0026
 4749.920 -0.0049
 4749.940 -0.0044
 4749.960 -0.0028
 4749.980 -0.0008
 4750.000  0.0010
 4750.020  0.0022
 4750.040  0.0018
 4750.060  0.0000
 4750.080 -0.0014
 4750.100 -0.0011
 4750.120 -0.0005
 4750.140 -0.0005
 4750.160  0.0006
 4750.180  0.0035
 4750.200  0.0046
 4750.220  0.0017
 4750.240 -0.0017
 4750.260 -0.0021
 4750.280 -0.0003
 4750.300  0.0010
 4750.320  0.0010
 4750.340  0.0013
 4750.360  0.0035
 4750.380  0.0059
 4750.400  0.0053
 4750.420  0.0019
 4750.440 -0.0011
 4750.460 -0.0033
 4750.480 -0.0052
 4750.500 -0.0045
 4750.520  0.0000
 4750.540  0.0031
 4750.560  0.0006
 4750.580 -0.0042
 4750.600 -0.0056
 4750.620 -0.0034
 4750.640 -0.0021
 4750.660 -0.0045
 4750.680 -0.0076
 4750.700 -0.0056
 4750.720  0.0001
 4750.740  0.0020
 4750.760 -0.0014
 4750.780 -0.0030
 4750.800  0.0009
 4750.820  0.0061
 4750.840  0.0068
 4750.860  0.0021
 4750.880 -0.0045
 4750.900 -0.0078
 4750.920 -0.0050
 4750.940  0.0025
 4750.960  0.0103
 4750.980  0.0137
 4751.000  0.0107
 4751.020  0.0042
 4751.040  0.0000
 4751.060  0.0007
 4751.080  0.0029
 4751.100  0.0027
 4751.120  0.0006
 4751.140 -0.0012
 4751.160 -0.0018
 4751.180 -0.0015
 4751.200 -0.0007
 4751.220  0.0006
 4751.240  0.0025
 4751.260  0.0047
 4751.280  0.0067
 4751.300  0.0083
 4751.320  0.0098
 4751.340  0.0107
 4751.360  0.0100
 4751.380  0.0061
 4751.400 -0.0008
 4751.420 -0.0082
 4751.440 -0.0114
 4751.460 -0.0072
 4751.480  0.0024
 4751.500  0.0096
 4751.520  0.0089
 4751.540  0.0021
 4751.560 -0.0036
 4751.580 -0.0029
 4751.600  0.0017
 4751.620  0.0024
 4751.640 -0.0037
 4751.660 -0.0113
 4751.680 -0.0131
 4751.700 -0.0069
 4751.720  0.0024
 4751.740  0.0086
 4751.760  0.0107
 4751.780  0.0115
 4751.800  0.0120
 4751.820  0.0119
 4751.840  0.0120
 4751.860  0.0127
 4751.880  0.0127
 4751.900  0.0105
 4751.920  0.0065
 4751.940  0.0039
 4751.960  0.0054
 4751.980  0.0097
 4752.000  0.0127
 4752.020  0.0121
 4752.040  0.0096
 4752.060  0.0075
 4752.080  0.0064
 4752.100  0.0062
 4752.120  0.0059
 4752.140  0.0044
 4752.160  0.0012
 4752.180 -0.0023
 4752.200 -0.0041
 4752.220 -0.0031
 4752.240 -0.0002
 4752.260  0.0031
 4752.280  0.0049
 4752.300  0.0037
 4752.320  0.0002
 4752.340 -0.0029
 4752.360 -0.0034
 4752.380 -0.0013
 4752.400  0.0009
 4752.420  0.0014
 4752.440  0.0007
 4752.460  0.0008
 4752.480  0.0030
 4752.500  0.0067
 4752.520  0.0111
 4752.540  0.0153
 4752.560  0.0169
 4752.580  0.0155
 4752.600  0.0138
 4752.620  0.0137
 4752.640  0.0120
 4752.660  0.0066
 4752.680  0.0019
 4752.700  0.0031
 4752.720  0.0092
 4752.740  0.0150
 4752.760  0.0164
 4752.780  0.0142
 4752.800  0.0121
 4752.820  0.0105
 4752.840  0.0065
 4752.860  0.0014
 4752.880 -0.0002
 4752.900  0.0023
 4752.920  0.0044
 4752.940  0.0040
 4752.960  0.0026
 4752.980  0.0000
 4753.000  0.0000
