           1.07    1.13  
           0.0200  0.6200
 4172.000 -1.0000 -1.0000
 4172.020 -1.0000 -1.0000
 4172.040 -1.0000 -1.0000
 4172.060 -1.0000 -1.0000
 4172.080 -1.0000 -1.0000
 4172.100 -1.0000 -1.0000
 4172.120 -1.0000 -1.0000
 4172.140 -1.0000 -1.0000
 4172.160 -1.0000 -1.0000
 4172.180 -1.0000 -1.0000
 4172.200 -1.0000 -1.0000
 4172.220 -1.0000 -1.0000
 4172.240 -1.0000 -1.0000
 4172.260 -1.0000 -1.0000
 4172.280 -1.0000 -1.0000
 4172.300 -1.0000 -1.0000
 4172.320 -1.0000 -1.0000
 4172.340 -1.0000 -1.0000
 4172.360 -1.0000 -1.0000
 4172.380 -1.0000 -1.0000
 4172.400 -1.0000 -1.0000
 4172.420 -1.0000 -1.0000
 4172.440 -1.0000 -1.0000
 4172.460 -1.0000 -1.0000
 4172.480 -1.0000 -1.0000
 4172.500 -1.0000 -1.0000
 4172.520 -1.0000 -1.0000
 4172.540 -1.0000 -1.0000
 4172.560 -1.0000 -1.0000
 4172.580 -1.0000 -1.0000
 4172.600 -1.0000 -1.0000
 4172.620 -1.0000  1.0544
 4172.640 -1.0000  1.0643
 4172.660 -1.0000  1.0782
 4172.680 -1.0000  1.0878
 4172.700 -1.0000  1.0895
 4172.720 -1.0000  1.0944
 4172.740 -1.0000  1.1074
 4172.760 -1.0000  1.1179
 4172.780 -1.0000 -1.0000
 4172.800 -1.0000 -1.0000
 4172.820 -1.0000 -1.0000
 4172.840 -1.0000 -1.0000
 4172.860 -1.0000 -1.0000
 4172.880 -1.0000  1.0437
 4172.900  0.5250  1.0386
 4172.920  0.5358  1.0294
 4172.940  0.5563  1.0095
 4172.960  0.5846  0.9805
 4172.980  0.6187  0.9601
 4173.000  0.6582  0.9575
 4173.020  0.6998  0.9587
 4173.040  0.7366  0.9566
 4173.060  0.7660  0.9540
 4173.080  0.7912  0.9461
 4173.100  0.8162  0.9312
 4173.120  0.8455  0.9170
 4173.140  0.8806  0.9024
 4173.160  0.9185  0.8752
 4173.180  0.9563  0.8328
 4173.200  0.9898  0.7879
 4173.220  1.0162  0.7459
 4173.240  1.0387  0.6965
 4173.260  1.0575  0.6372
 4173.280  1.0678  0.5812
 4173.300  1.0707  0.5391
 4173.320  1.0701  0.5099
 4173.340  1.0663  0.4874
 4173.360  1.0589  0.4677
 4173.380  1.0504  0.4528
 4173.400  1.0442  0.4463
 4173.420  1.0394  0.4494
 4173.440  1.0331  0.4609
 4173.460  1.0273  0.4790
 4173.480  1.0230  0.5026
 4173.500  1.0165  0.5318
 4173.520  1.0081  0.5679
 4173.540  0.9992  0.6136
 4173.560  0.9900  0.6692
 4173.580  0.9849  0.7285
 4173.600  0.9841  0.7780
 4173.620  0.9717  0.8072
 4173.640  0.9387  0.8184
 4173.660  0.9059  0.8220
 4173.680  0.8936  0.8224
 4173.700  0.8976  0.8171
 4173.720  0.9023  0.8053
 4173.740  0.8971  0.7884
 4173.760  0.8834  0.7690
 4173.780  0.8629  0.7518
 4173.800  0.8296  0.7401
 4173.820  0.7841  0.7359
 4173.840  0.7368  0.7397
 4173.860  0.6927  0.7468
 4173.880  0.6496  0.7489
 4173.900  0.6117  0.7378
 4173.920 -1.0000  0.7161
 4173.940 -1.0000  0.6950
 4173.960 -1.0000  0.6716
 4173.980 -1.0000  0.6377
 4174.000 -1.0000  0.6004
 4174.020  0.4391  0.5614
 4174.040  0.4397  0.5174
 4174.060  0.4553  0.4795
 4174.080  0.4849  0.4566
 4174.100  0.5219  0.4436
 4174.120  0.5572  0.4348
 4174.140  0.5879  0.4305
 4174.160  0.6217  0.4314
 4174.180  0.6642  0.4365
 4174.200  0.7115  0.4498
 4174.220  0.7566  0.4773
 4174.240  0.7899  0.5150
 4174.260  0.8029  0.5547
 4174.280  0.8003  0.5972
 4174.300  0.7920  0.6406
 4174.320  0.7791  0.6749
 4174.340  0.7600  0.6931
 4174.360  0.7349  0.6891
 4174.380  0.7070  0.6641
 4174.400  0.6853  0.6309
 4174.420  0.6771  0.6012
 4174.440 -1.0000 -1.0000
 4174.460 -1.0000 -1.0000
 4174.480 -1.0000 -1.0000
 4174.500 -1.0000 -1.0000
 4174.520 -1.0000 -1.0000
 4174.540 -1.0000 -1.0000
 4174.560  0.7477  0.3345
 4174.580  0.7182  0.3163
 4174.600  0.6772  0.3060
 4174.620  0.6326  0.3053
 4174.640  0.5868  0.3080
 4174.660  0.5441  0.3132
 4174.680  0.5090  0.3278
 4174.700  0.4805  0.3538
 4174.720  0.4550  0.3848
 4174.740  0.4342  0.4145
 4174.760  0.4254  0.4414
 4174.780  0.4310  0.4669
 4174.800  0.4462  0.4912
 4174.820  0.4698  0.5105
 4174.840  0.5037  0.5198
 4174.860  0.5419  0.5165
 4174.880  0.5762  0.5027
 4174.900  0.6058  0.4844
 4174.920  0.6322  0.4660
 4174.940  0.6515  0.4483
 4174.960  0.6604  0.4344
 4174.980  0.6585  0.4309
 4175.000  0.6462  0.4374
 4175.020  0.6237  0.4449
 4175.040  0.5929  0.4474
 4175.060  0.5555  0.4470
 4175.080  0.5127  0.4485
 4175.100  0.4718  0.4528
 4175.120  0.4427  0.4581
 4175.140 -1.0000 -1.0000
 4175.160 -1.0000 -1.0000
 4175.180 -1.0000 -1.0000
 4175.200 -1.0000 -1.0000
 4175.220 -1.0000 -1.0000
 4175.240  0.3207  0.5150
 4175.260  0.3279  0.5154
 4175.280  0.3406  0.5278
 4175.300  0.3560  0.5615
 4175.320  0.3747  0.6096
 4175.340  0.3985  0.6566
 4175.360  0.4265  0.6950
 4175.380  0.4556  0.7281
 4175.400  0.4822  0.7604
 4175.420  0.5039  0.7893
 4175.440  0.5177  0.8107
 4175.460  0.5214  0.8248
 4175.480  0.5150  0.8327
 4175.500  0.5026  0.8271
 4175.520  0.4883  0.7995
 4175.540  0.4745  0.7565
 4175.560  0.4608  0.7157
 4175.580  0.4456  0.6862
 4175.600  0.4326  0.6695
 4175.620 -1.0000 -1.0000
 4175.640 -1.0000 -1.0000
 4175.660 -1.0000 -1.0000
 4175.680 -1.0000 -1.0000
 4175.700 -1.0000 -1.0000
 4175.720 -1.0000 -1.0000
 4175.740  0.4830  0.7612
 4175.760  0.4875  0.7779
 4175.780  0.4913  0.8045
 4175.800  0.4873  0.8376
 4175.820  0.4745  0.8689
 4175.840  0.4680  0.8995
 4175.860  0.4797  0.9389
 4175.880  0.5036  0.9858
 4175.900  0.5327  1.0293
 4175.920  0.5677  1.0612
 4175.940  0.6060  1.0807
 4175.960  0.6453  1.0931
 4175.980  0.6871  1.1047
 4176.000  0.7263  1.1156
 4176.020  0.7574  1.1220
 4176.040  0.7826  1.1237
 4176.060  0.7973  1.1217
 4176.080  0.7959  1.1161
 4176.100  0.7902  1.1097
 4176.120 -1.0000  1.1067
 4176.140 -1.0000  1.1081
 4176.160 -1.0000  1.1098
 4176.180 -1.0000  1.1063
 4176.200 -1.0000  1.1011
 4176.220 -1.0000  1.1008
 4176.240 -1.0000  1.1029
 4176.260 -1.0000  1.1020
 4176.280 -1.0000 -1.0000
 4176.300 -1.0000 -1.0000
 4176.320 -1.0000 -1.0000
 4176.340 -1.0000 -1.0000
 4176.360 -1.0000 -1.0000
 4176.380 -1.0000 -1.0000
 4176.400 -1.0000 -1.0000
 4176.420 -1.0000 -1.0000
 4176.440 -1.0000 -1.0000
 4176.460 -1.0000 -1.0000
 4176.480 -1.0000 -1.0000
 4176.500 -1.0000 -1.0000
 4176.520 -1.0000  1.0469
 4176.540 -1.0000  1.0439
 4176.560 -1.0000  1.0399
 4176.580 -1.0000 -1.0000
 4176.600 -1.0000 -1.0000
 4176.620 -1.0000 -1.0000
 4176.640 -1.0000 -1.0000
 4176.660 -1.0000 -1.0000
 4176.680 -1.0000 -1.0000
 4176.700 -1.0000 -1.0000
 4176.720 -1.0000 -1.0000
 4176.740  1.0685  0.5467
 4176.760  1.0677  0.5123
 4176.780  1.0674  0.4772
 4176.800  1.0671  0.4456
 4176.820  1.0642  0.4188
 4176.840  1.0580  0.4003
 4176.860  1.0479  0.3947
 4176.880  1.0365  0.3989
 4176.900  1.0290  0.4061
 4176.920  1.0251  0.4144
 4176.940  1.0219  0.4261
 4176.960  1.0210  0.4434
 4176.980  1.0241  0.4662
 4177.000  1.0285  0.4944
 4177.020  1.0322  0.5275
 4177.040  1.0347  0.5643
 4177.060  1.0368  0.6049
 4177.080  1.0374  0.6511
 4177.100  1.0318  0.6995
 4177.120  1.0186  0.7411
 4177.140  0.9993  0.7684
 4177.160  0.9736  0.7797
 4177.180  0.9430  0.7790
 4177.200  0.9116  0.7718
 4177.220  0.8788  0.7614
 4177.240  0.8401  0.7488
 4177.260  0.7972  0.7356
 4177.280  0.7547  0.7228
 4177.300  0.7137  0.7073
 4177.320  0.6746  0.6888
 4177.340  0.6373  0.6753
 4177.360  0.5982  0.6746
 4177.380  0.5573  0.6866
 4177.400  0.5211  0.7061
 4177.420  0.4924  0.7282
 4177.440  0.4688  0.7536
 4177.460  0.4506  0.7864
 4177.480  0.4403  0.8275
 4177.500  0.4373  0.8722
 4177.520  0.4342  0.9130
 4177.540  0.4276  0.9454
 4177.560  0.4290  0.9728
 4177.580  0.4494  0.9997
 4177.600  0.4826  1.0247
 4177.620  0.5193  1.0448
 4177.640  0.5582  1.0553
 4177.660  0.5969  1.0559
 4177.680  0.6338  1.0580
 4177.700  0.6731  1.0688
 4177.720  0.7121  1.0781
 4177.740  0.7408  1.0822
 4177.760  0.7572  1.0913
 4177.780  0.7629  1.1023
 4177.800  0.7568  1.1081
 4177.820  0.7435  1.1138
 4177.840  0.7296  1.1184
 4177.860  0.7168  1.1130
 4177.880  0.7040  1.0968
 4177.900  0.6918  1.0764
 4177.920  0.6837  1.0565
 4177.940  0.6772  1.0348
 4177.960  0.6660  1.0064
 4177.980  0.6546  0.9686
 4178.000  0.6580  0.9212
 4178.020  0.6838  0.8672
 4178.040  0.7246  0.8099
 4178.060  0.7700  0.7528
 4178.080  0.8165  0.6996
 4178.100  0.8626  0.6492
 4178.120  0.9026  0.5998
 4178.140  0.9330  0.5549
 4178.160  0.9557  0.5183
 4178.180  0.9728  0.4913
 4178.200 -1.0000 -1.0000
 4178.220 -1.0000 -1.0000
 4178.240 -1.0000 -1.0000
 4178.260 -1.0000 -1.0000
 4178.280 -1.0000 -1.0000
 4178.300 -1.0000 -1.0000
 4178.320  1.0527  0.3436
 4178.340  1.0533  0.3417
 4178.360  1.0627  0.3463
 4178.380  1.0746  0.3503
 4178.400  1.0808  0.3495
 4178.420  1.0798  0.3471
 4178.440  1.0732  0.3466
 4178.460 -1.0000 -1.0000
 4178.480 -1.0000 -1.0000
 4178.500 -1.0000 -1.0000
 4178.520 -1.0000 -1.0000
 4178.540 -1.0000 -1.0000
 4178.560 -1.0000 -1.0000
 4178.580 -1.0000 -1.0000
 4178.600  0.9125  0.4239
 4178.620  0.8762  0.4463
 4178.640  0.8354  0.4801
 4178.660  0.7891  0.5215
 4178.680  0.7298  0.5654
 4178.700  0.6685  0.6082
 4178.720  0.6228  0.6484
 4178.740  0.5922  0.6853
 4178.760  0.5648  0.7184
 4178.780  0.5348  0.7490
 4178.800  0.5056  0.7744
 4178.820  0.4807  0.7835
 4178.840  0.4564  0.7674
 4178.860  0.4286  0.7326
 4178.880  0.4026  0.6949
 4178.900  0.3876  0.6593
 4178.920  0.3838  0.6200
 4178.940  0.3818  0.5780
 4178.960  0.3758  0.5434
 4178.980  0.3708  0.5222
 4179.000  0.3686  0.5131
 4179.020  0.3641  0.5127
 4179.040  0.3604  0.5197
 4179.060  0.3641  0.5343
 4179.080  0.3700  0.5549
 4179.100  0.3721  0.5794
 4179.120  0.3742  0.6068
 4179.140  0.3822  0.6367
 4179.160  0.3945  0.6673
 4179.180  0.4044  0.6936
 4179.200  0.4126  0.7129
 4179.220  0.4280  0.7305
 4179.240  0.4553  0.7549
 4179.260  0.4908  0.7862
 4179.280  0.5283  0.8121
 4179.300  0.5681  0.8220
 4179.320  0.6132  0.8186
 4179.340  0.6591  0.8096
 4179.360  0.7006  0.7999
 4179.380  0.7385  0.7863
 4179.400  0.7680  0.7589
 4179.420  0.7824  0.7174
 4179.440  0.7798  0.6723
 4179.460  0.7635  0.6312
 4179.480  0.7398  0.5945
 4179.500  0.7120  0.5578
 4179.520  0.6777  0.5180
 4179.540  0.6373  0.4757
 4179.560  0.5979  0.4345
 4179.580  0.5655  0.3988
 4179.600  0.5398  0.3699
 4179.620  0.5184  0.3450
 4179.640  0.5025  0.3217
 4179.660  0.4985  0.3027
 4179.680  0.5103  0.2938
 4179.700  0.5297  0.2983
 4179.720 -1.0000  0.3130
 4179.740 -1.0000  0.3313
 4179.760 -1.0000  0.3522
 4179.780 -1.0000  0.3833
 4179.800 -1.0000  0.4293
 4179.820 -1.0000  0.4847
 4179.840 -1.0000  0.5422
 4179.860 -1.0000  0.5974
 4179.880 -1.0000  0.6476
 4179.900  0.7802  0.6917
 4179.920  0.7843  0.7281
 4179.940  0.7835  0.7518
 4179.960  0.7762  0.7582
 4179.980  0.7579  0.7466
 4180.000  0.7284  0.7187
 4180.020  0.6948  0.6795
 4180.040  0.6631  0.6369
 4180.060  0.6328  0.5973
 4180.080  0.6026  0.5614
 4180.100  0.5749  0.5265
 4180.120  0.5502  0.4928
 4180.140  0.5260  0.4645
 4180.160  0.5006  0.4461
 4180.180  0.4728  0.4379
 4180.200  0.4425  0.4360
 4180.220  0.4116  0.4400
 4180.240  0.3807  0.4553
 4180.260  0.3525  0.4843
 4180.280  0.3329  0.5206
 4180.300  0.3260  0.5580
 4180.320  0.3309  0.5976
 4180.340  0.3430  0.6423
 4180.360  0.3582  0.6914
 4180.380  0.3777  0.7421
 4180.400  0.4038  0.7893
 4180.420  0.4365  0.8282
 4180.440  0.4782  0.8554
 4180.460  0.5309  0.8661
 4180.480  0.5904  0.8575
 4180.500  0.6493  0.8349
 4180.520  0.6987  0.8088
 4180.540  0.7308  0.7861
 4180.560  0.7453  0.7649
 4180.580  0.7454  0.7400
 4180.600  0.7325  0.7109
 4180.620  0.7083  0.6841
 4180.640  0.6749  0.6673
 4180.660  0.6351  0.6665
 4180.680  0.5942  0.6825
 4180.700  0.5563  0.7095
 4180.720  0.5226  0.7411
 4180.740  0.4899  0.7749
 4180.760  0.4565  0.8067
 4180.780  0.4306  0.8311
 4180.800  0.4231  0.8485
 4180.820  0.4335  0.8630
 4180.840  0.4506  0.8742
 4180.860  0.4640  0.8788
 4180.880 -1.0000  0.8720
 4180.900 -1.0000  0.8504
 4180.920 -1.0000  0.8184
 4180.940 -1.0000  0.7842
 4180.960 -1.0000  0.7505
 4180.980 -1.0000  0.7140
 4181.000 -1.0000  0.6714
 4181.020 -1.0000  0.6261
 4181.040 -1.0000  0.5892
 4181.060 -1.0000  0.5670
 4181.080 -1.0000 -1.0000
 4181.100 -1.0000 -1.0000
 4181.120 -1.0000 -1.0000
 4181.140 -1.0000 -1.0000
 4181.160 -1.0000 -1.0000
 4181.180 -1.0000 -1.0000
 4181.200 -1.0000 -1.0000
 4181.220 -1.0000 -1.0000
 4181.240 -1.0000 -1.0000
 4181.260 -1.0000 -1.0000
 4181.280 -1.0000 -1.0000
 4181.300 -1.0000 -1.0000
 4181.320 -1.0000 -1.0000
 4181.340 -1.0000 -1.0000
 4181.360 -1.0000 -1.0000
 4181.380 -1.0000 -1.0000
 4181.400 -1.0000 -1.0000
 4181.420 -1.0000 -1.0000
 4181.440 -1.0000 -1.0000
 4181.460 -1.0000  0.0047
 4181.480 -1.0000 -1.0000
 4181.500 -1.0000 -1.0000
 4181.520 -1.0000 -1.0000
 4181.540 -1.0000 -1.0000
 4181.560 -1.0000 -1.0000
 4181.580 -1.0000 -1.0000
 4181.600 -1.0000 -1.0000
 4181.620 -1.0000 -1.0000
 4181.640 -1.0000 -1.0000
 4181.660 -1.0000 -1.0000
 4181.680 -1.0000 -1.0000
 4181.700 -1.0000 -1.0000
 4181.720 -1.0000 -1.0000
 4181.740 -1.0000 -1.0000
 4181.760 -1.0000 -1.0000
 4181.780 -1.0000 -1.0000
 4181.800 -1.0000 -1.0000
 4181.820 -1.0000 -1.0000
 4181.840 -1.0000 -1.0000
 4181.860 -1.0000 -1.0000
 4181.880 -1.0000 -1.0000
 4181.900 -1.0000 -1.0000
 4181.920 -1.0000 -1.0000
 4181.940 -1.0000  0.9805
 4181.960 -1.0000  0.9786
 4181.980 -1.0000  0.9596
 4182.000 -1.0000  0.9304
 4182.020 -1.0000  0.8980
 4182.040 -1.0000  0.8602
 4182.060 -1.0000  0.8165
 4182.080 -1.0000  0.7758
 4182.100 -1.0000  0.7424
 4182.120  0.3998  0.7115
 4182.140  0.4026  0.6867
 4182.160  0.4040  0.6809
 4182.180  0.4026  0.6929
 4182.200  0.4052  0.7127
 4182.220  0.4173  0.7401
 4182.240  0.4326  0.7711
 4182.260 -1.0000 -1.0000
 4182.280 -1.0000 -1.0000
 4182.300 -1.0000 -1.0000
 4182.320 -1.0000 -1.0000
 4182.340 -1.0000 -1.0000
 4182.360 -1.0000 -1.0000
 4182.380 -1.0000 -1.0000
 4182.400 -1.0000 -1.0000
 4182.420 -1.0000  0.8294
 4182.440 -1.0000  0.8007
 4182.460 -1.0000  0.7612
 4182.480 -1.0000  0.7262
 4182.500 -1.0000 -1.0000
 4182.520 -1.0000 -1.0000
 4182.540 -1.0000 -1.0000
 4182.560 -1.0000 -1.0000
 4182.580 -1.0000 -1.0000
 4182.600 -1.0000 -1.0000
 4182.620 -1.0000 -1.0000
 4182.640 -1.0000  0.4199
 4182.660 -1.0000  0.4155
 4182.680  0.7582  0.4220
 4182.700  0.7392  0.4407
 4182.720  0.7118  0.4665
 4182.740  0.6824  0.4938
 4182.760  0.6593  0.5267
 4182.780  0.6523  0.5691
 4182.800  0.6661  0.6161
 4182.820  0.6967  0.6604
 4182.840  0.7353  0.6986
 4182.860  0.7770  0.7286
 4182.880  0.8203  0.7460
 4182.900  0.8598  0.7477
 4182.920  0.8902  0.7348
 4182.940  0.9082  0.7076
 4182.960  0.9117  0.6662
 4182.980  0.9026  0.6175
 4183.000  0.8846  0.5719
 4183.020  0.8561  0.5326
 4183.040  0.8172  0.4978
 4183.060  0.7742  0.4704
 4183.080  0.7319  0.4556
 4183.100  0.6905  0.4515
 4183.120  0.6477  0.4517
 4183.140  0.6011  0.4536
 4183.160  0.5537  0.4623
 4183.180  0.5135  0.4865
 4183.200  0.4852  0.5291
 4183.220  0.4661  0.5823
 4183.240  0.4520  0.6359
 4183.260  0.4423  0.6883
 4183.280  0.4401  0.7424
 4183.300  0.4485  0.7981
 4183.320  0.4661  0.8523
 4183.340  0.4901  0.9004
 4183.360  0.5204  0.9340
 4183.380  0.5559  0.9429
 4183.400  0.5944  0.9237
 4183.420  0.6346  0.8859
 4183.440  0.6704  0.8453
 4183.460  0.6979  0.8108
 4183.480  0.7216  0.7772
 4183.500  0.7391  0.7359
 4183.520  0.7428  0.6874
 4183.540  0.7327  0.6413
 4183.560  0.7102  0.6048
 4183.580  0.6765  0.5786
 4183.600  0.6360  0.5588
 4183.620  0.5927  0.5471
 4183.640  0.5514  0.5528
 4183.660  0.5148  0.5767
 4183.680  0.4788  0.6047
 4183.700  0.4440  0.6329
 4183.720  0.4229  0.6718
 4183.740 -1.0000  0.7172
 4183.760 -1.0000 -1.0000
 4183.780 -1.0000 -1.0000
 4183.800 -1.0000 -1.0000
 4183.820 -1.0000 -1.0000
 4183.840 -1.0000 -1.0000
 4183.860 -1.0000 -1.0000
 4183.880 -1.0000 -1.0000
 4183.900 -1.0000 -1.0000
 4183.920  0.8204  1.1029
 4183.940  0.8522  1.1124
 4183.960  0.8793  1.1240
 4183.980  0.8924  1.1333
 4184.000  0.8923  1.1335
 4184.020  0.8847  1.1271
 4184.040  0.8680  1.1159
 4184.060  0.8376  1.0954
 4184.080  0.7972  1.0658
 4184.100  0.7535  1.0365
 4184.120  0.7096  1.0099
 4184.140  0.6686  0.9783
 4184.160  0.6314  0.9380
 4184.180  0.5948  0.8939
 4184.200  0.5613  0.8510
 4184.220  0.5428  0.8086
 4184.240  0.5441  0.7640
 4184.260  0.5596  0.7174
 4184.280  0.5838  0.6762
 4184.300  0.6125  0.6470
 4184.320 -1.0000 -1.0000
 4184.340 -1.0000 -1.0000
 4184.360 -1.0000 -1.0000
 4184.380 -1.0000 -1.0000
 4184.400 -1.0000 -1.0000
 4184.420 -1.0000 -1.0000
 4184.440 -1.0000 -1.0000
 4184.460  1.0020  0.3917
 4184.480  1.0082  0.3739
 4184.500 -1.0000 -1.0000
 4184.520 -1.0000 -1.0000
 4184.540 -1.0000 -1.0000
 4184.560 -1.0000 -1.0000
 4184.580 -1.0000 -1.0000
 4184.600 -1.0000 -1.0000
 4184.620  1.0548  0.2781
 4184.640  1.0465  0.2735
 4184.660  1.0313  0.2702
 4184.680  1.0124  0.2697
 4184.700  0.9915  0.2716
 4184.720  0.9688  0.2747
 4184.740  0.9411  0.2812
 4184.760  0.9068  0.2948
 4184.780  0.8711  0.3167
 4184.800  0.8398  0.3452
 4184.820  0.8104  0.3764
 4184.840  0.7777  0.4055
 4184.860  0.7403  0.4288
 4184.880  0.7013  0.4471
 4184.900  0.6632  0.4634
 4184.920  0.6274  0.4771
 4184.940  0.5953  0.4840
 4184.960  0.5659  0.4848
 4184.980  0.5359  0.4862
 4185.000  0.5052  0.4908
 4185.020  0.4736  0.4929
 4185.040  0.4366  0.4882
 4185.060  0.3978  0.4820
 4185.080  0.3707  0.4848
 4185.100  0.3588  0.5009
 4185.120  0.3528  0.5245
 4185.140  0.3477  0.5501
 4185.160  0.3432  0.5786
 4185.180  0.3359  0.6130
 4185.200  0.3232  0.6538
 4185.220  0.3091  0.6998
 4185.240  0.3002  0.7494
 4185.260  0.2961  0.8000
 4185.280  0.2908  0.8494
 4185.300  0.2850  0.8983
 4185.320  0.2850  0.9443
 4185.340  0.2894  0.9779
 4185.360  0.2960  0.9927
 4185.380  0.3093  0.9946
 4185.400  0.3305  0.9950
 4185.420  0.3555  0.9968
 4185.440  0.3822  0.9901
 4185.460  0.4102  0.9668
 4185.480  0.4365  0.9306
 4185.500  0.4573  0.8880
 4185.520  0.4699  0.8423
 4185.540  0.4734  0.7950
 4185.560  0.4748  0.7480
 4185.580  0.4814  0.7031
 4185.600  0.4899  0.6596
 4185.620  0.4951  0.6173
 4185.640  0.4993  0.5796
 4185.660  0.5042  0.5499
 4185.680  0.5083  0.5275
 4185.700  0.5135  0.5105
 4185.720  0.5229  0.4997
 4185.740  0.5362  0.4989
 4185.760  0.5553  0.5080
 4185.780  0.5847  0.5203
 4185.800  0.6239  0.5333
 4185.820  0.6677  0.5532
 4185.840  0.7146  0.5863
 4185.860  0.7644  0.6303
 4185.880  0.8138  0.6780
 4185.900  0.8576  0.7238
 4185.920  0.8935  0.7673
 4185.940  0.9213  0.8094
 4185.960  0.9392  0.8466
 4185.980  0.9446  0.8727
 4186.000  0.9402  0.8845
 4186.020  0.9314  0.8830
 4186.040  0.9183  0.8705
 4186.060  0.8976  0.8492
 4186.080  0.8722  0.8214
 4186.100  0.8469  0.7908
 4186.120  0.8192  0.7597
 4186.140  0.7890  0.7302
 4186.160  0.7612  0.7037
 4186.180  0.7334  0.6793
 4186.200  0.6998  0.6592
 4186.220  0.6626  0.6500
 4186.240  0.6267  0.6554
 4186.260  0.5959  0.6749
 4186.280  0.5711  0.7062
 4186.300  0.5459  0.7460
 4186.320  0.5139  0.7895
 4186.340  0.4837  0.8315
 4186.360  0.4738  0.8709
 4186.380  0.4885  0.9088
 4186.400  0.5142  0.9445
 4186.420  0.5389  0.9741
 4186.440  0.5610  0.9918
 4186.460  0.5873  0.9948
 4186.480  0.6253  0.9871
 4186.500  0.6713  0.9757
 4186.520  0.7163  0.9603
 4186.540  0.7591  0.9348
 4186.560  0.7976  0.8978
 4186.580  0.8257  0.8546
 4186.600  0.8404  0.8085
 4186.620  0.8443  0.7599
 4186.640  0.8385  0.7086
 4186.660  0.8202  0.6524
 4186.680  0.7901  0.5933
 4186.700  0.7555  0.5402
 4186.720  0.7239  0.4976
 4186.740  0.6983  0.4626
 4186.760  0.6777  0.4316
 4186.780  0.6559  0.4055
 4186.800  0.6300  0.3870
 4186.820  0.6070  0.3767
 4186.840  0.5946  0.3734
 4186.860  0.5923  0.3745
 4186.880 -1.0000  0.3778
 4186.900 -1.0000  0.3821
 4186.920 -1.0000  0.3875
 4186.940 -1.0000  0.3937
 4186.960 -1.0000  0.4009
 4186.980 -1.0000  0.4111
 4187.000 -1.0000  0.4254
 4187.020 -1.0000  0.4387
 4187.040 -1.0000 -1.0000
 4187.060 -1.0000 -1.0000
 4187.080 -1.0000 -1.0000
 4187.100 -1.0000 -1.0000
 4187.120 -1.0000 -1.0000
 4187.140 -1.0000 -1.0000
 4187.160 -1.0000 -1.0000
 4187.180 -1.0000 -1.0000
 4187.200 -1.0000 -1.0000
 4187.220 -1.0000 -1.0000
 4187.240 -1.0000 -1.0000
 4187.260 -1.0000 -1.0000
 4187.280 -1.0000 -1.0000
 4187.300 -1.0000 -1.0000
 4187.320 -1.0000 -1.0000
 4187.340 -1.0000 -1.0000
 4187.360 -1.0000 -1.0000
 4187.380 -1.0000 -1.0000
 4187.400 -1.0000 -1.0000
 4187.420 -1.0000 -1.0000
 4187.440 -1.0000 -1.0000
 4187.460 -1.0000 -1.0000
 4187.480 -1.0000 -1.0000
 4187.500 -1.0000 -1.0000
 4187.520 -1.0000 -1.0000
 4187.540 -1.0000 -1.0000
 4187.560 -1.0000 -1.0000
 4187.580 -1.0000 -1.0000
 4187.600 -1.0000 -1.0000
 4187.620 -1.0000 -1.0000
 4187.640 -1.0000 -1.0000
 4187.660 -1.0000  0.4368
 4187.680 -1.0000  0.4384
 4187.700 -1.0000  0.4382
 4187.720 -1.0000  0.4413
 4187.740 -1.0000  0.4557
 4187.760 -1.0000  0.4827
 4187.780 -1.0000  0.5169
 4187.800 -1.0000  0.5515
 4187.820  0.7881  0.5824
 4187.840  0.7943  0.6083
 4187.860  0.7873  0.6269
 4187.880  0.7689  0.6353
 4187.900  0.7453  0.6351
 4187.920  0.7166  0.6292
 4187.940  0.6834  0.6153
 4187.960  0.6502  0.5892
 4187.980  0.6198  0.5561
 4188.000  0.5900  0.5275
 4188.020  0.5583  0.5093
 4188.040  0.5339  0.5015
 4188.060  0.5283  0.5042
 4188.080  0.5365  0.5165
 4188.100  0.5458  0.5350
 4188.120  0.5498  0.5579
 4188.140  0.5485  0.5885
 4188.160  0.5445  0.6289
 4188.180  0.5371  0.6734
 4188.200  0.5243  0.7147
 4188.220  0.5070  0.7524
 4188.240  0.4890  0.7876
 4188.260  0.4771  0.8133
 4188.280 -1.0000 -1.0000
 4188.300 -1.0000 -1.0000
 4188.320 -1.0000 -1.0000
 4188.340 -1.0000 -1.0000
 4188.360 -1.0000 -1.0000
 4188.380 -1.0000 -1.0000
 4188.400 -1.0000 -1.0000
 4188.420 -1.0000  0.7178
 4188.440  0.5998  0.6938
 4188.460  0.6186  0.6730
 4188.480  0.6373  0.6538
 4188.500  0.6487  0.6268
 4188.520  0.6504  0.6025
 4188.540  0.6453  0.5979
 4188.560  0.6379  0.6055
 4188.580 -1.0000  0.6086
 4188.600 -1.0000 -1.0000
 4188.620 -1.0000 -1.0000
 4188.640 -1.0000 -1.0000
 4188.660 -1.0000 -1.0000
 4188.680 -1.0000 -1.0000
 4188.700 -1.0000 -1.0000
 4188.720  0.5463  0.5819
 4188.740  0.5684  0.5618
 4188.760  0.6036  0.5397
 4188.780  0.6449  0.5239
 4188.800  0.6873  0.5142
 4188.820  0.7312  0.5075
 4188.840  0.7734  0.5030
 4188.860  0.8066  0.5019
 4188.880  0.8290  0.5049
 4188.900  0.8381  0.5098
 4188.920  0.8315  0.5127
 4188.940  0.8145  0.5130
 4188.960  0.7947  0.5118
 4188.980  0.7736  0.5092
 4189.000  0.7480  0.5055
 4189.020  0.7196  0.5027
 4189.040  0.6942  0.5007
 4189.060  0.6722  0.4962
 4189.080  0.6538  0.4901
 4189.100  0.6371  0.4885
 4189.120  0.6148  0.4965
 4189.140  0.5907  0.5147
 4189.160  0.5800  0.5411
 4189.180  0.5849  0.5725
 4189.200  0.5959  0.6081
 4189.220  0.6083  0.6495
 4189.240  0.6194  0.6941
 4189.260  0.6244  0.7361
 4189.280  0.6234  0.7729
 4189.300  0.6196  0.8022
 4189.320  0.6143  0.8171
 4189.340  0.6064  0.8109
 4189.360  0.5930  0.7859
 4189.380  0.5751  0.7505
 4189.400  0.5563  0.7095
 4189.420  0.5366  0.6608
 4189.440  0.5183  0.6024
 4189.460  0.5061  0.5389
 4189.480  0.5021  0.4807
 4189.500  0.5034  0.4332
 4189.520  0.5081  0.3918
 4189.540  0.5170  0.3534
 4189.560  0.5273  0.3230
 4189.580  0.5351  0.3053
 4189.600  0.5382  0.2991
 4189.620  0.5351  0.2985
 4189.640  0.5279  0.2992
 4189.660  0.5207  0.3030
 4189.680  0.5137  0.3128
 4189.700  0.5078  0.3259
 4189.720 -1.0000  0.3376
 4189.740 -1.0000 -1.0000
 4189.760 -1.0000 -1.0000
 4189.780 -1.0000 -1.0000
 4189.800 -1.0000 -1.0000
 4189.820 -1.0000 -1.0000
 4189.840 -1.0000 -1.0000
 4189.860 -1.0000 -1.0000
 4189.880 -1.0000 -1.0000
 4189.900 -1.0000 -1.0000
 4189.920 -1.0000 -1.0000
 4189.940 -1.0000 -1.0000
 4189.960 -1.0000 -1.0000
 4189.980 -1.0000  0.5797
 4190.000  0.7170  0.5611
 4190.020  0.6874  0.5368
 4190.040  0.6451  0.5129
 4190.060  0.5958  0.4902
 4190.080  0.5405  0.4750
 4190.100  0.4823  0.4749
 4190.120  0.4288  0.4843
 4190.140  0.3876  0.4949
 4190.160  0.3591  0.5125
 4190.180  0.3379  0.5453
 4190.200  0.3209  0.5869
 4190.220  0.3073  0.6249
 4190.240  0.2960  0.6580
 4190.260  0.2918  0.6941
 4190.280  0.3004  0.7347
 4190.300  0.3175  0.7702
 4190.320  0.3378  0.7901
 4190.340  0.3598  0.7935
 4190.360  0.3796  0.7857
 4190.380 -1.0000 -1.0000
 4190.400 -1.0000 -1.0000
 4190.420 -1.0000 -1.0000
 4190.440 -1.0000 -1.0000
 4190.460 -1.0000 -1.0000
 4190.480 -1.0000 -1.0000
 4190.500 -1.0000 -1.0000
 4190.520 -1.0000 -1.0000
 4190.540 -1.0000 -1.0000
 4190.560 -1.0000  0.3988
 4190.580  0.6147  0.3864
 4190.600  0.5952  0.3772
 4190.620  0.5786  0.3721
 4190.640 -1.0000  0.3713
 4190.660 -1.0000  0.3728
 4190.680 -1.0000  0.3736
 4190.700 -1.0000  0.3711
 4190.720 -1.0000  0.3666
 4190.740 -1.0000  0.3635
 4190.760 -1.0000 -1.0000
 4190.780 -1.0000 -1.0000
 4190.800 -1.0000 -1.0000
 4190.820 -1.0000 -1.0000
 4190.840 -1.0000 -1.0000
 4190.860 -1.0000 -1.0000
 4190.880 -1.0000  0.4003
 4190.900 -1.0000 -1.0000
 4190.920 -1.0000 -1.0000
 4190.940 -1.0000 -1.0000
 4190.960 -1.0000 -1.0000
 4190.980 -1.0000 -1.0000
 4191.000 -1.0000 -1.0000
 4191.020 -1.0000 -1.0000
 4191.040 -1.0000 -1.0000
 4191.060 -1.0000 -1.0000
 4191.080 -1.0000 -1.0000
 4191.100 -1.0000 -1.0000
 4191.120 -1.0000 -1.0000
 4191.140 -1.0000 -1.0000
 4191.160 -1.0000 -1.0000
 4191.180 -1.0000 -1.0000
 4191.200 -1.0000 -1.0000
 4191.220 -1.0000 -1.0000
 4191.240 -1.0000 -1.0000
 4191.260 -1.0000 -1.0000
 4191.280 -1.0000 -1.0000
 4191.300 -1.0000 -1.0000
 4191.320 -1.0000 -1.0000
 4191.340 -1.0000 -1.0000
 4191.360 -1.0000 -1.0000
 4191.380 -1.0000 -1.0000
 4191.400 -1.0000 -1.0000
 4191.420 -1.0000  0.6154
 4191.440 -1.0000  0.6299
 4191.460 -1.0000  0.6566
 4191.480 -1.0000  0.6925
 4191.500 -1.0000  0.7299
 4191.520 -1.0000  0.7621
 4191.540  0.3785  0.7866
 4191.560  0.3844  0.8018
 4191.580  0.3838  0.8045
 4191.600  0.3842  0.7950
 4191.620  0.4025  0.7774
 4191.640  0.4387  0.7534
 4191.660  0.4788  0.7234
 4191.680  0.5155  0.6901
 4191.700  0.5506  0.6569
 4191.720  0.5854  0.6243
 4191.740  0.6192  0.5915
 4191.760  0.6530  0.5603
 4191.780  0.6826  0.5360
 4191.800  0.6978  0.5239
 4191.820  0.6936  0.5254
 4191.840  0.6741  0.5349
 4191.860  0.6482  0.5474
 4191.880  0.6232  0.5667
 4191.900  0.6028  0.5984
 4191.920  0.5876  0.6403
 4191.940  0.5764  0.6828
 4191.960  0.5697  0.7144
 4191.980  0.5665  0.7306
 4192.000  0.5633  0.7377
 4192.020  0.5600  0.7439
 4192.040  0.5622  0.7479
 4192.060 -1.0000  0.7411
 4192.080 -1.0000  0.7178
 4192.100 -1.0000  0.6790
 4192.120 -1.0000  0.6319
 4192.140 -1.0000  0.5860
 4192.160  0.7859  0.5488
 4192.180  0.7918  0.5224
 4192.200  0.7930  0.5043
 4192.220  0.7924  0.4900
 4192.240  0.7848  0.4771
 4192.260  0.7650  0.4674
 4192.280  0.7357  0.4643
 4192.300  0.7008  0.4682
 4192.320  0.6636  0.4775
 4192.340  0.6271  0.4914
 4192.360  0.5936  0.5081
 4192.380  0.5645  0.5227
 4192.400  0.5358  0.5301
 4192.420  0.5078  0.5311
 4192.440  0.4939  0.5327
 4192.460  0.5035  0.5377
 4192.480  0.5299  0.5415
 4192.500  0.5627  0.5398
 4192.520  0.5981  0.5344
 4192.540  0.6351  0.5309
 4192.560  0.6695  0.5301
 4192.580  0.6991  0.5298
 4192.600  0.7256  0.5336
 4192.620  0.7442  0.5489
 4192.640  0.7473  0.5785
 4192.660  0.7371  0.6164
 4192.680  0.7209  0.6518
 4192.700  0.6981  0.6778
 4192.720  0.6642  0.6955
 4192.740  0.6184  0.7067
 4192.760  0.5656  0.7097
 4192.780  0.5164  0.7035
 4192.800  0.4790  0.6897
 4192.820  0.4549  0.6698
 4192.840  0.4449  0.6457
 4192.860  0.4463  0.6210
 4192.880  0.4530  0.6002
 4192.900  0.4637  0.5872
 4192.920  0.4784  0.5820
 4192.940  0.4912  0.5791
 4192.960  0.4995  0.5729
 4192.980  0.5075  0.5638
 4193.000  0.5171  0.5555
 4193.020  0.5271  0.5494
 4193.040  0.5371  0.5445
 4193.060  0.5460  0.5405
 4193.080  0.5503  0.5374
 4193.100  0.5485  0.5323
 4193.120  0.5430  0.5214
 4193.140  0.5308  0.5034
 4193.160  0.5082  0.4816
 4193.180  0.4872  0.4634
 4193.200  0.4869  0.4523
 4193.220  0.5085  0.4429
 4193.240  0.5380  0.4339
 4193.260  0.5679  0.4322
 4193.280  0.5980  0.4392
 4193.300  0.6281  0.4526
 4193.320  0.6579  0.4768
 4193.340  0.6823  0.5090
 4193.360  0.6956  0.5330
 4193.380  0.6992  0.5382
 4193.400  0.6953  0.5289
 4193.420  0.6846  0.5155
 4193.440  0.6673  0.5011
 4193.460  0.6429  0.4855
 4193.480  0.6156  0.4723
 4193.500  0.5874  0.4605
 4193.520  0.5578  0.4442
 4193.540  0.5339  0.4258
 4193.560 -1.0000  0.4137
 4193.580 -1.0000 -1.0000
 4193.600 -1.0000 -1.0000
 4193.620 -1.0000 -1.0000
 4193.640 -1.0000 -1.0000
 4193.660 -1.0000 -1.0000
 4193.680 -1.0000  0.4199
 4193.700 -1.0000 -1.0000
 4193.720 -1.0000 -1.0000
 4193.740 -1.0000 -1.0000
 4193.760 -1.0000 -1.0000
 4193.780 -1.0000 -1.0000
 4193.800 -1.0000 -1.0000
 4193.820 -1.0000 -1.0000
 4193.840 -1.0000 -1.0000
 4193.860 -1.0000 -1.0000
 4193.880 -1.0000 -1.0000
 4193.900 -1.0000 -1.0000
 4193.920 -1.0000 -1.0000
 4193.940 -1.0000 -1.0000
 4193.960 -1.0000 -1.0000
 4193.980 -1.0000 -1.0000
 4194.000 -1.0000  0.5034
 4194.020 -1.0000  0.5146
 4194.040 -1.0000  0.5295
 4194.060 -1.0000  0.5401
 4194.080 -1.0000  0.5429
 4194.100 -1.0000  0.5430
 4194.120 -1.0000  0.5447
 4194.140 -1.0000  0.5465
 4194.160 -1.0000  0.5455
 4194.180 -1.0000  0.5413
 4194.200 -1.0000  0.5374
 4194.220 -1.0000  0.5362
 4194.240 -1.0000 -1.0000
 4194.260 -1.0000 -1.0000
 4194.280 -1.0000 -1.0000
 4194.300 -1.0000 -1.0000
 4194.320 -1.0000 -1.0000
 4194.340 -1.0000 -1.0000
 4194.360 -1.0000 -1.0000
 4194.380 -1.0000 -1.0000
 4194.400 -1.0000 -1.0000
 4194.420 -1.0000 -1.0000
 4194.440 -1.0000 -1.0000
 4194.460 -1.0000 -1.0000
 4194.480 -1.0000 -1.0000
 4194.500 -1.0000 -1.0000
 4194.520 -1.0000 -1.0000
 4194.540 -1.0000 -1.0000
 4194.560 -1.0000 -1.0000
 4194.580 -1.0000 -1.0000
 4194.600 -1.0000 -1.0000
 4194.620 -1.0000 -1.0000
 4194.640 -1.0000 -1.0000
 4194.660 -1.0000 -1.0000
 4194.680 -1.0000 -1.0000
 4194.700 -1.0000 -1.0000
 4194.720 -1.0000 -1.0000
 4194.740 -1.0000 -1.0000
 4194.760 -1.0000 -1.0000
 4194.780 -1.0000 -1.0000
 4194.800 -1.0000 -1.0000
 4194.820 -1.0000 -1.0000
 4194.840 -1.0000 -1.0000
 4194.860 -1.0000 -1.0000
 4194.880 -1.0000 -1.0000
 4194.900 -1.0000 -1.0000
 4194.920 -1.0000  0.3907
 4194.940 -1.0000  0.3934
 4194.960 -1.0000  0.3991
 4194.980 -1.0000  0.4034
 4195.000 -1.0000  0.4083
 4195.020 -1.0000  0.4224
 4195.040 -1.0000  0.4453
 4195.060 -1.0000  0.4637
 4195.080  0.2907  0.4670
 4195.100  0.2846  0.4582
 4195.120  0.2741  0.4506
 4195.140  0.2685  0.4542
 4195.160  0.2734  0.4643
 4195.180  0.2801  0.4688
 4195.200  0.2788  0.4666
 4195.220  0.2749  0.4653
 4195.240  0.2806  0.4658
 4195.260  0.2968  0.4625
 4195.280  0.3149  0.4553
 4195.300  0.3282  0.4478
 4195.320  0.3351  0.4420
 4195.340 -1.0000  0.4393
 4195.360 -1.0000  0.4419
 4195.380 -1.0000  0.4452
 4195.400 -1.0000  0.4396
 4195.420 -1.0000  0.4258
 4195.440 -1.0000  0.4153
 4195.460 -1.0000  0.4146
 4195.480 -1.0000  0.4197
 4195.500 -1.0000 -1.0000
 4195.520 -1.0000 -1.0000
 4195.540 -1.0000 -1.0000
 4195.560 -1.0000 -1.0000
 4195.580 -1.0000 -1.0000
 4195.600 -1.0000 -1.0000
 4195.620 -1.0000 -1.0000
 4195.640 -1.0000 -1.0000
 4195.660 -1.0000 -1.0000
 4195.680 -1.0000 -1.0000
 4195.700 -1.0000 -1.0000
 4195.720 -1.0000 -1.0000
 4195.740 -1.0000 -1.0000
 4195.760 -1.0000 -1.0000
 4195.780 -1.0000 -1.0000
 4195.800 -1.0000 -1.0000
 4195.820 -1.0000 -1.0000
 4195.840 -1.0000 -1.0000
 4195.860 -1.0000 -1.0000
 4195.880 -1.0000 -1.0000
 4195.900 -1.0000 -1.0000
 4195.920 -1.0000 -1.0000
 4195.940 -1.0000 -1.0000
 4195.960 -1.0000 -1.0000
 4195.980 -1.0000 -1.0000
 4196.000 -1.0000 -1.0000
 4196.020 -1.0000 -1.0000
 4196.040 -1.0000 -1.0000
 4196.060 -1.0000 -1.0000
 4196.080 -1.0000  0.7653
 4196.100 -1.0000  0.7544
 4196.120  0.4035  0.7348
 4196.140  0.4021  0.7070
 4196.160  0.4016  0.6710
 4196.180  0.3979  0.6272
 4196.200  0.3891  0.5803
 4196.220  0.3857  0.5370
 4196.240  0.3925  0.4992
 4196.260  0.3988  0.4658
 4196.280  0.3989  0.4412
 4196.300 -1.0000 -1.0000
 4196.320 -1.0000 -1.0000
 4196.340 -1.0000 -1.0000
 4196.360 -1.0000 -1.0000
 4196.380 -1.0000 -1.0000
 4196.400 -1.0000 -1.0000
 4196.420 -1.0000 -1.0000
 4196.440 -1.0000 -1.0000
 4196.460 -1.0000 -1.0000
 4196.480 -1.0000 -1.0000
 4196.500  0.4373  0.4321
 4196.520  0.4701  0.4674
 4196.540  0.5158  0.5134
 4196.560  0.5603  0.5592
 4196.580  0.5988  0.6036
 4196.600  0.6366  0.6503
 4196.620  0.6772  0.7008
 4196.640  0.7171  0.7525
 4196.660  0.7488  0.7989
 4196.680  0.7661  0.8335
 4196.700  0.7688  0.8536
 4196.720  0.7587  0.8596
 4196.740  0.7348  0.8517
 4196.760  0.6999  0.8301
 4196.780  0.6601  0.7973
 4196.800  0.6161  0.7591
 4196.820  0.5702  0.7197
 4196.840  0.5295  0.6758
 4196.860  0.4970  0.6258
 4196.880  0.4699  0.5800
 4196.900  0.4453  0.5519
 4196.920  0.4264  0.5431
 4196.940  0.4161  0.5444
 4196.960  0.4112  0.5463
 4196.980  0.4095  0.5516
 4197.000 -1.0000  0.5692
 4197.020 -1.0000  0.5969
 4197.040 -1.0000 -1.0000
 4197.060 -1.0000 -1.0000
 4197.080 -1.0000 -1.0000
 4197.100 -1.0000 -1.0000
 4197.120 -1.0000 -1.0000
 4197.140 -1.0000 -1.0000
 4197.160 -1.0000 -1.0000
 4197.180 -1.0000 -1.0000
 4197.200 -1.0000  0.9998
 4197.220 -1.0000  0.9920
 4197.240 -1.0000  0.9793
 4197.260 -1.0000  0.9646
 4197.280 -1.0000  0.9459
 4197.300 -1.0000  0.9288
 4197.320  0.8006  0.9181
 4197.340  0.8012  0.9081
 4197.360  0.8001  0.8956
 4197.380  0.7904  0.8894
 4197.400  0.7684  0.8950
 4197.420  0.7395  0.9044
 4197.440  0.7085  0.9064
 4197.460  0.6728  0.8971
 4197.480  0.6343  0.8836
 4197.500  0.6026  0.8754
 4197.520  0.5790  0.8727
 4197.540  0.5589  0.8672
 4197.560  0.5447  0.8550
 4197.580  0.5420  0.8382
 4197.600  0.5547  0.8192
 4197.620  0.5830  0.8004
 4197.640  0.6248  0.7842
 4197.660  0.6731  0.7725
 4197.680  0.7206  0.7676
 4197.700  0.7662  0.7719
 4197.720  0.8051  0.7866
 4197.740 -1.0000  0.8104
 4197.760 -1.0000  0.8389
 4197.780 -1.0000  0.8677
 4197.800 -1.0000  0.8965
 4197.820 -1.0000  0.9254
 4197.840 -1.0000  0.9514
 4197.860  0.8913  0.9700
 4197.880  0.8776  0.9792
 4197.900  0.8604  0.9797
 4197.920  0.8447  0.9727
 4197.940  0.8340  0.9579
 4197.960  0.8325  0.9363
 4197.980  0.8398  0.9110
 4198.000  0.8518  0.8848
 4198.020  0.8655  0.8557
 4198.040  0.8780  0.8200
 4198.060  0.8847  0.7783
 4198.080  0.8805  0.7346
 4198.100  0.8655  0.6915
 4198.120  0.8498  0.6500
 4198.140  0.8413  0.6113
 4198.160  0.8346  0.5760
 4198.180  0.8213  0.5432
 4198.200  0.8047  0.5129
 4198.220  0.7905  0.4880
 4198.240  0.7774  0.4710
 4198.260  0.7654  0.4621
 4198.280  0.7566  0.4592
 4198.300  0.7518  0.4601
 4198.320  0.7527  0.4641
 4198.340  0.7608  0.4722
 4198.360  0.7784  0.4857
 4198.380  0.8072  0.5057
 4198.400  0.8423  0.5330
 4198.420  0.8749  0.5659
 4198.440  0.8987  0.5998
 4198.460  0.9129  0.6336
 4198.480  0.9223  0.6738
 4198.500  0.9282  0.7251
 4198.520  0.9266  0.7820
 4198.540  0.9161  0.8357
 4198.560  0.8985  0.8784
 4198.580  0.8751  0.9055
 4198.600  0.8485  0.9177
 4198.620  0.8230  0.9177
 4198.640  0.7997  0.9047
 4198.660  0.7721  0.8773
 4198.680  0.7368  0.8393
 4198.700  0.6977  0.7968
 4198.720  0.6576  0.7520
 4198.740  0.6165  0.7043
 4198.760  0.5774  0.6548
 4198.780  0.5476  0.6082
 4198.800  0.5290  0.5690
 4198.820  0.5151  0.5371
 4198.840  0.5029  0.5120
 4198.860  0.4951  0.4962
 4198.880  0.4889  0.4916
 4198.900  0.4806  0.4953
 4198.920  0.4740  0.5030
 4198.940  0.4743  0.5110
 4198.960  0.4820  0.5187
 4198.980  0.4938  0.5267
 4199.000  0.5092  0.5335
 4199.020  0.5312  0.5342
 4199.040  0.5638  0.5248
 4199.060  0.6065  0.5060
 4199.080  0.6515  0.4809
 4199.100  0.6949  0.4514
 4199.120  0.7390  0.4200
 4199.140  0.7812  0.3897
 4199.160  0.8184  0.3611
 4199.180  0.8483  0.3327
 4199.200  0.8662  0.3061
 4199.220  0.8713  0.2853
 4199.240  0.8674  0.2708
 4199.260  0.8566  0.2599
 4199.280  0.8382  0.2515
 4199.300  0.8133  0.2466
 4199.320  0.7839  0.2454
 4199.340  0.7472  0.2478
 4199.360  0.7033  0.2539
 4199.380  0.6605  0.2640
 4199.400  0.6240  0.2804
 4199.420  0.5914  0.3069
 4199.440  0.5595  0.3414
 4199.460  0.5293  0.3780
 4199.480  0.5061  0.4125
 4199.500  0.4936  0.4431
 4199.520  0.4918  0.4705
 4199.540  0.4972  0.4966
 4199.560  0.5048  0.5210
 4199.580  0.5120  0.5393
 4199.600  0.5189  0.5458
 4199.620  0.5238  0.5400
 4199.640  0.5235  0.5289
 4199.660  0.5158  0.5218
 4199.680  0.4995  0.5233
 4199.700  0.4760  0.5321
 4199.720  0.4474  0.5460
 4199.740  0.4158  0.5673
 4199.760  0.3858  0.5996
 4199.780  0.3621  0.6436
 4199.800  0.3439  0.6938
 4199.820  0.3255  0.7409
 4199.840  0.3040  0.7821
 4199.860  0.2867  0.8259
 4199.880  0.2787  0.8762
 4199.900  0.2736  0.9255
 4199.920  0.2670  0.9655
 4199.940  0.2631  0.9940
 4199.960  0.2658  1.0122
 4199.980  0.2730  1.0205
 4200.000  0.2818  1.0191
 4200.020  0.2919  1.0127
 4200.040  0.3026  1.0108
 4200.060 -1.0000  1.0186
 4200.080 -1.0000  1.0295
 4200.100 -1.0000  1.0342
 4200.120 -1.0000 -1.0000
 4200.140 -1.0000 -1.0000
 4200.160 -1.0000 -1.0000
 4200.180 -1.0000 -1.0000
 4200.200 -1.0000 -1.0000
 4200.220 -1.0000 -1.0000
 4200.240 -1.0000 -1.0000
 4200.260 -1.0000 -1.0000
 4200.280 -1.0000 -1.0000
 4200.300 -1.0000 -1.0000
 4200.320 -1.0000 -1.0000
 4200.340 -1.0000  0.8760
 4200.360 -1.0000  0.8501
 4200.380 -1.0000  0.8187
 4200.400 -1.0000  0.7925
 4200.420  0.7031  0.7766
 4200.440  0.7419  0.7719
 4200.460  0.7900  0.7790
 4200.480  0.8389  0.7969
 4200.500  0.8841  0.8205
 4200.520  0.9225  0.8458
 4200.540  0.9525  0.8763
 4200.560  0.9727  0.9153
 4200.580  0.9818  0.9534
 4200.600  0.9825  0.9781
 4200.620  0.9780  0.9898
 4200.640  0.9672  0.9963
 4200.660  0.9523  0.9996
 4200.680  0.9407  0.9957
 4200.700  0.9355  0.9848
 4200.720  0.9340  0.9705
 4200.740 -1.0000 -1.0000
 4200.760 -1.0000 -1.0000
 4200.780 -1.0000 -1.0000
 4200.800 -1.0000 -1.0000
 4200.820 -1.0000 -1.0000
 4200.840 -1.0000 -1.0000
 4200.860 -1.0000 -1.0000
 4200.880 -1.0000 -1.0000
 4200.900 -1.0000 -1.0000
 4200.920 -1.0000  0.5323
 4200.940 -1.0000  0.5341
 4200.960 -1.0000  0.5422
 4200.980 -1.0000  0.5464
 4201.000  0.7634  0.5489
 4201.020  0.7493  0.5588
 4201.040  0.7368  0.5806
 4201.060  0.7338  0.6129
 4201.080  0.7441  0.6516
 4201.100  0.7695  0.6944
 4201.120  0.8089  0.7428
 4201.140  0.8534  0.7972
 4201.160  0.8932  0.8533
 4201.180  0.9253  0.9055
 4201.200  0.9495  0.9488
 4201.220  0.9651  0.9793
 4201.240  0.9714  0.9949
 4201.260  0.9699  0.9976
 4201.280  0.9639  0.9944
 4201.300  0.9556  0.9908
 4201.320 -1.0000 -1.0000
 4201.340 -1.0000 -1.0000
 4201.360 -1.0000 -1.0000
 4201.380 -1.0000 -1.0000
 4201.400 -1.0000 -1.0000
 4201.420 -1.0000 -1.0000
 4201.440 -1.0000 -1.0000
 4201.460 -1.0000 -1.0000
 4201.480 -1.0000  0.8268
 4201.500  0.6454  0.8123
 4201.520  0.6226  0.8054
 4201.540  0.5958  0.8043
 4201.560  0.5721  0.8002
 4201.580  0.5569  0.7908
 4201.600  0.5511  0.7758
 4201.620  0.5541  0.7512
 4201.640  0.5664  0.7200
 4201.660  0.5890  0.6931
 4201.680  0.6210  0.6713
 4201.700  0.6605  0.6437
 4201.720  0.7074  0.6104
 4201.740  0.7596  0.5853
 4201.760  0.8047  0.5728
 4201.780 -1.0000 -1.0000
 4201.800 -1.0000 -1.0000
 4201.820 -1.0000 -1.0000
 4201.840 -1.0000 -1.0000
 4201.860 -1.0000 -1.0000
 4201.880 -1.0000 -1.0000
 4201.900 -1.0000 -1.0000
 4201.920 -1.0000  0.3892
 4201.940  0.9455  0.3830
 4201.960  0.9288  0.3816
 4201.980  0.8993  0.3863
 4202.000  0.8665  0.3948
 4202.020  0.8365  0.4041
 4202.040  0.8114  0.4150
 4202.060  0.7914  0.4265
 4202.080  0.7742  0.4329
 4202.100  0.7590  0.4309
 4202.120 -1.0000  0.4246
 4202.140 -1.0000  0.4208
 4202.160 -1.0000 -1.0000
 4202.180 -1.0000 -1.0000
 4202.200 -1.0000 -1.0000
 4202.220 -1.0000 -1.0000
 4202.240 -1.0000 -1.0000
 4202.260 -1.0000 -1.0000
 4202.280 -1.0000 -1.0000
 4202.300 -1.0000 -1.0000
 4202.320 -1.0000 -1.0000
 4202.340 -1.0000 -1.0000
 4202.360 -1.0000  0.5777
 4202.380 -1.0000  0.6011
 4202.400 -1.0000  0.6325
 4202.420 -1.0000  0.6683
 4202.440 -1.0000  0.7045
 4202.460 -1.0000  0.7350
 4202.480 -1.0000  0.7547
 4202.500  0.4529  0.7610
 4202.520  0.4348  0.7516
 4202.540  0.4133  0.7279
 4202.560  0.3980  0.6978
 4202.580  0.3934  0.6673
 4202.600  0.3970  0.6336
 4202.620  0.4060  0.5924
 4202.640  0.4162  0.5484
 4202.660  0.4244  0.5129
 4202.680  0.4318  0.4943
 4202.700  0.4388  0.4899
 4202.720  0.4425  0.4880
 4202.740  0.4439  0.4823
 4202.760  0.4455  0.4803
 4202.780  0.4462  0.4895
 4202.800  0.4429  0.5057
 4202.820  0.4367  0.5240
 4202.840  0.4318  0.5487
 4202.860  0.4323  0.5835
 4202.880  0.4403  0.6246
 4202.900  0.4538  0.6662
 4202.920  0.4717  0.7074
 4202.940  0.4960  0.7513
 4202.960  0.5277  0.8001
 4202.980 -1.0000 -1.0000
 4203.000 -1.0000 -1.0000
 4172.000  0.0000  0.0000
 4172.020  0.0000  0.0000
 4172.040 -0.0110  0.0158
 4172.060 -0.0129  0.0288
 4172.080 -0.0027  0.0390
 4172.100  0.0086  0.0441
 4172.120  0.0140  0.0412
 4172.140  0.0096  0.0312
 4172.160 -0.0039  0.0214
 4172.180 -0.0256  0.0188
 4172.200 -0.0625  0.0233
 4172.220 -0.0490  0.0270
 4172.240  0.1502  0.0420
 4172.260  0.4343  0.0957
 4172.280  0.4711  0.1441
 4172.300  0.2416  0.1212
 4172.320  0.0502  0.0651
 4172.340  0.0132  0.0368
 4172.360  0.0987  0.0450
 4172.380  0.3143  0.0892
 4172.400  0.4985  0.1429
 4172.420  0.4405  0.1565
 4172.440  0.2258  0.1206
 4172.460  0.0563  0.0702
 4172.480 -0.0159  0.0367
 4172.500 -0.0267  0.0236
 4172.520 -0.0161  0.0200
 4172.540 -0.0104  0.0183
 4172.560 -0.0125  0.0156
 4172.580 -0.0134  0.0108
 4172.600 -0.0105  0.0041
 4172.620 -0.0067 -0.0027
 4172.640 -0.0025 -0.0069
 4172.660  0.0003 -0.0063
 4172.680 -0.0003 -0.0018
 4172.700 -0.0021  0.0017
 4172.720 -0.0012 -0.0030
 4172.740  0.0028 -0.0161
 4172.760  0.0070 -0.0267
 4172.780  0.0069 -0.0252
 4172.800  0.0015 -0.0146
 4172.820 -0.0038 -0.0042
 4172.840 -0.0042  0.0006
 4172.860 -0.0035  0.0016
 4172.880 -0.0062  0.0026
 4172.900 -0.0090  0.0029
 4172.920 -0.0079 -0.0020
 4172.940 -0.0063 -0.0110
 4172.960 -0.0085 -0.0171
 4172.980 -0.0111 -0.0165
 4173.000 -0.0100 -0.0104
 4173.020 -0.0070  0.0012
 4173.040 -0.0054  0.0158
 4173.060 -0.0054  0.0239
 4173.080 -0.0072  0.0178
 4173.100 -0.0103  0.0036
 4173.120 -0.0117 -0.0060
 4173.140 -0.0097 -0.0064
 4173.160 -0.0062 -0.0022
 4173.180 -0.0047  0.0000
 4173.200 -0.0061 -0.0004
 4173.220 -0.0076  0.0021
 4173.240 -0.0089  0.0081
 4173.260 -0.0094  0.0096
 4173.280 -0.0072  0.0034
 4173.300 -0.0059 -0.0036
 4173.320 -0.0083 -0.0056
 4173.340 -0.0096 -0.0042
 4173.360 -0.0069 -0.0004
 4173.380 -0.0030  0.0073
 4173.400 -0.0012  0.0157
 4173.420 -0.0013  0.0192
 4173.440 -0.0013  0.0175
 4173.460 -0.0009  0.0157
 4173.480 -0.0010  0.0168
 4173.500 -0.0015  0.0197
 4173.520 -0.0027  0.0211
 4173.540 -0.0036  0.0202
 4173.560 -0.0024  0.0193
 4173.580 -0.0020  0.0194
 4173.600 -0.0049  0.0168
 4173.620 -0.0085  0.0103
 4173.640 -0.0094  0.0062
 4173.660 -0.0073  0.0086
 4173.680 -0.0051  0.0132
 4173.700 -0.0052  0.0139
 4173.720 -0.0049  0.0098
 4173.740 -0.0021  0.0042
 4173.760  0.0015  0.0006
 4173.780  0.0040  0.0009
 4173.800  0.0051  0.0040
 4173.820  0.0049  0.0067
 4173.840  0.0047  0.0064
 4173.860  0.0049  0.0042
 4173.880  0.0053  0.0028
 4173.900  0.0056  0.0028
 4173.920  0.0044  0.0031
 4173.940  0.0009  0.0022
 4173.960 -0.0021  0.0006
 4173.980 -0.0023 -0.0006
 4174.000 -0.0018 -0.0005
 4174.020 -0.0029  0.0007
 4174.040 -0.0035  0.0022
 4174.060 -0.0004  0.0036
 4174.080  0.0037  0.0041
 4174.100  0.0050  0.0026
 4174.120  0.0036 -0.0008
 4174.140  0.0001 -0.0046
 4174.160 -0.0047 -0.0065
 4174.180 -0.0077 -0.0048
 4174.200 -0.0077 -0.0006
 4174.220 -0.0067  0.0028
 4174.240 -0.0058  0.0017
 4174.260 -0.0048 -0.0040
 4174.280 -0.0042 -0.0092
 4174.300 -0.0042 -0.0088
 4174.320 -0.0044 -0.0051
 4174.340 -0.0060 -0.0037
 4174.360 -0.0080 -0.0046
 4174.380 -0.0050 -0.0046
 4174.400  0.0001 -0.0042
 4174.420 -0.0014 -0.0060
 4174.440 -0.0054 -0.0092
 4174.460 -0.0028 -0.0089
 4174.480  0.0032 -0.0007
 4174.500  0.0036  0.0107
 4174.520 -0.0017  0.0144
 4174.540 -0.0056  0.0084
 4174.560 -0.0049  0.0013
 4174.580 -0.0021  0.0013
 4174.600  0.0016  0.0079
 4174.620  0.0055  0.0140
 4174.640  0.0055  0.0123
 4174.660 -0.0002  0.0039
 4174.680 -0.0047 -0.0028
 4174.700 -0.0036 -0.0016
 4174.720 -0.0012  0.0066
 4174.740 -0.0007  0.0154
 4174.760 -0.0010  0.0201
 4174.780 -0.0013  0.0227
 4174.800 -0.0015  0.0265
 4174.820 -0.0013  0.0291
 4174.840 -0.0011  0.0268
 4174.860 -0.0006  0.0210
 4174.880  0.0004  0.0153
 4174.900 -0.0001  0.0119
 4174.920 -0.0019  0.0114
 4174.940 -0.0017  0.0139
 4174.960 -0.0007  0.0172
 4174.980 -0.0012  0.0176
 4175.000 -0.0016  0.0151
 4175.020 -0.0011  0.0136
 4175.040 -0.0009  0.0156
 4175.060 -0.0012  0.0187
 4175.080 -0.0019  0.0188
 4175.100 -0.0018  0.0149
 4175.120  0.0004  0.0115
 4175.140  0.0031  0.0135
 4175.160  0.0053  0.0178
 4175.180  0.0070  0.0169
 4175.200  0.0041  0.0108
 4175.220 -0.0036  0.0068
 4175.240 -0.0092  0.0074
 4175.260 -0.0072  0.0102
 4175.280 -0.0011  0.0131
 4175.300  0.0012  0.0140
 4175.320 -0.0007  0.0104
 4175.340 -0.0012  0.0038
 4175.360 -0.0002 -0.0002
 4175.380 -0.0009  0.0020
 4175.400 -0.0013  0.0076
 4175.420 -0.0002  0.0132
 4175.440 -0.0002  0.0177
 4175.460 -0.0005  0.0200
 4175.480  0.0014  0.0174
 4175.500  0.0031  0.0086
 4175.520  0.0029 -0.0025
 4175.540  0.0037 -0.0073
 4175.560  0.0048 -0.0013
 4175.580  0.0026  0.0078
 4175.600 -0.0016  0.0091
 4175.620 -0.0033  0.0027
 4175.640 -0.0014 -0.0039
 4175.660  0.0008 -0.0065
 4175.680  0.0016 -0.0062
 4175.700  0.0032 -0.0054
 4175.720  0.0043 -0.0048
 4175.740  0.0019 -0.0028
 4175.760 -0.0023  0.0023
 4175.780 -0.0050  0.0096
 4175.800 -0.0047  0.0154
 4175.820 -0.0027  0.0161
 4175.840 -0.0012  0.0126
 4175.860 -0.0011  0.0095
 4175.880 -0.0036  0.0106
 4175.900 -0.0076  0.0156
 4175.920 -0.0088  0.0204
 4175.940 -0.0068  0.0211
 4175.960 -0.0049  0.0181
 4175.980 -0.0039  0.0150
 4176.000 -0.0034  0.0142
 4176.020 -0.0038  0.0159
 4176.040 -0.0052  0.0186
 4176.060 -0.0063  0.0202
 4176.080 -0.0052  0.0181
 4176.100 -0.0035  0.0120
 4176.120 -0.0053  0.0048
 4176.140 -0.0082  0.0009
 4176.160 -0.0076  0.0030
 4176.180 -0.0064  0.0093
 4176.200 -0.0073  0.0149
 4176.220 -0.0055  0.0158
 4176.240 -0.0004  0.0120
 4176.260  0.0013  0.0074
 4176.280 -0.0007  0.0050
 4176.300 -0.0043  0.0024
 4176.320 -0.0127 -0.0053
 4176.340 -0.0274 -0.0147
 4176.360 -0.0447 -0.0154
 4176.380 -0.0535 -0.0038
 4176.400 -0.0442  0.0125
 4176.420 -0.0278  0.0241
 4176.440 -0.0187  0.0282
 4176.460 -0.0136  0.0254
 4176.480 -0.0081  0.0182
 4176.500 -0.0048  0.0117
 4176.520 -0.0044  0.0092
 4176.540 -0.0030  0.0088
 4176.560  0.0004  0.0055
 4176.580  0.0023 -0.0036
 4176.600  0.0039 -0.0115
 4176.620  0.0078 -0.0056
 4176.640  0.0056  0.0108
 4176.660 -0.0059  0.0165
 4176.680 -0.0135  0.0048
 4176.700 -0.0098 -0.0088
 4176.720 -0.0027 -0.0118
 4176.740  0.0005 -0.0060
 4176.760  0.0008  0.0009
 4176.780  0.0015  0.0043
 4176.800  0.0014  0.0049
 4176.820 -0.0015  0.0062
 4176.840 -0.0061  0.0092
 4176.860 -0.0084  0.0117
 4176.880 -0.0068  0.0116
 4176.900 -0.0052  0.0089
 4176.920 -0.0048  0.0058
 4176.940 -0.0025  0.0053
 4176.960  0.0000  0.0091
 4176.980 -0.0013  0.0155
 4177.000 -0.0051  0.0201
 4177.020 -0.0057  0.0214
 4177.040 -0.0017  0.0218
 4177.060  0.0010  0.0216
 4177.080 -0.0008  0.0173
 4177.100 -0.0028  0.0074
 4177.120 -0.0024 -0.0037
 4177.140 -0.0016 -0.0097
 4177.160 -0.0012 -0.0080
 4177.180 -0.0009 -0.0027
 4177.200 -0.0024 -0.0001
 4177.220 -0.0045 -0.0019
 4177.240 -0.0041 -0.0052
 4177.260 -0.0028 -0.0071
 4177.280 -0.0024 -0.0068
 4177.300 -0.0022 -0.0054
 4177.320 -0.0027 -0.0033
 4177.340 -0.0029 -0.0004
 4177.360 -0.0015  0.0030
 4177.380 -0.0002  0.0053
 4177.400 -0.0006  0.0064
 4177.420 -0.0015  0.0082
 4177.440 -0.0014  0.0100
 4177.460  0.0005  0.0084
 4177.480  0.0029  0.0036
 4177.500  0.0023  0.0006
 4177.520 -0.0009  0.0029
 4177.540 -0.0026  0.0074
 4177.560 -0.0014  0.0079
 4177.580  0.0007  0.0024
 4177.600  0.0010 -0.0032
 4177.620 -0.0019 -0.0016
 4177.640 -0.0059  0.0059
 4177.660 -0.0078  0.0119
 4177.680 -0.0065  0.0137
 4177.700 -0.0032  0.0135
 4177.720  0.0006  0.0132
 4177.740  0.0031  0.0125
 4177.760  0.0022  0.0111
 4177.780 -0.0008  0.0100
 4177.800 -0.0011  0.0111
 4177.820  0.0008  0.0144
 4177.840 -0.0003  0.0173
 4177.860 -0.0043  0.0175
 4177.880 -0.0040  0.0158
 4177.900  0.0019  0.0147
 4177.920  0.0065  0.0156
 4177.940  0.0055  0.0165
 4177.960  0.0022  0.0149
 4177.980 -0.0005  0.0118
 4178.000 -0.0029  0.0108
 4178.020 -0.0045  0.0129
 4178.040 -0.0029  0.0154
 4178.060  0.0002  0.0148
 4178.080  0.0014  0.0109
 4178.100 -0.0001  0.0081
 4178.120 -0.0021  0.0095
 4178.140 -0.0038  0.0120
 4178.160 -0.0057  0.0104
 4178.180 -0.0066  0.0041
 4178.200 -0.0044 -0.0019
 4178.220 -0.0007 -0.0008
 4178.240  0.0018  0.0085
 4178.260  0.0030  0.0180
 4178.280  0.0036  0.0199
 4178.300  0.0036  0.0165
 4178.320  0.0022  0.0146
 4178.340 -0.0013  0.0175
 4178.360 -0.0049  0.0215
 4178.380 -0.0067  0.0210
 4178.400 -0.0057  0.0167
 4178.420 -0.0031  0.0145
 4178.440 -0.0021  0.0153
 4178.460 -0.0020  0.0153
 4178.480  0.0009  0.0148
 4178.500  0.0053  0.0172
 4178.520  0.0061  0.0215
 4178.540  0.0036  0.0223
 4178.560  0.0006  0.0178
 4178.580 -0.0012  0.0118
 4178.600 -0.0004  0.0091
 4178.620  0.0011  0.0098
 4178.640  0.0003  0.0088
 4178.660 -0.0023  0.0045
 4178.680 -0.0035  0.0028
 4178.700 -0.0027  0.0059
 4178.720 -0.0020  0.0084
 4178.740 -0.0008  0.0075
 4178.760  0.0032  0.0069
 4178.780  0.0058  0.0071
 4178.800  0.0017  0.0048
 4178.820 -0.0034 -0.0001
 4178.840 -0.0019 -0.0019
 4178.860  0.0035  0.0028
 4178.880  0.0062  0.0109
 4178.900  0.0053  0.0149
 4178.920  0.0042  0.0112
 4178.940  0.0038  0.0058
 4178.960  0.0035  0.0053
 4178.980  0.0048  0.0076
 4179.000  0.0072  0.0079
 4179.020  0.0075  0.0070
 4179.040  0.0039  0.0070
 4179.060 -0.0008  0.0055
 4179.080 -0.0028  0.0008
 4179.100 -0.0010 -0.0028
 4179.120  0.0016  0.0003
 4179.140  0.0013  0.0104
 4179.160 -0.0003  0.0202
 4179.180  0.0004  0.0211
 4179.200  0.0017  0.0132
 4179.220  0.0020  0.0055
 4179.240  0.0024  0.0054
 4179.260  0.0012  0.0115
 4179.280 -0.0021  0.0165
 4179.300 -0.0023  0.0160
 4179.320  0.0019  0.0140
 4179.340  0.0054  0.0154
 4179.360  0.0058  0.0167
 4179.380  0.0041  0.0127
 4179.400  0.0009  0.0064
 4179.420 -0.0013  0.0045
 4179.440 -0.0011  0.0083
 4179.460 -0.0004  0.0140
 4179.480  0.0008  0.0172
 4179.500  0.0033  0.0174
 4179.520  0.0047  0.0173
 4179.540  0.0030  0.0177
 4179.560 -0.0006  0.0173
 4179.580 -0.0039  0.0183
 4179.600 -0.0041  0.0242
 4179.620 -0.0011  0.0314
 4179.640  0.0004  0.0308
 4179.660  0.0000  0.0219
 4179.680  0.0014  0.0138
 4179.700  0.0024  0.0126
 4179.720 -0.0001  0.0162
 4179.740 -0.0014  0.0185
 4179.760  0.0006  0.0154
 4179.780  0.0008  0.0085
 4179.800 -0.0004  0.0039
 4179.820 -0.0001  0.0056
 4179.840 -0.0003  0.0125
 4179.860 -0.0002  0.0189
 4179.880  0.0006  0.0196
 4179.900 -0.0020  0.0140
 4179.920 -0.0069  0.0067
 4179.940 -0.0102  0.0036
 4179.960 -0.0095  0.0051
 4179.980 -0.0050  0.0057
 4180.000 -0.0001  0.0035
 4180.020  0.0029  0.0026
 4180.040  0.0040  0.0044
 4180.060  0.0023  0.0055
 4180.080  0.0003  0.0037
 4180.100  0.0001  0.0003
 4180.120 -0.0004 -0.0048
 4180.140 -0.0017 -0.0117
 4180.160 -0.0020 -0.0180
 4180.180  0.0005 -0.0198
 4180.200  0.0058 -0.0168
 4180.220  0.0091 -0.0120
 4180.240  0.0063 -0.0091
 4180.260  0.0023 -0.0083
 4180.280  0.0025 -0.0059
 4180.300  0.0036 -0.0008
 4180.320  0.0029  0.0030
 4180.340  0.0023  0.0032
 4180.360  0.0024  0.0026
 4180.380  0.0020  0.0033
 4180.400 -0.0009  0.0034
 4180.420 -0.0037  0.0030
 4180.440 -0.0021  0.0052
 4180.460  0.0011  0.0105
 4180.480  0.0011  0.0151
 4180.500 -0.0008  0.0161
 4180.520 -0.0017  0.0144
 4180.540 -0.0010  0.0122
 4180.560  0.0002  0.0110
 4180.580  0.0012  0.0099
 4180.600  0.0024  0.0088
 4180.620  0.0042  0.0106
 4180.640  0.0058  0.0164
 4180.660  0.0058  0.0204
 4180.680  0.0045  0.0176
 4180.700  0.0021  0.0102
 4180.720 -0.0014  0.0034
 4180.740 -0.0046 -0.0013
 4180.760 -0.0045 -0.0041
 4180.780 -0.0013 -0.0048
 4180.800  0.0008 -0.0024
 4180.820 -0.0011  0.0021
 4180.840 -0.0050  0.0047
 4180.860 -0.0068  0.0022
 4180.880 -0.0046 -0.0025
 4180.900 -0.0001 -0.0029
 4180.920  0.0059  0.0014
 4180.940  0.0117  0.0052
 4180.960  0.0125  0.0058
 4180.980  0.0085  0.0059
 4181.000  0.0044  0.0093
 4181.020  0.0021  0.0154
 4181.040  0.0017  0.0189
 4181.060  0.0042  0.0173
 4181.080  0.0055  0.0170
 4181.100  0.0029  0.0233
 4181.120  0.0015  0.0308
 4181.140  0.0038  0.0293
 4181.160  0.0096  0.0162
 4181.180  0.0124  0.0001
 4181.200 -0.0002 -0.0056
 4181.220 -0.0168  0.0044
 4181.240 -0.0093  0.0209
 4181.260  0.0220  0.0287
 4181.280  0.0484  0.0178
 4181.300  0.0504 -0.0093
 4181.320  0.0522 -0.0322
 4181.340  0.0867 -0.0200
 4181.360  0.0992  0.0457
 4181.380  0.0273  0.1291
 4181.400 -0.0485  0.1460
 4181.420 -0.0435  0.0819
 4181.440 -0.0093  0.0192
 4181.460  0.0008  0.0005
 4181.480 -0.0007  0.0015
 4181.500  0.0021  0.0092
 4181.520  0.0150  0.0265
 4181.540  0.0353  0.0569
 4181.560  0.0747  0.1147
 4181.580  0.1487  0.1952
 4181.600  0.1823  0.2431
 4181.620  0.0940  0.2119
 4181.640 -0.0198  0.1332
 4181.660 -0.0301  0.0756
 4181.680  0.0074  0.0619
 4181.700 -0.0020  0.0641
 4181.720 -0.0255  0.0507
 4181.740 -0.0156  0.0164
 4181.760  0.0042 -0.0170
 4181.780  0.0066 -0.0214
 4181.800 -0.0078  0.0052
 4181.820 -0.0215  0.0350
 4181.840 -0.0164  0.0431
 4181.860 -0.0047  0.0321
 4181.880 -0.0053  0.0180
 4181.900 -0.0114  0.0095
 4181.920 -0.0143  0.0062
 4181.940 -0.0153  0.0050
 4181.960 -0.0143  0.0051
 4181.980 -0.0109  0.0067
 4182.000 -0.0068  0.0091
 4182.020 -0.0043  0.0100
 4182.040 -0.0059  0.0081
 4182.060 -0.0101  0.0055
 4182.080 -0.0100  0.0057
 4182.100 -0.0040  0.0088
 4182.120  0.0013  0.0112
 4182.140  0.0022  0.0113
 4182.160 -0.0003  0.0111
 4182.180 -0.0054  0.0123
 4182.200 -0.0091  0.0134
 4182.220 -0.0082  0.0119
 4182.240 -0.0042  0.0062
 4182.260 -0.0009 -0.0035
 4182.280 -0.0008 -0.0136
 4182.300 -0.0025 -0.0176
 4182.320 -0.0052 -0.0101
 4182.340 -0.0081  0.0054
 4182.360 -0.0079  0.0183
 4182.380 -0.0061  0.0214
 4182.400 -0.0076  0.0175
 4182.420 -0.0104  0.0143
 4182.440 -0.0086  0.0132
 4182.460 -0.0028  0.0085
 4182.480  0.0015  0.0001
 4182.500  0.0023 -0.0026
 4182.520  0.0021  0.0055
 4182.540 -0.0026  0.0175
 4182.560 -0.0138  0.0221
 4182.580 -0.0203  0.0156
 4182.600 -0.0141  0.0058
 4182.620 -0.0039  0.0017
 4182.640  0.0001  0.0035
 4182.660 -0.0013  0.0056
 4182.680 -0.0030  0.0057
 4182.700 -0.0041  0.0051
 4182.720 -0.0055  0.0045
 4182.740 -0.0053  0.0041
 4182.760 -0.0024  0.0050
 4182.780 -0.0012  0.0073
 4182.800 -0.0047  0.0092
 4182.820 -0.0081  0.0094
 4182.840 -0.0073  0.0088
 4182.860 -0.0048  0.0077
 4182.880 -0.0047  0.0055
 4182.900 -0.0061  0.0038
 4182.920 -0.0071  0.0063
 4182.940 -0.0086  0.0124
 4182.960 -0.0099  0.0166
 4182.980 -0.0088  0.0157
 4183.000 -0.0048  0.0120
 4183.020  0.0009  0.0107
 4183.040  0.0038  0.0135
 4183.060  0.0027  0.0149
 4183.080  0.0026  0.0101
 4183.100  0.0032  0.0039
 4183.120  0.0003  0.0037
 4183.140 -0.0049  0.0084
 4183.160 -0.0080  0.0120
 4183.180 -0.0066  0.0120
 4183.200 -0.0028  0.0105
 4183.220  0.0010  0.0104
 4183.240  0.0034  0.0119
 4183.260  0.0028  0.0133
 4183.280  0.0002  0.0135
 4183.300 -0.0016  0.0136
 4183.320 -0.0036  0.0139
 4183.340 -0.0073  0.0128
 4183.360 -0.0096  0.0098
 4183.380 -0.0085  0.0062
 4183.400 -0.0068  0.0036
 4183.420 -0.0068  0.0022
 4183.440 -0.0079  0.0020
 4183.460 -0.0095  0.0026
 4183.480 -0.0105  0.0032
 4183.500 -0.0092  0.0034
 4183.520 -0.0064  0.0045
 4183.540 -0.0048  0.0068
 4183.560 -0.0050  0.0079
 4183.580 -0.0055  0.0060
 4183.600 -0.0043  0.0031
 4183.620 -0.0009  0.0020
 4183.640  0.0018  0.0025
 4183.660  0.0013  0.0020
 4183.680 -0.0004 -0.0015
 4183.700 -0.0010 -0.0051
 4183.720 -0.0028 -0.0044
 4183.740 -0.0064 -0.0010
 4183.760 -0.0079 -0.0030
 4183.780 -0.0072 -0.0126
 4183.800 -0.0087 -0.0195
 4183.820 -0.0116 -0.0105
 4183.840 -0.0104  0.0108
 4183.860 -0.0063  0.0245
 4183.880 -0.0047  0.0201
 4183.900 -0.0066  0.0065
 4183.920 -0.0093 -0.0035
 4183.940 -0.0097 -0.0052
 4183.960 -0.0073 -0.0018
 4183.980 -0.0053  0.0009
 4184.000 -0.0046  0.0000
 4184.020 -0.0029 -0.0026
 4184.040 -0.0007 -0.0020
 4184.060 -0.0003  0.0042
 4184.080 -0.0007  0.0124
 4184.100 -0.0015  0.0155
 4184.120 -0.0026  0.0105
 4184.140 -0.0014  0.0019
 4184.160  0.0026 -0.0052
 4184.180  0.0062 -0.0093
 4184.200  0.0066 -0.0101
 4184.220  0.0034 -0.0069
 4184.240 -0.0012 -0.0009
 4184.260 -0.0038  0.0045
 4184.280 -0.0031  0.0053
 4184.300 -0.0013  0.0008
 4184.320  0.0010 -0.0046
 4184.340  0.0043 -0.0069
 4184.360  0.0034 -0.0074
 4184.380 -0.0066 -0.0081
 4184.400 -0.0160 -0.0056
 4184.420 -0.0136  0.0018
 4184.440 -0.0036  0.0086
 4184.460  0.0047  0.0098
 4184.480  0.0102  0.0066
 4184.500  0.0136  0.0017
 4184.520  0.0110 -0.0037
 4184.540  0.0016 -0.0074
 4184.560 -0.0076 -0.0062
 4184.580 -0.0100 -0.0004
 4184.600 -0.0063  0.0066
 4184.620 -0.0007  0.0108
 4184.640  0.0038  0.0106
 4184.660  0.0062  0.0077
 4184.680  0.0060  0.0054
 4184.700  0.0030  0.0041
 4184.720 -0.0024  0.0024
 4184.740 -0.0079  0.0003
 4184.760 -0.0101 -0.0005
 4184.780 -0.0077  0.0008
 4184.800 -0.0032  0.0032
 4184.820 -0.0003  0.0043
 4184.840  0.0007  0.0032
 4184.860  0.0012  0.0013
 4184.880  0.0017  0.0016
 4184.900  0.0027  0.0056
 4184.920  0.0037  0.0096
 4184.940  0.0023  0.0076
 4184.960 -0.0007  0.0007
 4184.980 -0.0033 -0.0016
 4185.000 -0.0061  0.0055
 4185.020 -0.0078  0.0166
 4185.040 -0.0045  0.0234
 4185.060  0.0020  0.0235
 4185.080  0.0055  0.0205
 4185.100  0.0046  0.0188
 4185.120  0.0034  0.0188
 4185.140  0.0039  0.0188
 4185.160  0.0040  0.0203
 4185.180  0.0014  0.0238
 4185.200 -0.0011  0.0245
 4185.220  0.0020  0.0190
 4185.240  0.0092  0.0120
 4185.260  0.0115  0.0093
 4185.280  0.0061  0.0092
 4185.300  0.0002  0.0076
 4185.320 -0.0018  0.0052
 4185.340 -0.0023  0.0044
 4185.360 -0.0008  0.0052
 4185.380  0.0038  0.0059
 4185.400  0.0061  0.0056
 4185.420  0.0033  0.0049
 4185.440 -0.0014  0.0049
 4185.460 -0.0058  0.0060
 4185.480 -0.0086  0.0075
 4185.500 -0.0075  0.0101
 4185.520 -0.0026  0.0145
 4185.540  0.0035  0.0197
 4185.560  0.0067  0.0234
 4185.580  0.0044  0.0244
 4185.600  0.0006  0.0221
 4185.620 -0.0014  0.0154
 4185.640 -0.0032  0.0072
 4185.660 -0.0048  0.0050
 4185.680 -0.0032  0.0118
 4185.700 -0.0007  0.0186
 4185.720 -0.0020  0.0160
 4185.740 -0.0046  0.0055
 4185.760 -0.0051 -0.0035
 4185.780 -0.0032 -0.0039
 4185.800 -0.0015  0.0024
 4185.820 -0.0032  0.0072
 4185.840 -0.0069  0.0074
 4185.860 -0.0079  0.0078
 4185.880 -0.0062  0.0106
 4185.900 -0.0052  0.0119
 4185.920 -0.0055  0.0077
 4185.940 -0.0060  0.0001
 4185.960 -0.0056 -0.0042
 4185.980 -0.0046 -0.0005
 4186.000 -0.0048  0.0076
 4186.020 -0.0061  0.0123
 4186.040 -0.0071  0.0107
 4186.060 -0.0074  0.0069
 4186.080 -0.0060  0.0071
 4186.100 -0.0022  0.0135
 4186.120  0.0017  0.0211
 4186.140  0.0016  0.0235
 4186.160 -0.0022  0.0200
 4186.180 -0.0048  0.0136
 4186.200 -0.0042  0.0083
 4186.220 -0.0029  0.0066
 4186.240 -0.0015  0.0095
 4186.260 -0.0002  0.0162
 4186.280  0.0005  0.0242
 4186.300  0.0019  0.0291
 4186.320  0.0045  0.0280
 4186.340  0.0055  0.0219
 4186.360  0.0035  0.0157
 4186.380  0.0006  0.0131
 4186.400 -0.0007  0.0148
 4186.420 -0.0007  0.0181
 4186.440 -0.0010  0.0196
 4186.460 -0.0026  0.0173
 4186.480 -0.0038  0.0124
 4186.500 -0.0026  0.0094
 4186.520 -0.0004  0.0120
 4186.540  0.0007  0.0189
 4186.560  0.0012  0.0249
 4186.580  0.0012  0.0243
 4186.600  0.0002  0.0176
 4186.620 -0.0005  0.0113
 4186.640  0.0015  0.0104
 4186.660  0.0042  0.0136
 4186.680  0.0034  0.0171
 4186.700 -0.0002  0.0186
 4186.720 -0.0030  0.0184
 4186.740 -0.0030  0.0169
 4186.760 -0.0001  0.0146
 4186.780  0.0034  0.0116
 4186.800  0.0041  0.0092
 4186.820  0.0014  0.0086
 4186.840 -0.0024  0.0096
 4186.860 -0.0050  0.0110
 4186.880 -0.0046  0.0119
 4186.900 -0.0025  0.0108
 4186.920 -0.0035  0.0063
 4186.940 -0.0076  0.0007
 4186.960 -0.0091  0.0007
 4186.980 -0.0082  0.0086
 4187.000 -0.0093  0.0168
 4187.020 -0.0081  0.0166
 4187.040  0.0032  0.0073
 4187.060  0.0171 -0.0034
 4187.080  0.0217 -0.0070
 4187.100  0.0229 -0.0021
 4187.120  0.0263  0.0046
 4187.140  0.0156  0.0055
 4187.160 -0.0117 -0.0013
 4187.180 -0.0307 -0.0116
 4187.200 -0.0066 -0.0184
 4187.220  0.0350 -0.0123
 4187.240 -0.0514  0.0180
 4187.260 -0.2353  0.0660
 4187.280 -0.2486  0.0938
 4187.300 -0.1104  0.0799
 4187.320 -0.0662  0.0528
 4187.340 -0.0969  0.0346
 4187.360 -0.0515  0.0291
 4187.380  0.0613  0.0626
 4187.400  0.1262  0.1367
 4187.420  0.0770  0.1756
 4187.440 -0.0111  0.1338
 4187.460 -0.0301  0.0720
 4187.480  0.0057  0.0454
 4187.500  0.0330  0.0384
 4187.520  0.0394  0.0297
 4187.540  0.0339  0.0215
 4187.560  0.0205  0.0189
 4187.580  0.0084  0.0208
 4187.600  0.0028  0.0217
 4187.620 -0.0028  0.0183
 4187.640 -0.0066  0.0131
 4187.660 -0.0028  0.0106
 4187.680  0.0018  0.0115
 4187.700  0.0016  0.0131
 4187.720 -0.0001  0.0129
 4187.740 -0.0018  0.0095
 4187.760 -0.0036  0.0029
 4187.780 -0.0037 -0.0032
 4187.800 -0.0027 -0.0033
 4187.820 -0.0019  0.0006
 4187.840 -0.0019 -0.0019
 4187.860 -0.0026 -0.0129
 4187.880 -0.0030 -0.0207
 4187.900 -0.0031 -0.0174
 4187.920 -0.0036 -0.0088
 4187.940 -0.0050 -0.0039
 4187.960 -0.0070 -0.0050
 4187.980 -0.0073 -0.0069
 4188.000 -0.0054 -0.0049
 4188.020 -0.0036 -0.0016
 4188.040 -0.0036 -0.0017
 4188.060 -0.0037 -0.0030
 4188.080 -0.0031 -0.0006
 4188.100 -0.0031  0.0032
 4188.120 -0.0040  0.0034
 4188.140 -0.0052  0.0022
 4188.160 -0.0055  0.0040
 4188.180 -0.0043  0.0075
 4188.200 -0.0034  0.0094
 4188.220 -0.0036  0.0097
 4188.240 -0.0017  0.0101
 4188.260  0.0026  0.0102
 4188.280  0.0036  0.0076
 4188.300  0.0003  0.0015
 4188.320 -0.0046 -0.0036
 4188.340 -0.0135  0.0004
 4188.360 -0.0235  0.0118
 4188.380 -0.0229  0.0200
 4188.400 -0.0126  0.0204
 4188.420 -0.0046  0.0168
 4188.440 -0.0040  0.0129
 4188.460 -0.0065  0.0091
 4188.480 -0.0066  0.0053
 4188.500 -0.0039  0.0029
 4188.520 -0.0018  0.0041
 4188.540 -0.0011  0.0089
 4188.560 -0.0013  0.0128
 4188.580 -0.0024  0.0121
 4188.600 -0.0036  0.0098
 4188.620 -0.0028  0.0104
 4188.640  0.0000  0.0134
 4188.660  0.0004  0.0162
 4188.680 -0.0028  0.0195
 4188.700 -0.0054  0.0244
 4188.720 -0.0046  0.0290
 4188.740 -0.0020  0.0299
 4188.760 -0.0004  0.0266
 4188.780 -0.0019  0.0231
 4188.800 -0.0056  0.0235
 4188.820 -0.0083  0.0247
 4188.840 -0.0089  0.0211
 4188.860 -0.0075  0.0142
 4188.880 -0.0044  0.0105
 4188.900 -0.0013  0.0110
 4188.920 -0.0001  0.0118
 4188.940 -0.0013  0.0121
 4188.960 -0.0037  0.0133
 4188.980 -0.0040  0.0151
 4189.000 -0.0010  0.0156
 4189.020  0.0018  0.0142
 4189.040  0.0015  0.0125
 4189.060  0.0002  0.0129
 4189.080  0.0004  0.0159
 4189.100 -0.0002  0.0194
 4189.120 -0.0045  0.0214
 4189.140 -0.0075  0.0218
 4189.160 -0.0043  0.0194
 4189.180  0.0014  0.0129
 4189.200  0.0039  0.0056
 4189.220  0.0027  0.0032
 4189.240  0.0010  0.0050
 4189.260  0.0002  0.0053
 4189.280 -0.0008  0.0028
 4189.300 -0.0022  0.0010
 4189.320 -0.0032  0.0015
 4189.340 -0.0039  0.0031
 4189.360 -0.0052  0.0053
 4189.380 -0.0063  0.0074
 4189.400 -0.0058  0.0076
 4189.420 -0.0059  0.0050
 4189.440 -0.0072  0.0024
 4189.460 -0.0071  0.0024
 4189.480 -0.0057  0.0044
 4189.500 -0.0054  0.0058
 4189.520 -0.0053  0.0058
 4189.540 -0.0041  0.0057
 4189.560 -0.0021  0.0069
 4189.580  0.0006  0.0079
 4189.600  0.0029  0.0066
 4189.620  0.0020  0.0059
 4189.640 -0.0020  0.0100
 4189.660 -0.0048  0.0152
 4189.680 -0.0034  0.0132
 4189.700  0.0014  0.0052
 4189.720  0.0070  0.0002
 4189.740  0.0112  0.0019
 4189.760  0.0092  0.0064
 4189.780  0.0008  0.0089
 4189.800 -0.0053  0.0071
 4189.820 -0.0034  0.0005
 4189.840  0.0038 -0.0082
 4189.860  0.0088 -0.0112
 4189.880  0.0052 -0.0023
 4189.900 -0.0034  0.0130
 4189.920 -0.0067  0.0211
 4189.940 -0.0033  0.0177
 4189.960 -0.0006  0.0101
 4189.980  0.0001  0.0070
 4190.000  0.0028  0.0076
 4190.020  0.0052  0.0043
 4190.040  0.0026 -0.0039
 4190.060 -0.0003 -0.0097
 4190.080  0.0015 -0.0084
 4190.100  0.0034 -0.0019
 4190.120  0.0027  0.0071
 4190.140  0.0032  0.0165
 4190.160  0.0047  0.0221
 4190.180  0.0040  0.0204
 4190.200  0.0020  0.0130
 4190.220  0.0017  0.0056
 4190.240  0.0022  0.0031
 4190.260  0.0005  0.0064
 4190.280 -0.0039  0.0127
 4190.300 -0.0073  0.0190
 4190.320 -0.0080  0.0249
 4190.340 -0.0085  0.0293
 4190.360 -0.0093  0.0290
 4190.380 -0.0069  0.0224
 4190.400 -0.0020  0.0126
 4190.420  0.0001  0.0072
 4190.440 -0.0023  0.0117
 4190.460 -0.0044  0.0206
 4190.480 -0.0041  0.0221
 4190.500 -0.0044  0.0141
 4190.520 -0.0055  0.0045
 4190.540 -0.0047 -0.0004
 4190.560 -0.0022 -0.0002
 4190.580  0.0026  0.0013
 4190.600  0.0070  0.0008
 4190.620  0.0042 -0.0004
 4190.640 -0.0030 -0.0001
 4190.660 -0.0053 -0.0008
 4190.680 -0.0029 -0.0038
 4190.700 -0.0015 -0.0050
 4190.720 -0.0004 -0.0014
 4190.740  0.0006  0.0031
 4190.760 -0.0015  0.0046
 4190.780 -0.0048  0.0042
 4190.800 -0.0069  0.0053
 4190.820 -0.0092  0.0074
 4190.840 -0.0104  0.0060
 4190.860 -0.0075 -0.0020
 4190.880 -0.0022 -0.0128
 4190.900  0.0032 -0.0182
 4190.920  0.0096 -0.0142
 4190.940  0.0155 -0.0029
 4190.960  0.0153  0.0130
 4190.980  0.0073  0.0301
 4191.000  0.0029  0.0406
 4191.020  0.0201  0.0365
 4191.040  0.0004  0.0160
 4191.060 -0.1802 -0.0216
 4191.080 -0.4147 -0.0686
 4191.100 -0.4133 -0.0907
 4191.120 -0.1978 -0.0644
 4191.140 -0.0560 -0.0178
 4191.160 -0.0989  0.0068
 4191.180 -0.1514 -0.0111
 4191.200 -0.0305 -0.0575
 4191.220  0.1316 -0.0839
 4191.240  0.1265 -0.0648
 4191.260  0.0306 -0.0297
 4191.280 -0.0182 -0.0117
 4191.300 -0.0227 -0.0109
 4191.320 -0.0122 -0.0118
 4191.340  0.0012 -0.0057
 4191.360  0.0083  0.0045
 4191.380  0.0085  0.0112
 4191.400  0.0043  0.0102
 4191.420  0.0010  0.0047
 4191.440  0.0017 -0.0004
 4191.460  0.0021 -0.0049
 4191.480 -0.0009 -0.0093
 4191.500 -0.0033 -0.0101
 4191.520 -0.0026 -0.0048
 4191.540 -0.0020  0.0024
 4191.560 -0.0028  0.0056
 4191.580 -0.0039  0.0040
 4191.600 -0.0042  0.0019
 4191.620 -0.0023  0.0043
 4191.640 -0.0013  0.0092
 4191.660 -0.0048  0.0096
 4191.680 -0.0072  0.0035
 4191.700 -0.0048 -0.0033
 4191.720 -0.0033 -0.0050
 4191.740 -0.0046 -0.0017
 4191.760 -0.0040  0.0027
 4191.780 -0.0024  0.0039
 4191.800 -0.0035 -0.0003
 4191.820 -0.0058 -0.0080
 4191.840 -0.0060 -0.0138
 4191.860 -0.0037 -0.0139
 4191.880 -0.0010 -0.0098
 4191.900  0.0000 -0.0068
 4191.920 -0.0002 -0.0079
 4191.940 -0.0014 -0.0116
 4191.960 -0.0044 -0.0132
 4191.980 -0.0072 -0.0099
 4192.000 -0.0064 -0.0036
 4192.020 -0.0035  0.0028
 4192.040 -0.0025  0.0083
 4192.060 -0.0055  0.0113
 4192.080 -0.0091  0.0091
 4192.100 -0.0078  0.0017
 4192.120 -0.0022 -0.0057
 4192.140  0.0015 -0.0063
 4192.160  0.0022  0.0019
 4192.180  0.0027  0.0125
 4192.200  0.0030  0.0161
 4192.220  0.0016  0.0108
 4192.240 -0.0018  0.0026
 4192.260 -0.0050 -0.0002
 4192.280 -0.0038  0.0047
 4192.300 -0.0001  0.0111
 4192.320 -0.0006  0.0128
 4192.340 -0.0030  0.0116
 4192.360 -0.0010  0.0126
 4192.380  0.0039  0.0173
 4192.400  0.0050  0.0227
 4192.420 -0.0003  0.0252
 4192.440 -0.0065  0.0222
 4192.460 -0.0081  0.0142
 4192.480 -0.0067  0.0051
 4192.500 -0.0059  0.0003
 4192.520 -0.0061  0.0016
 4192.540 -0.0056  0.0063
 4192.560 -0.0030  0.0107
 4192.580  0.0005  0.0131
 4192.600  0.0024  0.0141
 4192.620  0.0009  0.0145
 4192.640 -0.0029  0.0144
 4192.660 -0.0052  0.0132
 4192.680 -0.0031  0.0111
 4192.700  0.0000  0.0081
 4192.720  0.0003  0.0023
 4192.740 -0.0010 -0.0054
 4192.760 -0.0019 -0.0091
 4192.780 -0.0018 -0.0061
 4192.800 -0.0012 -0.0015
 4192.820 -0.0007  0.0004
 4192.840 -0.0004  0.0021
 4192.860  0.0008  0.0054
 4192.880  0.0028  0.0063
 4192.900  0.0033  0.0025
 4192.920  0.0029 -0.0028
 4192.940  0.0033 -0.0057
 4192.960  0.0029 -0.0060
 4192.980  0.0011 -0.0075
 4193.000 -0.0001 -0.0117
 4193.020 -0.0003 -0.0136
 4193.040 -0.0016 -0.0085
 4193.060 -0.0035 -0.0014
 4193.080 -0.0018 -0.0001
 4193.100  0.0028 -0.0029
 4193.120  0.0055 -0.0025
 4193.140  0.0054  0.0019
 4193.160  0.0040  0.0061
 4193.180  0.0005  0.0072
 4193.200 -0.0043  0.0060
 4193.220 -0.0065  0.0047
 4193.240 -0.0036  0.0047
 4193.260  0.0008  0.0065
 4193.280  0.0004  0.0100
 4193.300 -0.0026  0.0150
 4193.320 -0.0026  0.0185
 4193.340 -0.0013  0.0163
 4193.360  0.0004  0.0085
 4193.380  0.0035  0.0011
 4193.400  0.0046  0.0007
 4193.420  0.0030  0.0080
 4193.440  0.0017  0.0166
 4193.460  0.0005  0.0189
 4193.480 -0.0022  0.0146
 4193.500 -0.0038  0.0093
 4193.520 -0.0029  0.0077
 4193.540 -0.0017  0.0096
 4193.560 -0.0011  0.0114
 4193.580 -0.0011  0.0108
 4193.600 -0.0039  0.0102
 4193.620 -0.0085  0.0113
 4193.640 -0.0091  0.0113
 4193.660 -0.0036  0.0081
 4193.680  0.0043  0.0040
 4193.700  0.0108  0.0011
 4193.720  0.0122 -0.0013
 4193.740  0.0058 -0.0033
 4193.760 -0.0029 -0.0036
 4193.780 -0.0035 -0.0006
 4193.800  0.0061  0.0051
 4193.820  0.0195  0.0113
 4193.840  0.0357  0.0155
 4193.860  0.0531  0.0161
 4193.880  0.0548  0.0137
 4193.900  0.0306  0.0098
 4193.920  0.0027  0.0055
 4193.940 -0.0047  0.0008
 4193.960  0.0018 -0.0034
 4193.980  0.0076 -0.0037
 4194.000  0.0099  0.0016
 4194.020  0.0087  0.0093
 4194.040  0.0060  0.0149
 4194.060  0.0060  0.0169
 4194.080  0.0081  0.0172
 4194.100  0.0093  0.0180
 4194.120  0.0093  0.0176
 4194.140  0.0075  0.0119
 4194.160  0.0063  0.0029
 4194.180  0.0068 -0.0012
 4194.200  0.0065  0.0028
 4194.220  0.0039  0.0092
 4194.240  0.0008  0.0120
 4194.260  0.0003  0.0108
 4194.280  0.0035  0.0098
 4194.300  0.0058  0.0137
 4194.320 -0.0005  0.0227
 4194.340 -0.0118  0.0332
 4194.360 -0.0134  0.0408
 4194.380 -0.0115  0.0438
 4194.400 -0.0187  0.0443
 4194.420  0.0318  0.0497
 4194.440  0.1745  0.0742
 4194.460  0.2479  0.1226
 4194.480  0.1558  0.1649
 4194.500  0.0242  0.1622
 4194.520 -0.0434  0.1174
 4194.540 -0.0371  0.0657
 4194.560  0.0087  0.0310
 4194.580  0.0731  0.0208
 4194.600  0.2559  0.0474
 4194.620  0.5680  0.1088
 4194.640  0.6845  0.1559
 4194.660  0.4044  0.1499
 4194.680  0.0549  0.1166
 4194.700 -0.0543  0.0892
 4194.720 -0.0207  0.0705
 4194.740 -0.0070  0.0623
 4194.760 -0.0175  0.0627
 4194.780 -0.0099  0.0576
 4194.800  0.0060  0.0433
 4194.820  0.0074  0.0290
 4194.840  0.0016  0.0212
 4194.860  0.0003  0.0192
 4194.880  0.0025  0.0184
 4194.900  0.0001  0.0144
 4194.920 -0.0071  0.0096
 4194.940 -0.0096  0.0112
 4194.960 -0.0069  0.0189
 4194.980 -0.0035  0.0229
 4195.000  0.0011  0.0188
 4195.020  0.0044  0.0123
 4195.040  0.0026  0.0092
 4195.060 -0.0006  0.0087
 4195.080 -0.0005  0.0070
 4195.100 -0.0004  0.0037
 4195.120 -0.0031  0.0021
 4195.140 -0.0042  0.0050
 4195.160 -0.0015  0.0091
 4195.180 -0.0003  0.0093
 4195.200 -0.0037  0.0056
 4195.220 -0.0070  0.0026
 4195.240 -0.0075  0.0037
 4195.260 -0.0078  0.0084
 4195.280 -0.0076  0.0131
 4195.300 -0.0055  0.0146
 4195.320 -0.0047  0.0131
 4195.340 -0.0070  0.0098
 4195.360 -0.0092  0.0054
 4195.380 -0.0073  0.0024
 4195.400 -0.0018  0.0039
 4195.420  0.0023  0.0102
 4195.440  0.0017  0.0168
 4195.460 -0.0014  0.0177
 4195.480 -0.0045  0.0112
 4195.500 -0.0060  0.0018
 4195.520 -0.0040 -0.0050
 4195.540 -0.0007 -0.0103
 4195.560 -0.0030 -0.0183
 4195.580 -0.0189 -0.0255
 4195.600 -0.0430 -0.0236
 4195.620 -0.0562 -0.0127
 4195.640 -0.0012 -0.0055
 4195.660  0.0172 -0.0190
 4195.680 -0.3192 -0.0463
 4195.700 -0.8145 -0.0440
 4195.720 -0.8685 -0.0054
 4195.740 -0.4292 -0.0009
 4195.760  0.0708 -0.0509
 4195.780  0.2373 -0.0771
 4195.800  0.1107 -0.0434
 4195.820  0.0104  0.0025
 4195.840 -0.0019  0.0219
 4195.860 -0.0043  0.0156
 4195.880  0.0009 -0.0002
 4195.900  0.0052 -0.0091
 4195.920 -0.0033 -0.0060
 4195.940 -0.0097  0.0028
 4195.960 -0.0081  0.0094
 4195.980 -0.0111  0.0111
 4196.000 -0.0160  0.0120
 4196.020 -0.0122  0.0149
 4196.040 -0.0040  0.0156
 4196.060 -0.0009  0.0110
 4196.080 -0.0018  0.0060
 4196.100 -0.0004  0.0060
 4196.120  0.0011  0.0087
 4196.140 -0.0012  0.0081
 4196.160 -0.0044  0.0029
 4196.180 -0.0053 -0.0021
 4196.200 -0.0048 -0.0009
 4196.220 -0.0035  0.0041
 4196.240 -0.0014  0.0042
 4196.260  0.0002 -0.0029
 4196.280 -0.0001 -0.0087
 4196.300 -0.0012 -0.0067
 4196.320 -0.0041  0.0014
 4196.340 -0.0086  0.0084
 4196.360 -0.0097  0.0079
 4196.380 -0.0072  0.0011
 4196.400 -0.0077 -0.0047
 4196.420 -0.0110 -0.0051
 4196.440 -0.0121 -0.0022
 4196.460 -0.0106  0.0018
 4196.480 -0.0080  0.0064
 4196.500 -0.0042  0.0086
 4196.520 -0.0020  0.0071
 4196.540 -0.0025  0.0049
 4196.560 -0.0030  0.0045
 4196.580 -0.0030  0.0053
 4196.600 -0.0048  0.0071
 4196.620 -0.0073  0.0120
 4196.640 -0.0075  0.0181
 4196.660 -0.0055  0.0201
 4196.680 -0.0025  0.0161
 4196.700  0.0010  0.0103
 4196.720  0.0018  0.0065
 4196.740 -0.0009  0.0040
 4196.760 -0.0025  0.0004
 4196.780 -0.0018 -0.0035
 4196.800 -0.0013 -0.0023
 4196.820 -0.0019  0.0061
 4196.840 -0.0041  0.0136
 4196.860 -0.0078  0.0115
 4196.880 -0.0102  0.0035
 4196.900 -0.0088 -0.0015
 4196.920 -0.0052 -0.0015
 4196.940 -0.0047  0.0009
 4196.960 -0.0078  0.0054
 4196.980 -0.0097  0.0104
 4197.000 -0.0080  0.0109
 4197.020 -0.0057  0.0049
 4197.040 -0.0041 -0.0015
 4197.060 -0.0003 -0.0008
 4197.080  0.0049  0.0079
 4197.100  0.0051  0.0131
 4197.120  0.0000  0.0035
 4197.140 -0.0042 -0.0134
 4197.160 -0.0026 -0.0200
 4197.180  0.0020 -0.0136
 4197.200  0.0015 -0.0050
 4197.220 -0.0042 -0.0003
 4197.240 -0.0069  0.0021
 4197.260 -0.0040  0.0041
 4197.280  0.0001  0.0050
 4197.300  0.0014  0.0047
 4197.320  0.0008  0.0046
 4197.340 -0.0001  0.0064
 4197.360 -0.0008  0.0089
 4197.380 -0.0013  0.0082
 4197.400  0.0001  0.0032
 4197.420  0.0028 -0.0021
 4197.440  0.0022 -0.0036
 4197.460 -0.0019 -0.0015
 4197.480 -0.0039  0.0013
 4197.500 -0.0034  0.0034
 4197.520 -0.0027  0.0057
 4197.540 -0.0012  0.0095
 4197.560  0.0009  0.0128
 4197.580  0.0018  0.0121
 4197.600  0.0007  0.0070
 4197.620 -0.0024  0.0010
 4197.640 -0.0064 -0.0022
 4197.660 -0.0092 -0.0020
 4197.680 -0.0095 -0.0010
 4197.700 -0.0064 -0.0011
 4197.720 -0.0034 -0.0018
 4197.740 -0.0048 -0.0025
 4197.760 -0.0081 -0.0051
 4197.780 -0.0102 -0.0097
 4197.800 -0.0087 -0.0106
 4197.820 -0.0026 -0.0045
 4197.840  0.0020  0.0048
 4197.860 -0.0008  0.0108
 4197.880 -0.0074  0.0108
 4197.900 -0.0110  0.0055
 4197.920 -0.0103 -0.0019
 4197.940 -0.0070 -0.0066
 4197.960 -0.0043 -0.0046
 4197.980 -0.0046  0.0044
 4198.000 -0.0043  0.0155
 4198.020 -0.0012  0.0207
 4198.040 -0.0001  0.0157
 4198.060 -0.0024  0.0055
 4198.080 -0.0049 -0.0015
 4198.100 -0.0062 -0.0025
 4198.120 -0.0065 -0.0012
 4198.140 -0.0057 -0.0011
 4198.160 -0.0039 -0.0033
 4198.180 -0.0016 -0.0059
 4198.200 -0.0014 -0.0068
 4198.220 -0.0040 -0.0053
 4198.240 -0.0056 -0.0024
 4198.260 -0.0041  0.0008
 4198.280 -0.0022  0.0029
 4198.300 -0.0015  0.0038
 4198.320 -0.0017  0.0042
 4198.340 -0.0042  0.0046
 4198.360 -0.0092  0.0036
 4198.380 -0.0116 -0.0008
 4198.400 -0.0085 -0.0068
 4198.420 -0.0042 -0.0100
 4198.440 -0.0036 -0.0078
 4198.460 -0.0064 -0.0025
 4198.480 -0.0084  0.0004
 4198.500 -0.0061 -0.0023
 4198.520 -0.0030 -0.0062
 4198.540 -0.0023 -0.0058
 4198.560 -0.0019 -0.0018
 4198.580 -0.0010  0.0022
 4198.600 -0.0004  0.0051
 4198.620  0.0005  0.0072
 4198.640  0.0018  0.0074
 4198.660  0.0018  0.0056
 4198.680  0.0011  0.0042
 4198.700  0.0026  0.0050
 4198.720  0.0053  0.0067
 4198.740  0.0049  0.0060
 4198.760  0.0025  0.0020
 4198.780  0.0008 -0.0003
 4198.800 -0.0018  0.0046
 4198.820 -0.0033  0.0127
 4198.840 -0.0019  0.0155
 4198.860  0.0006  0.0137
 4198.880  0.0034  0.0144
 4198.900  0.0056  0.0174
 4198.920  0.0052  0.0170
 4198.940  0.0038  0.0117
 4198.960  0.0008  0.0066
 4198.980 -0.0050  0.0071
 4199.000 -0.0115  0.0116
 4199.020 -0.0152  0.0121
 4199.040 -0.0134  0.0059
 4199.060 -0.0075  0.0018
 4199.080 -0.0034  0.0064
 4199.100 -0.0025  0.0140
 4199.120 -0.0011  0.0166
 4199.140  0.0019  0.0131
 4199.160  0.0043  0.0083
 4199.180  0.0042  0.0069
 4199.200  0.0007  0.0097
 4199.220 -0.0045  0.0134
 4199.240 -0.0078  0.0139
 4199.260 -0.0077  0.0103
 4199.280 -0.0062  0.0052
 4199.300 -0.0048  0.0027
 4199.320 -0.0020  0.0050
 4199.340  0.0012  0.0103
 4199.360  0.0024  0.0141
 4199.380  0.0030  0.0132
 4199.400  0.0044  0.0090
 4199.420  0.0035  0.0054
 4199.440 -0.0016  0.0052
 4199.460 -0.0053  0.0085
 4199.480 -0.0035  0.0124
 4199.500 -0.0008  0.0136
 4199.520 -0.0022  0.0102
 4199.540 -0.0049  0.0044
 4199.560 -0.0034  0.0002
 4199.580  0.0018  0.0002
 4199.600  0.0046  0.0030
 4199.620  0.0025  0.0058
 4199.640 -0.0003  0.0078
 4199.660  0.0003  0.0097
 4199.680  0.0030  0.0120
 4199.700  0.0048  0.0134
 4199.720  0.0054  0.0119
 4199.740  0.0057  0.0087
 4199.760  0.0058  0.0066
 4199.780  0.0061  0.0063
 4199.800  0.0059  0.0065
 4199.820  0.0046  0.0054
 4199.840  0.0042  0.0037
 4199.860  0.0047  0.0036
 4199.880  0.0022  0.0064
 4199.900 -0.0032  0.0096
 4199.920 -0.0063  0.0108
 4199.940 -0.0041  0.0101
 4199.960 -0.0004  0.0074
 4199.980  0.0002  0.0019
 4200.000 -0.0018 -0.0059
 4200.020 -0.0038 -0.0129
 4200.040 -0.0043 -0.0169
 4200.060 -0.0038 -0.0178
 4200.080 -0.0038 -0.0153
 4200.100 -0.0034 -0.0087
 4200.120 -0.0020  0.0004
 4200.140 -0.0004  0.0069
 4200.160  0.0019  0.0040
 4200.180  0.0075 -0.0079
 4200.200  0.0175 -0.0152
 4200.220  0.0215 -0.0063
 4200.240  0.0117  0.0091
 4200.260  0.0001  0.0150
 4200.280 -0.0029  0.0112
 4200.300 -0.0024  0.0062
 4200.320 -0.0041  0.0025
 4200.340 -0.0069 -0.0019
 4200.360 -0.0078 -0.0072
 4200.380 -0.0083 -0.0099
 4200.400 -0.0095 -0.0064
 4200.420 -0.0083  0.0010
 4200.440 -0.0056  0.0055
 4200.460 -0.0060  0.0060
 4200.480 -0.0094  0.0065
 4200.500 -0.0103  0.0086
 4200.520 -0.0059  0.0087
 4200.540 -0.0002  0.0054
 4200.560  0.0016  0.0015
 4200.580  0.0003  0.0017
 4200.600 -0.0009  0.0067
 4200.620 -0.0008  0.0106
 4200.640  0.0000  0.0083
 4200.660  0.0001  0.0027
 4200.680  0.0004 -0.0013
 4200.700 -0.0003 -0.0042
 4200.720 -0.0037 -0.0085
 4200.740 -0.0055 -0.0134
 4200.760 -0.0023 -0.0139
 4200.780  0.0006 -0.0020
 4200.800 -0.0055  0.0242
 4200.820 -0.0171  0.0462
 4200.840 -0.0190  0.0456
 4200.860 -0.0077  0.0318
 4200.880  0.0034  0.0203
 4200.900  0.0054  0.0126
 4200.920  0.0023  0.0071
 4200.940  0.0000  0.0036
 4200.960 -0.0010  0.0001
 4200.980 -0.0003 -0.0038
 4201.000  0.0022 -0.0027
 4201.020  0.0037  0.0070
 4201.040  0.0044  0.0197
 4201.060  0.0045  0.0265
 4201.080  0.0013  0.0259
 4201.100 -0.0032  0.0229
 4201.120 -0.0044  0.0221
 4201.140 -0.0009  0.0227
 4201.160  0.0033  0.0198
 4201.180  0.0028  0.0129
 4201.200 -0.0013  0.0080
 4201.220 -0.0048  0.0076
 4201.240 -0.0060  0.0073
 4201.260 -0.0049  0.0055
 4201.280 -0.0023  0.0062
 4201.300 -0.0007  0.0108
 4201.320 -0.0007  0.0146
 4201.340  0.0011  0.0123
 4201.360  0.0084  0.0051
 4201.380  0.0145  0.0015
 4201.400  0.0098  0.0072
 4201.420 -0.0002  0.0156
 4201.440 -0.0028  0.0177
 4201.460  0.0011  0.0149
 4201.480  0.0023  0.0128
 4201.500  0.0014  0.0115
 4201.520  0.0036  0.0084
 4201.540  0.0049  0.0032
 4201.560  0.0022 -0.0026
 4201.580  0.0005 -0.0074
 4201.600  0.0017 -0.0099
 4201.620  0.0014 -0.0090
 4201.640 -0.0010 -0.0049
 4201.660 -0.0014  0.0003
 4201.680  0.0013  0.0032
 4201.700  0.0041  0.0018
 4201.720  0.0052 -0.0001
 4201.740  0.0061  0.0028
 4201.760  0.0069  0.0090
 4201.780  0.0057  0.0123
 4201.800  0.0054  0.0102
 4201.820  0.0080  0.0070
 4201.840  0.0074  0.0074
 4201.860  0.0018  0.0117
 4201.880 -0.0010  0.0162
 4201.900 -0.0005  0.0188
 4201.920 -0.0030  0.0217
 4201.940 -0.0059  0.0255
 4201.960 -0.0050  0.0262
 4201.980 -0.0043  0.0213
 4202.000 -0.0047  0.0134
 4202.020 -0.0023  0.0071
 4202.040  0.0017  0.0038
 4202.060  0.0032  0.0030
 4202.080  0.0031  0.0031
 4202.100  0.0037  0.0027
 4202.120  0.0039  0.0014
 4202.140  0.0026  0.0001
 4202.160  0.0028  0.0001
 4202.180  0.0061  0.0016
 4202.200  0.0149  0.0040
 4202.220  0.0310  0.0082
 4202.240  0.0366  0.0131
 4202.260  0.0173  0.0141
 4202.280 -0.0049  0.0092
 4202.300 -0.0090  0.0034
 4202.320 -0.0046  0.0015
 4202.340 -0.0022  0.0032
 4202.360 -0.0026  0.0045
 4202.380 -0.0063  0.0013
 4202.400 -0.0117 -0.0052
 4202.420 -0.0146 -0.0082
 4202.440 -0.0121 -0.0038
 4202.460 -0.0049  0.0037
 4202.480  0.0027  0.0092
 4202.500  0.0058  0.0108
 4202.520  0.0039  0.0081
 4202.540  0.0006  0.0015
 4202.560 -0.0015 -0.0048
 4202.580 -0.0002 -0.0058
 4202.600  0.0029 -0.0020
 4202.620  0.0022  0.0008
 4202.640 -0.0025 -0.0010
 4202.660 -0.0043 -0.0052
 4202.680 -0.0014 -0.0055
 4202.700  0.0015  0.0002
 4202.720  0.0026  0.0050
 4202.740  0.0022  0.0025
 4202.760  0.0011 -0.0044
 4202.780  0.0013 -0.0082
 4202.800  0.0021 -0.0063
 4202.820  0.0022 -0.0004
 4202.840  0.0030  0.0065
 4202.860  0.0042  0.0114
 4202.880  0.0027  0.0126
 4202.900 -0.0011  0.0113
 4202.920 -0.0029  0.0110
 4202.940 -0.0011  0.0129
 4202.960  0.0010  0.0144
 4202.980  0.0000  0.0000
 4203.000  0.0000  0.0000
