           1.0200  1.03  
           0.0200  0.6400
 4322.000  0.3388  0.9972
 4322.020  0.3147  0.9978
 4322.040  0.2991  0.9992
 4322.060  0.2860  1.0012
 4322.080  0.2783  1.0042
 4322.100  0.2765  1.0078
 4322.120  0.2804  1.0105
 4322.140  0.2907  1.0108
 4322.160  0.3095  1.0090
 4322.180  0.3362  1.0079
 4322.200  0.3717  1.0110
 4322.220  0.4195  1.0171
 4322.240  0.4794  1.0213
 4322.260  0.5473  1.0230
 4322.280  0.6194  1.0239
 4322.300  0.6927  1.0221
 4322.320  0.7638  1.0161
 4322.340  0.8268  1.0098
 4322.360  0.8758  1.0060
 4322.380  0.9125  1.0037
 4322.400  0.9420  1.0020
 4322.420  0.9649  1.0010
 4322.440  0.9800  1.0003
 4322.460  0.9893  0.9993
 4322.480  0.9954  0.9972
 4322.500  0.9989  0.9933
 4322.520  0.9991  0.9893
 4322.540  0.9976  0.9876
 4322.560  0.9960  0.9874
 4322.580  0.9912  0.9841
 4322.600  0.9837  0.9753
 4322.620  0.9776  0.9633
 4322.640  0.9748  0.9525
 4322.660  0.9772  0.9474
 4322.680  0.9843  0.9489
 4322.700  0.9911  0.9529
 4322.720  0.9957  0.9538
 4322.740  0.9993  0.9516
 4322.760  1.0015  0.9516
 4322.780  1.0026  0.9565
 4322.800  1.0042  0.9614
 4322.820  1.0068  0.9594
 4322.840  1.0083  0.9480
 4322.860  1.0081  0.9297
 4322.880  1.0057  0.9076
 4322.900  1.0022  0.8829
 4322.920  0.9996  0.8541
 4322.940  0.9970  0.8211
 4322.960  0.9937  0.7866
 4322.980  0.9917  0.7533
 4323.000  0.9908  0.7232
 4323.020  0.9887  0.6991
 4323.040  0.9867  0.6839
 4323.060  0.9859  0.6784
 4323.080  0.9854  0.6819
 4323.100  0.9850  0.6936
 4323.120  0.9840  0.7125
 4323.140  0.9833  0.7370
 4323.160  0.9824  0.7654
 4323.180  0.9768  0.7954
 4323.200  0.9686  0.8240
 4323.220  0.9620  0.8478
 4323.240  0.9530  0.8645
 4323.260  0.9394  0.8751
 4323.280  0.9275  0.8815
 4323.300  0.9239  0.8832
 4323.320  0.9287  0.8770
 4323.340  0.9355  0.8607
 4323.360  0.9408  0.8366
 4323.380  0.9472  0.8096
 4323.400  0.9547  0.7833
 4323.420  0.9573  0.7588
 4323.440  0.9507  0.7359
 4323.460  0.9365  0.7135
 4323.480  0.9189  0.6905
 4323.500  0.9005  0.6660
 4323.520  0.8812  0.6392
 4323.540  0.8587  0.6091
 4323.560  0.8320  0.5739
 4323.580  0.8026  0.5347
 4323.600  0.7733  0.4947
 4323.620  0.7449  0.4575
 4323.640  0.7167  0.4239
 4323.660  0.6909  0.3915
 4323.680  0.6716  0.3577
 4323.700  0.6647  0.3237
 4323.720  0.6744  0.2944
 4323.740  0.6957  0.2731
 4323.760  0.7214  0.2586
 4323.780  0.7513  0.2486
 4323.800  0.7866  0.2435
 4323.820  0.8236  0.2473
 4323.840  0.8547  0.2623
 4323.860  0.8722  0.2840
 4323.880  0.8756  0.3076
 4323.900  0.8704  0.3363
 4323.920  0.8611  0.3776
 4323.940  0.8478  0.4323
 4323.960  0.8280  0.4956
 4323.980  0.8027  0.5646
 4324.000  0.7761  0.6381
 4324.020  0.7510  0.7133
 4324.040  0.7282  0.7844
 4324.060  0.7056  0.8446
 4324.080  0.6819  0.8908
 4324.100  0.6592  0.9256
 4324.120  0.6399  0.9539
 4324.140  0.6226  0.9792
 4324.160  0.6055  1.0020
 4324.180  0.5883  1.0202
 4324.200  0.5687  1.0301
 4324.220  0.5453  1.0305
 4324.240  0.5186  1.0269
 4324.260  0.4880  1.0264
 4324.280  0.4538  1.0287
 4324.300  0.4191  1.0291
 4324.320  0.3866  1.0288
 4324.340  0.3572  1.0312
 4324.360  0.3302  1.0341
 4324.380  0.3046  1.0329
 4324.400  0.2848  1.0287
 4324.420  0.2769  1.0249
 4324.440  0.2785  1.0225
 4324.460  0.2833  1.0216
 4324.480  0.2902  1.0225
 4324.500  0.3027  1.0247
 4324.520  0.3260  1.0249
 4324.540  0.3620  1.0199
 4324.560  0.4086  1.0107
 4324.580  0.4653  1.0058
 4324.600  0.5328  1.0123
 4324.620  0.6066  1.0240
 4324.640  0.6797  1.0289
 4324.660  0.7483  1.0252
 4324.680  0.8101  1.0186
 4324.700  0.8624  1.0103
 4324.720  0.9032  0.9991
 4324.740  0.9346  0.9897
 4324.760  0.9617  0.9867
 4324.780  0.9851  0.9824
 4324.800  1.0018  0.9701
 4324.820  1.0113  0.9582
 4324.840  1.0155  0.9522
 4324.860  1.0160  0.9465
 4324.880 -1.0000 -1.0000
 4324.900 -1.0000 -1.0000
 4324.920 -1.0000 -1.0000
 4324.940 -1.0000 -1.0000
 4324.960 -1.0000 -1.0000
 4324.980 -1.0000 -1.0000
 4325.000  1.0170  0.9117
 4325.020  1.0153  0.9032
 4325.040  1.0101  0.8960
 4325.060  1.0091  0.8968
 4325.080  1.0157  0.9056
 4325.100  1.0205  0.9134
 4325.120  1.0205  0.9144
 4325.140  1.0191  0.9097
 4325.160  1.0154  0.9003
 4325.180  1.0112  0.8885
 4325.200  1.0101  0.8774
 4325.220  1.0095  0.8673
 4325.240  1.0060  0.8552
 4325.260  1.0017  0.8378
 4325.280  0.9990  0.8156
 4325.300  0.9963  0.7903
 4325.320  0.9921  0.7619
 4325.340  0.9865  0.7322
 4325.360  0.9810  0.7061
 4325.380  0.9762  0.6852
 4325.400  0.9705  0.6681
 4325.420  0.9651  0.6568
 4325.440  0.9617  0.6558
 4325.460  0.9572  0.6659
 4325.480  0.9462  0.6847
 4325.500  0.9297  0.7118
 4325.520  0.9133  0.7479
 4325.540  0.8993  0.7898
 4325.560  0.8896  0.8318
 4325.580  0.8886  0.8706
 4325.600  0.8966  0.9049
 4325.620  0.9080  0.9354
 4325.640  0.9154  0.9602
 4325.660  0.9165  0.9740
 4325.680  0.9139  0.9734
 4325.700  0.9072  0.9610
 4325.720  0.8982  0.9410
 4325.740  0.8933  0.9141
 4325.760  0.8926  0.8794
 4325.780  0.8897  0.8369
 4325.800  0.8825  0.7867
 4325.820  0.8744  0.7277
 4325.840  0.8644  0.6614
 4325.860  0.8487  0.5933
 4325.880  0.8287  0.5296
 4325.900  0.8083  0.4710
 4325.920  0.7890  0.4160
 4325.940  0.7714  0.3687
 4325.960  0.7542  0.3347
 4325.980  0.7366  0.3127
 4326.000  0.7207  0.2949
 4326.020  0.7045  0.2761
 4326.040  0.6845  0.2584
 4326.060  0.6644  0.2467
 4326.080  0.6543  0.2436
 4326.100  0.6617  0.2490
 4326.120  0.6851  0.2627
 4326.140  0.7187  0.2850
 4326.160  0.7590  0.3166
 4326.180  0.8030  0.3563
 4326.200  0.8484  0.4025
 4326.220  0.8911  0.4556
 4326.240  0.9228  0.5177
 4326.260  0.9406  0.5881
 4326.280  0.9485  0.6610
 4326.300  0.9456  0.7285
 4326.320  0.9287  0.7850
 4326.340  0.9016  0.8318
 4326.360  0.8716  0.8736
 4326.380  0.8411  0.9128
 4326.400  0.8071  0.9477
 4326.420  0.7681  0.9756
 4326.440  0.7274  0.9940
 4326.460  0.6870  1.0018
 4326.480  0.6449  1.0020
 4326.500  0.5993  1.0016
 4326.520  0.5524  1.0052
 4326.540  0.5075  1.0113
 4326.560  0.4642  1.0155
 4326.580  0.4221  1.0160
 4326.600  0.3845  1.0126
 4326.620  0.3531  1.0059
 4326.640  0.3258  0.9980
 4326.660  0.3031  0.9928
 4326.680  0.2896  0.9925
 4326.700  0.2860  0.9956
 4326.720  0.2868  0.9984
 4326.740  0.2897  0.9980
 4326.760  0.2980  0.9941
 4326.780  0.3146  0.9882
 4326.800  0.3409  0.9812
 4326.820  0.3793  0.9756
 4326.840  0.4307  0.9744
 4326.860  0.4937  0.9785
 4326.880  0.5645  0.9862
 4326.900  0.6359  0.9959
 4326.920  0.7021  1.0070
 4326.940  0.7617  1.0177
 4326.960  0.8154  1.0236
 4326.980  0.8636  1.0231
 4327.000  0.9045  1.0203
 4327.020  0.9351  1.0208
 4327.040  0.9576  1.0269
 4327.060  0.9758  1.0353
 4327.080  0.9895  1.0405
 4327.100  0.9970  1.0403
 4327.120  0.9992  1.0367
 4327.140  0.9999  1.0321
 4327.160  1.0019  1.0273
 4327.180  1.0045  1.0243
 4327.200  1.0057  1.0249
 4327.220  1.0052  1.0280
 4327.240  1.0029  1.0308
 4327.260  1.0005  1.0308
 4327.280  1.0001  1.0289
 4327.300  1.0001  1.0284
 4327.320  0.9982  1.0312
 4327.340  0.9949  1.0343
 4327.360  0.9927  1.0338
 4327.380  0.9920  1.0277
 4327.400  0.9880  1.0162
 4327.420  0.9800  1.0026
 4327.440  0.9719  0.9899
 4327.460  0.9656  0.9778
 4327.480  0.9625  0.9656
 4327.500  0.9642  0.9531
 4327.520  0.9692  0.9375
 4327.540  0.9759  0.9160
 4327.560  0.9836  0.8891
 4327.580  0.9907  0.8591
 4327.600  0.9982  0.8268
 4327.620  1.0062  0.7923
 4327.640  1.0119  0.7582
 4327.660  1.0157  0.7284
 4327.680  1.0176  0.7038
 4327.700  1.0167  0.6833
 4327.720  1.0158  0.6676
 4327.740  1.0158  0.6593
 4327.760  1.0126  0.6614
 4327.780  1.0073  0.6754
 4327.800  1.0037  0.6989
 4327.820  1.0021  0.7283
 4327.840  1.0038  0.7620
 4327.860  1.0090  0.7956
 4327.880  1.0145  0.8215
 4327.900  1.0186  0.8356
 4327.920  1.0191  0.8389
 4327.940  1.0149  0.8322
 4327.960  1.0101  0.8144
 4327.980  1.0079  0.7857
 4328.000  1.0057  0.7479
 4328.020  1.0009  0.7019
 4328.040  0.9937  0.6479
 4328.060  0.9861  0.5879
 4328.080  0.9788  0.5258
 4328.100  0.9682  0.4654
 4328.120  0.9522  0.4080
 4328.140  0.9345  0.3537
 4328.160  0.9164  0.3059
 4328.180  0.8953  0.2722
 4328.200  0.8703  0.2565
 4328.220  0.8404  0.2523
 4328.240  0.8059  0.2504
 4328.260  0.7718  0.2470
 4328.280  0.7412  0.2454
 4328.300  0.7131  0.2512
 4328.320  0.6872  0.2688
 4328.340  0.6656  0.2970
 4328.360  0.6504  0.3305
 4328.380  0.6427  0.3654
 4328.400  0.6428  0.4043
 4328.420  0.6543  0.4533
 4328.440  0.6823  0.5145
 4328.460  0.7231  0.5832
 4328.480  0.7642  0.6511
 4328.500  0.7971  0.7123
 4328.520  0.8178  0.7650
 4328.540  0.8233  0.8075
 4328.560  0.8159  0.8358
 4328.580  0.7993  0.8480
 4328.600  0.7747  0.8501
 4328.620  0.7433  0.8518
 4328.640  0.7068  0.8581
 4328.660  0.6664  0.8652
 4328.680  0.6219  0.8665
 4328.700  0.5747  0.8640
 4328.720  0.5279  0.8647
 4328.740  0.4824  0.8691
 4328.760  0.4400  0.8745
 4328.780  0.4022  0.8814
 4328.800  0.3683  0.8904
 4328.820  0.3407  0.9031
 4328.840  0.3214  0.9201
 4328.860  0.3073  0.9350
 4328.880  0.2953  0.9439
 4328.900  0.2866  0.9549
 4328.920  0.2836  0.9692
 4328.940  0.2896  0.9654
 4328.960  0.3070  0.9348
 4328.980  0.3323  0.9072
 4329.000  0.3643  0.9070
 4329.020  0.4046  0.9240
 4329.040  0.4514  0.9461
 4329.060  0.5056  0.9680
 4329.080  0.5678  0.9802
 4329.100  0.6322  0.9857
 4329.120  0.6917  0.9962
 4329.140  0.7417  1.0086
 4329.160  0.7816  1.0122
 4329.180  0.8137  1.0060
 4329.200  0.8370  0.9976
 4329.220  0.8495  0.9953
 4329.240  0.8528  1.0005
 4329.260  0.8519  1.0084
 4329.280  0.8499  1.0137
 4329.300  0.8472  1.0146
 4329.320  0.8459  1.0140
 4329.340  0.8493  1.0139
 4329.360  0.8579  1.0143
 4329.380  0.8715  1.0153
 4329.400  0.8880  1.0164
 4329.420  0.9028  1.0173
 4329.440  0.9154  1.0196
 4329.460  0.9279  1.0204
 4329.480  0.9403  1.0142
 4329.500  0.9498  1.0030
 4329.520  0.9531  0.9948
 4329.540  0.9520  0.9907
 4329.560 -1.0000  0.9867
 4329.580 -1.0000  0.9891
 4329.600 -1.0000  1.0029
 4329.620 -1.0000  1.0100
 4329.640 -1.0000  0.9967
 4329.660 -1.0000  0.9762
 4329.680  0.9569  0.9607
 4329.700  0.9650  0.9481
 4329.720  0.9783  0.9358
 4329.740  0.9892  0.9229
 4329.760  0.9934  0.9076
 4329.780  0.9974  0.8881
 4329.800  1.0038  0.8623
 4329.820  1.0074  0.8292
 4329.840  1.0061  0.7915
 4329.860  1.0042  0.7535
 4329.880  1.0071  0.7196
 4329.900  1.0122  0.6923
 4329.920  1.0134  0.6720
 4329.940  1.0120  0.6580
 4329.960  1.0105  0.6472
 4329.980  1.0104  0.6376
 4330.000  1.0152  0.6331
 4330.020  1.0206  0.6359
 4330.040  1.0192  0.6400
 4330.060 -1.0000 -1.0000
 4330.080 -1.0000 -1.0000
 4330.100 -1.0000 -1.0000
 4330.120 -1.0000 -1.0000
 4330.140 -1.0000 -1.0000
 4330.160 -1.0000 -1.0000
 4330.180  0.9824  0.5461
 4330.200  0.9740  0.5028
 4330.220  0.9618  0.4539
 4330.240  0.9527  0.4096
 4330.260  0.9512  0.3694
 4330.280  0.9503  0.3329
 4330.300  0.9450  0.3021
 4330.320  0.9380  0.2765
 4330.340  0.9289  0.2537
 4330.360  0.9169  0.2343
 4330.380  0.9037  0.2230
 4330.400  0.8878  0.2247
 4330.420  0.8676  0.2377
 4330.440  0.8431  0.2559
 4330.460  0.8143  0.2780
 4330.480  0.7822  0.3082
 4330.500  0.7493  0.3479
 4330.520  0.7171  0.3956
 4330.540  0.6848  0.4518
 4330.560  0.6529  0.5158
 4330.580  0.6274  0.5832
 4330.600  0.6146  0.6511
 4330.620  0.6156  0.7198
 4330.640  0.6266  0.7855
 4330.660  0.6408  0.8423
 4330.680  0.6546  0.8883
 4330.700  0.6676  0.9227
 4330.720  0.6756  0.9475
 4330.740  0.6746  0.9695
 4330.760  0.6656  0.9902
 4330.780  0.6490  1.0037
 4330.800  0.6235  1.0102
 4330.820  0.5891  1.0124
 4330.840  0.5487  1.0035
 4330.860  0.5064  0.9768
 4330.880  0.4646  0.9503
 4330.900  0.4253  0.9490
 4330.920  0.3889  0.9618
 4330.940  0.3564  0.9692
 4330.960  0.3303  0.9757
 4330.980  0.3103  0.9788
 4331.000  0.2941  0.9729
 4331.020  0.2834  0.9676
 4331.040  0.2824  0.9676
 4331.060  0.2907  0.9681
 4331.080  0.3040  0.9666
 4331.100  0.3234  0.9645
 4331.120  0.3522  0.9634
 4331.140  0.3909  0.9617
 4331.160  0.4400  0.9569
 4331.180  0.4994  0.9545
 4331.200  0.5654  0.9631
 4331.220  0.6332  0.9749
 4331.240  0.7011  0.9800
 4331.260  0.7646  0.9844
 4331.280  0.8165  0.9907
 4331.300  0.8592  0.9942
 4331.320  0.8981  0.9967
 4331.340  0.9315  0.9996
 4331.360  0.9570  0.9996
 4331.380  0.9734  0.9922
 4331.400  0.9835  0.9790
 4331.420  0.9909  0.9673
 4331.440  0.9936  0.9616
 4331.460  0.9924  0.9568
 4331.480  0.9910  0.9463
 4331.500  0.9902  0.9356
 4331.520  0.9900  0.9334
 4331.540  0.9888  0.9350
 4331.560  0.9853  0.9303
 4331.580  0.9810  0.9198
 4331.600  0.9774  0.9115
 4331.620  0.9732  0.9108
 4331.640  0.9666  0.9162
 4331.660  0.9583  0.9222
 4331.680  0.9518  0.9243
 4331.700  0.9500  0.9216
 4331.720  0.9513  0.9152
 4331.740  0.9549  0.9082
 4331.760  0.9621  0.9060
 4331.780  0.9683  0.9085
 4331.800  0.9709  0.9078
 4331.820  0.9731  0.8980
 4331.840  0.9748  0.8841
 4331.860  0.9771  0.8748
 4331.880  0.9808  0.8686
 4331.900  0.9837  0.8554
 4331.920  0.9869  0.8291
 4331.940  0.9903  0.7939
 4331.960  0.9907  0.7594
 4331.980  0.9911  0.7291
 4332.000  0.9918  0.6989
 4332.020  0.9861  0.6693
 4332.040  0.9774  0.6453
 4332.060  0.9737  0.6232
 4332.080  0.9700  0.6014
 4332.100  0.9594  0.5870
 4332.120  0.9435  0.5779
 4332.140  0.9285  0.5677
 4332.160  0.9192  0.5591
 4332.180  0.9142  0.5520
 4332.200  0.9112  0.5404
 4332.220  0.9106  0.5205
 4332.240  0.9104  0.4920
 4332.260  0.9090  0.4591
 4332.280  0.9083  0.4272
 4332.300  0.9094  0.3951
 4332.320  0.9123  0.3609
 4332.340  0.9136  0.3301
 4332.360  0.9097  0.3090
 4332.380  0.9033  0.2961
 4332.400  0.8999  0.2855
 4332.420  0.8994  0.2739
 4332.440  0.8970  0.2637
 4332.460  0.8900  0.2609
 4332.480  0.8788  0.2695
 4332.500  0.8624  0.2885
 4332.520  0.8423  0.3156
 4332.540  0.8224  0.3508
 4332.560  0.8023  0.3957
 4332.580  0.7795  0.4474
 4332.600  0.7524  0.4956
 4332.620  0.7205  0.5401
 4332.640  0.6908  0.6000
 4332.660  0.6677  0.6762
 4332.680  0.6406  0.7473
 4332.700  0.6054  0.8076
 4332.720  0.5734  0.8573
 4332.740  0.5514  0.8926
 4332.760  0.5393  0.9203
 4332.780  0.5377  0.9478
 4332.800  0.5434  0.9704
 4332.820  0.5480  0.9835
 4332.840  0.5451  0.9901
 4332.860  0.5353  0.9934
 4332.880  0.5216  0.9933
 4332.900  0.5007  0.9906
 4332.920  0.4692  0.9888
 4332.940  0.4328  0.9901
 4332.960  0.3990  0.9929
 4332.980  0.3690  0.9950
 4333.000  0.3415  0.9941
 4333.020  0.3174  0.9877
 4333.040  0.2993  0.9744
 4333.060  0.2889  0.9592
 4333.080  0.2861  0.9492
 4333.100  0.2903  0.9465
 4333.120  0.3011  0.9480
 4333.140  0.3185  0.9509
 4333.160  0.3438  0.9549
 4333.180  0.3782  0.9602
 4333.200  0.4229  0.9664
 4333.220  0.4789  0.9717
 4333.240  0.5420  0.9763
 4333.260  0.6052  0.9833
 4333.280  0.6682  0.9920
 4333.300  0.7332  0.9951
 4333.320  0.7964  0.9926
 4333.340  0.8508  0.9952
 4333.360  0.8899  1.0037
 4333.380 -1.0000 -1.0000
 4333.400 -1.0000 -1.0000
 4333.420 -1.0000 -1.0000
 4333.440 -1.0000 -1.0000
 4333.460 -1.0000 -1.0000
 4333.480 -1.0000 -1.0000
 4333.500 -1.0000  0.9446
 4333.520  0.9907  0.9238
 4333.540  0.9941  0.8993
 4333.560  1.0004  0.8822
 4333.580 -1.0000 -1.0000
 4333.600 -1.0000 -1.0000
 4333.620 -1.0000 -1.0000
 4333.640 -1.0000 -1.0000
 4333.660 -1.0000 -1.0000
 4333.680 -1.0000 -1.0000
 4333.700 -1.0000 -1.0000
 4333.720 -1.0000 -1.0000
 4333.740 -1.0000 -1.0000
 4333.760 -1.0000 -1.0000
 4333.780  0.9648  0.9798
 4333.800  0.9644  0.9863
 4333.820  0.9678  0.9918
 4333.840  0.9694  0.9904
 4333.860  0.9683  0.9826
 4333.880  0.9713  0.9730
 4333.900  0.9774  0.9594
 4333.920  0.9829  0.9388
 4333.940  0.9893  0.9148
 4333.960  0.9946  0.8896
 4333.980  0.9941  0.8582
 4334.000  0.9889  0.8165
 4334.020  0.9854  0.7680
 4334.040  0.9836  0.7189
 4334.060  0.9771  0.6713
 4334.080  0.9664  0.6259
 4334.100  0.9571  0.5836
 4334.120  0.9510  0.5453
 4334.140  0.9466  0.5121
 4334.160  0.9410  0.4849
 4334.180  0.9345  0.4624
 4334.200  0.9312  0.4410
 4334.220  0.9326  0.4178
 4334.240  0.9378  0.3936
 4334.260  0.9479  0.3710
 4334.280  0.9615  0.3488
 4334.300  0.9730  0.3247
 4334.320  0.9801  0.3014
 4334.340  0.9855  0.2837
 4334.360  0.9894  0.2725
 4334.380  0.9909  0.2658
 4334.400  0.9908  0.2632
 4334.420  0.9885  0.2646
 4334.440  0.9841  0.2685
 4334.460  0.9787  0.2753
 4334.480  0.9701  0.2895
 4334.500  0.9585  0.3157
 4334.520  0.9475  0.3545
 4334.540  0.9344  0.4001
 4334.560  0.9164  0.4453
 4334.580  0.8958  0.4909
 4334.600  0.8679  0.5474
 4334.620  0.8317  0.6187
 4334.640  0.7939  0.6905
 4334.660  0.7537  0.7531
 4334.680  0.7089  0.8138
 4334.700  0.6619  0.8719
 4334.720  0.6155  0.9183
 4334.740  0.5737  0.9554
 4334.760  0.5382  0.9893
 4334.780  0.5066  1.0148
 4334.800  0.4768  1.0262
 4334.820  0.4513  1.0297
 4334.840  0.4338  1.0307
 4334.860  0.4223  1.0239
 4334.880  0.4113  1.0092
 4334.900  0.3983  0.9998
 4334.920  0.3834  1.0027
 4334.940  0.3671  1.0109
 4334.960  0.3498  1.0168
 4334.980  0.3329  1.0166
 4335.000  0.3181  1.0083
 4335.020  0.3055  0.9976
 4335.040  0.2976  0.9910
 4335.060  0.2956  0.9872
 4335.080  0.2986  0.9819
 4335.100  0.3075  0.9733
 4335.120  0.3239  0.9607
 4335.140  0.3490  0.9456
 4335.160  0.3854  0.9328
 4335.180  0.4331  0.9265
 4335.200  0.4891  0.9265
 4335.220  0.5505  0.9318
 4335.240  0.6157  0.9428
 4335.260  0.6810  0.9565
 4335.280  0.7420  0.9644
 4335.300  0.7987  0.9666
 4335.320  0.8506  0.9726
 4335.340  0.8892  0.9838
 4335.360 -1.0000 -1.0000
 4335.380 -1.0000 -1.0000
 4335.400 -1.0000 -1.0000
 4335.420 -1.0000 -1.0000
 4335.440 -1.0000 -1.0000
 4335.460 -1.0000 -1.0000
 4335.480 -1.0000 -1.0000
 4335.500  1.0168  0.9901
 4335.520  1.0121  0.9813
 4335.540  1.0107  0.9739
 4335.560  1.0095  0.9699
 4335.580  1.0063  0.9657
 4335.600  1.0038  0.9587
 4335.620  1.0011  0.9524
 4335.640  0.9957  0.9490
 4335.660  0.9896  0.9454
 4335.680  0.9852  0.9420
 4335.700  0.9795  0.9420
 4335.720  0.9690  0.9418
 4335.740  0.9561  0.9329
 4335.760  0.9438  0.9141
 4335.780  0.9305  0.8928
 4335.800  0.9169  0.8718
 4335.820  0.9094  0.8451
 4335.840  0.9110  0.8124
 4335.860  0.9197  0.7833
 4335.880  0.9331  0.7608
 4335.900  0.9490  0.7385
 4335.920  0.9658  0.7170
 4335.940  0.9812  0.7004
 4335.960  0.9940  0.6861
 4335.980  1.0036  0.6706
 4336.000  1.0066  0.6486
 4336.020  1.0016  0.6143
 4336.040  0.9952  0.5695
 4336.060  0.9927  0.5213
 4336.080  0.9901  0.4755
 4336.100  0.9825  0.4344
 4336.120  0.9749  0.3980
 4336.140  0.9742  0.3662
 4336.160  0.9761  0.3390
 4336.180  0.9734  0.3158
 4336.200  0.9671  0.2962
 4336.220  0.9617  0.2795
 4336.240  0.9584  0.2648
 4336.260  0.9569  0.2510
 4336.280  0.9545  0.2390
 4336.300  0.9484  0.2325
 4336.320  0.9429  0.2344
 4336.340  0.9420  0.2432
 4336.360  0.9384  0.2575
 4336.380  0.9271  0.2761
 4336.400  0.9092  0.2962
 4336.420  0.8867  0.3190
 4336.440  0.8637  0.3507
 4336.460  0.8389  0.3996
 4336.480  0.8080  0.4698
 4336.500  0.7753  0.5489
 4336.520  0.7455  0.6215
 4336.540  0.7197  0.6891
 4336.560  0.6977  0.7527
 4336.580  0.6788  0.8054
 4336.600  0.6628  0.8490
 4336.620  0.6472  0.8906
 4336.640  0.6283  0.9309
 4336.660  0.6030  0.9654
 4336.680  0.5697  0.9895
 4336.700  0.5304  1.0023
 4336.720  0.4886  1.0066
 4336.740  0.4477  1.0068
 4336.760  0.4118  1.0057
 4336.780  0.3838  1.0046
 4336.800  0.3635  1.0049
 4336.820  0.3484  1.0073
 4336.840  0.3349  1.0096
 4336.860  0.3242  1.0078
 4336.880  0.3183  0.9986
 4336.900  0.3108  0.9801
 4336.920  0.2974  0.9592
 4336.940  0.2861  0.9512
 4336.960  0.2856  0.9629
 4336.980  0.2946  0.9850
 4337.000  0.3087  1.0034
 4337.020  0.3276  1.0084
 4337.040  0.3533  1.0024
 4337.060  0.3865  0.9960
 4337.080  0.4275  0.9958
 4337.100  0.4772  1.0008
 4337.120  0.5360  1.0061
 4337.140  0.6035  1.0136
 4337.160  0.6743  1.0238
 4337.180  0.7380  1.0269
 4337.200  0.7913  1.0196
 4337.220  0.8388  1.0139
 4337.240  0.8818  1.0156
 4337.260  0.9183  1.0140
 4337.280  0.9467  1.0044
 4337.300  0.9679  1.0009
 4337.320  0.9851  1.0065
 4337.340  0.9976  1.0080
 4337.360  1.0044  1.0055
 4337.380 -1.0000 -1.0000
 4337.400 -1.0000 -1.0000
 4337.420 -1.0000 -1.0000
 4337.440 -1.0000 -1.0000
 4337.460 -1.0000 -1.0000
 4337.480  1.0145  0.9805
 4337.500 -1.0000 -1.0000
 4337.520 -1.0000 -1.0000
 4337.540 -1.0000 -1.0000
 4337.560 -1.0000 -1.0000
 4337.580 -1.0000 -1.0000
 4337.600 -1.0000 -1.0000
 4337.620  1.0070  0.9328
 4337.640  1.0084  0.9317
 4337.660  1.0070  0.9384
 4337.680  1.0076  0.9475
 4337.700  1.0113  0.9479
 4337.720  1.0126  0.9379
 4337.740  1.0121  0.9252
 4337.760  1.0142  0.9137
 4337.780  1.0176  0.8984
 4337.800  1.0184  0.8708
 4337.820  1.0168  0.8265
 4337.840  1.0169  0.7698
 4337.860  1.0183  0.7108
 4337.880  1.0172  0.6574
 4337.900  1.0138  0.6094
 4337.920  1.0105  0.5608
 4337.940  1.0076  0.5072
 4337.960  1.0047  0.4512
 4337.980  1.0027  0.4013
 4338.000  1.0015  0.3641
 4338.020  0.9979  0.3372
 4338.040  0.9903  0.3147
 4338.060  0.9808  0.2952
 4338.080  0.9710  0.2804
 4338.100  0.9630  0.2689
 4338.120  0.9558  0.2599
 4338.140  0.9453  0.2571
 4338.160  0.9314  0.2630
 4338.180  0.9175  0.2731
 4338.200  0.9092  0.2846
 4338.220  0.9102  0.3021
 4338.240  0.9179  0.3281
 4338.260  0.9275  0.3576
 4338.280  0.9351  0.3858
 4338.300  0.9378  0.4134
 4338.320  0.9354  0.4442
 4338.340  0.9279  0.4813
 4338.360  0.9144  0.5251
 4338.380  0.8957  0.5734
 4338.400  0.8730  0.6238
 4338.420  0.8472  0.6701
 4338.440  0.8210  0.7054
 4338.460 -1.0000 -1.0000
 4338.480 -1.0000 -1.0000
 4338.500 -1.0000 -1.0000
 4338.520 -1.0000 -1.0000
 4338.540 -1.0000 -1.0000
 4338.560  0.5498  0.9479
 4338.580  0.5156  0.9574
 4338.600  0.4748  0.9704
 4338.620  0.4316  0.9831
 4338.640  0.3895  0.9854
 4338.660  0.3528  0.9769
 4338.680  0.3264  0.9654
 4338.700  0.3130  0.9569
 4338.720  0.3083  0.9476
 4338.740  0.3025  0.9323
 4338.760  0.2922  0.9139
 4338.780  0.2846  0.8952
 4338.800  0.2867  0.8758
 4338.820  0.2969  0.8603
 4338.840  0.3088  0.8562
 4338.860  0.3218  0.8661
 4338.880  0.3397  0.8836
 4338.900  0.3634  0.8961
 4338.920  0.3936  0.9020
 4338.940  0.4320  0.9140
 4338.960  0.4755  0.9349
 4338.980  0.5186  0.9553
 4339.000  0.5621  0.9722
 4339.020  0.6094  0.9848
 4339.040  0.6602  0.9858
 4339.060  0.7115  0.9725
 4339.080  0.7619  0.9610
 4339.100  0.8130  0.9683
 4339.120  0.8610  0.9821
 4339.140  0.8987  0.9898
 4339.160  0.9257  0.9976
 4339.180  0.9443  0.9967
 4339.200  0.9590  0.9859
 4339.220  0.9715  0.9855
 4339.240  0.9785  0.9900
 4339.260  0.9793  0.9786
 4339.280  0.9740  0.9648
 4339.300  0.9666  0.9729
 4339.320  0.9604  0.9884
 4339.340  0.9520  0.9911
 4339.360  0.9414  0.9918
 4339.380  0.9314  0.9961
 4339.400 -1.0000 -1.0000
 4339.420 -1.0000 -1.0000
 4339.440 -1.0000 -1.0000
 4339.460 -1.0000 -1.0000
 4339.480 -1.0000 -1.0000
 4339.500 -1.0000 -1.0000
 4339.520 -1.0000 -1.0000
 4339.540 -1.0000 -1.0000
 4339.560 -1.0000 -1.0000
 4339.580 -1.0000 -1.0000
 4339.600  0.9838  0.7833
 4339.620  0.9891  0.7436
 4339.640  0.9944  0.6907
 4339.660  0.9962  0.6343
 4339.680  0.9932  0.5803
 4339.700  0.9898  0.5272
 4339.720  0.9910  0.4718
 4339.740  0.9947  0.4178
 4339.760  0.9941  0.3721
 4339.780  0.9886  0.3365
 4339.800  0.9860  0.3088
 4339.820  0.9884  0.2869
 4339.840  0.9919  0.2695
 4339.860  0.9962  0.2565
 4339.880  0.9995  0.2501
 4339.900  0.9998  0.2528
 4339.920  1.0004  0.2626
 4339.940  1.0019  0.2745
 4339.960  1.0025  0.2909
 4339.980  1.0030  0.3202
 4340.000  1.0038  0.3609
 4340.020  1.0028  0.4034
 4340.040  0.9979  0.4475
 4340.060  0.9894  0.5007
 4340.080  0.9771  0.5617
 4340.100  0.9601  0.6218
 4340.120  0.9414  0.6799
 4340.140  0.9236  0.7397
 4340.160  0.9040  0.7953
 4340.180  0.8782  0.8387
 4340.200  0.8444  0.8744
 4340.220  0.8069  0.9088
 4340.240  0.7678  0.9362
 4340.260  0.7263  0.9503
 4340.280  0.6825  0.9557
 4340.300  0.6348  0.9604
 4340.320  0.5842  0.9660
 4340.340  0.5366  0.9643
 4340.360  0.4933  0.9513
 4340.380  0.4512  0.9426
 4340.400  0.4110  0.9468
 4340.420  0.3805  0.9490
 4340.440 -1.0000 -1.0000
 4340.460 -1.0000 -1.0000
 4340.480 -1.0000 -1.0000
 4340.500 -1.0000 -1.0000
 4340.520 -1.0000 -1.0000
 4340.540 -1.0000 -1.0000
 4340.560  0.3120  0.9290
 4340.580  0.3215  0.9286
 4340.600  0.3380  0.9346
 4340.620  0.3616  0.9485
 4340.640  0.3917  0.9599
 4340.660  0.4237  0.9603
 4340.680 -1.0000 -1.0000
 4340.700 -1.0000 -1.0000
 4340.720 -1.0000 -1.0000
 4340.740 -1.0000 -1.0000
 4340.760 -1.0000 -1.0000
 4340.780 -1.0000  0.9153
 4340.800  0.8302  0.8941
 4340.820  0.8596  0.8843
 4340.840  0.8868  0.8859
 4340.860  0.9087  0.8849
 4340.880  0.9282  0.8815
 4340.900  0.9457  0.8810
 4340.920  0.9578  0.8829
 4340.940  0.9623  0.8843
 4340.960  0.9598  0.8841
 4340.980 -1.0000 -1.0000
 4341.000 -1.0000 -1.0000
 4341.020 -1.0000 -1.0000
 4341.040 -1.0000 -1.0000
 4341.060 -1.0000 -1.0000
 4341.080 -1.0000 -1.0000
 4341.100 -1.0000 -1.0000
 4341.120 -1.0000 -1.0000
 4341.140  0.9288  0.8904
 4341.160  0.9316  0.8820
 4341.180  0.9354  0.8727
 4341.200  0.9400  0.8649
 4341.220  0.9480  0.8553
 4341.240  0.9595  0.8410
 4341.260  0.9718  0.8205
 4341.280  0.9801  0.7941
 4341.300  0.9808  0.7620
 4341.320  0.9766  0.7214
 4341.340  0.9710  0.6737
 4341.360  0.9646  0.6231
 4341.380  0.9567  0.5705
 4341.400  0.9469  0.5154
 4341.420  0.9357  0.4604
 4341.440  0.9245  0.4110
 4341.460  0.9153  0.3719
 4341.480  0.9066  0.3428
 4341.500  0.8961  0.3196
 4341.520  0.8881  0.3005
 4341.540  0.8882  0.2850
 4341.560  0.8936  0.2733
 4341.580  0.9005  0.2684
 4341.600  0.9091  0.2733
 4341.620  0.9179  0.2876
 4341.640  0.9238  0.3112
 4341.660  0.9232  0.3445
 4341.680  0.9166  0.3834
 4341.700  0.9076  0.4224
 4341.720  0.8991  0.4647
 4341.740  0.8943  0.5184
 4341.760  0.8931  0.5844
 4341.780  0.8931  0.6538
 4341.800  0.8926  0.7167
 4341.820  0.8862  0.7688
 4341.840  0.8720  0.8128
 4341.860  0.8548  0.8517
 4341.880  0.8361  0.8830
 4341.900  0.8126  0.9026
 4341.920  0.7838  0.9143
 4341.940  0.7543  0.9280
 4341.960  0.7249  0.9454
 4341.980  0.6898  0.9585
 4342.000  0.6453  0.9629
 4342.020  0.5948  0.9581
 4342.040  0.5462  0.9476
 4342.060  0.5040  0.9370
 4342.080  0.4652  0.9297
 4342.100  0.4282  0.9260
 4342.120  0.3952  0.9205
 4342.140  0.3670  0.9111
 4342.160  0.3428  0.9037
 4342.180  0.3229  0.9014
 4342.200  0.3103  0.9010
 4342.220  0.3078  0.9030
 4342.240  0.3145  0.9104
 4342.260  0.3285  0.9231
 4342.280  0.3477  0.9363
 4342.300  0.3712  0.9442
 4342.320  0.4004  0.9436
 4342.340  0.4383  0.9365
 4342.360  0.4883  0.9275
 4342.380  0.5483  0.9195
 4342.400  0.6108  0.9139
 4342.420  0.6703  0.9124
 4342.440  0.7272  0.9124
 4342.460  0.7835  0.9053
 4342.480  0.8352  0.8870
 4342.500  0.8751  0.8708
 4342.520  0.9021  0.8748
 4342.540  0.9186  0.8910
 4342.560  0.9258  0.9014
 4342.580  0.9279  0.9122
 4342.600  0.9318  0.9319
 4342.620  0.9398  0.9499
 4342.640  0.9465  0.9601
 4342.660  0.9474  0.9696
 4342.680  0.9461  0.9784
 4342.700  0.9454  0.9801
 4342.720  0.9422  0.9801
 4342.740  0.9364  0.9820
 4342.760  0.9305  0.9675
 4342.780  0.9253  0.9343
 4342.800  0.9213  0.9122
 4342.820  0.9170  0.9030
 4342.840  0.9131  0.8834
 4342.860  0.9148  0.8557
 4342.880  0.9201  0.8226
 4342.900  0.9252  0.7758
 4342.920  0.9333  0.7225
 4342.940  0.9438  0.6735
 4342.960  0.9500  0.6268
 4342.980  0.9486  0.5766
 4343.000  0.9403  0.5225
 4343.020  0.9315  0.4712
 4343.040  0.9269  0.4275
 4343.060  0.9219  0.3877
 4343.080  0.9136  0.3493
 4343.100  0.9060  0.3168
 4343.120  0.9009  0.2957
 4343.140  0.8999  0.2866
 4343.160  0.9057  0.2845
 4343.180  0.9178  0.2829
 4343.200  0.9330  0.2808
 4343.220  0.9487  0.2852
 4343.240  0.9627  0.3021
 4343.260  0.9741  0.3298
 4343.280  0.9832  0.3637
 4343.300  0.9880  0.4029
 4343.320  0.9871  0.4482
 4343.340  0.9829  0.5004
 4343.360  0.9775  0.5601
 4343.380  0.9721  0.6261
 4343.400  0.9658  0.6962
 4343.420  0.9528  0.7654
 4343.440  0.9305  0.8239
 4343.460  0.9052  0.8607
 4343.480  0.8777  0.8745
 4343.500  0.8413  0.8814
 4343.520  0.8016  0.8999
 4343.540  0.7667  0.9279
 4343.560  0.7295  0.9532
 4343.580  0.6844  0.9688
 4343.600  0.6372  0.9679
 4343.620  0.5919  0.9530
 4343.640  0.5481  0.9377
 4343.660  0.5103  0.9271
 4343.680  0.4845  0.9194
 4343.700 -1.0000 -1.0000
 4343.720 -1.0000 -1.0000
 4343.740 -1.0000 -1.0000
 4343.760 -1.0000 -1.0000
 4343.780 -1.0000 -1.0000
 4343.800  0.3100  0.9501
 4343.820  0.3025  0.9381
 4343.840  0.3050  0.9439
 4343.860  0.3168  0.9642
 4343.880  0.3353  0.9803
 4343.900  0.3604  0.9867
 4343.920  0.3925  0.9883
 4343.940  0.4315  0.9889
 4343.960  0.4782  0.9904
 4343.980  0.5330  0.9936
 4344.000  0.5948  0.9992
 4344.020  0.6609  1.0054
 4344.040  0.7254  1.0096
 4344.060  0.7824  1.0118
 4344.080  0.8315  1.0124
 4344.100  0.8733  1.0082
 4344.120  0.9056  0.9976
 4344.140  0.9294  0.9850
 4344.160  0.9481  0.9774
 4344.180  0.9622  0.9797
 4344.200  0.9676  0.9891
 4344.220  0.9629  0.9953
 4344.240  0.9546  0.9924
 4344.260  0.9473  0.9841
 4344.280  0.9387  0.9770
 4344.300  0.9292  0.9729
 4344.320  0.9235  0.9662
 4344.340  0.9227  0.9517
 4344.360  0.9260  0.9321
 4344.380  0.9329  0.9090
 4344.400  0.9417  0.8736
 4344.420  0.9515  0.8265
 4344.440  0.9643  0.7825
 4344.460  0.9772  0.7384
 4344.480  0.9838  0.6837
 4344.500  0.9852  0.6302
 4344.520  0.9856  0.5824
 4344.540  0.9884  0.5307
 4344.560  0.9927  0.4787
 4344.580  0.9922  0.4332
 4344.600  0.9874  0.3914
 4344.620  0.9837  0.3525
 4344.640  0.9825  0.3218
 4344.660  0.9821  0.3023
 4344.680  0.9827  0.2917
 4344.700  0.9854  0.2869
 4344.720  0.9869  0.2854
 4344.740  0.9834  0.2850
 4344.760  0.9791  0.2861
 4344.780  0.9768  0.2927
 4344.800  0.9728  0.3079
 4344.820  0.9677  0.3320
 4344.840  0.9656  0.3652
 4344.860  0.9634  0.4064
 4344.880  0.9560  0.4570
 4344.900  0.9483  0.5185
 4344.920  0.9441  0.5852
 4344.940  0.9377  0.6484
 4344.960  0.9242  0.7056
 4344.980  0.9050  0.7565
 4345.000  0.8836  0.7990
 4345.020  0.8622  0.8344
 4345.040  0.8379  0.8664
 4345.060  0.8077  0.8967
 4345.080  0.7731  0.9237
 4345.100  0.7345  0.9462
 4345.120  0.6942  0.9670
 4345.140  0.6560  0.9884
 4345.160  0.6157  1.0037
 4345.180  0.5699  1.0062
 4345.200  0.5240  0.9991
 4345.220  0.4819  0.9915
 4345.240  0.4415  0.9886
 4345.260  0.4037  0.9894
 4345.280  0.3740  0.9900
 4345.300  0.3530  0.9891
 4345.320  0.3360  0.9903
 4345.340  0.3220  0.9954
 4345.360  0.3139  1.0008
 4345.380  0.3130  1.0032
 4345.400  0.3183  1.0045
 4345.420  0.3313  1.0085
 4345.440  0.3545  1.0143
 4345.460  0.3860  1.0164
 4345.480  0.4225  1.0143
 4345.500  0.4644  1.0139
 4345.520  0.5122  1.0175
 4345.540  0.5654  1.0196
 4345.560  0.6240  1.0145
 4345.580  0.6835  1.0050
 4345.600  0.7371  1.0004
 4345.620  0.7846  1.0020
 4345.640  0.8286  1.0034
 4345.660  0.8664  1.0040
 4345.680  0.8964  1.0035
 4345.700  0.9231  0.9979
 4345.720  0.9472  0.9904
 4345.740  0.9650  0.9847
 4345.760  0.9748  0.9753
 4345.780  0.9782  0.9557
 4345.800  0.9796  0.9272
 4345.820  0.9824  0.8993
 4345.840  0.9864  0.8781
 4345.860  0.9907  0.8555
 4345.880  0.9933  0.8240
 4345.900  0.9928  0.7870
 4345.920  0.9911  0.7452
 4345.940  0.9944  0.6979
 4345.960  1.0039  0.6488
 4345.980  1.0109  0.5995
 4346.000  1.0114  0.5460
 4346.020  1.0118  0.4849
 4346.040  1.0151  0.4226
 4346.060  1.0180  0.3728
 4346.080  1.0213  0.3405
 4346.100  1.0267  0.3156
 4346.120  1.0310  0.2935
 4346.140  1.0299  0.2818
 4346.160  1.0233  0.2760
 4346.180  1.0188  0.2681
 4346.200  1.0183  0.2678
 4346.220  1.0154  0.2824
 4346.240  1.0106  0.3027
 4346.260  1.0059  0.3200
 4346.280  0.9992  0.3380
 4346.300  0.9889  0.3624
 4346.320  0.9761  0.3902
 4346.340 -1.0000 -1.0000
 4346.360 -1.0000 -1.0000
 4346.380 -1.0000 -1.0000
 4346.400 -1.0000 -1.0000
 4346.420 -1.0000 -1.0000
 4346.440 -1.0000 -1.0000
 4346.460 -1.0000 -1.0000
 4346.480 -1.0000 -1.0000
 4346.500 -1.0000 -1.0000
 4346.520  0.8072  0.9423
 4346.540  0.7790  0.9619
 4346.560  0.7431  0.9793
 4346.580  0.7032  0.9941
 4346.600  0.6605  1.0050
 4346.620  0.6185  1.0082
 4346.640  0.5755  1.0003
 4346.660  0.5316  0.9863
 4346.680  0.4958  0.9757
 4346.700 -1.0000 -1.0000
 4346.720 -1.0000 -1.0000
 4346.740 -1.0000 -1.0000
 4346.760 -1.0000 -1.0000
 4346.780 -1.0000 -1.0000
 4346.800  0.3061  0.9754
 4346.820  0.3034  0.9718
 4346.840  0.3086  0.9721
 4346.860  0.3163  0.9746
 4346.880  0.3280  0.9726
 4346.900  0.3478  0.9653
 4346.920  0.3745  0.9618
 4346.940  0.4090  0.9661
 4346.960  0.4528  0.9704
 4346.980  0.5049  0.9712
 4347.000  0.5645  0.9764
 4347.020  0.6286  0.9878
 4347.040  0.6932  0.9949
 4347.060  0.7560  0.9929
 4347.080  0.8151  0.9873
 4347.100  0.8657  0.9783
 4347.120  0.9039  0.9611
 4347.140  0.9294  0.9411
 4347.160 -1.0000 -1.0000
 4347.180 -1.0000 -1.0000
 4347.200 -1.0000 -1.0000
 4347.220 -1.0000 -1.0000
 4347.240 -1.0000 -1.0000
 4347.260  1.0017  0.8253
 4347.280  1.0027  0.7712
 4347.300  1.0047  0.7081
 4347.320  1.0067  0.6592
 4347.340  1.0106  0.6150
 4347.360  1.0149  0.5606
 4347.380  1.0127  0.5104
 4347.400  1.0030  0.4756
 4347.420  0.9930  0.4497
 4347.440 -1.0000 -1.0000
 4347.460 -1.0000 -1.0000
 4347.480 -1.0000 -1.0000
 4347.500 -1.0000 -1.0000
 4347.520 -1.0000 -1.0000
 4347.540 -1.0000 -1.0000
 4347.560  0.9773  0.2608
 4347.580  0.9775  0.2675
 4347.600  0.9771  0.2799
 4347.620  0.9777  0.2928
 4347.640  0.9768  0.3067
 4347.660  0.9727  0.3246
 4347.680 -1.0000 -1.0000
 4347.700 -1.0000 -1.0000
 4347.720 -1.0000 -1.0000
 4347.740 -1.0000 -1.0000
 4347.760 -1.0000 -1.0000
 4347.780 -1.0000 -1.0000
 4347.800  0.9424  0.7054
 4347.820  0.9256  0.7395
 4347.840  0.9005  0.7863
 4347.860  0.8693  0.8419
 4347.880  0.8346  0.8954
 4347.900  0.7990  0.9385
 4347.920  0.7620  0.9694
 4347.940  0.7226  0.9890
 4347.960  0.6809  0.9981
 4347.980  0.6361  1.0012
 4348.000  0.5897  1.0056
 4348.020  0.5458  1.0119
 4348.040  0.5070  1.0146
 4348.060  0.4720  1.0118
 4348.080  0.4383  1.0033
 4348.100  0.4074  0.9855
 4348.120  0.3819  0.9628
 4348.140  0.3586  0.9489
 4348.160  0.3331  0.9426
 4348.180  0.3117  0.9346
 4348.200  0.3036  0.9305
 4348.220  0.3082  0.9311
 4348.240  0.3194  0.9250
 4348.260  0.3309  0.9109
 4348.280  0.3413  0.8954
 4348.300  0.3573  0.8805
 4348.320  0.3847  0.8660
 4348.340  0.4222  0.8518
 4348.360  0.4687  0.8372
 4348.380  0.5237  0.8215
 4348.400  0.5842  0.8040
 4348.420  0.6464  0.7815
 4348.440  0.7080  0.7503
 4348.460  0.7687  0.7095
 4348.480  0.8259  0.6614
 4348.500  0.8755  0.6094
 4348.520  0.9149  0.5579
 4348.540  0.9443  0.5121
 4348.560  0.9656  0.4730
 4348.580  0.9788  0.4390
 4348.600  0.9844  0.4107
 4348.620  0.9866  0.3887
 4348.640  0.9880  0.3702
 4348.660  0.9888  0.3525
 4348.680  0.9897  0.3351
 4348.700  0.9899  0.3195
 4348.720  0.9894  0.3077
 4348.740  0.9865  0.2990
 4348.760  0.9788  0.2903
 4348.780  0.9700  0.2793
 4348.800  0.9634  0.2665
 4348.820  0.9579  0.2559
 4348.840  0.9520  0.2520
 4348.860 -1.0000 -1.0000
 4348.880 -1.0000 -1.0000
 4348.900 -1.0000 -1.0000
 4348.920 -1.0000 -1.0000
 4348.940 -1.0000 -1.0000
 4348.960 -1.0000 -1.0000
 4348.980 -1.0000 -1.0000
 4349.000 -1.0000 -1.0000
 4349.020 -1.0000  0.3952
 4349.040  0.8011  0.4229
 4349.060  0.7747  0.4690
 4349.080  0.7378  0.5312
 4349.100  0.6939  0.5975
 4349.120  0.6461  0.6578
 4349.140  0.5991  0.7134
 4349.160  0.5533  0.7690
 4349.180  0.5065  0.8253
 4349.200  0.4627  0.8817
 4349.220  0.4270  0.9333
 4349.240  0.4000  0.9708
 4349.260  0.3811  0.9897
 4349.280  0.3688  0.9960
 4349.300  0.3598  1.0014
 4349.320  0.3527  1.0115
 4349.340  0.3478  1.0214
 4349.360  0.3443  1.0238
 4349.380  0.3396  1.0167
 4349.400  0.3322  1.0032
 4349.420  0.3232  0.9896
 4349.440  0.3151  0.9839
 4349.460  0.3106  0.9908
 4349.480  0.3114  1.0043
 4349.500  0.3160  1.0126
 4349.520  0.3192  1.0095
 4349.540  0.3193  0.9971
 4349.560  0.3198  0.9822
 4349.580  0.3260  0.9708
 4349.600  0.3420  0.9657
 4349.620  0.3670  0.9672
 4349.640  0.3974  0.9726
 4349.660  0.4321  0.9734
 4349.680  0.4745  0.9626
 4349.700  0.5268  0.9445
 4349.720  0.5860  0.9237
 4349.740  0.6420  0.8985
 4349.760  0.6839  0.8708
 4349.780 -1.0000 -1.0000
 4349.800 -1.0000 -1.0000
 4349.820 -1.0000 -1.0000
 4349.840 -1.0000 -1.0000
 4349.860 -1.0000 -1.0000
 4349.880 -1.0000 -1.0000
 4349.900  1.0011  0.5576
 4349.920  0.9998  0.5166
 4349.940  0.9957  0.4684
 4349.960  0.9940  0.4222
 4349.980  0.9919  0.3815
 4350.000  0.9894  0.3488
 4350.020  0.9864  0.3254
 4350.040  0.9808  0.3075
 4350.060  0.9736  0.2925
 4350.080  0.9658  0.2829
 4350.100  0.9581  0.2809
 4350.120  0.9538  0.2851
 4350.140  0.9535  0.2920
 4350.160  0.9567  0.3000
 4350.180  0.9631  0.3112
 4350.200  0.9677  0.3285
 4350.220  0.9684  0.3512
 4350.240  0.9687  0.3765
 4350.260  0.9696  0.4051
 4350.280  0.9690  0.4418
 4350.300  0.9647  0.4872
 4350.320  0.9551  0.5335
 4350.340  0.9422  0.5744
 4350.360  0.9262  0.6165
 4350.380  0.9020  0.6699
 4350.400  0.8718  0.7280
 4350.420  0.8441  0.7837
 4350.440  0.8174  0.8420
 4350.460  0.7866  0.8938
 4350.480 -1.0000 -1.0000
 4350.500 -1.0000 -1.0000
 4350.520 -1.0000 -1.0000
 4350.540 -1.0000 -1.0000
 4350.560 -1.0000 -1.0000
 4350.580 -1.0000 -1.0000
 4350.600  0.4804  1.0088
 4350.620  0.4560  0.9973
 4350.640  0.4344  0.9928
 4350.660 -1.0000 -1.0000
 4350.680 -1.0000 -1.0000
 4350.700 -1.0000 -1.0000
 4350.720 -1.0000 -1.0000
 4350.740 -1.0000 -1.0000
 4350.760 -1.0000 -1.0000
 4350.780  0.3189 -1.0000
 4350.800  0.3295  0.9990
 4350.820  0.3418  0.9834
 4350.840  0.3561  0.9660
 4350.860  0.3740  0.9494
 4350.880  0.3960  0.9245
 4350.900  0.4274  0.8886
 4350.920  0.4707  0.8566
 4350.940  0.5187  0.8331
 4350.960  0.5609  0.8068
 4350.980 -1.0000 -1.0000
 4351.000 -1.0000 -1.0000
 4351.020 -1.0000 -1.0000
 4351.040 -1.0000 -1.0000
 4351.060 -1.0000 -1.0000
 4351.080 -1.0000 -1.0000
 4351.100 -1.0000 -1.0000
 4351.120  0.9693  0.4212
 4351.140  0.9797  0.3957
 4351.160  0.9839  0.3663
 4351.180  0.9864  0.3370
 4351.200  0.9902  0.3108
 4351.220  0.9956  0.2896
 4351.240  1.0001  0.2783
 4351.260  1.0003  0.2781
 4351.280  0.9952  0.2818
 4351.300  0.9884  0.2859
 4351.320  0.9843  0.2933
 4351.340  0.9841  0.3048
 4351.360  0.9865  0.3183
 4351.380  0.9879  0.3348
 4351.400  0.9862  0.3582
 4351.420  0.9822  0.3903
 4351.440  0.9773  0.4287
 4351.460  0.9711  0.4691
 4351.480  0.9626  0.5069
 4351.500  0.9514  0.5414
 4351.520  0.9367  0.5795
 4351.540  0.9146  0.6219
 4351.560  0.8866  0.6691
 4351.580  0.8596  0.7318
 4351.600  0.8326  0.8012
 4351.620  0.7991  0.8560
 4351.640  0.7582  0.8967
 4351.660  0.7135  0.9300
 4351.680  0.6686  0.9561
 4351.700  0.6241  0.9780
 4351.720  0.5805  0.9970
 4351.740  0.5391  1.0102
 4351.760  0.4979  1.0145
 4351.780  0.4568  1.0102
 4351.800  0.4190  1.0042
 4351.820  0.3874  1.0043
 4351.840  0.3625  1.0081
 4351.860  0.3446  1.0096
 4351.880  0.3340  1.0082
 4351.900  0.3292  1.0050
 4351.920  0.3279  0.9965
 4351.940  0.3301  0.9802
 4351.960  0.3360  0.9603
 4351.980  0.3431  0.9390
 4352.000  0.3516  0.9122
 4352.020  0.3653  0.8790
 4352.040  0.3862  0.8449
 4352.060  0.4156  0.8141
 4352.080  0.4532  0.7797
 4352.100  0.4957  0.7321
 4352.120  0.5406  0.6748
 4352.140  0.5875  0.6178
 4352.160  0.6369  0.5651
 4352.180  0.6899  0.5159
 4352.200  0.7449  0.4696
 4352.220  0.7979  0.4281
 4352.240  0.8449  0.3934
 4352.260  0.8834  0.3635
 4352.280  0.9121  0.3362
 4352.300  0.9320  0.3143
 4352.320  0.9473  0.3016
 4352.340  0.9608  0.2980
 4352.360  0.9704  0.3005
 4352.380  0.9747  0.3070
 4352.400  0.9761  0.3148
 4352.420  0.9779  0.3223
 4352.440  0.9801  0.3321
 4352.460  0.9822  0.3492
 4352.480  0.9829  0.3736
 4352.500  0.9809  0.4007
 4352.520  0.9765  0.4301
 4352.540  0.9712  0.4654
 4352.560  0.9635  0.5071
 4352.580  0.9501  0.5511
 4352.600  0.9310  0.5947
 4352.620  0.9081  0.6383
 4352.640  0.8809  0.6830
 4352.660  0.8486  0.7258
 4352.680  0.8152  0.7584
 4352.700  0.7837  0.7769
 4352.720  0.7503  0.7850
 4352.740  0.7130  0.7852
 4352.760  0.6735  0.7746
 4352.780  0.6322  0.7511
 4352.800  0.5897  0.7163
 4352.820  0.5480  0.6747
 4352.840  0.5073  0.6306
 4352.860  0.4678  0.5888
 4352.880  0.4319  0.5565
 4352.900  0.4011  0.5357
 4352.920  0.3747  0.5212
 4352.940  0.3517  0.5089
 4352.960  0.3329  0.5016
 4352.980 -1.0000 -1.0000
 4353.000 -1.0000 -1.0000
 4322.000  0.0000  0.0000
 4322.020  0.0000  0.0000
 4322.040 -0.0021  0.0011
 4322.060  0.0010  0.0015
 4322.080  0.0043  0.0011
 4322.100  0.0035 -0.0021
 4322.120 -0.0005 -0.0067
 4322.140 -0.0035 -0.0089
 4322.160 -0.0046 -0.0066
 4322.180 -0.0042 -0.0010
 4322.200 -0.0022  0.0033
 4322.220 -0.0019  0.0026
 4322.240 -0.0041 -0.0038
 4322.260 -0.0053 -0.0130
 4322.280 -0.0053 -0.0202
 4322.300 -0.0063 -0.0222
 4322.320 -0.0069 -0.0191
 4322.340 -0.0052 -0.0148
 4322.360 -0.0025 -0.0140
 4322.380 -0.0009 -0.0179
 4322.400 -0.0017 -0.0225
 4322.420 -0.0039 -0.0220
 4322.440 -0.0046 -0.0158
 4322.460 -0.0032 -0.0098
 4322.480 -0.0022 -0.0087
 4322.500 -0.0020 -0.0113
 4322.520 -0.0015 -0.0128
 4322.540 -0.0005 -0.0110
 4322.560 -0.0005 -0.0084
 4322.580 -0.0029 -0.0085
 4322.600 -0.0061 -0.0098
 4322.620 -0.0065 -0.0078
 4322.640 -0.0045 -0.0012
 4322.660 -0.0040  0.0059
 4322.680 -0.0053  0.0076
 4322.700 -0.0063  0.0024
 4322.720 -0.0069 -0.0040
 4322.740 -0.0079 -0.0049
 4322.760 -0.0095 -0.0001
 4322.780 -0.0102  0.0048
 4322.800 -0.0092  0.0039
 4322.820 -0.0080 -0.0028
 4322.840 -0.0071 -0.0092
 4322.860 -0.0056 -0.0104
 4322.880 -0.0040 -0.0074
 4322.900 -0.0036 -0.0035
 4322.920 -0.0030 -0.0008
 4322.940 -0.0013  0.0009
 4322.960  0.0000  0.0019
 4322.980 -0.0001  0.0013
 4323.000 -0.0007 -0.0018
 4323.020 -0.0014 -0.0059
 4323.040 -0.0029 -0.0089
 4323.060 -0.0043 -0.0104
 4323.080 -0.0053 -0.0112
 4323.100 -0.0075 -0.0105
 4323.120 -0.0096 -0.0073
 4323.140 -0.0080 -0.0035
 4323.160 -0.0031 -0.0020
 4323.180  0.0008 -0.0041
 4323.200  0.0015 -0.0084
 4323.220  0.0011 -0.0115
 4323.240  0.0007 -0.0115
 4323.260 -0.0009 -0.0093
 4323.280 -0.0022 -0.0061
 4323.300 -0.0004 -0.0027
 4323.320  0.0026 -0.0006
 4323.340  0.0028 -0.0012
 4323.360  0.0000 -0.0032
 4323.380 -0.0025 -0.0036
 4323.400 -0.0029 -0.0025
 4323.420 -0.0019 -0.0028
 4323.440 -0.0012 -0.0052
 4323.460 -0.0007 -0.0070
 4323.480 -0.0002 -0.0047
 4323.500 -0.0001  0.0008
 4323.520 -0.0013  0.0039
 4323.540 -0.0029  0.0006
 4323.560 -0.0023 -0.0057
 4323.580  0.0000 -0.0088
 4323.600  0.0014 -0.0072
 4323.620  0.0021 -0.0035
 4323.640  0.0039 -0.0011
 4323.660  0.0054 -0.0011
 4323.680  0.0055 -0.0024
 4323.700  0.0054 -0.0016
 4323.720  0.0051  0.0030
 4323.740  0.0050  0.0074
 4323.760  0.0056  0.0053
 4323.780  0.0053 -0.0033
 4323.800  0.0018 -0.0107
 4323.820 -0.0033 -0.0096
 4323.840 -0.0038 -0.0006
 4323.860  0.0008  0.0082
 4323.880  0.0034  0.0091
 4323.900  0.0010  0.0039
 4323.920 -0.0015 -0.0012
 4323.940 -0.0012 -0.0040
 4323.960 -0.0009 -0.0057
 4323.980 -0.0023 -0.0070
 4324.000 -0.0021 -0.0075
 4324.020  0.0010 -0.0078
 4324.040  0.0032 -0.0076
 4324.060  0.0022 -0.0050
 4324.080 -0.0012 -0.0007
 4324.100 -0.0053  0.0014
 4324.120 -0.0069 -0.0013
 4324.140 -0.0042 -0.0064
 4324.160 -0.0007 -0.0093
 4324.180  0.0005 -0.0072
 4324.200 -0.0002 -0.0025
 4324.220 -0.0016  0.0003
 4324.240 -0.0026 -0.0010
 4324.260 -0.0027 -0.0048
 4324.280 -0.0024 -0.0081
 4324.300 -0.0020 -0.0087
 4324.320 -0.0013 -0.0065
 4324.340 -0.0002 -0.0033
 4324.360  0.0001 -0.0020
 4324.380 -0.0008 -0.0031
 4324.400 -0.0008 -0.0032
 4324.420  0.0002 -0.0001
 4324.440 -0.0002  0.0035
 4324.460 -0.0010  0.0044
 4324.480 -0.0001  0.0033
 4324.500  0.0013  0.0014
 4324.520  0.0018 -0.0018
 4324.540  0.0010 -0.0061
 4324.560 -0.0006 -0.0090
 4324.580 -0.0015 -0.0091
 4324.600 -0.0010 -0.0078
 4324.620 -0.0010 -0.0086
 4324.640 -0.0021 -0.0127
 4324.660 -0.0034 -0.0163
 4324.680 -0.0046 -0.0144
 4324.700 -0.0054 -0.0068
 4324.720 -0.0039  0.0022
 4324.740 -0.0002  0.0083
 4324.760  0.0027  0.0096
 4324.780  0.0019  0.0062
 4324.800 -0.0007  0.0003
 4324.820 -0.0027 -0.0048
 4324.840 -0.0047 -0.0078
 4324.860 -0.0058 -0.0117
 4324.880 -0.0038 -0.0179
 4324.900 -0.0015 -0.0216
 4324.920 -0.0046 -0.0172
 4324.940 -0.0106 -0.0065
 4324.960 -0.0114  0.0010
 4324.980 -0.0069 -0.0015
 4325.000 -0.0022 -0.0103
 4325.020 -0.0004 -0.0167
 4325.040 -0.0019 -0.0163
 4325.060 -0.0055 -0.0116
 4325.080 -0.0085 -0.0067
 4325.100 -0.0091 -0.0036
 4325.120 -0.0078 -0.0016
 4325.140 -0.0065  0.0011
 4325.160 -0.0060  0.0051
 4325.180 -0.0059  0.0090
 4325.200 -0.0048  0.0108
 4325.220 -0.0033  0.0097
 4325.240 -0.0036  0.0069
 4325.260 -0.0042  0.0045
 4325.280 -0.0036  0.0036
 4325.300 -0.0029  0.0046
 4325.320 -0.0033  0.0071
 4325.340 -0.0032  0.0097
 4325.360 -0.0012  0.0096
 4325.380  0.0004  0.0057
 4325.400 -0.0006  0.0003
 4325.420 -0.0025 -0.0021
 4325.440 -0.0031  0.0012
 4325.460 -0.0023  0.0078
 4325.480 -0.0017  0.0124
 4325.500 -0.0022  0.0119
 4325.520 -0.0027  0.0077
 4325.540 -0.0019  0.0035
 4325.560  0.0003  0.0022
 4325.580  0.0015  0.0033
 4325.600  0.0006  0.0045
 4325.620 -0.0001  0.0039
 4325.640  0.0011  0.0009
 4325.660  0.0023 -0.0028
 4325.680  0.0015 -0.0053
 4325.700 -0.0001 -0.0059
 4325.720 -0.0005 -0.0047
 4325.740  0.0001 -0.0031
 4325.760  0.0007 -0.0024
 4325.780  0.0004 -0.0035
 4325.800 -0.0005 -0.0055
 4325.820  0.0000 -0.0069
 4325.840  0.0024 -0.0072
 4325.860  0.0055 -0.0076
 4325.880  0.0072 -0.0090
 4325.900  0.0065 -0.0104
 4325.920  0.0034 -0.0090
 4325.940 -0.0007 -0.0038
 4325.960 -0.0027  0.0011
 4325.980 -0.0013  0.0007
 4326.000  0.0015 -0.0047
 4326.020  0.0030 -0.0113
 4326.040  0.0019 -0.0154
 4326.060  0.0001 -0.0161
 4326.080  0.0004 -0.0147
 4326.100  0.0015 -0.0121
 4326.120  0.0009 -0.0084
 4326.140 -0.0011 -0.0046
 4326.160 -0.0031 -0.0033
 4326.180 -0.0044 -0.0042
 4326.200 -0.0042 -0.0045
 4326.220 -0.0030 -0.0032
 4326.240 -0.0015 -0.0031
 4326.260 -0.0006 -0.0047
 4326.280 -0.0009 -0.0053
 4326.300 -0.0018 -0.0037
 4326.320 -0.0019 -0.0019
 4326.340 -0.0020 -0.0028
 4326.360 -0.0040 -0.0067
 4326.380 -0.0063 -0.0098
 4326.400 -0.0064 -0.0092
 4326.420 -0.0051 -0.0074
 4326.440 -0.0037 -0.0078
 4326.460 -0.0011 -0.0089
 4326.480  0.0016 -0.0078
 4326.500  0.0025 -0.0060
 4326.520  0.0030 -0.0063
 4326.540  0.0030 -0.0087
 4326.560  0.0011 -0.0102
 4326.580 -0.0015 -0.0078
 4326.600 -0.0015 -0.0018
 4326.620  0.0008  0.0036
 4326.640  0.0031  0.0039
 4326.660  0.0044 -0.0021
 4326.680  0.0044 -0.0116
 4326.700  0.0031 -0.0198
 4326.720  0.0023 -0.0219
 4326.740  0.0031 -0.0170
 4326.760  0.0037 -0.0097
 4326.780  0.0022 -0.0060
 4326.800 -0.0004 -0.0071
 4326.820 -0.0025 -0.0098
 4326.840 -0.0031 -0.0100
 4326.860 -0.0025 -0.0067
 4326.880 -0.0021 -0.0022
 4326.900 -0.0022  0.0010
 4326.920 -0.0029  0.0025
 4326.940 -0.0045  0.0027
 4326.960 -0.0050  0.0012
 4326.980 -0.0038 -0.0013
 4327.000 -0.0019 -0.0025
 4327.020 -0.0006 -0.0017
 4327.040 -0.0010 -0.0011
 4327.060 -0.0024 -0.0029
 4327.080 -0.0022 -0.0061
 4327.100 -0.0003 -0.0073
 4327.120  0.0003 -0.0043
 4327.140 -0.0006 -0.0003
 4327.160 -0.0026  0.0005
 4327.180 -0.0052 -0.0015
 4327.200 -0.0066 -0.0028
 4327.220 -0.0054 -0.0036
 4327.240 -0.0030 -0.0062
 4327.260 -0.0021 -0.0094
 4327.280 -0.0043 -0.0101
 4327.300 -0.0066 -0.0068
 4327.320 -0.0067 -0.0016
 4327.340 -0.0063  0.0022
 4327.360 -0.0058  0.0034
 4327.380 -0.0033  0.0033
 4327.400 -0.0016  0.0027
 4327.420 -0.0032  0.0006
 4327.440 -0.0052 -0.0009
 4327.460 -0.0059  0.0021
 4327.480 -0.0053  0.0077
 4327.500 -0.0041  0.0085
 4327.520 -0.0031  0.0009
 4327.540 -0.0020 -0.0093
 4327.560 -0.0010 -0.0139
 4327.580 -0.0022 -0.0101
 4327.600 -0.0053 -0.0033
 4327.620 -0.0067 -0.0005
 4327.640 -0.0051 -0.0023
 4327.660 -0.0034 -0.0042
 4327.680 -0.0034 -0.0040
 4327.700 -0.0032 -0.0030
 4327.720 -0.0020 -0.0024
 4327.740 -0.0025 -0.0022
 4327.760 -0.0047 -0.0010
 4327.780 -0.0054  0.0019
 4327.800 -0.0048  0.0049
 4327.820 -0.0040  0.0058
 4327.840 -0.0040  0.0037
 4327.860 -0.0053  0.0011
 4327.880 -0.0062  0.0015
 4327.900 -0.0048  0.0061
 4327.920 -0.0027  0.0118
 4327.940 -0.0027  0.0138
 4327.960 -0.0038  0.0102
 4327.980 -0.0047  0.0040
 4328.000 -0.0049 -0.0007
 4328.020 -0.0040 -0.0041
 4328.040 -0.0030 -0.0084
 4328.060 -0.0034 -0.0126
 4328.080 -0.0033 -0.0132
 4328.100 -0.0015 -0.0095
 4328.120  0.0000 -0.0046
 4328.140  0.0021 -0.0025
 4328.160  0.0046 -0.0031
 4328.180  0.0043 -0.0029
 4328.200  0.0006 -0.0007
 4328.220 -0.0029 -0.0006
 4328.240 -0.0027 -0.0051
 4328.260  0.0011 -0.0102
 4328.280  0.0046 -0.0125
 4328.300  0.0048 -0.0126
 4328.320  0.0023 -0.0109
 4328.340  0.0004 -0.0063
 4328.360  0.0011 -0.0005
 4328.380  0.0025  0.0017
 4328.400  0.0012 -0.0016
 4328.420 -0.0014 -0.0067
 4328.440 -0.0019 -0.0070
 4328.460 -0.0003 -0.0004
 4328.480  0.0019  0.0064
 4328.500  0.0031  0.0062
 4328.520  0.0021  0.0011
 4328.540 -0.0007 -0.0027
 4328.560 -0.0032 -0.0040
 4328.580 -0.0041 -0.0040
 4328.600 -0.0057 -0.0020
 4328.620 -0.0077  0.0020
 4328.640 -0.0063  0.0044
 4328.660 -0.0030  0.0030
 4328.680 -0.0017 -0.0002
 4328.700 -0.0003 -0.0019
 4328.720  0.0023 -0.0016
 4328.740  0.0014 -0.0009
 4328.760 -0.0026 -0.0017
 4328.780 -0.0016 -0.0031
 4328.800  0.0052 -0.0033
 4328.820  0.0097 -0.0033
 4328.840  0.0083 -0.0055
 4328.860  0.0049 -0.0093
 4328.880  0.0033 -0.0122
 4328.900  0.0033 -0.0144
 4328.920  0.0023 -0.0173
 4328.940  0.0005 -0.0202
 4328.960  0.0008 -0.0210
 4328.980  0.0043 -0.0183
 4329.000  0.0064 -0.0122
 4329.020  0.0024 -0.0047
 4329.040 -0.0031  0.0008
 4329.060 -0.0048  0.0020
 4329.080 -0.0035 -0.0003
 4329.100 -0.0014 -0.0040
 4329.120 -0.0006 -0.0077
 4329.140 -0.0014 -0.0112
 4329.160 -0.0014 -0.0128
 4329.180 -0.0004 -0.0106
 4329.200 -0.0006 -0.0061
 4329.220 -0.0013 -0.0034
 4329.240 -0.0012 -0.0049
 4329.260 -0.0006 -0.0087
 4329.280 -0.0005 -0.0110
 4329.300 -0.0032 -0.0096
 4329.320 -0.0082 -0.0060
 4329.340 -0.0096 -0.0036
 4329.360 -0.0053 -0.0043
 4329.380 -0.0005 -0.0073
 4329.400  0.0007 -0.0112
 4329.420 -0.0004 -0.0131
 4329.440 -0.0004 -0.0111
 4329.460  0.0006 -0.0062
 4329.480  0.0000 -0.0030
 4329.500 -0.0019 -0.0040
 4329.520 -0.0038 -0.0070
 4329.540 -0.0043 -0.0095
 4329.560 -0.0031 -0.0106
 4329.580 -0.0027 -0.0090
 4329.600 -0.0034 -0.0027
 4329.620 -0.0025  0.0063
 4329.640 -0.0011  0.0127
 4329.660 -0.0034  0.0136
 4329.680 -0.0081  0.0108
 4329.700 -0.0092  0.0070
 4329.720 -0.0061  0.0037
 4329.740 -0.0038  0.0017
 4329.760 -0.0033  0.0005
 4329.780 -0.0013 -0.0015
 4329.800  0.0012 -0.0060
 4329.820  0.0016 -0.0128
 4329.840  0.0016 -0.0183
 4329.860  0.0023 -0.0169
 4329.880  0.0025 -0.0090
 4329.900  0.0010 -0.0028
 4329.920 -0.0010 -0.0029
 4329.940 -0.0025 -0.0044
 4329.960 -0.0024 -0.0023
 4329.980 -0.0004  0.0017
 4330.000  0.0019  0.0022
 4330.020  0.0028 -0.0029
 4330.040  0.0021 -0.0091
 4330.060  0.0020 -0.0080
 4330.080  0.0033  0.0039
 4330.100  0.0018  0.0196
 4330.120 -0.0031  0.0264
 4330.140 -0.0063  0.0188
 4330.160 -0.0059  0.0056
 4330.180 -0.0037 -0.0025
 4330.200 -0.0004 -0.0031
 4330.220  0.0012  0.0000
 4330.240 -0.0004  0.0013
 4330.260 -0.0026 -0.0005
 4330.280 -0.0027 -0.0027
 4330.300 -0.0014 -0.0031
 4330.320  0.0008 -0.0039
 4330.340  0.0021 -0.0064
 4330.360  0.0014 -0.0082
 4330.380  0.0006 -0.0066
 4330.400  0.0005 -0.0017
 4330.420 -0.0003  0.0041
 4330.440 -0.0006  0.0081
 4330.460 -0.0002  0.0089
 4330.480 -0.0004  0.0070
 4330.500 -0.0014  0.0045
 4330.520 -0.0011  0.0025
 4330.540  0.0020 -0.0001
 4330.560  0.0059 -0.0050
 4330.580  0.0069 -0.0102
 4330.600  0.0045 -0.0129
 4330.620  0.0016 -0.0126
 4330.640  0.0004 -0.0117
 4330.660  0.0003 -0.0121
 4330.680  0.0001 -0.0130
 4330.700  0.0001 -0.0108
 4330.720  0.0010 -0.0049
 4330.740  0.0024  0.0005
 4330.760  0.0018  0.0013
 4330.780 -0.0017 -0.0019
 4330.800 -0.0054 -0.0049
 4330.820 -0.0061 -0.0045
 4330.840 -0.0037 -0.0017
 4330.860  0.0002 -0.0001
 4330.880  0.0032 -0.0016
 4330.900  0.0024 -0.0036
 4330.920  0.0000 -0.0024
 4330.940  0.0006  0.0022
 4330.960  0.0025  0.0053
 4330.980  0.0033  0.0021
 4331.000  0.0039 -0.0049
 4331.020  0.0028 -0.0100
 4331.040 -0.0001 -0.0099
 4331.060 -0.0017 -0.0057
 4331.080 -0.0017 -0.0004
 4331.100 -0.0023  0.0026
 4331.120 -0.0032  0.0017
 4331.140 -0.0035 -0.0017
 4331.160 -0.0025 -0.0042
 4331.180 -0.0004 -0.0044
 4331.200  0.0008 -0.0041
 4331.220  0.0009 -0.0039
 4331.240  0.0013 -0.0021
 4331.260  0.0011  0.0013
 4331.280 -0.0011  0.0033
 4331.300 -0.0039  0.0011
 4331.320 -0.0052 -0.0045
 4331.340 -0.0045 -0.0084
 4331.360 -0.0032 -0.0072
 4331.380 -0.0034 -0.0035
 4331.400 -0.0049 -0.0016
 4331.420 -0.0055  0.0004
 4331.440 -0.0041  0.0052
 4331.460 -0.0025  0.0086
 4331.480 -0.0029  0.0067
 4331.500 -0.0041  0.0038
 4331.520 -0.0046  0.0050
 4331.540 -0.0045  0.0086
 4331.560 -0.0046  0.0082
 4331.580 -0.0042  0.0011
 4331.600 -0.0029 -0.0083
 4331.620 -0.0014 -0.0115
 4331.640 -0.0015 -0.0067
 4331.660 -0.0027  0.0003
 4331.680 -0.0026  0.0041
 4331.700 -0.0030  0.0048
 4331.720 -0.0059  0.0033
 4331.740 -0.0086 -0.0003
 4331.760 -0.0087 -0.0040
 4331.780 -0.0069 -0.0056
 4331.800 -0.0044 -0.0049
 4331.820 -0.0024 -0.0039
 4331.840 -0.0021 -0.0035
 4331.860 -0.0035 -0.0029
 4331.880 -0.0050 -0.0006
 4331.900 -0.0065  0.0030
 4331.920 -0.0078  0.0054
 4331.940 -0.0077  0.0038
 4331.960 -0.0052 -0.0017
 4331.980 -0.0025 -0.0072
 4332.000 -0.0032 -0.0078
 4332.020 -0.0059 -0.0024
 4332.040 -0.0070  0.0045
 4332.060 -0.0059  0.0077
 4332.080 -0.0043  0.0061
 4332.100 -0.0030  0.0033
 4332.120 -0.0011  0.0036
 4332.140  0.0019  0.0074
 4332.160  0.0040  0.0118
 4332.180  0.0024  0.0141
 4332.200 -0.0017  0.0138
 4332.220 -0.0039  0.0121
 4332.240 -0.0037  0.0108
 4332.260 -0.0039  0.0108
 4332.280 -0.0038  0.0104
 4332.300 -0.0021  0.0072
 4332.320 -0.0012  0.0013
 4332.340 -0.0016 -0.0029
 4332.360 -0.0010 -0.0017
 4332.380  0.0005  0.0028
 4332.400  0.0009  0.0067
 4332.420 -0.0001  0.0084
 4332.440 -0.0022  0.0082
 4332.460 -0.0040  0.0066
 4332.480 -0.0033  0.0045
 4332.500  0.0002  0.0026
 4332.520  0.0033  0.0019
 4332.540  0.0034  0.0022
 4332.560  0.0025  0.0007
 4332.580  0.0020 -0.0043
 4332.600  0.0009 -0.0100
 4332.620 -0.0007 -0.0115
 4332.640 -0.0006 -0.0084
 4332.660  0.0014 -0.0042
 4332.680  0.0020 -0.0026
 4332.700  0.0003 -0.0042
 4332.720 -0.0016 -0.0062
 4332.740 -0.0014 -0.0070
 4332.760  0.0007 -0.0081
 4332.780  0.0028 -0.0111
 4332.800  0.0034 -0.0148
 4332.820  0.0032 -0.0167
 4332.840  0.0031 -0.0150
 4332.860  0.0016 -0.0096
 4332.880 -0.0017 -0.0012
 4332.900 -0.0043  0.0072
 4332.920 -0.0036  0.0119
 4332.940 -0.0001  0.0105
 4332.960  0.0031  0.0043
 4332.980  0.0045 -0.0015
 4333.000  0.0047 -0.0027
 4333.020  0.0039 -0.0012
 4333.040  0.0021 -0.0025
 4333.060  0.0004 -0.0081
 4333.080 -0.0002 -0.0145
 4333.100 -0.0003 -0.0168
 4333.120 -0.0016 -0.0136
 4333.140 -0.0035 -0.0085
 4333.160 -0.0031 -0.0056
 4333.180 -0.0013 -0.0047
 4333.200 -0.0011 -0.0032
 4333.220 -0.0018 -0.0002
 4333.240 -0.0008  0.0023
 4333.260 -0.0004  0.0018
 4333.280 -0.0027 -0.0003
 4333.300 -0.0045  0.0001
 4333.320 -0.0027  0.0035
 4333.340 -0.0016  0.0043
 4333.360 -0.0044 -0.0016
 4333.380 -0.0063 -0.0116
 4333.400 -0.0036 -0.0160
 4333.420 -0.0005 -0.0081
 4333.440 -0.0018  0.0054
 4333.460 -0.0041  0.0107
 4333.480 -0.0029  0.0061
 4333.500 -0.0014 -0.0003
 4333.520 -0.0044 -0.0029
 4333.540 -0.0070 -0.0027
 4333.560 -0.0051 -0.0036
 4333.580 -0.0031 -0.0097
 4333.600 -0.0022 -0.0223
 4333.620  0.0014 -0.0362
 4333.640  0.0022 -0.0365
 4333.660 -0.0103 -0.0125
 4333.680 -0.0264  0.0189
 4333.700 -0.0262  0.0304
 4333.720 -0.0145  0.0196
 4333.740 -0.0077  0.0043
 4333.760 -0.0063 -0.0033
 4333.780 -0.0046 -0.0025
 4333.800 -0.0029  0.0011
 4333.820 -0.0040  0.0031
 4333.840 -0.0069  0.0026
 4333.860 -0.0078  0.0012
 4333.880 -0.0057 -0.0003
 4333.900 -0.0036 -0.0019
 4333.920 -0.0035 -0.0046
 4333.940 -0.0038 -0.0082
 4333.960 -0.0020 -0.0099
 4333.980  0.0001 -0.0057
 4334.000 -0.0008  0.0040
 4334.020 -0.0035  0.0128
 4334.040 -0.0048  0.0153
 4334.060 -0.0052  0.0130
 4334.080 -0.0054  0.0099
 4334.100 -0.0049  0.0079
 4334.120 -0.0057  0.0073
 4334.140 -0.0075  0.0081
 4334.160 -0.0062  0.0081
 4334.180 -0.0026  0.0047
 4334.200 -0.0018 -0.0009
 4334.220 -0.0042 -0.0044
 4334.240 -0.0061 -0.0029
 4334.260 -0.0066  0.0016
 4334.280 -0.0060  0.0034
 4334.300 -0.0044  0.0001
 4334.320 -0.0026 -0.0033
 4334.340 -0.0017 -0.0025
 4334.360 -0.0011 -0.0020
 4334.380 -0.0008 -0.0061
 4334.400 -0.0009 -0.0099
 4334.420  0.0003 -0.0086
 4334.440  0.0025 -0.0072
 4334.460  0.0034 -0.0103
 4334.480  0.0038 -0.0132
 4334.500  0.0039 -0.0095
 4334.520  0.0021 -0.0001
 4334.540  0.0004  0.0083
 4334.560  0.0015  0.0108
 4334.580  0.0031  0.0095
 4334.600  0.0017  0.0093
 4334.620 -0.0013  0.0088
 4334.640 -0.0034  0.0035
 4334.660 -0.0036 -0.0021
 4334.680 -0.0033  0.0001
 4334.700 -0.0043  0.0071
 4334.720 -0.0053  0.0089
 4334.740 -0.0040  0.0044
 4334.760 -0.0006  0.0001
 4334.780  0.0013  0.0002
 4334.800  0.0004  0.0028
 4334.820  0.0011  0.0036
 4334.840  0.0042  0.0021
 4334.860  0.0043  0.0028
 4334.880  0.0006  0.0074
 4334.900 -0.0016  0.0105
 4334.920 -0.0016  0.0080
 4334.940 -0.0030  0.0031
 4334.960 -0.0056  0.0018
 4334.980 -0.0052  0.0054
 4335.000 -0.0006  0.0100
 4335.020  0.0030  0.0108
 4335.040  0.0011  0.0069
 4335.060 -0.0030  0.0021
 4335.080 -0.0037 -0.0004
 4335.100 -0.0013 -0.0008
 4335.120  0.0006 -0.0011
 4335.140  0.0008 -0.0027
 4335.160 -0.0002 -0.0038
 4335.180 -0.0022 -0.0027
 4335.200 -0.0030 -0.0007
 4335.220 -0.0019 -0.0001
 4335.240 -0.0023 -0.0007
 4335.260 -0.0058 -0.0016
 4335.280 -0.0075 -0.0027
 4335.300 -0.0027 -0.0044
 4335.320  0.0054 -0.0059
 4335.340  0.0090 -0.0069
 4335.360  0.0071 -0.0078
 4335.380  0.0043 -0.0075
 4335.400  0.0019 -0.0030
 4335.420 -0.0025  0.0056
 4335.440 -0.0083  0.0129
 4335.460 -0.0106  0.0139
 4335.480 -0.0078  0.0089
 4335.500 -0.0045  0.0029
 4335.520 -0.0045 -0.0007
 4335.540 -0.0072 -0.0028
 4335.560 -0.0091 -0.0068
 4335.580 -0.0091 -0.0134
 4335.600 -0.0096 -0.0197
 4335.620 -0.0103 -0.0216
 4335.640 -0.0092 -0.0170
 4335.660 -0.0068 -0.0076
 4335.680 -0.0042  0.0011
 4335.700 -0.0011  0.0031
 4335.720  0.0017 -0.0011
 4335.740  0.0030 -0.0043
 4335.760  0.0027 -0.0008
 4335.780  0.0007  0.0070
 4335.800 -0.0021  0.0123
 4335.820 -0.0036  0.0109
 4335.840 -0.0040  0.0053
 4335.860 -0.0046  0.0024
 4335.880 -0.0071  0.0049
 4335.900 -0.0108  0.0097
 4335.920 -0.0116  0.0119
 4335.940 -0.0094  0.0104
 4335.960 -0.0072  0.0087
 4335.980 -0.0061  0.0100
 4336.000 -0.0058  0.0127
 4336.020 -0.0059  0.0124
 4336.040 -0.0056  0.0078
 4336.060 -0.0053  0.0020
 4336.080 -0.0050 -0.0001
 4336.100 -0.0034  0.0022
 4336.120 -0.0020  0.0045
 4336.140 -0.0026  0.0032
 4336.160 -0.0042  0.0005
 4336.180 -0.0055 -0.0005
 4336.200 -0.0050  0.0000
 4336.220 -0.0021  0.0007
 4336.240  0.0016  0.0007
 4336.260  0.0038 -0.0003
 4336.280  0.0045 -0.0022
 4336.300  0.0039 -0.0048
 4336.320  0.0007 -0.0066
 4336.340 -0.0032 -0.0057
 4336.360 -0.0036 -0.0024
 4336.380 -0.0020  0.0000
 4336.400 -0.0013 -0.0019
 4336.420 -0.0015 -0.0077
 4336.440 -0.0030 -0.0135
 4336.460 -0.0051 -0.0147
 4336.480 -0.0051 -0.0106
 4336.500 -0.0017 -0.0049
 4336.520  0.0015 -0.0027
 4336.540  0.0010 -0.0054
 4336.560 -0.0014 -0.0099
 4336.580 -0.0022 -0.0112
 4336.600 -0.0016 -0.0087
 4336.620 -0.0002 -0.0067
 4336.640  0.0018 -0.0084
 4336.660  0.0028 -0.0124
 4336.680  0.0017 -0.0151
 4336.700 -0.0013 -0.0143
 4336.720 -0.0045 -0.0107
 4336.740 -0.0057 -0.0064
 4336.760 -0.0046 -0.0031
 4336.780 -0.0036 -0.0018
 4336.800 -0.0035 -0.0028
 4336.820 -0.0023 -0.0059
 4336.840  0.0003 -0.0087
 4336.860  0.0005 -0.0097
 4336.880 -0.0017 -0.0095
 4336.900 -0.0027 -0.0090
 4336.920 -0.0019 -0.0063
 4336.940 -0.0002 -0.0001
 4336.960  0.0023  0.0073
 4336.980  0.0029  0.0111
 4337.000  0.0011  0.0078
 4337.020 -0.0014  0.0005
 4337.040 -0.0043 -0.0041
 4337.060 -0.0064 -0.0025
 4337.080 -0.0057  0.0019
 4337.100 -0.0044  0.0038
 4337.120 -0.0038  0.0013
 4337.140 -0.0028 -0.0031
 4337.160 -0.0027 -0.0059
 4337.180 -0.0052 -0.0051
 4337.200 -0.0081 -0.0020
 4337.220 -0.0082  0.0015
 4337.240 -0.0065  0.0032
 4337.260 -0.0052  0.0013
 4337.280 -0.0047 -0.0027
 4337.300 -0.0060 -0.0042
 4337.320 -0.0075 -0.0009
 4337.340 -0.0062  0.0024
 4337.360 -0.0037  0.0008
 4337.380 -0.0014 -0.0038
 4337.400  0.0016 -0.0053
 4337.420  0.0038 -0.0001
 4337.440  0.0027  0.0067
 4337.460 -0.0015  0.0058
 4337.480 -0.0048 -0.0034
 4337.500 -0.0029 -0.0113
 4337.520  0.0016 -0.0083
 4337.540  0.0001  0.0053
 4337.560 -0.0079  0.0183
 4337.580 -0.0120  0.0204
 4337.600 -0.0090  0.0136
 4337.620 -0.0064  0.0065
 4337.640 -0.0066  0.0041
 4337.660 -0.0064  0.0061
 4337.680 -0.0057  0.0102
 4337.700 -0.0051  0.0142
 4337.720 -0.0036  0.0167
 4337.740 -0.0035  0.0163
 4337.760 -0.0062  0.0116
 4337.780 -0.0077  0.0046
 4337.800 -0.0049  0.0003
 4337.820 -0.0004  0.0013
 4337.840  0.0007  0.0042
 4337.860 -0.0022  0.0050
 4337.880 -0.0046  0.0032
 4337.900 -0.0030  0.0008
 4337.920 -0.0002 -0.0004
 4337.940 -0.0008 -0.0007
 4337.960 -0.0031 -0.0011
 4337.980 -0.0029 -0.0022
 4338.000 -0.0017 -0.0039
 4338.020 -0.0020 -0.0068
 4338.040 -0.0020 -0.0108
 4338.060 -0.0016 -0.0130
 4338.080 -0.0027 -0.0105
 4338.100 -0.0040 -0.0047
 4338.120 -0.0034  0.0014
 4338.140 -0.0019  0.0062
 4338.160 -0.0012  0.0092
 4338.180 -0.0002  0.0085
 4338.200  0.0014  0.0041
 4338.220  0.0016 -0.0004
 4338.240  0.0002 -0.0018
 4338.260 -0.0005 -0.0004
 4338.280 -0.0001  0.0011
 4338.300  0.0007  0.0007
 4338.320  0.0015 -0.0001
 4338.340  0.0019  0.0012
 4338.360  0.0014  0.0044
 4338.380  0.0016  0.0069
 4338.400  0.0031  0.0075
 4338.420  0.0044  0.0067
 4338.440  0.0059  0.0031
 4338.460  0.0075 -0.0038
 4338.480  0.0076 -0.0092
 4338.500  0.0053 -0.0079
 4338.520  0.0021 -0.0026
 4338.540  0.0005 -0.0005
 4338.560  0.0002 -0.0038
 4338.580 -0.0005 -0.0073
 4338.600 -0.0006 -0.0046
 4338.620  0.0008  0.0041
 4338.640  0.0028  0.0108
 4338.660  0.0034  0.0096
 4338.680  0.0010  0.0028
 4338.700 -0.0024 -0.0036
 4338.720 -0.0037 -0.0064
 4338.740 -0.0027 -0.0065
 4338.760 -0.0002 -0.0068
 4338.780  0.0013 -0.0079
 4338.800 -0.0003 -0.0077
 4338.820 -0.0026 -0.0048
 4338.840 -0.0020 -0.0014
 4338.860  0.0008 -0.0017
 4338.880  0.0033 -0.0078
 4338.900  0.0043 -0.0151
 4338.920  0.0034 -0.0178
 4338.940  0.0012 -0.0151
 4338.960 -0.0010 -0.0108
 4338.980 -0.0021 -0.0079
 4339.000 -0.0031 -0.0066
 4339.020 -0.0039 -0.0051
 4339.040 -0.0041 -0.0030
 4339.060 -0.0042 -0.0019
 4339.080 -0.0037 -0.0025
 4339.100 -0.0029 -0.0029
 4339.120 -0.0030 -0.0037
 4339.140 -0.0028 -0.0082
 4339.160 -0.0028 -0.0151
 4339.180 -0.0051 -0.0179
 4339.200 -0.0075 -0.0133
 4339.220 -0.0067 -0.0048
 4339.240 -0.0046  0.0016
 4339.260 -0.0039  0.0033
 4339.280 -0.0049  0.0047
 4339.300 -0.0070  0.0106
 4339.320 -0.0087  0.0179
 4339.340 -0.0086  0.0198
 4339.360 -0.0062  0.0150
 4339.380 -0.0032  0.0073
 4339.400 -0.0024  0.0009
 4339.420 -0.0022 -0.0006
 4339.440  0.0018  0.0078
 4339.460  0.0049  0.0263
 4339.480 -0.0006  0.0407
 4339.500 -0.0097  0.0380
 4339.520 -0.0124  0.0260
 4339.540 -0.0100  0.0172
 4339.560 -0.0081  0.0131
 4339.580 -0.0064  0.0100
 4339.600 -0.0042  0.0058
 4339.620 -0.0030  0.0016
 4339.640 -0.0031  0.0006
 4339.660 -0.0035  0.0029
 4339.680 -0.0044  0.0061
 4339.700 -0.0051  0.0084
 4339.720 -0.0039  0.0098
 4339.740 -0.0016  0.0096
 4339.760 -0.0008  0.0069
 4339.780 -0.0008  0.0025
 4339.800  0.0008 -0.0005
 4339.820  0.0042  0.0015
 4339.840  0.0060  0.0082
 4339.860  0.0051  0.0138
 4339.880  0.0038  0.0131
 4339.900  0.0025  0.0069
 4339.920  0.0002 -0.0001
 4339.940 -0.0006 -0.0033
 4339.960  0.0009 -0.0020
 4339.980  0.0030  0.0012
 4340.000  0.0035  0.0032
 4340.020  0.0011  0.0033
 4340.040 -0.0018  0.0014
 4340.060 -0.0022 -0.0016
 4340.080 -0.0010 -0.0034
 4340.100  0.0011 -0.0024
 4340.120  0.0033 -0.0002
 4340.140  0.0041  0.0003
 4340.160  0.0035 -0.0015
 4340.180  0.0016 -0.0044
 4340.200 -0.0011 -0.0075
 4340.220 -0.0024 -0.0103
 4340.240 -0.0008 -0.0122
 4340.260  0.0021 -0.0108
 4340.280  0.0034 -0.0040
 4340.300  0.0021  0.0041
 4340.320  0.0001  0.0049
 4340.340  0.0009 -0.0029
 4340.360  0.0049 -0.0097
 4340.380  0.0084 -0.0084
 4340.400  0.0078 -0.0032
 4340.420  0.0049 -0.0027
 4340.440  0.0041 -0.0085
 4340.460  0.0058 -0.0109
 4340.480  0.0066 -0.0003
 4340.500  0.0034  0.0158
 4340.520 -0.0006  0.0208
 4340.540 -0.0013  0.0126
 4340.560 -0.0002  0.0019
 4340.580  0.0011 -0.0040
 4340.600  0.0034 -0.0046
 4340.620  0.0042 -0.0031
 4340.640  0.0016 -0.0029
 4340.660 -0.0009 -0.0048
 4340.680 -0.0006 -0.0068
 4340.700  0.0008 -0.0054
 4340.720  0.0019  0.0005
 4340.740  0.0020  0.0075
 4340.760  0.0010  0.0095
 4340.780  0.0005  0.0040
 4340.800  0.0012 -0.0054
 4340.820  0.0015 -0.0117
 4340.840  0.0003 -0.0110
 4340.860 -0.0004 -0.0055
 4340.880 -0.0002 -0.0001
 4340.900 -0.0022  0.0020
 4340.920 -0.0047 -0.0009
 4340.940 -0.0048 -0.0079
 4340.960 -0.0035 -0.0161
 4340.980 -0.0017 -0.0220
 4341.000  0.0002 -0.0238
 4341.020  0.0014 -0.0208
 4341.040  0.0006 -0.0146
 4341.060 -0.0048 -0.0083
 4341.080 -0.0112 -0.0048
 4341.100 -0.0127 -0.0050
 4341.120 -0.0100 -0.0087
 4341.140 -0.0069 -0.0130
 4341.160 -0.0035 -0.0138
 4341.180  0.0004 -0.0105
 4341.200  0.0021 -0.0070
 4341.220 -0.0004 -0.0071
 4341.240 -0.0042 -0.0104
 4341.260 -0.0044 -0.0130
 4341.280 -0.0011 -0.0115
 4341.300  0.0010 -0.0071
 4341.320 -0.0007 -0.0037
 4341.340 -0.0041 -0.0024
 4341.360 -0.0050 -0.0015
 4341.380 -0.0030  0.0000
 4341.400 -0.0016  0.0010
 4341.420 -0.0025  0.0010
 4341.440 -0.0038  0.0002
 4341.460 -0.0027 -0.0002
 4341.480  0.0002  0.0008
 4341.500  0.0015  0.0031
 4341.520  0.0000  0.0059
 4341.540 -0.0018  0.0087
 4341.560 -0.0022  0.0100
 4341.580 -0.0021  0.0088
 4341.600 -0.0025  0.0072
 4341.620 -0.0037  0.0084
 4341.640 -0.0039  0.0115
 4341.660 -0.0018  0.0121
 4341.680  0.0008  0.0089
 4341.700  0.0013  0.0057
 4341.720  0.0000  0.0048
 4341.740 -0.0009  0.0048
 4341.760 -0.0009  0.0041
 4341.780 -0.0011  0.0033
 4341.800 -0.0021  0.0047
 4341.820 -0.0025  0.0080
 4341.840 -0.0012  0.0077
 4341.860 -0.0001  0.0010
 4341.880  0.0002 -0.0062
 4341.900  0.0000 -0.0072
 4341.920 -0.0004 -0.0035
 4341.940 -0.0010 -0.0007
 4341.960 -0.0010 -0.0009
 4341.980 -0.0003 -0.0024
 4342.000 -0.0005 -0.0022
 4342.020 -0.0011  0.0001
 4342.040 -0.0003  0.0022
 4342.060  0.0008  0.0030
 4342.080  0.0019  0.0037
 4342.100  0.0032  0.0058
 4342.120  0.0037  0.0089
 4342.140  0.0039  0.0104
 4342.160  0.0043  0.0077
 4342.180  0.0029  0.0013
 4342.200 -0.0001 -0.0047
 4342.220 -0.0013 -0.0048
 4342.240  0.0007  0.0019
 4342.260  0.0022  0.0091
 4342.280  0.0018  0.0099
 4342.300  0.0011  0.0048
 4342.320 -0.0002 -0.0004
 4342.340 -0.0023 -0.0018
 4342.360 -0.0032 -0.0001
 4342.380 -0.0036  0.0017
 4342.400 -0.0040  0.0015
 4342.420 -0.0023  0.0010
 4342.440  0.0016  0.0021
 4342.460  0.0043  0.0050
 4342.480  0.0042  0.0087
 4342.500  0.0027  0.0119
 4342.520 -0.0013  0.0126
 4342.540 -0.0075  0.0095
 4342.560 -0.0110  0.0053
 4342.580 -0.0100  0.0047
 4342.600 -0.0077  0.0087
 4342.620 -0.0053  0.0138
 4342.640 -0.0021  0.0165
 4342.660  0.0018  0.0162
 4342.680  0.0035  0.0151
 4342.700  0.0008  0.0143
 4342.720 -0.0025  0.0109
 4342.740 -0.0030  0.0025
 4342.760 -0.0021 -0.0073
 4342.780 -0.0004 -0.0117
 4342.800  0.0005 -0.0059
 4342.820 -0.0025  0.0067
 4342.840 -0.0065  0.0155
 4342.860 -0.0065  0.0139
 4342.880 -0.0044  0.0047
 4342.900 -0.0052 -0.0047
 4342.920 -0.0082 -0.0091
 4342.940 -0.0087 -0.0080
 4342.960 -0.0067 -0.0043
 4342.980 -0.0054  0.0000
 4343.000 -0.0039  0.0039
 4343.020 -0.0016  0.0051
 4343.040 -0.0009  0.0020
 4343.060 -0.0005 -0.0036
 4343.080  0.0014 -0.0075
 4343.100  0.0023 -0.0077
 4343.120  0.0009 -0.0048
 4343.140 -0.0003 -0.0006
 4343.160 -0.0009  0.0033
 4343.180 -0.0017  0.0056
 4343.200 -0.0011  0.0057
 4343.220  0.0016  0.0037
 4343.240  0.0050  0.0014
 4343.260  0.0074  0.0009
 4343.280  0.0065  0.0014
 4343.300  0.0021  0.0004
 4343.320 -0.0013 -0.0006
 4343.340 -0.0003  0.0023
 4343.360  0.0025  0.0073
 4343.380  0.0024  0.0070
 4343.400  0.0003 -0.0007
 4343.420 -0.0009 -0.0106
 4343.440 -0.0017 -0.0154
 4343.460 -0.0034 -0.0135
 4343.480 -0.0038 -0.0100
 4343.500 -0.0024 -0.0086
 4343.520 -0.0029 -0.0051
 4343.540 -0.0055  0.0034
 4343.560 -0.0057  0.0089
 4343.580 -0.0039  0.0040
 4343.600 -0.0037 -0.0065
 4343.620 -0.0026 -0.0129
 4343.640  0.0009 -0.0120
 4343.660  0.0024 -0.0089
 4343.680  0.0021 -0.0108
 4343.700  0.0041 -0.0180
 4343.720  0.0062 -0.0216
 4343.740  0.0055 -0.0153
 4343.760  0.0044 -0.0039
 4343.780  0.0035  0.0028
 4343.800  0.0016  0.0010
 4343.820 -0.0003 -0.0047
 4343.840 -0.0014 -0.0075
 4343.860 -0.0019 -0.0051
 4343.880 -0.0024 -0.0006
 4343.900 -0.0039  0.0021
 4343.920 -0.0052  0.0014
 4343.940 -0.0049 -0.0005
 4343.960 -0.0033 -0.0006
 4343.980 -0.0023  0.0023
 4344.000 -0.0028  0.0065
 4344.020 -0.0033  0.0095
 4344.040 -0.0034  0.0095
 4344.060 -0.0036  0.0070
 4344.080 -0.0038  0.0046
 4344.100 -0.0045  0.0054
 4344.120 -0.0058  0.0081
 4344.140 -0.0062  0.0087
 4344.160 -0.0059  0.0057
 4344.180 -0.0056  0.0027
 4344.200 -0.0049  0.0035
 4344.220 -0.0041  0.0075
 4344.240 -0.0032  0.0104
 4344.260 -0.0021  0.0086
 4344.280 -0.0029  0.0036
 4344.300 -0.0057  0.0004
 4344.320 -0.0056  0.0019
 4344.340 -0.0031  0.0072
 4344.360 -0.0036  0.0123
 4344.380 -0.0063  0.0139
 4344.400 -0.0070  0.0119
 4344.420 -0.0067  0.0106
 4344.440 -0.0075  0.0158
 4344.460 -0.0090  0.0260
 4344.480 -0.0088  0.0324
 4344.500 -0.0053  0.0298
 4344.520 -0.0011  0.0225
 4344.540  0.0003  0.0173
 4344.560 -0.0004  0.0175
 4344.580 -0.0009  0.0213
 4344.600 -0.0023  0.0244
 4344.620 -0.0046  0.0239
 4344.640 -0.0066  0.0199
 4344.660 -0.0076  0.0136
 4344.680 -0.0052  0.0075
 4344.700  0.0002  0.0047
 4344.720  0.0039  0.0065
 4344.740  0.0049  0.0103
 4344.760  0.0058  0.0124
 4344.780  0.0059  0.0127
 4344.800  0.0039  0.0128
 4344.820  0.0018  0.0120
 4344.840  0.0012  0.0094
 4344.860  0.0010  0.0059
 4344.880  0.0006  0.0033
 4344.900  0.0001  0.0022
 4344.920 -0.0017  0.0011
 4344.940 -0.0038 -0.0014
 4344.960 -0.0033 -0.0045
 4344.980 -0.0005 -0.0053
 4345.000  0.0031 -0.0031
 4345.020  0.0052 -0.0008
 4345.040  0.0029 -0.0019
 4345.060 -0.0015 -0.0074
 4345.080 -0.0036 -0.0139
 4345.100 -0.0034 -0.0166
 4345.120 -0.0037 -0.0121
 4345.140 -0.0050 -0.0018
 4345.160 -0.0041  0.0084
 4345.180 -0.0008  0.0127
 4345.200  0.0015  0.0099
 4345.220  0.0017  0.0043
 4345.240  0.0001  0.0023
 4345.260 -0.0025  0.0063
 4345.280 -0.0032  0.0122
 4345.300 -0.0014  0.0143
 4345.320 -0.0001  0.0112
 4345.340  0.0000  0.0050
 4345.360  0.0009 -0.0013
 4345.380  0.0013 -0.0069
 4345.400 -0.0001 -0.0117
 4345.420 -0.0018 -0.0136
 4345.440 -0.0015 -0.0097
 4345.460  0.0010 -0.0008
 4345.480  0.0044  0.0082
 4345.500  0.0058  0.0139
 4345.520  0.0034  0.0162
 4345.540 -0.0002  0.0168
 4345.560 -0.0012  0.0168
 4345.580 -0.0007  0.0159
 4345.600 -0.0012  0.0145
 4345.620 -0.0012  0.0139
 4345.640  0.0000  0.0148
 4345.660 -0.0009  0.0161
 4345.680 -0.0047  0.0161
 4345.700 -0.0062  0.0144
 4345.720 -0.0030  0.0113
 4345.740 -0.0004  0.0073
 4345.760 -0.0011  0.0032
 4345.780 -0.0034  0.0007
 4345.800 -0.0052  0.0014
 4345.820 -0.0052  0.0059
 4345.840 -0.0029  0.0129
 4345.860  0.0001  0.0196
 4345.880  0.0018  0.0221
 4345.900  0.0004  0.0186
 4345.920 -0.0033  0.0107
 4345.940 -0.0062  0.0024
 4345.960 -0.0067 -0.0025
 4345.980 -0.0047 -0.0029
 4346.000 -0.0013 -0.0010
 4346.020  0.0010  0.0006
 4346.040  0.0013  0.0005
 4346.060  0.0011 -0.0005
 4346.080 -0.0001 -0.0011
 4346.100 -0.0023  0.0001
 4346.120 -0.0025  0.0034
 4346.140  0.0001  0.0071
 4346.160  0.0027  0.0083
 4346.180  0.0028  0.0052
 4346.200  0.0014 -0.0010
 4346.220  0.0011 -0.0072
 4346.240  0.0016 -0.0100
 4346.260  0.0003 -0.0086
 4346.280 -0.0027 -0.0054
 4346.300 -0.0051 -0.0047
 4346.320 -0.0038 -0.0084
 4346.340  0.0016 -0.0134
 4346.360  0.0063 -0.0136
 4346.380  0.0045 -0.0065
 4346.400 -0.0015  0.0032
 4346.420 -0.0030  0.0076
 4346.440  0.0010  0.0037
 4346.460  0.0037 -0.0035
 4346.480  0.0029 -0.0070
 4346.500  0.0005 -0.0050
 4346.520 -0.0016 -0.0005
 4346.540 -0.0018  0.0024
 4346.560 -0.0009  0.0025
 4346.580  0.0004  0.0021
 4346.600  0.0014  0.0034
 4346.620  0.0003  0.0051
 4346.640 -0.0008  0.0045
 4346.660  0.0000  0.0007
 4346.680 -0.0002 -0.0048
 4346.700 -0.0021 -0.0086
 4346.720 -0.0017 -0.0087
 4346.740  0.0011 -0.0051
 4346.760  0.0024  0.0007
 4346.780  0.0015  0.0051
 4346.800  0.0011  0.0036
 4346.820  0.0029 -0.0043
 4346.840  0.0053 -0.0123
 4346.860  0.0057 -0.0133
 4346.880  0.0035 -0.0069
 4346.900  0.0003  0.0016
 4346.920 -0.0012  0.0067
 4346.940 -0.0003  0.0062
 4346.960  0.0007  0.0026
 4346.980 -0.0007  0.0005
 4347.000 -0.0035  0.0027
 4347.020 -0.0050  0.0085
 4347.040 -0.0039  0.0142
 4347.060 -0.0022  0.0160
 4347.080 -0.0022  0.0126
 4347.100 -0.0031  0.0062
 4347.120 -0.0017 -0.0003
 4347.140  0.0013 -0.0065
 4347.160  0.0038 -0.0119
 4347.180  0.0058 -0.0107
 4347.200  0.0057  0.0010
 4347.220  0.0020  0.0152
 4347.240 -0.0018  0.0201
 4347.260 -0.0016  0.0143
 4347.280  0.0019  0.0065
 4347.300  0.0043  0.0049
 4347.320  0.0038  0.0106
 4347.340  0.0024  0.0155
 4347.360  0.0002  0.0135
 4347.380 -0.0022  0.0076
 4347.400 -0.0030  0.0043
 4347.420 -0.0019  0.0055
 4347.440 -0.0002  0.0101
 4347.460 -0.0008  0.0163
 4347.480 -0.0034  0.0203
 4347.500 -0.0039  0.0191
 4347.520 -0.0013  0.0128
 4347.540  0.0023  0.0038
 4347.560  0.0046 -0.0043
 4347.580  0.0039 -0.0077
 4347.600  0.0015 -0.0043
 4347.620  0.0006  0.0032
 4347.640  0.0019  0.0075
 4347.660  0.0024  0.0037
 4347.680  0.0027 -0.0044
 4347.700  0.0051 -0.0082
 4347.720  0.0047 -0.0031
 4347.740 -0.0017  0.0072
 4347.760 -0.0061  0.0151
 4347.780 -0.0056  0.0171
 4347.800 -0.0055  0.0153
 4347.820 -0.0056  0.0123
 4347.840 -0.0040  0.0080
 4347.860 -0.0017  0.0016
 4347.880 -0.0011 -0.0060
 4347.900 -0.0030 -0.0126
 4347.920 -0.0044 -0.0159
 4347.940 -0.0037 -0.0144
 4347.960 -0.0041 -0.0097
 4347.980 -0.0062 -0.0060
 4348.000 -0.0062 -0.0069
 4348.020 -0.0026 -0.0102
 4348.040  0.0020 -0.0113
 4348.060  0.0050 -0.0094
 4348.080  0.0052 -0.0072
 4348.100  0.0032 -0.0065
 4348.120  0.0018 -0.0066
 4348.140  0.0017 -0.0046
 4348.160  0.0011  0.0002
 4348.180 -0.0003  0.0046
 4348.200 -0.0015  0.0055
 4348.220 -0.0022  0.0028
 4348.240 -0.0030 -0.0019
 4348.260 -0.0030 -0.0066
 4348.280 -0.0011 -0.0095
 4348.300  0.0012 -0.0093
 4348.320  0.0011 -0.0075
 4348.340 -0.0004 -0.0068
 4348.360 -0.0002 -0.0075
 4348.380  0.0010 -0.0072
 4348.400  0.0002 -0.0048
 4348.420 -0.0014 -0.0023
 4348.440 -0.0003 -0.0027
 4348.460  0.0021 -0.0063
 4348.480  0.0014 -0.0087
 4348.500 -0.0024 -0.0058
 4348.520 -0.0051  0.0005
 4348.540 -0.0042  0.0055
 4348.560 -0.0013  0.0073
 4348.580  0.0010  0.0068
 4348.600  0.0003  0.0048
 4348.620 -0.0031  0.0010
 4348.640 -0.0054 -0.0042
 4348.660 -0.0051 -0.0072
 4348.680 -0.0034 -0.0032
 4348.700 -0.0018  0.0069
 4348.720 -0.0005  0.0154
 4348.740  0.0005  0.0166
 4348.760  0.0004  0.0120
 4348.780 -0.0013  0.0079
 4348.800 -0.0012  0.0087
 4348.820  0.0015  0.0124
 4348.840  0.0029  0.0134
 4348.860  0.0010  0.0096
 4348.880  0.0005  0.0052
 4348.900  0.0027  0.0099
 4348.920 -0.0024  0.0292
 4348.940 -0.0146  0.0476
 4348.960 -0.0172  0.0467
 4348.980 -0.0079  0.0326
 4349.000 -0.0015  0.0206
 4349.020 -0.0023  0.0159
 4349.040 -0.0035  0.0159
 4349.060 -0.0025  0.0152
 4349.080 -0.0025  0.0110
 4349.100 -0.0037  0.0062
 4349.120 -0.0041  0.0036
 4349.140 -0.0029  0.0022
 4349.160 -0.0006  0.0003
 4349.180  0.0022 -0.0013
 4349.200  0.0029 -0.0002
 4349.220  0.0002  0.0042
 4349.240 -0.0033  0.0077
 4349.260 -0.0049  0.0061
 4349.280 -0.0038  0.0014
 4349.300 -0.0010 -0.0006
 4349.320  0.0010  0.0012
 4349.340  0.0002  0.0029
 4349.360 -0.0017  0.0009
 4349.380 -0.0022 -0.0048
 4349.400 -0.0011 -0.0105
 4349.420 -0.0001 -0.0132
 4349.440  0.0005 -0.0137
 4349.460  0.0008 -0.0139
 4349.480  0.0007 -0.0137
 4349.500  0.0005 -0.0119
 4349.520  0.0010 -0.0081
 4349.540  0.0021 -0.0039
 4349.560  0.0030 -0.0008
 4349.580  0.0019  0.0000
 4349.600 -0.0017 -0.0007
 4349.620 -0.0041 -0.0016
 4349.640 -0.0030 -0.0018
 4349.660 -0.0023 -0.0020
 4349.680 -0.0031 -0.0036
 4349.700 -0.0022 -0.0065
 4349.720  0.0002 -0.0091
 4349.740  0.0000 -0.0096
 4349.760 -0.0035 -0.0093
 4349.780 -0.0058 -0.0124
 4349.800 -0.0048 -0.0201
 4349.820 -0.0037 -0.0252
 4349.840 -0.0040 -0.0213
 4349.860 -0.0038 -0.0128
 4349.880 -0.0033 -0.0079
 4349.900 -0.0035 -0.0087
 4349.920 -0.0032 -0.0121
 4349.940 -0.0016 -0.0141
 4349.960  0.0000 -0.0125
 4349.980  0.0001 -0.0080
 4350.000 -0.0002 -0.0019
 4350.020  0.0001  0.0046
 4350.040 -0.0018  0.0087
 4350.060 -0.0059  0.0080
 4350.080 -0.0077  0.0040
 4350.100 -0.0060  0.0004
 4350.120 -0.0030 -0.0012
 4350.140 -0.0009 -0.0020
 4350.160 -0.0008 -0.0019
 4350.180 -0.0031  0.0001
 4350.200 -0.0061  0.0042
 4350.220 -0.0069  0.0087
 4350.240 -0.0046  0.0116
 4350.260 -0.0021  0.0125
 4350.280 -0.0017  0.0129
 4350.300 -0.0039  0.0136
 4350.320 -0.0055  0.0121
 4350.340 -0.0037  0.0068
 4350.360 -0.0005  0.0003
 4350.380  0.0010 -0.0023
 4350.400 -0.0004  0.0019
 4350.420 -0.0027  0.0080
 4350.440 -0.0039  0.0068
 4350.460 -0.0042 -0.0037
 4350.480 -0.0030 -0.0161
 4350.500  0.0002 -0.0191
 4350.520  0.0026 -0.0087
 4350.540  0.0017  0.0050
 4350.560  0.0003  0.0094
 4350.580  0.0008  0.0059
 4350.600  0.0013  0.0024
 4350.620  0.0010 -0.0021
 4350.640  0.0019 -0.0112
 4350.660  0.0049 -0.0218
 4350.680  0.0067 -0.0255
 4350.700  0.0056 -0.0182
 4350.720  0.0033 -0.0063
 4350.740 -0.0002 -0.0024
 4350.760 -0.0029 -0.0070
 4350.780 -0.0027 -0.0081
 4350.800 -0.0021 -0.0013
 4350.820 -0.0009  0.0044
 4350.840  0.0022  0.0025
 4350.860  0.0035 -0.0036
 4350.880  0.0015 -0.0078
 4350.900  0.0005 -0.0079
 4350.920  0.0015 -0.0066
 4350.940  0.0020 -0.0070
 4350.960  0.0019 -0.0093
 4350.980  0.0026 -0.0119
 4351.000  0.0053 -0.0151
 4351.020  0.0069 -0.0164
 4351.040  0.0031 -0.0087
 4351.060 -0.0027  0.0079
 4351.080 -0.0036  0.0195
 4351.100 -0.0009  0.0176
 4351.120 -0.0004  0.0094
 4351.140 -0.0032  0.0037
 4351.160 -0.0054  0.0021
 4351.180 -0.0046  0.0016
 4351.200 -0.0029 -0.0002
 4351.220 -0.0017 -0.0021
 4351.240 -0.0017 -0.0018
 4351.260 -0.0021 -0.0001
 4351.280 -0.0024 -0.0001
 4351.300 -0.0029 -0.0018
 4351.320 -0.0037 -0.0029
 4351.340 -0.0045 -0.0043
 4351.360 -0.0063 -0.0080
 4351.380 -0.0078 -0.0122
 4351.400 -0.0072 -0.0135
 4351.420 -0.0060 -0.0123
 4351.440 -0.0061 -0.0119
 4351.460 -0.0060 -0.0137
 4351.480 -0.0047 -0.0151
 4351.500 -0.0049 -0.0129
 4351.520 -0.0076 -0.0068
 4351.540 -0.0099 -0.0018
 4351.560 -0.0092 -0.0019
 4351.580 -0.0069 -0.0053
 4351.600 -0.0054 -0.0083
 4351.620 -0.0047 -0.0098
 4351.640 -0.0048 -0.0115
 4351.660 -0.0050 -0.0147
 4351.680 -0.0038 -0.0195
 4351.700 -0.0013 -0.0234
 4351.720  0.0013 -0.0226
 4351.740  0.0027 -0.0156
 4351.760  0.0023 -0.0065
 4351.780  0.0023 -0.0009
 4351.800  0.0027  0.0004
 4351.820  0.0018  0.0003
 4351.840  0.0013 -0.0004
 4351.860  0.0010 -0.0027
 4351.880 -0.0005 -0.0067
 4351.900 -0.0019 -0.0105
 4351.920 -0.0017 -0.0112
 4351.940  0.0002 -0.0092
 4351.960  0.0020 -0.0082
 4351.980  0.0009 -0.0104
 4352.000 -0.0021 -0.0130
 4352.020 -0.0031 -0.0120
 4352.040 -0.0011 -0.0059
 4352.060  0.0014  0.0038
 4352.080  0.0017  0.0132
 4352.100  0.0002  0.0175
 4352.120 -0.0013  0.0145
 4352.140 -0.0016  0.0080
 4352.160 -0.0014  0.0037
 4352.180 -0.0032  0.0025
 4352.200 -0.0059  0.0014
 4352.220 -0.0054 -0.0002
 4352.240 -0.0030 -0.0005
 4352.260 -0.0022  0.0009
 4352.280 -0.0021  0.0028
 4352.300 -0.0026  0.0040
 4352.320 -0.0037  0.0045
 4352.340 -0.0035  0.0050
 4352.360 -0.0018  0.0059
 4352.380 -0.0002  0.0071
 4352.400  0.0006  0.0083
 4352.420  0.0009  0.0092
 4352.440  0.0001  0.0088
 4352.460 -0.0020  0.0067
 4352.480 -0.0038  0.0048
 4352.500 -0.0038  0.0045
 4352.520 -0.0019  0.0032
 4352.540  0.0005 -0.0025
 4352.560 -0.0002 -0.0083
 4352.580 -0.0043 -0.0068
 4352.600 -0.0077 -0.0003
 4352.620 -0.0086  0.0024
 4352.640 -0.0091 -0.0010
 4352.660 -0.0088 -0.0045
 4352.680 -0.0063 -0.0029
 4352.700 -0.0036  0.0028
 4352.720 -0.0014  0.0052
 4352.740 -0.0002  0.0010
 4352.760 -0.0004 -0.0039
 4352.780  0.0005 -0.0031
 4352.800  0.0031  0.0010
 4352.820  0.0047  0.0033
 4352.840  0.0041  0.0027
 4352.860  0.0034  0.0003
 4352.880  0.0037 -0.0026
 4352.900  0.0039 -0.0036
 4352.920  0.0020 -0.0011
 4352.940 -0.0023  0.0017
 4352.960 -0.0058  0.0000
 4352.980  0.0000  0.0000
 4353.000  0.0000  0.0000
