           1.0000  1.0000
           0.0200  0.6500
 4347.000  0.5668  0.9732
 4347.020  0.6294  0.9932
 4347.040  0.6936  0.9956
 4347.060  0.7562  0.9932
 4347.080  0.8152  0.9875
 4347.100  0.8658  0.9784
 4347.120  0.9038  0.9610
 4347.140  0.9291  0.9408
 4347.160 -1.0000 -1.0000
 4347.180 -1.0000 -1.0000
 4347.200 -1.0000 -1.0000
 4347.220 -1.0000 -1.0000
 4347.240 -1.0000 -1.0000
 4347.260  1.0015  0.8251
 4347.280  1.0027  0.7712
 4347.300  1.0047  0.7081
 4347.320  1.0068  0.6593
 4347.340  1.0108  0.6152
 4347.360  1.0151  0.5607
 4347.380  1.0129  0.5105
 4347.400  1.0032  0.4757
 4347.420  0.9932  0.4499
 4347.440 -1.0000 -1.0000
 4347.460 -1.0000 -1.0000
 4347.480 -1.0000 -1.0000
 4347.500 -1.0000 -1.0000
 4347.520 -1.0000 -1.0000
 4347.540 -1.0000 -1.0000
 4347.560  0.9771  0.2607
 4347.580  0.9774  0.2675
 4347.600  0.9771  0.2799
 4347.620  0.9777  0.2928
 4347.640  0.9769  0.3067
 4347.660  0.9728  0.3247
 4347.680 -1.0000 -1.0000
 4347.700 -1.0000 -1.0000
 4347.720 -1.0000 -1.0000
 4347.740 -1.0000 -1.0000
 4347.760 -1.0000 -1.0000
 4347.780 -1.0000 -1.0000
 4347.800  0.9425  0.7055
 4347.820  0.9257  0.7396
 4347.840  0.9006  0.7863
 4347.860  0.8693  0.8419
 4347.880  0.8346  0.8954
 4347.900  0.7990  0.9385
 4347.920  0.7620  0.9694
 4347.940  0.7226  0.9890
 4347.960  0.6810  0.9982
 4347.980  0.6361  1.0012
 4348.000  0.5897  1.0056
 4348.020  0.5459  1.0120
 4348.040  0.5071  1.0146
 4348.060  0.4721  1.0118
 4348.080  0.4384  1.0034
 4348.100  0.4074  0.9856
 4348.120  0.3820  0.9629
 4348.140  0.3586  0.9489
 4348.160  0.3331  0.9427
 4348.180  0.3117  0.9347
 4348.200  0.3036  0.9305
 4348.220  0.3082  0.9312
 4348.240  0.3194  0.9250
 4348.260  0.3309  0.9109
 4348.280  0.3413  0.8954
 4348.300  0.3574  0.8805
 4348.320  0.3847  0.8660
 4348.340  0.4222  0.8519
 4348.360  0.4687  0.8372
 4348.380  0.5237  0.8216
 4348.400  0.5842  0.8040
 4348.420  0.6465  0.7815
 4348.440  0.7081  0.7504
 4348.460  0.7688  0.7095
 4348.480  0.8260  0.6615
 4348.500  0.8756  0.6094
 4348.520  0.9150  0.5580
 4348.540  0.9443  0.5122
 4348.560  0.9656  0.4730
 4348.580  0.9789  0.4390
 4348.600  0.9844  0.4107
 4348.620  0.9866  0.3887
 4348.640  0.9880  0.3703
 4348.660  0.9889  0.3525
 4348.680  0.9897  0.3351
 4348.700  0.9899  0.3195
 4348.720  0.9895  0.3077
 4348.740  0.9865  0.2990
 4348.760  0.9788  0.2903
 4348.780  0.9701  0.2793
 4348.800  0.9635  0.2665
 4348.820  0.9579  0.2560
 4348.840  0.9521  0.2520
 4348.860 -1.0000 -1.0000
 4348.880 -1.0000 -1.0000
 4348.900 -1.0000 -1.0000
 4348.920 -1.0000 -1.0000
 4348.940 -1.0000 -1.0000
 4348.960 -1.0000 -1.0000
 4348.980 -1.0000 -1.0000
 4349.000 -1.0000 -1.0000
 4349.020 -1.0000  0.3953
 4349.040  0.8011  0.4230
 4349.060  0.7747  0.4691
 4349.080  0.7378  0.5312
 4349.100  0.6939  0.5975
 4349.120  0.6462  0.6578
 4349.140  0.5991  0.7135
 4349.160  0.5534  0.7690
 4349.180  0.5066  0.8254
 4349.200  0.4628  0.8818
 4349.220  0.4270  0.9334
 4349.240  0.4000  0.9709
 4349.260  0.3811  0.9897
 4349.280  0.3688  0.9961
 4349.300  0.3599  1.0015
 4349.320  0.3527  1.0115
 4349.340  0.3478  1.0214
 4349.360  0.3443  1.0238
 4349.380  0.3396  1.0167
 4349.400  0.3322  1.0033
 4349.420  0.3232  0.9897
 4349.440  0.3150  0.9838
 4349.460  0.3099  0.9899
 4349.480  0.3094  1.0017
 4349.500  0.3123  1.0078
 4349.520  0.3137  1.0024
 4349.540  0.3125  0.9887
 4349.560  0.3131  0.9751
 4349.580  0.3207  0.9671
 4349.600  0.3383  0.9646
 4349.620  0.3647  0.9670
 4349.640  0.3961  0.9726
 4349.660  0.4316  0.9734
 4349.680  0.4745  0.9627
 4349.700  0.5268  0.9446
 4349.720  0.5861  0.9238
 4349.740  0.6420  0.8985
 4349.760  0.6838  0.8708
 4349.780 -1.0000 -1.0000
 4349.800 -1.0000 -1.0000
 4349.820 -1.0000 -1.0000
 4349.840 -1.0000 -1.0000
 4349.860 -1.0000 -1.0000
 4349.880 -1.0000 -1.0000
 4349.900  1.0012  0.5576
 4349.920  0.9999  0.5167
 4349.940  0.9958  0.4684
 4349.960  0.9940  0.4222
 4349.980  0.9919  0.3816
 4350.000  0.9895  0.3488
 4350.020  0.9865  0.3254
 4350.040  0.9809  0.3075
 4350.060  0.9737  0.2925
 4350.080  0.9658  0.2829
 4350.100  0.9582  0.2809
 4350.120  0.9538  0.2851
 4350.140  0.9536  0.2920
 4350.160  0.9568  0.3000
 4350.180  0.9631  0.3112
 4350.200  0.9677  0.3285
 4350.220  0.9684  0.3512
 4350.240  0.9688  0.3765
 4350.260  0.9696  0.4052
 4350.280  0.9691  0.4419
 4350.300  0.9648  0.4872
 4350.320  0.9551  0.5336
 4350.340  0.9423  0.5744
 4350.360  0.9262  0.6165
 4350.380  0.9020  0.6699
 4350.400  0.8719  0.7281
 4350.420  0.8441  0.7837
 4350.440  0.8174  0.8420
 4350.460  0.7867  0.8939
 4350.480 -1.0000 -1.0000
 4350.500 -1.0000 -1.0000
 4350.520 -1.0000 -1.0000
 4350.540 -1.0000 -1.0000
 4350.560 -1.0000 -1.0000
 4350.580 -1.0000 -1.0000
 4350.600  0.4804  1.0089
 4350.620  0.4561  0.9973
 4350.640  0.4345  0.9929
 4350.660 -1.0000 -1.0000
 4350.680 -1.0000 -1.0000
 4350.700 -1.0000 -1.0000
 4350.720 -1.0000 -1.0000
 4350.740 -1.0000 -1.0000
 4350.760 -1.0000 -1.0000
 4350.780  0.3189 -1.0000
 4350.800  0.3295  0.9991
 4350.820  0.3418  0.9834
 4350.840  0.3561  0.9660
 4350.860  0.3740  0.9494
 4350.880  0.3961  0.9245
 4350.900  0.4274  0.8887
 4350.920  0.4707  0.8566
 4350.940  0.5188  0.8331
 4350.960  0.5610  0.8069
 4350.980 -1.0000 -1.0000
 4351.000 -1.0000 -1.0000
 4351.020 -1.0000 -1.0000
 4351.040 -1.0000 -1.0000
 4351.060 -1.0000 -1.0000
 4351.080 -1.0000 -1.0000
 4351.100 -1.0000 -1.0000
 4351.120  0.9693  0.4212
 4351.140  0.9797  0.3957
 4351.160  0.9840  0.3664
 4351.180  0.9864  0.3370
 4351.200  0.9902  0.3109
 4351.220  0.9957  0.2896
 4351.240  1.0001  0.2783
 4351.260  1.0003  0.2781
 4351.280  0.9952  0.2819
 4351.300  0.9884  0.2859
 4351.320  0.9844  0.2933
 4351.340  0.9842  0.3048
 4351.360  0.9865  0.3184
 4351.380  0.9880  0.3348
 4351.400  0.9863  0.3582
 4351.420  0.9822  0.3903
 4351.440  0.9774  0.4287
 4351.460  0.9712  0.4692
 4351.480  0.9626  0.5069
 4351.500  0.9515  0.5414
 4351.520  0.9367  0.5796
 4351.540  0.9147  0.6219
 4351.560  0.8866  0.6691
 4351.580  0.8596  0.7318
 4351.600  0.8327  0.8012
 4351.620  0.7992  0.8560
 4351.640  0.7582  0.8967
 4351.660  0.7136  0.9301
 4351.680  0.6687  0.9562
 4351.700  0.6241  0.9781
 4351.720  0.5805  0.9971
 4351.740  0.5391  1.0102
 4351.760  0.4983  1.0150
 4351.780  0.4587  1.0125
 4351.800  0.4229  1.0092
 4351.820  0.3920  1.0104
 4351.840  0.3664  1.0137
 4351.860  0.3476  1.0142
 4351.880  0.3363  1.0117
 4351.900  0.3307  1.0074
 4351.920  0.3287  0.9978
 4351.940  0.3304  0.9807
 4351.960  0.3361  0.9604
 4351.980  0.3431  0.9390
 4352.000  0.3516  0.9123
 4352.020  0.3653  0.8790
 4352.040  0.3862  0.8450
 4352.060  0.4156  0.8142
 4352.080  0.4532  0.7797
 4352.100  0.4957  0.7321
 4352.120  0.5406  0.6748
 4352.140  0.5875  0.6178
 4352.160  0.6370  0.5651
 4352.180  0.6899  0.5160
 4352.200  0.7450  0.4697
 4352.220  0.7979  0.4282
 4352.240  0.8449  0.3935
 4352.260  0.8834  0.3636
 4352.280  0.9121  0.3362
 4352.300  0.9320  0.3143
 4352.320  0.9474  0.3017
 4352.340  0.9608  0.2980
 4352.360  0.9705  0.3005
 4352.380  0.9747  0.3070
 4352.400  0.9762  0.3148
 4352.420  0.9780  0.3224
 4352.440  0.9802  0.3321
 4352.460  0.9822  0.3492
 4352.480  0.9830  0.3736
 4352.500  0.9809  0.4007
 4352.520  0.9765  0.4301
 4352.540  0.9712  0.4655
 4352.560  0.9635  0.5071
 4352.580  0.9501  0.5511
 4352.600  0.9310  0.5947
 4352.620  0.9081  0.6383
 4352.640  0.8809  0.6831
 4352.660  0.8486  0.7259
 4352.680  0.8153  0.7585
 4352.700  0.7837  0.7769
 4352.720  0.7503  0.7851
 4352.740  0.7130  0.7853
 4352.760  0.6735  0.7747
 4352.780  0.6322  0.7512
 4352.800  0.5898  0.7164
 4352.820  0.5480  0.6749
 4352.840  0.5079  0.6313
 4352.860  0.4703  0.5910
 4352.880  0.4354  0.5600
 4352.900  0.4032  0.5398
 4352.920  0.3764  0.5262
 4352.940  0.3583  0.5163
 4352.960  0.3461  0.5110
 4352.980  0.3363  0.5115
 4353.000  0.3292  0.5169
 4353.020  0.3264  0.5260
 4353.040  0.3287  0.5380
 4353.060  0.3372  0.5521
 4353.080  0.3515  0.5646
 4353.100  0.3698  0.5672
 4353.120  0.3898  0.5552
 4353.140  0.4129  0.5347
 4353.160  0.4434  0.5135
 4353.180  0.4833  0.4902
 4353.200  0.5302  0.4619
 4353.220  0.5790  0.4304
 4353.240  0.6250  0.3985
 4353.260  0.6664  0.3687
 4353.280  0.7044  0.3435
 4353.300  0.7405  0.3233
 4353.320  0.7735  0.3065
 4353.340  0.7995  0.2930
 4353.360  0.8126  0.2859
 4353.380  0.8082  0.2892
 4353.400  0.7896  0.3015
 4353.420  0.7629  0.3157
 4353.440  0.7299  0.3247
 4353.460  0.6901  0.3291
 4353.480  0.6483  0.3403
 4353.500  0.6105  0.3672
 4353.520  0.5775  0.4041
 4353.540  0.5482  0.4396
 4353.560  0.5231  0.4743
 4353.580  0.5049  0.5179
 4353.600  0.4966  0.5714
 4353.620  0.4979  0.6258
 4353.640  0.5061  0.6768
 4353.660  0.5172  0.7279
 4353.680  0.5296  0.7831
 4353.700  0.5428  0.8369
 4353.720  0.5564  0.8783
 4353.740  0.5702  0.9057
 4353.760  0.5792  0.9215
 4353.780  0.5763  0.9282
 4353.800  0.5608  0.9292
 4353.820  0.5352  0.9238
 4353.840  0.5025  0.9090
 4353.860  0.4673  0.8865
 4353.880  0.4327  0.8603
 4353.900  0.4022  0.8298
 4353.920  0.3787  0.7909
 4353.940  0.3570  0.7435
 4353.960  0.3352  0.6963
 4353.980  0.3233  0.6611
 4354.000  0.3254  0.6362
 4354.020  0.3313  0.6115
 4354.040  0.3340  0.5866
 4354.060  0.3365  0.5636
 4354.080  0.3435  0.5378
 4354.100  0.3565  0.5062
 4354.120  0.3731  0.4697
 4354.140  0.3945  0.4303
 4354.160  0.4264  0.3916
 4354.180  0.4686  0.3593
 4354.200  0.5162  0.3389
 4354.220  0.5669  0.3281
 4354.240  0.6181  0.3194
 4354.260  0.6700  0.3116
 4354.280  0.7247  0.3061
 4354.300  0.7788  0.3036
 4354.320  0.8272  0.3068
 4354.340  0.8679  0.3160
 4354.360  0.8969  0.3270
 4354.380  0.9122  0.3372
 4354.400  0.9194  0.3483
 4354.420  0.9205  0.3647
 4354.440  0.9128  0.3894
 4354.460  0.8993  0.4234
 4354.480  0.8823  0.4655
 4354.500  0.8599  0.5120
 4354.520  0.8329  0.5573
 4354.540  0.8012  0.6008
 4354.560  0.7629  0.6473
 4354.580  0.7212  0.6984
 4354.600  0.6819  0.7487
 4354.620  0.6485  0.7939
 4354.640  0.6221  0.8339
 4354.660  0.6030  0.8692
 4354.680  0.5899  0.8988
 4354.700  0.5788  0.9206
 4354.720  0.5641  0.9319
 4354.740  0.5438  0.9315
 4354.760  0.5201  0.9196
 4354.780  0.4944  0.8994
 4354.800  0.4661  0.8771
 4354.820  0.4367  0.8517
 4354.840  0.4100  0.8186
 4354.860  0.3852  0.7797
 4354.880  0.3582  0.7360
 4354.900  0.3342  0.6869
 4354.920  0.3226  0.6384
 4354.940  0.3225  0.5981
 4354.960 -1.0000 -1.0000
 4354.980 -1.0000 -1.0000
 4355.000 -1.0000 -1.0000
 4355.020 -1.0000 -1.0000
 4355.040 -1.0000 -1.0000
 4355.060  0.3902  0.3437
 4355.080  0.4144  0.3183
 4355.100  0.4495  0.2980
 4355.120  0.4875  0.2897
 4355.140  0.5275  0.2937
 4355.160  0.5690  0.3032
 4355.180  0.6053  0.3126
 4355.200 -1.0000 -1.0000
 4355.220 -1.0000 -1.0000
 4355.240 -1.0000 -1.0000
 4355.260 -1.0000 -1.0000
 4355.280 -1.0000 -1.0000
 4355.300  0.8826  0.4067
 4355.320  0.8882  0.4279
 4355.340  0.8917  0.4569
 4355.360  0.8948  0.4917
 4355.380  0.8955  0.5324
 4355.400  0.8928  0.5793
 4355.420  0.8841  0.6334
 4355.440  0.8643  0.6935
 4355.460  0.8331  0.7516
 4355.480  0.7980  0.7990
 4355.500  0.7638  0.8357
 4355.520  0.7306  0.8649
 4355.540  0.6992  0.8842
 4355.560  0.6669  0.8875
 4355.580  0.6275  0.8737
 4355.600  0.5814  0.8492
 4355.620  0.5372  0.8218
 4355.640  0.4987  0.7920
 4355.660  0.4628  0.7536
 4355.680  0.4299  0.7035
 4355.700  0.4035  0.6453
 4355.720  0.3832  0.5875
 4355.740  0.3692  0.5412
 4355.760 -1.0000 -1.0000
 4355.780 -1.0000 -1.0000
 4355.800 -1.0000 -1.0000
 4355.820 -1.0000 -1.0000
 4355.840 -1.0000 -1.0000
 4355.860 -1.0000 -1.0000
 4355.880 -1.0000 -1.0000
 4355.900  0.3824  0.3018
 4355.920  0.3937  0.2970
 4355.940  0.4173  0.3007
 4355.960  0.4419  0.3104
 4355.980 -1.0000 -1.0000
 4356.000 -1.0000 -1.0000
 4356.020 -1.0000 -1.0000
 4356.040 -1.0000 -1.0000
 4356.060 -1.0000 -1.0000
 4356.080 -1.0000 -1.0000
 4356.100 -1.0000 -1.0000
 4356.120 -1.0000 -1.0000
 4356.140 -1.0000 -1.0000
 4356.160 -1.0000 -1.0000
 4356.180 -1.0000 -1.0000
 4356.200 -1.0000 -1.0000
 4356.220 -1.0000 -1.0000
 4356.240 -1.0000 -1.0000
 4356.260 -1.0000 -1.0000
 4356.280 -1.0000 -1.0000
 4356.300 -1.0000  0.8252
 4356.320 -1.0000  0.8165
 4356.340  0.6379  0.7949
 4356.360  0.6113  0.7600
 4356.380  0.5720  0.7152
 4356.400  0.5314  0.6671
 4356.420  0.4946  0.6192
 4356.440  0.4611  0.5709
 4356.460  0.4313  0.5223
 4356.480  0.4060  0.4772
 4356.500  0.3842  0.4396
 4356.520  0.3663  0.4086
 4356.540  0.3522  0.3796
 4356.560  0.3436  0.3524
 4356.580  0.3422  0.3340
 4356.600  0.3445  0.3277
 4356.620  0.3491  0.3277
 4356.640  0.3572  0.3280
 4356.660  0.3669  0.3305
 4356.680  0.3778  0.3384
 4356.700  0.3947  0.3504
 4356.720  0.4210  0.3650
 4356.740  0.4559  0.3833
 4356.760  0.4979  0.4052
 4356.780  0.5451  0.4291
 4356.800  0.5929  0.4551
 4356.820  0.6384  0.4828
 4356.840  0.6814  0.5097
 4356.860  0.7207  0.5383
 4356.880  0.7554  0.5741
 4356.900  0.7840  0.6132
 4356.920  0.8020  0.6430
 4356.940  0.8046  0.6565
 4356.960  0.7900  0.6565
 4356.980  0.7658  0.6475
 4357.000  0.7430  0.6321
 4357.020  0.7191  0.6130
 4357.040  0.6856  0.5880
 4357.060  0.6445  0.5543
 4357.080  0.6018  0.5157
 4357.100  0.5579  0.4755
 4357.120  0.5118  0.4337
 4357.140  0.4680  0.3948
 4357.160  0.4340  0.3650
 4357.180  0.4100  0.3433
 4357.200  0.3933  0.3280
 4357.220 -1.0000 -1.0000
 4357.240 -1.0000 -1.0000
 4357.260 -1.0000 -1.0000
 4357.280 -1.0000 -1.0000
 4357.300 -1.0000 -1.0000
 4357.320  0.3319  0.3553
 4357.340 -1.0000  0.3584
 4357.360 -1.0000 -1.0000
 4357.380 -1.0000 -1.0000
 4357.400 -1.0000 -1.0000
 4357.420 -1.0000 -1.0000
 4357.440 -1.0000 -1.0000
 4357.460 -1.0000 -1.0000
 4357.480 -1.0000 -1.0000
 4357.500 -1.0000 -1.0000
 4357.520 -1.0000 -1.0000
 4357.540 -1.0000 -1.0000
 4357.560 -1.0000 -1.0000
 4357.580 -1.0000 -1.0000
 4357.600  0.6866  0.5485
 4357.620  0.6798  0.5267
 4357.640  0.6595  0.4928
 4357.660  0.6337  0.4536
 4357.680  0.6055  0.4170
 4357.700  0.5752  0.3902
 4357.720  0.5432  0.3728
 4357.740  0.5072  0.3586
 4357.760  0.4696  0.3440
 4357.780  0.4362  0.3303
 4357.800  0.4073  0.3210
 4357.820  0.3831  0.3186
 4357.840  0.3664  0.3226
 4357.860  0.3571  0.3321
 4357.880  0.3537  0.3473
 4357.900  0.3534  0.3657
 4357.920  0.3518  0.3828
 4357.940  0.3496  0.3969
 4357.960  0.3505  0.4113
 4357.980  0.3553  0.4292
 4358.000  0.3660  0.4489
 4358.020  0.3869  0.4639
 4358.040  0.4149  0.4714
 4358.060  0.4429  0.4756
 4358.080  0.4705  0.4768
 4358.100  0.5006  0.4671
 4358.120  0.5300  0.4455
 4358.140  0.5567  0.4220
 4358.160  0.5814  0.4041
 4358.180  0.6015  0.3911
 4358.200  0.6119  0.3779
 4358.220  0.6093  0.3600
 4358.240  0.5923  0.3377
 4358.260  0.5653  0.3156
 4358.280  0.5355  0.3004
 4358.300  0.5043  0.2966
 4358.320  0.4721  0.3039
 4358.340  0.4451  0.3182
 4358.360  0.4237  0.3329
 4358.380  0.4012  0.3439
 4358.400  0.3779  0.3531
 4358.420  0.3598  0.3647
 4358.440  0.3483  0.3777
 4358.460  0.3410  0.3871
 4358.480  0.3397  0.3904
 4358.500  0.3472  0.3891
 4358.520  0.3597  0.3851
 4358.540  0.3711  0.3784
 4358.560  0.3813  0.3684
 4358.580  0.3930  0.3557
 4358.600  0.4077  0.3441
 4358.620  0.4264  0.3371
 4358.640  0.4479  0.3346
 4358.660  0.4686  0.3323
 4358.680  0.4853  0.3253
 4358.700  0.4956  0.3146
 4358.720  0.4984  0.3070
 4358.740  0.4937  0.3064
 4358.760  0.4816  0.3107
 4358.780  0.4635  0.3162
 4358.800  0.4429  0.3220
 4358.820  0.4220  0.3279
 4358.840  0.4003  0.3328
 4358.860  0.3790  0.3341
 4358.880  0.3618  0.3303
 4358.900  0.3502  0.3235
 4358.920  0.3429  0.3162
 4358.940  0.3401  0.3070
 4358.960  0.3389  0.2971
 4358.980  0.3368  0.2933
 4359.000  0.3373  0.2966
 4359.020  0.3443  0.2990
 4359.040  0.3561  0.2948
 4359.060  0.3671  0.2866
 4359.080  0.3744  0.2790
 4359.100  0.3820  0.2733
 4359.120  0.3937  0.2696
 4359.140  0.4052  0.2701
 4359.160  0.4105  0.2735
 4359.180  0.4081  0.2761
 4359.200  0.4007  0.2783
 4359.220  0.3902  0.2806
 4359.240  0.3774  0.2784
 4359.260  0.3656  0.2711
 4359.280 -1.0000 -1.0000
 4359.300 -1.0000 -1.0000
 4359.320 -1.0000 -1.0000
 4359.340 -1.0000 -1.0000
 4359.360 -1.0000 -1.0000
 4359.380  0.3191  0.2492
 4359.400  0.3220  0.2498
 4359.420  0.3274  0.2566
 4359.440  0.3340  0.2602
 4359.460  0.3388  0.2575
 4359.480  0.3399  0.2617
 4359.500  0.3406  0.2792
 4359.520  0.3437  0.3007
 4359.540  0.3451  0.3273
 4359.560  0.3413  0.3705
 4359.580  0.3328  0.4249
 4359.600  0.3224  0.4792
 4359.620  0.3167  0.5328
 4359.640  0.3142  0.5854
 4359.660  0.3070  0.6407
 4359.680  0.2969  0.7065
 4359.700  0.2920  0.7776
 4359.720  0.2936  0.8415
 4359.740  0.2971  0.8913
 4359.760  0.2994  0.9280
 4359.780  0.2996  0.9551
 4359.800  0.2978  0.9710
 4359.820  0.2939  0.9704
 4359.840  0.2884  0.9587
 4359.860  0.2830  0.9537
 4359.880  0.2784  0.9589
 4359.900  0.2758  0.9632
 4359.920  0.2769  0.9651
 4359.940  0.2791  0.9692
 4359.960  0.2800  0.9730
 4359.980  0.2819  0.9722
 4360.000  0.2851  0.9667
 4360.020  0.2875  0.9601
 4360.040  0.2905  0.9574
 4360.060  0.2972  0.9589
 4360.080  0.3080  0.9574
 4360.100  0.3190  0.9477
 4360.120  0.3273  0.9346
 4360.140  0.3384  0.9293
 4360.160  0.3622  0.9376
 4360.180  0.3999  0.9488
 4360.200  0.4455  0.9525
 4360.220  0.4946  0.9524
 4360.240  0.5454  0.9494
 4360.260  0.5997  0.9390
 4360.280  0.6575  0.9249
 4360.300  0.7150  0.9135
 4360.320  0.7692  0.9054
 4360.340  0.8179  0.8999
 4360.360  0.8602  0.8992
 4360.380  0.8964  0.9037
 4360.400  0.9261  0.9107
 4360.420  0.9486  0.9184
 4360.440  0.9620  0.9258
 4360.460  0.9669  0.9332
 4360.480  0.9671  0.9406
 4360.500  0.9660  0.9473
 4360.520  0.9645  0.9530
 4360.540  0.9618  0.9582
 4360.560  0.9592  0.9618
 4360.580  0.9603  0.9612
 4360.600  0.9655  0.9575
 4360.620  0.9700  0.9553
 4360.640  0.9722  0.9557
 4360.660  0.9754  0.9538
 4360.680  0.9779  0.9461
 4360.700  0.9765  0.9383
 4360.720  0.9768  0.9370
 4360.740  0.9811  0.9392
 4360.760  0.9813  0.9362
 4360.780  0.9741  0.9260
 4360.800  0.9660  0.9138
 4360.820  0.9599  0.9072
 4360.840  0.9556  0.9083
 4360.860  0.9522  0.9136
 4360.880  0.9447  0.9204
 4360.900  0.9309  0.9286
 4360.920  0.9170  0.9346
 4360.940  0.9087  0.9356
 4360.960  0.9024  0.9380
 4360.980  0.8957  0.9481
 4361.000  0.8941  0.9599
 4361.020  0.9038  0.9639
 4361.040  0.9215  0.9623
 4361.060  0.9386  0.9653
 4361.080  0.9510  0.9735
 4361.100  0.9605  0.9815
 4361.120  0.9669  0.9867
 4361.140  0.9680  0.9864
 4361.160  0.9660  0.9833
 4361.180  0.9658  0.9840
 4361.200  0.9653  0.9868
 4361.220  0.9625  0.9879
 4361.240  0.9608  0.9888
 4361.260  0.9609  0.9913
 4361.280  0.9588  0.9944
 4361.300  0.9547  0.9968
 4361.320  0.9514  0.9983
 4361.340  0.9481  1.0006
 4361.360  0.9462  1.0041
 4361.380  0.9492  1.0065
 4361.400  0.9524  1.0046
 4361.420  0.9495  0.9985
 4361.440  0.9395  0.9922
 4361.460  0.9238  0.9884
 4361.480  0.9077  0.9848
 4361.500  0.9005  0.9765
 4361.520  0.9065  0.9619
 4361.540  0.9224  0.9477
 4361.560  0.9401  0.9448
 4361.580  0.9532  0.9531
 4361.600  0.9629  0.9646
 4361.620  0.9696  0.9767
 4361.640  0.9725  0.9867
 4361.660  0.9753  0.9878
 4361.680  0.9784  0.9804
 4361.700  0.9785  0.9729
 4361.720  0.9764  0.9669
 4361.740  0.9717  0.9569
 4361.760  0.9632  0.9450
 4361.780  0.9570  0.9381
 4361.800  0.9587  0.9344
 4361.820  0.9650  0.9267
 4361.840  0.9724  0.9108
 4361.860  0.9803  0.8922
 4361.880  0.9881  0.8823
 4361.900  0.9948  0.8822
 4361.920  0.9976  0.8809
 4361.940  0.9945  0.8758
 4361.960  0.9887  0.8767
 4361.980  0.9849  0.8852
 4362.000 -1.0000 -1.0000
 4362.020 -1.0000 -1.0000
 4362.040 -1.0000 -1.0000
 4362.060 -1.0000 -1.0000
 4362.080 -1.0000 -1.0000
 4362.100 -1.0000 -1.0000
 4362.120 -1.0000 -1.0000
 4362.140 -1.0000 -1.0000
 4362.160  0.9702  0.8582
 4362.180  0.9736  0.8578
 4362.200  0.9718  0.8538
 4362.220  0.9708  0.8544
 4362.240  0.9739  0.8536
 4362.260  0.9784  0.8397
 4362.280  0.9816  0.8250
 4362.300  0.9782  0.8271
 4362.320  0.9731  0.8434
 4362.340  0.9750  0.8690
 4362.360  0.9763  0.9023
 4362.380  0.9712  0.9260
 4362.400  0.9628  0.9275
 4362.420  0.9519  0.9252
 4362.440  0.9412  0.9331
 4362.460  0.9348  0.9407
 4362.480 -1.0000 -1.0000
 4362.500 -1.0000 -1.0000
 4362.520 -1.0000 -1.0000
 4362.540 -1.0000 -1.0000
 4362.560 -1.0000 -1.0000
 4362.580 -1.0000 -1.0000
 4362.600  0.8989  0.9616
 4362.620  0.8920  0.9561
 4362.640  0.8930  0.9529
 4362.660  0.9025  0.9578
 4362.680  0.9108  0.9644
 4362.700  0.9137  0.9647
 4362.720  0.9141  0.9624
 4362.740  0.9134  0.9637
 4362.760  0.9108  0.9674
 4362.780  0.9066  0.9713
 4362.800  0.8998  0.9750
 4362.820  0.8895  0.9779
 4362.840  0.8796  0.9791
 4362.860  0.8755  0.9765
 4362.880  0.8760  0.9695
 4362.900  0.8775  0.9632
 4362.920  0.8796  0.9621
 4362.940  0.8850  0.9611
 4362.960  0.8941  0.9522
 4362.980 -1.0000  0.9389
 4363.000 -1.0000  0.9317
 4363.020 -1.0000  0.9306
 4363.040 -1.0000  0.9273
 4363.060 -1.0000  0.9197
 4363.080  0.9383  0.9117
 4363.100  0.9429  0.9077
 4363.120  0.9495  0.9097
 4363.140  0.9547  0.9177
 4363.160  0.9566  0.9298
 4363.180  0.9584  0.9416
 4363.200  0.9610  0.9481
 4363.220  0.9620  0.9484
 4363.240  0.9610  0.9455
 4363.260  0.9580  0.9436
 4363.280  0.9565  0.9456
 4363.300  0.9602  0.9511
 4363.320  0.9662  0.9565
 4363.340  0.9728  0.9594
 4363.360  0.9798  0.9601
 4363.380  0.9821  0.9621
 4363.400  0.9785  0.9702
 4363.420  0.9741  0.9831
 4363.440  0.9728  0.9897
 4363.460  0.9742  0.9822
 4363.480  0.9748  0.9690
 4363.500  0.9722  0.9624
 4363.520  0.9667  0.9603
 4363.540  0.9617  0.9563
 4363.560  0.9614  0.9538
 4363.580  0.9614  0.9541
 4363.600  0.9557  0.9464
 4363.620  0.9474  0.9243
 4363.640  0.9398  0.8997
 4363.660  0.9364  0.8903
 4363.680  0.9370  0.8928
 4363.700  0.9352  0.8887
 4363.720  0.9314  0.8777
 4363.740  0.9293  0.8761
 4363.760  0.9307  0.8892
 4363.780  0.9377  0.9068
 4363.800  0.9448  0.9220
 4363.820  0.9466  0.9339
 4363.840  0.9464  0.9370
 4363.860  0.9478  0.9328
 4363.880  0.9488  0.9313
 4363.900  0.9472  0.9338
 4363.920  0.9469  0.9360
 4363.940  0.9503  0.9391
 4363.960  0.9555  0.9455
 4363.980  0.9618  0.9507
 4364.000  0.9654  0.9508
 4364.020  0.9643  0.9512
 4364.040  0.9645  0.9580
 4364.060  0.9673  0.9676
 4364.080  0.9693  0.9769
 4364.100  0.9698  0.9877
 4364.120  0.9685  0.9967
 4364.140  0.9659  0.9988
 4364.160  0.9627  0.9988
 4364.180  0.9560  1.0031
 4364.200  0.9469  1.0046
 4364.220 -1.0000  0.9968
 4364.240 -1.0000  0.9964
 4364.260 -1.0000  1.0180
 4364.280 -1.0000  1.0393
 4364.300 -1.0000  1.0364
 4364.320 -1.0000  1.0186
 4364.340 -1.0000  0.9995
 4364.360  0.9049  0.9855
 4364.380  0.9070  0.9837
 4364.400  0.9095  0.9899
 4364.420  0.9122  0.9936
 4364.440  0.9176  0.9939
 4364.460  0.9266  0.9939
 4364.480  0.9355  0.9930
 4364.500  0.9411  0.9907
 4364.520  0.9443  0.9897
 4364.540  0.9445  0.9883
 4364.560  0.9406  0.9836
 4364.580  0.9360  0.9813
 4364.600  0.9343  0.9857
 4364.620  0.9349  0.9869
 4364.640  0.9379  0.9796
 4364.660 -1.0000 -1.0000
 4364.680 -1.0000 -1.0000
 4364.700 -1.0000 -1.0000
 4364.720 -1.0000 -1.0000
 4364.740 -1.0000 -1.0000
 4364.760  0.9968  0.9802
 4364.780  0.9997  0.9755
 4364.800  1.0052  0.9714
 4364.820  1.0055  0.9712
 4364.840  1.0003  0.9738
 4364.860  0.9984  0.9749
 4364.880  0.9977  0.9692
 4364.900  0.9923  0.9586
 4364.920  0.9861  0.9557
 4364.940  0.9846  0.9619
 4364.960  0.9874  0.9667
 4364.980  0.9898  0.9676
 4365.000  0.9920  0.9642
 4365.020  0.9960  0.9539
 4365.040  0.9980  0.9423
 4365.060  0.9947  0.9377
 4365.080  0.9905  0.9368
 4365.100  0.9891  0.9297
 4365.120  0.9881  0.9170
 4365.140  0.9868  0.9072
 4365.160  0.9859  0.9006
 4365.180  0.9846  0.8951
 4365.200  0.9820  0.8973
 4365.220  0.9801  0.9124
 4365.240  0.9813  0.9319
 4365.260  0.9841  0.9437
 4365.280  0.9869  0.9451
 4365.300  0.9902  0.9429
 4365.320  0.9925  0.9451
 4365.340  0.9935  0.9562
 4365.360  0.9936  0.9733
 4365.380  0.9912  0.9885
 4365.400  0.9890  0.9950
 4365.420  0.9891  0.9904
 4365.440  0.9884  0.9793
 4365.460  0.9871  0.9711
 4365.480  0.9860  0.9690
 4365.500  0.9829  0.9665
 4365.520  0.9790  0.9593
 4365.540  0.9788  0.9556
 4365.560  0.9820  0.9620
 4365.580  0.9820  0.9689
 4365.600  0.9773  0.9660
 4365.620  0.9721  0.9570
 4365.640  0.9677  0.9475
 4365.660  0.9625  0.9364
 4365.680  0.9549  0.9233
 4365.700  0.9461  0.9127
 4365.720  0.9391  0.9075
 4365.740  0.9319  0.9019
 4365.760  0.9218  0.8914
 4365.780  0.9119  0.8802
 4365.800  0.9068  0.8733
 4365.820  0.9081  0.8724
 4365.840  0.9144  0.8791
 4365.860  0.9238  0.8928
 4365.880  0.9355  0.9071
 4365.900  0.9485  0.9157
 4365.920  0.9613  0.9219
 4365.940  0.9717  0.9327
 4365.960  0.9782  0.9460
 4365.980  0.9813  0.9541
 4366.000  0.9807  0.9562
 4366.020  0.9770  0.9596
 4366.040  0.9751  0.9686
 4366.060  0.9773  0.9802
 4366.080  0.9784  0.9877
 4366.100  0.9739  0.9870
 4366.120  0.9673  0.9831
 4366.140  0.9649  0.9831
 4366.160  0.9668  0.9877
 4366.180  0.9686  0.9927
 4366.200  0.9683  0.9961
 4366.220  0.9650  0.9968
 4366.240  0.9595  0.9912
 4366.260  0.9554  0.9823
 4366.280  0.9530  0.9810
 4366.300  0.9504  0.9876
 4366.320 -1.0000 -1.0000
 4366.340 -1.0000 -1.0000
 4366.360 -1.0000 -1.0000
 4366.380 -1.0000 -1.0000
 4366.400 -1.0000 -1.0000
 4366.420 -1.0000 -1.0000
 4366.440 -1.0000 -1.0000
 4366.460  0.8874  0.9862
 4366.480  0.8926  0.9851
 4366.500  0.9050  0.9839
 4366.520  0.9213  0.9828
 4366.540  0.9374  0.9797
 4366.560  0.9502  0.9734
 4366.580  0.9594  0.9650
 4366.600  0.9673  0.9540
 4366.620  0.9730  0.9373
 4366.640  0.9764  0.9199
 4366.660  0.9820  0.9107
 4366.680  0.9899  0.9021
 4366.700  0.9943  0.8782
 4366.720  0.9938  0.8439
 4366.740  0.9910  0.8185
 4366.760 -1.0000 -1.0000
 4366.780 -1.0000 -1.0000
 4366.800 -1.0000 -1.0000
 4366.820 -1.0000 -1.0000
 4366.840 -1.0000 -1.0000
 4366.860 -1.0000 -1.0000
 4366.880 -1.0000 -1.0000
 4366.900 -1.0000 -1.0000
 4366.920 -1.0000 -1.0000
 4366.940 -1.0000 -1.0000
 4366.960 -1.0000 -1.0000
 4366.980 -1.0000 -1.0000
 4367.000 -1.0000 -1.0000
 4367.020 -1.0000 -1.0000
 4367.040 -1.0000 -1.0000
 4367.060 -1.0000 -1.0000
 4367.080 -1.0000 -1.0000
 4367.100 -1.0000 -1.0000
 4367.120  1.0024  0.9147
 4367.140  1.0012  0.9291
 4367.160  0.9955  0.9401
 4367.180  0.9873  0.9448
 4367.200  0.9782  0.9462
 4367.220  0.9646  0.9416
 4367.240  0.9460  0.9300
 4367.260  0.9292  0.9224
 4367.280  0.9177  0.9271
 4367.300  0.9091  0.9328
 4367.320  0.9019  0.9264
 4367.340  0.8920  0.9117
 4367.360  0.8745  0.8985
 4367.380  0.8515  0.8849
 4367.400  0.8272  0.8624
 4367.420  0.8000  0.8333
 4367.440  0.7681  0.8076
 4367.460  0.7370  0.7897
 4367.480  0.7142  0.7794
 4367.500  0.6982  0.7775
 4367.520  0.6843  0.7819
 4367.540  0.6774  0.7851
 4367.560  0.6857  0.7877
 4367.580  0.7105  0.8000
 4367.600  0.7482  0.8241
 4367.620  0.7926  0.8509
 4367.640  0.8347  0.8723
 4367.660  0.8686  0.8848
 4367.680  0.8924  0.8893
 4367.700  0.9061  0.8897
 4367.720 -1.0000 -1.0000
 4367.740 -1.0000 -1.0000
 4367.760 -1.0000 -1.0000
 4367.780 -1.0000 -1.0000
 4367.800 -1.0000 -1.0000
 4367.820 -1.0000 -1.0000
 4367.840 -1.0000 -1.0000
 4367.860 -1.0000 -1.0000
 4367.880 -1.0000 -1.0000
 4367.900 -1.0000 -1.0000
 4367.920 -1.0000 -1.0000
 4367.940 -1.0000 -1.0000
 4367.960 -1.0000 -1.0000
 4367.980 -1.0000 -1.0000
 4368.000  0.9179  0.9495
 4368.020  0.9007  0.9290
 4368.040  0.8781  0.9198
 4368.060  0.8542  0.9212
 4368.080  0.8306  0.9152
 4368.100  0.8124  0.9024
 4368.120  0.8044  0.8961
 4368.140  0.8012  0.8939
 4368.160  0.7960  0.8851
 4368.180  0.7922  0.8701
 4368.200  0.7949  0.8568
 4368.220  0.8042  0.8509
 4368.240  0.8210  0.8523
 4368.260  0.8467  0.8562
 4368.280  0.8778  0.8601
 4368.300  0.9062  0.8668
 4368.320  0.9281  0.8769
 4368.340  0.9461  0.8868
 4368.360  0.9620  0.8960
 4368.380  0.9739  0.9076
 4368.400  0.9820  0.9211
 4368.420  0.9900  0.9338
 4368.440  0.9970  0.9458
 4368.460  1.0000  0.9559
 4368.480  0.9963  0.9601
 4368.500  0.9862  0.9592
 4368.520  0.9776  0.9598
 4368.540  0.9740  0.9605
 4368.560  0.9712  0.9515
 4368.580  0.9686  0.9345
 4368.600  0.9678  0.9235
 4368.620  0.9657  0.9180
 4368.640  0.9587  0.9057
 4368.660  0.9487  0.8889
 4368.680  0.9399  0.8774
 4368.700  0.9323  0.8708
 4368.720  0.9238  0.8643
 4368.740  0.9152  0.8584
 4368.760  0.9076  0.8574
 4368.780  0.8996  0.8610
 4368.800  0.8879  0.8662
 4368.820  0.8740  0.8714
 4368.840  0.8644  0.8767
 4368.860  0.8610  0.8853
 4368.880  0.8614  0.9005
 4368.900  0.8665  0.9183
 4368.920  0.8775  0.9306
 4368.940  0.8911  0.9358
 4368.960  0.9020  0.9387
 4368.980  0.9096  0.9419
 4369.000  0.9173  0.9446
 4369.020  0.9248  0.9458
 4369.040  0.9306  0.9469
 4369.060  0.9367  0.9504
 4369.080  0.9429  0.9566
 4369.100  0.9467  0.9619
 4369.120  0.9487  0.9634
 4369.140  0.9489  0.9620
 4369.160  0.9459  0.9618
 4369.180  0.9418  0.9660
 4369.200  0.9375  0.9719
 4369.220  0.9318  0.9748
 4369.240  0.9262  0.9748
 4369.260  0.9204  0.9747
 4369.280  0.9112  0.9750
 4369.300  0.8986  0.9765
 4369.320  0.8844  0.9807
 4369.340  0.8716  0.9869
 4369.360  0.8640  0.9907
 4369.380  0.8616  0.9898
 4369.400  0.8620  0.9877
 4369.420  0.8664  0.9869
 4369.440  0.8757  0.9843
 4369.460  0.8854  0.9768
 4369.480  0.8949  0.9677
 4369.500  0.9068  0.9617
 4369.520  0.9180  0.9591
 4369.540  0.9272  0.9582
 4369.560  0.9365  0.9566
 4369.580  0.9451  0.9537
 4369.600  0.9512  0.9501
 4369.620  0.9537  0.9410
 4369.640  0.9512  0.9245
 4369.660  0.9462  0.9122
 4369.680  0.9438  0.9144
 4369.700  0.9452  0.9254
 4369.720  0.9475  0.9389
 4369.740  0.9503  0.9556
 4369.760  0.9549  0.9708
 4369.780  0.9594  0.9783
 4369.800  0.9615  0.9795
 4369.820  0.9635  0.9792
 4369.840  0.9692  0.9790
 4369.860  0.9780  0.9811
 4369.880  0.9860  0.9879
 4369.900  0.9904  0.9958
 4369.920  0.9920  0.9999
 4369.940  0.9893  0.9983
 4369.960  0.9816  0.9921
 4369.980  0.9761  0.9858
 4370.000  0.9764  0.9748
 4370.020  0.9763  0.9575
 4370.040  0.9744  0.9516
 4370.060  0.9748  0.9608
 4370.080  0.9761  0.9682
 4370.100  0.9741  0.9712
 4370.120  0.9665  0.9712
 4370.140  0.9575  0.9637
 4370.160  0.9523  0.9550
 4370.180  0.9496  0.9521
 4370.200  0.9451  0.9482
 4370.220  0.9396  0.9334
 4370.240  0.9380  0.9125
 4370.260  0.9390  0.8952
 4370.280  0.9378  0.8805
 4370.300  0.9359  0.8660
 4370.320  0.9394  0.8577
 4370.340  0.9501  0.8583
 4370.360  0.9634  0.8639
 4370.380  0.9741  0.8716
 4370.400  0.9808  0.8809
 4370.420  0.9838  0.8900
 4370.440  0.9839  0.8966
 4370.460  0.9836  0.9001
 4370.480  0.9841  0.9014
 4370.500  0.9835  0.9029
 4370.520  0.9833  0.9057
 4370.540  0.9857  0.9067
 4370.560  0.9878  0.8995
 4370.580  0.9885  0.8823
 4370.600  0.9888  0.8594
 4370.620  0.9889  0.8380
 4370.640  0.9886  0.8230
 4370.660  0.9879  0.8146
 4370.680  0.9874  0.8092
 4370.700  0.9867  0.8014
 4370.720  0.9857  0.7896
 4370.740  0.9822  0.7779
 4370.760  0.9738  0.7702
 4370.780  0.9630  0.7681
 4370.800  0.9537  0.7751
 4370.820  0.9451  0.7946
 4370.840  0.9358  0.8207
 4370.860  0.9266  0.8411
 4370.880  0.9163  0.8551
 4370.900  0.9025  0.8705
 4370.920  0.8853  0.8845
 4370.940  0.8696  0.8901
 4370.960  0.8599  0.8926
 4370.980  0.8595  0.9018
 4371.000  0.8711  0.9165
 4371.020  0.8878  0.9304
 4371.040  0.9013  0.9419
 4371.060  0.9122  0.9516
 4371.080  0.9202  0.9586
 4371.100  0.9234  0.9601
 4371.120  0.9236  0.9572
 4371.140 -1.0000 -1.0000
 4371.160 -1.0000 -1.0000
 4371.180 -1.0000 -1.0000
 4371.200 -1.0000 -1.0000
 4371.220 -1.0000 -1.0000
 4371.240  0.8550  0.9804
 4371.260  0.8410  0.9695
 4371.280  0.8290  0.9672
 4371.300  0.8203  0.9779
 4371.320  0.8128  0.9897
 4371.340  0.8054  0.9880
 4371.360  0.7959  0.9740
 4371.380  0.7842  0.9654
 4371.400  0.7756  0.9673
 4371.420  0.7762  0.9702
 4371.440  0.7873  0.9753
 4371.460  0.8072  0.9840
 4371.480  0.8342  0.9884
 4371.500  0.8617  0.9869
 4371.520  0.8829  0.9839
 4371.540  0.9015  0.9807
 4371.560  0.9187  0.9756
 4371.580  0.9294  0.9691
 4371.600  0.9351  0.9652
 4371.620  0.9381  0.9652
 4371.640  0.9379  0.9649
 4371.660  0.9379  0.9597
 4371.680  0.9394  0.9478
 4371.700  0.9421  0.9336
 4371.720  0.9449  0.9226
 4371.740  0.9447  0.9144
 4371.760  0.9442  0.9073
 4371.780  0.9486  0.9028
 4371.800  0.9558  0.9023
 4371.820  0.9622  0.9048
 4371.840  0.9661  0.9075
 4371.860  0.9686  0.9098
 4371.880  0.9703  0.9134
 4371.900  0.9712  0.9187
 4371.920  0.9747  0.9233
 4371.940  0.9794  0.9243
 4371.960  0.9804  0.9231
 4371.980  0.9791  0.9234
 4372.000  0.9784  0.9257
 4372.020  0.9779  0.9275
 4372.040  0.9765  0.9263
 4372.060  0.9739  0.9224
 4372.080  0.9732  0.9192
 4372.100  0.9763  0.9203
 4372.120  0.9795  0.9255
 4372.140  0.9801  0.9311
 4372.160  0.9774  0.9342
 4372.180  0.9720  0.9358
 4372.200  0.9671  0.9391
 4372.220  0.9636  0.9456
 4372.240  0.9606  0.9542
 4372.260  0.9584  0.9629
 4372.280  0.9555  0.9699
 4372.300  0.9483  0.9762
 4372.320  0.9356  0.9828
 4372.340  0.9206  0.9880
 4372.360  0.9079  0.9888
 4372.380  0.9001  0.9844
 4372.400  0.8980  0.9762
 4372.420  0.9002  0.9683
 4372.440  0.9052  0.9674
 4372.460  0.9134  0.9730
 4372.480  0.9233  0.9761
 4372.500  0.9306  0.9723
 4372.520  0.9330  0.9662
 4372.540  0.9318  0.9628
 4372.560  0.9291  0.9636
 4372.580  0.9258  0.9683
 4372.600  0.9246  0.9741
 4372.620  0.9241  0.9748
 4372.640  0.9213  0.9704
 4372.660  0.9199  0.9676
 4372.680  0.9213  0.9640
 4372.700  0.9210  0.9543
 4372.720  0.9198  0.9425
 4372.740  0.9227  0.9343
 4372.760  0.9277  0.9274
 4372.780  0.9338  0.9178
 4372.800  0.9426  0.9055
 4372.820  0.9492  0.8931
 4372.840  0.9520  0.8847
 4372.860  0.9560  0.8794
 4372.880  0.9631  0.8743
 4372.900  0.9703  0.8708
 4372.920  0.9738  0.8686
 4372.940  0.9739  0.8647
 4372.960  0.9733  0.8596
 4372.980  0.9726  0.8553
 4373.000  0.9715  0.8494
 4373.020  0.9715  0.8354
 4373.040  0.9736  0.8133
 4373.060  0.9763  0.7954
 4373.080  0.9788  0.7920
 4373.100  0.9828  0.8005
 4373.120  0.9867  0.8131
 4373.140  0.9864  0.8202
 4373.160  0.9816  0.8163
 4373.180  0.9736  0.8134
 4373.200  0.9676  0.8256
 4373.220  0.9698  0.8476
 4373.240  0.9759  0.8682
 4373.260  0.9786  0.8809
 4373.280  0.9766  0.8803
 4373.300  0.9721  0.8702
 4373.320  0.9659  0.8601
 4373.340  0.9555  0.8515
 4373.360  0.9422  0.8435
 4373.380  0.9308  0.8383
 4373.400  0.9225  0.8351
 4373.420  0.9156  0.8312
 4373.440  0.9074  0.8260
 4373.460  0.8973  0.8197
 4373.480  0.8893  0.8105
 4373.500  0.8846  0.7991
 4373.520  0.8809  0.7930
 4373.540  0.8791  0.8006
 4373.560  0.8804  0.8211
 4373.580  0.8826  0.8465
 4373.600  0.8808  0.8680
 4373.620  0.8720  0.8816
 4373.640  0.8592  0.8913
 4373.660  0.8453  0.9032
 4373.680  0.8309  0.9208
 4373.700  0.8194  0.9422
 4373.720  0.8141  0.9606
 4373.740  0.8160  0.9709
 4373.760  0.8256  0.9741
 4373.780  0.8399  0.9748
 4373.800  0.8543  0.9776
 4373.820  0.8687  0.9822
 4373.840  0.8845  0.9854
 4373.860  0.8996  0.9896
 4373.880  0.9105  0.9973
 4373.900  0.9153  1.0028
 4373.920  0.9134  1.0001
 4373.940  0.9044  0.9929
 4373.960  0.8896  0.9881
 4373.980  0.8723  0.9850
 4374.000  0.8543  0.9811
 4374.020  0.8373  0.9801
 4374.040  0.8239  0.9845
 4374.060  0.8147  0.9888
 4374.080  0.8071  0.9860
 4374.100  0.8016  0.9780
 4374.120  0.8016  0.9732
 4374.140  0.8073  0.9740
 4374.160  0.8146  0.9756
 4374.180  0.8236  0.9766
 4374.200  0.8380  0.9795
 4374.220  0.8560  0.9850
 4374.240  0.8745  0.9903
 4374.260  0.8945  0.9928
 4374.280  0.9132  0.9919
 4374.300  0.9277  0.9892
 4374.320  0.9397  0.9862
 4374.340  0.9479  0.9844
 4374.360  0.9543  0.9857
 4374.380  0.9642  0.9898
 4374.400  0.9763  0.9927
 4374.420  0.9842  0.9919
 4374.440  0.9839  0.9887
 4374.460  0.9785  0.9854
 4374.480  0.9761  0.9841
 4374.500  0.9787  0.9842
 4374.520  0.9813  0.9836
 4374.540  0.9822  0.9821
 4374.560  0.9834  0.9798
 4374.580  0.9861  0.9769
 4374.600  0.9887  0.9740
 4374.620  0.9878  0.9713
 4374.640  0.9833  0.9681
 4374.660  0.9802  0.9653
 4374.680  0.9802  0.9645
 4374.700  0.9814  0.9652
 4374.720  0.9814  0.9649
 4374.740  0.9778  0.9600
 4374.760  0.9733  0.9498
 4374.780  0.9711  0.9360
 4374.800  0.9707  0.9227
 4374.820  0.9732  0.9132
 4374.840  0.9789  0.9050
 4374.860  0.9847  0.8990
 4374.880  0.9895  0.9009
 4374.900  0.9935  0.9054
 4374.920  0.9959  0.9050
 4374.940  0.9948  0.9034
 4374.960  0.9909  0.9075
 4374.980  0.9898  0.9183
 4375.000  0.9955  0.9320
 4375.020  1.0032  0.9450
 4375.040  1.0045  0.9551
 4375.060  0.9986  0.9566
 4375.080  0.9917  0.9461
 4375.100  0.9875  0.9302
 4375.120  0.9844  0.9176
 4375.140  0.9830  0.9117
 4375.160  0.9839  0.9074
 4375.180  0.9851  0.8963
 4375.200  0.9838  0.8785
 4375.220  0.9790  0.8586
 4375.240  0.9727  0.8360
 4375.260  0.9683  0.8113
 4375.280  0.9663  0.7908
 4375.300  0.9663  0.7778
 4375.320  0.9682  0.7697
 4375.340  0.9693  0.7640
 4375.360  0.9659  0.7615
 4375.380  0.9580  0.7613
 4375.400  0.9486  0.7610
 4375.420  0.9406  0.7670
 4375.440  0.9343  0.7877
 4375.460  0.9273  0.8137
 4375.480  0.9200  0.8297
 4375.500  0.9145  0.8403
 4375.520  0.9126  0.8570
 4375.540  0.9154  0.8748
 4375.560 -1.0000 -1.0000
 4375.580 -1.0000 -1.0000
 4375.600 -1.0000 -1.0000
 4375.620 -1.0000 -1.0000
 4375.640 -1.0000 -1.0000
 4375.660 -1.0000 -1.0000
 4375.680 -1.0000 -1.0000
 4375.700 -1.0000 -1.0000
 4375.720 -1.0000 -1.0000
 4375.740 -1.0000 -1.0000
 4375.760 -1.0000 -1.0000
 4375.780  0.9166  0.9387
 4375.800  0.9081  0.9323
 4375.820  0.8965  0.9346
 4375.840  0.8823  0.9459
 4375.860  0.8666  0.9536
 4375.880  0.8468  0.9542
 4375.900  0.8203  0.9569
 4375.920  0.7926  0.9629
 4375.940  0.7726  0.9641
 4375.960  0.7613  0.9623
 4375.980  0.7551  0.9657
 4376.000  0.7538  0.9716
 4376.020  0.7602  0.9725
 4376.040  0.7761  0.9694
 4376.060  0.7982  0.9681
 4376.080  0.8217  0.9687
 4376.100  0.8441  0.9680
 4376.120  0.8658  0.9663
 4376.140  0.8855  0.9651
 4376.160  0.9002  0.9653
 4376.180  0.9092  0.9669
 4376.200  0.9155  0.9669
 4376.220  0.9205  0.9609
 4376.240  0.9223  0.9475
 4376.260  0.9225  0.9337
 4376.280  0.9262  0.9260
 4376.300  0.9337  0.9165
 4376.320  0.9418  0.8954
 4376.340  0.9484  0.8734
 4376.360  0.9536  0.8667
 4376.380  0.9579  0.8740
 4376.400  0.9600  0.8912
 4376.420  0.9606  0.9154
 4376.440  0.9630  0.9328
 4376.460  0.9677  0.9396
 4376.480  0.9714  0.9458
 4376.500  0.9700  0.9503
 4376.520  0.9648  0.9477
 4376.540  0.9618  0.9426
 4376.560  0.9636  0.9428
 4376.580  0.9690  0.9506
 4376.600  0.9763  0.9616
 4376.620  0.9815  0.9690
 4376.640  0.9813  0.9702
 4376.660  0.9792  0.9680
 4376.680  0.9783  0.9638
 4376.700  0.9758  0.9567
 4376.720  0.9719  0.9487
 4376.740  0.9714  0.9455
 4376.760  0.9756  0.9487
 4376.780  0.9798  0.9551
 4376.800  0.9799  0.9617
 4376.820  0.9766  0.9675
 4376.840  0.9713  0.9718
 4376.860  0.9637  0.9744
 4376.880  0.9544  0.9769
 4376.900  0.9468  0.9804
 4376.920  0.9438  0.9836
 4376.940  0.9427  0.9859
 4376.960  0.9389  0.9894
 4376.980  0.9343  0.9957
 4377.000  0.9328  1.0021
 4377.020  0.9313  1.0040
 4377.040  0.9281  1.0008
 4377.060  0.9288  0.9953
 4377.080  0.9371  0.9904
 4377.100  0.9477  0.9885
 4377.120  0.9570  0.9907
 4377.140  0.9657  0.9942
 4377.160  0.9705  0.9952
 4377.180  0.9675  0.9933
 4377.200  0.9627  0.9913
 4377.220  0.9658  0.9920
 4377.240  0.9748  0.9959
 4377.260  0.9782  0.9985
 4377.280  0.9744  0.9973
 4377.300  0.9699  0.9977
 4377.320  0.9664  1.0019
 4377.340  0.9641  1.0009
 4377.360  0.9650  0.9902
 4377.380  0.9680  0.9800
 4377.400  0.9715  0.9804
 4377.420  0.9751  0.9882
 4377.440  0.9780  0.9943
 4377.460  0.9799  0.9943
 4377.480  0.9802  0.9888
 4377.500  0.9787  0.9806
 4377.520  0.9787  0.9738
 4377.540  0.9811  0.9711
 4377.560  0.9848  0.9726
 4377.580  0.9898  0.9759
 4377.600  0.9959  0.9752
 4377.620  1.0022  0.9686
 4377.640  1.0056  0.9610
 4377.660  1.0034  0.9567
 4377.680  0.9979  0.9503
 4377.700  0.9928  0.9344
 4377.720  0.9903  0.9135
 4377.740  0.9909  0.8969
 4377.760  0.9938  0.8825
 4377.780  0.9971  0.8591
 4377.800  0.9970  0.8263
 4377.820  0.9954  0.8007
 4377.840  0.9968  0.7861
 4377.860  1.0027  0.7718
 4377.880  1.0093  0.7625
 4377.900  1.0094  0.7602
 4377.920  1.0057  0.7538
 4377.940  1.0029  0.7430
 4377.960  0.9985  0.7375
 4377.980 -1.0000 -1.0000
 4378.000 -1.0000 -1.0000
 4347.000  0.0000  0.0000
 4347.020  0.0000  0.0000
 4347.040 -0.0039  0.0142
 4347.060 -0.0022  0.0160
 4347.080 -0.0022  0.0126
 4347.100 -0.0031  0.0062
 4347.120 -0.0017 -0.0003
 4347.140  0.0013 -0.0065
 4347.160  0.0038 -0.0119
 4347.180  0.0058 -0.0107
 4347.200  0.0057  0.0010
 4347.220  0.0020  0.0152
 4347.240 -0.0018  0.0201
 4347.260 -0.0016  0.0143
 4347.280  0.0019  0.0065
 4347.300  0.0043  0.0049
 4347.320  0.0038  0.0106
 4347.340  0.0024  0.0155
 4347.360  0.0002  0.0135
 4347.380 -0.0022  0.0077
 4347.400 -0.0030  0.0043
 4347.420 -0.0019  0.0055
 4347.440 -0.0002  0.0101
 4347.460 -0.0008  0.0163
 4347.480 -0.0034  0.0203
 4347.500 -0.0039  0.0191
 4347.520 -0.0013  0.0128
 4347.540  0.0023  0.0038
 4347.560  0.0046 -0.0043
 4347.580  0.0039 -0.0077
 4347.600  0.0015 -0.0043
 4347.620  0.0006  0.0032
 4347.640  0.0019  0.0075
 4347.660  0.0024  0.0037
 4347.680  0.0027 -0.0044
 4347.700  0.0051 -0.0082
 4347.720  0.0047 -0.0031
 4347.740 -0.0017  0.0072
 4347.760 -0.0061  0.0151
 4347.780 -0.0056  0.0171
 4347.800 -0.0055  0.0153
 4347.820 -0.0056  0.0123
 4347.840 -0.0040  0.0080
 4347.860 -0.0017  0.0016
 4347.880 -0.0011 -0.0060
 4347.900 -0.0030 -0.0126
 4347.920 -0.0044 -0.0159
 4347.940 -0.0037 -0.0144
 4347.960 -0.0041 -0.0097
 4347.980 -0.0062 -0.0060
 4348.000 -0.0062 -0.0069
 4348.020 -0.0026 -0.0102
 4348.040  0.0020 -0.0113
 4348.060  0.0050 -0.0094
 4348.080  0.0052 -0.0072
 4348.100  0.0032 -0.0065
 4348.120  0.0018 -0.0066
 4348.140  0.0017 -0.0046
 4348.160  0.0011  0.0002
 4348.180 -0.0003  0.0046
 4348.200 -0.0015  0.0055
 4348.220 -0.0022  0.0028
 4348.240 -0.0030 -0.0019
 4348.260 -0.0030 -0.0066
 4348.280 -0.0011 -0.0095
 4348.300  0.0012 -0.0093
 4348.320  0.0011 -0.0075
 4348.340 -0.0004 -0.0068
 4348.360 -0.0002 -0.0075
 4348.380  0.0010 -0.0072
 4348.400  0.0002 -0.0048
 4348.420 -0.0014 -0.0023
 4348.440 -0.0003 -0.0027
 4348.460  0.0021 -0.0063
 4348.480  0.0014 -0.0087
 4348.500 -0.0024 -0.0058
 4348.520 -0.0051  0.0005
 4348.540 -0.0042  0.0055
 4348.560 -0.0013  0.0073
 4348.580  0.0010  0.0068
 4348.600  0.0003  0.0048
 4348.620 -0.0031  0.0010
 4348.640 -0.0054 -0.0042
 4348.660 -0.0051 -0.0072
 4348.680 -0.0034 -0.0032
 4348.700 -0.0018  0.0069
 4348.720 -0.0005  0.0154
 4348.740  0.0005  0.0166
 4348.760  0.0004  0.0120
 4348.780 -0.0013  0.0079
 4348.800 -0.0012  0.0087
 4348.820  0.0015  0.0124
 4348.840  0.0029  0.0134
 4348.860  0.0010  0.0096
 4348.880  0.0005  0.0052
 4348.900  0.0027  0.0099
 4348.920 -0.0024  0.0292
 4348.940 -0.0146  0.0476
 4348.960 -0.0172  0.0467
 4348.980 -0.0079  0.0326
 4349.000 -0.0015  0.0206
 4349.020 -0.0023  0.0159
 4349.040 -0.0035  0.0159
 4349.060 -0.0025  0.0152
 4349.080 -0.0025  0.0110
 4349.100 -0.0037  0.0062
 4349.120 -0.0041  0.0036
 4349.140 -0.0029  0.0022
 4349.160 -0.0006  0.0003
 4349.180  0.0022 -0.0013
 4349.200  0.0029 -0.0002
 4349.220  0.0002  0.0042
 4349.240 -0.0033  0.0077
 4349.260 -0.0049  0.0061
 4349.280 -0.0038  0.0014
 4349.300 -0.0010 -0.0006
 4349.320  0.0010  0.0012
 4349.340  0.0002  0.0029
 4349.360 -0.0017  0.0009
 4349.380 -0.0022 -0.0048
 4349.400 -0.0011 -0.0105
 4349.420 -0.0001 -0.0132
 4349.440  0.0005 -0.0137
 4349.460  0.0008 -0.0139
 4349.480  0.0007 -0.0137
 4349.500  0.0005 -0.0118
 4349.520  0.0010 -0.0081
 4349.540  0.0021 -0.0039
 4349.560  0.0029 -0.0008
 4349.580  0.0019  0.0000
 4349.600 -0.0017 -0.0007
 4349.620 -0.0041 -0.0016
 4349.640 -0.0030 -0.0018
 4349.660 -0.0022 -0.0020
 4349.680 -0.0031 -0.0036
 4349.700 -0.0022 -0.0065
 4349.720  0.0002 -0.0091
 4349.740  0.0000 -0.0096
 4349.760 -0.0035 -0.0093
 4349.780 -0.0058 -0.0124
 4349.800 -0.0048 -0.0201
 4349.820 -0.0037 -0.0252
 4349.840 -0.0040 -0.0213
 4349.860 -0.0038 -0.0128
 4349.880 -0.0033 -0.0079
 4349.900 -0.0035 -0.0087
 4349.920 -0.0032 -0.0121
 4349.940 -0.0016 -0.0141
 4349.960  0.0000 -0.0125
 4349.980  0.0001 -0.0080
 4350.000 -0.0002 -0.0019
 4350.020  0.0001  0.0046
 4350.040 -0.0018  0.0087
 4350.060 -0.0059  0.0080
 4350.080 -0.0077  0.0040
 4350.100 -0.0060  0.0004
 4350.120 -0.0030 -0.0012
 4350.140 -0.0009 -0.0020
 4350.160 -0.0008 -0.0019
 4350.180 -0.0031  0.0001
 4350.200 -0.0061  0.0042
 4350.220 -0.0069  0.0087
 4350.240 -0.0046  0.0116
 4350.260 -0.0021  0.0125
 4350.280 -0.0017  0.0129
 4350.300 -0.0039  0.0136
 4350.320 -0.0055  0.0121
 4350.340 -0.0037  0.0068
 4350.360 -0.0005  0.0003
 4350.380  0.0010 -0.0023
 4350.400 -0.0004  0.0019
 4350.420 -0.0027  0.0080
 4350.440 -0.0039  0.0068
 4350.460 -0.0042 -0.0037
 4350.480 -0.0030 -0.0161
 4350.500  0.0002 -0.0191
 4350.520  0.0026 -0.0087
 4350.540  0.0017  0.0050
 4350.560  0.0003  0.0094
 4350.580  0.0008  0.0059
 4350.600  0.0013  0.0024
 4350.620  0.0010 -0.0021
 4350.640  0.0019 -0.0112
 4350.660  0.0049 -0.0218
 4350.680  0.0067 -0.0255
 4350.700  0.0056 -0.0182
 4350.720  0.0033 -0.0063
 4350.740 -0.0002 -0.0024
 4350.760 -0.0029 -0.0070
 4350.780 -0.0027 -0.0081
 4350.800 -0.0021 -0.0013
 4350.820 -0.0009  0.0044
 4350.840  0.0022  0.0025
 4350.860  0.0035 -0.0036
 4350.880  0.0015 -0.0078
 4350.900  0.0005 -0.0079
 4350.920  0.0015 -0.0066
 4350.940  0.0020 -0.0070
 4350.960  0.0019 -0.0093
 4350.980  0.0026 -0.0119
 4351.000  0.0053 -0.0151
 4351.020  0.0069 -0.0164
 4351.040  0.0031 -0.0087
 4351.060 -0.0027  0.0079
 4351.080 -0.0036  0.0195
 4351.100 -0.0009  0.0176
 4351.120 -0.0004  0.0094
 4351.140 -0.0032  0.0037
 4351.160 -0.0054  0.0021
 4351.180 -0.0046  0.0016
 4351.200 -0.0029 -0.0002
 4351.220 -0.0017 -0.0021
 4351.240 -0.0017 -0.0018
 4351.260 -0.0021 -0.0001
 4351.280 -0.0024 -0.0001
 4351.300 -0.0029 -0.0018
 4351.320 -0.0037 -0.0029
 4351.340 -0.0045 -0.0043
 4351.360 -0.0063 -0.0080
 4351.380 -0.0078 -0.0122
 4351.400 -0.0072 -0.0135
 4351.420 -0.0060 -0.0123
 4351.440 -0.0061 -0.0120
 4351.460 -0.0060 -0.0137
 4351.480 -0.0047 -0.0151
 4351.500 -0.0049 -0.0129
 4351.520 -0.0076 -0.0068
 4351.540 -0.0099 -0.0018
 4351.560 -0.0092 -0.0019
 4351.580 -0.0069 -0.0053
 4351.600 -0.0054 -0.0083
 4351.620 -0.0047 -0.0098
 4351.640 -0.0048 -0.0115
 4351.660 -0.0050 -0.0147
 4351.680 -0.0038 -0.0195
 4351.700 -0.0013 -0.0234
 4351.720  0.0013 -0.0226
 4351.740  0.0027 -0.0156
 4351.760  0.0023 -0.0065
 4351.780  0.0024 -0.0009
 4351.800  0.0027  0.0004
 4351.820  0.0019  0.0003
 4351.840  0.0014 -0.0004
 4351.860  0.0011 -0.0027
 4351.880 -0.0005 -0.0068
 4351.900 -0.0019 -0.0105
 4351.920 -0.0018 -0.0113
 4351.940  0.0002 -0.0092
 4351.960  0.0020 -0.0082
 4351.980  0.0009 -0.0104
 4352.000 -0.0021 -0.0130
 4352.020 -0.0031 -0.0120
 4352.040 -0.0011 -0.0059
 4352.060  0.0014  0.0038
 4352.080  0.0017  0.0132
 4352.100  0.0002  0.0175
 4352.120 -0.0013  0.0145
 4352.140 -0.0016  0.0080
 4352.160 -0.0014  0.0037
 4352.180 -0.0032  0.0025
 4352.200 -0.0059  0.0014
 4352.220 -0.0054 -0.0002
 4352.240 -0.0030 -0.0005
 4352.260 -0.0022  0.0009
 4352.280 -0.0021  0.0028
 4352.300 -0.0026  0.0040
 4352.320 -0.0037  0.0045
 4352.340 -0.0035  0.0050
 4352.360 -0.0018  0.0059
 4352.380 -0.0002  0.0071
 4352.400  0.0006  0.0083
 4352.420  0.0009  0.0092
 4352.440  0.0001  0.0088
 4352.460 -0.0020  0.0067
 4352.480 -0.0038  0.0048
 4352.500 -0.0038  0.0045
 4352.520 -0.0019  0.0032
 4352.540  0.0005 -0.0025
 4352.560 -0.0002 -0.0083
 4352.580 -0.0043 -0.0068
 4352.600 -0.0077 -0.0003
 4352.620 -0.0086  0.0024
 4352.640 -0.0091 -0.0010
 4352.660 -0.0088 -0.0045
 4352.680 -0.0063 -0.0029
 4352.700 -0.0036  0.0028
 4352.720 -0.0014  0.0052
 4352.740 -0.0002  0.0010
 4352.760 -0.0004 -0.0039
 4352.780  0.0005 -0.0031
 4352.800  0.0031  0.0010
 4352.820  0.0047  0.0033
 4352.840  0.0041  0.0027
 4352.860  0.0034  0.0003
 4352.880  0.0037 -0.0026
 4352.900  0.0039 -0.0036
 4352.920  0.0019 -0.0011
 4352.940 -0.0024  0.0018
 4352.960 -0.0061  0.0000
 4352.980 -0.0069 -0.0065
 4353.000 -0.0042 -0.0126
 4353.020  0.0008 -0.0132
 4353.040  0.0037 -0.0088
 4353.060  0.0029 -0.0043
 4353.080  0.0020 -0.0034
 4353.100  0.0029 -0.0038
 4353.120  0.0023 -0.0019
 4353.140  0.0002  0.0006
 4353.160 -0.0006 -0.0002
 4353.180 -0.0005 -0.0046
 4353.200 -0.0004 -0.0094
 4353.220 -0.0009 -0.0109
 4353.240 -0.0033 -0.0092
 4353.260 -0.0048 -0.0075
 4353.280 -0.0033 -0.0082
 4353.300 -0.0010 -0.0101
 4353.320  0.0005 -0.0106
 4353.340  0.0008 -0.0089
 4353.360  0.0009 -0.0058
 4353.380  0.0014 -0.0032
 4353.400  0.0008 -0.0029
 4353.420 -0.0002 -0.0057
 4353.440 -0.0015 -0.0101
 4353.460 -0.0039 -0.0134
 4353.480 -0.0051 -0.0142
 4353.500 -0.0040 -0.0133
 4353.520 -0.0030 -0.0140
 4353.540 -0.0028 -0.0174
 4353.560 -0.0010 -0.0195
 4353.580  0.0025 -0.0156
 4353.600  0.0033 -0.0066
 4353.620 -0.0001  0.0022
 4353.640 -0.0035  0.0048
 4353.660 -0.0035 -0.0011
 4353.680 -0.0015 -0.0117
 4353.700  0.0003 -0.0180
 4353.720  0.0020 -0.0131
 4353.740  0.0036 -0.0009
 4353.760  0.0033  0.0068
 4353.780  0.0010  0.0053
 4353.800 -0.0016  0.0001
 4353.820 -0.0031 -0.0027
 4353.840 -0.0030 -0.0023
 4353.860 -0.0023 -0.0010
 4353.880 -0.0021 -0.0001
 4353.900 -0.0026  0.0022
 4353.920 -0.0030  0.0065
 4353.940 -0.0029  0.0080
 4353.960 -0.0028  0.0045
 4353.980 -0.0024  0.0025
 4354.000 -0.0009  0.0069
 4354.020  0.0002  0.0113
 4354.040 -0.0003  0.0094
 4354.060 -0.0014  0.0050
 4354.080 -0.0011  0.0040
 4354.100  0.0002  0.0058
 4354.120  0.0005  0.0071
 4354.140  0.0004  0.0062
 4354.160  0.0012  0.0035
 4354.180  0.0015  0.0001
 4354.200  0.0011 -0.0022
 4354.220  0.0014 -0.0024
 4354.240  0.0016 -0.0011
 4354.260 -0.0001 -0.0007
 4354.280 -0.0014 -0.0033
 4354.300 -0.0011 -0.0079
 4354.320 -0.0022 -0.0096
 4354.340 -0.0039 -0.0066
 4354.360 -0.0039 -0.0035
 4354.380 -0.0039 -0.0045
 4354.400 -0.0031 -0.0054
 4354.420  0.0003 -0.0030
 4354.440  0.0038 -0.0017
 4354.460  0.0048 -0.0049
 4354.480  0.0046 -0.0084
 4354.500  0.0038 -0.0087
 4354.520  0.0006 -0.0085
 4354.540 -0.0036 -0.0099
 4354.560 -0.0053 -0.0104
 4354.580 -0.0049 -0.0074
 4354.600 -0.0043 -0.0027
 4354.620 -0.0039 -0.0005
 4354.640 -0.0036 -0.0033
 4354.660 -0.0031 -0.0085
 4354.680 -0.0033 -0.0117
 4354.700 -0.0048 -0.0125
 4354.720 -0.0064 -0.0125
 4354.740 -0.0081 -0.0114
 4354.760 -0.0089 -0.0087
 4354.780 -0.0058 -0.0081
 4354.800 -0.0010 -0.0112
 4354.820  0.0004 -0.0130
 4354.840 -0.0001 -0.0098
 4354.860 -0.0005 -0.0060
 4354.880 -0.0014 -0.0058
 4354.900 -0.0019 -0.0060
 4354.920 -0.0009 -0.0038
 4354.940  0.0016 -0.0005
 4354.960  0.0069  0.0028
 4354.980  0.0119  0.0078
 4355.000  0.0108  0.0127
 4355.020  0.0060  0.0125
 4355.040  0.0039  0.0056
 4355.060  0.0029 -0.0040
 4355.080  0.0000 -0.0091
 4355.100 -0.0023 -0.0063
 4355.120 -0.0023 -0.0014
 4355.140 -0.0005 -0.0026
 4355.160  0.0012 -0.0092
 4355.180  0.0008 -0.0142
 4355.200 -0.0003 -0.0141
 4355.220 -0.0017 -0.0103
 4355.240 -0.0048 -0.0057
 4355.260 -0.0054 -0.0031
 4355.280 -0.0022 -0.0035
 4355.300 -0.0009 -0.0041
 4355.320 -0.0016 -0.0014
 4355.340 -0.0005  0.0041
 4355.360  0.0006  0.0077
 4355.380  0.0008  0.0080
 4355.400  0.0017  0.0078
 4355.420  0.0015  0.0091
 4355.440 -0.0019  0.0097
 4355.460 -0.0043  0.0073
 4355.480 -0.0021  0.0025
 4355.500  0.0009 -0.0008
 4355.520  0.0005  0.0003
 4355.540 -0.0009  0.0053
 4355.560 -0.0011  0.0098
 4355.580 -0.0006  0.0098
 4355.600 -0.0003  0.0047
 4355.620 -0.0004 -0.0016
 4355.640  0.0001 -0.0034
 4355.660  0.0019  0.0014
 4355.680  0.0049  0.0097
 4355.700  0.0067  0.0146
 4355.720  0.0049  0.0132
 4355.740  0.0017  0.0100
 4355.760  0.0009  0.0091
 4355.780  0.0028  0.0095
 4355.800  0.0037  0.0096
 4355.820  0.0017  0.0096
 4355.840 -0.0004  0.0080
 4355.860  0.0000  0.0030
 4355.880  0.0017 -0.0028
 4355.900  0.0025 -0.0049
 4355.920  0.0023 -0.0022
 4355.940  0.0018  0.0024
 4355.960 -0.0005  0.0059
 4355.980 -0.0047  0.0075
 4356.000 -0.0064  0.0083
 4356.020 -0.0029  0.0092
 4356.040  0.0017  0.0088
 4356.060  0.0025  0.0076
 4356.080  0.0018  0.0091
 4356.100  0.0022  0.0121
 4356.120  0.0023  0.0091
 4356.140  0.0028 -0.0031
 4356.160  0.0044 -0.0187
 4356.180  0.0027 -0.0295
 4356.200 -0.0038 -0.0290
 4356.220 -0.0072 -0.0164
 4356.240 -0.0025 -0.0002
 4356.260  0.0046  0.0080
 4356.280  0.0080  0.0053
 4356.300  0.0070 -0.0021
 4356.320  0.0037 -0.0072
 4356.340  0.0012 -0.0075
 4356.360  0.0016 -0.0056
 4356.380  0.0036 -0.0052
 4356.400  0.0036 -0.0074
 4356.420  0.0014 -0.0095
 4356.440 -0.0001 -0.0085
 4356.460  0.0003 -0.0053
 4356.480  0.0015 -0.0025
 4356.500  0.0032 -0.0009
 4356.520  0.0039 -0.0006
 4356.540  0.0037 -0.0025
 4356.560  0.0047 -0.0056
 4356.580  0.0051 -0.0067
 4356.600  0.0035 -0.0033
 4356.620  0.0011  0.0028
 4356.640 -0.0011  0.0064
 4356.660 -0.0026  0.0032
 4356.680 -0.0025 -0.0044
 4356.700 -0.0008 -0.0097
 4356.720  0.0015 -0.0096
 4356.740  0.0027 -0.0060
 4356.760  0.0010 -0.0010
 4356.780 -0.0023  0.0040
 4356.800 -0.0042  0.0067
 4356.820 -0.0028  0.0047
 4356.840  0.0006 -0.0020
 4356.860  0.0021 -0.0093
 4356.880  0.0005 -0.0115
 4356.900 -0.0007 -0.0086
 4356.920 -0.0005 -0.0087
 4356.940  0.0002 -0.0153
 4356.960  0.0019 -0.0196
 4356.980  0.0036 -0.0152
 4357.000  0.0030 -0.0078
 4357.020  0.0005 -0.0054
 4357.040 -0.0005 -0.0082
 4357.060 -0.0001 -0.0104
 4357.080 -0.0011 -0.0078
 4357.100 -0.0021 -0.0015
 4357.120 -0.0010  0.0043
 4357.140  0.0007  0.0089
 4357.160  0.0005  0.0139
 4357.180 -0.0011  0.0171
 4357.200 -0.0011  0.0137
 4357.220  0.0014  0.0040
 4357.240  0.0028 -0.0065
 4357.260  0.0010 -0.0119
 4357.280  0.0001 -0.0112
 4357.300  0.0018 -0.0075
 4357.320  0.0036 -0.0046
 4357.340  0.0048 -0.0037
 4357.360  0.0058 -0.0030
 4357.380  0.0056 -0.0003
 4357.400  0.0032  0.0028
 4357.420 -0.0001  0.0008
 4357.440 -0.0022 -0.0063
 4357.460 -0.0016 -0.0114
 4357.480  0.0012 -0.0084
 4357.500  0.0032  0.0002
 4357.520  0.0023  0.0057
 4357.540  0.0006  0.0033
 4357.560  0.0014 -0.0023
 4357.580  0.0052 -0.0041
 4357.600  0.0071 -0.0016
 4357.620  0.0042  0.0014
 4357.640  0.0009  0.0029
 4357.660  0.0007  0.0033
 4357.680  0.0009  0.0034
 4357.700 -0.0002  0.0027
 4357.720  0.0001  0.0000
 4357.740  0.0013 -0.0041
 4357.760  0.0019 -0.0061
 4357.780  0.0024 -0.0034
 4357.800  0.0025  0.0021
 4357.820  0.0018  0.0058
 4357.840  0.0012  0.0047
 4357.860  0.0019  0.0007
 4357.880  0.0028 -0.0018
 4357.900  0.0011 -0.0020
 4357.920 -0.0026 -0.0030
 4357.940 -0.0045 -0.0041
 4357.960 -0.0034 -0.0013
 4357.980 -0.0018  0.0038
 4358.000 -0.0008  0.0058
 4358.020  0.0001  0.0041
 4358.040 -0.0001  0.0029
 4358.060 -0.0013  0.0048
 4358.080 -0.0019  0.0073
 4358.100 -0.0025  0.0069
 4358.120 -0.0032  0.0032
 4358.140 -0.0032  0.0001
 4358.160 -0.0028 -0.0001
 4358.180 -0.0011 -0.0002
 4358.200  0.0019 -0.0014
 4358.220  0.0034  0.0005
 4358.240  0.0019  0.0066
 4358.260 -0.0005  0.0107
 4358.280 -0.0023  0.0094
 4358.300 -0.0031  0.0074
 4358.320 -0.0027  0.0098
 4358.340 -0.0019  0.0158
 4358.360 -0.0013  0.0200
 4358.380 -0.0008  0.0183
 4358.400  0.0006  0.0117
 4358.420  0.0021  0.0055
 4358.440  0.0007  0.0036
 4358.460 -0.0024  0.0060
 4358.480 -0.0026  0.0087
 4358.500 -0.0007  0.0085
 4358.520  0.0002  0.0072
 4358.540  0.0006  0.0081
 4358.560  0.0016  0.0115
 4358.580  0.0018  0.0136
 4358.600  0.0009  0.0101
 4358.620 -0.0003  0.0018
 4358.640 -0.0013 -0.0047
 4358.660 -0.0016 -0.0043
 4358.680 -0.0014  0.0021
 4358.700 -0.0006  0.0102
 4358.720  0.0013  0.0161
 4358.740  0.0033  0.0154
 4358.760  0.0037  0.0063
 4358.780  0.0030 -0.0051
 4358.800  0.0025 -0.0092
 4358.820  0.0036 -0.0042
 4358.840  0.0056  0.0035
 4358.860  0.0051  0.0083
 4358.880  0.0014  0.0091
 4358.900 -0.0009  0.0077
 4358.920  0.0003  0.0056
 4358.940  0.0003  0.0025
 4358.960 -0.0029 -0.0014
 4358.980 -0.0048 -0.0035
 4359.000 -0.0019 -0.0021
 4359.020  0.0018  0.0008
 4359.040  0.0021  0.0035
 4359.060  0.0022  0.0067
 4359.080  0.0036  0.0097
 4359.100  0.0031  0.0083
 4359.120  0.0017  0.0020
 4359.140  0.0010 -0.0048
 4359.160  0.0000 -0.0080
 4359.180 -0.0007 -0.0081
 4359.200 -0.0002 -0.0068
 4359.220 -0.0001 -0.0049
 4359.240 -0.0023 -0.0019
 4359.260 -0.0058  0.0021
 4359.280 -0.0054  0.0050
 4359.300  0.0001  0.0046
 4359.320  0.0023  0.0008
 4359.340 -0.0016 -0.0037
 4359.360 -0.0039 -0.0064
 4359.380 -0.0025 -0.0070
 4359.400 -0.0021 -0.0062
 4359.420 -0.0030 -0.0050
 4359.440 -0.0024 -0.0038
 4359.460 -0.0016 -0.0040
 4359.480 -0.0024 -0.0074
 4359.500 -0.0036 -0.0121
 4359.520 -0.0044 -0.0128
 4359.540 -0.0056 -0.0063
 4359.560 -0.0068  0.0042
 4359.580 -0.0066  0.0116
 4359.600 -0.0056  0.0108
 4359.620 -0.0050  0.0045
 4359.640 -0.0048 -0.0011
 4359.660 -0.0052 -0.0031
 4359.680 -0.0043 -0.0032
 4359.700 -0.0009 -0.0023
 4359.720  0.0021 -0.0008
 4359.740  0.0012  0.0007
 4359.760 -0.0022  0.0012
 4359.780 -0.0041  0.0010
 4359.800 -0.0045  0.0003
 4359.820 -0.0052 -0.0012
 4359.840 -0.0043 -0.0026
 4359.860 -0.0013 -0.0007
 4359.880  0.0003  0.0059
 4359.900 -0.0010  0.0142
 4359.920 -0.0044  0.0187
 4359.940 -0.0080  0.0164
 4359.960 -0.0086  0.0104
 4359.980 -0.0055  0.0067
 4360.000 -0.0017  0.0077
 4360.020 -0.0001  0.0103
 4360.040 -0.0011  0.0112
 4360.060 -0.0031  0.0095
 4360.080 -0.0046  0.0058
 4360.100 -0.0052  0.0012
 4360.120 -0.0057 -0.0025
 4360.140 -0.0061 -0.0034
 4360.160 -0.0065 -0.0021
 4360.180 -0.0074 -0.0002
 4360.200 -0.0093  0.0013
 4360.220 -0.0120  0.0028
 4360.240 -0.0121  0.0059
 4360.260 -0.0095  0.0096
 4360.280 -0.0082  0.0102
 4360.300 -0.0080  0.0058
 4360.320 -0.0076 -0.0005
 4360.340 -0.0071 -0.0038
 4360.360 -0.0071 -0.0023
 4360.380 -0.0085  0.0014
 4360.400 -0.0099  0.0036
 4360.420 -0.0083  0.0035
 4360.440 -0.0050  0.0038
 4360.460 -0.0032  0.0054
 4360.480 -0.0042  0.0068
 4360.500 -0.0065  0.0069
 4360.520 -0.0063  0.0059
 4360.540 -0.0041  0.0052
 4360.560 -0.0045  0.0052
 4360.580 -0.0080  0.0047
 4360.600 -0.0117  0.0024
 4360.620 -0.0141 -0.0012
 4360.640 -0.0144 -0.0042
 4360.660 -0.0130 -0.0052
 4360.680 -0.0101 -0.0032
 4360.700 -0.0063  0.0015
 4360.720 -0.0041  0.0067
 4360.740 -0.0049  0.0091
 4360.760 -0.0053  0.0075
 4360.780 -0.0047  0.0047
 4360.800 -0.0049  0.0040
 4360.820 -0.0046  0.0060
 4360.840 -0.0038  0.0095
 4360.860 -0.0052  0.0125
 4360.880 -0.0073  0.0134
 4360.900 -0.0063  0.0124
 4360.920 -0.0029  0.0103
 4360.940 -0.0014  0.0082
 4360.960 -0.0032  0.0071
 4360.980 -0.0056  0.0071
 4361.000 -0.0065  0.0074
 4361.020 -0.0064  0.0066
 4361.040 -0.0063  0.0043
 4361.060 -0.0058  0.0019
 4361.080 -0.0040  0.0018
 4361.100 -0.0028  0.0050
 4361.120 -0.0047  0.0090
 4361.140 -0.0074  0.0107
 4361.160 -0.0075  0.0091
 4361.180 -0.0058  0.0055
 4361.200 -0.0039  0.0022
 4361.220 -0.0025 -0.0002
 4361.240 -0.0012 -0.0025
 4361.260  0.0006 -0.0043
 4361.280  0.0020 -0.0043
 4361.300  0.0011 -0.0025
 4361.320 -0.0018 -0.0009
 4361.340 -0.0038 -0.0003
 4361.360 -0.0034 -0.0001
 4361.380 -0.0028  0.0008
 4361.400 -0.0038  0.0022
 4361.420 -0.0053  0.0032
 4361.440 -0.0064  0.0032
 4361.460 -0.0061  0.0029
 4361.480 -0.0037  0.0032
 4361.500 -0.0006  0.0036
 4361.520  0.0006  0.0027
 4361.540 -0.0002 -0.0002
 4361.560 -0.0017 -0.0032
 4361.580 -0.0035 -0.0030
 4361.600 -0.0047  0.0003
 4361.620 -0.0042  0.0027
 4361.640 -0.0032  0.0011
 4361.660 -0.0028 -0.0029
 4361.680 -0.0027 -0.0055
 4361.700 -0.0016 -0.0052
 4361.720  0.0001 -0.0036
 4361.740  0.0001 -0.0029
 4361.760 -0.0008 -0.0023
 4361.780 -0.0010 -0.0001
 4361.800 -0.0014  0.0014
 4361.820 -0.0031 -0.0006
 4361.840 -0.0048 -0.0042
 4361.860 -0.0052 -0.0051
 4361.880 -0.0033 -0.0017
 4361.900 -0.0015  0.0032
 4361.920 -0.0026  0.0063
 4361.940 -0.0033  0.0057
 4361.960 -0.0017  0.0014
 4361.980 -0.0012 -0.0062
 4362.000 -0.0007 -0.0166
 4362.020  0.0023 -0.0276
 4362.040  0.0019 -0.0327
 4362.060 -0.0042 -0.0249
 4362.080 -0.0072 -0.0069
 4362.100 -0.0050  0.0085
 4362.120 -0.0027  0.0134
 4362.140 -0.0006  0.0116
 4362.160  0.0015  0.0097
 4362.180  0.0012  0.0114
 4362.200 -0.0015  0.0156
 4362.220 -0.0049  0.0180
 4362.240 -0.0084  0.0157
 4362.260 -0.0104  0.0119
 4362.280 -0.0085  0.0111
 4362.300 -0.0042  0.0131
 4362.320 -0.0031  0.0145
 4362.340 -0.0041  0.0137
 4362.360 -0.0035  0.0117
 4362.380 -0.0027  0.0095
 4362.400 -0.0027  0.0073
 4362.420 -0.0024  0.0050
 4362.440 -0.0026  0.0037
 4362.460 -0.0034  0.0049
 4362.480 -0.0023  0.0081
 4362.500  0.0005  0.0110
 4362.520  0.0016  0.0127
 4362.540 -0.0007  0.0136
 4362.560 -0.0035  0.0134
 4362.580 -0.0035  0.0116
 4362.600 -0.0018  0.0087
 4362.620 -0.0018  0.0065
 4362.640 -0.0034  0.0056
 4362.660 -0.0033  0.0050
 4362.680 -0.0007  0.0031
 4362.700  0.0006  0.0007
 4362.720 -0.0004  0.0007
 4362.740 -0.0015  0.0038
 4362.760 -0.0027  0.0056
 4362.780 -0.0037  0.0032
 4362.800 -0.0024 -0.0008
 4362.820 -0.0007 -0.0017
 4362.840 -0.0019  0.0006
 4362.860 -0.0040  0.0019
 4362.880 -0.0036 -0.0015
 4362.900 -0.0017 -0.0075
 4362.920 -0.0003 -0.0099
 4362.940 -0.0005 -0.0061
 4362.960 -0.0016  0.0002
 4362.980 -0.0009  0.0037
 4363.000  0.0011  0.0028
 4363.020  0.0002  0.0002
 4363.040 -0.0044  0.0000
 4363.060 -0.0067  0.0026
 4363.080 -0.0041  0.0050
 4363.100 -0.0010  0.0044
 4363.120 -0.0010  0.0014
 4363.140 -0.0036 -0.0003
 4363.160 -0.0063  0.0007
 4363.180 -0.0065  0.0008
 4363.200 -0.0038 -0.0029
 4363.220 -0.0003 -0.0072
 4363.240  0.0026 -0.0084
 4363.260  0.0036 -0.0065
 4363.280  0.0016 -0.0036
 4363.300 -0.0037 -0.0014
 4363.320 -0.0084  0.0002
 4363.340 -0.0087  0.0008
 4363.360 -0.0060 -0.0019
 4363.380 -0.0034 -0.0081
 4363.400 -0.0023 -0.0122
 4363.420 -0.0043 -0.0087
 4363.440 -0.0078 -0.0026
 4363.460 -0.0083 -0.0026
 4363.480 -0.0045 -0.0076
 4363.500 -0.0006 -0.0098
 4363.520  0.0003 -0.0068
 4363.540 -0.0006 -0.0031
 4363.560 -0.0010 -0.0038
 4363.580 -0.0010 -0.0089
 4363.600 -0.0012 -0.0127
 4363.620 -0.0013 -0.0115
 4363.640 -0.0001 -0.0084
 4363.660  0.0018 -0.0070
 4363.680  0.0018 -0.0065
 4363.700  0.0009 -0.0061
 4363.720  0.0014 -0.0067
 4363.740  0.0023 -0.0074
 4363.760  0.0012 -0.0046
 4363.780 -0.0018  0.0013
 4363.800 -0.0039  0.0056
 4363.820 -0.0023  0.0047
 4363.840  0.0007 -0.0004
 4363.860  0.0010 -0.0056
 4363.880 -0.0005 -0.0075
 4363.900 -0.0012 -0.0053
 4363.920  0.0005 -0.0013
 4363.940  0.0031  0.0006
 4363.960  0.0034 -0.0011
 4363.980  0.0026 -0.0037
 4364.000  0.0024 -0.0049
 4364.020  0.0013 -0.0060
 4364.040 -0.0008 -0.0086
 4364.060 -0.0019 -0.0114
 4364.080 -0.0031 -0.0119
 4364.100 -0.0048 -0.0101
 4364.120 -0.0046 -0.0090
 4364.140 -0.0038 -0.0115
 4364.160 -0.0045 -0.0154
 4364.180 -0.0049 -0.0152
 4364.200 -0.0023 -0.0110
 4364.220  0.0041 -0.0080
 4364.240  0.0098 -0.0070
 4364.260  0.0087 -0.0039
 4364.280  0.0040  0.0029
 4364.300  0.0017  0.0091
 4364.320  0.0007  0.0094
 4364.340 -0.0008  0.0036
 4364.360 -0.0019 -0.0032
 4364.380 -0.0023 -0.0060
 4364.400 -0.0022 -0.0053
 4364.420 -0.0007 -0.0037
 4364.440  0.0023 -0.0023
 4364.460  0.0039 -0.0002
 4364.480  0.0021  0.0032
 4364.500 -0.0013  0.0063
 4364.520 -0.0046  0.0063
 4364.540 -0.0071  0.0028
 4364.560 -0.0081 -0.0022
 4364.580 -0.0069 -0.0066
 4364.600 -0.0048 -0.0100
 4364.620 -0.0037 -0.0118
 4364.640 -0.0023 -0.0102
 4364.660  0.0008 -0.0034
 4364.680  0.0023  0.0074
 4364.700  0.0006  0.0158
 4364.720 -0.0008  0.0162
 4364.740 -0.0007  0.0110
 4364.760 -0.0004  0.0051
 4364.780 -0.0011 -0.0010
 4364.800 -0.0030 -0.0070
 4364.820 -0.0042 -0.0099
 4364.840 -0.0027 -0.0078
 4364.860 -0.0003 -0.0036
 4364.880  0.0001 -0.0015
 4364.900  0.0003 -0.0026
 4364.920  0.0022 -0.0043
 4364.940  0.0037 -0.0033
 4364.960  0.0029  0.0010
 4364.980  0.0015  0.0057
 4365.000  0.0007  0.0079
 4365.020  0.0000  0.0069
 4365.040  0.0002  0.0033
 4365.060  0.0017 -0.0016
 4365.080  0.0017 -0.0063
 4365.100 -0.0017 -0.0086
 4365.120 -0.0051 -0.0074
 4365.140 -0.0055 -0.0027
 4365.160 -0.0051  0.0031
 4365.180 -0.0051  0.0067
 4365.200 -0.0035  0.0059
 4365.220 -0.0010  0.0024
 4365.240 -0.0002  0.0014
 4365.260 -0.0012  0.0047
 4365.280 -0.0021  0.0076
 4365.300 -0.0021  0.0061
 4365.320 -0.0023  0.0028
 4365.340 -0.0025  0.0027
 4365.360 -0.0020  0.0063
 4365.380 -0.0027  0.0107
 4365.400 -0.0048  0.0126
 4365.420 -0.0051  0.0109
 4365.440 -0.0028  0.0067
 4365.460 -0.0011  0.0012
 4365.480 -0.0012 -0.0045
 4365.500 -0.0006 -0.0076
 4365.520  0.0009 -0.0058
 4365.540  0.0001 -0.0007
 4365.560 -0.0022  0.0046
 4365.580 -0.0017  0.0094
 4365.600  0.0011  0.0142
 4365.620  0.0010  0.0167
 4365.640 -0.0018  0.0151
 4365.660 -0.0024  0.0108
 4365.680 -0.0016  0.0079
 4365.700 -0.0017  0.0095
 4365.720 -0.0007  0.0135
 4365.740  0.0019  0.0146
 4365.760  0.0025  0.0104
 4365.780  0.0004  0.0043
 4365.800 -0.0008  0.0007
 4365.820  0.0011  0.0009
 4365.840  0.0030  0.0033
 4365.860  0.0026  0.0057
 4365.880  0.0021  0.0068
 4365.900  0.0039  0.0066
 4365.920  0.0051  0.0057
 4365.940  0.0042  0.0049
 4365.960  0.0029  0.0048
 4365.980  0.0018  0.0051
 4366.000  0.0006  0.0042
 4366.020 -0.0004  0.0015
 4366.040 -0.0018 -0.0003
 4366.060 -0.0034  0.0004
 4366.080 -0.0033  0.0008
 4366.100 -0.0007 -0.0030
 4366.120  0.0014 -0.0108
 4366.140  0.0006 -0.0175
 4366.160 -0.0015 -0.0177
 4366.180 -0.0028 -0.0122
 4366.200 -0.0024 -0.0081
 4366.220 -0.0003 -0.0094
 4366.240  0.0017 -0.0126
 4366.260  0.0025 -0.0127
 4366.280  0.0032 -0.0095
 4366.300  0.0035 -0.0078
 4366.320  0.0033 -0.0114
 4366.340  0.0061 -0.0167
 4366.360  0.0088 -0.0149
 4366.380  0.0039 -0.0037
 4366.400 -0.0026  0.0076
 4366.420 -0.0009  0.0091
 4366.440  0.0033  0.0016
 4366.460  0.0031 -0.0043
 4366.480  0.0024 -0.0013
 4366.500  0.0029  0.0071
 4366.520  0.0018  0.0138
 4366.540 -0.0008  0.0156
 4366.560 -0.0038  0.0128
 4366.580 -0.0052  0.0072
 4366.600 -0.0040  0.0019
 4366.620 -0.0023  0.0005
 4366.640 -0.0031  0.0041
 4366.660 -0.0043  0.0102
 4366.680 -0.0020  0.0135
 4366.700  0.0010  0.0105
 4366.720  0.0001  0.0031
 4366.740 -0.0016 -0.0043
 4366.760  0.0011 -0.0119
 4366.780  0.0072 -0.0211
 4366.800  0.0116 -0.0262
 4366.820  0.0093 -0.0187
 4366.840  0.0034 -0.0027
 4366.860  0.0022  0.0075
 4366.880  0.0044  0.0064
 4366.900  0.0038 -0.0002
 4366.920  0.0026 -0.0063
 4366.940  0.0064 -0.0116
 4366.960  0.0143 -0.0207
 4366.980  0.0196 -0.0294
 4367.000  0.0150 -0.0223
 4367.020  0.0038  0.0002
 4367.040 -0.0026  0.0159
 4367.060 -0.0021  0.0136
 4367.080 -0.0006  0.0034
 4367.100 -0.0003 -0.0036
 4367.120  0.0003 -0.0040
 4367.140  0.0016 -0.0016
 4367.160  0.0016 -0.0016
 4367.180 -0.0005 -0.0038
 4367.200 -0.0014 -0.0040
 4367.220  0.0002 -0.0005
 4367.240  0.0027  0.0036
 4367.260  0.0031  0.0024
 4367.280  0.0010 -0.0046
 4367.300  0.0012 -0.0098
 4367.320  0.0050 -0.0068
 4367.340  0.0066  0.0006
 4367.360  0.0035  0.0044
 4367.380 -0.0016  0.0019
 4367.400 -0.0063 -0.0027
 4367.420 -0.0093 -0.0034
 4367.440 -0.0083  0.0002
 4367.460 -0.0040  0.0021
 4367.480  0.0001 -0.0008
 4367.500  0.0011 -0.0052
 4367.520  0.0007 -0.0071
 4367.540  0.0002 -0.0057
 4367.560 -0.0007 -0.0022
 4367.580 -0.0011  0.0014
 4367.600 -0.0006  0.0037
 4367.620 -0.0022  0.0026
 4367.640 -0.0056 -0.0034
 4367.660 -0.0078 -0.0129
 4367.680 -0.0069 -0.0196
 4367.700 -0.0028 -0.0168
 4367.720  0.0025 -0.0032
 4367.740  0.0058  0.0146
 4367.760  0.0046  0.0244
 4367.780 -0.0006  0.0185
 4367.800 -0.0032  0.0007
 4367.820  0.0016 -0.0172
 4367.840  0.0073 -0.0244
 4367.860  0.0076 -0.0182
 4367.880  0.0056 -0.0055
 4367.900  0.0042  0.0045
 4367.920  0.0004  0.0086
 4367.940 -0.0039  0.0087
 4367.960 -0.0027  0.0062
 4367.980  0.0008  0.0002
 4368.000  0.0006 -0.0096
 4368.020 -0.0015 -0.0179
 4368.040 -0.0042 -0.0190
 4368.060 -0.0063 -0.0145
 4368.080 -0.0044 -0.0100
 4368.100 -0.0012 -0.0072
 4368.120 -0.0015 -0.0041
 4368.140 -0.0035 -0.0002
 4368.160 -0.0049  0.0021
 4368.180 -0.0053 -0.0002
 4368.200 -0.0029 -0.0059
 4368.220  0.0006 -0.0102
 4368.240  0.0009 -0.0107
 4368.260 -0.0015 -0.0101
 4368.280 -0.0036 -0.0094
 4368.300 -0.0037 -0.0062
 4368.320 -0.0018 -0.0007
 4368.340 -0.0004  0.0028
 4368.360 -0.0008  0.0017
 4368.380 -0.0011 -0.0020
 4368.400 -0.0004 -0.0056
 4368.420  0.0005 -0.0073
 4368.440  0.0008 -0.0066
 4368.460 -0.0002 -0.0043
 4368.480 -0.0022 -0.0032
 4368.500 -0.0034 -0.0060
 4368.520 -0.0034 -0.0124
 4368.540 -0.0043 -0.0187
 4368.560 -0.0042 -0.0205
 4368.580 -0.0008 -0.0181
 4368.600  0.0020 -0.0166
 4368.620  0.0005 -0.0187
 4368.640 -0.0034 -0.0207
 4368.660 -0.0056 -0.0197
 4368.680 -0.0051 -0.0179
 4368.700 -0.0035 -0.0172
 4368.720 -0.0030 -0.0155
 4368.740 -0.0052 -0.0113
 4368.760 -0.0080 -0.0060
 4368.780 -0.0076 -0.0027
 4368.800 -0.0040 -0.0026
 4368.820 -0.0019 -0.0038
 4368.840 -0.0023 -0.0040
 4368.860 -0.0015 -0.0043
 4368.880  0.0009 -0.0070
 4368.900  0.0020 -0.0116
 4368.920  0.0010 -0.0150
 4368.940 -0.0007 -0.0143
 4368.960 -0.0022 -0.0104
 4368.980 -0.0024 -0.0068
 4369.000 -0.0008 -0.0055
 4369.020  0.0000 -0.0042
 4369.040 -0.0015 -0.0009
 4369.060 -0.0036  0.0024
 4369.080 -0.0053  0.0027
 4369.100 -0.0054 -0.0003
 4369.120 -0.0029 -0.0037
 4369.140  0.0005 -0.0045
 4369.160  0.0022 -0.0044
 4369.180  0.0022 -0.0078
 4369.200  0.0006 -0.0135
 4369.220 -0.0017 -0.0156
 4369.240 -0.0032 -0.0107
 4369.260 -0.0031 -0.0021
 4369.280 -0.0030  0.0037
 4369.300 -0.0036  0.0022
 4369.320 -0.0026 -0.0049
 4369.340 -0.0004 -0.0116
 4369.360 -0.0007 -0.0122
 4369.380 -0.0031 -0.0065
 4369.400 -0.0041  0.0004
 4369.420 -0.0042  0.0042
 4369.440 -0.0062  0.0059
 4369.460 -0.0077  0.0079
 4369.480 -0.0047  0.0096
 4369.500  0.0001  0.0091
 4369.520  0.0012  0.0063
 4369.540 -0.0016  0.0045
 4369.560 -0.0038  0.0066
 4369.580 -0.0046  0.0112
 4369.600 -0.0049  0.0129
 4369.620 -0.0032  0.0093
 4369.640 -0.0007  0.0033
 4369.660 -0.0003 -0.0016
 4369.680 -0.0005 -0.0036
 4369.700 -0.0002 -0.0015
 4369.720 -0.0011  0.0033
 4369.740 -0.0032  0.0057
 4369.760 -0.0049  0.0028
 4369.780 -0.0050 -0.0024
 4369.800 -0.0036 -0.0046
 4369.820 -0.0009 -0.0024
 4369.840  0.0019  0.0009
 4369.860  0.0023  0.0012
 4369.880  0.0002 -0.0027
 4369.900 -0.0009 -0.0071
 4369.920 -0.0009 -0.0079
 4369.940 -0.0023 -0.0041
 4369.960 -0.0048  0.0018
 4369.980 -0.0054  0.0058
 4370.000 -0.0029  0.0046
 4370.020  0.0005 -0.0018
 4370.040  0.0023 -0.0097
 4370.060  0.0017 -0.0137
 4370.080 -0.0021 -0.0128
 4370.100 -0.0063 -0.0101
 4370.120 -0.0071 -0.0084
 4370.140 -0.0059 -0.0081
 4370.160 -0.0062 -0.0089
 4370.180 -0.0075 -0.0101
 4370.200 -0.0072 -0.0096
 4370.220 -0.0039 -0.0067
 4370.240 -0.0006 -0.0039
 4370.260 -0.0013 -0.0034
 4370.280 -0.0034 -0.0041
 4370.300 -0.0028 -0.0038
 4370.320 -0.0014 -0.0020
 4370.340 -0.0015 -0.0002
 4370.360 -0.0009  0.0000
 4370.380  0.0007 -0.0014
 4370.400  0.0015 -0.0027
 4370.420  0.0008 -0.0020
 4370.440 -0.0005  0.0008
 4370.460 -0.0006  0.0034
 4370.480  0.0005  0.0035
 4370.500  0.0010  0.0014
 4370.520 -0.0001 -0.0001
 4370.540 -0.0023  0.0003
 4370.560 -0.0039  0.0015
 4370.580 -0.0036  0.0001
 4370.600 -0.0025 -0.0043
 4370.620 -0.0015 -0.0077
 4370.640 -0.0008 -0.0073
 4370.660 -0.0024 -0.0074
 4370.680 -0.0045 -0.0115
 4370.700 -0.0038 -0.0164
 4370.720 -0.0034 -0.0166
 4370.740 -0.0051 -0.0119
 4370.760 -0.0058 -0.0055
 4370.780 -0.0038 -0.0016
 4370.800 -0.0006 -0.0018
 4370.820  0.0012 -0.0052
 4370.840  0.0008 -0.0092
 4370.860  0.0015 -0.0113
 4370.880  0.0025 -0.0093
 4370.900  0.0009 -0.0035
 4370.920 -0.0005  0.0025
 4370.940  0.0002  0.0052
 4370.960 -0.0002  0.0056
 4370.980 -0.0036  0.0066
 4371.000 -0.0058  0.0074
 4371.020 -0.0039  0.0052
 4371.040 -0.0020  0.0002
 4371.060 -0.0030 -0.0050
 4371.080 -0.0048 -0.0084
 4371.100 -0.0057 -0.0100
 4371.120 -0.0056 -0.0115
 4371.140 -0.0053 -0.0134
 4371.160 -0.0053 -0.0135
 4371.180 -0.0044 -0.0108
 4371.200 -0.0027 -0.0081
 4371.220 -0.0020 -0.0088
 4371.240 -0.0018 -0.0121
 4371.260 -0.0011 -0.0140
 4371.280  0.0000 -0.0120
 4371.300  0.0025 -0.0083
 4371.320  0.0041 -0.0065
 4371.340  0.0028 -0.0058
 4371.360  0.0014 -0.0031
 4371.380  0.0022 -0.0003
 4371.400  0.0029 -0.0006
 4371.420  0.0017 -0.0020
 4371.440  0.0006  0.0003
 4371.460 -0.0002  0.0066
 4371.480 -0.0019  0.0123
 4371.500 -0.0025  0.0123
 4371.520 -0.0009  0.0073
 4371.540  0.0002  0.0041
 4371.560  0.0002  0.0056
 4371.580  0.0005  0.0067
 4371.600  0.0005  0.0038
 4371.620 -0.0001  0.0002
 4371.640 -0.0005 -0.0013
 4371.660  0.0006 -0.0020
 4371.680  0.0015 -0.0024
 4371.700 -0.0004 -0.0005
 4371.720 -0.0022  0.0035
 4371.740 -0.0017  0.0070
 4371.760 -0.0013  0.0090
 4371.780 -0.0015  0.0108
 4371.800 -0.0011  0.0125
 4371.820 -0.0006  0.0127
 4371.840  0.0000  0.0098
 4371.860  0.0012  0.0051
 4371.880  0.0010  0.0025
 4371.900 -0.0008  0.0025
 4371.920 -0.0007  0.0006
 4371.940  0.0008 -0.0045
 4371.960  0.0011 -0.0068
 4371.980  0.0008 -0.0028
 4372.000  0.0000  0.0020
 4372.020 -0.0026  0.0020
 4372.040 -0.0060 -0.0012
 4372.060 -0.0085 -0.0030
 4372.080 -0.0077 -0.0012
 4372.100 -0.0037  0.0026
 4372.120 -0.0009  0.0055
 4372.140 -0.0012  0.0057
 4372.160 -0.0025  0.0031
 4372.180 -0.0041 -0.0016
 4372.200 -0.0051 -0.0067
 4372.220 -0.0036 -0.0092
 4372.240 -0.0010 -0.0072
 4372.260  0.0008 -0.0022
 4372.280  0.0026  0.0022
 4372.300  0.0032  0.0044
 4372.320  0.0014  0.0044
 4372.340 -0.0003  0.0024
 4372.360 -0.0005 -0.0014
 4372.380  0.0001 -0.0060
 4372.400  0.0007 -0.0089
 4372.420  0.0010 -0.0075
 4372.440  0.0010 -0.0024
 4372.460  0.0008  0.0023
 4372.480 -0.0002  0.0022
 4372.500 -0.0018 -0.0029
 4372.520 -0.0025 -0.0069
 4372.540 -0.0026 -0.0042
 4372.560 -0.0026  0.0022
 4372.580 -0.0021  0.0043
 4372.600 -0.0017  0.0008
 4372.620 -0.0022 -0.0030
 4372.640 -0.0037 -0.0037
 4372.660 -0.0026 -0.0029
 4372.680  0.0028 -0.0029
 4372.700  0.0060 -0.0039
 4372.720  0.0034 -0.0028
 4372.740  0.0007  0.0012
 4372.760  0.0001  0.0041
 4372.780 -0.0005  0.0026
 4372.800 -0.0008 -0.0012
 4372.820 -0.0001 -0.0043
 4372.840  0.0003 -0.0056
 4372.860  0.0006 -0.0050
 4372.880  0.0005 -0.0026
 4372.900 -0.0010 -0.0004
 4372.920 -0.0028 -0.0008
 4372.940 -0.0032 -0.0035
 4372.960 -0.0015 -0.0057
 4372.980  0.0015 -0.0066
 4373.000  0.0030 -0.0078
 4373.020  0.0028 -0.0105
 4373.040  0.0025 -0.0136
 4373.060  0.0026 -0.0149
 4373.080  0.0032 -0.0128
 4373.100  0.0040 -0.0078
 4373.120  0.0020 -0.0026
 4373.140 -0.0028  0.0000
 4373.160 -0.0052 -0.0017
 4373.180 -0.0040 -0.0064
 4373.200 -0.0023 -0.0104
 4373.220 -0.0022 -0.0100
 4373.240 -0.0036 -0.0062
 4373.260 -0.0046 -0.0043
 4373.280 -0.0034 -0.0061
 4373.300 -0.0009 -0.0070
 4373.320  0.0000 -0.0041
 4373.340 -0.0012  0.0000
 4373.360 -0.0017  0.0006
 4373.380 -0.0001 -0.0038
 4373.400 -0.0001 -0.0083
 4373.420 -0.0038 -0.0071
 4373.440 -0.0066 -0.0006
 4373.460 -0.0061  0.0058
 4373.480 -0.0048  0.0090
 4373.500 -0.0027  0.0099
 4373.520 -0.0003  0.0111
 4373.540 -0.0003  0.0130
 4373.560 -0.0024  0.0135
 4373.580 -0.0039  0.0113
 4373.600 -0.0037  0.0090
 4373.620 -0.0010  0.0086
 4373.640  0.0018  0.0093
 4373.660  0.0013  0.0098
 4373.680 -0.0008  0.0109
 4373.700 -0.0001  0.0117
 4373.720  0.0022  0.0102
 4373.740  0.0022  0.0065
 4373.760  0.0003  0.0035
 4373.780 -0.0013  0.0031
 4373.800 -0.0023  0.0042
 4373.820 -0.0036  0.0042
 4373.840 -0.0053  0.0023
 4373.860 -0.0059  0.0007
 4373.880 -0.0043  0.0015
 4373.900 -0.0017  0.0021
 4373.920  0.0001  0.0010
 4373.940  0.0002  0.0015
 4373.960 -0.0011  0.0061
 4373.980 -0.0027  0.0095
 4374.000 -0.0025  0.0069
 4374.020 -0.0005  0.0015
 4374.040  0.0011 -0.0017
 4374.060  0.0007 -0.0031
 4374.080 -0.0007 -0.0047
 4374.100 -0.0020 -0.0061
 4374.120 -0.0028 -0.0056
 4374.140 -0.0023 -0.0023
 4374.160 -0.0008  0.0018
 4374.180 -0.0003  0.0044
 4374.200 -0.0008  0.0072
 4374.220 -0.0006  0.0109
 4374.240  0.0000  0.0104
 4374.260  0.0007  0.0013
 4374.280  0.0016 -0.0082
 4374.300  0.0020 -0.0071
 4374.320  0.0020  0.0018
 4374.340  0.0023  0.0066
 4374.360  0.0004  0.0030
 4374.380 -0.0037 -0.0030
 4374.400 -0.0058 -0.0027
 4374.420 -0.0043  0.0049
 4374.440 -0.0022  0.0118
 4374.460 -0.0017  0.0116
 4374.480 -0.0011  0.0071
 4374.500 -0.0003  0.0035
 4374.520 -0.0007  0.0019
 4374.540 -0.0019  0.0021
 4374.560 -0.0023  0.0045
 4374.580 -0.0011  0.0069
 4374.600  0.0008  0.0060
 4374.620  0.0007  0.0027
 4374.640 -0.0029  0.0017
 4374.660 -0.0067  0.0047
 4374.680 -0.0071  0.0091
 4374.700 -0.0049  0.0119
 4374.720 -0.0021  0.0121
 4374.740  0.0005  0.0100
 4374.760  0.0013  0.0069
 4374.780 -0.0016  0.0041
 4374.800 -0.0051  0.0034
 4374.820 -0.0034  0.0061
 4374.840  0.0018  0.0101
 4374.860  0.0034  0.0102
 4374.880  0.0003  0.0055
 4374.900 -0.0031  0.0020
 4374.920 -0.0053  0.0034
 4374.940 -0.0058  0.0068
 4374.960 -0.0044  0.0077
 4374.980 -0.0021  0.0053
 4375.000 -0.0013  0.0021
 4375.020 -0.0036  0.0009
 4375.040 -0.0076  0.0035
 4375.060 -0.0092  0.0089
 4375.080 -0.0062  0.0127
 4375.100 -0.0009  0.0112
 4375.120  0.0023  0.0060
 4375.140  0.0020  0.0024
 4375.160  0.0008  0.0038
 4375.180 -0.0003  0.0082
 4375.200 -0.0018  0.0098
 4375.220 -0.0025  0.0064
 4375.240 -0.0009  0.0035
 4375.260  0.0014  0.0044
 4375.280  0.0006  0.0046
 4375.300 -0.0033  0.0007
 4375.320 -0.0059 -0.0034
 4375.340 -0.0051 -0.0042
 4375.360 -0.0023 -0.0042
 4375.380  0.0001 -0.0066
 4375.400  0.0015 -0.0099
 4375.420  0.0018 -0.0098
 4375.440  0.0006 -0.0047
 4375.460 -0.0007  0.0016
 4375.480 -0.0008  0.0041
 4375.500 -0.0011  0.0029
 4375.520 -0.0010  0.0013
 4375.540  0.0013 -0.0019
 4375.560  0.0053 -0.0074
 4375.580  0.0079 -0.0071
 4375.600  0.0059  0.0058
 4375.620  0.0002  0.0184
 4375.640 -0.0019  0.0135
 4375.660  0.0021 -0.0052
 4375.680  0.0054 -0.0195
 4375.700  0.0005 -0.0151
 4375.720 -0.0071  0.0032
 4375.740 -0.0068  0.0139
 4375.760 -0.0017  0.0071
 4375.780 -0.0010 -0.0060
 4375.800 -0.0034 -0.0117
 4375.820 -0.0036 -0.0064
 4375.840 -0.0013  0.0031
 4375.860  0.0014  0.0071
 4375.880  0.0026  0.0032
 4375.900  0.0010 -0.0026
 4375.920 -0.0027 -0.0045
 4375.940 -0.0053 -0.0025
 4375.960 -0.0050 -0.0009
 4375.980 -0.0038 -0.0018
 4376.000 -0.0035 -0.0011
 4376.020 -0.0031  0.0044
 4376.040 -0.0028  0.0088
 4376.060 -0.0037  0.0055
 4376.080 -0.0042 -0.0028
 4376.100 -0.0035 -0.0092
 4376.120 -0.0032 -0.0112
 4376.140 -0.0039 -0.0100
 4376.160 -0.0045 -0.0068
 4376.180 -0.0033 -0.0008
 4376.200 -0.0002  0.0085
 4376.220  0.0025  0.0162
 4376.240  0.0014  0.0152
 4376.260 -0.0025  0.0063
 4376.280 -0.0029 -0.0024
 4376.300  0.0021 -0.0061
 4376.320  0.0066 -0.0067
 4376.340  0.0060 -0.0072
 4376.360  0.0028 -0.0069
 4376.380 -0.0009 -0.0036
 4376.400 -0.0046  0.0027
 4376.420 -0.0058  0.0085
 4376.440 -0.0047  0.0098
 4376.460 -0.0037  0.0068
 4376.480 -0.0030  0.0015
 4376.500 -0.0016 -0.0038
 4376.520 -0.0003 -0.0073
 4376.540 -0.0015 -0.0077
 4376.560 -0.0051 -0.0057
 4376.580 -0.0071 -0.0034
 4376.600 -0.0059 -0.0031
 4376.620 -0.0048 -0.0046
 4376.640 -0.0057 -0.0056
 4376.660 -0.0062 -0.0038
 4376.680 -0.0047  0.0009
 4376.700 -0.0023  0.0061
 4376.720 -0.0019  0.0085
 4376.740 -0.0038  0.0072
 4376.760 -0.0055  0.0053
 4376.780 -0.0042  0.0060
 4376.800 -0.0024  0.0080
 4376.820 -0.0027  0.0075
 4376.840 -0.0033  0.0030
 4376.860 -0.0025 -0.0029
 4376.880 -0.0018 -0.0062
 4376.900 -0.0020 -0.0054
 4376.920 -0.0015 -0.0031
 4376.940 -0.0003 -0.0020
 4376.960 -0.0003 -0.0010
 4376.980 -0.0007  0.0009
 4377.000 -0.0002  0.0025
 4377.020 -0.0001  0.0033
 4377.040 -0.0011  0.0048
 4377.060 -0.0015  0.0069
 4377.080 -0.0008  0.0072
 4377.100  0.0003  0.0038
 4377.120  0.0009 -0.0013
 4377.140  0.0005 -0.0037
 4377.160 -0.0007 -0.0009
 4377.180 -0.0022  0.0029
 4377.200 -0.0037  0.0027
 4377.220 -0.0050 -0.0001
 4377.240 -0.0058 -0.0005
 4377.260 -0.0055  0.0015
 4377.280 -0.0035  0.0022
 4377.300 -0.0015 -0.0005
 4377.320 -0.0014 -0.0050
 4377.340 -0.0013 -0.0078
 4377.360  0.0014 -0.0066
 4377.380  0.0032 -0.0016
 4377.400  0.0010  0.0050
 4377.420 -0.0017  0.0108
 4377.440 -0.0018  0.0142
 4377.460 -0.0006  0.0150
 4377.480  0.0004  0.0136
 4377.500  0.0005  0.0105
 4377.520 -0.0005  0.0057
 4377.540 -0.0021 -0.0001
 4377.560 -0.0040 -0.0041
 4377.580 -0.0067 -0.0047
 4377.600 -0.0089 -0.0051
 4377.620 -0.0086 -0.0084
 4377.640 -0.0067 -0.0112
 4377.660 -0.0062 -0.0081
 4377.680 -0.0052 -0.0014
 4377.700 -0.0019  0.0031
 4377.720  0.0005  0.0034
 4377.740  0.0008  0.0021
 4377.760  0.0016  0.0019
 4377.780  0.0036  0.0024
 4377.800  0.0041  0.0009
 4377.820  0.0007 -0.0027
 4377.840 -0.0046 -0.0039
 4377.860 -0.0084 -0.0009
 4377.880 -0.0095  0.0022
 4377.900 -0.0083  0.0023
 4377.920 -0.0054  0.0004
 4377.940 -0.0026 -0.0019
 4377.960 -0.0016 -0.0039
 4377.980  0.0000  0.0000
 4378.000  0.0000  0.0000
