           0.96    0.97  
           0.0200  0.6600
 4447.000  0.9542  0.9150
 4447.020  0.9732  0.9306
 4447.040  0.9644  0.9297
 4447.060  0.9614  0.9269
 4447.080  0.9596  0.9233
 4447.100  0.9571  0.9239
 4447.120  0.9530  0.9299
 4447.140  0.9513  0.9378
 4447.160  0.9550  0.9420
 4447.180  0.9600  0.9421
 4447.200  0.9601  0.9419
 4447.220  0.9535  0.9430
 4447.240  0.9451  0.9448
 4447.260  0.9387  0.9473
 4447.280  0.9325  0.9497
 4447.300  0.9284  0.9500
 4447.320  0.9290  0.9465
 4447.340  0.9291  0.9390
 4447.360  0.9253  0.9290
 4447.380  0.9214  0.9182
 4447.400  0.9203  0.9081
 4447.420  0.9209  0.8990
 4447.440  0.9224  0.8906
 4447.460  0.9249  0.8838
 4447.480  0.9256  0.8790
 4447.500  0.9241  0.8737
 4447.520  0.9241  0.8670
 4447.540  0.9257  0.8592
 4447.560  0.9246  0.8487
 4447.580  0.9209  0.8346
 4447.600  0.9197  0.8199
 4447.620  0.9213  0.8085
 4447.640  0.9215  0.8007
 4447.660  0.9205  0.7957
 4447.680  0.9198  0.7920
 4447.700  0.9205  0.7860
 4447.720  0.9245  0.7735
 4447.740  0.9310  0.7549
 4447.760  0.9375  0.7356
 4447.780  0.9441  0.7212
 4447.800  0.9506  0.7109
 4447.820  0.9550  0.6989
 4447.840  0.9575  0.6822
 4447.860  0.9577  0.6646
 4447.880  0.9534  0.6527
 4447.900  0.9462  0.6498
 4447.920  0.9414  0.6560
 4447.940  0.9412  0.6712
 4447.960  0.9403  0.6939
 4447.980  0.9350  0.7210
 4448.000  0.9281  0.7493
 4448.020  0.9215  0.7773
 4448.040  0.9137  0.8039
 4448.060  0.9047  0.8279
 4448.080  0.8958  0.8479
 4448.100  0.8882  0.8647
 4448.120  0.8818  0.8787
 4448.140  0.8758  0.8875
 4448.160  0.8687  0.8895
 4448.180  0.8599  0.8876
 4448.200  0.8496  0.8863
 4448.220  0.8390  0.8868
 4448.240  0.8281  0.8872
 4448.260  0.8176  0.8867
 4448.280  0.8104  0.8874
 4448.300  0.8059  0.8899
 4448.320  0.8012  0.8917
 4448.340  0.7964  0.8913
 4448.360  0.7925  0.8898
 4448.380  0.7879  0.8911
 4448.400  0.7824  0.8968
 4448.420  0.7775  0.9023
 4448.440  0.7746  0.9053
 4448.460  0.7740  0.9104
 4448.480  0.7712  0.9195
 4448.500  0.7577  0.9296
 4448.520  0.7344  0.9385
 4448.540  0.7134  0.9445
 4448.560  0.7044  0.9446
 4448.580  0.7077  0.9405
 4448.600  0.7207  0.9394
 4448.620  0.7408  0.9444
 4448.640  0.7652  0.9506
 4448.660  0.7918  0.9519
 4448.680  0.8184  0.9477
 4448.700  0.8425  0.9416
 4448.720  0.8623  0.9380
 4448.740  0.8765  0.9387
 4448.760  0.8847  0.9414
 4448.780  0.8887  0.9441
 4448.800  0.8902  0.9454
 4448.820  0.8890  0.9438
 4448.840  0.8859  0.9409
 4448.860  0.8828  0.9399
 4448.880  0.8827  0.9418
 4448.900  0.8853  0.9437
 4448.920  0.8887  0.9423
 4448.940  0.8955  0.9386
 4448.960  0.9049  0.9365
 4448.980  0.9131  0.9382
 4449.000  0.9202  0.9432
 4449.020  0.9243  0.9480
 4449.040  0.9214  0.9490
 4449.060  0.9151  0.9479
 4449.080  0.9116  0.9487
 4449.100  0.9096  0.9528
 4449.120  0.9067  0.9565
 4449.140  0.9077  0.9559
 4449.160  0.9149  0.9536
 4449.180  0.9221  0.9550
 4449.200  0.9266  0.9609
 4449.220  0.9313  0.9678
 4449.240  0.9394  0.9730
 4449.260  0.9500  0.9742
 4449.280  0.9550  0.9708
 4449.300  0.9512  0.9628
 4449.320  0.9450  0.9471
 4449.340  0.9410  0.9298
 4449.360  0.9404  0.9260
 4449.380  0.9435  0.9315
 4449.400  0.9483  0.9337
 4449.420  0.9517  0.9374
 4449.440  0.9512  0.9416
 4449.460  0.9504  0.9395
 4449.480  0.9532  0.9377
 4449.500  0.9581  0.9408
 4449.520  0.9629  0.9412
 4449.540  0.9664  0.9341
 4449.560  0.9679  0.9251
 4449.580  0.9665  0.9212
 4449.600  0.9623  0.9223
 4449.620  0.9572  0.9216
 4449.640  0.9512  0.9120
 4449.660  0.9452  0.8944
 4449.680  0.9448  0.8729
 4449.700  0.9508  0.8486
 4449.720  0.9561  0.8271
 4449.740  0.9598  0.8179
 4449.760  0.9686  0.8203
 4449.780  0.9815  0.8258
 4449.800 -1.0000 -1.0000
 4449.820 -1.0000 -1.0000
 4449.840 -1.0000 -1.0000
 4449.860 -1.0000 -1.0000
 4449.880 -1.0000 -1.0000
 4449.900 -1.0000 -1.0000
 4449.920  0.9790  0.7897
 4449.940  0.9693  0.7858
 4449.960  0.9613  0.8020
 4449.980  0.9611  0.8304
 4450.000  0.9665  0.8509
 4450.020  0.9710  0.8593
 4450.040 -1.0000 -1.0000
 4450.060 -1.0000 -1.0000
 4450.080 -1.0000 -1.0000
 4450.100 -1.0000 -1.0000
 4450.120 -1.0000 -1.0000
 4450.140 -1.0000 -1.0000
 4450.160  0.9364  0.8776
 4450.180  0.9302  0.8644
 4450.200  0.9234  0.8570
 4450.220  0.9193  0.8655
 4450.240  0.9188  0.8772
 4450.260  0.9186  0.8787
 4450.280  0.9155  0.8774
 4450.300  0.9102  0.8815
 4450.320  0.9023  0.8848
 4450.340  0.8903  0.8831
 4450.360  0.8752  0.8832
 4450.380  0.8593  0.8873
 4450.400  0.8448  0.8908
 4450.420  0.8331  0.8924
 4450.440  0.8207  0.8946
 4450.460  0.8061  0.8973
 4450.480  0.7953  0.8987
 4450.500  0.7918  0.8973
 4450.520  0.7940  0.8943
 4450.540  0.8013  0.8929
 4450.560  0.8116  0.8970
 4450.580  0.8263  0.9119
 4450.600  0.8467  0.9318
 4450.620  0.8658  0.9431
 4450.640  0.8804  0.9447
 4450.660  0.8908  0.9364
 4450.680  0.8953  0.9234
 4450.700  0.8993  0.9262
 4450.720  0.9036  0.9414
 4450.740  0.9014  0.9479
 4450.760  0.8942  0.9485
 4450.780  0.8851  0.9505
 4450.800  0.8753  0.9522
 4450.820  0.8705  0.9565
 4450.840  0.8704  0.9610
 4450.860  0.8712  0.9571
 4450.880  0.8723  0.9482
 4450.900  0.8718  0.9499
 4450.920  0.8717  0.9613
 4450.940  0.8782  0.9628
 4450.960  0.8876  0.9534
 4450.980  0.8922  0.9487
 4451.000  0.8943  0.9504
 4451.020  0.8967  0.9477
 4451.040  0.8992  0.9345
 4451.060  0.9017  0.9184
 4451.080  0.9022  0.9107
 4451.100  0.9006  0.9102
 4451.120  0.9016  0.9101
 4451.140  0.9084  0.9067
 4451.160  0.9191  0.8971
 4451.180  0.9306  0.8816
 4451.200  0.9408  0.8648
 4451.220  0.9469  0.8496
 4451.240  0.9482  0.8350
 4451.260  0.9478  0.8187
 4451.280  0.9482  0.8000
 4451.300  0.9496  0.7845
 4451.320  0.9512  0.7817
 4451.340  0.9533  0.7923
 4451.360  0.9575  0.8103
 4451.380  0.9623  0.8290
 4451.400  0.9614  0.8373
 4451.420  0.9568  0.8326
 4451.440  0.9568  0.8261
 4451.460  0.9601  0.8258
 4451.480  0.9608  0.8311
 4451.500  0.9599  0.8363
 4451.520  0.9603  0.8392
 4451.540  0.9610  0.8458
 4451.560  0.9575  0.8599
 4451.580  0.9494  0.8762
 4451.600  0.9438  0.8874
 4451.620  0.9445  0.8935
 4451.640  0.9471  0.9034
 4451.660  0.9471  0.9178
 4451.680  0.9441  0.9287
 4451.700  0.9405  0.9351
 4451.720  0.9349  0.9374
 4451.740  0.9259  0.9359
 4451.760  0.9188  0.9392
 4451.780  0.9152  0.9486
 4451.800  0.9101  0.9488
 4451.820  0.9019  0.9306
 4451.840  0.8909  0.9078
 4451.860  0.8753  0.8997
 4451.880  0.8561  0.9011
 4451.900  0.8400  0.8948
 4451.920  0.8296  0.8835
 4451.940  0.8229  0.8752
 4451.960  0.8237  0.8654
 4451.980  0.8347  0.8527
 4452.000  0.8482  0.8445
 4452.020  0.8571  0.8427
 4452.040  0.8631  0.8422
 4452.060  0.8678  0.8426
 4452.080  0.8673  0.8448
 4452.100  0.8613  0.8439
 4452.120  0.8544  0.8364
 4452.140  0.8477  0.8304
 4452.160  0.8462  0.8367
 4452.180  0.8552  0.8501
 4452.200  0.8696  0.8608
 4452.220  0.8843  0.8677
 4452.240  0.8984  0.8692
 4452.260  0.9111  0.8691
 4452.280  0.9233  0.8758
 4452.300  0.9353  0.8824
 4452.320  0.9450  0.8793
 4452.340  0.9491  0.8739
 4452.360  0.9498  0.8754
 4452.380  0.9516  0.8754
 4452.400  0.9518  0.8704
 4452.420  0.9475  0.8725
 4452.440  0.9412  0.8799
 4452.460  0.9362  0.8813
 4452.480  0.9315  0.8802
 4452.500  0.9232  0.8802
 4452.520  0.9130  0.8808
 4452.540  0.9042  0.8855
 4452.560  0.8939  0.8950
 4452.580  0.8820  0.9071
 4452.600  0.8736  0.9195
 4452.620  0.8674  0.9283
 4452.640  0.8590  0.9331
 4452.660  0.8522  0.9374
 4452.680  0.8500  0.9428
 4452.700  0.8481  0.9485
 4452.720  0.8484  0.9524
 4452.740  0.8568  0.9533
 4452.760  0.8719  0.9538
 4452.780  0.8848  0.9556
 4452.800  0.8896  0.9571
 4452.820  0.8894  0.9576
 4452.840  0.8870  0.9572
 4452.860  0.8825  0.9563
 4452.880  0.8794  0.9564
 4452.900  0.8803  0.9580
 4452.920  0.8841  0.9599
 4452.940  0.8897  0.9610
 4452.960  0.8949  0.9603
 4452.980  0.8976  0.9576
 4453.000  0.8987  0.9540
 4453.020  0.9011  0.9501
 4453.040  0.9046  0.9472
 4453.060  0.9055  0.9468
 4453.080  0.9032  0.9495
 4453.100  0.9019  0.9541
 4453.120  0.9018  0.9565
 4453.140  0.9012  0.9533
 4453.160  0.9010  0.9442
 4453.180  0.9015  0.9335
 4453.200  0.9040  0.9299
 4453.220  0.9109  0.9374
 4453.240  0.9201  0.9504
 4453.260  0.9286  0.9597
 4453.280  0.9355  0.9605
 4453.300  0.9399  0.9548
 4453.320  0.9432  0.9484
 4453.340  0.9482  0.9443
 4453.360  0.9515  0.9397
 4453.380  0.9527  0.9321
 4453.400  0.9564  0.9226
 4453.420  0.9622  0.9131
 4453.440  0.9666  0.9026
 4453.460  0.9674  0.8882
 4453.480  0.9648  0.8670
 4453.500  0.9612  0.8390
 4453.520  0.9568  0.8074
 4453.540  0.9521  0.7744
 4453.560  0.9500  0.7390
 4453.580  0.9505  0.7004
 4453.600  0.9512  0.6618
 4453.620  0.9515  0.6283
 4453.640  0.9501  0.6030
 4453.660  0.9467  0.5860
 4453.680  0.9453  0.5763
 4453.700  0.9479  0.5745
 4453.720  0.9520  0.5830
 4453.740  0.9538  0.6027
 4453.760  0.9525  0.6317
 4453.780  0.9494  0.6669
 4453.800  0.9459  0.7047
 4453.820  0.9438  0.7419
 4453.840  0.9440  0.7773
 4453.860  0.9429  0.8110
 4453.880  0.9397  0.8417
 4453.900  0.9400  0.8652
 4453.920  0.9443  0.8763
 4453.940  0.9475  0.8783
 4453.960  0.9475  0.8805
 4453.980  0.9463  0.8840
 4454.000  0.9442  0.8847
 4454.020  0.9379  0.8859
 4454.040  0.9271  0.8893
 4454.060  0.9155  0.8892
 4454.080  0.9019  0.8841
 4454.100  0.8845  0.8781
 4454.120  0.8667  0.8751
 4454.140  0.8480  0.8742
 4454.160  0.8234  0.8738
 4454.180  0.7942  0.8744
 4454.200  0.7663  0.8769
 4454.220  0.7389  0.8809
 4454.240  0.7077  0.8864
 4454.260  0.6729  0.8941
 4454.280  0.6387  0.9052
 4454.300  0.6096  0.9183
 4454.320  0.5896  0.9280
 4454.340  0.5814  0.9306
 4454.360  0.5855  0.9280
 4454.380  0.6015  0.9237
 4454.400  0.6276  0.9189
 4454.420  0.6598  0.9135
 4454.440  0.6962  0.9089
 4454.460  0.7362  0.9081
 4454.480  0.7779  0.9125
 4454.500  0.8179  0.9198
 4454.520  0.8521  0.9252
 4454.540  0.8768  0.9274
 4454.560  0.8903  0.9290
 4454.580  0.8955  0.9312
 4454.600  0.8967  0.9328
 4454.620  0.8946  0.9351
 4454.640  0.8881  0.9408
 4454.660  0.8790  0.9482
 4454.680  0.8702  0.9517
 4454.700  0.8638  0.9482
 4454.720  0.8625  0.9406
 4454.740  0.8670  0.9343
 4454.760  0.8727  0.9310
 4454.780  0.8746  0.9280
 4454.800  0.8746  0.9242
 4454.820  0.8785  0.9220
 4454.840  0.8879  0.9231
 4454.860  0.8987  0.9246
 4454.880  0.9077  0.9229
 4454.900  0.9128  0.9196
 4454.920  0.9137  0.9187
 4454.940  0.9151  0.9211
 4454.960  0.9192  0.9257
 4454.980  0.9201  0.9308
 4455.000  0.9179  0.9344
 4455.020  0.9189  0.9360
 4455.040  0.9193  0.9372
 4455.060  0.9144  0.9399
 4455.080  0.9088  0.9427
 4455.100  0.9051  0.9418
 4455.120  0.9027  0.9367
 4455.140  0.9032  0.9317
 4455.160  0.9083  0.9309
 4455.180  0.9136  0.9341
 4455.200  0.9163  0.9379
 4455.220  0.9203  0.9404
 4455.240  0.9272  0.9444
 4455.260  0.9337  0.9520
 4455.280  0.9375  0.9585
 4455.300  0.9376  0.9586
 4455.320  0.9349  0.9539
 4455.340  0.9321  0.9500
 4455.360  0.9292  0.9505
 4455.380  0.9247  0.9535
 4455.400  0.9202  0.9550
 4455.420  0.9183  0.9558
 4455.440  0.9176  0.9596
 4455.460  0.9147  0.9652
 4455.480  0.9097  0.9679
 4455.500  0.9064  0.9686
 4455.520  0.9066  0.9708
 4455.540  0.9096  0.9716
 4455.560  0.9135  0.9648
 4455.580  0.9185  0.9535
 4455.600  0.9259  0.9453
 4455.620  0.9316  0.9403
 4455.640  0.9324  0.9366
 4455.660 -1.0000 -1.0000
 4455.680 -1.0000 -1.0000
 4455.700 -1.0000 -1.0000
 4455.720 -1.0000 -1.0000
 4455.740 -1.0000 -1.0000
 4455.760  0.9502  0.9570
 4455.780  0.9464  0.9525
 4455.800  0.9440  0.9408
 4455.820  0.9434  0.9311
 4455.840  0.9405  0.9272
 4455.860  0.9376  0.9216
 4455.880  0.9377  0.9121
 4455.900  0.9394  0.9049
 4455.920  0.9419  0.8983
 4455.940  0.9461  0.8847
 4455.960  0.9518  0.8682
 4455.980  0.9565  0.8582
 4456.000  0.9577  0.8511
 4456.020  0.9579  0.8397
 4456.040  0.9597  0.8272
 4456.060  0.9603  0.8188
 4456.080  0.9590  0.8142
 4456.100  0.9596  0.8099
 4456.120  0.9622  0.8038
 4456.140  0.9640  0.7977
 4456.160  0.9646  0.7959
 4456.180  0.9649  0.8013
 4456.200  0.9674  0.8106
 4456.220  0.9718  0.8204
 4456.240  0.9764  0.8371
 4456.260  0.9822  0.8612
 4456.280 -1.0000 -1.0000
 4456.300 -1.0000 -1.0000
 4456.320 -1.0000 -1.0000
 4456.340 -1.0000 -1.0000
 4456.360 -1.0000 -1.0000
 4456.380  0.9647  0.9028
 4456.400  0.9579  0.9020
 4456.420  0.9475  0.9034
 4456.440  0.9380  0.9077
 4456.460  0.9318  0.9086
 4456.480  0.9268  0.9035
 4456.500  0.9206  0.9002
 4456.520  0.9122  0.9038
 4456.540  0.9031  0.9086
 4456.560  0.8949  0.9100
 4456.580  0.8868  0.9100
 4456.600  0.8807  0.9076
 4456.620  0.8786  0.8972
 4456.640  0.8736  0.8838
 4456.660  0.8635  0.8817
 4456.680  0.8546  0.8886
 4456.700  0.8466  0.8916
 4456.720  0.8368  0.8910
 4456.740  0.8285  0.8884
 4456.760  0.8242  0.8807
 4456.780  0.8217  0.8741
 4456.800  0.8220  0.8741
 4456.820  0.8294  0.8750
 4456.840  0.8416  0.8744
 4456.860  0.8542  0.8777
 4456.880  0.8664  0.8853
 4456.900  0.8795  0.8952
 4456.920  0.8950  0.9101
 4456.940  0.9085  0.9271
 4456.960  0.9121  0.9361
 4456.980  0.9052  0.9353
 4457.000  0.8939  0.9350
 4457.020  0.8856  0.9383
 4457.040  0.8844  0.9406
 4457.060  0.8875  0.9424
 4457.080  0.8896  0.9450
 4457.100  0.8908  0.9472
 4457.120  0.8937  0.9475
 4457.140  0.8976  0.9442
 4457.160  0.9026  0.9383
 4457.180  0.9081  0.9306
 4457.200  0.9094  0.9225
 4457.220  0.9081  0.9191
 4457.240  0.9113  0.9198
 4457.260  0.9187  0.9149
 4457.280  0.9236  0.9007
 4457.300  0.9219  0.8837
 4457.320  0.9157  0.8706
 4457.340  0.9091  0.8611
 4457.360  0.9032  0.8518
 4457.380  0.8971  0.8426
 4457.400  0.8924  0.8368
 4457.420  0.8908  0.8352
 4457.440  0.8901  0.8369
 4457.460  0.8888  0.8408
 4457.480  0.8871  0.8451
 4457.500  0.8871  0.8457
 4457.520  0.8903  0.8407
 4457.540  0.8958  0.8346
 4457.560  0.9055  0.8335
 4457.580  0.9192  0.8351
 4457.600  0.9310  0.8346
 4457.620  0.9388  0.8333
 4457.640  0.9421  0.8319
 4457.660  0.9397  0.8317
 4457.680  0.9369  0.8370
 4457.700  0.9380  0.8483
 4457.720  0.9411  0.8610
 4457.740  0.9428  0.8719
 4457.760  0.9416  0.8815
 4457.780  0.9396  0.8907
 4457.800  0.9372  0.8974
 4457.820  0.9329  0.8997
 4457.840  0.9283  0.8990
 4457.860  0.9242  0.8978
 4457.880  0.9207  0.8979
 4457.900  0.9175  0.8997
 4457.920  0.9119  0.9031
 4457.940  0.9040  0.9074
 4457.960  0.8953  0.9114
 4457.980  0.8836  0.9139
 4458.000  0.8700  0.9158
 4458.020  0.8601  0.9189
 4458.040  0.8551  0.9230
 4458.060  0.8515  0.9256
 4458.080  0.8487  0.9248
 4458.100  0.8478  0.9211
 4458.120  0.8481  0.9162
 4458.140  0.8511  0.9109
 4458.160  0.8568  0.9071
 4458.180  0.8599  0.9073
 4458.200  0.8582  0.9108
 4458.220  0.8554  0.9118
 4458.240  0.8525  0.9069
 4458.260  0.8480  0.8982
 4458.280  0.8425  0.8886
 4458.300  0.8376  0.8768
 4458.320  0.8357  0.8591
 4458.340  0.8403  0.8369
 4458.360  0.8521  0.8178
 4458.380  0.8677  0.8053
 4458.400  0.8826  0.7918
 4458.420  0.8938  0.7740
 4458.440  0.9007  0.7616
 4458.460  0.9057  0.7612
 4458.480  0.9099  0.7663
 4458.500  0.9082  0.7727
 4458.520  0.9007  0.7858
 4458.540  0.8967  0.8074
 4458.560  0.8994  0.8321
 4458.580  0.9032  0.8560
 4458.600  0.9056  0.8793
 4458.620  0.9082  0.8996
 4458.640  0.9121  0.9134
 4458.660  0.9173  0.9221
 4458.680  0.9227  0.9297
 4458.700  0.9256  0.9341
 4458.720  0.9249  0.9326
 4458.740  0.9207  0.9303
 4458.760  0.9164  0.9330
 4458.780  0.9160  0.9380
 4458.800  0.9157  0.9391
 4458.820  0.9112  0.9344
 4458.840  0.9056  0.9266
 4458.860  0.9023  0.9212
 4458.880  0.9016  0.9214
 4458.900  0.9010  0.9205
 4458.920  0.8966  0.9108
 4458.940  0.8887  0.8967
 4458.960  0.8802  0.8871
 4458.980  0.8713  0.8821
 4459.000  0.8591  0.8765
 4459.020  0.8418  0.8678
 4459.040  0.8230  0.8582
 4459.060  0.8065  0.8510
 4459.080  0.7938  0.8460
 4459.100  0.7852  0.8393
 4459.120  0.7818  0.8303
 4459.140  0.7867  0.8236
 4459.160  0.8038  0.8222
 4459.180  0.8304  0.8242
 4459.200  0.8559  0.8263
 4459.220  0.8744  0.8270
 4459.240  0.8900  0.8278
 4459.260  0.9038  0.8299
 4459.280  0.9127  0.8334
 4459.300  0.9191  0.8368
 4459.320  0.9274  0.8383
 4459.340  0.9364  0.8397
 4459.360  0.9410  0.8421
 4459.380  0.9412  0.8412
 4459.400  0.9391  0.8302
 4459.420  0.9337  0.8093
 4459.440  0.9286  0.7910
 4459.460  0.9291  0.7838
 4459.480  0.9298  0.7844
 4459.500  0.9256  0.7887
 4459.520  0.9194  0.7930
 4459.540  0.9143  0.7938
 4459.560  0.9081  0.7925
 4459.580  0.8991  0.7918
 4459.600  0.8894  0.7934
 4459.620  0.8795  0.7982
 4459.640  0.8706  0.8059
 4459.660  0.8662  0.8146
 4459.680  0.8654  0.8227
 4459.700  0.8620  0.8312
 4459.720  0.8547  0.8420
 4459.740  0.8464  0.8544
 4459.760  0.8386  0.8654
 4459.780  0.8324  0.8742
 4459.800  0.8282  0.8810
 4459.820  0.8257  0.8868
 4459.840  0.8255  0.8924
 4459.860  0.8270  0.8975
 4459.880  0.8296  0.9020
 4459.900  0.8341  0.9054
 4459.920  0.8393  0.9064
 4459.940  0.8454  0.9041
 4459.960  0.8517  0.9004
 4459.980  0.8543  0.8999
 4460.000  0.8532  0.9035
 4460.020  0.8493  0.9077
 4460.040  0.8410  0.9106
 4460.060  0.8287  0.9127
 4460.080  0.8170  0.9146
 4460.100  0.8081  0.9156
 4460.120  0.8017  0.9169
 4460.140  0.7977  0.9209
 4460.160  0.7956  0.9267
 4460.180  0.7942  0.9296
 4460.200  0.7938  0.9258
 4460.220  0.7960  0.9165
 4460.240  0.8009  0.9079
 4460.260  0.8084  0.9018
 4460.280  0.8187  0.8921
 4460.300  0.8297  0.8750
 4460.320  0.8374  0.8552
 4460.340  0.8421  0.8389
 4460.360  0.8478  0.8276
 4460.380  0.8546  0.8214
 4460.400  0.8609  0.8218
 4460.420  0.8678  0.8283
 4460.440  0.8766  0.8370
 4460.460  0.8878  0.8461
 4460.480  0.8992  0.8551
 4460.500  0.9066  0.8633
 4460.520  0.9099  0.8694
 4460.540  0.9114  0.8699
 4460.560  0.9119  0.8636
 4460.580  0.9133  0.8566
 4460.600  0.9162  0.8544
 4460.620  0.9178  0.8524
 4460.640  0.9184  0.8455
 4460.660  0.9190  0.8379
 4460.680  0.9183  0.8355
 4460.700  0.9192  0.8374
 4460.720  0.9232  0.8395
 4460.740  0.9253  0.8410
 4460.760  0.9246  0.8452
 4460.780  0.9252  0.8538
 4460.800  0.9267  0.8637
 4460.820  0.9272  0.8715
 4460.840  0.9255  0.8768
 4460.860  0.9200  0.8797
 4460.880  0.9111  0.8774
 4460.900  0.9016  0.8714
 4460.920  0.8939  0.8717
 4460.940  0.8845  0.8794
 4460.960  0.8712  0.8846
 4460.980  0.8578  0.8842
 4461.000  0.8466  0.8803
 4461.020  0.8376  0.8732
 4461.040  0.8320  0.8659
 4461.060  0.8310  0.8609
 4461.080  0.8370  0.8589
 4461.100  0.8524  0.8630
 4461.120  0.8732  0.8730
 4461.140  0.8896  0.8767
 4461.160  0.8971  0.8633
 4461.180  0.8974  0.8495
 4461.200  0.8944  0.8577
 4461.220  0.8911  0.8777
 4461.240  0.8847  0.8943
 4461.260  0.8711  0.9094
 4461.280  0.8530  0.9155
 4461.300  0.8380  0.9052
 4461.320  0.8289  0.8959
 4461.340  0.8248  0.9033
 4461.360  0.8284  0.9171
 4461.380  0.8400  0.9220
 4461.400  0.8555  0.9185
 4461.420  0.8691  0.9104
 4461.440  0.8812  0.9026
 4461.460  0.8954  0.9011
 4461.480  0.9071  0.9062
 4461.500  0.9118  0.9110
 4461.520  0.9109  0.9086
 4461.540  0.9078  0.9033
 4461.560  0.9063  0.9054
 4461.580  0.9031  0.9142
 4461.600  0.8961  0.9228
 4461.620  0.8911  0.9290
 4461.640  0.8885  0.9340
 4461.660  0.8836  0.9381
 4461.680  0.8764  0.9391
 4461.700  0.8699  0.9378
 4461.720  0.8660  0.9404
 4461.740  0.8688  0.9492
 4461.760  0.8802  0.9543
 4461.780  0.8937  0.9477
 4461.800  0.9033  0.9394
 4461.820  0.9108  0.9420
 4461.840  0.9183  0.9490
 4461.860  0.9233  0.9508
 4461.880  0.9253  0.9503
 4461.900  0.9265  0.9477
 4461.920  0.9293  0.9392
 4461.940  0.9327  0.9287
 4461.960  0.9318  0.9235
 4461.980  0.9298  0.9256
 4462.000  0.9339  0.9296
 4462.020  0.9398  0.9305
 4462.040  0.9410  0.9299
 4462.060  0.9393  0.9294
 4462.080  0.9359  0.9267
 4462.100  0.9287  0.9218
 4462.120  0.9196  0.9169
 4462.140  0.9128  0.9120
 4462.160  0.9107  0.9059
 4462.180  0.9107  0.8973
 4462.200  0.9099  0.8886
 4462.220  0.9121  0.8837
 4462.240  0.9208  0.8790
 4462.260  0.9311  0.8688
 4462.280  0.9378  0.8563
 4462.300  0.9413  0.8460
 4462.320  0.9447  0.8382
 4462.340  0.9494  0.8340
 4462.360  0.9534  0.8365
 4462.380  0.9529  0.8455
 4462.400  0.9508  0.8573
 4462.420  0.9515  0.8684
 4462.440  0.9512  0.8778
 4462.460  0.9484  0.8875
 4462.480  0.9474  0.8995
 4462.500  0.9487  0.9118
 4462.520  0.9488  0.9213
 4462.540  0.9462  0.9264
 4462.560  0.9419  0.9254
 4462.580  0.9383  0.9191
 4462.600  0.9371  0.9134
 4462.620  0.9377  0.9128
 4462.640  0.9386  0.9161
 4462.660  0.9386  0.9199
 4462.680  0.9364  0.9211
 4462.700  0.9335  0.9176
 4462.720  0.9306  0.9105
 4462.740  0.9268  0.9009
 4462.760  0.9224  0.8884
 4462.780  0.9177  0.8773
 4462.800  0.9130  0.8760
 4462.820  0.9114  0.8846
 4462.840  0.9141  0.8942
 4462.860  0.9151  0.8977
 4462.880  0.9084  0.8961
 4462.900  0.8965  0.8937
 4462.920  0.8832  0.8928
 4462.940  0.8684  0.8922
 4462.960  0.8544  0.8907
 4462.980  0.8450  0.8897
 4463.000  0.8416  0.8926
 4463.020  0.8444  0.9010
 4463.040  0.8540  0.9114
 4463.060  0.8671  0.9197
 4463.080  0.8806  0.9246
 4463.100  0.8962  0.9242
 4463.120  0.9122  0.9179
 4463.140  0.9232  0.9117
 4463.160  0.9274  0.9119
 4463.180  0.9286  0.9139
 4463.200  0.9319  0.9085
 4463.220  0.9344  0.8983
 4463.240  0.9312  0.8872
 4463.260  0.9273  0.8700
 4463.280  0.9259  0.8431
 4463.300  0.9215  0.8097
 4463.320  0.9138  0.7738
 4463.340  0.9098  0.7362
 4463.360  0.9097  0.6953
 4463.380  0.9086  0.6513
 4463.400  0.9055  0.6092
 4463.420  0.9015  0.5748
 4463.440  0.8966  0.5494
 4463.460  0.8922  0.5316
 4463.480  0.8902  0.5227
 4463.500  0.8912  0.5251
 4463.520  0.8938  0.5384
 4463.540  0.8946  0.5608
 4463.560  0.8933  0.5898
 4463.580  0.8941  0.6174
 4463.600  0.8980  0.6327
 4463.620  0.9028  0.6374
 4463.640 -1.0000 -1.0000
 4463.660 -1.0000 -1.0000
 4463.680 -1.0000 -1.0000
 4463.700 -1.0000 -1.0000
 4463.720 -1.0000 -1.0000
 4463.740  0.9345  0.8049
 4463.760  0.9365  0.7898
 4463.780  0.9370  0.7712
 4463.800  0.9372  0.7555
 4463.820  0.9329  0.7414
 4463.840  0.9225  0.7333
 4463.860  0.9080  0.7331
 4463.880  0.8905  0.7383
 4463.900  0.8709  0.7476
 4463.920  0.8485  0.7605
 4463.940  0.8227  0.7769
 4463.960  0.7941  0.7966
 4463.980  0.7642  0.8173
 4464.000  0.7350  0.8373
 4464.020  0.7054  0.8566
 4464.040  0.6710  0.8743
 4464.060  0.6328  0.8873
 4464.080  0.5987  0.8938
 4464.100  0.5719  0.8950
 4464.120  0.5506  0.8940
 4464.140  0.5390  0.8941
 4464.160  0.5441  0.8973
 4464.180  0.5644  0.9033
 4464.200  0.5926  0.9093
 4464.220  0.6261  0.9127
 4464.240  0.6670  0.9118
 4464.260  0.7114  0.9069
 4464.280  0.7504  0.9016
 4464.300  0.7809  0.9009
 4464.320  0.8052  0.9036
 4464.340  0.8233  0.9051
 4464.360  0.8300  0.9031
 4464.380  0.8217  0.8989
 4464.400  0.8046  0.8944
 4464.420  0.7869  0.8903
 4464.440  0.7691  0.8857
 4464.460  0.7505  0.8794
 4464.480  0.7345  0.8719
 4464.500  0.7244  0.8662
 4464.520  0.7223  0.8661
 4464.540  0.7296  0.8703
 4464.560  0.7449  0.8735
 4464.580  0.7659  0.8732
 4464.600  0.7924  0.8726
 4464.620  0.8213  0.8753
 4464.640  0.8483  0.8811
 4464.660  0.8710  0.8856
 4464.680  0.8844  0.8863
 4464.700  0.8889  0.8871
 4464.720  0.8907  0.8869
 4464.740  0.8910  0.8716
 4464.760  0.8875  0.8398
 4464.780  0.8813  0.8193
 4464.800  0.8803  0.8281
 4464.820  0.8890  0.8515
 4464.840  0.9000  0.8739
 4464.860  0.9060  0.8894
 4464.880  0.9084  0.8922
 4464.900  0.9092  0.8895
 4464.920  0.9093  0.8937
 4464.940  0.9108  0.9017
 4464.960  0.9116  0.9057
 4464.980  0.9063  0.9092
 4465.000  0.8968  0.9177
 4465.020  0.8888  0.9285
 4465.040  0.8839  0.9345
 4465.060  0.8810  0.9324
 4465.080  0.8769  0.9251
 4465.100  0.8710  0.9173
 4465.120  0.8653  0.9098
 4465.140  0.8615  0.9022
 4465.160  0.8618  0.8980
 4465.180  0.8665  0.8985
 4465.200  0.8733  0.8985
 4465.220  0.8818  0.8926
 4465.240  0.8901  0.8805
 4465.260  0.8950  0.8671
 4465.280  0.8980  0.8579
 4465.300  0.9004  0.8526
 4465.320  0.9012  0.8453
 4465.340  0.8991  0.8318
 4465.360  0.8941  0.8160
 4465.380  0.8881  0.8055
 4465.400  0.8836  0.8039
 4465.420  0.8803  0.8089
 4465.440  0.8767  0.8161
 4465.460  0.8740  0.8242
 4465.480  0.8741  0.8354
 4465.500  0.8789  0.8523
 4465.520  0.8884  0.8734
 4465.540  0.8980  0.8942
 4465.560  0.9051  0.9106
 4465.580  0.9117  0.9217
 4465.600  0.9175  0.9278
 4465.620  0.9213  0.9300
 4465.640  0.9223  0.9304
 4465.660  0.9178  0.9309
 4465.680  0.9111  0.9332
 4465.700  0.9089  0.9376
 4465.720  0.9119  0.9421
 4465.740  0.9155  0.9450
 4465.760  0.9150  0.9441
 4465.780  0.9093  0.9407
 4465.800  0.9018  0.9393
 4465.820  0.8971  0.9399
 4465.840  0.8960  0.9392
 4465.860  0.8949  0.9362
 4465.880  0.8897  0.9316
 4465.900  0.8809  0.9264
 4465.920  0.8728  0.9212
 4465.940  0.8669  0.9147
 4465.960  0.8593  0.9043
 4465.980  0.8493  0.8887
 4466.000  0.8373  0.8699
 4466.020  0.8204  0.8492
 4466.040  0.8028  0.8257
 4466.060  0.7963  0.7996
 4466.080  0.8018  0.7737
 4466.100  0.8131  0.7490
 4466.120  0.8310  0.7251
 4466.140  0.8535  0.7011
 4466.160  0.8739  0.6749
 4466.180  0.8915  0.6482
 4466.200  0.9068  0.6269
 4466.220  0.9167  0.6140
 4466.240  0.9217  0.6080
 4466.260  0.9253  0.6072
 4466.280  0.9287  0.6116
 4466.300  0.9307  0.6218
 4466.320  0.9303  0.6385
 4466.340  0.9292  0.6610
 4466.360  0.9300  0.6885
 4466.380  0.9333  0.7200
 4466.400  0.9363  0.7539
 4466.420  0.9365  0.7867
 4466.440  0.9355  0.8163
 4466.460  0.9354  0.8421
 4466.480  0.9338  0.8630
 4466.500  0.9305  0.8784
 4466.520  0.9277  0.8899
 4466.540  0.9262  0.9003
 4466.560  0.9246  0.9106
 4466.580  0.9192  0.9189
 4466.600  0.9080  0.9238
 4466.620  0.8924  0.9256
 4466.640  0.8753  0.9246
 4466.660  0.8583  0.9204
 4466.680  0.8426  0.9128
 4466.700  0.8273  0.9019
 4466.720  0.8078  0.8897
 4466.740  0.7818  0.8803
 4466.760  0.7537  0.8750
 4466.780  0.7295  0.8710
 4466.800  0.7099  0.8661
 4466.820  0.6906  0.8605
 4466.840  0.6690  0.8548
 4466.860  0.6466  0.8504
 4466.880  0.6273  0.8497
 4466.900  0.6140  0.8527
 4466.920  0.6085  0.8571
 4466.940  0.6121  0.8628
 4466.960  0.6258  0.8729
 4466.980  0.6487  0.8874
 4467.000  0.6773  0.9010
 4467.020  0.7090  0.9088
 4467.040  0.7442  0.9114
 4467.060  0.7807  0.9122
 4467.080  0.8126  0.9135
 4467.100  0.8379  0.9160
 4467.120  0.8602  0.9192
 4467.140  0.8814  0.9207
 4467.160  0.8985  0.9195
 4467.180  0.9065  0.9179
 4467.200  0.9067  0.9178
 4467.220  0.9054  0.9169
 4467.240  0.9041  0.9117
 4467.260  0.9014  0.9039
 4467.280  0.8987  0.8979
 4467.300  0.8976  0.8942
 4467.320  0.8987  0.8904
 4467.340  0.9020  0.8863
 4467.360  0.9050  0.8831
 4467.380  0.9045  0.8812
 4467.400  0.8997  0.8811
 4467.420  0.8915  0.8830
 4467.440  0.8801  0.8889
 4467.460  0.8673  0.9009
 4467.480  0.8558  0.9153
 4467.500  0.8468  0.9245
 4467.520  0.8421  0.9285
 4467.540  0.8431  0.9308
 4467.560  0.8486  0.9279
 4467.580  0.8587  0.9175
 4467.600  0.8725  0.9085
 4467.620  0.8869  0.9082
 4467.640  0.9013  0.9096
 4467.660  0.9150  0.9075
 4467.680  0.9241  0.9050
 4467.700  0.9272  0.9010
 4467.720  0.9272  0.8943
 4467.740  0.9263  0.8875
 4467.760  0.9228  0.8792
 4467.780  0.9156  0.8684
 4467.800  0.9091  0.8612
 4467.820  0.9063  0.8621
 4467.840  0.9042  0.8693
 4467.860  0.9001  0.8787
 4467.880  0.8963  0.8889
 4467.900  0.8967  0.8994
 4467.920  0.9007  0.9089
 4467.940  0.9029  0.9148
 4467.960  0.9021  0.9176
 4467.980  0.8992  0.9211
 4468.000  0.8935  0.9265
 4468.020  0.8881  0.9294
 4468.040  0.8860  0.9291
 4468.060  0.8845  0.9302
 4468.080  0.8846  0.9311
 4468.100  0.8904  0.9298
 4468.120  0.9001  0.9305
 4468.140  0.9091  0.9344
 4468.160  0.9174  0.9363
 4468.180  0.9258  0.9358
 4468.200  0.9331  0.9364
 4468.220  0.9374  0.9357
 4468.240  0.9371  0.9285
 4468.260  0.9322  0.9180
 4468.280  0.9247  0.9166
 4468.300  0.9168  0.9261
 4468.320  0.9095  0.9352
 4468.340  0.9021  0.9393
 4468.360  0.8905  0.9383
 4468.380  0.8774  0.9290
 4468.400  0.8711  0.9090
 4468.420  0.8684  0.8885
 4468.440  0.8672  0.8877
 4468.460  0.8741  0.8960
 4468.480  0.8857  0.8898
 4468.500  0.8946  0.8832
 4468.520  0.9019  0.8878
 4468.540  0.9113  0.8905
 4468.560  0.9207  0.8903
 4468.580  0.9248  0.8934
 4468.600  0.9263  0.8971
 4468.620  0.9301  0.8982
 4468.640  0.9340  0.9007
 4468.660  0.9347  0.9080
 4468.680  0.9325  0.9159
 4468.700  0.9296  0.9214
 4468.720  0.9286  0.9275
 4468.740  0.9289  0.9341
 4468.760  0.9294  0.9362
 4468.780  0.9326  0.9334
 4468.800  0.9393  0.9315
 4468.820  0.9456  0.9315
 4468.840  0.9484  0.9294
 4468.860  0.9495  0.9234
 4468.880  0.9507  0.9138
 4468.900  0.9525  0.9006
 4468.920  0.9555  0.8869
 4468.940  0.9576  0.8793
 4468.960  0.9567  0.8796
 4468.980  0.9542  0.8819
 4469.000  0.9514  0.8821
 4469.020  0.9482  0.8795
 4469.040  0.9427  0.8746
 4469.060  0.9364  0.8721
 4469.080  0.9329  0.8757
 4469.100  0.9297  0.8786
 4469.120  0.9219  0.8775
 4469.140  0.9110  0.8796
 4469.160  0.9017  0.8848
 4469.180  0.8955  0.8852
 4469.200  0.8909  0.8828
 4469.220  0.8863  0.8812
 4469.240  0.8855  0.8756
 4469.260  0.8934  0.8625
 4469.280  0.9063  0.8482
 4469.300  0.9177  0.8443
 4469.320  0.9299  0.8518
 4469.340  0.9449  0.8645
 4469.360  0.9546  0.8833
 4469.380  0.9535  0.9043
 4469.400  0.9456  0.9178
 4469.420  0.9373  0.9223
 4469.440  0.9302  0.9210
 4469.460  0.9234  0.9173
 4469.480  0.9184  0.9169
 4469.500  0.9147  0.9214
 4469.520  0.9099  0.9276
 4469.540  0.9056  0.9317
 4469.560  0.9028  0.9309
 4469.580  0.9013  0.9243
 4469.600  0.9001  0.9157
 4469.620  0.8954  0.9102
 4469.640  0.8874  0.9082
 4469.660  0.8808  0.9073
 4469.680  0.8774  0.9086
 4469.700  0.8776  0.9119
 4469.720  0.8807  0.9145
 4469.740  0.8846  0.9178
 4469.760  0.8891  0.9247
 4469.780  0.8935  0.9334
 4469.800  0.8952  0.9394
 4469.820  0.8953  0.9406
 4469.840  0.8966  0.9395
 4469.860  0.8971  0.9403
 4469.880  0.8936  0.9451
 4469.900  0.8893  0.9531
 4469.920  0.8889  0.9620
 4469.940  0.8907  0.9668
 4469.960  0.8914  0.9656
 4469.980  0.8927  0.9629
 4470.000  0.8994  0.9618
 4470.020  0.9109  0.9617
 4470.040  0.9194  0.9601
 4470.060  0.9229  0.9562
 4470.080  0.9269  0.9523
 4470.100  0.9316  0.9515
 4470.120  0.9316  0.9536
 4470.140  0.9274  0.9546
 4470.160  0.9246  0.9533
 4470.180  0.9216  0.9522
 4470.200  0.9163  0.9509
 4470.220  0.9142  0.9475
 4470.240  0.9166  0.9442
 4470.260  0.9176  0.9438
 4470.280  0.9164  0.9453
 4470.300  0.9157  0.9452
 4470.320  0.9150  0.9407
 4470.340  0.9146  0.9342
 4470.360  0.9176  0.9301
 4470.380  0.9237  0.9261
 4470.400  0.9281  0.9157
 4470.420  0.9304  0.9003
 4470.440  0.9340  0.8859
 4470.460  0.9398  0.8737
 4470.480  0.9462  0.8612
 4470.500  0.9495  0.8491
 4470.520  0.9505  0.8392
 4470.540  0.9539  0.8294
 4470.560  0.9586  0.8195
 4470.580  0.9598  0.8168
 4470.600  0.9581  0.8241
 4470.620  0.9557  0.8362
 4470.640  0.9539  0.8504
 4470.660  0.9551  0.8643
 4470.680  0.9591  0.8761
 4470.700  0.9615  0.8884
 4470.720  0.9606  0.9015
 4470.740  0.9591  0.9106
 4470.760  0.9583  0.9136
 4470.780  0.9585  0.9142
 4470.800  0.9606  0.9162
 4470.820  0.9627  0.9181
 4470.840  0.9619  0.9162
 4470.860  0.9593  0.9085
 4470.880  0.9574  0.8973
 4470.900  0.9563  0.8872
 4470.920  0.9530  0.8800
 4470.940  0.9467  0.8727
 4470.960  0.9411  0.8616
 4470.980  0.9374  0.8480
 4471.000  0.9340  0.8367
 4471.020  0.9305  0.8282
 4471.040  0.9261  0.8167
 4471.060  0.9201  0.8082
 4471.080  0.9143  0.8146
 4471.100  0.9079  0.8295
 4471.120  0.8991  0.8402
 4471.140  0.8886  0.8456
 4471.160  0.8736  0.8496
 4471.180  0.8570  0.8593
 4471.200  0.8493  0.8770
 4471.220  0.8486  0.8948
 4471.240  0.8475  0.9044
 4471.260  0.8472  0.9033
 4471.280  0.8527  0.8965
 4471.300  0.8647  0.8921
 4471.320  0.8783  0.8903
 4471.340  0.8914  0.8865
 4471.360  0.9056  0.8779
 4471.380  0.9168  0.8650
 4471.400  0.9197  0.8509
 4471.420  0.9185  0.8406
 4471.440  0.9176  0.8392
 4471.460  0.9154  0.8482
 4471.480  0.9108  0.8594
 4471.500  0.9056  0.8639
 4471.520  0.8994  0.8640
 4471.540  0.8917  0.8636
 4471.560  0.8840  0.8642
 4471.580  0.8754  0.8716
 4471.600  0.8652  0.8875
 4471.620  0.8557  0.9043
 4471.640  0.8481  0.9141
 4471.660  0.8426  0.9133
 4471.680  0.8398  0.9050
 4471.700  0.8394  0.8979
 4471.720  0.8424  0.8951
 4471.740  0.8514  0.8946
 4471.760  0.8658  0.8959
 4471.780  0.8805  0.8988
 4471.800  0.8931  0.8988
 4471.820  0.9044  0.8934
 4471.840  0.9135  0.8886
 4471.860  0.9186  0.8896
 4471.880  0.9190  0.8906
 4471.900  0.9154  0.8863
 4471.920  0.9077  0.8816
 4471.940  0.8977  0.8813
 4471.960  0.8895  0.8794
 4471.980 -1.0000  0.8692
 4472.000 -1.0000  0.8626
 4472.020 -1.0000  0.8792
 4472.040 -1.0000  0.9026
 4472.060 -1.0000  0.9061
 4472.080 -1.0000  0.9024
 4472.100  0.8357  0.9063
 4472.120  0.8448  0.9070
 4472.140  0.8583  0.9006
 4472.160  0.8744  0.8964
 4472.180  0.8889  0.8981
 4472.200  0.8998  0.9004
 4472.220  0.9072  0.8978
 4472.240  0.9107  0.8915
 4472.260  0.9108  0.8873
 4472.280  0.9090  0.8890
 4472.300  0.9075  0.8951
 4472.320  0.9047  0.9038
 4472.340  0.8988  0.9103
 4472.360  0.8932  0.9081
 4472.380  0.8913  0.9018
 4472.400  0.8907  0.8996
 4472.420  0.8893  0.8983
 4472.440  0.8895  0.8908
 4472.460  0.8916  0.8776
 4472.480  0.8922  0.8644
 4472.500  0.8916  0.8546
 4472.520  0.8908  0.8447
 4472.540  0.8887  0.8294
 4472.560  0.8847  0.8124
 4472.580  0.8803  0.8019
 4472.600  0.8772  0.7970
 4472.620  0.8754  0.7921
 4472.640  0.8752  0.7912
 4472.660  0.8776  0.8019
 4472.680  0.8813  0.8167
 4472.700  0.8850  0.8256
 4472.720  0.8923  0.8352
 4472.740  0.9027  0.8503
 4472.760  0.9092  0.8663
 4472.780  0.9091  0.8814
 4472.800  0.9074  0.8953
 4472.820  0.9069  0.9057
 4472.840  0.9060  0.9122
 4472.860  0.9040  0.9158
 4472.880  0.9019  0.9164
 4472.900  0.9022  0.9118
 4472.920  0.9062  0.9007
 4472.940  0.9102  0.8837
 4472.960  0.9119  0.8650
 4472.980  0.9135  0.8501
 4473.000  0.9157  0.8404
 4473.020  0.9160  0.8319
 4473.040  0.9131  0.8202
 4473.060  0.9066  0.8058
 4473.080  0.8976  0.7947
 4473.100  0.8873  0.7935
 4473.120  0.8777  0.8019
 4473.140  0.8686  0.8130
 4473.160  0.8556  0.8220
 4473.180  0.8401  0.8322
 4473.200  0.8271  0.8462
 4473.220  0.8161  0.8606
 4473.240  0.8070  0.8727
 4473.260  0.8030  0.8861
 4473.280  0.8041  0.9026
 4473.300  0.8089  0.9180
 4473.320  0.8199  0.9272
 4473.340  0.8372  0.9296
 4473.360  0.8578  0.9279
 4473.380  0.8775  0.9240
 4473.400  0.8920  0.9173
 4473.420  0.9021  0.9099
 4473.440  0.9101  0.9053
 4473.460  0.9148  0.9033
 4473.480  0.9165  0.8970
 4473.500  0.9142  0.8841
 4473.520  0.9077  0.8747
 4473.540  0.9024  0.8774
 4473.560  0.8990  0.8860
 4473.580  0.8939  0.8924
 4473.600  0.8856  0.8978
 4473.620  0.8734  0.9054
 4473.640  0.8604  0.9154
 4473.660  0.8501  0.9252
 4473.680  0.8416  0.9311
 4473.700  0.8337  0.9320
 4473.720  0.8264  0.9305
 4473.740  0.8184  0.9276
 4473.760  0.8129  0.9245
 4473.780  0.8153  0.9246
 4473.800  0.8240  0.9270
 4473.820  0.8373  0.9279
 4473.840  0.8573  0.9271
 4473.860  0.8819  0.9212
 4473.880  0.9032  0.9059
 4473.900  0.9146  0.8906
 4473.920  0.9197  0.8903
 4473.940  0.9256  0.8995
 4473.960  0.9318  0.9049
 4473.980  0.9339  0.9102
 4474.000  0.9286  0.9171
 4474.020  0.9200  0.9175
 4474.040  0.9145  0.9111
 4474.060  0.9099  0.9049
 4474.080  0.9031  0.9046
 4474.100  0.8946  0.9097
 4474.120  0.8837  0.9141
 4474.140  0.8725  0.9127
 4474.160  0.8656  0.9063
 4474.180  0.8651  0.9001
 4474.200  0.8715  0.8987
 4474.220  0.8818  0.9015
 4474.240  0.8917  0.9039
 4474.260  0.9016  0.9036
 4474.280  0.9128  0.9038
 4474.300  0.9230  0.9071
 4474.320  0.9290  0.9122
 4474.340  0.9303  0.9158
 4474.360  0.9292  0.9173
 4474.380  0.9277  0.9178
 4474.400  0.9271  0.9176
 4474.420  0.9267  0.9180
 4474.440  0.9262  0.9210
 4474.460  0.9254  0.9272
 4474.480  0.9235  0.9335
 4474.500  0.9218  0.9378
 4474.520  0.9205  0.9400
 4474.540  0.9194  0.9404
 4474.560  0.9211  0.9398
 4474.580  0.9257  0.9388
 4474.600  0.9284  0.9375
 4474.620  0.9274  0.9367
 4474.640  0.9243  0.9379
 4474.660  0.9205  0.9409
 4474.680  0.9169  0.9449
 4474.700  0.9142  0.9491
 4474.720  0.9141  0.9537
 4474.740  0.9150  0.9576
 4474.760  0.9133  0.9600
 4474.780  0.9123  0.9625
 4474.800  0.9160  0.9653
 4474.820  0.9204  0.9639
 4474.840  0.9205  0.9572
 4474.860  0.9179  0.9513
 4474.880  0.9168  0.9512
 4474.900  0.9169  0.9527
 4474.920  0.9138  0.9485
 4474.940  0.9089  0.9408
 4474.960  0.9088  0.9384
 4474.980  0.9146  0.9395
 4475.000  0.9199  0.9350
 4475.020  0.9213  0.9283
 4475.040  0.9221  0.9257
 4475.060  0.9252  0.9233
 4475.080  0.9285  0.9166
 4475.100  0.9294  0.9074
 4475.120  0.9292  0.8972
 4475.140  0.9310  0.8857
 4475.160  0.9349  0.8720
 4475.180  0.9384  0.8561
 4475.200  0.9392  0.8394
 4475.220  0.9389  0.8245
 4475.240  0.9415  0.8145
 4475.260  0.9438  0.8112
 4475.280  0.9430  0.8137
 4475.300  0.9436  0.8186
 4475.320  0.9468  0.8217
 4475.340  0.9496  0.8230
 4475.360  0.9524  0.8276
 4475.380  0.9570  0.8382
 4475.400  0.9609  0.8517
 4475.420  0.9618  0.8641
 4475.440  0.9613  0.8747
 4475.460  0.9615  0.8859
 4475.480  0.9613  0.8989
 4475.500  0.9609  0.9097
 4475.520  0.9610  0.9138
 4475.540  0.9587  0.9134
 4475.560  0.9539  0.9144
 4475.580  0.9501  0.9174
 4475.600  0.9483  0.9225
 4475.620  0.9470  0.9336
 4475.640  0.9465  0.9479
 4475.660  0.9464  0.9572
 4475.680  0.9444  0.9613
 4475.700  0.9410  0.9628
 4475.720  0.9356  0.9623
 4475.740  0.9242  0.9605
 4475.760  0.9066  0.9574
 4475.780  0.8900  0.9544
 4475.800  0.8787  0.9555
 4475.820  0.8664  0.9613
 4475.840  0.8492  0.9660
 4475.860  0.8311  0.9638
 4475.880  0.8166  0.9569
 4475.900  0.8082  0.9531
 4475.920  0.8066  0.9552
 4475.940  0.8103  0.9586
 4475.960  0.8195  0.9592
 4475.980  0.8323  0.9567
 4476.000  0.8454  0.9518
 4476.020  0.8579  0.9460
 4476.040  0.8664  0.9410
 4476.060  0.8697  0.9396
 4476.080  0.8718  0.9434
 4476.100  0.8753  0.9487
 4476.120  0.8819  0.9493
 4476.140  0.8923  0.9452
 4476.160  0.9037  0.9430
 4476.180  0.9154  0.9465
 4476.200  0.9286  0.9526
 4476.220  0.9387  0.9571
 4476.240  0.9426  0.9595
 4476.260  0.9442  0.9611
 4476.280  0.9466  0.9624
 4476.300  0.9481  0.9634
 4476.320  0.9488  0.9634
 4476.340  0.9496  0.9600
 4476.360  0.9501  0.9555
 4476.380  0.9502  0.9558
 4476.400  0.9481  0.9592
 4476.420  0.9467  0.9601
 4476.440  0.9498  0.9579
 4476.460  0.9551  0.9539
 4476.480  0.9588  0.9501
 4476.500  0.9592  0.9496
 4476.520  0.9580  0.9516
 4476.540  0.9582  0.9510
 4476.560  0.9567  0.9447
 4476.580  0.9507  0.9368
 4476.600  0.9454  0.9330
 4476.620  0.9443  0.9330
 4476.640  0.9461  0.9357
 4476.660  0.9480  0.9405
 4476.680  0.9471  0.9430
 4476.700  0.9447  0.9383
 4476.720  0.9458  0.9295
 4476.740  0.9514  0.9244
 4476.760  0.9579  0.9260
 4476.780  0.9611  0.9299
 4476.800  0.9603  0.9304
 4476.820  0.9584  0.9271
 4476.840  0.9577  0.9219
 4476.860  0.9589  0.9148
 4476.880  0.9612  0.9085
 4476.900 -1.0000 -1.0000
 4476.920 -1.0000 -1.0000
 4476.940 -1.0000 -1.0000
 4476.960 -1.0000 -1.0000
 4476.980 -1.0000 -1.0000
 4477.000  0.9684  0.9601
 4477.020  0.9623  0.9464
 4477.040  0.9563  0.9450
 4477.060  0.9514  0.9525
 4477.080  0.9504  0.9550
 4477.100  0.9530  0.9532
 4477.120  0.9543  0.9565
 4477.140  0.9519  0.9642
 4477.160  0.9460  0.9676
 4477.180  0.9382  0.9644
 4477.200  0.9318  0.9603
 4477.220  0.9285  0.9581
 4477.240  0.9271  0.9573
 4477.260  0.9280  0.9583
 4477.280  0.9312  0.9606
 4477.300  0.9336  0.9612
 4477.320  0.9361  0.9583
 4477.340  0.9394  0.9531
 4477.360  0.9416  0.9487
 4477.380  0.9435  0.9472
 4477.400  0.9438  0.9475
 4477.420  0.9420  0.9480
 4477.440  0.9408  0.9479
 4477.460  0.9370  0.9461
 4477.480  0.9299  0.9426
 4477.500  0.9268  0.9375
 4477.520  0.9308  0.9303
 4477.540  0.9360  0.9214
 4477.560  0.9363  0.9139
 4477.580  0.9355  0.9120
 4477.600  0.9401  0.9154
 4477.620  0.9484  0.9202
 4477.640  0.9554  0.9222
 4477.660  0.9596  0.9218
 4477.680  0.9623  0.9232
 4477.700  0.9636  0.9281
 4477.720  0.9643  0.9317
 4477.740  0.9644  0.9292
 4477.760  0.9639  0.9229
 4477.780  0.9644  0.9164
 4477.800  0.9644  0.9083
 4477.820  0.9622  0.8982
 4477.840  0.9599  0.8919
 4477.860  0.9592  0.8923
 4477.880  0.9606  0.8944
 4477.900  0.9629  0.8926
 4477.920  0.9659  0.8882
 4477.940  0.9694  0.8849
 4477.960  0.9706  0.8838
 4477.980 -1.0000 -1.0000
 4478.000 -1.0000 -1.0000
 4447.000  0.0000  0.0000
 4447.020  0.0000  0.0000
 4447.040 -0.0055  0.0062
 4447.060 -0.0046  0.0050
 4447.080 -0.0019  0.0106
 4447.100  0.0004  0.0180
 4447.120  0.0005  0.0193
 4447.140 -0.0006  0.0135
 4447.160 -0.0012  0.0068
 4447.180 -0.0006  0.0037
 4447.200  0.0009  0.0042
 4447.220  0.0014  0.0064
 4447.240 -0.0002  0.0081
 4447.260 -0.0018  0.0064
 4447.280 -0.0022  0.0007
 4447.300 -0.0037 -0.0058
 4447.320 -0.0056 -0.0097
 4447.340 -0.0048 -0.0104
 4447.360 -0.0038 -0.0093
 4447.380 -0.0057 -0.0076
 4447.400 -0.0079 -0.0059
 4447.420 -0.0065 -0.0048
 4447.440 -0.0024 -0.0043
 4447.460  0.0002 -0.0044
 4447.480  0.0012 -0.0053
 4447.500  0.0026 -0.0074
 4447.520  0.0030 -0.0100
 4447.540  0.0010 -0.0108
 4447.560 -0.0004 -0.0075
 4447.580  0.0008 -0.0006
 4447.600  0.0019  0.0039
 4447.620  0.0013  0.0012
 4447.640  0.0012 -0.0050
 4447.660  0.0012 -0.0069
 4447.680  0.0004 -0.0017
 4447.700  0.0010  0.0069
 4447.720  0.0017  0.0129
 4447.740 -0.0001  0.0130
 4447.760 -0.0020  0.0087
 4447.780 -0.0016  0.0037
 4447.800 -0.0007  0.0012
 4447.820 -0.0007  0.0020
 4447.840 -0.0015  0.0050
 4447.860 -0.0022  0.0073
 4447.880 -0.0012  0.0067
 4447.900  0.0008  0.0044
 4447.920  0.0013  0.0041
 4447.940  0.0001  0.0064
 4447.960 -0.0003  0.0087
 4447.980  0.0010  0.0083
 4448.000  0.0015  0.0057
 4448.020  0.0002  0.0037
 4448.040 -0.0007  0.0041
 4448.060  0.0000  0.0049
 4448.080  0.0006  0.0029
 4448.100 -0.0008 -0.0025
 4448.120 -0.0020 -0.0086
 4448.140 -0.0014 -0.0123
 4448.160  0.0000 -0.0128
 4448.180  0.0018 -0.0121
 4448.200  0.0026 -0.0108
 4448.220  0.0010 -0.0074
 4448.240 -0.0007 -0.0017
 4448.260  0.0000  0.0033
 4448.280  0.0013  0.0045
 4448.300  0.0006  0.0020
 4448.320 -0.0016 -0.0009
 4448.340 -0.0039 -0.0016
 4448.360 -0.0045 -0.0013
 4448.380 -0.0025 -0.0030
 4448.400 -0.0010 -0.0061
 4448.420 -0.0022 -0.0073
 4448.440 -0.0043 -0.0051
 4448.460 -0.0056 -0.0012
 4448.480 -0.0056  0.0022
 4448.500 -0.0054  0.0039
 4448.520 -0.0055  0.0043
 4448.540 -0.0043  0.0038
 4448.560 -0.0025  0.0023
 4448.580 -0.0016 -0.0001
 4448.600  0.0001 -0.0026
 4448.620  0.0016 -0.0040
 4448.640  0.0009 -0.0036
 4448.660 -0.0003 -0.0010
 4448.680 -0.0004  0.0034
 4448.700  0.0013  0.0070
 4448.720  0.0035  0.0068
 4448.740  0.0034  0.0029
 4448.760  0.0008 -0.0009
 4448.780 -0.0019 -0.0011
 4448.800 -0.0031  0.0023
 4448.820 -0.0026  0.0057
 4448.840 -0.0015  0.0062
 4448.860 -0.0016  0.0047
 4448.880 -0.0015  0.0044
 4448.900  0.0008  0.0050
 4448.920  0.0026  0.0045
 4448.940  0.0020  0.0026
 4448.960  0.0017  0.0007
 4448.980  0.0020 -0.0003
 4449.000  0.0007 -0.0003
 4449.020 -0.0007  0.0002
 4449.040 -0.0006  0.0016
 4449.060  0.0004  0.0045
 4449.080  0.0017  0.0075
 4449.100  0.0024  0.0067
 4449.120  0.0025  0.0015
 4449.140  0.0038 -0.0045
 4449.160  0.0057 -0.0078
 4449.180  0.0050 -0.0077
 4449.200  0.0012 -0.0048
 4449.220 -0.0023 -0.0007
 4449.240 -0.0022  0.0024
 4449.260  0.0001  0.0024
 4449.280 -0.0004 -0.0001
 4449.300 -0.0032 -0.0028
 4449.320 -0.0034 -0.0031
 4449.340  0.0003 -0.0005
 4449.360  0.0037  0.0031
 4449.380  0.0035  0.0051
 4449.400  0.0014  0.0046
 4449.420  0.0003  0.0022
 4449.440  0.0002 -0.0007
 4449.460  0.0003 -0.0015
 4449.480 -0.0007  0.0016
 4449.500 -0.0037  0.0054
 4449.520 -0.0057  0.0035
 4449.540 -0.0050 -0.0043
 4449.560 -0.0043 -0.0101
 4449.580 -0.0045 -0.0081
 4449.600 -0.0050 -0.0003
 4449.620 -0.0044  0.0066
 4449.640 -0.0022  0.0077
 4449.660 -0.0011  0.0038
 4449.680 -0.0027 -0.0003
 4449.700 -0.0035 -0.0011
 4449.720 -0.0023  0.0011
 4449.740 -0.0016  0.0037
 4449.760 -0.0015  0.0029
 4449.780  0.0009 -0.0028
 4449.800  0.0048 -0.0102
 4449.820  0.0059 -0.0113
 4449.840  0.0015 -0.0016
 4449.860 -0.0045  0.0116
 4449.880 -0.0068  0.0185
 4449.900 -0.0050  0.0178
 4449.920 -0.0028  0.0131
 4449.940 -0.0023  0.0068
 4449.960 -0.0020  0.0024
 4449.980 -0.0016  0.0023
 4450.000 -0.0016  0.0040
 4450.020 -0.0011  0.0022
 4450.040  0.0010 -0.0040
 4450.060  0.0019 -0.0089
 4450.080 -0.0003 -0.0053
 4450.100 -0.0006  0.0055
 4450.120  0.0032  0.0125
 4450.140  0.0066  0.0082
 4450.160  0.0061 -0.0009
 4450.180  0.0025 -0.0055
 4450.200 -0.0008 -0.0036
 4450.220 -0.0022  0.0009
 4450.240 -0.0034  0.0055
 4450.260 -0.0059  0.0092
 4450.280 -0.0077  0.0112
 4450.300 -0.0054  0.0112
 4450.320  0.0000  0.0092
 4450.340  0.0033  0.0064
 4450.360  0.0006  0.0039
 4450.380 -0.0039  0.0029
 4450.400 -0.0040  0.0035
 4450.420 -0.0003  0.0041
 4450.440  0.0035  0.0028
 4450.460  0.0043 -0.0008
 4450.480  0.0010 -0.0047
 4450.500 -0.0022 -0.0064
 4450.520 -0.0021 -0.0049
 4450.540 -0.0002 -0.0014
 4450.560 -0.0006  0.0020
 4450.580 -0.0046  0.0035
 4450.600 -0.0077  0.0027
 4450.620 -0.0071 -0.0001
 4450.640 -0.0051 -0.0030
 4450.660 -0.0035 -0.0034
 4450.680 -0.0030 -0.0013
 4450.700 -0.0028 -0.0002
 4450.720 -0.0003 -0.0030
 4450.740  0.0024 -0.0085
 4450.760  0.0014 -0.0127
 4450.780  0.0002 -0.0124
 4450.800  0.0011 -0.0073
 4450.820  0.0003 -0.0006
 4450.840 -0.0028  0.0032
 4450.860 -0.0045  0.0023
 4450.880 -0.0031 -0.0004
 4450.900 -0.0005  0.0001
 4450.920 -0.0001  0.0052
 4450.940 -0.0004  0.0108
 4450.960  0.0012  0.0116
 4450.980  0.0020  0.0069
 4451.000  0.0009  0.0011
 4451.020  0.0005 -0.0014
 4451.040  0.0004 -0.0015
 4451.060 -0.0011 -0.0022
 4451.080 -0.0026 -0.0031
 4451.100 -0.0024 -0.0023
 4451.120 -0.0019  0.0006
 4451.140 -0.0029  0.0031
 4451.160 -0.0043  0.0025
 4451.180 -0.0044 -0.0004
 4451.200 -0.0035 -0.0018
 4451.220 -0.0016 -0.0007
 4451.240  0.0015 -0.0004
 4451.260  0.0037 -0.0035
 4451.280  0.0029 -0.0081
 4451.300  0.0013 -0.0097
 4451.320  0.0007 -0.0052
 4451.340  0.0005  0.0029
 4451.360  0.0011  0.0094
 4451.380  0.0028  0.0127
 4451.400  0.0032  0.0132
 4451.420  0.0015  0.0097
 4451.440  0.0003  0.0026
 4451.460  0.0001 -0.0033
 4451.480 -0.0020 -0.0027
 4451.500 -0.0054  0.0037
 4451.520 -0.0062  0.0104
 4451.540 -0.0046  0.0118
 4451.560 -0.0035  0.0078
 4451.580 -0.0037  0.0034
 4451.600 -0.0034  0.0014
 4451.620 -0.0021  0.0002
 4451.640 -0.0007 -0.0010
 4451.660 -0.0008 -0.0003
 4451.680 -0.0033  0.0021
 4451.700 -0.0048  0.0028
 4451.720 -0.0030 -0.0011
 4451.740 -0.0018 -0.0079
 4451.760 -0.0033 -0.0130
 4451.780 -0.0040 -0.0134
 4451.800 -0.0024 -0.0116
 4451.820 -0.0018 -0.0113
 4451.840 -0.0021 -0.0103
 4451.860 -0.0006 -0.0053
 4451.880  0.0022  0.0014
 4451.900  0.0043  0.0048
 4451.920  0.0036  0.0036
 4451.940 -0.0002  0.0011
 4451.960 -0.0040  0.0017
 4451.980 -0.0044  0.0061
 4452.000 -0.0027  0.0109
 4452.020 -0.0017  0.0140
 4452.040 -0.0026  0.0171
 4452.060 -0.0050  0.0191
 4452.080 -0.0067  0.0161
 4452.100 -0.0066  0.0072
 4452.120 -0.0047 -0.0024
 4452.140 -0.0010 -0.0065
 4452.160  0.0018 -0.0024
 4452.180  0.0011  0.0061
 4452.200 -0.0005  0.0126
 4452.220  0.0007  0.0139
 4452.240  0.0022  0.0107
 4452.260  0.0018  0.0049
 4452.280  0.0008 -0.0003
 4452.300 -0.0006 -0.0020
 4452.320 -0.0024  0.0004
 4452.340 -0.0033  0.0035
 4452.360 -0.0026  0.0041
 4452.380 -0.0014  0.0027
 4452.400 -0.0015  0.0022
 4452.420 -0.0027  0.0048
 4452.440 -0.0034  0.0094
 4452.460 -0.0023  0.0121
 4452.480  0.0000  0.0103
 4452.500  0.0019  0.0044
 4452.520  0.0023 -0.0012
 4452.540  0.0015 -0.0024
 4452.560  0.0013  0.0005
 4452.580  0.0024  0.0043
 4452.600  0.0033  0.0069
 4452.620  0.0028  0.0087
 4452.640  0.0003  0.0098
 4452.660 -0.0017  0.0095
 4452.680 -0.0006  0.0075
 4452.700  0.0016  0.0049
 4452.720  0.0029  0.0037
 4452.740  0.0035  0.0048
 4452.760  0.0028  0.0063
 4452.780  0.0008  0.0071
 4452.800 -0.0004  0.0072
 4452.820 -0.0001  0.0064
 4452.840 -0.0007  0.0033
 4452.860 -0.0045 -0.0011
 4452.880 -0.0094 -0.0035
 4452.900 -0.0103 -0.0025
 4452.920 -0.0067  0.0000
 4452.940 -0.0035  0.0020
 4452.960 -0.0041  0.0035
 4452.980 -0.0056  0.0051
 4453.000 -0.0041  0.0064
 4453.020 -0.0015  0.0054
 4453.040 -0.0008  0.0012
 4453.060 -0.0003 -0.0039
 4453.080 -0.0001 -0.0057
 4453.100 -0.0011 -0.0015
 4453.120 -0.0014  0.0067
 4453.140 -0.0013  0.0130
 4453.160 -0.0012  0.0134
 4453.180 -0.0003  0.0103
 4453.200 -0.0003  0.0088
 4453.220 -0.0014  0.0107
 4453.240 -0.0008  0.0138
 4453.260  0.0011  0.0148
 4453.280  0.0024  0.0132
 4453.300  0.0028  0.0115
 4453.320  0.0026  0.0097
 4453.340  0.0021  0.0063
 4453.360  0.0001  0.0024
 4453.380 -0.0039  0.0014
 4453.400 -0.0067  0.0023
 4453.420 -0.0061  0.0018
 4453.440 -0.0046 -0.0004
 4453.460 -0.0040 -0.0010
 4453.480 -0.0025  0.0019
 4453.500 -0.0006  0.0068
 4453.520 -0.0003  0.0101
 4453.540 -0.0005  0.0097
 4453.560  0.0007  0.0070
 4453.580  0.0012  0.0049
 4453.600 -0.0007  0.0044
 4453.620 -0.0024  0.0050
 4453.640 -0.0006  0.0052
 4453.660  0.0028  0.0041
 4453.680  0.0027  0.0020
 4453.700 -0.0016  0.0019
 4453.720 -0.0046  0.0066
 4453.740 -0.0049  0.0135
 4453.760 -0.0052  0.0163
 4453.780 -0.0046  0.0130
 4453.800 -0.0006  0.0069
 4453.820  0.0031  0.0026
 4453.840  0.0032  0.0015
 4453.860  0.0024  0.0034
 4453.880  0.0025  0.0064
 4453.900  0.0023  0.0076
 4453.920  0.0006  0.0052
 4453.940 -0.0034  0.0007
 4453.960 -0.0078 -0.0023
 4453.980 -0.0091 -0.0004
 4454.000 -0.0061  0.0052
 4454.020 -0.0012  0.0095
 4454.040  0.0013  0.0087
 4454.060 -0.0001  0.0049
 4454.080 -0.0022  0.0019
 4454.100 -0.0029  0.0017
 4454.120 -0.0037  0.0042
 4454.140 -0.0044  0.0078
 4454.160 -0.0033  0.0100
 4454.180 -0.0017  0.0093
 4454.200 -0.0014  0.0070
 4454.220 -0.0009  0.0059
 4454.240 -0.0007  0.0069
 4454.260 -0.0023  0.0082
 4454.280 -0.0022  0.0082
 4454.300  0.0016  0.0074
 4454.320  0.0033  0.0078
 4454.340  0.0007  0.0104
 4454.360 -0.0009  0.0130
 4454.380 -0.0006  0.0122
 4454.400 -0.0018  0.0077
 4454.420 -0.0037  0.0020
 4454.440 -0.0038 -0.0019
 4454.460 -0.0024 -0.0032
 4454.480 -0.0016 -0.0033
 4454.500 -0.0024 -0.0030
 4454.520 -0.0038 -0.0011
 4454.540 -0.0034  0.0018
 4454.560 -0.0013  0.0023
 4454.580  0.0012 -0.0016
 4454.600  0.0024 -0.0076
 4454.620  0.0012 -0.0103
 4454.640 -0.0008 -0.0060
 4454.660 -0.0017  0.0014
 4454.680 -0.0016  0.0052
 4454.700 -0.0018  0.0035
 4454.720 -0.0020 -0.0005
 4454.740 -0.0021 -0.0036
 4454.760 -0.0024 -0.0045
 4454.780 -0.0021 -0.0031
 4454.800 -0.0008 -0.0006
 4454.820  0.0006  0.0005
 4454.840  0.0008 -0.0006
 4454.860 -0.0008 -0.0010
 4454.880 -0.0031  0.0028
 4454.900 -0.0034  0.0112
 4454.920 -0.0017  0.0187
 4454.940 -0.0007  0.0186
 4454.960 -0.0002  0.0110
 4454.980  0.0009  0.0037
 4455.000  0.0014  0.0021
 4455.020  0.0002  0.0057
 4455.040 -0.0024  0.0113
 4455.060 -0.0049  0.0167
 4455.080 -0.0041  0.0210
 4455.100  0.0001  0.0235
 4455.120  0.0026  0.0228
 4455.140  0.0008  0.0186
 4455.160 -0.0019  0.0134
 4455.180 -0.0036  0.0100
 4455.200 -0.0049  0.0089
 4455.220 -0.0048  0.0093
 4455.240 -0.0025  0.0111
 4455.260  0.0007  0.0140
 4455.280  0.0031  0.0165
 4455.300  0.0030  0.0170
 4455.320  0.0000  0.0152
 4455.340 -0.0030  0.0121
 4455.360 -0.0039  0.0095
 4455.380 -0.0032  0.0094
 4455.400 -0.0030  0.0124
 4455.420 -0.0042  0.0163
 4455.440 -0.0050  0.0171
 4455.460 -0.0034  0.0128
 4455.480 -0.0009  0.0057
 4455.500 -0.0005  0.0004
 4455.520 -0.0028 -0.0005
 4455.540 -0.0054  0.0009
 4455.560 -0.0053  0.0010
 4455.580 -0.0018 -0.0001
 4455.600  0.0019 -0.0006
 4455.620  0.0027 -0.0010
 4455.640  0.0005 -0.0025
 4455.660 -0.0009 -0.0039
 4455.680  0.0004 -0.0022
 4455.700  0.0013  0.0039
 4455.720  0.0005  0.0114
 4455.740 -0.0003  0.0153
 4455.760 -0.0001  0.0133
 4455.780  0.0003  0.0071
 4455.800 -0.0002  0.0009
 4455.820  0.0006 -0.0018
 4455.840  0.0033 -0.0008
 4455.860  0.0036  0.0004
 4455.880  0.0006 -0.0021
 4455.900 -0.0019 -0.0083
 4455.920 -0.0023 -0.0124
 4455.940 -0.0023 -0.0093
 4455.960 -0.0028 -0.0014
 4455.980 -0.0038  0.0047
 4456.000 -0.0036  0.0061
 4456.020 -0.0010  0.0044
 4456.040  0.0029  0.0019
 4456.060  0.0053 -0.0005
 4456.080  0.0038 -0.0029
 4456.100  0.0005 -0.0042
 4456.120  0.0003 -0.0025
 4456.140  0.0021  0.0025
 4456.160  0.0022  0.0082
 4456.180  0.0014  0.0112
 4456.200  0.0005  0.0106
 4456.220 -0.0001  0.0076
 4456.240  0.0008  0.0043
 4456.260  0.0024  0.0030
 4456.280  0.0026  0.0049
 4456.300  0.0006  0.0093
 4456.320 -0.0028  0.0126
 4456.340 -0.0032  0.0118
 4456.360 -0.0004  0.0072
 4456.380  0.0009  0.0022
 4456.400  0.0013  0.0000
 4456.420  0.0018  0.0012
 4456.440 -0.0009  0.0033
 4456.460 -0.0043  0.0030
 4456.480 -0.0022 -0.0002
 4456.500  0.0021 -0.0025
 4456.520  0.0021 -0.0006
 4456.540 -0.0002  0.0038
 4456.560 -0.0013  0.0064
 4456.580 -0.0017  0.0045
 4456.600 -0.0017 -0.0011
 4456.620 -0.0011 -0.0071
 4456.640 -0.0002 -0.0093
 4456.660  0.0013 -0.0061
 4456.680  0.0028  0.0008
 4456.700  0.0037  0.0062
 4456.720  0.0044  0.0057
 4456.740  0.0036 -0.0005
 4456.760  0.0010 -0.0062
 4456.780 -0.0010 -0.0049
 4456.800 -0.0018  0.0031
 4456.820 -0.0013  0.0113
 4456.840  0.0003  0.0131
 4456.860  0.0021  0.0080
 4456.880  0.0029  0.0014
 4456.900  0.0016 -0.0016
 4456.920 -0.0003 -0.0011
 4456.940  0.0004  0.0000
 4456.960  0.0013  0.0002
 4456.980  0.0002  0.0000
 4457.000 -0.0004  0.0007
 4457.020  0.0000  0.0033
 4457.040  0.0003  0.0072
 4457.060  0.0005  0.0109
 4457.080 -0.0008  0.0124
 4457.100 -0.0024  0.0095
 4457.120 -0.0020  0.0026
 4457.140 -0.0012 -0.0036
 4457.160 -0.0009 -0.0035
 4457.180  0.0006  0.0028
 4457.200  0.0026  0.0104
 4457.220  0.0033  0.0150
 4457.240  0.0021  0.0146
 4457.260 -0.0013  0.0097
 4457.280 -0.0043  0.0031
 4457.300 -0.0038 -0.0007
 4457.320 -0.0007  0.0010
 4457.340  0.0014  0.0059
 4457.360  0.0017  0.0093
 4457.380  0.0008  0.0080
 4457.400 -0.0006  0.0038
 4457.420 -0.0016  0.0017
 4457.440 -0.0008  0.0028
 4457.460  0.0003  0.0034
 4457.480 -0.0003  0.0019
 4457.500 -0.0013  0.0008
 4457.520 -0.0022  0.0014
 4457.540 -0.0026  0.0026
 4457.560 -0.0016  0.0039
 4457.580 -0.0010  0.0059
 4457.600 -0.0011  0.0077
 4457.620  0.0007  0.0078
 4457.640  0.0025  0.0071
 4457.660  0.0010  0.0080
 4457.680 -0.0014  0.0123
 4457.700 -0.0001  0.0179
 4457.720  0.0020  0.0194
 4457.740 -0.0009  0.0143
 4457.760 -0.0039  0.0069
 4457.780 -0.0015  0.0024
 4457.800  0.0012  0.0015
 4457.820 -0.0004  0.0018
 4457.840 -0.0020  0.0014
 4457.860 -0.0011  0.0008
 4457.880  0.0007  0.0014
 4457.900  0.0020  0.0031
 4457.920  0.0028  0.0039
 4457.940  0.0031  0.0025
 4457.960  0.0033 -0.0005
 4457.980  0.0034 -0.0031
 4458.000  0.0015 -0.0042
 4458.020 -0.0019 -0.0047
 4458.040 -0.0036 -0.0056
 4458.060 -0.0036 -0.0053
 4458.080 -0.0040 -0.0026
 4458.100 -0.0038  0.0008
 4458.120 -0.0030  0.0033
 4458.140 -0.0027  0.0066
 4458.160 -0.0021  0.0114
 4458.180 -0.0013  0.0143
 4458.200 -0.0011  0.0128
 4458.220 -0.0017  0.0093
 4458.240 -0.0023  0.0071
 4458.260 -0.0023  0.0061
 4458.280 -0.0026  0.0032
 4458.300 -0.0027 -0.0027
 4458.320 -0.0008 -0.0071
 4458.340  0.0020 -0.0055
 4458.360  0.0029 -0.0020
 4458.380  0.0010 -0.0047
 4458.400 -0.0010 -0.0122
 4458.420  0.0001 -0.0157
 4458.440  0.0022 -0.0124
 4458.460  0.0008 -0.0069
 4458.480 -0.0028 -0.0027
 4458.500 -0.0040  0.0000
 4458.520 -0.0030  0.0020
 4458.540 -0.0016  0.0033
 4458.560 -0.0011  0.0027
 4458.580 -0.0023  0.0008
 4458.600 -0.0039  0.0001
 4458.620 -0.0024  0.0012
 4458.640  0.0013  0.0017
 4458.660  0.0034  0.0007
 4458.680  0.0032  0.0013
 4458.700  0.0024  0.0052
 4458.720  0.0009  0.0094
 4458.740 -0.0026  0.0095
 4458.760 -0.0052  0.0039
 4458.780 -0.0038 -0.0046
 4458.800 -0.0005 -0.0103
 4458.820  0.0005 -0.0086
 4458.840 -0.0017  0.0000
 4458.860 -0.0051  0.0089
 4458.880 -0.0065  0.0122
 4458.900 -0.0048  0.0107
 4458.920 -0.0029  0.0082
 4458.940 -0.0029  0.0046
 4458.960 -0.0029 -0.0005
 4458.980 -0.0014 -0.0042
 4459.000 -0.0004 -0.0038
 4459.020 -0.0009 -0.0013
 4459.040 -0.0001  0.0002
 4459.060  0.0019  0.0006
 4459.080  0.0016  0.0026
 4459.100 -0.0011  0.0079
 4459.120 -0.0022  0.0128
 4459.140 -0.0009  0.0117
 4459.160 -0.0006  0.0054
 4459.180 -0.0020  0.0011
 4459.200 -0.0032  0.0025
 4459.220 -0.0027  0.0071
 4459.240 -0.0023  0.0121
 4459.260 -0.0034  0.0158
 4459.280 -0.0048  0.0154
 4459.300 -0.0050  0.0101
 4459.320 -0.0029  0.0038
 4459.340  0.0002  0.0015
 4459.360  0.0008  0.0031
 4459.380 -0.0006  0.0048
 4459.400 -0.0001  0.0036
 4459.420  0.0021  0.0003
 4459.440  0.0036 -0.0013
 4459.460  0.0030  0.0005
 4459.480  0.0004  0.0024
 4459.500 -0.0022  0.0019
 4459.520 -0.0016 -0.0003
 4459.540  0.0013 -0.0023
 4459.560  0.0033 -0.0039
 4459.580  0.0027 -0.0042
 4459.600  0.0004 -0.0026
 4459.620 -0.0007 -0.0006
 4459.640  0.0000 -0.0009
 4459.660  0.0012 -0.0039
 4459.680  0.0016 -0.0075
 4459.700  0.0004 -0.0099
 4459.720 -0.0014 -0.0107
 4459.740 -0.0020 -0.0094
 4459.760 -0.0026 -0.0062
 4459.780 -0.0031 -0.0025
 4459.800 -0.0020 -0.0006
 4459.820 -0.0003 -0.0021
 4459.840 -0.0002 -0.0056
 4459.860 -0.0015 -0.0063
 4459.880 -0.0031 -0.0015
 4459.900 -0.0043  0.0060
 4459.920 -0.0043  0.0107
 4459.940 -0.0028  0.0096
 4459.960 -0.0018  0.0053
 4459.980 -0.0029  0.0036
 4460.000 -0.0050  0.0061
 4460.020 -0.0053  0.0087
 4460.040 -0.0030  0.0070
 4460.060 -0.0010  0.0007
 4460.080 -0.0012 -0.0061
 4460.100 -0.0017 -0.0095
 4460.120 -0.0009 -0.0097
 4460.140  0.0010 -0.0089
 4460.160  0.0013 -0.0084
 4460.180 -0.0012 -0.0080
 4460.200 -0.0022 -0.0086
 4460.220  0.0001 -0.0104
 4460.240  0.0011 -0.0116
 4460.260 -0.0010 -0.0106
 4460.280 -0.0024 -0.0087
 4460.300 -0.0015 -0.0073
 4460.320 -0.0012 -0.0058
 4460.340 -0.0025 -0.0037
 4460.360 -0.0029 -0.0017
 4460.380 -0.0017 -0.0008
 4460.400 -0.0003 -0.0013
 4460.420  0.0009 -0.0029
 4460.440  0.0014 -0.0048
 4460.460  0.0001 -0.0062
 4460.480 -0.0020 -0.0062
 4460.500 -0.0036 -0.0035
 4460.520 -0.0045  0.0013
 4460.540 -0.0039  0.0046
 4460.560 -0.0019  0.0035
 4460.580 -0.0007 -0.0001
 4460.600 -0.0016 -0.0024
 4460.620 -0.0020 -0.0034
 4460.640 -0.0001 -0.0040
 4460.660  0.0018 -0.0027
 4460.680  0.0011  0.0007
 4460.700 -0.0008  0.0032
 4460.720 -0.0007  0.0014
 4460.740  0.0007 -0.0040
 4460.760  0.0006 -0.0084
 4460.780 -0.0014 -0.0077
 4460.800 -0.0034 -0.0034
 4460.820 -0.0036 -0.0019
 4460.840 -0.0019 -0.0061
 4460.860 -0.0005 -0.0124
 4460.880 -0.0007 -0.0149
 4460.900 -0.0012 -0.0106
 4460.920 -0.0010 -0.0029
 4460.940 -0.0007  0.0024
 4460.960 -0.0004  0.0027
 4460.980  0.0002  0.0005
 4461.000  0.0002  0.0007
 4461.020 -0.0003  0.0045
 4461.040  0.0000  0.0067
 4461.060  0.0003  0.0034
 4461.080 -0.0007 -0.0022
 4461.100 -0.0024 -0.0052
 4461.120 -0.0034 -0.0050
 4461.140 -0.0038 -0.0043
 4461.160 -0.0044 -0.0049
 4461.180 -0.0055 -0.0049
 4461.200 -0.0066 -0.0009
 4461.220 -0.0060  0.0058
 4461.240 -0.0025  0.0094
 4461.260  0.0026  0.0072
 4461.280  0.0057  0.0013
 4461.300  0.0051 -0.0045
 4461.320  0.0021 -0.0074
 4461.340 -0.0023 -0.0060
 4461.360 -0.0064 -0.0013
 4461.380 -0.0065  0.0028
 4461.400 -0.0034  0.0029
 4461.420  0.0005  0.0000
 4461.440  0.0034 -0.0024
 4461.460  0.0034 -0.0013
 4461.480  0.0003  0.0031
 4461.500 -0.0029  0.0076
 4461.520 -0.0049  0.0093
 4461.540 -0.0069  0.0080
 4461.560 -0.0075  0.0048
 4461.580 -0.0044  0.0012
 4461.600  0.0003 -0.0008
 4461.620  0.0031  0.0005
 4461.640  0.0028  0.0045
 4461.660  0.0013  0.0075
 4461.680  0.0011  0.0064
 4461.700  0.0015  0.0012
 4461.720  0.0013 -0.0043
 4461.740  0.0018 -0.0066
 4461.760  0.0030 -0.0062
 4461.780  0.0017 -0.0062
 4461.800 -0.0015 -0.0077
 4461.820 -0.0024 -0.0079
 4461.840 -0.0021 -0.0038
 4461.860 -0.0037  0.0033
 4461.880 -0.0062  0.0068
 4461.900 -0.0078  0.0028
 4461.920 -0.0070 -0.0047
 4461.940 -0.0032 -0.0094
 4461.960  0.0005 -0.0093
 4461.980  0.0010 -0.0066
 4462.000 -0.0012 -0.0038
 4462.020 -0.0037 -0.0016
 4462.040 -0.0039  0.0004
 4462.060 -0.0022  0.0013
 4462.080 -0.0015 -0.0009
 4462.100 -0.0026 -0.0048
 4462.120 -0.0024 -0.0069
 4462.140  0.0000 -0.0057
 4462.160  0.0017 -0.0026
 4462.180  0.0020  0.0008
 4462.200  0.0023  0.0032
 4462.220  0.0024  0.0032
 4462.240  0.0015  0.0007
 4462.260  0.0003 -0.0020
 4462.280 -0.0016 -0.0021
 4462.300 -0.0041  0.0002
 4462.320 -0.0046  0.0021
 4462.340 -0.0022  0.0011
 4462.360 -0.0001 -0.0026
 4462.380 -0.0004 -0.0061
 4462.400 -0.0022 -0.0074
 4462.420 -0.0043 -0.0071
 4462.440 -0.0069 -0.0053
 4462.460 -0.0086 -0.0010
 4462.480 -0.0069  0.0037
 4462.500 -0.0033  0.0048
 4462.520 -0.0010  0.0019
 4462.540 -0.0001 -0.0010
 4462.560  0.0015 -0.0009
 4462.580  0.0029  0.0010
 4462.600  0.0020  0.0016
 4462.620  0.0003  0.0000
 4462.640  0.0014 -0.0008
 4462.660  0.0026  0.0012
 4462.680  0.0000  0.0027
 4462.700 -0.0034  0.0004
 4462.720 -0.0052 -0.0033
 4462.740 -0.0071 -0.0043
 4462.760 -0.0071 -0.0025
 4462.780 -0.0029 -0.0009
 4462.800  0.0007 -0.0012
 4462.820 -0.0010 -0.0027
 4462.840 -0.0043 -0.0029
 4462.860 -0.0056 -0.0006
 4462.880 -0.0060  0.0031
 4462.900 -0.0055  0.0066
 4462.920 -0.0041  0.0086
 4462.940 -0.0028  0.0078
 4462.960 -0.0017  0.0045
 4462.980 -0.0023  0.0018
 4463.000 -0.0044  0.0031
 4463.020 -0.0038  0.0078
 4463.040 -0.0002  0.0124
 4463.060  0.0005  0.0151
 4463.080 -0.0025  0.0156
 4463.100 -0.0051  0.0132
 4463.120 -0.0055  0.0074
 4463.140 -0.0043 -0.0003
 4463.160 -0.0031 -0.0065
 4463.180 -0.0036 -0.0073
 4463.200 -0.0043 -0.0029
 4463.220 -0.0033  0.0020
 4463.240 -0.0014  0.0039
 4463.260  0.0001  0.0037
 4463.280  0.0001  0.0026
 4463.300 -0.0011  0.0005
 4463.320 -0.0001 -0.0028
 4463.340  0.0034 -0.0054
 4463.360  0.0045 -0.0063
 4463.380  0.0020 -0.0058
 4463.400 -0.0011 -0.0058
 4463.420 -0.0037 -0.0072
 4463.440 -0.0051 -0.0084
 4463.460 -0.0053 -0.0068
 4463.480 -0.0053 -0.0020
 4463.500 -0.0039  0.0038
 4463.520 -0.0016  0.0071
 4463.540 -0.0026  0.0055
 4463.560 -0.0047 -0.0004
 4463.580 -0.0027 -0.0073
 4463.600  0.0020 -0.0111
 4463.620  0.0048 -0.0088
 4463.640  0.0037 -0.0007
 4463.660 -0.0005  0.0091
 4463.680 -0.0041  0.0137
 4463.700 -0.0040  0.0101
 4463.720 -0.0011  0.0016
 4463.740  0.0009 -0.0050
 4463.760  0.0013 -0.0055
 4463.780  0.0009 -0.0017
 4463.800 -0.0008  0.0010
 4463.820 -0.0033 -0.0003
 4463.840 -0.0033 -0.0034
 4463.860 -0.0002 -0.0045
 4463.880  0.0013 -0.0023
 4463.900 -0.0002  0.0016
 4463.920 -0.0016  0.0046
 4463.940 -0.0013  0.0059
 4463.960 -0.0013  0.0060
 4463.980 -0.0023  0.0050
 4464.000 -0.0021  0.0029
 4464.020 -0.0005  0.0007
 4464.040 -0.0003 -0.0008
 4464.060 -0.0022 -0.0009
 4464.080 -0.0043  0.0003
 4464.100 -0.0041  0.0020
 4464.120  0.0000  0.0024
 4464.140  0.0046  0.0001
 4464.160  0.0048 -0.0039
 4464.180  0.0010 -0.0066
 4464.200 -0.0022 -0.0056
 4464.220 -0.0019 -0.0012
 4464.240  0.0000  0.0029
 4464.260  0.0001  0.0032
 4464.280 -0.0016 -0.0004
 4464.300 -0.0031 -0.0047
 4464.320 -0.0040 -0.0057
 4464.340 -0.0043 -0.0027
 4464.360 -0.0046  0.0003
 4464.380 -0.0061  0.0001
 4464.400 -0.0074 -0.0013
 4464.420 -0.0057 -0.0005
 4464.440 -0.0025  0.0021
 4464.460 -0.0018  0.0027
 4464.480 -0.0027 -0.0012
 4464.500 -0.0019 -0.0078
 4464.520  0.0006 -0.0120
 4464.540  0.0030 -0.0115
 4464.560  0.0041 -0.0091
 4464.580  0.0039 -0.0077
 4464.600  0.0026 -0.0080
 4464.620  0.0011 -0.0105
 4464.640 -0.0017 -0.0143
 4464.660 -0.0058 -0.0144
 4464.680 -0.0078 -0.0074
 4464.700 -0.0051  0.0020
 4464.720 -0.0005  0.0052
 4464.740  0.0007 -0.0010
 4464.760 -0.0013 -0.0108
 4464.780 -0.0015 -0.0138
 4464.800  0.0001 -0.0056
 4464.820  0.0007  0.0060
 4464.840 -0.0009  0.0117
 4464.860 -0.0041  0.0112
 4464.880 -0.0062  0.0088
 4464.900 -0.0056  0.0056
 4464.920 -0.0037  0.0019
 4464.940 -0.0018 -0.0016
 4464.960 -0.0011 -0.0046
 4464.980 -0.0027 -0.0075
 4465.000 -0.0047 -0.0090
 4465.020 -0.0049 -0.0070
 4465.040 -0.0032 -0.0017
 4465.060 -0.0003  0.0036
 4465.080  0.0021  0.0062
 4465.100  0.0012  0.0059
 4465.120 -0.0030  0.0048
 4465.140 -0.0052  0.0045
 4465.160 -0.0027  0.0041
 4465.180  0.0007  0.0024
 4465.200  0.0003  0.0011
 4465.220 -0.0026  0.0015
 4465.240 -0.0027  0.0015
 4465.260 -0.0001  0.0000
 4465.280  0.0003 -0.0012
 4465.300 -0.0016 -0.0004
 4465.320 -0.0022  0.0007
 4465.340 -0.0016  0.0007
 4465.360 -0.0024  0.0004
 4465.380 -0.0044  0.0006
 4465.400 -0.0063 -0.0002
 4465.420 -0.0064 -0.0030
 4465.440 -0.0042 -0.0068
 4465.460 -0.0018 -0.0083
 4465.480 -0.0004 -0.0051
 4465.500  0.0007  0.0000
 4465.520  0.0007  0.0025
 4465.540 -0.0009  0.0017
 4465.560 -0.0025  0.0002
 4465.580 -0.0029 -0.0008
 4465.600 -0.0026 -0.0020
 4465.620 -0.0028 -0.0036
 4465.640 -0.0034 -0.0057
 4465.660 -0.0035 -0.0083
 4465.680 -0.0033 -0.0110
 4465.700 -0.0022 -0.0121
 4465.720  0.0005 -0.0100
 4465.740  0.0029 -0.0047
 4465.760  0.0035  0.0014
 4465.780  0.0035  0.0044
 4465.800  0.0038  0.0023
 4465.820  0.0043 -0.0028
 4465.840  0.0040 -0.0063
 4465.860  0.0022 -0.0049
 4465.880  0.0005  0.0001
 4465.900  0.0008  0.0037
 4465.920  0.0021  0.0021
 4465.940  0.0013 -0.0032
 4465.960 -0.0021 -0.0063
 4465.980 -0.0038 -0.0032
 4466.000 -0.0013  0.0024
 4466.020  0.0020  0.0040
 4466.040  0.0019 -0.0005
 4466.060 -0.0011 -0.0074
 4466.080 -0.0035 -0.0117
 4466.100 -0.0027 -0.0113
 4466.120  0.0003 -0.0083
 4466.140  0.0022 -0.0051
 4466.160  0.0011 -0.0016
 4466.180 -0.0013  0.0020
 4466.200 -0.0028  0.0040
 4466.220 -0.0035  0.0028
 4466.240 -0.0034 -0.0011
 4466.260 -0.0031 -0.0051
 4466.280 -0.0026 -0.0061
 4466.300 -0.0018 -0.0046
 4466.320 -0.0002 -0.0027
 4466.340  0.0013 -0.0016
 4466.360  0.0011 -0.0008
 4466.380 -0.0015  0.0004
 4466.400 -0.0035  0.0009
 4466.420 -0.0023 -0.0018
 4466.440  0.0009 -0.0071
 4466.460  0.0030 -0.0098
 4466.480  0.0017 -0.0061
 4466.500 -0.0017  0.0009
 4466.520 -0.0032  0.0052
 4466.540 -0.0024  0.0037
 4466.560 -0.0018 -0.0010
 4466.580 -0.0015 -0.0033
 4466.600 -0.0002 -0.0013
 4466.620  0.0006  0.0023
 4466.640  0.0001  0.0038
 4466.660 -0.0001  0.0024
 4466.680 -0.0010  0.0001
 4466.700 -0.0033 -0.0008
 4466.720 -0.0041  0.0007
 4466.740 -0.0024  0.0040
 4466.760 -0.0003  0.0067
 4466.780  0.0001  0.0067
 4466.800 -0.0010  0.0038
 4466.820 -0.0012 -0.0003
 4466.840  0.0001 -0.0032
 4466.860  0.0007 -0.0038
 4466.880  0.0006 -0.0026
 4466.900  0.0021 -0.0014
 4466.920  0.0041 -0.0024
 4466.940  0.0050 -0.0060
 4466.960  0.0052 -0.0105
 4466.980  0.0040 -0.0133
 4467.000  0.0005 -0.0133
 4467.020 -0.0026 -0.0118
 4467.040 -0.0035 -0.0111
 4467.060 -0.0029 -0.0114
 4467.080 -0.0034 -0.0109
 4467.100 -0.0050 -0.0089
 4467.120 -0.0044 -0.0070
 4467.140 -0.0013 -0.0060
 4467.160  0.0000 -0.0053
 4467.180 -0.0012 -0.0048
 4467.200 -0.0026 -0.0054
 4467.220 -0.0032 -0.0079
 4467.240 -0.0035 -0.0110
 4467.260 -0.0032 -0.0116
 4467.280 -0.0031 -0.0083
 4467.300 -0.0037 -0.0042
 4467.320 -0.0025 -0.0033
 4467.340  0.0010 -0.0062
 4467.360  0.0021 -0.0101
 4467.380 -0.0008 -0.0120
 4467.400 -0.0033 -0.0105
 4467.420 -0.0026 -0.0069
 4467.440  0.0001 -0.0043
 4467.460  0.0020 -0.0046
 4467.480  0.0022 -0.0067
 4467.500  0.0017 -0.0075
 4467.520  0.0006 -0.0063
 4467.540 -0.0016 -0.0049
 4467.560 -0.0041 -0.0049
 4467.580 -0.0040 -0.0054
 4467.600 -0.0013 -0.0042
 4467.620 -0.0001 -0.0004
 4467.640 -0.0006  0.0035
 4467.660 -0.0005  0.0046
 4467.680 -0.0022  0.0025
 4467.700 -0.0043 -0.0004
 4467.720 -0.0034 -0.0026
 4467.740 -0.0018 -0.0032
 4467.760 -0.0020 -0.0020
 4467.780 -0.0024 -0.0003
 4467.800 -0.0025 -0.0001
 4467.820 -0.0023 -0.0005
 4467.840 -0.0006  0.0017
 4467.860  0.0005  0.0063
 4467.880 -0.0010  0.0087
 4467.900 -0.0017  0.0057
 4467.920  0.0013 -0.0004
 4467.940  0.0039 -0.0042
 4467.960  0.0033 -0.0020
 4467.980  0.0014  0.0030
 4468.000 -0.0003  0.0052
 4468.020 -0.0014  0.0028
 4468.040 -0.0014 -0.0010
 4468.060 -0.0004 -0.0030
 4468.080  0.0005 -0.0024
 4468.100  0.0014 -0.0005
 4468.120  0.0016  0.0007
 4468.140 -0.0007  0.0004
 4468.160 -0.0030 -0.0001
 4468.180 -0.0025  0.0007
 4468.200 -0.0006  0.0033
 4468.220  0.0002  0.0051
 4468.240  0.0007  0.0045
 4468.260  0.0034  0.0018
 4468.280  0.0045 -0.0019
 4468.300  0.0002 -0.0053
 4468.320 -0.0048 -0.0064
 4468.340 -0.0044 -0.0042
 4468.360 -0.0011 -0.0013
 4468.380  0.0009 -0.0019
 4468.400  0.0016 -0.0059
 4468.420  0.0016 -0.0091
 4468.440  0.0011 -0.0069
 4468.460  0.0000  0.0005
 4468.480 -0.0025  0.0069
 4468.500 -0.0049  0.0077
 4468.520 -0.0058  0.0053
 4468.540 -0.0052  0.0035
 4468.560 -0.0026  0.0013
 4468.580 -0.0004 -0.0029
 4468.600 -0.0005 -0.0062
 4468.620 -0.0012 -0.0062
 4468.640 -0.0018 -0.0046
 4468.660 -0.0030 -0.0035
 4468.680 -0.0041 -0.0024
 4468.700 -0.0042 -0.0005
 4468.720 -0.0029  0.0016
 4468.740 -0.0008  0.0016
 4468.760  0.0007 -0.0014
 4468.780  0.0008 -0.0053
 4468.800  0.0002 -0.0063
 4468.820  0.0000 -0.0037
 4468.840 -0.0006 -0.0002
 4468.860 -0.0018  0.0010
 4468.880 -0.0031 -0.0014
 4468.900 -0.0043 -0.0063
 4468.920 -0.0039 -0.0110
 4468.940 -0.0008 -0.0121
 4468.960  0.0018 -0.0095
 4468.980  0.0008 -0.0070
 4469.000 -0.0017 -0.0077
 4469.020 -0.0018 -0.0098
 4469.040 -0.0006 -0.0109
 4469.060 -0.0002 -0.0110
 4469.080 -0.0004 -0.0102
 4469.100 -0.0004 -0.0068
 4469.120  0.0005 -0.0014
 4469.140  0.0020  0.0029
 4469.160  0.0031  0.0036
 4469.180  0.0035  0.0012
 4469.200  0.0030 -0.0024
 4469.220  0.0020 -0.0057
 4469.240  0.0013 -0.0083
 4469.260  0.0008 -0.0097
 4469.280  0.0003 -0.0090
 4469.300  0.0009 -0.0061
 4469.320  0.0023 -0.0030
 4469.340  0.0028 -0.0011
 4469.360  0.0005  0.0008
 4469.380 -0.0022  0.0024
 4469.400 -0.0019 -0.0002
 4469.420 -0.0001 -0.0072
 4469.440  0.0009 -0.0113
 4469.460  0.0008 -0.0090
 4469.480  0.0000 -0.0054
 4469.500 -0.0015 -0.0053
 4469.520 -0.0031 -0.0067
 4469.540 -0.0042 -0.0058
 4469.560 -0.0041 -0.0028
 4469.580 -0.0029 -0.0019
 4469.600 -0.0006 -0.0054
 4469.620  0.0007 -0.0094
 4469.640 -0.0003 -0.0087
 4469.660 -0.0007 -0.0058
 4469.680  0.0010 -0.0066
 4469.700  0.0022 -0.0103
 4469.720  0.0009 -0.0109
 4469.740 -0.0013 -0.0075
 4469.760 -0.0023 -0.0034
 4469.780 -0.0021 -0.0012
 4469.800 -0.0011 -0.0009
 4469.820  0.0002 -0.0009
 4469.840  0.0006 -0.0005
 4469.860 -0.0007 -0.0007
 4469.880 -0.0024 -0.0021
 4469.900 -0.0030 -0.0040
 4469.920 -0.0030 -0.0055
 4469.940 -0.0035 -0.0067
 4469.960 -0.0025 -0.0077
 4469.980  0.0023 -0.0086
 4470.000  0.0068 -0.0100
 4470.020  0.0061 -0.0118
 4470.040  0.0024 -0.0121
 4470.060  0.0001 -0.0092
 4470.080 -0.0008 -0.0053
 4470.100 -0.0020 -0.0044
 4470.120 -0.0032 -0.0068
 4470.140 -0.0036 -0.0088
 4470.160 -0.0031 -0.0075
 4470.180 -0.0027 -0.0038
 4470.200 -0.0031 -0.0026
 4470.220 -0.0043 -0.0055
 4470.240 -0.0053 -0.0076
 4470.260 -0.0052 -0.0047
 4470.280 -0.0054  0.0004
 4470.300 -0.0060  0.0019
 4470.320 -0.0046 -0.0018
 4470.340 -0.0013 -0.0065
 4470.360  0.0008 -0.0068
 4470.380  0.0003 -0.0033
 4470.400 -0.0010 -0.0020
 4470.420 -0.0009 -0.0056
 4470.440  0.0010 -0.0104
 4470.460  0.0017 -0.0118
 4470.480  0.0000 -0.0091
 4470.500 -0.0018 -0.0047
 4470.520 -0.0019 -0.0014
 4470.540 -0.0010 -0.0005
 4470.560  0.0012 -0.0015
 4470.580  0.0033 -0.0031
 4470.600  0.0022 -0.0038
 4470.620 -0.0008 -0.0019
 4470.640 -0.0014  0.0016
 4470.660 -0.0003  0.0039
 4470.680 -0.0009  0.0035
 4470.700 -0.0037  0.0026
 4470.720 -0.0061  0.0032
 4470.740 -0.0057  0.0042
 4470.760 -0.0017  0.0045
 4470.780  0.0023  0.0048
 4470.800  0.0025  0.0066
 4470.820  0.0007  0.0090
 4470.840  0.0000  0.0089
 4470.860  0.0018  0.0042
 4470.880  0.0041 -0.0021
 4470.900  0.0034 -0.0048
 4470.920  0.0014 -0.0020
 4470.940  0.0008  0.0019
 4470.960 -0.0002  0.0010
 4470.980 -0.0010 -0.0064
 4471.000 -0.0002 -0.0144
 4471.020  0.0009 -0.0152
 4471.040  0.0021 -0.0069
 4471.060  0.0037  0.0047
 4471.080  0.0038  0.0099
 4471.100  0.0017  0.0052
 4471.120 -0.0006 -0.0025
 4471.140 -0.0012 -0.0049
 4471.160 -0.0006 -0.0009
 4471.180 -0.0017  0.0042
 4471.200 -0.0040  0.0047
 4471.220 -0.0030  0.0008
 4471.240  0.0002 -0.0024
 4471.260  0.0008 -0.0025
 4471.280 -0.0003 -0.0014
 4471.300 -0.0007 -0.0006
 4471.320 -0.0004  0.0002
 4471.340  0.0009  0.0009
 4471.360  0.0027  0.0005
 4471.380  0.0033 -0.0020
 4471.400  0.0026 -0.0064
 4471.420  0.0005 -0.0110
 4471.440 -0.0017 -0.0145
 4471.460 -0.0020 -0.0164
 4471.480 -0.0018 -0.0164
 4471.500 -0.0025 -0.0135
 4471.520 -0.0015 -0.0091
 4471.540  0.0006 -0.0068
 4471.560  0.0013 -0.0078
 4471.580  0.0014 -0.0087
 4471.600  0.0018 -0.0069
 4471.620  0.0004 -0.0037
 4471.640 -0.0029 -0.0021
 4471.660 -0.0051 -0.0034
 4471.680 -0.0052 -0.0059
 4471.700 -0.0053 -0.0068
 4471.720 -0.0048 -0.0053
 4471.740 -0.0033 -0.0033
 4471.760 -0.0021 -0.0028
 4471.780 -0.0017 -0.0045
 4471.800 -0.0010 -0.0069
 4471.820  0.0007 -0.0076
 4471.840  0.0028 -0.0060
 4471.860  0.0020 -0.0037
 4471.880 -0.0019 -0.0031
 4471.900 -0.0048 -0.0042
 4471.920 -0.0039 -0.0044
 4471.940 -0.0014 -0.0032
 4471.960 -0.0001 -0.0036
 4471.980  0.0003 -0.0066
 4472.000  0.0015 -0.0081
 4472.020  0.0015 -0.0055
 4472.040 -0.0022 -0.0019
 4472.060 -0.0061 -0.0019
 4472.080 -0.0059 -0.0054
 4472.100 -0.0027 -0.0084
 4472.120  0.0000 -0.0077
 4472.140  0.0001 -0.0059
 4472.160 -0.0034 -0.0076
 4472.180 -0.0080 -0.0121
 4472.200 -0.0097 -0.0146
 4472.220 -0.0079 -0.0134
 4472.240 -0.0055 -0.0102
 4472.260 -0.0037 -0.0074
 4472.280 -0.0019 -0.0056
 4472.300 -0.0009 -0.0045
 4472.320 -0.0011 -0.0039
 4472.340 -0.0004 -0.0043
 4472.360  0.0015 -0.0052
 4472.380  0.0015 -0.0046
 4472.400 -0.0012 -0.0018
 4472.420 -0.0031  0.0015
 4472.440 -0.0028  0.0020
 4472.460 -0.0023 -0.0019
 4472.480 -0.0028 -0.0071
 4472.500 -0.0031 -0.0089
 4472.520 -0.0025 -0.0056
 4472.540 -0.0024 -0.0003
 4472.560 -0.0030  0.0025
 4472.580 -0.0042  0.0019
 4472.600 -0.0059  0.0004
 4472.620 -0.0060  0.0012
 4472.640 -0.0022  0.0045
 4472.660  0.0014  0.0083
 4472.680  0.0002  0.0116
 4472.700 -0.0013  0.0135
 4472.720  0.0017  0.0128
 4472.740  0.0046  0.0088
 4472.760  0.0025  0.0030
 4472.780 -0.0016 -0.0017
 4472.800 -0.0042 -0.0031
 4472.820 -0.0054 -0.0020
 4472.840 -0.0050 -0.0013
 4472.860 -0.0043 -0.0018
 4472.880 -0.0045 -0.0016
 4472.900 -0.0043  0.0017
 4472.920 -0.0033  0.0072
 4472.940 -0.0029  0.0103
 4472.960 -0.0032  0.0066
 4472.980 -0.0030 -0.0022
 4473.000 -0.0019 -0.0101
 4473.020 -0.0013 -0.0122
 4473.040 -0.0025 -0.0086
 4473.060 -0.0038 -0.0032
 4473.080 -0.0032 -0.0001
 4473.100 -0.0027  0.0002
 4473.120 -0.0031 -0.0010
 4473.140 -0.0036 -0.0025
 4473.160 -0.0055 -0.0034
 4473.180 -0.0077 -0.0033
 4473.200 -0.0064 -0.0026
 4473.220 -0.0024 -0.0022
 4473.240  0.0004 -0.0029
 4473.260  0.0003 -0.0046
 4473.280 -0.0014 -0.0059
 4473.300 -0.0023 -0.0060
 4473.320 -0.0011 -0.0061
 4473.340  0.0004 -0.0081
 4473.360 -0.0002 -0.0112
 4473.380 -0.0023 -0.0120
 4473.400 -0.0035 -0.0085
 4473.420 -0.0028 -0.0021
 4473.440 -0.0009  0.0027
 4473.460  0.0000  0.0027
 4473.480 -0.0012 -0.0013
 4473.500 -0.0030 -0.0065
 4473.520 -0.0029 -0.0114
 4473.540 -0.0013 -0.0151
 4473.560 -0.0007 -0.0156
 4473.580 -0.0010 -0.0129
 4473.600 -0.0017 -0.0102
 4473.620 -0.0023 -0.0093
 4473.640 -0.0016 -0.0085
 4473.660  0.0000 -0.0051
 4473.680  0.0000 -0.0001
 4473.700 -0.0024  0.0026
 4473.720 -0.0052 -0.0003
 4473.740 -0.0049 -0.0075
 4473.760 -0.0010 -0.0129
 4473.780  0.0029 -0.0112
 4473.800  0.0038 -0.0026
 4473.820  0.0032  0.0069
 4473.840  0.0047  0.0102
 4473.860  0.0076  0.0058
 4473.880  0.0083 -0.0015
 4473.900  0.0062 -0.0040
 4473.920  0.0031  0.0002
 4473.940 -0.0005  0.0039
 4473.960 -0.0042  0.0001
 4473.980 -0.0063 -0.0074
 4474.000 -0.0065 -0.0107
 4474.020 -0.0053 -0.0073
 4474.040 -0.0036 -0.0008
 4474.060 -0.0028  0.0033
 4474.080 -0.0030  0.0013
 4474.100 -0.0028 -0.0052
 4474.120 -0.0024 -0.0101
 4474.140 -0.0030 -0.0080
 4474.160 -0.0033 -0.0012
 4474.180 -0.0019  0.0029
 4474.200  0.0002  0.0004
 4474.220 -0.0007 -0.0049
 4474.240 -0.0042 -0.0062
 4474.260 -0.0061 -0.0020
 4474.280 -0.0051  0.0003
 4474.300 -0.0037 -0.0048
 4474.320 -0.0029 -0.0110
 4474.340 -0.0028 -0.0099
 4474.360 -0.0037 -0.0045
 4474.380 -0.0054 -0.0029
 4474.400 -0.0060 -0.0066
 4474.420 -0.0047 -0.0108
 4474.440 -0.0028 -0.0119
 4474.460 -0.0016 -0.0096
 4474.480 -0.0021 -0.0062
 4474.500 -0.0035 -0.0039
 4474.520 -0.0034 -0.0033
 4474.540 -0.0018 -0.0044
 4474.560 -0.0014 -0.0069
 4474.580 -0.0023 -0.0085
 4474.600 -0.0011 -0.0065
 4474.620  0.0024 -0.0024
 4474.640  0.0034  0.0002
 4474.660  0.0007  0.0003
 4474.680 -0.0010 -0.0007
 4474.700 -0.0003 -0.0028
 4474.720 -0.0005 -0.0060
 4474.740 -0.0039 -0.0075
 4474.760 -0.0077 -0.0046
 4474.780 -0.0092  0.0005
 4474.800 -0.0079  0.0035
 4474.820 -0.0047  0.0028
 4474.840 -0.0029  0.0006
 4474.860 -0.0041  0.0004
 4474.880 -0.0052  0.0030
 4474.900 -0.0054  0.0052
 4474.920 -0.0063  0.0042
 4474.940 -0.0065  0.0010
 4474.960 -0.0053 -0.0016
 4474.980 -0.0046 -0.0015
 4475.000 -0.0042  0.0001
 4475.020 -0.0022  0.0013
 4475.040  0.0005  0.0023
 4475.060  0.0005  0.0047
 4475.080 -0.0026  0.0069
 4475.100 -0.0052  0.0059
 4475.120 -0.0063  0.0015
 4475.140 -0.0074 -0.0028
 4475.160 -0.0076 -0.0025
 4475.180 -0.0057  0.0019
 4475.200 -0.0038  0.0047
 4475.220 -0.0038  0.0026
 4475.240 -0.0042  0.0005
 4475.260 -0.0039  0.0031
 4475.280 -0.0032  0.0079
 4475.300 -0.0023  0.0091
 4475.320 -0.0018  0.0050
 4475.340 -0.0011 -0.0021
 4475.360  0.0007 -0.0083
 4475.380  0.0016 -0.0103
 4475.400 -0.0006 -0.0079
 4475.420 -0.0034 -0.0039
 4475.440 -0.0030 -0.0018
 4475.460  0.0002 -0.0031
 4475.480  0.0033 -0.0059
 4475.500  0.0038 -0.0071
 4475.520  0.0002 -0.0050
 4475.540 -0.0046 -0.0021
 4475.560 -0.0061 -0.0014
 4475.580 -0.0054 -0.0030
 4475.600 -0.0036 -0.0050
 4475.620  0.0001 -0.0060
 4475.640  0.0029 -0.0062
 4475.660  0.0020 -0.0062
 4475.680 -0.0006 -0.0061
 4475.700 -0.0027 -0.0056
 4475.720 -0.0036 -0.0036
 4475.740 -0.0033  0.0005
 4475.760 -0.0020  0.0053
 4475.780 -0.0003  0.0075
 4475.800  0.0001  0.0070
 4475.820 -0.0017  0.0059
 4475.840 -0.0029  0.0052
 4475.860 -0.0010  0.0039
 4475.880  0.0024  0.0031
 4475.900  0.0038  0.0045
 4475.920  0.0035  0.0063
 4475.940  0.0027  0.0049
 4475.960  0.0010  0.0006
 4475.980 -0.0006 -0.0024
 4476.000 -0.0002 -0.0004
 4476.020  0.0010  0.0050
 4476.040  0.0010  0.0072
 4476.060 -0.0003  0.0029
 4476.080 -0.0021 -0.0021
 4476.100 -0.0037 -0.0022
 4476.120 -0.0032  0.0001
 4476.140 -0.0009 -0.0001
 4476.160 -0.0008 -0.0037
 4476.180 -0.0035 -0.0076
 4476.200 -0.0056 -0.0084
 4476.220 -0.0056 -0.0055
 4476.240 -0.0051 -0.0023
 4476.260 -0.0058 -0.0024
 4476.280 -0.0066 -0.0062
 4476.300 -0.0047 -0.0099
 4476.320 -0.0015 -0.0097
 4476.340 -0.0003 -0.0071
 4476.360 -0.0004 -0.0059
 4476.380  0.0005 -0.0058
 4476.400  0.0012 -0.0033
 4476.420  0.0012  0.0029
 4476.440  0.0025  0.0096
 4476.460  0.0043  0.0120
 4476.480  0.0039  0.0086
 4476.500  0.0012  0.0026
 4476.520 -0.0016 -0.0016
 4476.540 -0.0023 -0.0028
 4476.560 -0.0021 -0.0016
 4476.580 -0.0022  0.0012
 4476.600 -0.0031  0.0036
 4476.620 -0.0041  0.0030
 4476.640 -0.0031 -0.0001
 4476.660 -0.0008 -0.0032
 4476.680 -0.0010 -0.0054
 4476.700 -0.0044 -0.0071
 4476.720 -0.0066 -0.0070
 4476.740 -0.0048 -0.0040
 4476.760 -0.0021 -0.0008
 4476.780 -0.0020 -0.0009
 4476.800 -0.0037 -0.0014
 4476.820 -0.0045  0.0019
 4476.840 -0.0045  0.0070
 4476.860 -0.0049  0.0080
 4476.880 -0.0027  0.0032
 4476.900  0.0046 -0.0021
 4476.920  0.0098 -0.0002
 4476.940  0.0056  0.0080
 4476.960 -0.0012  0.0116
 4476.980 -0.0015  0.0063
 4477.000  0.0009  0.0010
 4477.020  0.0010  0.0021
 4477.040  0.0006  0.0055
 4477.060  0.0006  0.0056
 4477.080  0.0001  0.0017
 4477.100 -0.0004 -0.0020
 4477.120  0.0001 -0.0013
 4477.140  0.0006  0.0049
 4477.160 -0.0010  0.0133
 4477.180 -0.0036  0.0178
 4477.200 -0.0049  0.0154
 4477.220 -0.0039  0.0094
 4477.240 -0.0027  0.0056
 4477.260 -0.0031  0.0061
 4477.280 -0.0042  0.0090
 4477.300 -0.0044  0.0107
 4477.320 -0.0034  0.0091
 4477.340 -0.0017  0.0044
 4477.360  0.0003 -0.0013
 4477.380  0.0013 -0.0050
 4477.400 -0.0002 -0.0042
 4477.420 -0.0025  0.0016
 4477.440 -0.0022  0.0085
 4477.460 -0.0002  0.0114
 4477.480  0.0007  0.0103
 4477.500 -0.0004  0.0097
 4477.520 -0.0026  0.0116
 4477.540 -0.0051  0.0130
 4477.560 -0.0068  0.0114
 4477.580 -0.0059  0.0075
 4477.600 -0.0024  0.0033
 4477.620  0.0002  0.0015
 4477.640 -0.0009  0.0039
 4477.660 -0.0024  0.0096
 4477.680 -0.0009  0.0135
 4477.700  0.0004  0.0120
 4477.720 -0.0007  0.0082
 4477.740  0.0001  0.0067
 4477.760  0.0036  0.0075
 4477.780  0.0041  0.0073
 4477.800  0.0006  0.0034
 4477.820 -0.0011 -0.0017
 4477.840  0.0002 -0.0030
 4477.860  0.0011  0.0001
 4477.880  0.0016  0.0027
 4477.900  0.0036  0.0026
 4477.920  0.0051  0.0029
 4477.940  0.0029  0.0041
 4477.960 -0.0012  0.0039
 4477.980  0.0000  0.0000
 4478.000  0.0000  0.0000
