           0.95    0.86  
           0.0200  0.7200
 4872.000  0.8596  0.6678
 4872.020  0.9098  0.6891
 4872.040  0.9022  0.6876
 4872.060  0.9026  0.6867
 4872.080  0.9020  0.6826
 4872.100  0.9005  0.6810
 4872.120  0.8980  0.6868
 4872.140  0.8961  0.6957
 4872.160  0.8927  0.6986
 4872.180  0.8874  0.6951
 4872.200  0.8825  0.6907
 4872.220  0.8795  0.6880
 4872.240 -1.0000 -1.0000
 4872.260 -1.0000 -1.0000
 4872.280 -1.0000 -1.0000
 4872.300 -1.0000 -1.0000
 4872.320 -1.0000 -1.0000
 4872.340 -1.0000 -1.0000
 4872.360 -1.0000 -1.0000
 4872.380  0.9247  0.7208
 4872.400  0.9284  0.7148
 4872.420  0.9328  0.7141
 4872.440  0.9368  0.7204
 4872.460  0.9382  0.7247
 4872.480  0.9367  0.7241
 4872.500  0.9353  0.7264
 4872.520  0.9330  0.7354
 4872.540  0.9271  0.7482
 4872.560  0.9197  0.7637
 4872.580  0.9147  0.7818
 4872.600  0.9129  0.7977
 4872.620  0.9109  0.8071
 4872.640  0.9032  0.8129
 4872.660  0.8924  0.8211
 4872.680  0.8840  0.8312
 4872.700  0.8754  0.8383
 4872.720  0.8661  0.8412
 4872.740  0.8595  0.8420
 4872.760  0.8521  0.8406
 4872.780  0.8409  0.8361
 4872.800  0.8308  0.8292
 4872.820  0.8265  0.8215
 4872.840  0.8265  0.8141
 4872.860  0.8272  0.8069
 4872.880  0.8272  0.7997
 4872.900  0.8269  0.7930
 4872.920 -1.0000 -1.0000
 4872.940 -1.0000 -1.0000
 4872.960 -1.0000 -1.0000
 4872.980 -1.0000 -1.0000
 4873.000 -1.0000 -1.0000
 4873.020 -1.0000 -1.0000
 4873.040 -1.0000 -1.0000
 4873.060 -1.0000 -1.0000
 4873.080 -1.0000 -1.0000
 4873.100 -1.0000 -1.0000
 4873.120 -1.0000 -1.0000
 4873.140 -1.0000 -1.0000
 4873.160 -1.0000 -1.0000
 4873.180 -1.0000 -1.0000
 4873.200 -1.0000 -1.0000
 4873.220 -1.0000 -1.0000
 4873.240 -1.0000 -1.0000
 4873.260 -1.0000 -1.0000
 4873.280 -1.0000 -1.0000
 4873.300 -1.0000 -1.0000
 4873.320 -1.0000 -1.0000
 4873.340  0.9222 -1.0000
 4873.360  0.9264  0.6125
 4873.380  0.9329  0.6191
 4873.400  0.9379  0.6301
 4873.420  0.9384  0.6431
 4873.440  0.9369  0.6537
 4873.460  0.9363  0.6584
 4873.480  0.9361  0.6599
 4873.500  0.9351  0.6632
 4873.520  0.9335  0.6717
 4873.540  0.9321  0.6849
 4873.560  0.9337  0.6992
 4873.580  0.9392  0.7107
 4873.600  0.9426  0.7162
 4873.620  0.9410  0.7173
 4873.640  0.9384  0.7202
 4873.660  0.9371  0.7287
 4873.680  0.9338  0.7410
 4873.700  0.9259  0.7552
 4873.720  0.9171  0.7703
 4873.740  0.9110  0.7835
 4873.760  0.9038  0.7903
 4873.780  0.8935  0.7900
 4873.800  0.8835  0.7888
 4873.820  0.8741  0.7928
 4873.840  0.8618  0.8007
 4873.860  0.8454  0.8043
 4873.880  0.8290  0.8004
 4873.900  0.8147  0.7976
 4873.920  0.7989  0.8010
 4873.940  0.7786  0.8019
 4873.960  0.7571  0.7971
 4873.980  0.7394  0.7964
 4874.000  0.7290  0.8027
 4874.020 -1.0000 -1.0000
 4874.040 -1.0000 -1.0000
 4874.060 -1.0000 -1.0000
 4874.080 -1.0000 -1.0000
 4874.100 -1.0000 -1.0000
 4874.120 -1.0000 -1.0000
 4874.140 -1.0000 -1.0000
 4874.160 -1.0000 -1.0000
 4874.180 -1.0000  0.7953
 4874.200 -1.0000  0.7918
 4874.220 -1.0000 -1.0000
 4874.240 -1.0000 -1.0000
 4874.260 -1.0000 -1.0000
 4874.280 -1.0000 -1.0000
 4874.300 -1.0000 -1.0000
 4874.320 -1.0000 -1.0000
 4874.340 -1.0000 -1.0000
 4874.360 -1.0000 -1.0000
 4874.380 -1.0000 -1.0000
 4874.400 -1.0000 -1.0000
 4874.420 -1.0000 -1.0000
 4874.440 -1.0000 -1.0000
 4874.460 -1.0000 -1.0000
 4874.480 -1.0000 -1.0000
 4874.500 -1.0000 -1.0000
 4874.520 -1.0000 -1.0000
 4874.540 -1.0000 -1.0000
 4874.560 -1.0000 -1.0000
 4874.580 -1.0000 -1.0000
 4874.600 -1.0000 -1.0000
 4874.620 -1.0000 -1.0000
 4874.640 -1.0000 -1.0000
 4874.660  0.8977  0.8005
 4874.680  0.8954  0.8069
 4874.700  0.8941  0.8172
 4874.720  0.8933  0.8268
 4874.740  0.8907  0.8307
 4874.760  0.8880  0.8300
 4874.780  0.8875  0.8297
 4874.800  0.8911  0.8312
 4874.820  0.8987  0.8302
 4874.840  0.9091  0.8264
 4874.860  0.9228  0.8258
 4874.880  0.9365  0.8302
 4874.900  0.9446  0.8345
 4874.920  0.9475  0.8358
 4874.940  0.9479  0.8360
 4874.960  0.9485  0.8375
 4874.980  0.9516  0.8407
 4875.000  0.9560  0.8435
 4875.020  0.9587  0.8438
 4875.040  0.9583  0.8434
 4875.060  0.9560  0.8442
 4875.080  0.9548  0.8436
 4875.100  0.9558  0.8383
 4875.120  0.9558  0.8312
 4875.140  0.9531  0.8262
 4875.160  0.9528  0.8250
 4875.180  0.9562  0.8282
 4875.200  0.9570  0.8291
 4875.220  0.9556  0.8200
 4875.240  0.9538  0.8047
 4875.260  0.9491  0.7912
 4875.280  0.9459  0.7831
 4875.300  0.9490  0.7793
 4875.320  0.9534  0.7756
 4875.340  0.9559  0.7682
 4875.360  0.9580  0.7560
 4875.380  0.9589  0.7404
 4875.400  0.9575  0.7249
 4875.420  0.9546  0.7129
 4875.440  0.9519  0.7040
 4875.460  0.9522  0.6929
 4875.480  0.9563  0.6762
 4875.500  0.9617  0.6601
 4875.520  0.9651  0.6526
 4875.540  0.9653  0.6528
 4875.560 -1.0000 -1.0000
 4875.580 -1.0000 -1.0000
 4875.600 -1.0000 -1.0000
 4875.620 -1.0000 -1.0000
 4875.640 -1.0000 -1.0000
 4875.660 -1.0000 -1.0000
 4875.680 -1.0000 -1.0000
 4875.700 -1.0000 -1.0000
 4875.720 -1.0000 -1.0000
 4875.740 -1.0000 -1.0000
 4875.760 -1.0000 -1.0000
 4875.780 -1.0000 -1.0000
 4875.800 -1.0000 -1.0000
 4875.820 -1.0000 -1.0000
 4875.840 -1.0000 -1.0000
 4875.860 -1.0000 -1.0000
 4875.880 -1.0000 -1.0000
 4875.900 -1.0000 -1.0000
 4875.920 -1.0000 -1.0000
 4875.940 -1.0000 -1.0000
 4875.960  0.8979  0.7002
 4875.980  0.8900  0.7070
 4876.000  0.8748  0.7109
 4876.020  0.8564  0.7091
 4876.040  0.8393  0.7055
 4876.060  0.8248  0.7064
 4876.080  0.8131  0.7146
 4876.100  0.8030  0.7272
 4876.120  0.7934  0.7407
 4876.140  0.7865  0.7539
 4876.160  0.7839  0.7640
 4876.180  0.7843  0.7693
 4876.200  0.7857  0.7730
 4876.220  0.7876  0.7776
 4876.240  0.7898  0.7810
 4876.260  0.7899  0.7804
 4876.280  0.7875  0.7760
 4876.300  0.7830  0.7690
 4876.320  0.7753  0.7603
 4876.340  0.7662  0.7504
 4876.360  0.7608  0.7407
 4876.380  0.7605  0.7333
 4876.400  0.7643  0.7291
 4876.420  0.7736  0.7266
 4876.440  0.7890  0.7244
 4876.460  0.8052  0.7222
 4876.480  0.8171  0.7203
 4876.500  0.8243  0.7182
 4876.520  0.8297  0.7163
 4876.540  0.8357  0.7146
 4876.560  0.8391  0.7120
 4876.580  0.8358  0.7083
 4876.600  0.8303  0.7062
 4876.620  0.8258  0.7079
 4876.640  0.8195  0.7127
 4876.660  0.8136  0.7189
 4876.680  0.8117  0.7239
 4876.700 -1.0000  0.7253
 4876.720 -1.0000  0.7243
 4876.740 -1.0000 -1.0000
 4876.760 -1.0000 -1.0000
 4876.780 -1.0000 -1.0000
 4876.800 -1.0000 -1.0000
 4876.820 -1.0000 -1.0000
 4876.840 -1.0000 -1.0000
 4876.860 -1.0000 -1.0000
 4876.880 -1.0000 -1.0000
 4876.900 -1.0000 -1.0000
 4876.920 -1.0000 -1.0000
 4876.940 -1.0000 -1.0000
 4876.960 -1.0000 -1.0000
 4876.980 -1.0000 -1.0000
 4877.000 -1.0000 -1.0000
 4877.020 -1.0000 -1.0000
 4877.040 -1.0000 -1.0000
 4877.060 -1.0000 -1.0000
 4877.080 -1.0000 -1.0000
 4877.100 -1.0000 -1.0000
 4877.120 -1.0000 -1.0000
 4877.140 -1.0000 -1.0000
 4877.160 -1.0000 -1.0000
 4877.180 -1.0000 -1.0000
 4877.200 -1.0000 -1.0000
 4877.220  0.7995  0.7620
 4877.240  0.7963  0.7551
 4877.260  0.7872  0.7447
 4877.280  0.7759  0.7340
 4877.300  0.7685  0.7231
 4877.320  0.7666  0.7095
 4877.340  0.7693  0.6919
 4877.360  0.7779  0.6736
 4877.380  0.7924  0.6603
 4877.400  0.8071  0.6539
 4877.420  0.8174  0.6511
 4877.440  0.8243  0.6502
 4877.460  0.8303  0.6515
 4877.480  0.8348  0.6520
 4877.500  0.8368  0.6507
 4877.520 -1.0000 -1.0000
 4877.540 -1.0000 -1.0000
 4877.560 -1.0000 -1.0000
 4877.580 -1.0000 -1.0000
 4877.600 -1.0000 -1.0000
 4877.620 -1.0000 -1.0000
 4877.640  0.8139  0.7446
 4877.660  0.8163  0.7340
 4877.680  0.8237  0.7286
 4877.700  0.8353  0.7371
 4877.720  0.8490  0.7492
 4877.740  0.8641  0.7552
 4877.760  0.8785  0.7599
 4877.780  0.8887  0.7692
 4877.800  0.8933  0.7800
 4877.820  0.8943  0.7890
 4877.840  0.8947  0.7969
 4877.860  0.8956  0.8037
 4877.880  0.8965  0.8073
 4877.900  0.8956  0.8056
 4877.920  0.8915  0.7969
 4877.940  0.8854  0.7802
 4877.960  0.8768  0.7584
 4877.980  0.8631  0.7406
 4878.000  0.8470  0.7310
 4878.020  0.8330  0.7247
 4878.040  0.8187  0.7171
 4878.060  0.8000  0.7054
 4878.080  0.7812  0.6881
 4878.100  0.7663  0.6710
 4878.120  0.7553  0.6615
 4878.140 -1.0000 -1.0000
 4878.160 -1.0000 -1.0000
 4878.180 -1.0000 -1.0000
 4878.200 -1.0000 -1.0000
 4878.220 -1.0000 -1.0000
 4878.240 -1.0000 -1.0000
 4878.260 -1.0000 -1.0000
 4878.280 -1.0000 -1.0000
 4878.300 -1.0000 -1.0000
 4878.320 -1.0000 -1.0000
 4878.340 -1.0000 -1.0000
 4878.360 -1.0000 -1.0000
 4878.380 -1.0000 -1.0000
 4878.400 -1.0000 -1.0000
 4878.420 -1.0000 -1.0000
 4878.440 -1.0000 -1.0000
 4878.460  0.8497  0.7729
 4878.480  0.8521  0.7776
 4878.500  0.8570  0.7817
 4878.520  0.8654  0.7847
 4878.540  0.8757  0.7870
 4878.560  0.8832  0.7882
 4878.580  0.8837  0.7888
 4878.600  0.8774  0.7894
 4878.620  0.8669  0.7878
 4878.640  0.8554  0.7825
 4878.660  0.8451  0.7789
 4878.680  0.8363  0.7842
 4878.700  0.8286  0.7945
 4878.720  0.8214  0.7983
 4878.740  0.8145  0.7931
 4878.760  0.8075  0.7863
 4878.780  0.7999  0.7823
 4878.800  0.7925  0.7797
 4878.820  0.7885  0.7777
 4878.840  0.7900  0.7782
 4878.860  0.7945  0.7810
 4878.880  0.7974  0.7817
 4878.900  0.7993  0.7770
 4878.920  0.8031  0.7726
 4878.940  0.8097  0.7770
 4878.960  0.8214  0.7893
 4878.980  0.8376  0.8031
 4879.000  0.8522  0.8148
 4879.020  0.8619  0.8236
 4879.040  0.8684  0.8275
 4879.060  0.8743  0.8257
 4879.080  0.8796  0.8221
 4879.100  0.8815  0.8205
 4879.120  0.8817  0.8189
 4879.140  0.8849  0.8141
 4879.160  0.8881  0.8087
 4879.180  0.8876  0.8052
 4879.200  0.8861  0.8015
 4879.220 -1.0000 -1.0000
 4879.240 -1.0000 -1.0000
 4879.260 -1.0000 -1.0000
 4879.280 -1.0000 -1.0000
 4879.300 -1.0000 -1.0000
 4879.320 -1.0000 -1.0000
 4879.340 -1.0000 -1.0000
 4879.360  0.9120  0.7472
 4879.380  0.9059  0.7434
 4879.400 -1.0000 -1.0000
 4879.420 -1.0000 -1.0000
 4879.440 -1.0000 -1.0000
 4879.460 -1.0000 -1.0000
 4879.480 -1.0000 -1.0000
 4879.500 -1.0000 -1.0000
 4879.520 -1.0000 -1.0000
 4879.540 -1.0000 -1.0000
 4879.560 -1.0000 -1.0000
 4879.580 -1.0000 -1.0000
 4879.600 -1.0000 -1.0000
 4879.620 -1.0000 -1.0000
 4879.640 -1.0000 -1.0000
 4879.660 -1.0000 -1.0000
 4879.680  0.9173  0.7558
 4879.700  0.9098  0.7578
 4879.720  0.9067  0.7648
 4879.740  0.9081  0.7742
 4879.760  0.9098  0.7835
 4879.780  0.9097  0.7933
 4879.800  0.9080  0.8022
 4879.820  0.9046  0.8046
 4879.840  0.8978  0.8013
 4879.860  0.8897  0.8006
 4879.880  0.8845  0.8032
 4879.900  0.8825  0.8041
 4879.920  0.8813  0.8054
 4879.940  0.8782  0.8077
 4879.960  0.8745  0.8097
 4879.980  0.8745  0.8158
 4880.000  0.8799  0.8291
 4880.020  0.8861  0.8447
 4880.040  0.8868  0.8550
 4880.060  0.8817  0.8565
 4880.080  0.8784  0.8536
 4880.100  0.8817  0.8523
 4880.120  0.8875  0.8534
 4880.140  0.8919  0.8553
 4880.160  0.8954  0.8579
 4880.180  0.8961  0.8609
 4880.200  0.8930  0.8635
 4880.220  0.8894  0.8638
 4880.240  0.8892  0.8584
 4880.260  0.8932  0.8474
 4880.280  0.8977  0.8355
 4880.300  0.8996  0.8264
 4880.320  0.8971  0.8187
 4880.340  0.8895  0.8085
 4880.360  0.8822  0.7955
 4880.380  0.8807  0.7820
 4880.400  0.8836  0.7699
 4880.420  0.8899  0.7596
 4880.440  0.9003  0.7519
 4880.460  0.9103  0.7456
 4880.480  0.9140  0.7391
 4880.500  0.9130  0.7315
 4880.520  0.9115  0.7243
 4880.540  0.9107  0.7205
 4880.560  0.9093  0.7213
 4880.580  0.9071  0.7246
 4880.600  0.9097  0.7282
 4880.620  0.9185  0.7312
 4880.640 -1.0000 -1.0000
 4880.660 -1.0000 -1.0000
 4880.680 -1.0000 -1.0000
 4880.700 -1.0000 -1.0000
 4880.720 -1.0000 -1.0000
 4880.740 -1.0000 -1.0000
 4880.760 -1.0000 -1.0000
 4880.780 -1.0000 -1.0000
 4880.800 -1.0000 -1.0000
 4880.820 -1.0000 -1.0000
 4880.840 -1.0000 -1.0000
 4880.860 -1.0000 -1.0000
 4880.880 -1.0000 -1.0000
 4880.900 -1.0000 -1.0000
 4880.920 -1.0000 -1.0000
 4880.940 -1.0000 -1.0000
 4880.960 -1.0000 -1.0000
 4880.980 -1.0000 -1.0000
 4881.000 -1.0000 -1.0000
 4881.020  0.8877  0.7654
 4881.040  0.8740  0.7675
 4881.060  0.8621  0.7805
 4881.080  0.8536  0.7976
 4881.100  0.8428  0.8092
 4881.120  0.8291  0.8145
 4881.140  0.8183  0.8173
 4881.160  0.8127  0.8194
 4881.180  0.8096  0.8203
 4881.200  0.8068  0.8196
 4881.220  0.8062  0.8189
 4881.240  0.8103  0.8204
 4881.260  0.8174  0.8245
 4881.280  0.8256  0.8304
 4881.300  0.8354  0.8374
 4881.320  0.8442  0.8450
 4881.340  0.8496  0.8514
 4881.360  0.8553  0.8569
 4881.380  0.8642  0.8638
 4881.400  0.8752  0.8715
 4881.420  0.8857  0.8768
 4881.440  0.8915  0.8783
 4881.460  0.8921  0.8788
 4881.480  0.8916  0.8805
 4881.500  0.8905  0.8801
 4881.520  0.8877  0.8760
 4881.540  0.8849  0.8723
 4881.560  0.8844  0.8699
 4881.580  0.8835  0.8640
 4881.600  0.8793  0.8554
 4881.620  0.8744  0.8504
 4881.640  0.8720  0.8471
 4881.660  0.8734  0.8372
 4881.680  0.8803  0.8196
 4881.700  0.8881  0.8035
 4881.720  0.8946  0.7999
 4881.740  0.9060  0.8066
 4881.760  0.9199  0.8114
 4881.780  0.9269  0.8098
 4881.800  0.9278  0.8042
 4881.820  0.9281  0.7968
 4881.840  0.9297  0.7911
 4881.860 -1.0000 -1.0000
 4881.880 -1.0000 -1.0000
 4881.900 -1.0000 -1.0000
 4881.920 -1.0000 -1.0000
 4881.940 -1.0000 -1.0000
 4881.960 -1.0000 -1.0000
 4881.980 -1.0000 -1.0000
 4882.000 -1.0000 -1.0000
 4882.020 -1.0000 -1.0000
 4882.040 -1.0000 -1.0000
 4882.060 -1.0000 -1.0000
 4882.080  0.9557  0.8211
 4882.100  0.9488  0.8288
 4882.120  0.9425  0.8323
 4882.140  0.9400  0.8292
 4882.160  0.9405  0.8227
 4882.180  0.9438  0.8157
 4882.200  0.9490  0.8110
 4882.220  0.9524  0.8120
 4882.240  0.9516  0.8181
 4882.260  0.9464  0.8218
 4882.280  0.9385  0.8182
 4882.300  0.9320  0.8113
 4882.320  0.9293  0.8077
 4882.340  0.9294  0.8085
 4882.360  0.9307  0.8112
 4882.380  0.9304  0.8131
 4882.400  0.9262  0.8136
 4882.420  0.9194  0.8122
 4882.440  0.9132  0.8072
 4882.460  0.9090  0.7988
 4882.480  0.9070  0.7924
 4882.500  0.9070  0.7896
 4882.520  0.9067  0.7828
 4882.540  0.9058  0.7704
 4882.560 -1.0000 -1.0000
 4882.580 -1.0000 -1.0000
 4882.600 -1.0000 -1.0000
 4882.620 -1.0000 -1.0000
 4882.640 -1.0000 -1.0000
 4882.660  0.9334  0.7337
 4882.680  0.9403  0.7370
 4882.700  0.9441  0.7448
 4882.720  0.9436  0.7572
 4882.740  0.9393  0.7717
 4882.760  0.9327  0.7820
 4882.780  0.9255  0.7863
 4882.800  0.9190  0.7918
 4882.820  0.9141  0.8043
 4882.840  0.9092  0.8212
 4882.860  0.9026  0.8378
 4882.880  0.8952  0.8502
 4882.900  0.8877  0.8527
 4882.920  0.8800  0.8435
 4882.940  0.8743  0.8298
 4882.960  0.8743  0.8206
 4882.980  0.8810  0.8133
 4883.000  0.8898  0.8005
 4883.020  0.8984  0.7857
 4883.040  0.9056  0.7762
 4883.060 -1.0000 -1.0000
 4883.080 -1.0000 -1.0000
 4883.100 -1.0000 -1.0000
 4883.120 -1.0000 -1.0000
 4883.140 -1.0000 -1.0000
 4883.160 -1.0000 -1.0000
 4883.180 -1.0000 -1.0000
 4883.200 -1.0000 -1.0000
 4883.220 -1.0000 -1.0000
 4883.240 -1.0000 -1.0000
 4883.260  0.8635  0.6816
 4883.280  0.8530  0.6892
 4883.300  0.8422  0.7010
 4883.320  0.8336  0.7119
 4883.340  0.8287  0.7189
 4883.360  0.8272  0.7232
 4883.380  0.8256  0.7256
 4883.400  0.8223  0.7234
 4883.420  0.8213  0.7156
 4883.440  0.8266  0.7079
 4883.460  0.8376  0.7037
 4883.480  0.8526  0.6979
 4883.500  0.8703  0.6873
 4883.520  0.8871  0.6788
 4883.540  0.9021  0.6825
 4883.560  0.9156  0.6960
 4883.580  0.9230  0.7101
 4883.600  0.9215  0.7218
 4883.620  0.9161  0.7295
 4883.640  0.9136  0.7323
 4883.660  0.9130  0.7322
 4883.680  0.9081  0.7302
 4883.700  0.8975  0.7278
 4883.720  0.8851  0.7266
 4883.740  0.8737  0.7257
 4883.760  0.8617  0.7233
 4883.780  0.8469  0.7224
 4883.800  0.8308  0.7268
 4883.820  0.8166  0.7344
 4883.840  0.8042  0.7412
 4883.860  0.7904  0.7487
 4883.880  0.7744  0.7581
 4883.900  0.7599  0.7671
 4883.920  0.7506  0.7745
 4883.940  0.7499  0.7833
 4883.960  0.7583  0.7946
 4883.980  0.7728  0.8039
 4884.000  0.7894  0.8074
 4884.020  0.8030  0.8076
 4884.040  0.8096  0.8091
 4884.060  0.8119  0.8136
 4884.080  0.8132  0.8183
 4884.100  0.8124  0.8188
 4884.120  0.8082  0.8144
 4884.140  0.8015  0.8076
 4884.160  0.7952  0.8018
 4884.180 -1.0000 -1.0000
 4884.200 -1.0000 -1.0000
 4884.220 -1.0000 -1.0000
 4884.240 -1.0000 -1.0000
 4884.260 -1.0000 -1.0000
 4884.280 -1.0000 -1.0000
 4884.300 -1.0000 -1.0000
 4884.320 -1.0000 -1.0000
 4884.340 -1.0000 -1.0000
 4884.360 -1.0000 -1.0000
 4884.380 -1.0000 -1.0000
 4884.400  0.8019  0.7245
 4884.420  0.7927  0.7186
 4884.440  0.7805  0.7231
 4884.460  0.7736  0.7329
 4884.480  0.7724  0.7373
 4884.500  0.7756  0.7383
 4884.520  0.7835  0.7341
 4884.540  0.7944  0.7214
 4884.560  0.8066  0.7090
 4884.580  0.8206  0.7065
 4884.600  0.8371  0.7146
 4884.620  0.8541  0.7280
 4884.640  0.8686  0.7404
 4884.660  0.8776  0.7501
 4884.680  0.8808  0.7586
 4884.700  0.8819  0.7661
 4884.720  0.8846  0.7724
 4884.740  0.8870  0.7795
 4884.760  0.8868  0.7888
 4884.780  0.8861  0.7985
 4884.800  0.8873  0.8074
 4884.820  0.8917  0.8173
 4884.840  0.8970  0.8275
 4884.860  0.8994  0.8345
 4884.880  0.9007  0.8369
 4884.900  0.9037  0.8376
 4884.920  0.9073  0.8405
 4884.940  0.9106  0.8489
 4884.960  0.9122  0.8601
 4884.980  0.9097  0.8678
 4885.000  0.9049  0.8693
 4885.020  0.8999  0.8664
 4885.040  0.8936  0.8631
 4885.060  0.8867  0.8619
 4885.080  0.8816  0.8624
 4885.100  0.8777  0.8626
 4885.120  0.8713  0.8618
 4885.140  0.8617  0.8601
 4885.160  0.8506  0.8588
 4885.180  0.8386  0.8581
 4885.200  0.8275  0.8567
 4885.220  0.8204  0.8550
 4885.240  0.8172  0.8557
 4885.260  0.8138  0.8563
 4885.280  0.8106  0.8485
 4885.300  0.8116  0.8289
 4885.320  0.8153  0.8065
 4885.340  0.8222  0.7965
 4885.360  0.8345  0.8006
 4885.380 -1.0000 -1.0000
 4885.400 -1.0000 -1.0000
 4885.420 -1.0000 -1.0000
 4885.440 -1.0000 -1.0000
 4885.460 -1.0000 -1.0000
 4885.480 -1.0000 -1.0000
 4885.500 -1.0000 -1.0000
 4885.520 -1.0000 -1.0000
 4885.540  0.8894  0.7549
 4885.560  0.8922  0.7668
 4885.580  0.8988  0.7788
 4885.600  0.9077  0.7854
 4885.620  0.9140  0.7935
 4885.640  0.9165  0.8076
 4885.660  0.9165  0.8187
 4885.680  0.9159  0.8206
 4885.700  0.9180  0.8196
 4885.720  0.9223  0.8227
 4885.740  0.9279  0.8273
 4885.760  0.9338  0.8230
 4885.780  0.9363  0.8086
 4885.800  0.9366  0.8019
 4885.820  0.9400  0.8097
 4885.840  0.9443  0.8196
 4885.860  0.9467  0.8279
 4885.880  0.9472  0.8333
 4885.900  0.9474  0.8303
 4885.920  0.9472  0.8222
 4885.940  0.9428  0.8152
 4885.960  0.9350  0.8110
 4885.980  0.9278  0.8061
 4886.000  0.9214  0.7951
 4886.020  0.9149  0.7785
 4886.040  0.9091  0.7629
 4886.060  0.9047  0.7506
 4886.080  0.8995  0.7355
 4886.100  0.8907  0.7152
 4886.120  0.8803  0.6953
 4886.140  0.8713  0.6803
 4886.160  0.8642  0.6676
 4886.180  0.8590  0.6512
 4886.200  0.8564  0.6344
 4886.220  0.8577  0.6322
 4886.240  0.8606  0.6462
 4886.260  0.8626  0.6642
 4886.280  0.8639  0.6843
 4886.300  0.8630  0.7072
 4886.320  0.8616  0.7277
 4886.340  0.8663  0.7454
 4886.360  0.8790  0.7639
 4886.380  0.8955  0.7846
 4886.400  0.9096  0.8035
 4886.420  0.9175  0.8120
 4886.440  0.9191  0.8112
 4886.460  0.9177  0.8126
 4886.480  0.9172  0.8175
 4886.500  0.9181  0.8170
 4886.520 -1.0000 -1.0000
 4886.540 -1.0000 -1.0000
 4886.560 -1.0000 -1.0000
 4886.580 -1.0000 -1.0000
 4886.600 -1.0000 -1.0000
 4886.620 -1.0000 -1.0000
 4886.640  0.9081  0.7722
 4886.660  0.8997  0.7661
 4886.680  0.8892  0.7599
 4886.700  0.8793  0.7538
 4886.720  0.8693  0.7445
 4886.740  0.8558  0.7301
 4886.760  0.8376  0.7153
 4886.780  0.8152  0.7047
 4886.800  0.7906  0.6961
 4886.820  0.7679  0.6872
 4886.840  0.7490  0.6811
 4886.860  0.7339  0.6804
 4886.880  0.7229  0.6828
 4886.900  0.7161  0.6860
 4886.920  0.7149  0.6912
 4886.940  0.7220  0.6976
 4886.960  0.7368  0.7003
 4886.980  0.7575  0.6987
 4887.000  0.7817  0.6988
 4887.020  0.8066  0.7062
 4887.040  0.8310  0.7188
 4887.060  0.8528  0.7251
 4887.080  0.8685  0.7218
 4887.100  0.8799  0.7251
 4887.120  0.8916  0.7406
 4887.140  0.9038  0.7571
 4887.160  0.9109  0.7733
 4887.180  0.9118  0.7884
 4887.200  0.9133  0.7950
 4887.220  0.9137  0.7943
 4887.240  0.9059  0.7911
 4887.260  0.8944  0.7851
 4887.280  0.8860  0.7761
 4887.300  0.8799  0.7678
 4887.320  0.8739  0.7619
 4887.340  0.8683  0.7529
 4887.360  0.8629  0.7358
 4887.380  0.8551  0.7138
 4887.400  0.8432  0.6929
 4887.420  0.8300  0.6766
 4887.440  0.8185  0.6642
 4887.460  0.8093  0.6544
 4887.480  0.8016  0.6492
 4887.500  0.7937  0.6515
 4887.520  0.7857  0.6583
 4887.540  0.7797  0.6647
 4887.560  0.7748  0.6718
 4887.580  0.7694  0.6809
 4887.600  0.7662  0.6901
 4887.620 -1.0000 -1.0000
 4887.640 -1.0000 -1.0000
 4887.660 -1.0000 -1.0000
 4887.680 -1.0000 -1.0000
 4887.700 -1.0000 -1.0000
 4887.720  0.8064  0.8060
 4887.740  0.8025  0.8031
 4887.760  0.8002  0.8022
 4887.780  0.8022  0.8086
 4887.800  0.8115  0.8200
 4887.820  0.8282  0.8286
 4887.840  0.8465  0.8277
 4887.860  0.8593  0.8181
 4887.880  0.8648  0.8050
 4887.900  0.8669  0.7894
 4887.920  0.8705  0.7683
 4887.940  0.8755  0.7401
 4887.960  0.8767  0.7145
 4887.980  0.8724  0.7083
 4888.000  0.8648  0.7165
 4888.020  0.8531  0.7217
 4888.040  0.8360  0.7257
 4888.060  0.8148  0.7313
 4888.080  0.7950  0.7318
 4888.100  0.7804  0.7288
 4888.120  0.7652  0.7300
 4888.140  0.7480  0.7395
 4888.160  0.7357  0.7544
 4888.180  0.7295  0.7723
 4888.200  0.7273  0.7950
 4888.220  0.7290  0.8147
 4888.240  0.7339  0.8233
 4888.260  0.7425  0.8269
 4888.280  0.7567  0.8333
 4888.300  0.7761  0.8417
 4888.320  0.7965  0.8468
 4888.340  0.8133  0.8455
 4888.360  0.8270  0.8409
 4888.380  0.8404  0.8379
 4888.400  0.8539  0.8349
 4888.420  0.8667  0.8284
 4888.440  0.8793  0.8201
 4888.460  0.8896  0.8126
 4888.480  0.8952  0.8041
 4888.500  0.8952  0.7921
 4888.520  0.8895  0.7785
 4888.540  0.8806  0.7663
 4888.560  0.8715  0.7558
 4888.580  0.8634  0.7454
 4888.600  0.8566  0.7345
 4888.620  0.8509  0.7241
 4888.640  0.8456  0.7150
 4888.660  0.8391  0.7050
 4888.680  0.8299  0.6912
 4888.700  0.8189  0.6791
 4888.720  0.8108  0.6793
 4888.740  0.8071  0.6907
 4888.760  0.8051  0.7105
 4888.780  0.8067  0.7385
 4888.800  0.8143  0.7585
 4888.820  0.8257  0.7574
 4888.840  0.8345  0.7502
 4888.860  0.8409  0.7548
 4888.880  0.8535  0.7689
 4888.900  0.8721  0.7811
 4888.920  0.8887  0.7855
 4888.940  0.9007  0.7819
 4888.960  0.9082  0.7723
 4888.980  0.9118  0.7608
 4889.000  0.9114  0.7521
 4889.020  0.9063  0.7455
 4889.040  0.8987  0.7376
 4889.060  0.8930  0.7291
 4889.080  0.8901  0.7236
 4889.100  0.8883  0.7235
 4889.120  0.8866  0.7279
 4889.140  0.8839  0.7327
 4889.160  0.8801  0.7353
 4889.180  0.8758  0.7363
 4889.200  0.8701  0.7360
 4889.220  0.8624  0.7351
 4889.240  0.8536  0.7353
 4889.260  0.8439  0.7363
 4889.280  0.8325  0.7371
 4889.300  0.8200  0.7384
 4889.320  0.8078  0.7403
 4889.340  0.7972  0.7414
 4889.360  0.7893  0.7407
 4889.380  0.7865  0.7389
 4889.400  0.7896  0.7370
 4889.420  0.7970  0.7358
 4889.440  0.8085  0.7360
 4889.460  0.8234  0.7361
 4889.480  0.8371  0.7312
 4889.500  0.8474  0.7204
 4889.520  0.8548  0.7083
 4889.540  0.8606  0.6983
 4889.560  0.8663  0.6919
 4889.580  0.8711  0.6907
 4889.600  0.8733  0.6927
 4889.620  0.8722  0.6893
 4889.640  0.8671  0.6758
 4889.660  0.8584  0.6600
 4889.680  0.8489  0.6471
 4889.700  0.8384  0.6413
 4889.720  0.8273  0.6515
 4889.740  0.8236  0.6689
 4889.760  0.8276  0.6809
 4889.780  0.8301  0.6958
 4889.800  0.8295  0.7154
 4889.820  0.8295  0.7335
 4889.840  0.8305  0.7517
 4889.860  0.8315  0.7664
 4889.880  0.8326  0.7727
 4889.900  0.8340  0.7760
 4889.920  0.8338  0.7800
 4889.940  0.8301  0.7817
 4889.960  0.8230  0.7785
 4889.980  0.8150  0.7722
 4890.000  0.8097  0.7651
 4890.020  0.8085  0.7568
 4890.040  0.8112  0.7451
 4890.060  0.8167  0.7308
 4890.080  0.8234  0.7187
 4890.100  0.8288  0.7108
 4890.120  0.8287  0.7024
 4890.140  0.8214  0.6902
 4890.160  0.8124  0.6795
 4890.180  0.8055  0.6761
 4890.200  0.7988  0.6794
 4890.220  0.7885  0.6846
 4890.240  0.7733  0.6885
 4890.260  0.7582  0.6912
 4890.280  0.7497  0.6945
 4890.300  0.7472  0.6987
 4890.320  0.7469  0.7026
 4890.340  0.7501  0.7065
 4890.360  0.7598  0.7130
 4890.380  0.7739  0.7214
 4890.400  0.7878  0.7267
 4890.420  0.7974  0.7255
 4890.440  0.8016  0.7179
 4890.460  0.8014  0.7073
 4890.480  0.7988  0.6971
 4890.500  0.7981  0.6853
 4890.520  0.8046  0.6669
 4890.540  0.8171  0.6438
 4890.560  0.8284  0.6275
 4890.580  0.8359  0.6233
 4890.600  0.8447  0.6251
 4890.620  0.8546  0.6297
 4890.640  0.8582  0.6378
 4890.660  0.8550  0.6458
 4890.680  0.8498  0.6517
 4890.700  0.8449  0.6593
 4890.720  0.8390  0.6704
 4890.740  0.8291  0.6815
 4890.760  0.8128  0.6888
 4890.780  0.7928  0.6977
 4890.800  0.7759  0.7176
 4890.820  0.7651  0.7452
 4890.840  0.7592  0.7682
 4890.860  0.7575  0.7838
 4890.880  0.7586  0.7939
 4890.900  0.7583  0.8005
 4890.920  0.7542  0.8092
 4890.940  0.7488  0.8219
 4890.960  0.7476  0.8320
 4890.980  0.7518  0.8349
 4891.000  0.7578  0.8368
 4891.020  0.7643  0.8420
 4891.040  0.7727  0.8433
 4891.060  0.7800  0.8378
 4891.080  0.7825  0.8341
 4891.100  0.7837  0.8346
 4891.120  0.7857  0.8334
 4891.140 -1.0000 -1.0000
 4891.160 -1.0000 -1.0000
 4891.180 -1.0000 -1.0000
 4891.200 -1.0000 -1.0000
 4891.220 -1.0000 -1.0000
 4891.240  0.7405  0.8150
 4891.260  0.7347  0.8122
 4891.280  0.7263  0.8088
 4891.300  0.7178  0.8070
 4891.320  0.7123  0.8095
 4891.340  0.7118  0.8153
 4891.360  0.7172  0.8171
 4891.380  0.7264  0.8059
 4891.400  0.7357  0.7878
 4891.420  0.7475  0.7828
 4891.440  0.7628  0.7904
 4891.460  0.7778  0.7983
 4891.480  0.7941  0.8096
 4891.500  0.8124  0.8176
 4891.520  0.8308  0.8108
 4891.540  0.8487  0.8018
 4891.560  0.8614  0.8010
 4891.580  0.8671  0.7998
 4891.600  0.8726  0.7931
 4891.620  0.8822  0.7876
 4891.640  0.8916  0.7881
 4891.660  0.8974  0.7920
 4891.680  0.9029  0.7971
 4891.700  0.9067  0.8033
 4891.720  0.9049  0.8104
 4891.740  0.9013  0.8165
 4891.760  0.9001  0.8182
 4891.780  0.8990  0.8173
 4891.800 -1.0000  0.8219
 4891.820 -1.0000  0.8311
 4891.840 -1.0000  0.8344
 4891.860 -1.0000  0.8331
 4891.880 -1.0000  0.8356
 4891.900 -1.0000  0.8406
 4891.920 -1.0000  0.8435
 4891.940 -1.0000  0.8451
 4891.960 -1.0000  0.8461
 4891.980 -1.0000  0.8469
 4892.000  0.8680  0.8502
 4892.020  0.8751  0.8562
 4892.040  0.8810  0.8590
 4892.060  0.8814  0.8553
 4892.080  0.8794  0.8501
 4892.100  0.8800  0.8481
 4892.120  0.8819  0.8456
 4892.140  0.8845  0.8396
 4892.160  0.8892  0.8353
 4892.180  0.8909  0.8333
 4892.200  0.8864  0.8236
 4892.220  0.8805  0.7973
 4892.240  0.8776  0.7663
 4892.260  0.8817  0.7598
 4892.280  0.8891  0.7756
 4892.300  0.8903  0.7875
 4892.320  0.8873  0.7929
 4892.340  0.8850  0.7950
 4892.360  0.8846  0.7895
 4892.380  0.8882  0.7830
 4892.400  0.8938  0.7806
 4892.420  0.8974  0.7786
 4892.440  0.9003  0.7748
 4892.460  0.9062  0.7718
 4892.480  0.9139  0.7709
 4892.500  0.9188  0.7691
 4892.520  0.9203  0.7644
 4892.540  0.9192  0.7589
 4892.560  0.9163  0.7552
 4892.580  0.9155  0.7527
 4892.600  0.9178  0.7501
 4892.620 -1.0000 -1.0000
 4892.640 -1.0000 -1.0000
 4892.660 -1.0000 -1.0000
 4892.680 -1.0000 -1.0000
 4892.700 -1.0000 -1.0000
 4892.720  0.9108  0.7192
 4892.740  0.9102  0.7003
 4892.760  0.9094  0.6845
 4892.780  0.9096  0.6814
 4892.800  0.9112  0.6843
 4892.820  0.9130  0.6856
 4892.840  0.9112  0.6897
 4892.860  0.9055  0.7013
 4892.880  0.9005  0.7156
 4892.900  0.8980  0.7252
 4892.920  0.8975  0.7292
 4892.940  0.8985  0.7347
 4892.960  0.8970  0.7466
 4892.980  0.8904  0.7604
 4893.000  0.8811  0.7692
 4893.020  0.8713  0.7727
 4893.040  0.8629  0.7733
 4893.060 -1.0000  0.7729
 4893.080 -1.0000 -1.0000
 4893.100 -1.0000 -1.0000
 4893.120 -1.0000 -1.0000
 4893.140 -1.0000 -1.0000
 4893.160 -1.0000 -1.0000
 4893.180 -1.0000 -1.0000
 4893.200 -1.0000  0.8401
 4893.220  0.8323  0.8438
 4893.240  0.8393  0.8521
 4893.260  0.8460  0.8622
 4893.280  0.8508  0.8674
 4893.300  0.8537  0.8657
 4893.320  0.8541  0.8633
 4893.340  0.8516  0.8667
 4893.360  0.8452  0.8712
 4893.380  0.8359  0.8686
 4893.400  0.8266  0.8614
 4893.420  0.8168  0.8589
 4893.440  0.8045  0.8629
 4893.460  0.7909  0.8671
 4893.480  0.7773  0.8658
 4893.500  0.7640  0.8600
 4893.520  0.7546  0.8554
 4893.540  0.7544  0.8548
 4893.560  0.7643  0.8543
 4893.580  0.7799  0.8542
 4893.600  0.7953  0.8611
 4893.620  0.8084  0.8742
 4893.640  0.8217  0.8819
 4893.660  0.8351  0.8786
 4893.680  0.8449  0.8708
 4893.700  0.8494  0.8649
 4893.720  0.8519  0.8617
 4893.740  0.8565  0.8606
 4893.760  0.8647  0.8593
 4893.780  0.8729  0.8538
 4893.800  0.8761  0.8436
 4893.820  0.8782  0.8367
 4893.840  0.8855  0.8373
 4893.860  0.8947  0.8364
 4893.880  0.9024  0.8223
 4893.900  0.9110  0.7987
 4893.920  0.9209  0.7843
 4893.940  0.9292  0.7848
 4893.960  0.9359  0.7891
 4893.980  0.9410  0.7948
 4894.000  0.9420  0.8033
 4894.020  0.9431  0.8097
 4894.040  0.9479  0.8132
 4894.060 -1.0000 -1.0000
 4894.080 -1.0000 -1.0000
 4894.100 -1.0000 -1.0000
 4894.120 -1.0000 -1.0000
 4894.140 -1.0000 -1.0000
 4894.160 -1.0000 -1.0000
 4894.180  0.9406  0.8294
 4894.200  0.9378  0.8202
 4894.220  0.9369  0.8219
 4894.240  0.9376  0.8327
 4894.260  0.9363  0.8386
 4894.280  0.9304  0.8362
 4894.300  0.9242  0.8322
 4894.320  0.9211  0.8287
 4894.340  0.9192  0.8245
 4894.360  0.9184  0.8222
 4894.380  0.9196  0.8240
 4894.400  0.9215  0.8263
 4894.420  0.9211  0.8255
 4894.440  0.9167  0.8198
 4894.460  0.9114  0.8088
 4894.480  0.9084  0.7944
 4894.500  0.9041  0.7791
 4894.520  0.8990  0.7658
 4894.540  0.8990  0.7575
 4894.560  0.9023  0.7542
 4894.580  0.9026  0.7540
 4894.600  0.8985  0.7552
 4894.620  0.8932  0.7570
 4894.640  0.8907  0.7614
 4894.660  0.8899  0.7710
 4894.680  0.8871  0.7816
 4894.700  0.8834  0.7816
 4894.720 -1.0000  0.7721
 4894.740 -1.0000  0.7736
 4894.760 -1.0000  0.7935
 4894.780 -1.0000  0.8181
 4894.800 -1.0000  0.8388
 4894.820  0.8892  0.8514
 4894.840  0.8892  0.8524
 4894.860  0.8888  0.8508
 4894.880  0.8911  0.8566
 4894.900  0.8940  0.8642
 4894.920  0.8930  0.8630
 4894.940  0.8879  0.8529
 4894.960  0.8839  0.8428
 4894.980  0.8851  0.8399
 4895.000  0.8900  0.8413
 4895.020  0.8941  0.8404
 4895.040  0.8958  0.8357
 4895.060  0.8964  0.8311
 4895.080  0.8961  0.8295
 4895.100  0.8938  0.8303
 4895.120  0.8900  0.8317
 4895.140  0.8857  0.8327
 4895.160  0.8807  0.8346
 4895.180  0.8744  0.8377
 4895.200  0.8676  0.8394
 4895.220  0.8602  0.8391
 4895.240  0.8494  0.8401
 4895.260  0.8344  0.8442
 4895.280  0.8189  0.8492
 4895.300  0.8088  0.8518
 4895.320  0.8072  0.8502
 4895.340  0.8135  0.8466
 4895.360  0.8250  0.8444
 4895.380  0.8411  0.8420
 4895.400  0.8604  0.8356
 4895.420  0.8799  0.8275
 4895.440  0.8969  0.8223
 4895.460  0.9084 -1.0000
 4895.480 -1.0000 -1.0000
 4895.500 -1.0000 -1.0000
 4895.520 -1.0000 -1.0000
 4895.540 -1.0000 -1.0000
 4895.560 -1.0000 -1.0000
 4895.580 -1.0000 -1.0000
 4895.600  0.9206  0.7786
 4895.620  0.9189  0.7873
 4895.640  0.9139  0.8033
 4895.660  0.9108  0.8162
 4895.680  0.9086  0.8192
 4895.700  0.9055  0.8206
 4895.720  0.9042  0.8289
 4895.740  0.9042  0.8395
 4895.760  0.9029  0.8466
 4895.780  0.9014  0.8527
 4895.800  0.9007  0.8568
 4895.820  0.9016  0.8547
 4895.840  0.9074  0.8498
 4895.860  0.9157  0.8491
 4895.880  0.9198  0.8524
 4895.900  0.9208  0.8549
 4895.920  0.9202  0.8526
 4895.940  0.9182  0.8468
 4895.960  0.9188  0.8438
 4895.980  0.9225  0.8468
 4896.000  0.9259  0.8512
 4896.020  0.9273  0.8528
 4896.040  0.9267  0.8525
 4896.060  0.9252  0.8507
 4896.080  0.9231  0.8440
 4896.100  0.9204  0.8333
 4896.120  0.9184  0.8254
 4896.140  0.9160  0.8221
 4896.160  0.9124  0.8192
 4896.180  0.9082  0.8146
 4896.200  0.9033  0.8095
 4896.220  0.8975  0.8036
 4896.240  0.8903  0.7937
 4896.260  0.8840  0.7802
 4896.280  0.8813  0.7673
 4896.300  0.8820  0.7552
 4896.320  0.8873  0.7389
 4896.340  0.8954  0.7136
 4896.360  0.8989  0.6866
 4896.380  0.9015  0.6733
 4896.400  0.9106  0.6726
 4896.420  0.9200  0.6731
 4896.440  0.9243  0.6759
 4896.460  0.9271  0.6815
 4896.480  0.9305  0.6850
 4896.500  0.9342  0.6900
 4896.520  0.9357  0.7009
 4896.540  0.9335  0.7135
 4896.560  0.9300  0.7239
 4896.580  0.9277  0.7324
 4896.600  0.9264  0.7393
 4896.620  0.9269  0.7443
 4896.640  0.9291  0.7479
 4896.660  0.9296  0.7486
 4896.680  0.9277  0.7446
 4896.700  0.9237  0.7365
 4896.720  0.9175  0.7285
 4896.740  0.9138  0.7256
 4896.760  0.9135  0.7264
 4896.780  0.9130  0.7283
 4896.800  0.9129  0.7348
 4896.820  0.9126  0.7446
 4896.840  0.9105  0.7504
 4896.860 -1.0000 -1.0000
 4896.880 -1.0000 -1.0000
 4896.900 -1.0000 -1.0000
 4896.920 -1.0000 -1.0000
 4896.940 -1.0000 -1.0000
 4896.960 -1.0000 -1.0000
 4896.980  0.8675  0.7972
 4897.000  0.8562  0.7978
 4897.020  0.8410  0.8001
 4897.040  0.8218  0.8031
 4897.060  0.8036  0.8028
 4897.080  0.7894  0.7982
 4897.100  0.7755  0.7952
 4897.120  0.7621  0.7969
 4897.140  0.7532  0.7904
 4897.160  0.7469  0.7703
 4897.180  0.7438  0.7593
 4897.200  0.7483  0.7668
 4897.220  0.7607  0.7764
 4897.240  0.7791  0.7841
 4897.260  0.7977  0.7926
 4897.280  0.8137  0.7992
 4897.300  0.8284  0.8051
 4897.320  0.8362  0.8109
 4897.340  0.8333  0.8144
 4897.360  0.8244  0.8162
 4897.380  0.8139  0.8181
 4897.400  0.8046  0.8208
 4897.420  0.7982  0.8232
 4897.440  0.7933  0.8243
 4897.460  0.7918  0.8237
 4897.480  0.7954  0.8210
 4897.500  0.8003  0.8159
 4897.520  0.8039  0.8110
 4897.540  0.8098  0.8080
 4897.560  0.8207  0.8046
 4897.580  0.8348  0.7982
 4897.600  0.8478  0.7912
 4897.620  0.8568  0.7864
 4897.640  0.8623  0.7823
 4897.660  0.8650  0.7767
 4897.680  0.8661  0.7716
 4897.700  0.8671  0.7688
 4897.720  0.8687  0.7662
 4897.740  0.8711  0.7630
 4897.760  0.8753  0.7633
 4897.780  0.8791  0.7680
 4897.800  0.8778  0.7722
 4897.820  0.8715  0.7723
 4897.840  0.8652  0.7693
 4897.860  0.8611  0.7662
 4897.880  0.8599  0.7667
 4897.900  0.8622  0.7701
 4897.920  0.8674  0.7703
 4897.940  0.8731  0.7615
 4897.960  0.8735  0.7481
 4897.980  0.8713  0.7426
 4898.000  0.8748  0.7461
 4898.020  0.8801  0.7513
 4898.040  0.8844  0.7579
 4898.060  0.8903  0.7603
 4898.080  0.8957  0.7512
 4898.100  0.8986  0.7385
 4898.120  0.8962  0.7280
 4898.140  0.8882  0.7121
 4898.160  0.8820  0.6920
 4898.180  0.8793  0.6805
 4898.200  0.8756  0.6798
 4898.220 -1.0000 -1.0000
 4898.240 -1.0000 -1.0000
 4898.260 -1.0000 -1.0000
 4898.280 -1.0000 -1.0000
 4898.300 -1.0000 -1.0000
 4898.320 -1.0000 -1.0000
 4898.340 -1.0000 -1.0000
 4898.360  0.8782  0.6621
 4898.380  0.8744  0.6697
 4898.400  0.8663  0.6751
 4898.420  0.8593  0.6755
 4898.440  0.8568  0.6773
 4898.460  0.8539  0.6851
 4898.480  0.8462  0.6935
 4898.500  0.8380  0.6975
 4898.520  0.8349  0.7017
 4898.540  0.8379  0.7123
 4898.560  0.8445  0.7282
 4898.580  0.8522  0.7452
 4898.600  0.8581  0.7612
 4898.620  0.8597  0.7731
 4898.640  0.8586  0.7796
 4898.660  0.8587  0.7839
 4898.680  0.8610  0.7901
 4898.700  0.8633  0.7962
 4898.720  0.8630  0.7947
 4898.740  0.8588  0.7857
 4898.760  0.8520  0.7796
 4898.780  0.8418  0.7777
 4898.800  0.8272  0.7768
 4898.820  0.8122  0.7849
 4898.840  0.7987  0.8014
 4898.860  0.7862  0.8146
 4898.880  0.7748  0.8213
 4898.900  0.7639  0.8242
 4898.920  0.7538  0.8258
 4898.940  0.7447  0.8253
 4898.960  0.7355  0.8201
 4898.980  0.7306  0.8118
 4899.000  0.7339  0.8051
 4899.020  0.7408  0.8017
 4899.040  0.7482  0.8016
 4899.060  0.7552  0.8029
 4899.080  0.7591  0.8036
 4899.100  0.7610  0.8041
 4899.120  0.7642  0.8044
 4899.140  0.7666  0.8025
 4899.160  0.7635  0.7993
 4899.180  0.7554  0.7974
 4899.200  0.7506  0.7977
 4899.220  0.7548  0.7987
 4899.240  0.7647  0.7993
 4899.260  0.7776  0.8005
 4899.280  0.7935  0.8030
 4899.300  0.8107  0.8045
 4899.320  0.8295  0.8035
 4899.340  0.8492  0.8026
 4899.360  0.8646  0.8059
 4899.380  0.8732  0.8142
 4899.400  0.8782  0.8221
 4899.420  0.8828  0.8261
 4899.440  0.8856  0.8291
 4899.460  0.8840  0.8309
 4899.480  0.8804  0.8267
 4899.500  0.8808  0.8187
 4899.520  0.8850  0.8140
 4899.540 -1.0000 -1.0000
 4899.560 -1.0000 -1.0000
 4899.580 -1.0000 -1.0000
 4899.600 -1.0000 -1.0000
 4899.620 -1.0000 -1.0000
 4899.640 -1.0000 -1.0000
 4899.660 -1.0000 -1.0000
 4899.680 -1.0000  0.8294
 4899.700  0.8824  0.8268
 4899.720  0.8812  0.8323
 4899.740  0.8775  0.8413
 4899.760  0.8694  0.8441
 4899.780  0.8604  0.8400
 4899.800  0.8583  0.8347
 4899.820  0.8628  0.8321
 4899.840  0.8671  0.8298
 4899.860  0.8688  0.8228
 4899.880  0.8690  0.8127
 4899.900  0.8666  0.8058
 4899.920  0.8622  0.8025
 4899.940  0.8592  0.7982
 4899.960  0.8592  0.7923
 4899.980  0.8632  0.7886
 4900.000  0.8718  0.7874
 4900.020  0.8828  0.7856
 4900.040  0.8933  0.7846
 4900.060  0.9018  0.7875
 4900.080  0.9068  0.7938
 4900.100  0.9084  0.8000
 4900.120  0.9098  0.8049
 4900.140  0.9139  0.8121
 4900.160  0.9185  0.8249
 4900.180  0.9187  0.8371
 4900.200  0.9165  0.8392
 4900.220  0.9179  0.8351
 4900.240  0.9212  0.8346
 4900.260  0.9224  0.8375
 4900.280  0.9239  0.8358
 4900.300  0.9265  0.8297
 4900.320  0.9295  0.8298
 4900.340  0.9339  0.8367
 4900.360  0.9386  0.8433
 4900.380  0.9393  0.8504
 4900.400  0.9330  0.8559
 4900.420  0.9245  0.8571
 4900.440  0.9206  0.8593
 4900.460  0.9211  0.8650
 4900.480  0.9212  0.8719
 4900.500  0.9178  0.8791
 4900.520  0.9110  0.8869
 4900.540  0.8995  0.8927
 4900.560  0.8859  0.8919
 4900.580  0.8757  0.8831
 4900.600  0.8677  0.8715
 4900.620  0.8603  0.8661
 4900.640 -1.0000  0.8685
 4900.660 -1.0000  0.8716
 4900.680 -1.0000 -1.0000
 4900.700 -1.0000 -1.0000
 4900.720 -1.0000 -1.0000
 4900.740 -1.0000 -1.0000
 4900.760 -1.0000 -1.0000
 4900.780 -1.0000  0.8408
 4900.800 -1.0000  0.8288
 4900.820  0.8621  0.8222
 4900.840  0.8706  0.8216
 4900.860 -1.0000 -1.0000
 4900.880 -1.0000 -1.0000
 4900.900 -1.0000 -1.0000
 4900.920 -1.0000 -1.0000
 4900.940 -1.0000 -1.0000
 4900.960 -1.0000 -1.0000
 4900.980 -1.0000 -1.0000
 4901.000  0.9294  0.8116
 4901.020  0.9271  0.8054
 4901.040  0.9205  0.7992
 4901.060  0.9156  0.7990
 4901.080  0.9148  0.8027
 4901.100  0.9163  0.8076
 4901.120  0.9225  0.8169
 4901.140  0.9303  0.8294
 4901.160  0.9305  0.8375
 4901.180  0.9239  0.8392
 4901.200  0.9183  0.8411
 4901.220 -1.0000  0.8465
 4901.240 -1.0000  0.8510
 4901.260 -1.0000 -1.0000
 4901.280 -1.0000 -1.0000
 4901.300 -1.0000 -1.0000
 4901.320 -1.0000 -1.0000
 4901.340 -1.0000 -1.0000
 4901.360 -1.0000 -1.0000
 4901.380 -1.0000 -1.0000
 4901.400 -1.0000 -1.0000
 4901.420 -1.0000  0.8181
 4901.440 -1.0000  0.8127
 4901.460  0.8813  0.8054
 4901.480  0.8829  0.7950
 4901.500  0.8791  0.7804
 4901.520  0.8692  0.7662
 4901.540  0.8606  0.7595
 4901.560  0.8578  0.7616
 4901.580  0.8588  0.7685
 4901.600  0.8595  0.7793
 4901.620  0.8601  0.7944
 4901.640  0.8633  0.8069
 4901.660 -1.0000  0.8087
 4901.680 -1.0000  0.8056
 4901.700 -1.0000  0.8066
 4901.720 -1.0000 -1.0000
 4901.740 -1.0000 -1.0000
 4901.760 -1.0000 -1.0000
 4901.780 -1.0000 -1.0000
 4901.800 -1.0000 -1.0000
 4901.820 -1.0000 -1.0000
 4901.840 -1.0000 -1.0000
 4901.860 -1.0000 -1.0000
 4901.880 -1.0000 -1.0000
 4901.900 -1.0000 -1.0000
 4901.920 -1.0000  0.7892
 4901.940 -1.0000  0.7824
 4901.960  0.9019  0.7726
 4901.980  0.9034  0.7597
 4902.000  0.9034  0.7421
 4902.020  0.9013  0.7229
 4902.040  0.8994  0.7075
 4902.060  0.8985  0.6923
 4902.080  0.8971  0.6722
 4902.100  0.8946  0.6537
 4902.120  0.8896  0.6456
 4902.140  0.8823 -1.0000
 4902.160 -1.0000 -1.0000
 4902.180 -1.0000 -1.0000
 4902.200 -1.0000 -1.0000
 4902.220 -1.0000 -1.0000
 4902.240 -1.0000 -1.0000
 4902.260 -1.0000 -1.0000
 4902.280  0.8502  0.6872
 4902.300  0.8489  0.6859
 4902.320  0.8529  0.6888
 4902.340  0.8619  0.6938
 4902.360  0.8721  0.6981
 4902.380  0.8830  0.7044
 4902.400  0.8938  0.7134
 4902.420  0.9011  0.7210
 4902.440  0.9054  0.7268
 4902.460  0.9083  0.7341
 4902.480  0.9074  0.7415
 4902.500  0.9027  0.7455
 4902.520  0.8974  0.7480
 4902.540  0.8926  0.7527
 4902.560  0.8898  0.7591
 4902.580  0.8885  0.7649
 4902.600  0.8833  0.7715
 4902.620  0.8726  0.7798
 4902.640  0.8588  0.7867
 4902.660  0.8453  0.7912
 4902.680  0.8354  0.7959
 4902.700  0.8278  0.7994
 4902.720  0.8181  0.8002
 4902.740  0.8037  0.8015
 4902.760  0.7850  0.8059
 4902.780  0.7655  0.8122
 4902.800  0.7476  0.8163
 4902.820  0.7339  0.8164
 4902.840  0.7279  0.8149
 4902.860  0.7301  0.8159
 4902.880  0.7373  0.8195
 4902.900  0.7461  0.8206
 4902.920  0.7559  0.8161
 4902.940  0.7654  0.8129
 4902.960  0.7730  0.8190
 4902.980 -1.0000 -1.0000
 4903.000 -1.0000 -1.0000
 4872.000  0.0000  0.0000
 4872.020  0.0000  0.0000
 4872.040 -0.0002 -0.0047
 4872.060  0.0009 -0.0040
 4872.080  0.0009 -0.0064
 4872.100 -0.0001 -0.0073
 4872.120 -0.0006 -0.0042
 4872.140 -0.0006 -0.0017
 4872.160 -0.0008 -0.0048
 4872.180 -0.0005 -0.0101
 4872.200  0.0000 -0.0125
 4872.220 -0.0017 -0.0152
 4872.240 -0.0043 -0.0230
 4872.260 -0.0039 -0.0328
 4872.280 -0.0019 -0.0378
 4872.300 -0.0026 -0.0332
 4872.320 -0.0041 -0.0222
 4872.340 -0.0030 -0.0143
 4872.360 -0.0011 -0.0113
 4872.380 -0.0016 -0.0064
 4872.400 -0.0026  0.0009
 4872.420 -0.0019  0.0040
 4872.440 -0.0027  0.0020
 4872.460 -0.0057  0.0007
 4872.480 -0.0065  0.0021
 4872.500 -0.0050  0.0033
 4872.520 -0.0051  0.0035
 4872.540 -0.0065  0.0047
 4872.560 -0.0062  0.0072
 4872.580 -0.0043  0.0080
 4872.600 -0.0029  0.0040
 4872.620 -0.0033 -0.0033
 4872.640 -0.0044 -0.0066
 4872.660 -0.0048 -0.0028
 4872.680 -0.0052  0.0019
 4872.700 -0.0050  0.0006
 4872.720 -0.0030 -0.0056
 4872.740 -0.0015 -0.0120
 4872.760 -0.0028 -0.0164
 4872.780 -0.0050 -0.0172
 4872.800 -0.0055 -0.0126
 4872.820 -0.0053 -0.0047
 4872.840 -0.0055  0.0007
 4872.860 -0.0062  0.0000
 4872.880 -0.0060 -0.0051
 4872.900 -0.0040 -0.0100
 4872.920 -0.0027 -0.0127
 4872.940 -0.0047 -0.0171
 4872.960 -0.0071 -0.0264
 4872.980 -0.0053 -0.0344
 4873.000 -0.0015 -0.0317
 4873.020 -0.0042 -0.0212
 4873.040 -0.0077 -0.0131
 4873.060 -0.0014 -0.0108
 4873.080  0.0037 -0.0102
 4873.100 -0.0001 -0.0098
 4873.120 -0.0011 -0.0113
 4873.140  0.0050 -0.0134
 4873.160  0.0141 -0.0107
 4873.180  0.0230 -0.0022
 4873.200  0.0242  0.0056
 4873.220  0.0189  0.0062
 4873.240  0.0164  0.0007
 4873.260  0.0156 -0.0058
 4873.280  0.0111 -0.0121
 4873.300  0.0047 -0.0188
 4873.320  0.0006 -0.0224
 4873.340  0.0003 -0.0199
 4873.360  0.0020 -0.0161
 4873.380  0.0028 -0.0170
 4873.400  0.0021 -0.0207
 4873.420  0.0019 -0.0209
 4873.440  0.0032 -0.0169
 4873.460  0.0033 -0.0128
 4873.480  0.0003 -0.0118
 4873.500 -0.0036 -0.0126
 4873.520 -0.0051 -0.0110
 4873.540 -0.0040 -0.0059
 4873.560 -0.0032 -0.0023
 4873.580 -0.0029 -0.0036
 4873.600 -0.0020 -0.0071
 4873.620 -0.0022 -0.0091
 4873.640 -0.0039 -0.0098
 4873.660 -0.0056 -0.0116
 4873.680 -0.0061 -0.0161
 4873.700 -0.0051 -0.0210
 4873.720 -0.0037 -0.0229
 4873.740 -0.0044 -0.0210
 4873.760 -0.0058 -0.0177
 4873.780 -0.0061 -0.0153
 4873.800 -0.0057 -0.0143
 4873.820 -0.0046 -0.0137
 4873.840 -0.0039 -0.0127
 4873.860 -0.0038 -0.0120
 4873.880 -0.0015 -0.0126
 4873.900  0.0025 -0.0137
 4873.920  0.0043 -0.0135
 4873.940  0.0025 -0.0106
 4873.960 -0.0008 -0.0060
 4873.980 -0.0031 -0.0029
 4874.000 -0.0037 -0.0046
 4874.020 -0.0014 -0.0108
 4874.040  0.0030 -0.0148
 4874.060  0.0046 -0.0083
 4874.080 -0.0006  0.0064
 4874.100 -0.0096  0.0150
 4874.120 -0.0146  0.0104
 4874.140 -0.0114 -0.0010
 4874.160 -0.0034 -0.0112
 4874.180  0.0003 -0.0182
 4874.200 -0.0040 -0.0243
 4874.220 -0.0100 -0.0299
 4874.240 -0.0113 -0.0305
 4874.260 -0.0078 -0.0231
 4874.280 -0.0042 -0.0152
 4874.300 -0.0047 -0.0150
 4874.320 -0.0080 -0.0196
 4874.340 -0.0064 -0.0226
 4874.360  0.0024 -0.0259
 4874.380  0.0028 -0.0336
 4874.400 -0.0162 -0.0414
 4874.420 -0.0319 -0.0374
 4874.440 -0.0222 -0.0212
 4874.460 -0.0047 -0.0109
 4874.480  0.0009 -0.0176
 4874.500 -0.0012 -0.0280
 4874.520 -0.0029 -0.0270
 4874.540 -0.0025 -0.0198
 4874.560 -0.0018 -0.0185
 4874.580 -0.0026 -0.0211
 4874.600 -0.0040 -0.0205
 4874.620 -0.0037 -0.0181
 4874.640 -0.0027 -0.0175
 4874.660 -0.0046 -0.0156
 4874.680 -0.0070 -0.0089
 4874.700 -0.0054 -0.0019
 4874.720 -0.0015 -0.0007
 4874.740  0.0005 -0.0039
 4874.760 -0.0014 -0.0063
 4874.780 -0.0047 -0.0066
 4874.800 -0.0059 -0.0066
 4874.820 -0.0051 -0.0089
 4874.840 -0.0043 -0.0125
 4874.860 -0.0028 -0.0143
 4874.880 -0.0004 -0.0133
 4874.900  0.0014 -0.0116
 4874.920  0.0013 -0.0105
 4874.940 -0.0007 -0.0092
 4874.960 -0.0029 -0.0089
 4874.980 -0.0046 -0.0119
 4875.000 -0.0067 -0.0169
 4875.020 -0.0074 -0.0200
 4875.040 -0.0054 -0.0195
 4875.060 -0.0036 -0.0163
 4875.080 -0.0037 -0.0110
 4875.100 -0.0039 -0.0045
 4875.120 -0.0029 -0.0004
 4875.140 -0.0016 -0.0011
 4875.160 -0.0010 -0.0047
 4875.180 -0.0020 -0.0066
 4875.200 -0.0039 -0.0047
 4875.220 -0.0053 -0.0013
 4875.240 -0.0051 -0.0010
 4875.260 -0.0034 -0.0048
 4875.280 -0.0022 -0.0092
 4875.300 -0.0034 -0.0112
 4875.320 -0.0057 -0.0115
 4875.340 -0.0068 -0.0106
 4875.360 -0.0055 -0.0078
 4875.380 -0.0043 -0.0038
 4875.400 -0.0050 -0.0007
 4875.420 -0.0047  0.0008
 4875.440 -0.0028  0.0016
 4875.460 -0.0025  0.0019
 4875.480 -0.0042  0.0006
 4875.500 -0.0057 -0.0019
 4875.520 -0.0058 -0.0045
 4875.540 -0.0064 -0.0054
 4875.560 -0.0076 -0.0045
 4875.580 -0.0053 -0.0044
 4875.600  0.0022 -0.0075
 4875.620  0.0096 -0.0148
 4875.640  0.0110 -0.0259
 4875.660  0.0076 -0.0394
 4875.680  0.0044 -0.0492
 4875.700  0.0031 -0.0447
 4875.720  0.0031 -0.0268
 4875.740  0.0037 -0.0114
 4875.760  0.0034 -0.0033
 4875.780  0.0024  0.0081
 4875.800  0.0053  0.0220
 4875.820  0.0125  0.0250
 4875.840  0.0159  0.0142
 4875.860  0.0124  0.0014
 4875.880  0.0068 -0.0056
 4875.900  0.0013 -0.0082
 4875.920 -0.0036 -0.0102
 4875.940 -0.0057 -0.0119
 4875.960 -0.0048 -0.0116
 4875.980 -0.0018 -0.0086
 4876.000  0.0026 -0.0058
 4876.020  0.0048 -0.0054
 4876.040  0.0021 -0.0057
 4876.060 -0.0019 -0.0051
 4876.080 -0.0026 -0.0041
 4876.100 -0.0012 -0.0040
 4876.120 -0.0003 -0.0049
 4876.140 -0.0013 -0.0068
 4876.160 -0.0030 -0.0102
 4876.180 -0.0025 -0.0142
 4876.200  0.0013 -0.0172
 4876.220  0.0049 -0.0182
 4876.240  0.0041 -0.0173
 4876.260  0.0005 -0.0150
 4876.280 -0.0021 -0.0121
 4876.300 -0.0035 -0.0099
 4876.320 -0.0048 -0.0092
 4876.340 -0.0056 -0.0095
 4876.360 -0.0054 -0.0094
 4876.380 -0.0050 -0.0087
 4876.400 -0.0052 -0.0089
 4876.420 -0.0046 -0.0120
 4876.440 -0.0020 -0.0174
 4876.460  0.0004 -0.0213
 4876.480  0.0011 -0.0217
 4876.500  0.0005 -0.0197
 4876.520 -0.0008 -0.0163
 4876.540 -0.0027 -0.0108
 4876.560 -0.0036 -0.0053
 4876.580 -0.0035 -0.0042
 4876.600 -0.0033 -0.0075
 4876.620 -0.0027 -0.0102
 4876.640 -0.0017 -0.0082
 4876.660 -0.0015 -0.0030
 4876.680 -0.0023 -0.0012
 4876.700 -0.0029 -0.0066
 4876.720 -0.0037 -0.0146
 4876.740 -0.0063 -0.0183
 4876.760 -0.0095 -0.0189
 4876.780 -0.0086 -0.0214
 4876.800 -0.0031 -0.0255
 4876.820  0.0003 -0.0272
 4876.840 -0.0022 -0.0247
 4876.860 -0.0055 -0.0197
 4876.880 -0.0052 -0.0153
 4876.900 -0.0034 -0.0143
 4876.920 -0.0015 -0.0171
 4876.940  0.0041 -0.0228
 4876.960  0.0132 -0.0297
 4876.980  0.0369 -0.0359
 4877.000  0.0895 -0.0389
 4877.020  0.1193 -0.0334
 4877.040  0.0758 -0.0184
 4877.060  0.0175  0.0015
 4877.080  0.0006  0.0191
 4877.100  0.0042  0.0247
 4877.120  0.0071  0.0156
 4877.140  0.0085  0.0025
 4877.160  0.0069 -0.0040
 4877.180  0.0022 -0.0034
 4877.200 -0.0018 -0.0005
 4877.220 -0.0032  0.0000
 4877.240 -0.0045 -0.0035
 4877.260 -0.0057 -0.0100
 4877.280 -0.0038 -0.0154
 4877.300 -0.0007 -0.0150
 4877.320 -0.0001 -0.0092
 4877.340 -0.0020 -0.0032
 4877.360 -0.0036 -0.0004
 4877.380 -0.0021  0.0008
 4877.400  0.0012  0.0026
 4877.420  0.0032  0.0041
 4877.440  0.0026  0.0042
 4877.460  0.0005  0.0033
 4877.480 -0.0022  0.0012
 4877.500 -0.0051 -0.0027
 4877.520 -0.0079 -0.0088
 4877.540 -0.0104 -0.0136
 4877.560 -0.0126 -0.0102
 4877.580 -0.0134  0.0016
 4877.600 -0.0123  0.0096
 4877.620 -0.0110  0.0061
 4877.640 -0.0100 -0.0005
 4877.660 -0.0085 -0.0008
 4877.680 -0.0074  0.0016
 4877.700 -0.0071 -0.0010
 4877.720 -0.0063 -0.0098
 4877.740 -0.0050 -0.0194
 4877.760 -0.0045 -0.0230
 4877.780 -0.0053 -0.0180
 4877.800 -0.0056 -0.0083
 4877.820 -0.0047  0.0003
 4877.840 -0.0050  0.0035
 4877.860 -0.0063  0.0006
 4877.880 -0.0067 -0.0053
 4877.900 -0.0061 -0.0089
 4877.920 -0.0056 -0.0076
 4877.940 -0.0057 -0.0054
 4877.960 -0.0059 -0.0076
 4877.980 -0.0064 -0.0118
 4878.000 -0.0079 -0.0121
 4878.020 -0.0089 -0.0085
 4878.040 -0.0090 -0.0057
 4878.060 -0.0090 -0.0068
 4878.080 -0.0089 -0.0104
 4878.100 -0.0087 -0.0124
 4878.120 -0.0081 -0.0104
 4878.140 -0.0063 -0.0067
 4878.160 -0.0043 -0.0052
 4878.180 -0.0020 -0.0089
 4878.200  0.0012 -0.0200
 4878.220  0.0029 -0.0385
 4878.240  0.0025 -0.0566
 4878.260  0.0025 -0.0591
 4878.280  0.0052 -0.0409
 4878.300  0.0095 -0.0158
 4878.320  0.0110  0.0008
 4878.340  0.0080  0.0051
 4878.360  0.0037  0.0002
 4878.380  0.0007 -0.0082
 4878.400  0.0022 -0.0146
 4878.420  0.0062 -0.0168
 4878.440  0.0060 -0.0155
 4878.460  0.0005 -0.0127
 4878.480 -0.0057 -0.0100
 4878.500 -0.0077 -0.0088
 4878.520 -0.0046 -0.0089
 4878.540 -0.0006 -0.0088
 4878.560  0.0010 -0.0070
 4878.580 -0.0003 -0.0051
 4878.600 -0.0028 -0.0074
 4878.620 -0.0046 -0.0143
 4878.640 -0.0049 -0.0210
 4878.660 -0.0032 -0.0225
 4878.680 -0.0009 -0.0185
 4878.700  0.0001 -0.0126
 4878.720 -0.0009 -0.0078
 4878.740 -0.0036 -0.0045
 4878.760 -0.0050 -0.0011
 4878.780 -0.0039  0.0019
 4878.800 -0.0032  0.0025
 4878.820 -0.0038  0.0002
 4878.840 -0.0035 -0.0032
 4878.860 -0.0037 -0.0056
 4878.880 -0.0052 -0.0059
 4878.900 -0.0057 -0.0044
 4878.920 -0.0041 -0.0022
 4878.940 -0.0016  0.0000
 4878.960 -0.0015  0.0020
 4878.980 -0.0037  0.0037
 4879.000 -0.0045  0.0041
 4879.020 -0.0036  0.0027
 4879.040 -0.0041  0.0009
 4879.060 -0.0060  0.0019
 4879.080 -0.0071  0.0061
 4879.100 -0.0074  0.0100
 4879.120 -0.0082  0.0104
 4879.140 -0.0082  0.0070
 4879.160 -0.0067  0.0011
 4879.180 -0.0062 -0.0056
 4879.200 -0.0084 -0.0123
 4879.220 -0.0117 -0.0175
 4879.240 -0.0134 -0.0185
 4879.260 -0.0129 -0.0129
 4879.280 -0.0131 -0.0033
 4879.300 -0.0141  0.0035
 4879.320 -0.0120  0.0030
 4879.340 -0.0074 -0.0039
 4879.360 -0.0029 -0.0126
 4879.380  0.0004 -0.0192
 4879.400  0.0028 -0.0227
 4879.420  0.0036 -0.0251
 4879.440  0.0007 -0.0292
 4879.460 -0.0045 -0.0366
 4879.480 -0.0035 -0.0466
 4879.500  0.0060 -0.0529
 4879.520  0.0117 -0.0449
 4879.540  0.0070 -0.0212
 4879.560 -0.0024  0.0059
 4879.580 -0.0089  0.0232
 4879.600 -0.0099  0.0241
 4879.620 -0.0077  0.0132
 4879.640 -0.0044  0.0014
 4879.660 -0.0004 -0.0057
 4879.680  0.0003 -0.0093
 4879.700 -0.0018 -0.0130
 4879.720 -0.0028 -0.0187
 4879.740 -0.0046 -0.0239
 4879.760 -0.0082 -0.0255
 4879.780 -0.0084 -0.0229
 4879.800 -0.0056 -0.0174
 4879.820 -0.0049 -0.0115
 4879.840 -0.0061 -0.0077
 4879.860 -0.0052 -0.0079
 4879.880 -0.0044 -0.0102
 4879.900 -0.0064 -0.0102
 4879.920 -0.0078 -0.0067
 4879.940 -0.0049 -0.0027
 4879.960 -0.0006 -0.0012
 4879.980  0.0005 -0.0024
 4880.000 -0.0033 -0.0034
 4880.020 -0.0093 -0.0022
 4880.040 -0.0126 -0.0003
 4880.060 -0.0127 -0.0008
 4880.080 -0.0119 -0.0037
 4880.100 -0.0094 -0.0062
 4880.120 -0.0046 -0.0054
 4880.140 -0.0003 -0.0023
 4880.160  0.0000 -0.0009
 4880.180 -0.0028 -0.0041
 4880.200 -0.0044 -0.0089
 4880.220 -0.0033 -0.0112
 4880.240 -0.0028 -0.0104
 4880.260 -0.0052 -0.0085
 4880.280 -0.0077 -0.0077
 4880.300 -0.0073 -0.0083
 4880.320 -0.0037 -0.0093
 4880.340 -0.0002 -0.0100
 4880.360 -0.0004 -0.0105
 4880.380 -0.0034 -0.0104
 4880.400 -0.0056 -0.0092
 4880.420 -0.0048 -0.0082
 4880.440 -0.0015 -0.0096
 4880.460  0.0006 -0.0122
 4880.480 -0.0009 -0.0130
 4880.500 -0.0038 -0.0111
 4880.520 -0.0049 -0.0087
 4880.540 -0.0041 -0.0094
 4880.560 -0.0034 -0.0140
 4880.580 -0.0034 -0.0191
 4880.600 -0.0033 -0.0207
 4880.620 -0.0036 -0.0192
 4880.640 -0.0039 -0.0191
 4880.660 -0.0023 -0.0251
 4880.680  0.0013 -0.0378
 4880.700  0.0084 -0.0525
 4880.720  0.0237 -0.0603
 4880.740  0.0354 -0.0514
 4880.760  0.0236 -0.0294
 4880.780 -0.0017 -0.0094
 4880.800 -0.0155  0.0026
 4880.820 -0.0138  0.0091
 4880.840 -0.0070  0.0088
 4880.860 -0.0020  0.0012
 4880.880  0.0008 -0.0097
 4880.900  0.0024 -0.0175
 4880.920  0.0023 -0.0173
 4880.940 -0.0017 -0.0092
 4880.960 -0.0069 -0.0006
 4880.980 -0.0070  0.0007
 4881.000 -0.0033 -0.0049
 4881.020 -0.0009 -0.0110
 4881.040  0.0001 -0.0129
 4881.060 -0.0001 -0.0106
 4881.080 -0.0008 -0.0083
 4881.100 -0.0001 -0.0091
 4881.120  0.0005 -0.0119
 4881.140 -0.0008 -0.0147
 4881.160 -0.0027 -0.0169
 4881.180 -0.0050 -0.0172
 4881.200 -0.0064 -0.0150
 4881.220 -0.0057 -0.0138
 4881.240 -0.0045 -0.0174
 4881.260 -0.0046 -0.0232
 4881.280 -0.0060 -0.0242
 4881.300 -0.0086 -0.0185
 4881.320 -0.0106 -0.0111
 4881.340 -0.0090 -0.0092
 4881.360 -0.0046 -0.0142
 4881.380 -0.0019 -0.0195
 4881.400 -0.0026 -0.0195
 4881.420 -0.0041 -0.0177
 4881.440 -0.0025 -0.0184
 4881.460  0.0010 -0.0190
 4881.480  0.0015 -0.0155
 4881.500 -0.0024 -0.0094
 4881.520 -0.0061 -0.0044
 4881.540 -0.0058 -0.0028
 4881.560 -0.0040 -0.0039
 4881.580 -0.0046 -0.0053
 4881.600 -0.0066 -0.0047
 4881.620 -0.0073 -0.0019
 4881.640 -0.0065  0.0005
 4881.660 -0.0051 -0.0009
 4881.680 -0.0047 -0.0058
 4881.700 -0.0052 -0.0107
 4881.720 -0.0058 -0.0129
 4881.740 -0.0065 -0.0123
 4881.760 -0.0061 -0.0114
 4881.780 -0.0036 -0.0122
 4881.800 -0.0016 -0.0137
 4881.820 -0.0024 -0.0137
 4881.840 -0.0049 -0.0123
 4881.860 -0.0071 -0.0115
 4881.880 -0.0071 -0.0143
 4881.900 -0.0039 -0.0233
 4881.920  0.0035 -0.0351
 4881.940  0.0146 -0.0312
 4881.960  0.0209  0.0030
 4881.980  0.0139  0.0445
 4882.000  0.0028  0.0564
 4882.020  0.0004  0.0402
 4882.040  0.0030  0.0225
 4882.060  0.0009  0.0142
 4882.080 -0.0050  0.0099
 4882.100 -0.0074  0.0063
 4882.120 -0.0037  0.0043
 4882.140  0.0019  0.0045
 4882.160  0.0034  0.0046
 4882.180  0.0000  0.0018
 4882.200 -0.0040 -0.0032
 4882.220 -0.0049 -0.0044
 4882.240 -0.0031  0.0010
 4882.260 -0.0021  0.0069
 4882.280 -0.0035  0.0068
 4882.300 -0.0046  0.0015
 4882.320 -0.0047 -0.0045
 4882.340 -0.0050 -0.0091
 4882.360 -0.0045 -0.0110
 4882.380 -0.0036 -0.0090
 4882.400 -0.0038 -0.0045
 4882.420 -0.0037 -0.0012
 4882.440 -0.0029 -0.0006
 4882.460 -0.0035 -0.0019
 4882.480 -0.0051 -0.0038
 4882.500 -0.0056 -0.0061
 4882.520 -0.0053 -0.0088
 4882.540 -0.0053 -0.0118
 4882.560 -0.0043 -0.0141
 4882.580 -0.0033 -0.0140
 4882.600 -0.0041 -0.0093
 4882.620 -0.0042 -0.0018
 4882.640 -0.0027  0.0014
 4882.660 -0.0035 -0.0040
 4882.680 -0.0065 -0.0145
 4882.700 -0.0063 -0.0216
 4882.720 -0.0027 -0.0196
 4882.740 -0.0013 -0.0114
 4882.760 -0.0048 -0.0061
 4882.780 -0.0090 -0.0069
 4882.800 -0.0104 -0.0076
 4882.820 -0.0096 -0.0049
 4882.840 -0.0079 -0.0034
 4882.860 -0.0059 -0.0078
 4882.880 -0.0037 -0.0163
 4882.900 -0.0010 -0.0215
 4882.920  0.0010 -0.0185
 4882.940  0.0019 -0.0102
 4882.960  0.0019 -0.0036
 4882.980 -0.0004 -0.0015
 4883.000 -0.0046 -0.0022
 4883.020 -0.0071 -0.0047
 4883.040 -0.0064 -0.0100
 4883.060 -0.0044 -0.0182
 4883.080 -0.0015 -0.0273
 4883.100  0.0042 -0.0314
 4883.120  0.0120 -0.0237
 4883.140  0.0139 -0.0054
 4883.160  0.0061  0.0122
 4883.180 -0.0017  0.0192
 4883.200 -0.0035  0.0155
 4883.220 -0.0041  0.0061
 4883.240 -0.0055 -0.0037
 4883.260 -0.0051 -0.0089
 4883.280 -0.0022 -0.0069
 4883.300  0.0007  0.0001
 4883.320 -0.0008  0.0063
 4883.340 -0.0055  0.0071
 4883.360 -0.0069  0.0036
 4883.380 -0.0039  0.0000
 4883.400 -0.0006 -0.0017
 4883.420  0.0022 -0.0021
 4883.440  0.0042 -0.0019
 4883.460  0.0027 -0.0014
 4883.480 -0.0016 -0.0013
 4883.500 -0.0038 -0.0017
 4883.520 -0.0026 -0.0018
 4883.540 -0.0016 -0.0020
 4883.560 -0.0026 -0.0039
 4883.580 -0.0026 -0.0076
 4883.600 -0.0004 -0.0105
 4883.620  0.0000 -0.0108
 4883.640 -0.0027 -0.0099
 4883.660 -0.0051 -0.0096
 4883.680 -0.0058 -0.0099
 4883.700 -0.0063 -0.0091
 4883.720 -0.0068 -0.0060
 4883.740 -0.0065 -0.0020
 4883.760 -0.0045  0.0004
 4883.780 -0.0018 -0.0002
 4883.800 -0.0006 -0.0037
 4883.820 -0.0008 -0.0091
 4883.840 -0.0008 -0.0139
 4883.860 -0.0014 -0.0137
 4883.880 -0.0039 -0.0076
 4883.900 -0.0057 -0.0011
 4883.920 -0.0052  0.0000
 4883.940 -0.0037 -0.0032
 4883.960 -0.0022 -0.0065
 4883.980 -0.0021 -0.0081
 4884.000 -0.0032 -0.0080
 4884.020 -0.0039 -0.0071
 4884.040 -0.0043 -0.0069
 4884.060 -0.0045 -0.0087
 4884.080 -0.0045 -0.0115
 4884.100 -0.0043 -0.0126
 4884.120 -0.0041 -0.0104
 4884.140 -0.0047 -0.0070
 4884.160 -0.0054 -0.0063
 4884.180 -0.0039 -0.0103
 4884.200 -0.0013 -0.0159
 4884.220 -0.0006 -0.0184
 4884.240 -0.0021 -0.0186
 4884.260 -0.0018 -0.0205
 4884.280  0.0017 -0.0200
 4884.300  0.0025 -0.0107
 4884.320 -0.0018  0.0014
 4884.340 -0.0053  0.0051
 4884.360 -0.0048  0.0000
 4884.380 -0.0033 -0.0079
 4884.400 -0.0026 -0.0150
 4884.420 -0.0026 -0.0191
 4884.440 -0.0039 -0.0177
 4884.460 -0.0064 -0.0121
 4884.480 -0.0075 -0.0070
 4884.500 -0.0071 -0.0052
 4884.520 -0.0074 -0.0049
 4884.540 -0.0082 -0.0027
 4884.560 -0.0079  0.0018
 4884.580 -0.0069  0.0056
 4884.600 -0.0047  0.0060
 4884.620 -0.0021  0.0037
 4884.640 -0.0018  0.0010
 4884.660 -0.0028 -0.0019
 4884.680 -0.0030 -0.0054
 4884.700 -0.0029 -0.0069
 4884.720 -0.0018 -0.0052
 4884.740 -0.0003 -0.0035
 4884.760 -0.0013 -0.0048
 4884.780 -0.0047 -0.0071
 4884.800 -0.0071 -0.0083
 4884.820 -0.0057 -0.0100
 4884.840 -0.0022 -0.0122
 4884.860 -0.0001 -0.0113
 4884.880 -0.0007 -0.0061
 4884.900 -0.0021 -0.0003
 4884.920 -0.0034  0.0006
 4884.940 -0.0048 -0.0044
 4884.960 -0.0063 -0.0104
 4884.980 -0.0077 -0.0116
 4885.000 -0.0087 -0.0084
 4885.020 -0.0090 -0.0056
 4885.040 -0.0089 -0.0046
 4885.060 -0.0091 -0.0041
 4885.080 -0.0091 -0.0043
 4885.100 -0.0076 -0.0052
 4885.120 -0.0059 -0.0035
 4885.140 -0.0050  0.0025
 4885.160 -0.0045  0.0084
 4885.180 -0.0037  0.0091
 4885.200 -0.0032  0.0056
 4885.220 -0.0034  0.0023
 4885.240 -0.0030  0.0014
 4885.260 -0.0027  0.0009
 4885.280 -0.0041 -0.0027
 4885.300 -0.0061 -0.0082
 4885.320 -0.0065 -0.0106
 4885.340 -0.0062 -0.0087
 4885.360 -0.0069 -0.0080
 4885.380 -0.0071 -0.0125
 4885.400 -0.0032 -0.0205
 4885.420  0.0018 -0.0253
 4885.440 -0.0008 -0.0204
 4885.460 -0.0084 -0.0078
 4885.480 -0.0096  0.0033
 4885.500 -0.0051  0.0074
 4885.520 -0.0026  0.0066
 4885.540 -0.0029  0.0046
 4885.560 -0.0033  0.0031
 4885.580 -0.0036  0.0022
 4885.600 -0.0036  0.0013
 4885.620 -0.0036  0.0008
 4885.640 -0.0028  0.0014
 4885.660 -0.0011  0.0034
 4885.680 -0.0003  0.0051
 4885.700 -0.0008  0.0035
 4885.720 -0.0005 -0.0017
 4885.740  0.0001 -0.0078
 4885.760 -0.0009 -0.0110
 4885.780 -0.0021 -0.0099
 4885.800 -0.0017 -0.0059
 4885.820 -0.0022 -0.0011
 4885.840 -0.0046  0.0036
 4885.860 -0.0061  0.0075
 4885.880 -0.0053  0.0079
 4885.900 -0.0041  0.0033
 4885.920 -0.0026 -0.0026
 4885.940 -0.0005 -0.0054
 4885.960  0.0004 -0.0049
 4885.980 -0.0001 -0.0042
 4886.000 -0.0012 -0.0056
 4886.020 -0.0023 -0.0080
 4886.040 -0.0034 -0.0080
 4886.060 -0.0040 -0.0050
 4886.080 -0.0043 -0.0027
 4886.100 -0.0052 -0.0046
 4886.120 -0.0053 -0.0098
 4886.140 -0.0035 -0.0153
 4886.160 -0.0015 -0.0182
 4886.180 -0.0007 -0.0179
 4886.200 -0.0014 -0.0151
 4886.220 -0.0044 -0.0120
 4886.240 -0.0071 -0.0087
 4886.260 -0.0054 -0.0035
 4886.280 -0.0022  0.0037
 4886.300 -0.0016  0.0074
 4886.320 -0.0018  0.0032
 4886.340 -0.0012 -0.0045
 4886.360 -0.0008 -0.0073
 4886.380 -0.0014 -0.0023
 4886.400 -0.0031  0.0053
 4886.420 -0.0038  0.0074
 4886.440 -0.0021  0.0021
 4886.460 -0.0007 -0.0033
 4886.480 -0.0005 -0.0045
 4886.500  0.0008 -0.0063
 4886.520  0.0045 -0.0125
 4886.540  0.0075 -0.0173
 4886.560  0.0031 -0.0142
 4886.580 -0.0065 -0.0056
 4886.600 -0.0105 -0.0009
 4886.620 -0.0068 -0.0046
 4886.640 -0.0029 -0.0106
 4886.660 -0.0016 -0.0110
 4886.680 -0.0009 -0.0074
 4886.700 -0.0013 -0.0063
 4886.720 -0.0036 -0.0081
 4886.740 -0.0058 -0.0084
 4886.760 -0.0064 -0.0048
 4886.780 -0.0050  0.0003
 4886.800 -0.0023  0.0034
 4886.820  0.0001  0.0038
 4886.840  0.0004  0.0046
 4886.860 -0.0010  0.0066
 4886.880 -0.0022  0.0058
 4886.900 -0.0036  0.0006
 4886.920 -0.0051 -0.0042
 4886.940 -0.0042 -0.0035
 4886.960 -0.0023  0.0017
 4886.980 -0.0028  0.0055
 4887.000 -0.0038  0.0031
 4887.020 -0.0030 -0.0044
 4887.040 -0.0016 -0.0114
 4887.060 -0.0003 -0.0148
 4887.080  0.0008 -0.0152
 4887.100  0.0001 -0.0138
 4887.120 -0.0035 -0.0106
 4887.140 -0.0070 -0.0060
 4887.160 -0.0076 -0.0016
 4887.180 -0.0073  0.0009
 4887.200 -0.0070  0.0011
 4887.220 -0.0048 -0.0005
 4887.240 -0.0019 -0.0032
 4887.260 -0.0005 -0.0065
 4887.280 -0.0004 -0.0098
 4887.300 -0.0005 -0.0121
 4887.320 -0.0005 -0.0126
 4887.340 -0.0013 -0.0116
 4887.360 -0.0027 -0.0109
 4887.380 -0.0049 -0.0120
 4887.400 -0.0079 -0.0142
 4887.420 -0.0102 -0.0148
 4887.440 -0.0098 -0.0121
 4887.460 -0.0072 -0.0073
 4887.480 -0.0051 -0.0036
 4887.500 -0.0054 -0.0030
 4887.520 -0.0070 -0.0044
 4887.540 -0.0066 -0.0053
 4887.560 -0.0033 -0.0064
 4887.580  0.0010 -0.0095
 4887.600  0.0033 -0.0146
 4887.620  0.0016 -0.0192
 4887.640 -0.0028 -0.0200
 4887.660 -0.0064 -0.0159
 4887.680 -0.0064 -0.0105
 4887.700 -0.0033 -0.0091
 4887.720 -0.0008 -0.0129
 4887.740 -0.0009 -0.0172
 4887.760 -0.0014 -0.0164
 4887.780 -0.0009 -0.0105
 4887.800 -0.0014 -0.0055
 4887.820 -0.0030 -0.0059
 4887.840 -0.0031 -0.0101
 4887.860 -0.0013 -0.0126
 4887.880 -0.0003 -0.0106
 4887.900 -0.0020 -0.0084
 4887.920 -0.0048 -0.0116
 4887.940 -0.0068 -0.0178
 4887.960 -0.0050 -0.0192
 4887.980  0.0001 -0.0137
 4888.000  0.0027 -0.0055
 4888.020  0.0010  0.0005
 4888.040 -0.0001  0.0023
 4888.060  0.0011  0.0006
 4888.080  0.0015 -0.0037
 4888.100  0.0002 -0.0101
 4888.120 -0.0015 -0.0154
 4888.140 -0.0027 -0.0139
 4888.160 -0.0029 -0.0056
 4888.180 -0.0017  0.0017
 4888.200  0.0000  0.0021
 4888.220  0.0008 -0.0015
 4888.240  0.0004 -0.0039
 4888.260 -0.0004 -0.0036
 4888.280  0.0001 -0.0030
 4888.300  0.0014 -0.0045
 4888.320  0.0010 -0.0061
 4888.340 -0.0007 -0.0044
 4888.360 -0.0019 -0.0009
 4888.380 -0.0023  0.0000
 4888.400 -0.0023 -0.0033
 4888.420 -0.0024 -0.0086
 4888.440 -0.0020 -0.0121
 4888.460 -0.0011 -0.0122
 4888.480 -0.0014 -0.0094
 4888.500 -0.0039 -0.0063
 4888.520 -0.0064 -0.0054
 4888.540 -0.0067 -0.0070
 4888.560 -0.0051 -0.0088
 4888.580 -0.0032 -0.0085
 4888.600 -0.0032 -0.0061
 4888.620 -0.0045 -0.0040
 4888.640 -0.0039 -0.0048
 4888.660 -0.0021 -0.0074
 4888.680 -0.0015 -0.0086
 4888.700 -0.0022 -0.0072
 4888.720 -0.0041 -0.0051
 4888.740 -0.0068 -0.0032
 4888.760 -0.0083 -0.0012
 4888.780 -0.0071  0.0002
 4888.800 -0.0057 -0.0010
 4888.820 -0.0051 -0.0050
 4888.840 -0.0032 -0.0092
 4888.860 -0.0010 -0.0086
 4888.880 -0.0021 -0.0021
 4888.900 -0.0056  0.0044
 4888.920 -0.0072  0.0049
 4888.940 -0.0054  0.0008
 4888.960 -0.0016 -0.0031
 4888.980  0.0012 -0.0044
 4889.000  0.0016 -0.0044
 4889.020  0.0010 -0.0061
 4889.040  0.0001 -0.0100
 4889.060 -0.0017 -0.0134
 4889.080 -0.0039 -0.0135
 4889.100 -0.0050 -0.0099
 4889.120 -0.0043 -0.0048
 4889.140 -0.0037 -0.0007
 4889.160 -0.0030  0.0007
 4889.180 -0.0004 -0.0006
 4889.200  0.0023 -0.0027
 4889.220  0.0022 -0.0041
 4889.240  0.0004 -0.0051
 4889.260 -0.0004 -0.0072
 4889.280  0.0001 -0.0107
 4889.300  0.0007 -0.0140
 4889.320  0.0001 -0.0138
 4889.340 -0.0018 -0.0092
 4889.360 -0.0035 -0.0033
 4889.380 -0.0030 -0.0003
 4889.400 -0.0003 -0.0023
 4889.420  0.0018 -0.0069
 4889.440  0.0014 -0.0094
 4889.460 -0.0003 -0.0073
 4889.480 -0.0011 -0.0026
 4889.500 -0.0005  0.0005
 4889.520  0.0001 -0.0009
 4889.540  0.0001 -0.0060
 4889.560 -0.0007 -0.0115
 4889.580 -0.0019 -0.0138
 4889.600 -0.0019 -0.0127
 4889.620 -0.0013 -0.0114
 4889.640 -0.0013 -0.0131
 4889.660 -0.0015 -0.0170
 4889.680 -0.0015 -0.0187
 4889.700 -0.0030 -0.0148
 4889.720 -0.0071 -0.0075
 4889.740 -0.0097 -0.0025
 4889.760 -0.0057 -0.0029
 4889.780 -0.0003 -0.0061
 4889.800  0.0010 -0.0088
 4889.820  0.0004 -0.0102
 4889.840 -0.0002 -0.0099
 4889.860 -0.0021 -0.0068
 4889.880 -0.0044 -0.0016
 4889.900 -0.0047  0.0018
 4889.920 -0.0021  0.0004
 4889.940  0.0012 -0.0051
 4889.960  0.0023 -0.0102
 4889.980  0.0001 -0.0106
 4890.000 -0.0028 -0.0074
 4890.020 -0.0041 -0.0044
 4890.040 -0.0045 -0.0024
 4890.060 -0.0056  0.0003
 4890.080 -0.0062  0.0043
 4890.100 -0.0054  0.0073
 4890.120 -0.0045  0.0071
 4890.140 -0.0035  0.0039
 4890.160 -0.0030  0.0013
 4890.180 -0.0036  0.0018
 4890.200 -0.0037  0.0039
 4890.220 -0.0031  0.0046
 4890.240 -0.0017  0.0031
 4890.260  0.0015  0.0000
 4890.280  0.0039 -0.0034
 4890.300  0.0025 -0.0059
 4890.320  0.0001 -0.0068
 4890.340 -0.0001 -0.0056
 4890.360  0.0003 -0.0029
 4890.380 -0.0011 -0.0009
 4890.400 -0.0036 -0.0011
 4890.420 -0.0055 -0.0020
 4890.440 -0.0065 -0.0010
 4890.460 -0.0053  0.0018
 4890.480 -0.0026  0.0030
 4890.500 -0.0012 -0.0008
 4890.520 -0.0022 -0.0092
 4890.540 -0.0030 -0.0163
 4890.560 -0.0020 -0.0162
 4890.580 -0.0011 -0.0087
 4890.600 -0.0012  0.0009
 4890.620 -0.0022  0.0061
 4890.640 -0.0031  0.0044
 4890.660 -0.0030 -0.0014
 4890.680 -0.0028 -0.0074
 4890.700 -0.0035 -0.0110
 4890.720 -0.0048 -0.0121
 4890.740 -0.0062 -0.0125
 4890.760 -0.0060 -0.0137
 4890.780 -0.0036 -0.0159
 4890.800 -0.0025 -0.0175
 4890.820 -0.0034 -0.0171
 4890.840 -0.0036 -0.0153
 4890.860 -0.0038 -0.0142
 4890.880 -0.0052 -0.0148
 4890.900 -0.0051 -0.0161
 4890.920 -0.0044 -0.0166
 4890.940 -0.0050 -0.0157
 4890.960 -0.0057 -0.0139
 4890.980 -0.0056 -0.0119
 4891.000 -0.0049 -0.0098
 4891.020 -0.0033 -0.0079
 4891.040 -0.0022 -0.0072
 4891.060 -0.0033 -0.0087
 4891.080 -0.0058 -0.0130
 4891.100 -0.0075 -0.0193
 4891.120 -0.0069 -0.0254
 4891.140 -0.0044 -0.0265
 4891.160 -0.0015 -0.0187
 4891.180 -0.0013 -0.0050
 4891.200 -0.0040  0.0046
 4891.220 -0.0051  0.0040
 4891.240 -0.0018 -0.0032
 4891.260  0.0023 -0.0086
 4891.280  0.0028 -0.0079
 4891.300  0.0004 -0.0049
 4891.320 -0.0018 -0.0051
 4891.340 -0.0029 -0.0084
 4891.360 -0.0024 -0.0114
 4891.380 -0.0007 -0.0134
 4891.400 -0.0006 -0.0147
 4891.420 -0.0032 -0.0137
 4891.440 -0.0057 -0.0091
 4891.460 -0.0060 -0.0033
 4891.480 -0.0057 -0.0006
 4891.500 -0.0065 -0.0031
 4891.520 -0.0063 -0.0080
 4891.540 -0.0043 -0.0099
 4891.560 -0.0027 -0.0074
 4891.580 -0.0027 -0.0043
 4891.600 -0.0037 -0.0050
 4891.620 -0.0047 -0.0103
 4891.640 -0.0046 -0.0165
 4891.660 -0.0042 -0.0191
 4891.680 -0.0055 -0.0161
 4891.700 -0.0071 -0.0099
 4891.720 -0.0066 -0.0048
 4891.740 -0.0035 -0.0026
 4891.760 -0.0005 -0.0012
 4891.780  0.0000  0.0010
 4891.800 -0.0002  0.0007
 4891.820  0.0011 -0.0054
 4891.840  0.0020 -0.0142
 4891.860 -0.0010 -0.0181
 4891.880 -0.0054 -0.0124
 4891.900 -0.0054 -0.0004
 4891.920 -0.0025  0.0083
 4891.940 -0.0013  0.0080
 4891.960 -0.0005  0.0018
 4891.980  0.0007 -0.0044
 4892.000 -0.0011 -0.0077
 4892.020 -0.0036 -0.0087
 4892.040 -0.0023 -0.0090
 4892.060  0.0007 -0.0090
 4892.080  0.0015 -0.0080
 4892.100  0.0022 -0.0059
 4892.120  0.0026 -0.0034
 4892.140 -0.0004 -0.0015
 4892.160 -0.0044 -0.0004
 4892.180 -0.0056 -0.0003
 4892.200 -0.0059 -0.0015
 4892.220 -0.0074 -0.0051
 4892.240 -0.0091 -0.0101
 4892.260 -0.0097 -0.0124
 4892.280 -0.0083 -0.0100
 4892.300 -0.0059 -0.0057
 4892.320 -0.0044 -0.0039
 4892.340 -0.0031 -0.0046
 4892.360 -0.0016 -0.0059
 4892.380 -0.0021 -0.0062
 4892.400 -0.0044 -0.0056
 4892.420 -0.0057 -0.0040
 4892.440 -0.0048 -0.0016
 4892.460 -0.0037  0.0013
 4892.480 -0.0034  0.0038
 4892.500 -0.0023  0.0047
 4892.520 -0.0001  0.0043
 4892.540  0.0006  0.0028
 4892.560 -0.0016 -0.0012
 4892.580 -0.0042 -0.0082
 4892.600 -0.0044 -0.0146
 4892.620 -0.0024 -0.0150
 4892.640 -0.0015 -0.0081
 4892.660 -0.0033  0.0021
 4892.680 -0.0051  0.0098
 4892.700 -0.0044  0.0117
 4892.720 -0.0023  0.0082
 4892.740 -0.0021  0.0018
 4892.760 -0.0041 -0.0053
 4892.780 -0.0056 -0.0112
 4892.800 -0.0060 -0.0145
 4892.820 -0.0059 -0.0146
 4892.840 -0.0062 -0.0127
 4892.860 -0.0065 -0.0106
 4892.880 -0.0062 -0.0097
 4892.900 -0.0052 -0.0085
 4892.920 -0.0050 -0.0051
 4892.940 -0.0056 -0.0007
 4892.960 -0.0043  0.0014
 4892.980 -0.0009 -0.0007
 4893.000  0.0011 -0.0054
 4893.020  0.0018 -0.0093
 4893.040  0.0030 -0.0111
 4893.060  0.0029 -0.0143
 4893.080  0.0007 -0.0198
 4893.100 -0.0002 -0.0214
 4893.120 -0.0001 -0.0154
 4893.140 -0.0025 -0.0082
 4893.160 -0.0061 -0.0073
 4893.180 -0.0062 -0.0109
 4893.200 -0.0037 -0.0127
 4893.220 -0.0032 -0.0103
 4893.240 -0.0055 -0.0061
 4893.260 -0.0068 -0.0045
 4893.280 -0.0050 -0.0064
 4893.300 -0.0024 -0.0096
 4893.320 -0.0016 -0.0129
 4893.340 -0.0021 -0.0157
 4893.360 -0.0027 -0.0154
 4893.380 -0.0040 -0.0111
 4893.400 -0.0054 -0.0074
 4893.420 -0.0043 -0.0086
 4893.440 -0.0025 -0.0119
 4893.460 -0.0031 -0.0114
 4893.480 -0.0037 -0.0067
 4893.500 -0.0018 -0.0029
 4893.520  0.0010 -0.0045
 4893.540  0.0016 -0.0096
 4893.560 -0.0009 -0.0101
 4893.580 -0.0044 -0.0031
 4893.600 -0.0062  0.0045
 4893.620 -0.0056  0.0053
 4893.640 -0.0036 -0.0007
 4893.660 -0.0020 -0.0072
 4893.680 -0.0030 -0.0088
 4893.700 -0.0061 -0.0066
 4893.720 -0.0083 -0.0050
 4893.740 -0.0065 -0.0045
 4893.760 -0.0026 -0.0020
 4893.780 -0.0003  0.0021
 4893.800 -0.0008  0.0032
 4893.820 -0.0031 -0.0030
 4893.840 -0.0058 -0.0148
 4893.860 -0.0076 -0.0242
 4893.880 -0.0076 -0.0259
 4893.900 -0.0056 -0.0235
 4893.920 -0.0035 -0.0225
 4893.940 -0.0035 -0.0210
 4893.960 -0.0040 -0.0158
 4893.980 -0.0033 -0.0096
 4894.000 -0.0030 -0.0080
 4894.020 -0.0040 -0.0135
 4894.040 -0.0045 -0.0219
 4894.060 -0.0021 -0.0252
 4894.080  0.0014 -0.0204
 4894.100  0.0001 -0.0113
 4894.120 -0.0055 -0.0042
 4894.140 -0.0095 -0.0026
 4894.160 -0.0104 -0.0065
 4894.180 -0.0096 -0.0136
 4894.200 -0.0072 -0.0200
 4894.220 -0.0049 -0.0221
 4894.240 -0.0051 -0.0200
 4894.260 -0.0064 -0.0167
 4894.280 -0.0062 -0.0157
 4894.300 -0.0052 -0.0180
 4894.320 -0.0041 -0.0204
 4894.340 -0.0025 -0.0197
 4894.360 -0.0024 -0.0160
 4894.380 -0.0042 -0.0116
 4894.400 -0.0057 -0.0086
 4894.420 -0.0064 -0.0077
 4894.440 -0.0063 -0.0088
 4894.460 -0.0051 -0.0102
 4894.480 -0.0040 -0.0099
 4894.500 -0.0050 -0.0077
 4894.520 -0.0068 -0.0054
 4894.540 -0.0076 -0.0051
 4894.560 -0.0079 -0.0071
 4894.580 -0.0080 -0.0100
 4894.600 -0.0070 -0.0115
 4894.620 -0.0042 -0.0110
 4894.640 -0.0023 -0.0094
 4894.660 -0.0037 -0.0082
 4894.680 -0.0048 -0.0086
 4894.700 -0.0014 -0.0111
 4894.720  0.0009 -0.0146
 4894.740 -0.0023 -0.0158
 4894.760 -0.0058 -0.0129
 4894.780 -0.0051 -0.0079
 4894.800 -0.0023 -0.0048
 4894.820 -0.0006 -0.0051
 4894.840  0.0008 -0.0070
 4894.860  0.0029 -0.0079
 4894.880  0.0027 -0.0073
 4894.900  0.0001 -0.0072
 4894.920 -0.0013 -0.0090
 4894.940 -0.0016 -0.0122
 4894.960 -0.0026 -0.0139
 4894.980 -0.0048 -0.0120
 4895.000 -0.0065 -0.0066
 4895.020 -0.0055 -0.0006
 4895.040 -0.0026  0.0026
 4895.060 -0.0009  0.0020
 4895.080 -0.0020  0.0004
 4895.100 -0.0046  0.0014
 4895.120 -0.0053  0.0050
 4895.140 -0.0035  0.0079
 4895.160 -0.0021  0.0070
 4895.180 -0.0026  0.0026
 4895.200 -0.0032 -0.0013
 4895.220 -0.0029 -0.0023
 4895.240 -0.0031 -0.0023
 4895.260 -0.0052 -0.0035
 4895.280 -0.0079 -0.0056
 4895.300 -0.0090 -0.0072
 4895.320 -0.0077 -0.0078
 4895.340 -0.0058 -0.0082
 4895.360 -0.0058 -0.0094
 4895.380 -0.0059 -0.0111
 4895.400 -0.0045 -0.0121
 4895.420 -0.0034 -0.0125
 4895.440 -0.0038 -0.0127
 4895.460 -0.0023 -0.0122
 4895.480  0.0028 -0.0107
 4895.500  0.0034 -0.0098
 4895.520 -0.0056 -0.0090
 4895.540 -0.0133 -0.0044
 4895.560 -0.0119  0.0030
 4895.580 -0.0083  0.0061
 4895.600 -0.0074  0.0015
 4895.620 -0.0064 -0.0046
 4895.640 -0.0042 -0.0055
 4895.660 -0.0035 -0.0013
 4895.680 -0.0052  0.0025
 4895.700 -0.0064  0.0011
 4895.720 -0.0047 -0.0030
 4895.740 -0.0027 -0.0035
 4895.760 -0.0028 -0.0008
 4895.780 -0.0034 -0.0017
 4895.800 -0.0046 -0.0071
 4895.820 -0.0068 -0.0105
 4895.840 -0.0063 -0.0076
 4895.860 -0.0016 -0.0016
 4895.880  0.0014  0.0020
 4895.900 -0.0004  0.0004
 4895.920 -0.0038 -0.0032
 4895.940 -0.0066 -0.0051
 4895.960 -0.0080 -0.0057
 4895.980 -0.0079 -0.0076
 4896.000 -0.0085 -0.0104
 4896.020 -0.0097 -0.0129
 4896.040 -0.0088 -0.0147
 4896.060 -0.0067 -0.0162
 4896.080 -0.0062 -0.0163
 4896.100 -0.0065 -0.0144
 4896.120 -0.0055 -0.0110
 4896.140 -0.0026 -0.0071
 4896.160 -0.0002 -0.0037
 4896.180  0.0000 -0.0029
 4896.200 -0.0013 -0.0059
 4896.220 -0.0018 -0.0109
 4896.240 -0.0010 -0.0142
 4896.260 -0.0013 -0.0135
 4896.280 -0.0040 -0.0104
 4896.300 -0.0055 -0.0081
 4896.320 -0.0036 -0.0086
 4896.340 -0.0007 -0.0114
 4896.360 -0.0003 -0.0141
 4896.380 -0.0017 -0.0146
 4896.400 -0.0022 -0.0120
 4896.420 -0.0016 -0.0073
 4896.440 -0.0016 -0.0030
 4896.460 -0.0029 -0.0008
 4896.480 -0.0045 -0.0007
 4896.500 -0.0040 -0.0016
 4896.520 -0.0008 -0.0032
 4896.540  0.0024 -0.0058
 4896.560  0.0031 -0.0084
 4896.580  0.0001 -0.0089
 4896.600 -0.0046 -0.0077
 4896.620 -0.0064 -0.0064
 4896.640 -0.0044 -0.0053
 4896.660 -0.0019 -0.0031
 4896.680 -0.0016  0.0000
 4896.700 -0.0032  0.0017
 4896.720 -0.0050 -0.0001
 4896.740 -0.0067 -0.0048
 4896.760 -0.0075 -0.0086
 4896.780 -0.0058 -0.0084
 4896.800 -0.0035 -0.0057
 4896.820 -0.0040 -0.0047
 4896.840 -0.0055 -0.0085
 4896.860 -0.0045 -0.0161
 4896.880 -0.0009 -0.0224
 4896.900  0.0004 -0.0209
 4896.920 -0.0031 -0.0104
 4896.940 -0.0065  0.0022
 4896.960 -0.0064  0.0081
 4896.980 -0.0062  0.0058
 4897.000 -0.0077  0.0002
 4897.020 -0.0089 -0.0042
 4897.040 -0.0086 -0.0060
 4897.060 -0.0076 -0.0054
 4897.080 -0.0060 -0.0040
 4897.100 -0.0039 -0.0050
 4897.120 -0.0026 -0.0097
 4897.140 -0.0015 -0.0151
 4897.160 -0.0002 -0.0166
 4897.180 -0.0009 -0.0135
 4897.200 -0.0035 -0.0091
 4897.220 -0.0051 -0.0069
 4897.240 -0.0039 -0.0074
 4897.260 -0.0018 -0.0075
 4897.280 -0.0015 -0.0061
 4897.300 -0.0025 -0.0064
 4897.320 -0.0031 -0.0103
 4897.340 -0.0029 -0.0140
 4897.360 -0.0023 -0.0131
 4897.380 -0.0024 -0.0081
 4897.400 -0.0021 -0.0036
 4897.420 -0.0010 -0.0039
 4897.440 -0.0012 -0.0066
 4897.460 -0.0034 -0.0061
 4897.480 -0.0057 -0.0016
 4897.500 -0.0064  0.0016
 4897.520 -0.0055 -0.0017
 4897.540 -0.0040 -0.0106
 4897.560 -0.0026 -0.0184
 4897.580 -0.0029 -0.0191
 4897.600 -0.0049 -0.0141
 4897.620 -0.0062 -0.0081
 4897.640 -0.0055 -0.0038
 4897.660 -0.0041 -0.0013
 4897.680 -0.0038 -0.0014
 4897.700 -0.0045 -0.0038
 4897.720 -0.0047 -0.0069
 4897.740 -0.0041 -0.0085
 4897.760 -0.0033 -0.0081
 4897.780 -0.0037 -0.0057
 4897.800 -0.0047 -0.0023
 4897.820 -0.0040  0.0008
 4897.840 -0.0018  0.0015
 4897.860 -0.0006 -0.0005
 4897.880 -0.0011 -0.0034
 4897.900 -0.0018 -0.0048
 4897.920 -0.0022 -0.0043
 4897.940 -0.0036 -0.0055
 4897.960 -0.0071 -0.0107
 4897.980 -0.0104 -0.0150
 4898.000 -0.0102 -0.0127
 4898.020 -0.0060 -0.0067
 4898.040 -0.0012 -0.0035
 4898.060  0.0001 -0.0041
 4898.080 -0.0019 -0.0047
 4898.100 -0.0041 -0.0034
 4898.120 -0.0049 -0.0015
 4898.140 -0.0042 -0.0012
 4898.160 -0.0037 -0.0033
 4898.180 -0.0049 -0.0059
 4898.200 -0.0061 -0.0087
 4898.220 -0.0048 -0.0134
 4898.240 -0.0020 -0.0189
 4898.260 -0.0012 -0.0191
 4898.280 -0.0030 -0.0105
 4898.300 -0.0028  0.0020
 4898.320  0.0003  0.0100
 4898.340  0.0019  0.0101
 4898.360  0.0001  0.0048
 4898.380 -0.0024 -0.0024
 4898.400 -0.0033 -0.0073
 4898.420 -0.0027 -0.0076
 4898.440 -0.0029 -0.0051
 4898.460 -0.0043 -0.0028
 4898.480 -0.0044 -0.0022
 4898.500 -0.0040 -0.0029
 4898.520 -0.0034 -0.0040
 4898.540 -0.0014 -0.0045
 4898.560  0.0001 -0.0032
 4898.580 -0.0010  0.0006
 4898.600 -0.0033  0.0062
 4898.620 -0.0045  0.0101
 4898.640 -0.0044  0.0089
 4898.660 -0.0039  0.0032
 4898.680 -0.0027 -0.0023
 4898.700 -0.0021 -0.0046
 4898.720 -0.0028 -0.0040
 4898.740 -0.0025 -0.0023
 4898.760 -0.0007 -0.0009
 4898.780  0.0011 -0.0007
 4898.800  0.0008 -0.0015
 4898.820 -0.0014 -0.0019
 4898.840 -0.0034 -0.0003
 4898.860 -0.0060  0.0034
 4898.880 -0.0083  0.0068
 4898.900 -0.0079  0.0070
 4898.920 -0.0051  0.0031
 4898.940 -0.0022 -0.0020
 4898.960  0.0001 -0.0043
 4898.980  0.0025 -0.0019
 4899.000  0.0042  0.0029
 4899.020  0.0026  0.0055
 4899.040 -0.0018  0.0036
 4899.060 -0.0047 -0.0005
 4899.080 -0.0043 -0.0034
 4899.100 -0.0033 -0.0045
 4899.120 -0.0034 -0.0055
 4899.140 -0.0042 -0.0075
 4899.160 -0.0051 -0.0083
 4899.180 -0.0058 -0.0059
 4899.200 -0.0054 -0.0026
 4899.220 -0.0039 -0.0021
 4899.240 -0.0026 -0.0039
 4899.260 -0.0024 -0.0052
 4899.280 -0.0023 -0.0067
 4899.300 -0.0013 -0.0105
 4899.320 -0.0005 -0.0151
 4899.340 -0.0008 -0.0171
 4899.360 -0.0014 -0.0143
 4899.380 -0.0022 -0.0088
 4899.400 -0.0037 -0.0052
 4899.420 -0.0054 -0.0048
 4899.440 -0.0057 -0.0051
 4899.460 -0.0046 -0.0053
 4899.480 -0.0036 -0.0084
 4899.500 -0.0033 -0.0147
 4899.520 -0.0031 -0.0202
 4899.540 -0.0033 -0.0220
 4899.560 -0.0028 -0.0199
 4899.580 -0.0005 -0.0124
 4899.600 -0.0005  0.0013
 4899.620 -0.0063  0.0142
 4899.640 -0.0110  0.0176
 4899.660 -0.0077  0.0105
 4899.680 -0.0006 -0.0008
 4899.700  0.0023 -0.0085
 4899.720  0.0002 -0.0097
 4899.740 -0.0018 -0.0088
 4899.760 -0.0024 -0.0103
 4899.780 -0.0036 -0.0122
 4899.800 -0.0047 -0.0121
 4899.820 -0.0051 -0.0114
 4899.840 -0.0051 -0.0100
 4899.860 -0.0049 -0.0049
 4899.880 -0.0036  0.0034
 4899.900 -0.0009  0.0085
 4899.920  0.0003  0.0044
 4899.940 -0.0023 -0.0072
 4899.960 -0.0059 -0.0172
 4899.980 -0.0071 -0.0177
 4900.000 -0.0060 -0.0117
 4900.020 -0.0045 -0.0076
 4900.040 -0.0027 -0.0063
 4900.060 -0.0008 -0.0039
 4900.080 -0.0002 -0.0012
 4900.100 -0.0017 -0.0023
 4900.120 -0.0048 -0.0073
 4900.140 -0.0075 -0.0120
 4900.160 -0.0074 -0.0129
 4900.180 -0.0041 -0.0098
 4900.200 -0.0008 -0.0057
 4900.220 -0.0009 -0.0028
 4900.240 -0.0027 -0.0005
 4900.260 -0.0028  0.0004
 4900.280 -0.0019 -0.0019
 4900.300 -0.0027 -0.0057
 4900.320 -0.0043 -0.0055
 4900.340 -0.0040 -0.0002
 4900.360 -0.0022  0.0052
 4900.380 -0.0019  0.0061
 4900.400 -0.0027  0.0031
 4900.420 -0.0025 -0.0010
 4900.440 -0.0028 -0.0041
 4900.460 -0.0036 -0.0055
 4900.480 -0.0027 -0.0056
 4900.500 -0.0012 -0.0041
 4900.520 -0.0012 -0.0015
 4900.540 -0.0013  0.0004
 4900.560  0.0002 -0.0002
 4900.580  0.0012 -0.0024
 4900.600  0.0015 -0.0047
 4900.620  0.0025 -0.0066
 4900.640  0.0031 -0.0090
 4900.660  0.0020 -0.0123
 4900.680  0.0013 -0.0141
 4900.700  0.0026 -0.0106
 4900.720  0.0035 -0.0030
 4900.740  0.0022  0.0013
 4900.760  0.0003 -0.0023
 4900.780 -0.0011 -0.0105
 4900.800 -0.0030 -0.0155
 4900.820 -0.0052 -0.0133
 4900.840 -0.0056 -0.0098
 4900.860 -0.0028 -0.0125
 4900.880  0.0027 -0.0175
 4900.900  0.0069 -0.0143
 4900.920  0.0043 -0.0028
 4900.940 -0.0022  0.0063
 4900.960 -0.0036  0.0051
 4900.980 -0.0010 -0.0026
 4901.000  0.0001 -0.0068
 4901.020  0.0003 -0.0041
 4901.040  0.0000 -0.0015
 4901.060 -0.0018 -0.0052
 4901.080 -0.0031 -0.0132
 4901.100 -0.0025 -0.0196
 4901.120 -0.0008 -0.0214
 4901.140 -0.0001 -0.0188
 4901.160 -0.0009 -0.0137
 4901.180 -0.0007 -0.0088
 4901.200  0.0001 -0.0064
 4901.220  0.0002 -0.0074
 4901.240  0.0014 -0.0119
 4901.260  0.0028 -0.0189
 4901.280  0.0040 -0.0258
 4901.300  0.0070 -0.0275
 4901.320  0.0084 -0.0202
 4901.340  0.0038 -0.0083
 4901.360 -0.0042 -0.0003
 4901.380 -0.0081  0.0010
 4901.400 -0.0054 -0.0010
 4901.420 -0.0037 -0.0023
 4901.440 -0.0066 -0.0034
 4901.460 -0.0077 -0.0076
 4901.480 -0.0055 -0.0142
 4901.500 -0.0051 -0.0177
 4901.520 -0.0058 -0.0147
 4901.540 -0.0047 -0.0091
 4901.560 -0.0034 -0.0057
 4901.580 -0.0035 -0.0055
 4901.600 -0.0029 -0.0063
 4901.620 -0.0015 -0.0057
 4901.640 -0.0016 -0.0041
 4901.660 -0.0036 -0.0032
 4901.680 -0.0050 -0.0037
 4901.700 -0.0036 -0.0050
 4901.720  0.0001 -0.0071
 4901.740  0.0062 -0.0099
 4901.760  0.0150 -0.0112
 4901.780  0.0210 -0.0071
 4901.800  0.0172  0.0030
 4901.820  0.0064  0.0143
 4901.840 -0.0015  0.0205
 4901.860 -0.0027  0.0198
 4901.880 -0.0026  0.0148
 4901.900 -0.0053  0.0094
 4901.920 -0.0088  0.0058
 4901.940 -0.0098  0.0038
 4901.960 -0.0088  0.0014
 4901.980 -0.0085 -0.0023
 4902.000 -0.0085 -0.0063
 4902.020 -0.0070 -0.0082
 4902.040 -0.0058 -0.0061
 4902.060 -0.0068 -0.0008
 4902.080 -0.0076  0.0046
 4902.100 -0.0069  0.0057
 4902.120 -0.0071  0.0007
 4902.140 -0.0078 -0.0065
 4902.160 -0.0053 -0.0093
 4902.180 -0.0005 -0.0039
 4902.200  0.0011  0.0064
 4902.220 -0.0019  0.0132
 4902.240 -0.0054  0.0115
 4902.260 -0.0046  0.0040
 4902.280 -0.0016 -0.0043
 4902.300 -0.0022 -0.0102
 4902.320 -0.0060 -0.0132
 4902.340 -0.0084 -0.0143
 4902.360 -0.0092 -0.0139
 4902.380 -0.0105 -0.0108
 4902.400 -0.0120 -0.0047
 4902.420 -0.0122  0.0021
 4902.440 -0.0111  0.0053
 4902.460 -0.0092  0.0025
 4902.480 -0.0075 -0.0033
 4902.500 -0.0071 -0.0071
 4902.520 -0.0073 -0.0084
 4902.540 -0.0067 -0.0107
 4902.560 -0.0042 -0.0150
 4902.580 -0.0016 -0.0181
 4902.600 -0.0010 -0.0155
 4902.620 -0.0017 -0.0075
 4902.640 -0.0034 -0.0012
 4902.660 -0.0069 -0.0018
 4902.680 -0.0089 -0.0060
 4902.700 -0.0071 -0.0074
 4902.720 -0.0057 -0.0047
 4902.740 -0.0071 -0.0021
 4902.760 -0.0082 -0.0038
 4902.780 -0.0070 -0.0095
 4902.800 -0.0050 -0.0142
 4902.820 -0.0043 -0.0144
 4902.840 -0.0045 -0.0119
 4902.860 -0.0042 -0.0108
 4902.880 -0.0044 -0.0132
 4902.900 -0.0055 -0.0165
 4902.920 -0.0057 -0.0165
 4902.940 -0.0056 -0.0125
 4902.960 -0.0067 -0.0077
 4902.980  0.0000  0.0000
 4903.000  0.0000  0.0000
