           0.90    0.87  
           0.0200  0.7300
 4922.000  0.9949  0.8712
 4922.020  0.9192  0.7979
 4922.040  0.9167  0.8066
 4922.060  0.9110  0.8093
 4922.080  0.9104  0.8139
 4922.100  0.9126  0.8153
 4922.120  0.9171  0.8155
 4922.140  0.9211  0.8115
 4922.160  0.9242  0.8039
 4922.180  0.9241  0.8038
 4922.200  0.9210  0.8161
 4922.220  0.9196  0.8268
 4922.240  0.9196  0.8266
 4922.260  0.9196  0.8242
 4922.280  0.9212  0.8240
 4922.300  0.9216  0.8228
 4922.320  0.9181  0.8214
 4922.340  0.9139  0.8208
 4922.360  0.9119  0.8198
 4922.380  0.9104  0.8184
 4922.400  0.9075  0.8187
 4922.420  0.9054  0.8221
 4922.440  0.9064  0.8255
 4922.460  0.9074  0.8249
 4922.480  0.9052  0.8227
 4922.500  0.9013  0.8239
 4922.520  0.8955  0.8281
 4922.540  0.8869  0.8300
 4922.560  0.8792  0.8276
 4922.580  0.8764  0.8246
 4922.600  0.8770  0.8243
 4922.620  0.8771  0.8262
 4922.640  0.8758  0.8276
 4922.660  0.8723  0.8275
 4922.680  0.8659  0.8284
 4922.700  0.8597  0.8282
 4922.720  0.8560  0.8220
 4922.740  0.8566  0.8181
 4922.760  0.8620  0.8238
 4922.780  0.8701  0.8302
 4922.800  0.8792  0.8316
 4922.820 -1.0000 -1.0000
 4922.840 -1.0000 -1.0000
 4922.860 -1.0000 -1.0000
 4922.880 -1.0000 -1.0000
 4922.900 -1.0000 -1.0000
 4922.920 -1.0000 -1.0000
 4922.940  0.9047  0.8336
 4922.960  0.9043  0.8385
 4922.980  0.8996  0.8429
 4923.000  0.8928  0.8481
 4923.020  0.8884  0.8510
 4923.040  0.8884  0.8455
 4923.060  0.8918  0.8322
 4923.080  0.8944  0.8181
 4923.100  0.8942  0.8082
 4923.120  0.8947  0.8022
 4923.140  0.8965  0.7985
 4923.160  0.8970  0.7955
 4923.180  0.8954  0.7885
 4923.200  0.8939  0.7767
 4923.220  0.8968  0.7664
 4923.240  0.9034  0.7568
 4923.260  0.9078  0.7434
 4923.280  0.9077  0.7333
 4923.300  0.9061  0.7316
 4923.320  0.9067  0.7334
 4923.340  0.9091  0.7373
 4923.360  0.9095  0.7418
 4923.380  0.9084  0.7406
 4923.400  0.9093  0.7339
 4923.420  0.9140  0.7278
 4923.440  0.9203  0.7252
 4923.460  0.9232  0.7250
 4923.480  0.9224  0.7256
 4923.500  0.9227  0.7238
 4923.520  0.9280  0.7143
 4923.540  0.9374  0.6988
 4923.560  0.9443  0.6855
 4923.580  0.9434  0.6769
 4923.600  0.9380  0.6676
 4923.620  0.9315  0.6558
 4923.640  0.9237  0.6456
 4923.660  0.9167  0.6385
 4923.680  0.9131  0.6318
 4923.700  0.9127  0.6259
 4923.720  0.9122  0.6240
 4923.740  0.9082  0.6258
 4923.760  0.9012  0.6274
 4923.780  0.8902  0.6259
 4923.800  0.8757  0.6279
 4923.820  0.8631  0.6443
 4923.840 -1.0000  0.6682
 4923.860 -1.0000  0.6861
 4923.880 -1.0000  0.7049
 4923.900 -1.0000  0.7340
 4923.920 -1.0000  0.7634
 4923.940 -1.0000  0.7805
 4923.960 -1.0000  0.7878
 4923.980 -1.0000  0.7960
 4924.000 -1.0000  0.8094
 4924.020  0.7958  0.8233
 4924.040  0.7976  0.8342
 4924.060  0.7984  0.8422
 4924.080  0.7975  0.8483
 4924.100  0.7987  0.8520
 4924.120  0.8005  0.8539
 4924.140  0.7981  0.8562
 4924.160  0.7938  0.8598
 4924.180  0.7938  0.8643
 4924.200  0.7974  0.8686
 4924.220  0.7999  0.8703
 4924.240  0.7993  0.8678
 4924.260  0.7950  0.8629
 4924.280  0.7836  0.8561
 4924.300  0.7603  0.8443
 4924.320  0.7269  0.8267
 4924.340  0.6959  0.8105
 4924.360  0.6803  0.8027
 4924.380  0.6787  0.7978
 4924.400  0.6812  0.7886
 4924.420  0.6833  0.7765
 4924.440  0.6855  0.7638
 4924.460  0.6885  0.7511
 4924.480  0.6938  0.7394
 4924.500  0.7038  0.7280
 4924.520  0.7187  0.7151
 4924.540  0.7350  0.7032
 4924.560  0.7506  0.6960
 4924.580  0.7640  0.6925
 4924.600  0.7752  0.6905
 4924.620  0.7868  0.6925
 4924.640  0.7991  0.6982
 4924.660 -1.0000  0.7007
 4924.680 -1.0000  0.7010
 4924.700 -1.0000  0.7108
 4924.720 -1.0000  0.7293
 4924.740 -1.0000  0.7399
 4924.760 -1.0000  0.7371
 4924.780 -1.0000  0.7317
 4924.800  0.8846  0.7279
 4924.820  0.8921  0.7189
 4924.840  0.9034  0.7024
 4924.860  0.9139  0.6862
 4924.880  0.9190  0.6772
 4924.900  0.9219  0.6735
 4924.920  0.9249  0.6708
 4924.940  0.9253  0.6701
 4924.960  0.9205  0.6744
 4924.980  0.9130  0.6845
 4925.000  0.9086  0.6960
 4925.020  0.9061  0.7040
 4925.040  0.8989  0.7133
 4925.060  0.8865  0.7286
 4925.080  0.8757  0.7432
 4925.100  0.8681  0.7532
 4925.120  0.8596  0.7635
 4925.140  0.8520  0.7740
 4925.160 -1.0000 -1.0000
 4925.180 -1.0000 -1.0000
 4925.200 -1.0000 -1.0000
 4925.220 -1.0000 -1.0000
 4925.240 -1.0000 -1.0000
 4925.260 -1.0000 -1.0000
 4925.280 -1.0000 -1.0000
 4925.300  0.7787  0.7279
 4925.320  0.7717  0.7159
 4925.340  0.7727  0.7101
 4925.360  0.7793  0.7054
 4925.380  0.7861  0.6944
 4925.400  0.7910  0.6769
 4925.420  0.7946  0.6591
 4925.440  0.7992  0.6497
 4925.460  0.8042  0.6474
 4925.480  0.8080  0.6447
 4925.500  0.8095  0.6450
 4925.520  0.8075  0.6538
 4925.540  0.8040  0.6672
 4925.560  0.8010  0.6812
 4925.580  0.7924  0.6969
 4925.600  0.7703  0.7147
 4925.620  0.7372  0.7307
 4925.640  0.7088  0.7407
 4925.660 -1.0000  0.7459
 4925.680 -1.0000  0.7583
 4925.700 -1.0000  0.7822
 4925.720 -1.0000  0.7998
 4925.740 -1.0000  0.8023
 4925.760 -1.0000  0.8028
 4925.780  0.8102  0.8033
 4925.800  0.8283  0.7978
 4925.820  0.8477  0.7909
 4925.840  0.8589  0.7869
 4925.860  0.8611  0.7843
 4925.880  0.8585  0.7843
 4925.900  0.8529  0.7900
 4925.920  0.8464  0.7987
 4925.940  0.8401  0.8053
 4925.960  0.8333  0.8094
 4925.980  0.8256  0.8102
 4926.000  0.8183  0.8083
 4926.020  0.8106  0.8077
 4926.040  0.8011  0.8103
 4926.060  0.7927  0.8140
 4926.080  0.7884  0.8167
 4926.100  0.7838  0.8176
 4926.120  0.7725  0.8174
 4926.140  0.7570  0.8151
 4926.160  0.7433  0.8082
 4926.180  0.7329  0.7974
 4926.200  0.7258  0.7867
 4926.220  0.7227  0.7789
 4926.240  0.7248  0.7729
 4926.260  0.7344  0.7655
 4926.280  0.7509  0.7559
 4926.300  0.7692  0.7483
 4926.320  0.7889  0.7465
 4926.340  0.8098  0.7478
 4926.360  0.8242  0.7491
 4926.380  0.8303  0.7558
 4926.400  0.8357  0.7704
 4926.420  0.8425  0.7852
 4926.440  0.8471  0.7951
 4926.460  0.8499  0.8031
 4926.480  0.8516  0.8084
 4926.500  0.8491  0.8079
 4926.520  0.8421  0.8047
 4926.540  0.8357  0.8049
 4926.560  0.8337  0.8087
 4926.580  0.8352  0.8086
 4926.600  0.8395  0.7998
 4926.620  0.8472  0.7853
 4926.640  0.8578  0.7696
 4926.660  0.8676  0.7538
 4926.680  0.8729  0.7382
 4926.700  0.8743  0.7249
 4926.720  0.8743  0.7161
 4926.740  0.8722  0.7100
 4926.760  0.8678  0.6999
 4926.780  0.8662  0.6832
 4926.800  0.8678  0.6672
 4926.820  0.8671  0.6593
 4926.840  0.8630  0.6583
 4926.860  0.8561  0.6596
 4926.880  0.8460  0.6636
 4926.900  0.8364  0.6730
 4926.920  0.8314  0.6872
 4926.940  0.8280  0.7037
 4926.960  0.8205  0.7216
 4926.980  0.8080  0.7374
 4927.000  0.7949  0.7475
 4927.020  0.7866  0.7531
 4927.040  0.7830  0.7560
 4927.060  0.7822  0.7560
 4927.080 -1.0000  0.7566
 4927.100 -1.0000  0.7623
 4927.120 -1.0000  0.7665
 4927.140 -1.0000  0.7626
 4927.160 -1.0000  0.7540
 4927.180  0.8678  0.7425
 4927.200  0.8680  0.7282
 4927.220  0.8656  0.7114
 4927.240  0.8643  0.6916
 4927.260  0.8628  0.6717
 4927.280  0.8588  0.6577
 4927.300  0.8504  0.6524
 4927.320  0.8382  0.6522
 4927.340  0.8275  0.6517
 4927.360  0.8198  0.6486
 4927.380  0.8137  0.6447
 4927.400  0.8079  0.6408
 4927.420  0.8002  0.6349
 4927.440  0.7921  0.6308
 4927.460 -1.0000 -1.0000
 4927.480 -1.0000 -1.0000
 4927.500 -1.0000 -1.0000
 4927.520 -1.0000 -1.0000
 4927.540 -1.0000 -1.0000
 4927.560 -1.0000 -1.0000
 4927.580 -1.0000 -1.0000
 4927.600 -1.0000 -1.0000
 4927.620 -1.0000 -1.0000
 4927.640  0.7640  0.7662
 4927.660  0.7740  0.7804
 4927.680  0.7872  0.7931
 4927.700  0.8017  0.8000
 4927.720  0.8178  0.8060
 4927.740  0.8312  0.8153
 4927.760  0.8375  0.8246
 4927.780  0.8369  0.8298
 4927.800  0.8324  0.8297
 4927.820  0.8277  0.8243
 4927.840  0.8256  0.8165
 4927.860  0.8255  0.8130
 4927.880  0.8247  0.8155
 4927.900  0.8204  0.8179
 4927.920  0.8120  0.8154
 4927.940  0.8013  0.8077
 4927.960  0.7893  0.7954
 4927.980  0.7756  0.7801
 4928.000  0.7606  0.7642
 4928.020  0.7461  0.7471
 4928.040  0.7360  0.7275
 4928.060  0.7325  0.7047
 4928.080  0.7337  0.6807
 4928.100  0.7380  0.6605
 4928.120  0.7428  0.6450
 4928.140  0.7480  0.6331
 4928.160  0.7579  0.6257
 4928.180  0.7729  0.6201
 4928.200  0.7896  0.6150
 4928.220  0.8053  0.6153
 4928.240  0.8184  0.6223
 4928.260  0.8277  0.6308
 4928.280  0.8330  0.6380
 4928.300  0.8365  0.6466
 4928.320  0.8399  0.6599
 4928.340  0.8438  0.6771
 4928.360  0.8493  0.6911
 4928.380  0.8550  0.6973
 4928.400  0.8583  0.7015
 4928.420  0.8605  0.7089
 4928.440  0.8638  0.7145
 4928.460  0.8671  0.7122
 4928.480  0.8681  0.7040
 4928.500  0.8685  0.6941
 4928.520  0.8715  0.6821
 4928.540  0.8740  0.6669
 4928.560  0.8712  0.6521
 4928.580  0.8642  0.6395
 4928.600  0.8563  0.6263
 4928.620  0.8485  0.6123
 4928.640  0.8404  0.6029
 4928.660 -1.0000  0.6023
 4928.680 -1.0000 -1.0000
 4928.700 -1.0000 -1.0000
 4928.720 -1.0000 -1.0000
 4928.740 -1.0000 -1.0000
 4928.760 -1.0000 -1.0000
 4928.780 -1.0000  0.7395
 4928.800 -1.0000  0.7535
 4928.820  0.6665  0.7732
 4928.840  0.6677  0.7969
 4928.860  0.6676  0.8161
 4928.880  0.6624  0.8268
 4928.900  0.6540  0.8314
 4928.920  0.6464  0.8345
 4928.940  0.6437  0.8393
 4928.960  0.6450  0.8459
 4928.980 -1.0000  0.8519
 4929.000 -1.0000  0.8557
 4929.020 -1.0000 -1.0000
 4929.040 -1.0000 -1.0000
 4929.060 -1.0000 -1.0000
 4929.080 -1.0000 -1.0000
 4929.100 -1.0000 -1.0000
 4929.120 -1.0000 -1.0000
 4929.140 -1.0000 -1.0000
 4929.160 -1.0000 -1.0000
 4929.180 -1.0000 -1.0000
 4929.200 -1.0000 -1.0000
 4929.220 -1.0000 -1.0000
 4929.240 -1.0000 -1.0000
 4929.260 -1.0000 -1.0000
 4929.280 -1.0000 -1.0000
 4929.300 -1.0000  0.8615
 4929.320 -1.0000  0.8533
 4929.340  0.6390  0.8445
 4929.360  0.6125  0.8369
 4929.380  0.5979  0.8330
 4929.400  0.6078  0.8337
 4929.420  0.6367  0.8351
 4929.440  0.6743  0.8323
 4929.460  0.7136  0.8256
 4929.480  0.7500  0.8172
 4929.500  0.7826  0.8055
 4929.520  0.8127  0.7880
 4929.540  0.8393  0.7723
 4929.560  0.8610  0.7719
 4929.580  0.8776  0.7853
 4929.600  0.8882  0.7994
 4929.620  0.8945  0.8076
 4929.640  0.8969  0.8058
 4929.660  0.8969  0.7956
 4929.680  0.8997  0.7865
 4929.700  0.9061  0.7812
 4929.720  0.9117  0.7764
 4929.740 -1.0000  0.7719
 4929.760 -1.0000 -1.0000
 4929.780 -1.0000 -1.0000
 4929.800 -1.0000 -1.0000
 4929.820 -1.0000 -1.0000
 4929.840 -1.0000 -1.0000
 4929.860 -1.0000 -1.0000
 4929.880 -1.0000 -1.0000
 4929.900 -1.0000 -1.0000
 4929.920 -1.0000 -1.0000
 4929.940 -1.0000 -1.0000
 4929.960  0.9237  0.7903
 4929.980  0.9192  0.7961
 4930.000  0.9162  0.8028
 4930.020  0.9111  0.8091
 4930.040  0.9018  0.8154
 4930.060  0.8923  0.8208
 4930.080  0.8858  0.8228
 4930.100  0.8809  0.8203
 4930.120  0.8771  0.8161
 4930.140  0.8745  0.8132
 4930.160  0.8690  0.8117
 4930.180  0.8581  0.8112
 4930.200  0.8477  0.8111
 4930.220  0.8437  0.8101
 4930.240  0.8448  0.8091
 4930.260  0.8490  0.8101
 4930.280  0.8543  0.8129
 4930.300  0.8584  0.8151
 4930.320  0.8599  0.8139
 4930.340  0.8567  0.8093
 4930.360  0.8496  0.8048
 4930.380 -1.0000  0.8028
 4930.400 -1.0000  0.8019
 4930.420 -1.0000 -1.0000
 4930.440 -1.0000 -1.0000
 4930.460 -1.0000 -1.0000
 4930.480 -1.0000 -1.0000
 4930.500 -1.0000 -1.0000
 4930.520 -1.0000 -1.0000
 4930.540 -1.0000 -1.0000
 4930.560 -1.0000 -1.0000
 4930.580 -1.0000 -1.0000
 4930.600 -1.0000 -1.0000
 4930.620 -1.0000 -1.0000
 4930.640 -1.0000 -1.0000
 4930.660 -1.0000 -1.0000
 4930.680 -1.0000 -1.0000
 4930.700 -1.0000  0.7722
 4930.720 -1.0000  0.7761
 4930.740  0.8495  0.7783
 4930.760  0.8554  0.7806
 4930.780  0.8626  0.7879
 4930.800  0.8665  0.7977
 4930.820  0.8673  0.8014
 4930.840  0.8672  0.7977
 4930.860  0.8662  0.7934
 4930.880  0.8642  0.7950
 4930.900  0.8623  0.8020
 4930.920  0.8624  0.8128
 4930.940  0.8631  0.8245
 4930.960  0.8616  0.8305
 4930.980  0.8604  0.8287
 4931.000  0.8630  0.8279
 4931.020  0.8668  0.8315
 4931.040  0.8686  0.8316
 4931.060  0.8701  0.8245
 4931.080  0.8729  0.8164
 4931.100  0.8738  0.8116
 4931.120  0.8703  0.8083
 4931.140  0.8667  0.8052
 4931.160  0.8668  0.8028
 4931.180  0.8681  0.7999
 4931.200  0.8687  0.7930
 4931.220  0.8688  0.7807
 4931.240  0.8669  0.7695
 4931.260  0.8647  0.7694
 4931.280  0.8638  0.7778
 4931.300  0.8598  0.7846
 4931.320  0.8527  0.7874
 4931.340  0.8461  0.7886
 4931.360  0.8403  0.7886
 4931.380  0.8358  0.7868
 4931.400  0.8336  0.7822
 4931.420  0.8327  0.7736
 4931.440  0.8306  0.7637
 4931.460  0.8265  0.7582
 4931.480  0.8233  0.7590
 4931.500  0.8224  0.7642
 4931.520  0.8230  0.7714
 4931.540 -1.0000  0.7782
 4931.560 -1.0000  0.7857
 4931.580 -1.0000  0.7962
 4931.600 -1.0000  0.8047
 4931.620 -1.0000  0.8072
 4931.640 -1.0000 -1.0000
 4931.660 -1.0000 -1.0000
 4931.680 -1.0000 -1.0000
 4931.700 -1.0000 -1.0000
 4931.720 -1.0000 -1.0000
 4931.740  0.8963  0.8502
 4931.760  0.8946  0.8498
 4931.780  0.8906  0.8498
 4931.800  0.8861  0.8496
 4931.820  0.8808  0.8482
 4931.840  0.8740  0.8462
 4931.860  0.8684  0.8445
 4931.880  0.8683  0.8430
 4931.900  0.8709  0.8396
 4931.920  0.8712  0.8319
 4931.940  0.8708  0.8226
 4931.960  0.8719  0.8172
 4931.980  0.8734  0.8169
 4932.000 -1.0000 -1.0000
 4932.020 -1.0000 -1.0000
 4932.040 -1.0000 -1.0000
 4932.060 -1.0000 -1.0000
 4932.080 -1.0000 -1.0000
 4932.100 -1.0000 -1.0000
 4932.120 -1.0000 -1.0000
 4932.140 -1.0000 -1.0000
 4932.160 -1.0000 -1.0000
 4932.180 -1.0000 -1.0000
 4932.200 -1.0000 -1.0000
 4932.220 -1.0000 -1.0000
 4932.240  0.8505  0.8114
 4932.260  0.8481  0.8111
 4932.280  0.8504  0.8089
 4932.300  0.8563  0.8044
 4932.320  0.8639  0.8003
 4932.340  0.8735  0.7988
 4932.360  0.8821  0.7982
 4932.380  0.8861  0.7970
 4932.400  0.8872  0.7941
 4932.420  0.8888  0.7890
 4932.440  0.8913  0.7834
 4932.460  0.8940  0.7814
 4932.480  0.8988  0.7843
 4932.500  0.9043  0.7891
 4932.520  0.9083  0.7917
 4932.540  0.9120  0.7902
 4932.560  0.9170  0.7847
 4932.580  0.9225  0.7761
 4932.600  0.9264  0.7671
 4932.620  0.9276  0.7609
 4932.640  0.9263  0.7566
 4932.660  0.9247  0.7528
 4932.680  0.9234  0.7514
 4932.700  0.9211  0.7511
 4932.720  0.9192  0.7474
 4932.740  0.9174  0.7405
 4932.760  0.9128  0.7348
 4932.780  0.9073  0.7340
 4932.800  0.9050  0.7375
 4932.820  0.9055  0.7426
 4932.840  0.9076  0.7491
 4932.860  0.9114  0.7574
 4932.880  0.9136  0.7664
 4932.900  0.9111  0.7751
 4932.920  0.9058  0.7826
 4932.940  0.9011  0.7866
 4932.960  0.8977  0.7853
 4932.980  0.8941  0.7804
 4933.000  0.8906  0.7766
 4933.020  0.8894  0.7755
 4933.040  0.8889  0.7721
 4933.060  0.8867  0.7607
 4933.080  0.8821  0.7429
 4933.100  0.8766  0.7254
 4933.120  0.8737  0.7117
 4933.140  0.8725  0.7020
 4933.160  0.8710  0.6969
 4933.180  0.8720  0.6967
 4933.200  0.8761  0.6936
 4933.220  0.8782  0.6761
 4933.240  0.8756  0.6497
 4933.260  0.8708  0.6384
 4933.280  0.8691  0.6550
 4933.300  0.8715  0.6874
 4933.320  0.8695  0.7169
 4933.340  0.8593  0.7363
 4933.360  0.8474  0.7481
 4933.380  0.8372  0.7574
 4933.400  0.8278  0.7659
 4933.420  0.8218  0.7738
 4933.440  0.8208  0.7808
 4933.460  0.8205  0.7872
 4933.480  0.8167  0.7945
 4933.500  0.8112  0.8015
 4933.520  0.8083  0.8047
 4933.540  0.8082  0.8044
 4933.560  0.8093  0.8054
 4933.580  0.8138  0.8093
 4933.600  0.8212  0.8110
 4933.620  0.8295  0.8088
 4933.640  0.8383  0.8063
 4933.660  0.8465  0.8023
 4933.680  0.8534  0.7930
 4933.700  0.8590  0.7832
 4933.720 -1.0000 -1.0000
 4933.740 -1.0000 -1.0000
 4933.760 -1.0000 -1.0000
 4933.780 -1.0000 -1.0000
 4933.800 -1.0000 -1.0000
 4933.820  0.8073  0.8374
 4933.840  0.7967  0.8356
 4933.860  0.7837  0.8327
 4933.880  0.7708  0.8325
 4933.900  0.7602  0.8339
 4933.920  0.7545  0.8332
 4933.940  0.7560  0.8330
 4933.960  0.7634  0.8375
 4933.980  0.7734  0.8420
 4934.000  0.7846  0.8413
 4934.020  0.7955  0.8374
 4934.040  0.8055  0.8334
 4934.060  0.8175  0.8293
 4934.080  0.8296  0.8239
 4934.100  0.8371  0.8184
 4934.120  0.8440  0.8157
 4934.140  0.8535  0.8152
 4934.160  0.8599  0.8101
 4934.180  0.8623  0.7965
 4934.200  0.8655  0.7807
 4934.220 -1.0000 -1.0000
 4934.240 -1.0000 -1.0000
 4934.260 -1.0000 -1.0000
 4934.280 -1.0000 -1.0000
 4934.300 -1.0000 -1.0000
 4934.320 -1.0000 -1.0000
 4934.340 -1.0000 -1.0000
 4934.360 -1.0000 -1.0000
 4934.380 -1.0000 -1.0000
 4934.400 -1.0000 -1.0000
 4934.420 -1.0000 -1.0000
 4934.440 -1.0000 -1.0000
 4934.460 -1.0000 -1.0000
 4934.480 -1.0000 -1.0000
 4934.500  0.9041  0.6807
 4934.520  0.9032  0.6745
 4934.540  0.9002  0.6660
 4934.560  0.8962  0.6575
 4934.580  0.8929  0.6519
 4934.600  0.8902  0.6500
 4934.620  0.8885  0.6508
 4934.640  0.8893  0.6541
 4934.660  0.8911  0.6618
 4934.680  0.8909  0.6740
 4934.700  0.8895  0.6863
 4934.720  0.8905  0.6939
 4934.740  0.8934  0.6990
 4934.760  0.8947  0.7074
 4934.780  0.8955  0.7184
 4934.800  0.8979  0.7278
 4934.820  0.9008  0.7355
 4934.840  0.9016  0.7431
 4934.860  0.8987  0.7504
 4934.880  0.8943  0.7571
 4934.900  0.8927  0.7637
 4934.920  0.8938  0.7704
 4934.940  0.8955  0.7769
 4934.960  0.8960  0.7810
 4934.980  0.8918  0.7814
 4935.000  0.8827  0.7823
 4935.020  0.8726  0.7866
 4935.040  0.8658  0.7888
 4935.060  0.8627  0.7840
 4935.080  0.8583  0.7764
 4935.100  0.8493  0.7722
 4935.120  0.8393  0.7700
 4935.140  0.8312  0.7647
 4935.160  0.8224  0.7554
 4935.180  0.8089  0.7435
 4935.200  0.7926  0.7313
 4935.220  0.7795  0.7225
 4935.240 -1.0000 -1.0000
 4935.260 -1.0000 -1.0000
 4935.280 -1.0000 -1.0000
 4935.300 -1.0000 -1.0000
 4935.320 -1.0000 -1.0000
 4935.340  0.7310  0.7467
 4935.360  0.7401  0.7577
 4935.380  0.7546  0.7687
 4935.400  0.7691  0.7778
 4935.420  0.7827  0.7867
 4935.440  0.7957  0.7936
 4935.460  0.8066  0.7976
 4935.480  0.8140  0.8019
 4935.500  0.8182  0.8079
 4935.520  0.8205  0.8138
 4935.540  0.8221  0.8190
 4935.560  0.8247  0.8236
 4935.580  0.8299  0.8257
 4935.600  0.8376  0.8254
 4935.620  0.8447  0.8253
 4935.640  0.8484  0.8239
 4935.660  0.8508  0.8179
 4935.680  0.8572  0.8096
 4935.700  0.8674  0.8021
 4935.720  0.8774  0.7920
 4935.740  0.8831  0.7798
 4935.760 -1.0000 -1.0000
 4935.780 -1.0000 -1.0000
 4935.800 -1.0000 -1.0000
 4935.820 -1.0000 -1.0000
 4935.840 -1.0000 -1.0000
 4935.860  0.8407  0.7972
 4935.880  0.8301  0.7950
 4935.900  0.8165  0.7927
 4935.920  0.8072  0.7892
 4935.940  0.8032  0.7840
 4935.960  0.7995  0.7812
 4935.980  0.7958  0.7839
 4936.000  0.7959  0.7896
 4936.020  0.8029  0.7943
 4936.040  0.8147  0.7950
 4936.060  0.8253  0.7902
 4936.080  0.8330  0.7824
 4936.100  0.8402  0.7747
 4936.120  0.8472  0.7641
 4936.140  0.8538  0.7488
 4936.160  0.8591  0.7330
 4936.180  0.8618  0.7186
 4936.200  0.8656  0.7015
 4936.220  0.8728  0.6788
 4936.240  0.8794  0.6524
 4936.260  0.8842  0.6263
 4936.280  0.8896  0.6037
 4936.300  0.8933  0.5845
 4936.320  0.8934  0.5694
 4936.340  0.8934  0.5600
 4936.360  0.8955  0.5560
 4936.380  0.8977  0.5557
 4936.400  0.8990  0.5581
 4936.420 -1.0000 -1.0000
 4936.440 -1.0000 -1.0000
 4936.460 -1.0000 -1.0000
 4936.480 -1.0000 -1.0000
 4936.500 -1.0000 -1.0000
 4936.520 -1.0000 -1.0000
 4936.540 -1.0000 -1.0000
 4936.560 -1.0000 -1.0000
 4936.580 -1.0000 -1.0000
 4936.600 -1.0000 -1.0000
 4936.620 -1.0000 -1.0000
 4936.640 -1.0000 -1.0000
 4936.660 -1.0000 -1.0000
 4936.680 -1.0000 -1.0000
 4936.700 -1.0000 -1.0000
 4936.720  0.8630  0.6879
 4936.740  0.8647  0.7047
 4936.760  0.8616  0.7247
 4936.780  0.8535  0.7413
 4936.800  0.8430  0.7519
 4936.820  0.8331  0.7594
 4936.840  0.8247  0.7681
 4936.860  0.8167  0.7801
 4936.880  0.8072  0.7938
 4936.900  0.7924  0.8048
 4936.920  0.7705  0.8097
 4936.940  0.7467  0.8106
 4936.960  0.7271  0.8128
 4936.980  0.7088  0.8173
 4937.000  0.6870  0.8219
 4937.020  0.6667  0.8260
 4937.040  0.6546  0.8296
 4937.060  0.6489  0.8330
 4937.080  0.6475  0.8357
 4937.100  0.6521  0.8338
 4937.120  0.6641  0.8259
 4937.140  0.6832  0.8187
 4937.160  0.7060  0.8160
 4937.180  0.7249  0.8143
 4937.200 -1.0000 -1.0000
 4937.220 -1.0000 -1.0000
 4937.240 -1.0000 -1.0000
 4937.260 -1.0000 -1.0000
 4937.280 -1.0000 -1.0000
 4937.300 -1.0000 -1.0000
 4937.320  0.7964  0.8137
 4937.340  0.8009  0.8154
 4937.360  0.8035  0.8205
 4937.380  0.8035  0.8260
 4937.400  0.8023  0.8269
 4937.420  0.8027  0.8238
 4937.440  0.8063  0.8224
 4937.460  0.8123  0.8250
 4937.480  0.8193  0.8271
 4937.500  0.8281  0.8263
 4937.520  0.8394  0.8275
 4937.540  0.8502  0.8346
 4937.560  0.8582  0.8425
 4937.580  0.8635  0.8440
 4937.600  0.8681  0.8418
 4937.620  0.8755  0.8427
 4937.640  0.8842  0.8437
 4937.660  0.8910  0.8390
 4937.680  0.8970  0.8320
 4937.700  0.9018  0.8289
 4937.720  0.9027  0.8286
 4937.740  0.9008  0.8278
 4937.760 -1.0000 -1.0000
 4937.780 -1.0000 -1.0000
 4937.800 -1.0000 -1.0000
 4937.820 -1.0000 -1.0000
 4937.840 -1.0000 -1.0000
 4937.860 -1.0000 -1.0000
 4937.880  0.9020  0.8172
 4937.900  0.8989  0.8100
 4937.920  0.8943  0.8093
 4937.940  0.8894  0.8149
 4937.960  0.8868  0.8188
 4937.980  0.8864  0.8173
 4938.000  0.8849  0.8122
 4938.020  0.8829  0.8049
 4938.040  0.8816  0.7963
 4938.060  0.8778  0.7890
 4938.080  0.8697  0.7840
 4938.100  0.8609  0.7768
 4938.120 -1.0000  0.7633
 4938.140 -1.0000  0.7466
 4938.160 -1.0000 -1.0000
 4938.180 -1.0000 -1.0000
 4938.200 -1.0000 -1.0000
 4938.220 -1.0000 -1.0000
 4938.240 -1.0000 -1.0000
 4938.260 -1.0000  0.6324
 4938.280 -1.0000  0.6335
 4938.300  0.8748  0.6376
 4938.320  0.8843  0.6408
 4938.340  0.8932  0.6421
 4938.360  0.9021  0.6429
 4938.380  0.9081  0.6452
 4938.400  0.9085  0.6499
 4938.420  0.9067  0.6567
 4938.440  0.9053  0.6618
 4938.460  0.9048  0.6609
 4938.480  0.9046  0.6525
 4938.500  0.9033  0.6386
 4938.520  0.8999  0.6232
 4938.540  0.8938  0.6088
 4938.560  0.8856  0.5974
 4938.580 -1.0000 -1.0000
 4938.600 -1.0000 -1.0000
 4938.620 -1.0000 -1.0000
 4938.640 -1.0000 -1.0000
 4938.660 -1.0000 -1.0000
 4938.680 -1.0000 -1.0000
 4938.700 -1.0000 -1.0000
 4938.720 -1.0000 -1.0000
 4938.740 -1.0000 -1.0000
 4938.760 -1.0000 -1.0000
 4938.780 -1.0000 -1.0000
 4938.800 -1.0000 -1.0000
 4938.820 -1.0000 -1.0000
 4938.840 -1.0000 -1.0000
 4938.860 -1.0000 -1.0000
 4938.880 -1.0000 -1.0000
 4938.900 -1.0000 -1.0000
 4938.920 -1.0000 -1.0000
 4938.940  0.7050  0.5477
 4938.960  0.6909  0.5516
 4938.980  0.6729  0.5597
 4939.000  0.6553  0.5742
 4939.020  0.6451  0.5966
 4939.040  0.6473  0.6219
 4939.060  0.6595  0.6429
 4939.080  0.6736  0.6582
 4939.100  0.6825  0.6702
 4939.120 -1.0000 -1.0000
 4939.140 -1.0000 -1.0000
 4939.160 -1.0000 -1.0000
 4939.180 -1.0000 -1.0000
 4939.200 -1.0000 -1.0000
 4939.220 -1.0000 -1.0000
 4939.240 -1.0000 -1.0000
 4939.260 -1.0000 -1.0000
 4939.280 -1.0000  0.7873
 4939.300  0.6506  0.7899
 4939.320  0.6380  0.7919
 4939.340  0.6176  0.7931
 4939.360  0.6009  0.7949
 4939.380  0.5978  0.8002
 4939.400  0.6047  0.8075
 4939.420  0.6167  0.8151
 4939.440  0.6342  0.8238
 4939.460  0.6529  0.8313
 4939.480  0.6667  0.8324
 4939.500  0.6746  0.8262
 4939.520  0.6761  0.8188
 4939.540  0.6715  0.8176
 4939.560  0.6634  0.8245
 4939.580  0.6528  0.8327
 4939.600  0.6398  0.8356
 4939.620  0.6250  0.8358
 4939.640  0.6119  0.8377
 4939.660  0.6091  0.8382
 4939.680  0.6194  0.8333
 4939.700  0.6355  0.8256
 4939.720  0.6510  0.8205
 4939.740 -1.0000 -1.0000
 4939.760 -1.0000 -1.0000
 4939.780 -1.0000 -1.0000
 4939.800 -1.0000 -1.0000
 4939.820 -1.0000 -1.0000
 4939.840 -1.0000 -1.0000
 4939.860 -1.0000 -1.0000
 4939.880  0.8588  0.7938
 4939.900  0.8635  0.7926
 4939.920  0.8668  0.7938
 4939.940  0.8680  0.7935
 4939.960  0.8675  0.7904
 4939.980  0.8661  0.7893
 4940.000  0.8610  0.7915
 4940.020  0.8523  0.7938
 4940.040  0.8466  0.7965
 4940.060  0.8475  0.8016
 4940.080  0.8532  0.8092
 4940.100  0.8604  0.8172
 4940.120  0.8663  0.8208
 4940.140  0.8699  0.8187
 4940.160  0.8712  0.8165
 4940.180  0.8715  0.8190
 4940.200  0.8732  0.8250
 4940.220  0.8763  0.8319
 4940.240  0.8772  0.8386
 4940.260  0.8750  0.8439
 4940.280  0.8721  0.8466
 4940.300  0.8707  0.8497
 4940.320  0.8721  0.8582
 4940.340  0.8747  0.8705
 4940.360  0.8778  0.8786
 4940.380  0.8807  0.8785
 4940.400  0.8827  0.8739
 4940.420  0.8849  0.8717
 4940.440  0.8863  0.8748
 4940.460  0.8839  0.8760
 4940.480  0.8808  0.8685
 4940.500  0.8795  0.8565
 4940.520  0.8768  0.8479
 4940.540  0.8725  0.8447
 4940.560  0.8720  0.8438
 4940.580  0.8740  0.8417
 4940.600  0.8713  0.8362
 4940.620  0.8644  0.8270
 4940.640  0.8605  0.8143
 4940.660  0.8631  0.8013
 4940.680  0.8696  0.7924
 4940.700 -1.0000 -1.0000
 4940.720 -1.0000 -1.0000
 4940.740 -1.0000 -1.0000
 4940.760 -1.0000 -1.0000
 4940.780 -1.0000 -1.0000
 4940.800 -1.0000 -1.0000
 4940.820 -1.0000 -1.0000
 4940.840 -1.0000 -1.0000
 4940.860 -1.0000 -1.0000
 4940.880 -1.0000 -1.0000
 4940.900 -1.0000 -1.0000
 4940.920 -1.0000 -1.0000
 4940.940 -1.0000 -1.0000
 4940.960 -1.0000 -1.0000
 4940.980 -1.0000 -1.0000
 4941.000 -1.0000 -1.0000
 4941.020 -1.0000 -1.0000
 4941.040 -1.0000 -1.0000
 4941.060 -1.0000 -1.0000
 4941.080 -1.0000 -1.0000
 4941.100 -1.0000 -1.0000
 4941.120 -1.0000 -1.0000
 4941.140 -1.0000 -1.0000
 4941.160 -1.0000 -1.0000
 4941.180 -1.0000 -1.0000
 4941.200 -1.0000 -1.0000
 4941.220  0.9386  0.7614
 4941.240  0.9305  0.7610
 4941.260  0.9188  0.7591
 4941.280  0.9095  0.7540
 4941.300  0.9074  0.7501
 4941.320  0.9097  0.7513
 4941.340  0.9121  0.7519
 4941.360  0.9138  0.7453
 4941.380  0.9130  0.7330
 4941.400  0.9085  0.7189
 4941.420  0.9025  0.7033
 4941.440  0.8977  0.6858
 4941.460  0.8950  0.6702
 4941.480  0.8950  0.6609
 4941.500  0.8960  0.6571
 4941.520  0.8955  0.6538
 4941.540  0.8933  0.6476
 4941.560  0.8882  0.6430
 4941.580  0.8802  0.6476
 4941.600  0.8734  0.6594
 4941.620  0.8689  0.6695
 4941.640  0.8644  0.6764
 4941.660  0.8601  0.6836
 4941.680 -1.0000 -1.0000
 4941.700 -1.0000 -1.0000
 4941.720 -1.0000 -1.0000
 4941.740 -1.0000 -1.0000
 4941.760 -1.0000 -1.0000
 4941.780 -1.0000 -1.0000
 4941.800 -1.0000 -1.0000
 4941.820 -1.0000 -1.0000
 4941.840 -1.0000 -1.0000
 4941.860  0.8798  0.8125
 4941.880  0.8805  0.8216
 4941.900  0.8779  0.8292
 4941.920  0.8722  0.8330
 4941.940  0.8646  0.8335
 4941.960  0.8582  0.8335
 4941.980  0.8546  0.8334
 4942.000  0.8503  0.8319
 4942.020  0.8428  0.8288
 4942.040  0.8334  0.8247
 4942.060  0.8231  0.8183
 4942.080  0.8112  0.8098
 4942.100  0.7983  0.8052
 4942.120  0.7863  0.8101
 4942.140  0.7737  0.8198
 4942.160  0.7583  0.8255
 4942.180  0.7432  0.8276
 4942.200  0.7310  0.8308
 4942.220  0.7202  0.8343
 4942.240  0.7100  0.8353
 4942.260  0.7029  0.8345
 4942.280 -1.0000  0.8344
 4942.300 -1.0000  0.8361
 4942.320 -1.0000  0.8388
 4942.340 -1.0000 -1.0000
 4942.360 -1.0000 -1.0000
 4942.380 -1.0000 -1.0000
 4942.400 -1.0000 -1.0000
 4942.420 -1.0000 -1.0000
 4942.440 -1.0000 -1.0000
 4942.460 -1.0000 -1.0000
 4942.480 -1.0000 -1.0000
 4942.500 -1.0000 -1.0000
 4942.520 -1.0000 -1.0000
 4942.540 -1.0000 -1.0000
 4942.560 -1.0000 -1.0000
 4942.580 -1.0000 -1.0000
 4942.600 -1.0000  0.8104
 4942.620 -1.0000  0.8079
 4942.640 -1.0000  0.8022
 4942.660 -1.0000  0.7940
 4942.680  0.8736  0.7873
 4942.700  0.8752  0.7814
 4942.720  0.8758  0.7688
 4942.740  0.8751  0.7474
 4942.760  0.8766  0.7239
 4942.780 -1.0000 -1.0000
 4942.800 -1.0000 -1.0000
 4942.820 -1.0000 -1.0000
 4942.840 -1.0000 -1.0000
 4942.860 -1.0000 -1.0000
 4942.880 -1.0000 -1.0000
 4942.900 -1.0000 -1.0000
 4942.920 -1.0000 -1.0000
 4942.940 -1.0000 -1.0000
 4942.960 -1.0000 -1.0000
 4942.980 -1.0000 -1.0000
 4943.000 -1.0000 -1.0000
 4943.020 -1.0000 -1.0000
 4943.040 -1.0000 -1.0000
 4943.060 -1.0000 -1.0000
 4943.080 -1.0000 -1.0000
 4943.100 -1.0000 -1.0000
 4943.120 -1.0000 -1.0000
 4943.140 -1.0000 -1.0000
 4943.160 -1.0000 -1.0000
 4943.180 -1.0000 -1.0000
 4943.200 -1.0000 -1.0000
 4943.220 -1.0000 -1.0000
 4943.240 -1.0000 -1.0000
 4943.260 -1.0000 -1.0000
 4943.280  0.8971  0.6980
 4943.300  0.8930  0.6898
 4943.320  0.8882  0.6728
 4943.340  0.8850  0.6592
 4943.360  0.8824  0.6519
 4943.380  0.8785  0.6491
 4943.400  0.8748  0.6509
 4943.420  0.8730  0.6582
 4943.440  0.8701  0.6695
 4943.460  0.8636  0.6817
 4943.480  0.8555  0.6932
 4943.500  0.8495  0.7046
 4943.520  0.8462  0.7163
 4943.540  0.8448  0.7263
 4943.560  0.8472  0.7330
 4943.580  0.8532  0.7371
 4943.600 -1.0000 -1.0000
 4943.620 -1.0000 -1.0000
 4943.640 -1.0000 -1.0000
 4943.660 -1.0000 -1.0000
 4943.680 -1.0000 -1.0000
 4943.700 -1.0000 -1.0000
 4943.720 -1.0000 -1.0000
 4943.740 -1.0000 -1.0000
 4943.760 -1.0000 -1.0000
 4943.780  0.8628  0.7234
 4943.800  0.8629  0.7285
 4943.820  0.8590  0.7321
 4943.840  0.8526  0.7304
 4943.860  0.8462  0.7263
 4943.880  0.8420  0.7225
 4943.900  0.8405  0.7143
 4943.920  0.8389  0.6985
 4943.940  0.8335  0.6834
 4943.960  0.8239  0.6757
 4943.980  0.8120  0.6701
 4944.000  0.8012  0.6610
 4944.020  0.7932  0.6509
 4944.040  0.7859  0.6426
 4944.060  0.7780  0.6347
 4944.080  0.7698  0.6265
 4944.100  0.7611  0.6206
 4944.120  0.7529  0.6205
 4944.140  0.7501  0.6273
 4944.160  0.7535  0.6374
 4944.180  0.7622  0.6468
 4944.200  0.7784  0.6540
 4944.220  0.8003  0.6599
 4944.240  0.8201  0.6662
 4944.260  0.8368  0.6748
 4944.280  0.8514  0.6865
 4944.300  0.8593  0.7002
 4944.320  0.8599  0.7146
 4944.340  0.8588  0.7306
 4944.360  0.8579  0.7495
 4944.380  0.8558  0.7689
 4944.400  0.8515  0.7814
 4944.420  0.8449  0.7855
 4944.440  0.8393  0.7915
 4944.460  0.8360  0.8048
 4944.480  0.8318  0.8177
 4944.500  0.8265  0.8267
 4944.520  0.8214  0.8358
 4944.540  0.8162  0.8453
 4944.560  0.8117  0.8498
 4944.580  0.8063  0.8465
 4944.600  0.7971  0.8384
 4944.620  0.7864  0.8303
 4944.640  0.7760  0.8232
 4944.660  0.7656  0.8141
 4944.680  0.7566  0.8030
 4944.700  0.7504  0.7931
 4944.720  0.7456  0.7866
 4944.740  0.7412  0.7807
 4944.760  0.7385 -1.0000
 4944.780 -1.0000 -1.0000
 4944.800 -1.0000 -1.0000
 4944.820 -1.0000 -1.0000
 4944.840 -1.0000 -1.0000
 4944.860 -1.0000 -1.0000
 4944.880 -1.0000 -1.0000
 4944.900 -1.0000 -1.0000
 4944.920 -1.0000 -1.0000
 4944.940 -1.0000 -1.0000
 4944.960 -1.0000 -1.0000
 4944.980 -1.0000 -1.0000
 4945.000 -1.0000 -1.0000
 4945.020 -1.0000 -1.0000
 4945.040 -1.0000 -1.0000
 4945.060 -1.0000 -1.0000
 4945.080 -1.0000 -1.0000
 4945.100 -1.0000 -1.0000
 4945.120 -1.0000 -1.0000
 4945.140 -1.0000 -1.0000
 4945.160 -1.0000 -1.0000
 4945.180 -1.0000 -1.0000
 4945.200 -1.0000 -1.0000
 4945.220 -1.0000 -1.0000
 4945.240 -1.0000 -1.0000
 4945.260 -1.0000 -1.0000
 4945.280 -1.0000 -1.0000
 4945.300 -1.0000 -1.0000
 4945.320 -1.0000 -1.0000
 4945.340 -1.0000 -1.0000
 4945.360 -1.0000 -1.0000
 4945.380 -1.0000 -1.0000
 4945.400  0.8867  0.7381
 4945.420  0.8818  0.7469
 4945.440  0.8787  0.7467
 4945.460  0.8813  0.7407
 4945.480  0.8862  0.7348
 4945.500 -1.0000 -1.0000
 4945.520 -1.0000 -1.0000
 4945.540 -1.0000 -1.0000
 4945.560 -1.0000 -1.0000
 4945.580 -1.0000 -1.0000
 4945.600 -1.0000 -1.0000
 4945.620 -1.0000 -1.0000
 4945.640 -1.0000 -1.0000
 4945.660 -1.0000 -1.0000
 4945.680 -1.0000 -1.0000
 4945.700  0.8507  0.6772
 4945.720  0.8418  0.6776
 4945.740  0.8317  0.6685
 4945.760  0.8219  0.6478
 4945.780  0.8135  0.6245
 4945.800  0.8065  0.6045
 4945.820  0.8006  0.5863
 4945.840  0.7969  0.5686
 4945.860  0.7966  0.5503
 4945.880  0.7984  0.5309
 4945.900  0.8009  0.5127
 4945.920  0.8039  0.4976
 4945.940  0.8084  0.4877
 4945.960  0.8179  0.4876
 4945.980  0.8327  0.4987
 4946.000  0.8474  0.5159
 4946.020  0.8568  0.5326
 4946.040  0.8619  0.5480
 4946.060  0.8645  0.5658
 4946.080  0.8623  0.5888
 4946.100  0.8579  0.6160
 4946.120  0.8567  0.6445
 4946.140  0.8567  0.6725
 4946.160  0.8549  0.7000
 4946.180  0.8522  0.7281
 4946.200  0.8481  0.7554
 4946.220  0.8400  0.7767
 4946.240  0.8298  0.7888
 4946.260  0.8206  0.7983
 4946.280  0.8126  0.8125
 4946.300  0.8063  0.8265
 4946.320  0.8032  0.8346
 4946.340  0.8008  0.8386
 4946.360  0.7949  0.8408
 4946.380  0.7852  0.8415
 4946.400  0.7740  0.8406
 4946.420  0.7633  0.8364
 4946.440  0.7550  0.8305
 4946.460  0.7460  0.8268
 4946.480  0.7316  0.8250
 4946.500  0.7123  0.8229
 4946.520  0.6908  0.8226
 4946.540  0.6685  0.8251
 4946.560  0.6454  0.8238
 4946.580  0.6228  0.8140
 4946.600  0.6062  0.8021
 4946.620  0.5996  0.7959
 4946.640 -1.0000 -1.0000
 4946.660 -1.0000 -1.0000
 4946.680 -1.0000 -1.0000
 4946.700 -1.0000 -1.0000
 4946.720 -1.0000 -1.0000
 4946.740 -1.0000 -1.0000
 4946.760 -1.0000 -1.0000
 4946.780 -1.0000 -1.0000
 4946.800 -1.0000 -1.0000
 4946.820 -1.0000 -1.0000
 4946.840  0.7459 -1.0000
 4946.860  0.7540  0.7835
 4946.880 -1.0000 -1.0000
 4946.900 -1.0000 -1.0000
 4946.920 -1.0000 -1.0000
 4946.940 -1.0000 -1.0000
 4946.960 -1.0000 -1.0000
 4946.980 -1.0000 -1.0000
 4947.000 -1.0000 -1.0000
 4947.020 -1.0000 -1.0000
 4947.040 -1.0000 -1.0000
 4947.060 -1.0000 -1.0000
 4947.080 -1.0000 -1.0000
 4947.100 -1.0000 -1.0000
 4947.120 -1.0000 -1.0000
 4947.140 -1.0000 -1.0000
 4947.160 -1.0000 -1.0000
 4947.180 -1.0000 -1.0000
 4947.200 -1.0000 -1.0000
 4947.220 -1.0000 -1.0000
 4947.240 -1.0000 -1.0000
 4947.260 -1.0000 -1.0000
 4947.280 -1.0000 -1.0000
 4947.300 -1.0000 -1.0000
 4947.320 -1.0000 -1.0000
 4947.340 -1.0000 -1.0000
 4947.360 -1.0000 -1.0000
 4947.380 -1.0000 -1.0000
 4947.400 -1.0000 -1.0000
 4947.420 -1.0000 -1.0000
 4947.440 -1.0000 -1.0000
 4947.460 -1.0000 -1.0000
 4947.480 -1.0000 -1.0000
 4947.500 -1.0000 -1.0000
 4947.520 -1.0000 -1.0000
 4947.540 -1.0000 -1.0000
 4947.560 -1.0000 -1.0000
 4947.580 -1.0000 -1.0000
 4947.600  0.9120  0.6398
 4947.620  0.9120  0.6371
 4947.640  0.9040  0.6323
 4947.660  0.8920  0.6312
 4947.680  0.8790  0.6308
 4947.700  0.8708  0.6272
 4947.720  0.8700  0.6244
 4947.740  0.8711  0.6297
 4947.760  0.8710  0.6437
 4947.780  0.8708  0.6613
 4947.800  0.8677  0.6789
 4947.820  0.8600  0.6947
 4947.840  0.8513  0.7067
 4947.860  0.8443  0.7147
 4947.880  0.8406  0.7213
 4947.900  0.8396  0.7288
 4947.920  0.8379  0.7397
 4947.940  0.8346  0.7558
 4947.960 -1.0000  0.7707
 4947.980 -1.0000  0.7766
 4948.000 -1.0000  0.7754
 4948.020 -1.0000 -1.0000
 4948.040 -1.0000 -1.0000
 4948.060 -1.0000 -1.0000
 4948.080 -1.0000 -1.0000
 4948.100 -1.0000 -1.0000
 4948.120 -1.0000 -1.0000
 4948.140 -1.0000 -1.0000
 4948.160 -1.0000 -1.0000
 4948.180 -1.0000 -1.0000
 4948.200 -1.0000 -1.0000
 4948.220 -1.0000 -1.0000
 4948.240 -1.0000 -1.0000
 4948.260 -1.0000 -1.0000
 4948.280 -1.0000 -1.0000
 4948.300 -1.0000  0.7434
 4948.320 -1.0000  0.7404
 4948.340 -1.0000  0.7380
 4948.360  0.7176  0.7383
 4948.380  0.7196  0.7409
 4948.400  0.7224  0.7426
 4948.420  0.7259  0.7416
 4948.440 -1.0000 -1.0000
 4948.460 -1.0000 -1.0000
 4948.480 -1.0000 -1.0000
 4948.500 -1.0000 -1.0000
 4948.520 -1.0000 -1.0000
 4948.540 -1.0000 -1.0000
 4948.560 -1.0000 -1.0000
 4948.580 -1.0000 -1.0000
 4948.600 -1.0000 -1.0000
 4948.620 -1.0000 -1.0000
 4948.640 -1.0000 -1.0000
 4948.660  0.8497  0.7203
 4948.680  0.8435  0.7248
 4948.700  0.8380  0.7351
 4948.720  0.8366  0.7497
 4948.740  0.8363  0.7629
 4948.760  0.8330  0.7690
 4948.780  0.8285  0.7671
 4948.800  0.8282  0.7617
 4948.820  0.8331  0.7577
 4948.840  0.8404  0.7570
 4948.860  0.8460  0.7576
 4948.880  0.8439  0.7538
 4948.900 -1.0000 -1.0000
 4948.920 -1.0000 -1.0000
 4948.940 -1.0000 -1.0000
 4948.960 -1.0000 -1.0000
 4948.980 -1.0000 -1.0000
 4949.000 -1.0000 -1.0000
 4949.020 -1.0000 -1.0000
 4949.040 -1.0000 -1.0000
 4949.060 -1.0000 -1.0000
 4949.080 -1.0000 -1.0000
 4949.100 -1.0000 -1.0000
 4949.120 -1.0000 -1.0000
 4949.140 -1.0000 -1.0000
 4949.160 -1.0000 -1.0000
 4949.180 -1.0000 -1.0000
 4949.200 -1.0000 -1.0000
 4949.220 -1.0000 -1.0000
 4949.240 -1.0000 -1.0000
 4949.260 -1.0000 -1.0000
 4949.280 -1.0000 -1.0000
 4949.300 -1.0000 -1.0000
 4949.320 -1.0000 -1.0000
 4949.340 -1.0000 -1.0000
 4949.360 -1.0000 -1.0000
 4949.380 -1.0000 -1.0000
 4949.400 -1.0000 -1.0000
 4949.420 -1.0000 -1.0000
 4949.440 -1.0000 -1.0000
 4949.460 -1.0000 -1.0000
 4949.480 -1.0000 -1.0000
 4949.500 -1.0000 -1.0000
 4949.520 -1.0000 -1.0000
 4949.540 -1.0000 -1.0000
 4949.560 -1.0000 -1.0000
 4949.580 -1.0000 -1.0000
 4949.600 -1.0000 -1.0000
 4949.620 -1.0000 -1.0000
 4949.640 -1.0000 -1.0000
 4949.660 -1.0000 -1.0000
 4949.680 -1.0000  0.6421
 4949.700  0.8727  0.6582
 4949.720  0.8787  0.6755
 4949.740  0.8793  0.6904
 4949.760  0.8766  0.7031
 4949.780  0.8770  0.7165
 4949.800  0.8832  0.7305
 4949.820  0.8894  0.7429
 4949.840  0.8900  0.7555
 4949.860  0.8867  0.7697
 4949.880  0.8823  0.7796
 4949.900  0.8763  0.7817
 4949.920  0.8686  0.7805
 4949.940  0.8593  0.7788
 4949.960  0.8503  0.7766
 4949.980  0.8456  0.7760
 4950.000  0.8443  0.7779
 4950.020  0.8400  0.7808
 4950.040  0.8301  0.7814
 4950.060  0.8174  0.7779
 4950.080  0.8046  0.7743
 4950.100  0.7905  0.7742
 4950.120  0.7736  0.7742
 4950.140  0.7554  0.7701
 4950.160  0.7397  0.7632
 4950.180  0.7295  0.7568
 4950.200  0.7239  0.7501
 4950.220  0.7205  0.7432
 4950.240 -1.0000 -1.0000
 4950.260 -1.0000 -1.0000
 4950.280 -1.0000 -1.0000
 4950.300 -1.0000 -1.0000
 4950.320 -1.0000 -1.0000
 4950.340 -1.0000 -1.0000
 4950.360 -1.0000 -1.0000
 4950.380 -1.0000 -1.0000
 4950.400 -1.0000 -1.0000
 4950.420 -1.0000 -1.0000
 4950.440 -1.0000 -1.0000
 4950.460 -1.0000 -1.0000
 4950.480 -1.0000 -1.0000
 4950.500 -1.0000 -1.0000
 4950.520 -1.0000 -1.0000
 4950.540 -1.0000 -1.0000
 4950.560 -1.0000 -1.0000
 4950.580 -1.0000 -1.0000
 4950.600 -1.0000 -1.0000
 4950.620 -1.0000  0.7321
 4950.640 -1.0000  0.7473
 4950.660  0.8660  0.7609
 4950.680  0.8628  0.7676
 4950.700  0.8588  0.7699
 4950.720  0.8583  0.7680
 4950.740  0.8595  0.7576
 4950.760  0.8585  0.7424
 4950.780  0.8557  0.7337
 4950.800  0.8550  0.7351
 4950.820  0.8596  0.7396
 4950.840  0.8633  0.7385
 4950.860 -1.0000 -1.0000
 4950.880 -1.0000 -1.0000
 4950.900 -1.0000 -1.0000
 4950.920 -1.0000 -1.0000
 4950.940 -1.0000 -1.0000
 4950.960 -1.0000 -1.0000
 4950.980 -1.0000 -1.0000
 4951.000 -1.0000 -1.0000
 4951.020 -1.0000 -1.0000
 4951.040 -1.0000 -1.0000
 4951.060 -1.0000 -1.0000
 4951.080 -1.0000 -1.0000
 4951.100 -1.0000 -1.0000
 4951.120 -1.0000 -1.0000
 4951.140 -1.0000 -1.0000
 4951.160 -1.0000 -1.0000
 4951.180 -1.0000 -1.0000
 4951.200 -1.0000 -1.0000
 4951.220 -1.0000 -1.0000
 4951.240 -1.0000 -1.0000
 4951.260 -1.0000 -1.0000
 4951.280 -1.0000 -1.0000
 4951.300 -1.0000 -1.0000
 4951.320 -1.0000 -1.0000
 4951.340 -1.0000 -1.0000
 4951.360 -1.0000 -1.0000
 4951.380 -1.0000 -1.0000
 4951.400 -1.0000 -1.0000
 4951.420 -1.0000 -1.0000
 4951.440 -1.0000 -1.0000
 4951.460 -1.0000 -1.0000
 4951.480 -1.0000 -1.0000
 4951.500 -1.0000 -1.0000
 4951.520 -1.0000 -1.0000
 4951.540 -1.0000 -1.0000
 4951.560 -1.0000 -1.0000
 4951.580 -1.0000 -1.0000
 4951.600 -1.0000 -1.0000
 4951.620  0.8676  0.6237
 4951.640  0.8637  0.6424
 4951.660  0.8548  0.6585
 4951.680  0.8461  0.6682
 4951.700  0.8406  0.6711
 4951.720  0.8414  0.6680
 4951.740  0.8440  0.6623
 4951.760  0.8443  0.6629
 4951.780  0.8461  0.6718
 4951.800  0.8503  0.6805
 4951.820  0.8508  0.6813
 4951.840  0.8464  0.6757
 4951.860  0.8450  0.6685
 4951.880  0.8494  0.6616
 4951.900  0.8542  0.6555
 4951.920  0.8592  0.6529
 4951.940  0.8648  0.6552
 4951.960  0.8683  0.6583
 4951.980  0.8700  0.6600
 4952.000 -1.0000 -1.0000
 4952.020 -1.0000 -1.0000
 4952.040 -1.0000 -1.0000
 4952.060 -1.0000 -1.0000
 4952.080 -1.0000 -1.0000
 4952.100 -1.0000 -1.0000
 4952.120 -1.0000 -1.0000
 4952.140 -1.0000 -1.0000
 4952.160 -1.0000 -1.0000
 4952.180 -1.0000 -1.0000
 4952.200 -1.0000 -1.0000
 4952.220 -1.0000 -1.0000
 4952.240  0.7466  0.7781
 4952.260  0.7384  0.7860
 4952.280  0.7282  0.7939
 4952.300  0.7199  0.7990
 4952.320  0.7163  0.8024
 4952.340 -1.0000  0.8057
 4952.360 -1.0000 -1.0000
 4952.380 -1.0000 -1.0000
 4952.400 -1.0000 -1.0000
 4952.420 -1.0000 -1.0000
 4952.440 -1.0000 -1.0000
 4952.460 -1.0000 -1.0000
 4952.480 -1.0000 -1.0000
 4952.500 -1.0000 -1.0000
 4952.520 -1.0000  0.7870
 4952.540  0.7536  0.7945
 4952.560  0.7574  0.8022
 4952.580  0.7589  0.8004
 4952.600  0.7547  0.7886
 4952.620  0.7472  0.7776
 4952.640  0.7395  0.7745
 4952.660  0.7336  0.7759
 4952.680  0.7338  0.7761
 4952.700  0.7435  0.7740
 4952.720  0.7606  0.7705
 4952.740 -1.0000 -1.0000
 4952.760 -1.0000 -1.0000
 4952.780 -1.0000 -1.0000
 4952.800 -1.0000 -1.0000
 4952.820 -1.0000 -1.0000
 4952.840 -1.0000 -1.0000
 4952.860 -1.0000 -1.0000
 4952.880 -1.0000 -1.0000
 4952.900 -1.0000 -1.0000
 4952.920 -1.0000 -1.0000
 4952.940 -1.0000 -1.0000
 4952.960 -1.0000 -1.0000
 4952.980 -1.0000 -1.0000
 4953.000 -1.0000 -1.0000
 4922.000  0.0000  0.0000
 4922.020  0.0000  0.0000
 4922.040 -0.0054 -0.0081
 4922.060 -0.0066 -0.0091
 4922.080 -0.0057 -0.0110
 4922.100 -0.0036 -0.0127
 4922.120 -0.0026 -0.0137
 4922.140 -0.0024 -0.0141
 4922.160 -0.0015 -0.0142
 4922.180 -0.0017 -0.0141
 4922.200 -0.0046 -0.0143
 4922.220 -0.0070 -0.0154
 4922.240 -0.0069 -0.0184
 4922.260 -0.0062 -0.0229
 4922.280 -0.0051 -0.0268
 4922.300 -0.0034 -0.0269
 4922.320 -0.0030 -0.0225
 4922.340 -0.0045 -0.0163
 4922.360 -0.0056 -0.0123
 4922.380 -0.0055 -0.0125
 4922.400 -0.0048 -0.0144
 4922.420 -0.0042 -0.0144
 4922.440 -0.0041 -0.0119
 4922.460 -0.0050 -0.0095
 4922.480 -0.0062 -0.0090
 4922.500 -0.0060 -0.0092
 4922.520 -0.0051 -0.0080
 4922.540 -0.0047 -0.0049
 4922.560 -0.0051 -0.0012
 4922.580 -0.0048  0.0012
 4922.600 -0.0032  0.0005
 4922.620 -0.0033 -0.0027
 4922.640 -0.0051 -0.0060
 4922.660 -0.0054 -0.0080
 4922.680 -0.0047 -0.0095
 4922.700 -0.0049 -0.0114
 4922.720 -0.0055 -0.0122
 4922.740 -0.0064 -0.0102
 4922.760 -0.0075 -0.0059
 4922.780 -0.0079 -0.0029
 4922.800 -0.0068 -0.0046
 4922.820 -0.0045 -0.0084
 4922.840 -0.0030 -0.0079
 4922.860 -0.0055 -0.0014
 4922.880 -0.0100  0.0050
 4922.900 -0.0106  0.0053
 4922.920 -0.0080  0.0004
 4922.940 -0.0066 -0.0048
 4922.960 -0.0059 -0.0068
 4922.980 -0.0045 -0.0066
 4923.000 -0.0032 -0.0074
 4923.020 -0.0031 -0.0106
 4923.040 -0.0053 -0.0146
 4923.060 -0.0079 -0.0158
 4923.080 -0.0079 -0.0131
 4923.100 -0.0061 -0.0090
 4923.120 -0.0048 -0.0066
 4923.140 -0.0030 -0.0063
 4923.160  0.0001 -0.0074
 4923.180  0.0016 -0.0098
 4923.200 -0.0008 -0.0135
 4923.220 -0.0054 -0.0169
 4923.240 -0.0086 -0.0171
 4923.260 -0.0083 -0.0126
 4923.280 -0.0064 -0.0076
 4923.300 -0.0060 -0.0072
 4923.320 -0.0068 -0.0110
 4923.340 -0.0068 -0.0138
 4923.360 -0.0062 -0.0145
 4923.380 -0.0049 -0.0153
 4923.400 -0.0027 -0.0163
 4923.420 -0.0014 -0.0153
 4923.440 -0.0032 -0.0114
 4923.460 -0.0069 -0.0066
 4923.480 -0.0093 -0.0041
 4923.500 -0.0088 -0.0049
 4923.520 -0.0065 -0.0067
 4923.540 -0.0044 -0.0077
 4923.560 -0.0035 -0.0095
 4923.580 -0.0024 -0.0121
 4923.600 -0.0007 -0.0129
 4923.620 -0.0007 -0.0115
 4923.640 -0.0032 -0.0113
 4923.660 -0.0062 -0.0124
 4923.680 -0.0081 -0.0115
 4923.700 -0.0082 -0.0086
 4923.720 -0.0053 -0.0074
 4923.740 -0.0024 -0.0101
 4923.760 -0.0038 -0.0140
 4923.780 -0.0066 -0.0139
 4923.800 -0.0067 -0.0086
 4923.820 -0.0058 -0.0042
 4923.840 -0.0056 -0.0059
 4923.860 -0.0043 -0.0098
 4923.880 -0.0003 -0.0104
 4923.900  0.0037 -0.0106
 4923.920  0.0030 -0.0141
 4923.940 -0.0020 -0.0178
 4923.960 -0.0048 -0.0167
 4923.980 -0.0024 -0.0123
 4924.000 -0.0004 -0.0092
 4924.020 -0.0015 -0.0106
 4924.040 -0.0021 -0.0142
 4924.060 -0.0004 -0.0154
 4924.080  0.0006 -0.0129
 4924.100 -0.0017 -0.0095
 4924.120 -0.0051 -0.0066
 4924.140 -0.0069 -0.0031
 4924.160 -0.0076  0.0014
 4924.180 -0.0075  0.0050
 4924.200 -0.0071  0.0061
 4924.220 -0.0060  0.0042
 4924.240 -0.0040  0.0009
 4924.260 -0.0030 -0.0026
 4924.280 -0.0038 -0.0056
 4924.300 -0.0048 -0.0080
 4924.320 -0.0046 -0.0095
 4924.340 -0.0027 -0.0088
 4924.360 -0.0004 -0.0047
 4924.380 -0.0004  0.0005
 4924.400 -0.0026  0.0014
 4924.420 -0.0046 -0.0043
 4924.440 -0.0061 -0.0122
 4924.460 -0.0063 -0.0158
 4924.480 -0.0046 -0.0122
 4924.500 -0.0030 -0.0050
 4924.520 -0.0028 -0.0007
 4924.540 -0.0036 -0.0027
 4924.560 -0.0043 -0.0082
 4924.580 -0.0047 -0.0123
 4924.600 -0.0039 -0.0124
 4924.620 -0.0015 -0.0103
 4924.640  0.0002 -0.0098
 4924.660  0.0005 -0.0118
 4924.680  0.0037 -0.0141
 4924.700  0.0090 -0.0147
 4924.720  0.0079 -0.0142
 4924.740  0.0014 -0.0153
 4924.760 -0.0010 -0.0186
 4924.780  0.0001 -0.0208
 4924.800 -0.0018 -0.0201
 4924.820 -0.0061 -0.0192
 4924.840 -0.0082 -0.0195
 4924.860 -0.0068 -0.0188
 4924.880 -0.0039 -0.0161
 4924.900 -0.0025 -0.0130
 4924.920 -0.0037 -0.0107
 4924.940 -0.0055 -0.0081
 4924.960 -0.0056 -0.0056
 4924.980 -0.0033 -0.0057
 4925.000  0.0007 -0.0104
 4925.020  0.0035 -0.0182
 4925.040  0.0013 -0.0236
 4925.060 -0.0044 -0.0226
 4925.080 -0.0072 -0.0186
 4925.100 -0.0048 -0.0162
 4925.120 -0.0009 -0.0145
 4925.140  0.0006 -0.0114
 4925.160 -0.0007 -0.0103
 4925.180 -0.0020 -0.0135
 4925.200 -0.0033 -0.0149
 4925.220 -0.0069 -0.0088
 4925.240 -0.0115  0.0005
 4925.260 -0.0125  0.0045
 4925.280 -0.0083  0.0013
 4925.300 -0.0030 -0.0038
 4925.320 -0.0006 -0.0065
 4925.340 -0.0006 -0.0078
 4925.360 -0.0007 -0.0108
 4925.380 -0.0009 -0.0133
 4925.400 -0.0021 -0.0108
 4925.420 -0.0025 -0.0044
 4925.440 -0.0008 -0.0008
 4925.460  0.0003 -0.0029
 4925.480 -0.0007 -0.0081
 4925.500 -0.0020 -0.0119
 4925.520 -0.0040 -0.0114
 4925.540 -0.0069 -0.0073
 4925.560 -0.0072 -0.0026
 4925.580 -0.0044 -0.0010
 4925.600 -0.0030 -0.0034
 4925.620 -0.0045 -0.0065
 4925.640 -0.0049 -0.0073
 4925.660 -0.0025 -0.0066
 4925.680 -0.0001 -0.0080
 4925.700 -0.0016 -0.0142
 4925.720 -0.0058 -0.0211
 4925.740 -0.0070 -0.0225
 4925.760 -0.0038 -0.0187
 4925.780 -0.0016 -0.0157
 4925.800 -0.0036 -0.0159
 4925.820 -0.0056 -0.0164
 4925.840 -0.0050 -0.0142
 4925.860 -0.0042 -0.0095
 4925.880 -0.0040 -0.0057
 4925.900 -0.0047 -0.0053
 4925.920 -0.0074 -0.0069
 4925.940 -0.0093 -0.0083
 4925.960 -0.0081 -0.0105
 4925.980 -0.0055 -0.0140
 4926.000 -0.0047 -0.0158
 4926.020 -0.0061 -0.0141
 4926.040 -0.0083 -0.0118
 4926.060 -0.0097 -0.0119
 4926.080 -0.0093 -0.0139
 4926.100 -0.0066 -0.0145
 4926.120 -0.0022 -0.0122
 4926.140  0.0013 -0.0093
 4926.160  0.0006 -0.0087
 4926.180 -0.0037 -0.0088
 4926.200 -0.0066 -0.0057
 4926.220 -0.0048 -0.0010
 4926.240 -0.0012 -0.0004
 4926.260  0.0005 -0.0050
 4926.280 -0.0007 -0.0107
 4926.300 -0.0046 -0.0149
 4926.320 -0.0072 -0.0180
 4926.340 -0.0062 -0.0214
 4926.360 -0.0034 -0.0252
 4926.380 -0.0006 -0.0276
 4926.400  0.0005 -0.0270
 4926.420 -0.0011 -0.0235
 4926.440 -0.0027 -0.0187
 4926.460 -0.0018 -0.0148
 4926.480 -0.0019 -0.0142
 4926.500 -0.0049 -0.0179
 4926.520 -0.0066 -0.0232
 4926.540 -0.0044 -0.0246
 4926.560 -0.0022 -0.0215
 4926.580 -0.0034 -0.0183
 4926.600 -0.0045 -0.0183
 4926.620 -0.0022 -0.0200
 4926.640 -0.0005 -0.0203
 4926.660 -0.0026 -0.0181
 4926.680 -0.0041 -0.0145
 4926.700 -0.0028 -0.0114
 4926.720 -0.0010 -0.0094
 4926.740  0.0003 -0.0081
 4926.760  0.0013 -0.0078
 4926.780  0.0003 -0.0088
 4926.800 -0.0037 -0.0108
 4926.820 -0.0091 -0.0129
 4926.840 -0.0120 -0.0144
 4926.860 -0.0101 -0.0143
 4926.880 -0.0061 -0.0111
 4926.900 -0.0031 -0.0050
 4926.920 -0.0019  0.0011
 4926.940 -0.0029  0.0044
 4926.960 -0.0059  0.0048
 4926.980 -0.0088  0.0048
 4927.000 -0.0092  0.0070
 4927.020 -0.0069  0.0101
 4927.040 -0.0030  0.0104
 4927.060  0.0015  0.0063
 4927.080  0.0025 -0.0004
 4927.100 -0.0030 -0.0052
 4927.120 -0.0096 -0.0050
 4927.140 -0.0091 -0.0005
 4927.160 -0.0039  0.0041
 4927.180 -0.0024  0.0048
 4927.200 -0.0062  0.0004
 4927.220 -0.0105 -0.0084
 4927.240 -0.0112 -0.0179
 4927.260 -0.0075 -0.0226
 4927.280 -0.0041 -0.0202
 4927.300 -0.0033 -0.0135
 4927.320 -0.0023 -0.0073
 4927.340  0.0005 -0.0038
 4927.360  0.0022 -0.0030
 4927.380  0.0004 -0.0040
 4927.400 -0.0027 -0.0048
 4927.420 -0.0028 -0.0034
 4927.440 -0.0017 -0.0010
 4927.460 -0.0032 -0.0010
 4927.480 -0.0043 -0.0051
 4927.500  0.0018 -0.0104
 4927.520  0.0111 -0.0107
 4927.540  0.0102 -0.0041
 4927.560  0.0004  0.0007
 4927.580 -0.0030 -0.0044
 4927.600  0.0002 -0.0135
 4927.620 -0.0003 -0.0163
 4927.640 -0.0040 -0.0113
 4927.660 -0.0053 -0.0039
 4927.680 -0.0051 -0.0005
 4927.700 -0.0061 -0.0034
 4927.720 -0.0082 -0.0090
 4927.740 -0.0099 -0.0112
 4927.760 -0.0098 -0.0072
 4927.780 -0.0067 -0.0010
 4927.800 -0.0017 -0.0001
 4927.820  0.0010 -0.0051
 4927.840  0.0001 -0.0089
 4927.860 -0.0011 -0.0066
 4927.880 -0.0008 -0.0004
 4927.900 -0.0009  0.0031
 4927.920 -0.0017  0.0005
 4927.940 -0.0020 -0.0052
 4927.960 -0.0025 -0.0092
 4927.980 -0.0032 -0.0117
 4928.000 -0.0035 -0.0151
 4928.020 -0.0032 -0.0185
 4928.040 -0.0017 -0.0191
 4928.060  0.0007 -0.0166
 4928.080  0.0017 -0.0126
 4928.100  0.0012 -0.0082
 4928.120  0.0006 -0.0042
 4928.140 -0.0006 -0.0016
 4928.160 -0.0024 -0.0009
 4928.180 -0.0032 -0.0021
 4928.200 -0.0043 -0.0051
 4928.220 -0.0065 -0.0102
 4928.240 -0.0073 -0.0152
 4928.260 -0.0055 -0.0167
 4928.280 -0.0027 -0.0141
 4928.300 -0.0001 -0.0104
 4928.320  0.0015 -0.0083
 4928.340  0.0014 -0.0079
 4928.360 -0.0006 -0.0064
 4928.380 -0.0040 -0.0023
 4928.400 -0.0060  0.0015
 4928.420 -0.0051  0.0011
 4928.440 -0.0030 -0.0029
 4928.460 -0.0027 -0.0077
 4928.480 -0.0037 -0.0115
 4928.500 -0.0035 -0.0134
 4928.520 -0.0017 -0.0120
 4928.540 -0.0004 -0.0071
 4928.560  0.0004 -0.0007
 4928.580  0.0015  0.0039
 4928.600  0.0016  0.0048
 4928.620  0.0004  0.0015
 4928.640 -0.0002 -0.0040
 4928.660  0.0008 -0.0088
 4928.680  0.0029 -0.0104
 4928.700  0.0032 -0.0084
 4928.720  0.0002 -0.0052
 4928.740 -0.0027 -0.0042
 4928.760 -0.0032 -0.0071
 4928.780 -0.0040 -0.0124
 4928.800 -0.0052 -0.0175
 4928.820 -0.0038 -0.0203
 4928.840 -0.0017 -0.0200
 4928.860 -0.0015 -0.0157
 4928.880 -0.0024 -0.0085
 4928.900 -0.0022 -0.0019
 4928.920 -0.0006  0.0001
 4928.940  0.0003 -0.0043
 4928.960 -0.0007 -0.0123
 4928.980 -0.0020 -0.0181
 4929.000 -0.0019 -0.0192
 4929.020  0.0006 -0.0197
 4929.040  0.0050 -0.0246
 4929.060  0.0108 -0.0336
 4929.080  0.0143 -0.0401
 4929.100  0.0081 -0.0375
 4929.120 -0.0052 -0.0296
 4929.140 -0.0115 -0.0273
 4929.160 -0.0066 -0.0306
 4929.180 -0.0004 -0.0307
 4929.200  0.0007 -0.0255
 4929.220 -0.0025 -0.0211
 4929.240 -0.0062 -0.0211
 4929.260 -0.0058 -0.0230
 4929.280 -0.0029 -0.0224
 4929.300 -0.0020 -0.0183
 4929.320 -0.0025 -0.0140
 4929.340 -0.0034 -0.0129
 4929.360 -0.0053 -0.0148
 4929.380 -0.0072 -0.0162
 4929.400 -0.0086 -0.0146
 4929.420 -0.0092 -0.0106
 4929.440 -0.0082 -0.0080
 4929.460 -0.0062 -0.0107
 4929.480 -0.0055 -0.0187
 4929.500 -0.0065 -0.0261
 4929.520 -0.0064 -0.0257
 4929.540 -0.0041 -0.0167
 4929.560 -0.0015 -0.0055
 4929.580 -0.0013  0.0008
 4929.600 -0.0030 -0.0011
 4929.620 -0.0037 -0.0098
 4929.640 -0.0025 -0.0206
 4929.660 -0.0011 -0.0273
 4929.680 -0.0012 -0.0267
 4929.700 -0.0030 -0.0206
 4929.720 -0.0055 -0.0135
 4929.740 -0.0086 -0.0083
 4929.760 -0.0103 -0.0058
 4929.780 -0.0066 -0.0054
 4929.800 -0.0015 -0.0055
 4929.820 -0.0042 -0.0038
 4929.840 -0.0124  0.0011
 4929.860 -0.0161  0.0064
 4929.880 -0.0128  0.0077
 4929.900 -0.0067  0.0041
 4929.920 -0.0017 -0.0004
 4929.940 -0.0004 -0.0028
 4929.960 -0.0020 -0.0048
 4929.980 -0.0035 -0.0096
 4930.000 -0.0039 -0.0152
 4930.020 -0.0030 -0.0165
 4930.040 -0.0019 -0.0122
 4930.060 -0.0024 -0.0059
 4930.080 -0.0036 -0.0009
 4930.100 -0.0031  0.0020
 4930.120 -0.0034  0.0050
 4930.140 -0.0058  0.0088
 4930.160 -0.0064  0.0107
 4930.180 -0.0041  0.0075
 4930.200 -0.0035 -0.0001
 4930.220 -0.0051 -0.0086
 4930.240 -0.0047 -0.0141
 4930.260 -0.0030 -0.0159
 4930.280 -0.0044 -0.0156
 4930.300 -0.0063 -0.0152
 4930.320 -0.0045 -0.0143
 4930.340 -0.0019 -0.0120
 4930.360 -0.0026 -0.0084
 4930.380 -0.0037 -0.0060
 4930.400 -0.0028 -0.0068
 4930.420 -0.0034 -0.0098
 4930.440 -0.0068 -0.0121
 4930.460 -0.0098 -0.0138
 4930.480 -0.0068 -0.0182
 4930.500  0.0025 -0.0268
 4930.520  0.0126 -0.0359
 4930.540  0.0206 -0.0378
 4930.560  0.0180 -0.0306
 4930.580  0.0006 -0.0219
 4930.600 -0.0144 -0.0180
 4930.620 -0.0148 -0.0161
 4930.640 -0.0075 -0.0117
 4930.660 -0.0022 -0.0059
 4930.680 -0.0018 -0.0034
 4930.700 -0.0026 -0.0077
 4930.720 -0.0023 -0.0160
 4930.740 -0.0027 -0.0217
 4930.760 -0.0049 -0.0217
 4930.780 -0.0076 -0.0182
 4930.800 -0.0088 -0.0147
 4930.820 -0.0079 -0.0127
 4930.840 -0.0057 -0.0113
 4930.860 -0.0041 -0.0104
 4930.880 -0.0042 -0.0110
 4930.900 -0.0056 -0.0126
 4930.920 -0.0070 -0.0115
 4930.940 -0.0064 -0.0057
 4930.960 -0.0045 -0.0004
 4930.980 -0.0046 -0.0014
 4931.000 -0.0066 -0.0073
 4931.020 -0.0088 -0.0127
 4931.040 -0.0093 -0.0134
 4931.060 -0.0079 -0.0099
 4931.080 -0.0075 -0.0059
 4931.100 -0.0092 -0.0045
 4931.120 -0.0097 -0.0056
 4931.140 -0.0078 -0.0076
 4931.160 -0.0055 -0.0094
 4931.180 -0.0061 -0.0103
 4931.200 -0.0090 -0.0105
 4931.220 -0.0107 -0.0105
 4931.240 -0.0098 -0.0105
 4931.260 -0.0078 -0.0093
 4931.280 -0.0060 -0.0059
 4931.300 -0.0040 -0.0019
 4931.320 -0.0027  0.0003
 4931.340 -0.0040  0.0003
 4931.360 -0.0071 -0.0018
 4931.380 -0.0089 -0.0065
 4931.400 -0.0088 -0.0136
 4931.420 -0.0078 -0.0206
 4931.440 -0.0057 -0.0244
 4931.460 -0.0032 -0.0233
 4931.480 -0.0024 -0.0180
 4931.500 -0.0024 -0.0117
 4931.520 -0.0016 -0.0072
 4931.540 -0.0012 -0.0057
 4931.560 -0.0036 -0.0057
 4931.580 -0.0084 -0.0055
 4931.600 -0.0132 -0.0046
 4931.620 -0.0151 -0.0052
 4931.640 -0.0111 -0.0094
 4931.660 -0.0032 -0.0164
 4931.680  0.0016 -0.0213
 4931.700 -0.0002 -0.0204
 4931.720 -0.0044 -0.0167
 4931.740 -0.0061 -0.0149
 4931.760 -0.0065 -0.0150
 4931.780 -0.0074 -0.0144
 4931.800 -0.0072 -0.0121
 4931.820 -0.0048 -0.0089
 4931.840 -0.0022 -0.0056
 4931.860 -0.0027 -0.0022
 4931.880 -0.0059  0.0014
 4931.900 -0.0080  0.0040
 4931.920 -0.0086  0.0034
 4931.940 -0.0090  0.0001
 4931.960 -0.0084 -0.0030
 4931.980 -0.0066 -0.0039
 4932.000 -0.0051 -0.0038
 4932.020 -0.0034 -0.0048
 4932.040  0.0003 -0.0076
 4932.060  0.0060 -0.0108
 4932.080  0.0061 -0.0095
 4932.100 -0.0072  0.0014
 4932.120 -0.0252  0.0180
 4932.140 -0.0279  0.0284
 4932.160 -0.0155  0.0261
 4932.180 -0.0054  0.0150
 4932.200 -0.0040  0.0027
 4932.220 -0.0056 -0.0048
 4932.240 -0.0074 -0.0046
 4932.260 -0.0092  0.0005
 4932.280 -0.0097  0.0055
 4932.300 -0.0090  0.0069
 4932.320 -0.0094  0.0049
 4932.340 -0.0098  0.0020
 4932.360 -0.0084  0.0004
 4932.380 -0.0070  0.0000
 4932.400 -0.0079  0.0006
 4932.420 -0.0108  0.0026
 4932.440 -0.0132  0.0056
 4932.460 -0.0137  0.0086
 4932.480 -0.0126  0.0108
 4932.500 -0.0115  0.0118
 4932.520 -0.0098  0.0104
 4932.540 -0.0069  0.0059
 4932.560 -0.0043 -0.0009
 4932.580 -0.0041 -0.0069
 4932.600 -0.0071 -0.0089
 4932.620 -0.0104 -0.0067
 4932.640 -0.0103 -0.0056
 4932.660 -0.0072 -0.0090
 4932.680 -0.0044 -0.0138
 4932.700 -0.0051 -0.0148
 4932.720 -0.0090 -0.0115
 4932.740 -0.0115 -0.0073
 4932.760 -0.0098 -0.0065
 4932.780 -0.0061 -0.0096
 4932.800 -0.0051 -0.0132
 4932.820 -0.0068 -0.0138
 4932.840 -0.0085 -0.0112
 4932.860 -0.0091 -0.0079
 4932.880 -0.0090 -0.0059
 4932.900 -0.0093 -0.0056
 4932.920 -0.0099 -0.0061
 4932.940 -0.0091 -0.0068
 4932.960 -0.0074 -0.0079
 4932.980 -0.0071 -0.0099
 4933.000 -0.0073 -0.0114
 4933.020 -0.0064 -0.0100
 4933.040 -0.0054 -0.0047
 4933.060 -0.0038  0.0011
 4933.080 -0.0015  0.0035
 4933.100 -0.0016  0.0015
 4933.120 -0.0048 -0.0031
 4933.140 -0.0067 -0.0077
 4933.160 -0.0058 -0.0103
 4933.180 -0.0041 -0.0106
 4933.200 -0.0034 -0.0111
 4933.220 -0.0036 -0.0147
 4933.240 -0.0021 -0.0196
 4933.260  0.0005 -0.0202
 4933.280 -0.0005 -0.0140
 4933.300 -0.0045 -0.0052
 4933.320 -0.0066 -0.0002
 4933.340 -0.0060 -0.0003
 4933.360 -0.0044 -0.0022
 4933.380 -0.0033 -0.0029
 4933.400 -0.0030 -0.0043
 4933.420 -0.0017 -0.0083
 4933.440 -0.0002 -0.0113
 4933.460 -0.0019 -0.0096
 4933.480 -0.0053 -0.0053
 4933.500 -0.0057 -0.0024
 4933.520 -0.0030 -0.0015
 4933.540 -0.0009 -0.0017
 4933.560 -0.0015 -0.0032
 4933.580 -0.0029 -0.0055
 4933.600 -0.0032 -0.0064
 4933.620 -0.0040 -0.0048
 4933.640 -0.0048 -0.0033
 4933.660 -0.0036 -0.0057
 4933.680 -0.0013 -0.0126
 4933.700 -0.0011 -0.0186
 4933.720 -0.0030 -0.0159
 4933.740 -0.0046 -0.0039
 4933.760 -0.0057  0.0081
 4933.780 -0.0065  0.0116
 4933.800 -0.0058  0.0061
 4933.820 -0.0031 -0.0018
 4933.840 -0.0001 -0.0064
 4933.860  0.0005 -0.0071
 4933.880 -0.0014 -0.0063
 4933.900 -0.0032 -0.0059
 4933.920 -0.0041 -0.0050
 4933.940 -0.0066 -0.0012
 4933.960 -0.0105  0.0039
 4933.980 -0.0121  0.0050
 4934.000 -0.0107  0.0006
 4934.020 -0.0084 -0.0033
 4934.040 -0.0060 -0.0024
 4934.060 -0.0046  0.0015
 4934.080 -0.0049  0.0054
 4934.100 -0.0060  0.0087
 4934.120 -0.0067  0.0118
 4934.140 -0.0065  0.0135
 4934.160 -0.0054  0.0109
 4934.180 -0.0047  0.0035
 4934.200 -0.0057 -0.0045
 4934.220 -0.0076 -0.0089
 4934.240 -0.0079 -0.0120
 4934.260 -0.0053 -0.0186
 4934.280 -0.0021 -0.0267
 4934.300 -0.0004 -0.0296
 4934.320  0.0022 -0.0249
 4934.340  0.0076 -0.0159
 4934.360  0.0083 -0.0082
 4934.380 -0.0005 -0.0049
 4934.400 -0.0110 -0.0057
 4934.420 -0.0141 -0.0091
 4934.440 -0.0116 -0.0137
 4934.460 -0.0084 -0.0191
 4934.480 -0.0051 -0.0247
 4934.500 -0.0030 -0.0276
 4934.520 -0.0050 -0.0250
 4934.540 -0.0087 -0.0185
 4934.560 -0.0089 -0.0130
 4934.580 -0.0065 -0.0112
 4934.600 -0.0049 -0.0114
 4934.620 -0.0040 -0.0100
 4934.640 -0.0031 -0.0053
 4934.660 -0.0037 -0.0004
 4934.680 -0.0049  0.0006
 4934.700 -0.0047 -0.0023
 4934.720 -0.0040 -0.0065
 4934.740 -0.0040 -0.0105
 4934.760 -0.0039 -0.0139
 4934.780 -0.0035 -0.0160
 4934.800 -0.0041 -0.0167
 4934.820 -0.0058 -0.0162
 4934.840 -0.0077 -0.0142
 4934.860 -0.0084 -0.0105
 4934.880 -0.0086 -0.0074
 4934.900 -0.0097 -0.0084
 4934.920 -0.0110 -0.0124
 4934.940 -0.0106 -0.0146
 4934.960 -0.0088 -0.0136
 4934.980 -0.0068 -0.0120
 4935.000 -0.0053 -0.0111
 4935.020 -0.0046 -0.0099
 4935.040 -0.0044 -0.0081
 4935.060 -0.0037 -0.0071
 4935.080 -0.0026 -0.0082
 4935.100 -0.0027 -0.0110
 4935.120 -0.0044 -0.0135
 4935.140 -0.0055 -0.0151
 4935.160 -0.0052 -0.0175
 4935.180 -0.0052 -0.0210
 4935.200 -0.0047 -0.0221
 4935.220 -0.0024 -0.0194
 4935.240 -0.0004 -0.0163
 4935.260 -0.0008 -0.0145
 4935.280 -0.0030 -0.0111
 4935.300 -0.0048 -0.0072
 4935.320 -0.0038 -0.0077
 4935.340 -0.0009 -0.0121
 4935.360  0.0003 -0.0128
 4935.380 -0.0022 -0.0069
 4935.400 -0.0067  0.0010
 4935.420 -0.0084  0.0041
 4935.440 -0.0068  0.0001
 4935.460 -0.0062 -0.0063
 4935.480 -0.0070 -0.0090
 4935.500 -0.0060 -0.0072
 4935.520 -0.0032 -0.0041
 4935.540 -0.0020 -0.0022
 4935.560 -0.0032 -0.0016
 4935.580 -0.0051 -0.0019
 4935.600 -0.0061 -0.0024
 4935.620 -0.0062 -0.0017
 4935.640 -0.0063  0.0003
 4935.660 -0.0066  0.0019
 4935.680 -0.0061  0.0019
 4935.700 -0.0052  0.0003
 4935.720 -0.0037 -0.0033
 4935.740  0.0001 -0.0087
 4935.760  0.0040 -0.0124
 4935.780  0.0039 -0.0099
 4935.800  0.0001 -0.0034
 4935.820 -0.0028  0.0000
 4935.840 -0.0013 -0.0016
 4935.860  0.0029 -0.0048
 4935.880  0.0051 -0.0073
 4935.900  0.0037 -0.0095
 4935.920  0.0006 -0.0125
 4935.940 -0.0024 -0.0151
 4935.960 -0.0034 -0.0146
 4935.980 -0.0021 -0.0118
 4936.000 -0.0018 -0.0118
 4936.020 -0.0036 -0.0169
 4936.040 -0.0047 -0.0212
 4936.060 -0.0034 -0.0189
 4936.080 -0.0015 -0.0122
 4936.100 -0.0007 -0.0077
 4936.120 -0.0013 -0.0085
 4936.140 -0.0025 -0.0116
 4936.160 -0.0032 -0.0118
 4936.180 -0.0035 -0.0091
 4936.200 -0.0046 -0.0089
 4936.220 -0.0062 -0.0140
 4936.240 -0.0072 -0.0216
 4936.260 -0.0073 -0.0257
 4936.280 -0.0078 -0.0238
 4936.300 -0.0091 -0.0197
 4936.320 -0.0098 -0.0184
 4936.340 -0.0082 -0.0196
 4936.360 -0.0041 -0.0204
 4936.380 -0.0003 -0.0215
 4936.400  0.0003 -0.0241
 4936.420 -0.0009 -0.0263
 4936.440 -0.0030 -0.0260
 4936.460 -0.0048 -0.0259
 4936.480 -0.0011 -0.0329
 4936.500  0.0062 -0.0505
 4936.520  0.0084 -0.0661
 4936.540  0.0070 -0.0577
 4936.560  0.0116 -0.0269
 4936.580  0.0206  0.0014
 4936.600  0.0192  0.0146
 4936.620  0.0056  0.0163
 4936.640 -0.0047  0.0110
 4936.660 -0.0056  0.0021
 4936.680 -0.0031 -0.0058
 4936.700 -0.0013 -0.0098
 4936.720 -0.0011 -0.0105
 4936.740 -0.0006 -0.0098
 4936.760 -0.0007 -0.0084
 4936.780 -0.0035 -0.0064
 4936.800 -0.0068 -0.0049
 4936.820 -0.0070 -0.0046
 4936.840 -0.0054 -0.0047
 4936.860 -0.0040 -0.0042
 4936.880 -0.0025 -0.0038
 4936.900 -0.0019 -0.0054
 4936.920 -0.0038 -0.0102
 4936.940 -0.0058 -0.0166
 4936.960 -0.0054 -0.0207
 4936.980 -0.0039 -0.0203
 4937.000 -0.0031 -0.0167
 4937.020 -0.0025 -0.0128
 4937.040 -0.0021 -0.0106
 4937.060 -0.0041 -0.0093
 4937.080 -0.0078 -0.0070
 4937.100 -0.0090 -0.0038
 4937.120 -0.0073 -0.0031
 4937.140 -0.0082 -0.0087
 4937.160 -0.0125 -0.0207
 4937.180 -0.0151 -0.0332
 4937.200 -0.0120 -0.0396
 4937.220 -0.0052 -0.0387
 4937.240 -0.0009 -0.0321
 4937.260 -0.0011 -0.0220
 4937.280 -0.0031 -0.0123
 4937.300 -0.0053 -0.0080
 4937.320 -0.0058 -0.0095
 4937.340 -0.0047 -0.0134
 4937.360 -0.0052 -0.0159
 4937.380 -0.0074 -0.0151
 4937.400 -0.0093 -0.0122
 4937.420 -0.0106 -0.0095
 4937.440 -0.0110 -0.0072
 4937.460 -0.0093 -0.0047
 4937.480 -0.0060 -0.0036
 4937.500 -0.0038 -0.0066
 4937.520 -0.0037 -0.0117
 4937.540 -0.0041 -0.0141
 4937.560 -0.0043 -0.0125
 4937.580 -0.0039 -0.0095
 4937.600 -0.0037 -0.0088
 4937.620 -0.0051 -0.0098
 4937.640 -0.0057 -0.0071
 4937.660 -0.0040  0.0011
 4937.680 -0.0039  0.0080
 4937.700 -0.0058  0.0071
 4937.720 -0.0078 -0.0002
 4937.740 -0.0095 -0.0073
 4937.760 -0.0086 -0.0101
 4937.780 -0.0053 -0.0092
 4937.800 -0.0028 -0.0072
 4937.820 -0.0026 -0.0042
 4937.840 -0.0038  0.0015
 4937.860 -0.0053  0.0077
 4937.880 -0.0060  0.0104
 4937.900 -0.0060  0.0098
 4937.920 -0.0059  0.0087
 4937.940 -0.0061  0.0084
 4937.960 -0.0061  0.0081
 4937.980 -0.0058  0.0063
 4938.000 -0.0056  0.0021
 4938.020 -0.0048 -0.0052
 4938.040 -0.0032 -0.0129
 4938.060 -0.0021 -0.0156
 4938.080 -0.0029 -0.0114
 4938.100 -0.0051 -0.0058
 4938.120 -0.0058 -0.0044
 4938.140 -0.0015 -0.0062
 4938.160  0.0055 -0.0060
 4938.180  0.0074 -0.0014
 4938.200  0.0027  0.0032
 4938.220 -0.0013  0.0013
 4938.240 -0.0022 -0.0046
 4938.260 -0.0035 -0.0070
 4938.280 -0.0052 -0.0068
 4938.300 -0.0053 -0.0104
 4938.320 -0.0046 -0.0158
 4938.340 -0.0053 -0.0153
 4938.360 -0.0065 -0.0081
 4938.380 -0.0059 -0.0014
 4938.400 -0.0052 -0.0007
 4938.420 -0.0056 -0.0047
 4938.440 -0.0050 -0.0067
 4938.460 -0.0040 -0.0035
 4938.480 -0.0050 -0.0007
 4938.500 -0.0073 -0.0035
 4938.520 -0.0073 -0.0087
 4938.540 -0.0050 -0.0114
 4938.560 -0.0043 -0.0126
 4938.580 -0.0066 -0.0145
 4938.600 -0.0076 -0.0148
 4938.620 -0.0033 -0.0114
 4938.640  0.0019 -0.0067
 4938.660  0.0048 -0.0095
 4938.680  0.0101 -0.0221
 4938.700  0.0139 -0.0285
 4938.720  0.0092 -0.0179
 4938.740  0.0040 -0.0060
 4938.760  0.0078 -0.0061
 4938.780  0.0138 -0.0117
 4938.800  0.0099 -0.0139
 4938.820 -0.0015 -0.0144
 4938.840 -0.0071 -0.0186
 4938.860 -0.0043 -0.0256
 4938.880 -0.0020 -0.0301
 4938.900 -0.0025 -0.0296
 4938.920 -0.0022 -0.0264
 4938.940 -0.0016 -0.0257
 4938.960 -0.0020 -0.0271
 4938.980 -0.0021 -0.0240
 4939.000 -0.0018 -0.0154
 4939.020 -0.0017 -0.0087
 4939.040 -0.0014 -0.0094
 4939.060 -0.0012 -0.0140
 4939.080 -0.0015 -0.0162
 4939.100 -0.0017 -0.0139
 4939.120 -0.0021 -0.0126
 4939.140 -0.0024 -0.0192
 4939.160 -0.0005 -0.0327
 4939.180 -0.0009 -0.0429
 4939.200 -0.0090 -0.0409
 4939.220 -0.0155 -0.0290
 4939.240 -0.0121 -0.0172
 4939.260 -0.0064 -0.0111
 4939.280 -0.0045 -0.0097
 4939.300 -0.0039 -0.0101
 4939.320 -0.0044 -0.0093
 4939.340 -0.0063 -0.0072
 4939.360 -0.0056 -0.0074
 4939.380 -0.0021 -0.0107
 4939.400 -0.0016 -0.0132
 4939.420 -0.0052 -0.0113
 4939.440 -0.0087 -0.0073
 4939.460 -0.0098 -0.0060
 4939.480 -0.0100 -0.0096
 4939.500 -0.0103 -0.0149
 4939.520 -0.0087 -0.0165
 4939.540 -0.0048 -0.0130
 4939.560 -0.0013 -0.0080
 4939.580 -0.0007 -0.0048
 4939.600 -0.0028 -0.0044
 4939.620 -0.0045 -0.0066
 4939.640 -0.0033 -0.0099
 4939.660 -0.0013 -0.0118
 4939.680 -0.0020 -0.0113
 4939.700 -0.0062 -0.0114
 4939.720 -0.0105 -0.0152
 4939.740 -0.0107 -0.0212
 4939.760 -0.0065 -0.0238
 4939.780 -0.0028 -0.0170
 4939.800 -0.0034 -0.0030
 4939.820 -0.0054  0.0072
 4939.840 -0.0041  0.0051
 4939.860 -0.0021 -0.0066
 4939.880 -0.0035 -0.0195
 4939.900 -0.0053 -0.0267
 4939.920 -0.0050 -0.0274
 4939.940 -0.0056 -0.0248
 4939.960 -0.0085 -0.0215
 4939.980 -0.0111 -0.0179
 4940.000 -0.0106 -0.0141
 4940.020 -0.0076 -0.0113
 4940.040 -0.0053 -0.0102
 4940.060 -0.0060 -0.0101
 4940.080 -0.0071 -0.0093
 4940.100 -0.0059 -0.0079
 4940.120 -0.0043 -0.0085
 4940.140 -0.0058 -0.0118
 4940.160 -0.0094 -0.0139
 4940.180 -0.0109 -0.0122
 4940.200 -0.0086 -0.0098
 4940.220 -0.0055 -0.0110
 4940.240 -0.0051 -0.0156
 4940.260 -0.0061 -0.0201
 4940.280 -0.0047 -0.0216
 4940.300 -0.0014 -0.0209
 4940.320  0.0002 -0.0202
 4940.340  0.0006 -0.0186
 4940.360  0.0015 -0.0129
 4940.380  0.0014 -0.0046
 4940.400 -0.0006  0.0009
 4940.420 -0.0026  0.0013
 4940.440 -0.0033 -0.0010
 4940.460 -0.0043 -0.0023
 4940.480 -0.0052 -0.0012
 4940.500 -0.0050 -0.0003
 4940.520 -0.0053 -0.0016
 4940.540 -0.0064 -0.0026
 4940.560 -0.0072 -0.0012
 4940.580 -0.0073  0.0003
 4940.600 -0.0064 -0.0002
 4940.620 -0.0042 -0.0009
 4940.640 -0.0012  0.0013
 4940.660 -0.0005  0.0056
 4940.680 -0.0045  0.0078
 4940.700 -0.0097  0.0050
 4940.720 -0.0115  0.0004
 4940.740 -0.0096  0.0016
 4940.760 -0.0077  0.0089
 4940.780 -0.0073  0.0132
 4940.800 -0.0067  0.0076
 4940.820 -0.0058 -0.0037
 4940.840 -0.0045 -0.0094
 4940.860 -0.0023 -0.0061
 4940.880 -0.0005 -0.0015
 4940.900  0.0017 -0.0017
 4940.920  0.0065 -0.0091
 4940.940  0.0089 -0.0211
 4940.960  0.0040 -0.0276
 4940.980 -0.0020 -0.0228
 4941.000 -0.0050 -0.0135
 4941.020 -0.0063 -0.0105
 4941.040 -0.0055 -0.0187
 4941.060 -0.0016 -0.0342
 4941.080  0.0084 -0.0462
 4941.100  0.0197 -0.0466
 4941.120  0.0180 -0.0372
 4941.140  0.0057 -0.0264
 4941.160 -0.0003 -0.0208
 4941.180  0.0019 -0.0191
 4941.200  0.0019 -0.0162
 4941.220 -0.0033 -0.0120
 4941.240 -0.0082 -0.0095
 4941.260 -0.0091 -0.0092
 4941.280 -0.0065 -0.0099
 4941.300 -0.0042 -0.0114
 4941.320 -0.0057 -0.0137
 4941.340 -0.0076 -0.0146
 4941.360 -0.0062 -0.0125
 4941.380 -0.0051 -0.0100
 4941.400 -0.0071 -0.0105
 4941.420 -0.0091 -0.0137
 4941.440 -0.0088 -0.0160
 4941.460 -0.0083 -0.0138
 4941.480 -0.0101 -0.0085
 4941.500 -0.0123 -0.0050
 4941.520 -0.0111 -0.0046
 4941.540 -0.0082 -0.0035
 4941.560 -0.0075 -0.0012
 4941.580 -0.0082 -0.0017
 4941.600 -0.0070 -0.0059
 4941.620 -0.0040 -0.0098
 4941.640 -0.0016 -0.0112
 4941.660 -0.0011 -0.0125
 4941.680 -0.0020 -0.0187
 4941.700 -0.0031 -0.0288
 4941.720 -0.0044 -0.0302
 4941.740 -0.0060 -0.0137
 4941.760 -0.0072  0.0058
 4941.780 -0.0086  0.0060
 4941.800 -0.0098 -0.0102
 4941.820 -0.0091 -0.0240
 4941.840 -0.0058 -0.0252
 4941.860 -0.0032 -0.0166
 4941.880 -0.0045 -0.0079
 4941.900 -0.0077 -0.0053
 4941.920 -0.0093 -0.0064
 4941.940 -0.0086 -0.0070
 4941.960 -0.0066 -0.0067
 4941.980 -0.0042 -0.0069
 4942.000 -0.0029 -0.0078
 4942.020 -0.0043 -0.0077
 4942.040 -0.0068 -0.0057
 4942.060 -0.0069 -0.0036
 4942.080 -0.0045 -0.0040
 4942.100 -0.0033 -0.0053
 4942.120 -0.0035 -0.0045
 4942.140 -0.0034 -0.0024
 4942.160 -0.0035 -0.0026
 4942.180 -0.0046 -0.0058
 4942.200 -0.0059 -0.0095
 4942.220 -0.0063 -0.0107
 4942.240 -0.0050 -0.0093
 4942.260 -0.0031 -0.0079
 4942.280 -0.0018 -0.0073
 4942.300 -0.0011 -0.0043
 4942.320 -0.0009  0.0026
 4942.340 -0.0009  0.0100
 4942.360 -0.0012  0.0142
 4942.380  0.0013  0.0148
 4942.400  0.0183  0.0137
 4942.420  0.0522  0.0131
 4942.440  0.0769  0.0153
 4942.460  0.0723  0.0194
 4942.480  0.0517  0.0199
 4942.500  0.0319  0.0131
 4942.520  0.0143  0.0026
 4942.540  0.0007 -0.0062
 4942.560 -0.0049 -0.0112
 4942.580 -0.0049 -0.0133
 4942.600 -0.0034 -0.0144
 4942.620 -0.0011 -0.0142
 4942.640 -0.0002 -0.0098
 4942.660 -0.0026 -0.0019
 4942.680 -0.0052  0.0030
 4942.700 -0.0053  0.0002
 4942.720 -0.0037 -0.0064
 4942.740 -0.0016 -0.0093
 4942.760  0.0009 -0.0053
 4942.780  0.0024  0.0004
 4942.800  0.0009 -0.0013
 4942.820 -0.0020 -0.0127
 4942.840 -0.0049 -0.0266
 4942.860 -0.0083 -0.0349
 4942.880 -0.0119 -0.0368
 4942.900 -0.0155 -0.0419
 4942.920 -0.0155 -0.0604
 4942.940 -0.0066 -0.0840
 4942.960  0.0035 -0.0889
 4942.980  0.0039 -0.0661
 4943.000  0.0001 -0.0336
 4943.020 -0.0004 -0.0116
 4943.040  0.0003 -0.0029
 4943.060 -0.0014 -0.0044
 4943.080 -0.0068 -0.0169
 4943.100 -0.0131 -0.0293
 4943.120 -0.0149 -0.0265
 4943.140 -0.0127 -0.0168
 4943.160 -0.0111 -0.0161
 4943.180 -0.0112 -0.0235
 4943.200 -0.0122 -0.0307
 4943.220 -0.0125 -0.0335
 4943.240 -0.0106 -0.0315
 4943.260 -0.0079 -0.0270
 4943.280 -0.0076 -0.0215
 4943.300 -0.0083 -0.0163
 4943.320 -0.0075 -0.0128
 4943.340 -0.0072 -0.0118
 4943.360 -0.0091 -0.0121
 4943.380 -0.0099 -0.0125
 4943.400 -0.0079 -0.0139
 4943.420 -0.0070 -0.0172
 4943.440 -0.0070 -0.0201
 4943.460 -0.0067 -0.0198
 4943.480 -0.0083 -0.0171
 4943.500 -0.0109 -0.0139
 4943.520 -0.0120 -0.0105
 4943.540 -0.0117 -0.0075
 4943.560 -0.0100 -0.0078
 4943.580 -0.0077 -0.0128
 4943.600 -0.0073 -0.0200
 4943.620 -0.0078 -0.0244
 4943.640 -0.0065 -0.0213
 4943.660 -0.0034 -0.0101
 4943.680 -0.0027  0.0043
 4943.700 -0.0060  0.0159
 4943.720 -0.0096  0.0220
 4943.740 -0.0114  0.0211
 4943.760 -0.0117  0.0129
 4943.780 -0.0098  0.0014
 4943.800 -0.0081 -0.0077
 4943.820 -0.0078 -0.0127
 4943.840 -0.0059 -0.0155
 4943.860 -0.0036 -0.0173
 4943.880 -0.0044 -0.0180
 4943.900 -0.0065 -0.0169
 4943.920 -0.0076 -0.0139
 4943.940 -0.0069 -0.0096
 4943.960 -0.0047 -0.0057
 4943.980 -0.0025 -0.0038
 4944.000 -0.0011 -0.0051
 4944.020 -0.0001 -0.0097
 4944.040 -0.0010 -0.0146
 4944.060 -0.0050 -0.0157
 4944.080 -0.0087 -0.0122
 4944.100 -0.0083 -0.0072
 4944.120 -0.0051 -0.0050
 4944.140 -0.0022 -0.0068
 4944.160 -0.0013 -0.0107
 4944.180 -0.0023 -0.0134
 4944.200 -0.0033 -0.0136
 4944.220 -0.0035 -0.0123
 4944.240 -0.0038 -0.0106
 4944.260 -0.0043 -0.0085
 4944.280 -0.0049 -0.0049
 4944.300 -0.0051 -0.0007
 4944.320 -0.0030  0.0000
 4944.340 -0.0003 -0.0052
 4944.360  0.0000 -0.0127
 4944.380 -0.0011 -0.0164
 4944.400 -0.0008 -0.0130
 4944.420  0.0011 -0.0055
 4944.440  0.0020 -0.0007
 4944.460  0.0014 -0.0032
 4944.480  0.0010 -0.0108
 4944.500  0.0005 -0.0173
 4944.520 -0.0008 -0.0185
 4944.540 -0.0008 -0.0160
 4944.560 -0.0002 -0.0146
 4944.580 -0.0023 -0.0159
 4944.600 -0.0064 -0.0173
 4944.620 -0.0076 -0.0156
 4944.640 -0.0043 -0.0105
 4944.660 -0.0002 -0.0056
 4944.680  0.0009 -0.0040
 4944.700 -0.0002 -0.0038
 4944.720  0.0006 -0.0020
 4944.740  0.0031  0.0001
 4944.760  0.0020 -0.0015
 4944.780 -0.0044 -0.0099
 4944.800 -0.0118 -0.0235
 4944.820 -0.0150 -0.0352
 4944.840 -0.0126 -0.0371
 4944.860 -0.0085 -0.0271
 4944.880 -0.0104 -0.0145
 4944.900 -0.0170 -0.0130
 4944.920 -0.0173 -0.0238
 4944.940 -0.0091 -0.0346
 4944.960  0.0016 -0.0345
 4944.980  0.0116 -0.0221
 4945.000  0.0153 -0.0053
 4945.020  0.0134  0.0056
 4945.040  0.0146  0.0082
 4945.060  0.0152  0.0067
 4945.080  0.0085  0.0040
 4945.100  0.0017  0.0013
 4945.120 -0.0001 -0.0006
 4945.140  0.0017 -0.0015
 4945.160  0.0096  0.0012
 4945.180  0.0202  0.0097
 4945.200  0.0222  0.0190
 4945.220  0.0130  0.0206
 4945.240  0.0008  0.0137
 4945.260 -0.0075  0.0027
 4945.280 -0.0097 -0.0100
 4945.300 -0.0076 -0.0218
 4945.320 -0.0043 -0.0286
 4945.340 -0.0017 -0.0301
 4945.360 -0.0016 -0.0295
 4945.380 -0.0031 -0.0289
 4945.400 -0.0037 -0.0263
 4945.420 -0.0045 -0.0174
 4945.440 -0.0059 -0.0029
 4945.460 -0.0057  0.0075
 4945.480 -0.0051  0.0033
 4945.500 -0.0070 -0.0147
 4945.520 -0.0099 -0.0356
 4945.540 -0.0092 -0.0455
 4945.560 -0.0083 -0.0364
 4945.580 -0.0183 -0.0144
 4945.600 -0.0330  0.0047
 4945.620 -0.0327  0.0119
 4945.640 -0.0188  0.0100
 4945.660 -0.0076  0.0043
 4945.680 -0.0046 -0.0027
 4945.700 -0.0057 -0.0094
 4945.720 -0.0073 -0.0140
 4945.740 -0.0088 -0.0158
 4945.760 -0.0108 -0.0155
 4945.780 -0.0125 -0.0146
 4945.800 -0.0112 -0.0132
 4945.820 -0.0072 -0.0109
 4945.840 -0.0042 -0.0090
 4945.860 -0.0038 -0.0086
 4945.880 -0.0045 -0.0075
 4945.900 -0.0047 -0.0041
 4945.920 -0.0044 -0.0012
 4945.940 -0.0036 -0.0027
 4945.960 -0.0022 -0.0082
 4945.980 -0.0013 -0.0129
 4946.000 -0.0029 -0.0126
 4946.020 -0.0053 -0.0092
 4946.040 -0.0057 -0.0096
 4946.060 -0.0054 -0.0151
 4946.080 -0.0050 -0.0181
 4946.100 -0.0034 -0.0152
 4946.120 -0.0018 -0.0128
 4946.140 -0.0009 -0.0157
 4946.160  0.0007 -0.0197
 4946.180  0.0026 -0.0174
 4946.200  0.0027 -0.0079
 4946.220  0.0010  0.0005
 4946.240 -0.0019 -0.0013
 4946.260 -0.0048 -0.0103
 4946.280 -0.0067 -0.0160
 4946.300 -0.0070 -0.0136
 4946.320 -0.0049 -0.0072
 4946.340 -0.0011 -0.0030
 4946.360  0.0018 -0.0037
 4946.380  0.0026 -0.0084
 4946.400  0.0010 -0.0135
 4946.420 -0.0043 -0.0159
 4946.440 -0.0104 -0.0148
 4946.460 -0.0116 -0.0119
 4946.480 -0.0075 -0.0084
 4946.500 -0.0024 -0.0041
 4946.520  0.0016  0.0009
 4946.540  0.0032  0.0042
 4946.560  0.0033  0.0044
 4946.580  0.0036  0.0023
 4946.600  0.0030  0.0004
 4946.620  0.0017 -0.0003
 4946.640  0.0017 -0.0022
 4946.660  0.0024 -0.0075
 4946.680  0.0023 -0.0117
 4946.700  0.0024 -0.0062
 4946.720  0.0022  0.0083
 4946.740  0.0022  0.0187
 4946.760  0.0037  0.0154
 4946.780  0.0036  0.0018
 4946.800  0.0006 -0.0125
 4946.820 -0.0022 -0.0211
 4946.840 -0.0034 -0.0229
 4946.860 -0.0040 -0.0204
 4946.880 -0.0044 -0.0176
 4946.900 -0.0044 -0.0169
 4946.920 -0.0033 -0.0185
 4946.940 -0.0006 -0.0209
 4946.960  0.0010 -0.0228
 4946.980 -0.0010 -0.0236
 4947.000 -0.0040 -0.0246
 4947.020 -0.0053 -0.0282
 4947.040 -0.0065 -0.0364
 4947.060 -0.0078 -0.0466
 4947.080 -0.0081 -0.0497
 4947.100 -0.0066 -0.0383
 4947.120 -0.0038 -0.0191
 4947.140 -0.0012 -0.0056
 4947.160 -0.0001 -0.0010
 4947.180  0.0000 -0.0002
 4947.200 -0.0001 -0.0009
 4947.220 -0.0011 -0.0045
 4947.240 -0.0046 -0.0079
 4947.260 -0.0113 -0.0007
 4947.280 -0.0159  0.0177
 4947.300 -0.0088  0.0281
 4947.320  0.0049  0.0220
 4947.340  0.0077  0.0131
 4947.360  0.0010  0.0087
 4947.380  0.0019 -0.0010
 4947.400  0.0139 -0.0202
 4947.420  0.0252 -0.0396
 4947.440  0.0231 -0.0469
 4947.460  0.0091 -0.0375
 4947.480 -0.0017 -0.0220
 4947.500 -0.0039 -0.0154
 4947.520 -0.0041 -0.0183
 4947.540 -0.0059 -0.0217
 4947.560 -0.0070 -0.0216
 4947.580 -0.0064 -0.0194
 4947.600 -0.0049 -0.0156
 4947.620 -0.0032 -0.0111
 4947.640 -0.0014 -0.0083
 4947.660 -0.0005 -0.0086
 4947.680 -0.0014 -0.0098
 4947.700 -0.0041 -0.0106
 4947.720 -0.0057 -0.0119
 4947.740 -0.0056 -0.0147
 4947.760 -0.0073 -0.0171
 4947.780 -0.0111 -0.0180
 4947.800 -0.0132 -0.0186
 4947.820 -0.0132 -0.0205
 4947.840 -0.0119 -0.0234
 4947.860 -0.0085 -0.0243
 4947.880 -0.0063 -0.0217
 4947.900 -0.0068 -0.0180
 4947.920 -0.0053 -0.0173
 4947.940 -0.0025 -0.0189
 4947.960 -0.0021 -0.0186
 4947.980 -0.0016 -0.0146
 4948.000  0.0012 -0.0089
 4948.020  0.0035 -0.0060
 4948.040  0.0034 -0.0084
 4948.060  0.0022 -0.0145
 4948.080 -0.0005 -0.0205
 4948.100 -0.0069 -0.0218
 4948.120 -0.0110 -0.0111
 4948.140 -0.0092  0.0159
 4948.160 -0.0107  0.0445
 4948.180 -0.0152  0.0496
 4948.200 -0.0137  0.0277
 4948.220 -0.0076 -0.0010
 4948.240 -0.0021 -0.0174
 4948.260  0.0003 -0.0178
 4948.280 -0.0005 -0.0111
 4948.300 -0.0020 -0.0089
 4948.320 -0.0014 -0.0134
 4948.340 -0.0006 -0.0187
 4948.360 -0.0023 -0.0208
 4948.380 -0.0043 -0.0202
 4948.400 -0.0038 -0.0182
 4948.420 -0.0030 -0.0161
 4948.440 -0.0029 -0.0151
 4948.460 -0.0021 -0.0158
 4948.480 -0.0002 -0.0180
 4948.500  0.0039 -0.0205
 4948.520  0.0080 -0.0214
 4948.540  0.0058 -0.0196
 4948.560 -0.0023 -0.0173
 4948.580 -0.0074 -0.0182
 4948.600 -0.0076 -0.0230
 4948.620 -0.0075 -0.0283
 4948.640 -0.0074 -0.0292
 4948.660 -0.0061 -0.0230
 4948.680 -0.0053 -0.0113
 4948.700 -0.0056 -0.0018
 4948.720 -0.0076 -0.0012
 4948.740 -0.0100 -0.0071
 4948.760 -0.0103 -0.0118
 4948.780 -0.0082 -0.0130
 4948.800 -0.0053 -0.0135
 4948.820 -0.0022 -0.0139
 4948.840 -0.0007 -0.0121
 4948.860 -0.0031 -0.0067
 4948.880 -0.0072  0.0002
 4948.900 -0.0087  0.0037
 4948.920 -0.0072  0.0006
 4948.940 -0.0053 -0.0084
 4948.960 -0.0042 -0.0192
 4948.980 -0.0035 -0.0278
 4949.000 -0.0022 -0.0319
 4949.020  0.0011 -0.0330
 4949.040  0.0071 -0.0375
 4949.060  0.0161 -0.0501
 4949.080  0.0213 -0.0593
 4949.100  0.0139 -0.0471
 4949.120  0.0017 -0.0206
 4949.140 -0.0025 -0.0033
 4949.160 -0.0009  0.0001
 4949.180  0.0001 -0.0007
 4949.200  0.0001 -0.0015
 4949.220 -0.0004 -0.0019
 4949.240 -0.0016 -0.0012
 4949.260 -0.0007 -0.0010
 4949.280  0.0047 -0.0087
 4949.300  0.0104 -0.0330
 4949.320  0.0107 -0.0644
 4949.340  0.0070 -0.0759
 4949.360  0.0015 -0.0578
 4949.380 -0.0050 -0.0313
 4949.400 -0.0091 -0.0188
 4949.420 -0.0089 -0.0196
 4949.440 -0.0076 -0.0212
 4949.460 -0.0083 -0.0200
 4949.480 -0.0102 -0.0221
 4949.500 -0.0109 -0.0290
 4949.520 -0.0100 -0.0353
 4949.540 -0.0074 -0.0364
 4949.560 -0.0042 -0.0332
 4949.580 -0.0029 -0.0277
 4949.600 -0.0034 -0.0218
 4949.620 -0.0043 -0.0175
 4949.640 -0.0057 -0.0160
 4949.660 -0.0070 -0.0166
 4949.680 -0.0069 -0.0187
 4949.700 -0.0058 -0.0238
 4949.720 -0.0052 -0.0309
 4949.740 -0.0053 -0.0346
 4949.760 -0.0057 -0.0315
 4949.780 -0.0072 -0.0251
 4949.800 -0.0081 -0.0213
 4949.820 -0.0075 -0.0224
 4949.840 -0.0081 -0.0242
 4949.860 -0.0106 -0.0206
 4949.880 -0.0116 -0.0125
 4949.900 -0.0089 -0.0074
 4949.920 -0.0046 -0.0086
 4949.940 -0.0022 -0.0117
 4949.960 -0.0021 -0.0122
 4949.980 -0.0034 -0.0098
 4950.000 -0.0061 -0.0068
 4950.020 -0.0076 -0.0050
 4950.040 -0.0047 -0.0045
 4950.060 -0.0004 -0.0046
 4950.080  0.0000 -0.0056
 4950.100 -0.0027 -0.0078
 4950.120 -0.0056 -0.0108
 4950.140 -0.0066 -0.0122
 4950.160 -0.0042 -0.0094
 4950.180 -0.0012 -0.0030
 4950.200 -0.0014  0.0023
 4950.220 -0.0025  0.0016
 4950.240 -0.0022 -0.0062
 4950.260 -0.0033 -0.0182
 4950.280 -0.0048 -0.0307
 4950.300 -0.0034 -0.0414
 4950.320 -0.0033 -0.0471
 4950.340 -0.0075 -0.0444
 4950.360 -0.0105 -0.0358
 4950.380 -0.0107 -0.0308
 4950.400 -0.0089 -0.0341
 4950.420 -0.0043 -0.0407
 4950.440  0.0025 -0.0446
 4950.460  0.0065 -0.0432
 4950.480  0.0010 -0.0368
 4950.500 -0.0102 -0.0283
 4950.520 -0.0142 -0.0217
 4950.540 -0.0101 -0.0197
 4950.560 -0.0061 -0.0201
 4950.580 -0.0035 -0.0177
 4950.600 -0.0009 -0.0112
 4950.620  0.0004 -0.0065
 4950.640  0.0003 -0.0077
 4950.660  0.0006 -0.0117
 4950.680  0.0012 -0.0141
 4950.700  0.0001 -0.0142
 4950.720 -0.0036 -0.0131
 4950.740 -0.0072 -0.0113
 4950.760 -0.0069 -0.0089
 4950.780 -0.0025 -0.0064
 4950.800  0.0007 -0.0058
 4950.820 -0.0006 -0.0086
 4950.840 -0.0033 -0.0138
 4950.860 -0.0050 -0.0193
 4950.880 -0.0046 -0.0232
 4950.900 -0.0015 -0.0236
 4950.920  0.0032 -0.0175
 4950.940  0.0073 -0.0072
 4950.960  0.0048 -0.0041
 4950.980 -0.0028 -0.0158
 4951.000 -0.0044 -0.0344
 4951.020 -0.0046 -0.0485
 4951.040 -0.0133 -0.0597
 4951.060 -0.0203 -0.0713
 4951.080 -0.0167 -0.0722
 4951.100 -0.0117 -0.0541
 4951.120 -0.0095 -0.0285
 4951.140 -0.0059 -0.0102
 4951.160 -0.0020 -0.0024
 4951.180 -0.0003 -0.0008
 4951.200  0.0002 -0.0010
 4951.220  0.0004 -0.0015
 4951.240  0.0004 -0.0016
 4951.260  0.0002 -0.0009
 4951.280  0.0001 -0.0002
 4951.300  0.0029 -0.0048
 4951.320  0.0132 -0.0260
 4951.340  0.0218 -0.0604
 4951.360  0.0118 -0.0823
 4951.380 -0.0102 -0.0770
 4951.400 -0.0239 -0.0563
 4951.420 -0.0272 -0.0344
 4951.440 -0.0251 -0.0195
 4951.460 -0.0176 -0.0181
 4951.480 -0.0088 -0.0290
 4951.500 -0.0052 -0.0421
 4951.520 -0.0072 -0.0479
 4951.540 -0.0099 -0.0448
 4951.560 -0.0088 -0.0368
 4951.580 -0.0055 -0.0292
 4951.600 -0.0047 -0.0241
 4951.620 -0.0067 -0.0205
 4951.640 -0.0088 -0.0171
 4951.660 -0.0091 -0.0135
 4951.680 -0.0066 -0.0099
 4951.700 -0.0029 -0.0065
 4951.720 -0.0021 -0.0041
 4951.740 -0.0045 -0.0032
 4951.760 -0.0067 -0.0036
 4951.780 -0.0067 -0.0048
 4951.800 -0.0044 -0.0063
 4951.820 -0.0017 -0.0065
 4951.840 -0.0011 -0.0039
 4951.860 -0.0041 -0.0009
 4951.880 -0.0075 -0.0029
 4951.900 -0.0079 -0.0108
 4951.920 -0.0076 -0.0183
 4951.940 -0.0093 -0.0194
 4951.960 -0.0103 -0.0152
 4951.980 -0.0088 -0.0112
 4952.000 -0.0070 -0.0121
 4952.020 -0.0049 -0.0184
 4952.040 -0.0002 -0.0269
 4952.060  0.0059 -0.0333
 4952.080  0.0069 -0.0353
 4952.100  0.0011 -0.0330
 4952.120 -0.0062 -0.0277
 4952.140 -0.0091 -0.0203
 4952.160 -0.0070 -0.0137
 4952.180 -0.0035 -0.0104
 4952.200 -0.0006 -0.0115
 4952.220  0.0005 -0.0173
 4952.240 -0.0016 -0.0253
 4952.260 -0.0037 -0.0307
 4952.280 -0.0027 -0.0306
 4952.300 -0.0010 -0.0268
 4952.320 -0.0009 -0.0227
 4952.340 -0.0017 -0.0194
 4952.360 -0.0013 -0.0182
 4952.380  0.0015 -0.0196
 4952.400 -0.0026 -0.0192
 4952.420 -0.0187 -0.0104
 4952.440 -0.0284  0.0026
 4952.460 -0.0184  0.0075
 4952.480 -0.0039  0.0023
 4952.500  0.0008 -0.0046
 4952.520 -0.0007 -0.0083
 4952.540 -0.0028 -0.0101
 4952.560 -0.0049 -0.0128
 4952.580 -0.0071 -0.0170
 4952.600 -0.0086 -0.0186
 4952.620 -0.0085 -0.0146
 4952.640 -0.0071 -0.0074
 4952.660 -0.0047 -0.0023
 4952.680 -0.0017 -0.0017
 4952.700  0.0007 -0.0050
 4952.720  0.0017 -0.0094
 4952.740  0.0025 -0.0119
 4952.760  0.0036 -0.0106
 4952.780  0.0022 -0.0092
 4952.800 -0.0032 -0.0141
 4952.820 -0.0056 -0.0253
 4952.840  0.0030 -0.0349
 4952.860  0.0148 -0.0363
 4952.880  0.0122 -0.0281
 4952.900 -0.0034 -0.0118
 4952.920 -0.0119  0.0065
 4952.940 -0.0089  0.0172
 4952.960 -0.0060  0.0148
 4952.980  0.0000  0.0000
 4953.000  0.0000  0.0000
