            0.74976E+00
            0.00000E+00
4273.00684  0.33296E+00
4273.01660  0.32438E+00
4273.02588  0.33433E+00
4273.03564  0.36237E+00
4273.04492  0.41447E+00
4273.05420  0.49162E+00
4273.06396  0.57617E+00
4273.07324  0.64197E+00
4273.08301  0.67896E+00
4273.09229  0.69599E+00
4273.10156  0.70327E+00
4273.11133  0.70504E+00
4273.12061  0.70399E+00
4273.13037  0.70229E+00
4273.13965  0.70149E+00
4273.14893  0.70354E+00
4273.15869  0.70873E+00
4273.16797  0.71558E+00
4273.17773  0.72348E+00
4273.18701  0.73084E+00
4273.19678  0.73487E+00
4273.20605  0.73611E+00
4273.21533  0.73628E+00
4273.22510  0.73438E+00
4273.23438  0.73138E+00
4273.24414  0.72944E+00
4273.25342  0.72603E+00
4273.26270  0.72144E+00
4273.27246  0.71590E+00
4273.28174  0.69771E+00
4273.29150 -0.10000E+01
4273.30078 -0.10000E+01
4273.31006 -0.10000E+01
4273.31982  0.70004E+00
4273.32910  0.73316E+00
4273.33887  0.74015E+00
4273.34814  0.73722E+00
4273.35742  0.73446E+00
4273.36719  0.73121E+00
4273.37646  0.73205E+00
4273.38623  0.73741E+00
4273.39551  0.74146E+00
4273.40527  0.74305E+00
4273.41455  0.74362E+00
4273.42383  0.74270E+00
4273.43359  0.74236E+00
4273.44287  0.74524E+00
4273.45264  0.74921E+00
4273.46191  0.75205E+00
4273.47119  0.75504E+00
4273.48096  0.75870E+00
4273.49023  0.76290E+00
4273.50000  0.76813E+00
4273.50928  0.77091E+00
4273.51855  0.76924E+00
4273.52832  0.76951E+00
4273.53760  0.77252E+00
4273.54736  0.77052E+00
4273.55664  0.76433E+00
4273.56592  0.75995E+00
4273.57568  0.75703E+00
4273.58496  0.75449E+00
4273.59473  0.75333E+00
4273.60400  0.75347E+00
4273.61377  0.75442E+00
4273.62305  0.75555E+00
4273.63232  0.75593E+00
4273.64209  0.75442E+00
4273.65137  0.75020E+00
4273.66113  0.74554E+00
4273.67041  0.74259E+00
4273.67969  0.73755E+00
4273.68945  0.72801E+00
4273.69873  0.71857E+00
4273.70850  0.71225E+00
4273.71777  0.70991E+00
4273.72705  0.71454E+00
4273.73682  0.72232E+00
4273.74609  0.72582E+00
4273.75586  0.72850E+00
4273.76514  0.73597E+00
4273.77441  0.74673E+00
4273.78418  0.75517E+00
4273.79346  0.75508E+00
4273.80322  0.75028E+00
4273.81250  0.74881E+00
4273.82227  0.74846E+00
4273.83154  0.74611E+00
4273.84082  0.74418E+00
4273.85059  0.74259E+00
4273.85986  0.73962E+00
4273.86963  0.73648E+00
4273.87891  0.73470E+00
4273.88818  0.73435E+00
4273.89795  0.73492E+00
4273.90723  0.73477E+00
4273.91699  0.73251E+00
4273.92627  0.72912E+00
4273.93555  0.72638E+00
4273.94531  0.72479E+00
4273.95459  0.72435E+00
4273.96436  0.72516E+00
4273.97363  0.72739E+00
4273.98291  0.73088E+00
4273.99268  0.73434E+00
4274.00195  0.73636E+00
4274.01172  0.73726E+00
4274.02100  0.73792E+00
4274.03076  0.73760E+00
4274.04004  0.73582E+00
4274.04932  0.73406E+00
4274.05908  0.73321E+00
4274.06836  0.73201E+00
4274.07812  0.72960E+00
4274.08740  0.72653E+00
4274.09668  0.72362E+00
4274.10645  0.72256E+00
4274.11572  0.72504E+00
4274.12549  0.73031E+00
4274.13477  0.73613E+00
4274.14404  0.74063E+00
4274.15381  0.74262E+00
4274.16309  0.74134E+00
4274.17285  0.73551E+00
4274.18213  0.72469E+00
4274.19141  0.71157E+00
4274.20117  0.70021E+00
4274.21045  0.69474E+00
4274.22021  0.69816E+00
4274.22949  0.70888E+00
4274.23926  0.72142E+00
4274.24854  0.73158E+00
4274.25781  0.73788E+00
4274.26758  0.73958E+00
4274.27686  0.73631E+00
4274.28662  0.72865E+00
4274.29590  0.71790E+00
4274.30518  0.70627E+00
4274.31494  0.69767E+00
4274.32422  0.69618E+00
4274.33398  0.70335E+00
4274.34326  0.71617E+00
4274.35254  0.72828E+00
4274.36230  0.73527E+00
4274.37158  0.73828E+00
4274.38135  0.74002E+00
4274.39062  0.74109E+00
4274.39990  0.74195E+00
4274.40967  0.74317E+00
4274.41895  0.74339E+00
4274.42871  0.74116E+00
4274.43799  0.73741E+00
4274.44775  0.73424E+00
4274.45703  0.73216E+00
4274.46631  0.72955E+00
4274.47607  0.72416E+00
4274.48535  0.71519E+00
4274.49512  0.70463E+00
4274.50439  0.69630E+00
4274.51367  0.69401E+00
4274.52344  0.69901E+00
4274.53271  0.70825E+00
4274.54248  0.71718E+00
4274.55176  0.72309E+00
4274.56104  0.72531E+00
4274.57080  0.72452E+00
4274.58008  0.72222E+00
4274.58984  0.71943E+00
4274.59912  0.71626E+00
4274.60840  0.71284E+00
4274.61816  0.71016E+00
4274.62744  0.70927E+00
4274.63721  0.70889E+00
4274.64648  0.70527E+00
4274.65625  0.69597E+00
4274.66553  0.68226E+00
4274.67480  0.66709E+00
4274.68457  0.65108E+00
4274.69385  0.62827E+00
4274.70361  0.58759E+00
4274.71289  0.52591E+00
4274.72217  0.45924E+00
4274.73193  0.41169E+00
4274.74121  0.39667E+00
4274.75098  0.41748E+00
4274.76025  0.47412E+00
4274.76953  0.55449E+00
4274.77930  0.63109E+00
4274.78857  0.68184E+00
4274.79834  0.70579E+00
4274.80762  0.71312E+00
4274.81689  0.71247E+00
4274.82666  0.70996E+00
4274.83594  0.70835E+00
4274.84570  0.70552E+00
4274.85498  0.69850E+00
4274.86475  0.68490E+00
4274.87402  0.65934E+00
4274.88330  0.61778E+00
4274.89307  0.56691E+00
4274.90234  0.52338E+00
4274.91211  0.50361E+00
4274.92139  0.51617E+00
4274.93066  0.55789E+00
4274.94043  0.61275E+00
4274.94971  0.65998E+00
4274.95947  0.68836E+00
4274.96875  0.70060E+00
4274.97803  0.70417E+00
4274.98779  0.70372E+00
4274.99707  0.70203E+00
4275.00684  0.70142E+00
4275.01611  0.70221E+00
4275.02539  0.70314E+00
4275.03516  0.70306E+00
4275.04443  0.70144E+00
4275.05420  0.69826E+00
4275.06348  0.69358E+00
4275.07324  0.68708E+00
4275.08252  0.67872E+00
4275.09180  0.66875E+00
4275.10156  0.65689E+00
4275.11084  0.64145E+00
4275.12061  0.61644E+00
4275.12988  0.57205E+00
4275.13916  0.50516E+00
4275.14893  0.42911E+00
4275.15820  0.36568E+00
4275.16797  0.32783E+00
4275.17725  0.31469E+00
4275.18652  0.32034E+00
4275.19629  0.34346E+00
4275.20557  0.38929E+00
4275.21533  0.45932E+00
4275.22461  0.53946E+00
4275.23389  0.60703E+00
4275.24365  0.65000E+00
4275.25293  0.67193E+00
4275.26270  0.68208E+00
4275.27197  0.68794E+00
4275.28174  0.69302E+00
4275.29102  0.69672E+00
4275.30029  0.69799E+00
4275.31006  0.69838E+00
4275.31934  0.69941E+00
4275.32910  0.70050E+00
4275.33838  0.70080E+00
4275.34766  0.69984E+00
4275.35742  0.69723E+00
4275.36670  0.69311E+00
4275.37646  0.68682E+00
4275.38574  0.67644E+00
4275.39502  0.66273E+00
4275.40479  0.65033E+00
4275.41406  0.64368E+00
4275.42383  0.64541E+00
4275.43311  0.65693E+00
4275.44238  0.67553E+00
4275.45215  0.69321E+00
4275.46143  0.70342E+00
4275.47119  0.70717E+00
4275.48047  0.70917E+00
4275.49023  0.71045E+00
4275.49951  0.70839E+00
4275.50879  0.70244E+00
4275.51855 -0.10000E+01
4275.52783 -0.10000E+01
4275.53760 -0.10000E+01
4275.54688 -0.10000E+01
4275.55615 -0.10000E+01
4275.56592 -0.10000E+01
4275.57520 -0.10000E+01
4275.58496 -0.10000E+01
4275.59424 -0.10000E+01
4275.60352 -0.10000E+01
4275.61328 -0.10000E+01
4275.62256  0.67655E+00
4275.63232  0.67762E+00
4275.64160  0.67801E+00
4275.65088  0.67223E+00
4275.66064  0.66276E+00
4275.66992  0.65528E+00
4275.67969  0.65073E+00
4275.68896  0.64658E+00
4275.69873  0.64217E+00
4275.70801  0.63893E+00
4275.71729  0.63602E+00
4275.72705  0.63072E+00
4275.73633  0.62311E+00
4275.74609  0.61532E+00
4275.75537  0.60786E+00
4275.76465  0.59974E+00
4275.77441  0.59088E+00
4275.78369  0.58216E+00
4275.79346  0.57307E+00
4275.80273  0.56244E+00
4275.81201  0.55193E+00
4275.82178  0.54511E+00
4275.83105  0.54308E+00
4275.84082  0.54373E+00
4275.85010  0.54438E+00
4275.85938  0.54328E+00
4275.86914  0.53938E+00
4275.87842  0.53245E+00
4275.88818  0.52399E+00
4275.89746  0.51645E+00
4275.90723  0.51015E+00
4275.91650  0.50328E+00
4275.92578  0.49579E+00
4275.93555  0.48951E+00
4275.94482  0.48473E+00
4275.95459  0.47953E+00
4275.96387  0.47253E+00
4275.97314  0.46516E+00
4275.98291  0.46037E+00
4275.99219  0.45894E+00
4276.00195  0.46042E+00
4276.01123  0.46567E+00
4276.02051  0.47297E+00
4276.03027  0.47947E+00
4276.03955  0.48608E+00
4276.04932  0.48968E+00
4276.05859  0.48503E+00
4276.06787  0.47608E+00
4276.07764  0.46855E+00
4276.08691  0.46359E+00
4276.09668  0.46060E+00
4276.10596  0.45702E+00
4276.11572  0.45240E+00
4276.12500  0.44995E+00
4276.13428  0.45151E+00
4276.14404  0.45599E+00
4276.15332  0.46068E+00
4276.16309  0.46261E+00
4276.17236  0.46152E+00
4276.18164  0.45918E+00
4276.19141  0.45565E+00
4276.20068  0.45035E+00
4276.21045  0.44592E+00
4276.21973  0.44559E+00
4276.22900  0.44855E+00
4276.23877  0.45162E+00
4276.24805  0.45324E+00
4276.25781  0.45332E+00
4276.26709  0.45227E+00
4276.27637  0.45158E+00
4276.28613  0.45292E+00
4276.29541  0.45613E+00
4276.30518  0.46036E+00
4276.31445  0.46580E+00
4276.32422  0.47235E+00
4276.33350  0.47907E+00
4276.34277  0.48609E+00
4276.35254  0.49424E+00
4276.36182  0.50254E+00
4276.37158  0.50913E+00
4276.38086  0.51409E+00
4276.39014  0.51921E+00
4276.39990  0.52590E+00
4276.40918  0.53404E+00
4276.41895  0.54212E+00
4276.42822  0.54864E+00
4276.43750  0.55408E+00
4276.44727  0.56001E+00
4276.45654  0.56660E+00
4276.46631  0.57238E+00
4276.47559  0.57629E+00
4276.48486  0.57896E+00
4276.49463  0.58142E+00
4276.50391  0.58326E+00
4276.51367  0.58302E+00
4276.52295  0.57963E+00
4276.53271  0.57388E+00
4276.54199  0.56956E+00
4276.55127  0.57161E+00
4276.56104  0.58145E+00
4276.57031  0.59607E+00
4276.58008  0.61138E+00
4276.58936  0.62417E+00
4276.59863  0.63327E+00
4276.60840  0.64022E+00
4276.61768  0.64640E+00
4276.62744  0.65150E+00
4276.63672  0.65491E+00
4276.64600  0.65680E+00
4276.65576  0.65892E+00
4276.66504  0.66111E+00
4276.67480  0.66074E+00
4276.68408  0.65921E+00
4276.69336  0.65940E+00
4276.70312  0.65967E+00
4276.71240  0.65895E+00
4276.72217  0.66012E+00
4276.73145  0.66510E+00
4276.74121  0.67224E+00
4276.75049  0.67833E+00
4276.75977  0.68195E+00
4276.76953  0.68406E+00
4276.77881  0.68469E+00
4276.78857  0.68307E+00
4276.79785  0.68094E+00
4276.80713  0.68068E+00
4276.81689  0.68175E+00
4276.82617  0.68186E+00
4276.83594  0.68036E+00
4276.84521  0.67892E+00
4276.85449  0.67949E+00
4276.86426  0.68249E+00
4276.87354  0.68695E+00
4276.88330  0.69156E+00
4276.89258  0.69531E+00
4276.90186  0.69720E+00
4276.91162  0.69738E+00
4276.92090  0.69705E+00
4276.93066  0.69603E+00
4276.93994  0.69390E+00
4276.94971  0.69120E+00
4276.95898  0.68737E+00
4276.96826  0.68235E+00
4276.97803  0.67864E+00
4276.98730  0.67811E+00
4276.99707  0.67998E+00
4277.00635  0.68256E+00
4277.01562  0.68375E+00
4277.02539  0.68090E+00
4277.03467  0.67061E+00
4277.04443  0.64791E+00
4277.05371  0.60922E+00
4277.06299  0.55983E+00
4277.07275  0.51516E+00
4277.08203  0.49174E+00
4277.09180  0.49842E+00
4277.10107  0.53381E+00
4277.11035  0.58627E+00
4277.12012  0.63704E+00
4277.12939  0.67103E+00
4277.13916  0.68637E+00
4277.14844  0.69032E+00
4277.15820  0.68926E+00
4277.16748  0.68609E+00
4277.17676  0.68129E+00
4277.18652  0.67269E+00
4277.19580  0.65815E+00
4277.20557  0.63642E+00
4277.21484  0.60111E+00
4277.22412  0.54286E+00
4277.23389  0.46542E+00
4277.24316  0.39008E+00
4277.25293  0.33782E+00
4277.26221  0.31430E+00
4277.27148  0.31337E+00
4277.28125  0.32859E+00
4277.29053  0.36191E+00
4277.30029  0.42094E+00
4277.30957  0.50221E+00
4277.31885  0.58331E+00
4277.32861  0.64144E+00
4277.33789  0.67289E+00
4277.34766  0.68756E+00
4277.35693  0.69426E+00
4277.36670  0.69817E+00
4277.37598  0.70270E+00
4277.38525  0.70794E+00
4277.39502  0.71198E+00
4277.40430  0.71475E+00
4277.41406  0.71739E+00
4277.42334  0.71970E+00
4277.43262  0.72095E+00
4277.44238  0.72136E+00
4277.45166  0.72127E+00
4277.46143  0.72078E+00
4277.47070  0.72057E+00
4277.47998  0.72116E+00
4277.48975  0.72169E+00
4277.49902  0.72114E+00
4277.50879  0.71969E+00
4277.51807  0.71797E+00
4277.52734  0.71641E+00
4277.53711  0.71572E+00
4277.54639  0.71606E+00
4277.55615  0.71622E+00
4277.56543  0.71448E+00
4277.57520  0.70915E+00
4277.58447  0.69830E+00
4277.59375  0.68152E+00
4277.60352  0.66237E+00
4277.61279  0.64696E+00
4277.62256  0.64088E+00
4277.63184  0.64729E+00
4277.64111  0.66474E+00
4277.65088  0.68628E+00
4277.66016  0.70393E+00
4277.66992  0.71405E+00
4277.67920  0.71724E+00
4277.68848  0.71544E+00
4277.69824  0.71101E+00
4277.70752  0.70700E+00
4277.71729  0.70596E+00
4277.72656  0.70829E+00
4277.73584  0.71235E+00
4277.74561  0.71668E+00
4277.75488  0.72088E+00
4277.76465  0.72421E+00
4277.77393  0.72594E+00
4277.78369  0.72667E+00
4277.79297  0.72728E+00
4277.80225  0.72769E+00
4277.81201  0.72773E+00
4277.82129  0.72730E+00
4277.83105  0.72639E+00
4277.84033  0.72575E+00
4277.84961  0.72586E+00
4277.85938  0.72639E+00
4277.86865  0.72700E+00
4277.87842  0.72767E+00
4277.88770  0.72853E+00
4277.89697  0.72955E+00
4277.90674  0.73020E+00
4277.91602  0.72957E+00
4277.92578  0.72702E+00
4277.93506  0.72251E+00
4277.94434  0.71674E+00
4277.95410  0.71068E+00
4277.96338  0.70490E+00
4277.97314  0.69960E+00
4277.98242  0.69576E+00
4277.99219  0.69425E+00
4278.00146  0.69319E+00
4278.01074  0.68906E+00
4278.02051  0.68202E+00
4278.02979  0.67681E+00
4278.03955  0.67716E+00
4278.04883  0.68204E+00
4278.05811  0.68802E+00
4278.06787  0.69239E+00
4278.07715  0.69456E+00
4278.08691  0.69640E+00
4278.09619  0.70043E+00
4278.10547  0.70688E+00
4278.11523  0.71375E+00
4278.12451  0.71909E+00
4278.13428  0.72191E+00
4278.14355  0.72186E+00
4278.15332  0.71874E+00
4278.16260  0.71206E+00
4278.17188  0.70120E+00
4278.18164  0.68292E+00
4278.19092  0.64680E+00
4278.20068  0.58234E+00
4278.20996  0.49812E+00
4278.21924  0.42380E+00
4278.22900  0.38457E+00
4278.23828  0.38501E+00
4278.24805  0.42141E+00
4278.25732  0.49023E+00
4278.26660  0.57697E+00
4278.27637  0.65448E+00
4278.28564  0.70326E+00
4278.29541  0.72465E+00
4278.30469  0.73046E+00
4278.31396  0.72993E+00
4278.32373  0.72817E+00
4278.33301  0.72751E+00
4278.34277  0.72762E+00
4278.35205  0.72775E+00
4278.36182  0.72795E+00
4278.37109  0.72807E+00
4278.38037  0.72802E+00
4278.39014  0.72831E+00
4278.39941  0.72858E+00
4278.40918  0.72726E+00
4278.41846  0.72356E+00
4278.42773  0.71744E+00
4278.43750  0.70818E+00
4278.44678  0.69578E+00
4278.45654  0.68326E+00
4278.46582  0.67529E+00
4278.47510  0.67513E+00
4278.48486  0.68300E+00
4278.49414  0.69566E+00
4278.50391  0.70784E+00
4278.51318  0.71595E+00
4278.52246  0.72017E+00
4278.53223  0.72250E+00
4278.54150  0.72445E+00
4278.55127  0.72631E+00
4278.56055  0.72746E+00
4278.57031  0.72782E+00
4278.57959  0.72851E+00
4278.58887  0.72966E+00
4278.59863  0.72966E+00
4278.60791  0.72817E+00
4278.61768  0.72740E+00
4278.62695  0.72877E+00
4278.63623  0.73092E+00
4278.64600  0.73206E+00
4278.65527  0.73225E+00
4278.66504  0.73256E+00
4278.67432  0.73317E+00
4278.68359  0.73330E+00
4278.69336  0.73258E+00
4278.70264  0.73143E+00
4278.71240  0.73011E+00
4278.72168  0.72880E+00
4278.73096  0.72804E+00
4278.74072  0.72833E+00
4278.75000  0.72970E+00
4278.75977  0.73195E+00
4278.76904  0.73412E+00
4278.77881  0.73483E+00
4278.78809  0.73404E+00
4278.79736  0.73289E+00
4278.80713  0.73109E+00
4278.81641  0.72712E+00
4278.82617  0.72095E+00
4278.83545  0.71414E+00
4278.84473  0.70801E+00
4278.85449  0.70359E+00
4278.86377  0.70202E+00
4278.87354  0.70356E+00
4278.88281  0.70727E+00
4278.89209  0.71209E+00
4278.90186  0.71688E+00
4278.91113  0.72011E+00
4278.92090  0.72107E+00
4278.93018  0.72022E+00
4278.93945  0.71734E+00
4278.94922  0.71154E+00
4278.95850  0.70333E+00
4278.96826  0.69415E+00
4278.97754  0.68399E+00
4278.98730  0.67239E+00
4278.99658  0.66167E+00
4279.00586  0.65668E+00
4279.01562  0.66130E+00
4279.02490  0.67518E+00
4279.03467  0.69337E+00
4279.04395  0.70960E+00
4279.05322  0.72059E+00
4279.06299  0.72639E+00
4279.07227  0.72794E+00
4279.08203  0.72638E+00
4279.09131  0.72315E+00
4279.10059  0.71850E+00
4279.11035  0.71146E+00
4279.11963  0.70043E+00
4279.12939  0.68038E+00
4279.13867  0.64363E+00
4279.14795  0.59030E+00
4279.15771  0.53433E+00
4279.16699  0.49417E+00
4279.17676  0.48216E+00
4279.18604  0.50222E+00
4279.19580  0.54689E+00
4279.20508  0.59628E+00
4279.21436  0.62946E+00
4279.22412  0.63386E+00
4279.23340  0.60220E+00
4279.24316  0.53522E+00
4279.25244  0.45158E+00
4279.26172  0.37951E+00
4279.27148  0.33535E+00
4279.28076  0.31840E+00
4279.29053  0.32166E+00
4279.29980  0.34113E+00
4279.30908  0.38076E+00
4279.31885  0.44743E+00
4279.32812  0.53376E+00
4279.33789  0.61445E+00
4279.34717  0.66816E+00
4279.35645  0.69413E+00
4279.36621  0.70356E+00
4279.37549  0.70548E+00
4279.38525  0.70446E+00
4279.39453  0.70314E+00
4279.40430  0.70289E+00
4279.41357  0.70354E+00
4279.42285  0.70345E+00
4279.43262  0.70108E+00
4279.44189  0.69562E+00
4279.45166  0.68591E+00
4279.46094  0.67172E+00
4279.47021  0.65691E+00
4279.47998  0.64864E+00
4279.48926  0.65270E+00
4279.49902  0.66899E+00
4279.50830  0.69096E+00
4279.51758  0.71027E+00
4279.52734  0.72238E+00
4279.53662  0.72746E+00
4279.54639  0.72751E+00
4279.55566  0.72419E+00
4279.56494  0.71848E+00
4279.57471  0.71141E+00
4279.58398  0.70518E+00
4279.59375  0.70252E+00
4279.60303  0.70427E+00
4279.61279  0.70926E+00
4279.62207  0.71574E+00
4279.63135  0.72155E+00
4279.64111  0.72470E+00
4279.65039  0.72551E+00
4279.66016  0.72663E+00
4279.66943  0.73007E+00
4279.67871  0.73500E+00
4279.68848  0.73862E+00
4279.69775  0.73967E+00
4279.70752  0.73982E+00
4279.71680  0.74024E+00
4279.72607  0.73977E+00
4279.73584  0.73799E+00
4279.74512  0.73645E+00
4279.75488  0.73599E+00
4279.76416  0.73591E+00
4279.77344  0.73588E+00
4279.78320  0.73605E+00
4279.79248  0.73575E+00
4279.80225  0.73463E+00
4279.81152  0.73339E+00
4279.82129  0.73242E+00
4279.83057  0.73176E+00
4279.83984  0.73212E+00
4279.84961  0.73330E+00
4279.85889  0.73373E+00
4279.86865  0.73329E+00
4279.87793  0.73361E+00
4279.88721  0.73420E+00
4279.89697  0.73209E+00
4279.90625  0.72575E+00
4279.91602  0.71488E+00
4279.92529  0.69734E+00
4279.93457  0.67152E+00
4279.94434  0.64188E+00
4279.95361  0.61847E+00
4279.96338  0.61029E+00
4279.97266  0.61932E+00
4279.98193  0.63911E+00
4279.99170  0.65927E+00
4280.00098  0.67342E+00
4280.01074  0.68272E+00
4280.02002  0.69083E+00
4280.02979  0.69869E+00
4280.03906  0.70553E+00
4280.04834  0.71088E+00
4280.05811  0.71387E+00
4280.06738  0.71392E+00
4280.07715  0.71292E+00
4280.08643  0.71373E+00
4280.09570  0.71682E+00
4280.10547  0.72033E+00
4280.11475  0.72255E+00
4280.12451  0.72243E+00
4280.13379  0.71897E+00
4280.14307  0.71185E+00
4280.15283  0.70215E+00
4280.16211  0.69204E+00
4280.17188  0.68405E+00
4280.18115  0.68057E+00
4280.19043  0.68339E+00
4280.20020  0.69235E+00
4280.20947  0.70468E+00
4280.21924  0.71701E+00
4280.22852  0.72740E+00
4280.23828  0.73456E+00
4280.24756  0.73727E+00
4280.25684  0.73637E+00
4280.26660  0.73403E+00
4280.27588  0.73130E+00
4280.28564  0.72922E+00
4280.29492  0.72935E+00
4280.30420  0.73081E+00
4280.31396  0.73084E+00
4280.32324  0.72923E+00
4280.33301  0.72776E+00
4280.34229  0.72682E+00
4280.35156  0.72635E+00
4280.36133  0.72713E+00
4280.37061  0.72903E+00
4280.38037  0.73089E+00
4280.38965  0.73251E+00
4280.39893  0.73414E+00
4280.40869  0.73599E+00
4280.41797  0.73884E+00
4280.42773  0.74242E+00
4280.43701  0.74516E+00
4280.44678  0.74698E+00
4280.45605  0.74856E+00
4280.46533  0.74881E+00
4280.47510  0.74673E+00
4280.48438  0.74408E+00
4280.49414  0.74292E+00
4280.50342  0.74211E+00
4280.51270  0.73985E+00
4280.52246  0.73809E+00
4280.53174  0.73919E+00
4280.54150  0.74111E+00
4280.55078  0.74151E+00
4280.56006  0.74202E+00
4280.56982  0.74370E+00
4280.57910  0.74464E+00
4280.58887  0.74367E+00
4280.59814  0.74094E+00
4280.60742  0.73734E+00
4280.61719  0.73531E+00
4280.62646  0.73541E+00
4280.63623  0.73561E+00
4280.64551  0.73617E+00
4280.65527  0.73772E+00
4280.66455  0.73845E+00
4280.67383  0.73821E+00
4280.68359  0.73769E+00
4280.69287  0.73662E+00
4280.70264  0.73432E+00
4280.71191  0.72912E+00
4280.72119  0.72265E+00
4280.73096  0.71861E+00
4280.74023  0.71567E+00
4280.75000  0.71102E+00
4280.75928  0.70523E+00
4280.76855  0.69949E+00
4280.77832  0.69402E+00
4280.78760  0.69025E+00
4280.79736  0.69048E+00
4280.80664  0.69450E+00
4280.81592  0.70024E+00
4280.82568  0.70796E+00
4280.83496  0.71740E+00
4280.84473  0.72524E+00
4280.85400  0.73043E+00
4280.86377  0.73341E+00
4280.87305  0.73321E+00
4280.88232  0.72957E+00
4280.89209  0.72339E+00
4280.90137  0.71818E+00
4280.91113  0.71701E+00
4280.92041  0.71699E+00
4280.92969  0.71529E+00
4280.93945  0.71350E+00
4280.94873  0.71250E+00
4280.95850  0.71161E+00
4280.96777  0.71097E+00
4280.97705  0.71064E+00
4280.98682  0.71026E+00
4280.99609  0.70986E+00
4281.00586  0.70939E+00
4281.01514  0.70873E+00
4281.02441  0.70815E+00
4281.03418  0.70773E+00
4281.04346  0.70710E+00
4281.05322  0.70579E+00
4281.06250  0.70325E+00
4281.07227  0.69958E+00
4281.08154  0.69578E+00
4281.09082  0.69234E+00
4281.10059  0.68831E+00
4281.10986  0.68247E+00
4281.11963  0.67390E+00
4281.12891  0.66099E+00
4281.13818  0.63949E+00
4281.14795  0.60334E+00
4281.15723  0.55226E+00
4281.16699  0.49721E+00
4281.17627  0.45123E+00
4281.18555  0.41639E+00
4281.19531  0.38587E+00
4281.20459  0.35635E+00
4281.21436  0.33232E+00
4281.22363  0.32014E+00
4281.23291  0.32253E+00
4281.24268  0.34073E+00
4281.25195  0.37941E+00
4281.26172  0.44172E+00
4281.27100  0.51680E+00
4281.28076  0.58163E+00
4281.29004  0.62061E+00
4281.29932  0.63653E+00
4281.30908  0.64070E+00
4281.31836  0.64095E+00
4281.32812  0.64032E+00
4281.33740  0.63929E+00
4281.34668  0.63692E+00
4281.35645  0.63276E+00
4281.36572  0.62755E+00
4281.37549  0.62199E+00
4281.38477  0.61620E+00
4281.39404  0.61006E+00
4281.40381  0.60330E+00
4281.41309  0.59614E+00
4281.42285  0.58975E+00
4281.43213  0.58508E+00
4281.44141  0.58153E+00
4281.45117  0.57765E+00
4281.46045  0.57287E+00
4281.47021  0.56789E+00
4281.47949  0.56336E+00
4281.48926  0.55904E+00
4281.49854  0.55480E+00
4281.50781  0.55145E+00
4281.51758  0.54952E+00
4281.52686  0.54835E+00
4281.53662  0.54737E+00
4281.54590  0.54689E+00
4281.55518  0.54694E+00
4281.56494  0.54633E+00
4281.57422  0.54350E+00
4281.58398  0.53814E+00
4281.59326  0.53083E+00
4281.60254  0.52009E+00
4281.61230  0.50063E+00
4281.62158  0.46782E+00
4281.63135  0.42530E+00
4281.64062  0.38530E+00
4281.64990  0.35978E+00
4281.65967  0.35327E+00
4281.66895  0.36468E+00
4281.67871  0.39056E+00
4281.68799  0.42327E+00
4281.69775  0.45183E+00
4281.70703  0.46944E+00
4281.71631  0.47763E+00
4281.72607  0.48174E+00
4281.73535  0.48544E+00
4281.74512  0.48948E+00
4281.75439  0.49268E+00
4281.76367  0.49327E+00
4281.77344  0.49073E+00
4281.78271  0.48640E+00
4281.79248  0.48227E+00
4281.80176  0.47947E+00
4281.81104  0.47820E+00
4281.82080  0.47803E+00
4281.83008  0.47786E+00
4281.83984  0.47649E+00
4281.84912  0.47420E+00
4281.85840  0.47295E+00
4281.86816  0.47429E+00
4281.87744  0.47846E+00
4281.88721  0.48510E+00
4281.89648  0.49310E+00
4281.90625  0.50014E+00
4281.91553  0.50444E+00
4281.92480  0.50604E+00
4281.93457  0.50582E+00
4281.94385  0.50488E+00
4281.95361  0.50509E+00
4281.96289  0.50785E+00
4281.97217  0.51260E+00
4281.98193  0.51816E+00
4281.99121  0.52447E+00
4282.00098  0.53166E+00
4282.01025  0.53918E+00
4282.01953  0.54654E+00
4282.02930  0.55392E+00
4282.03857  0.56151E+00
4282.04834  0.56900E+00
4282.05762  0.57644E+00
4282.06689  0.58464E+00
4282.07666  0.59364E+00
4282.08594  0.60177E+00
4282.09570  0.60810E+00
4282.10498  0.61397E+00
4282.11475  0.62029E+00
4282.12402  0.62601E+00
4282.13330  0.63064E+00
4282.14307  0.63491E+00
4282.15234  0.63882E+00
4282.16211  0.64208E+00
4282.17139  0.64557E+00
4282.18066  0.64926E+00
4282.19043  0.65136E+00
4282.19971  0.65159E+00
4282.20947  0.65194E+00
4282.21875  0.65321E+00
4282.22803  0.65457E+00
4282.23779  0.65617E+00
4282.24707  0.65856E+00
4282.25684  0.66061E+00
4282.26611  0.66050E+00
4282.27539  0.65808E+00
4282.28516  0.65556E+00
4282.29443  0.65614E+00
4282.30420  0.66163E+00
4282.31348  0.67113E+00
4282.32324  0.68212E+00
4282.33252  0.69228E+00
4282.34180  0.70038E+00
4282.35156  0.70563E+00
4282.36084  0.70715E+00
4282.37061  0.70512E+00
4282.37988  0.69997E+00
4282.38916  0.68994E+00
4282.39893  0.67539E+00
4282.40820  0.66213E+00
4282.41797 -0.10000E+01
4282.42725 -0.10000E+01
4282.43652 -0.10000E+01
4282.44629 -0.10000E+01
4282.45557  0.69338E+00
4282.46533  0.70409E+00
4282.47461  0.71212E+00
4282.48389  0.71761E+00
4282.49365  0.72037E+00
4282.50293  0.72163E+00
4282.51270  0.72225E+00
4282.52197  0.72257E+00
4282.53174  0.72297E+00
4282.54102  0.72379E+00
4282.55029  0.72471E+00
4282.56006  0.72493E+00
4282.56934  0.72472E+00
4282.57910  0.72512E+00
4282.58838  0.72601E+00
4282.59766  0.72606E+00
4282.60742  0.72484E+00
4282.61670  0.72322E+00
4282.62646  0.72191E+00
4282.63574  0.72076E+00
4282.64502  0.71901E+00
4282.65479  0.71558E+00
4282.66406  0.71007E+00
4282.67383  0.70362E+00
4282.68311  0.69847E+00
4282.69238  0.69666E+00
4282.70215  0.69903E+00
4282.71143  0.70512E+00
4282.72119  0.71379E+00
4282.73047  0.72269E+00
4282.74023  0.72863E+00
4282.74951  0.73066E+00
4282.75879  0.73105E+00
4282.76855  0.73157E+00
4282.77783  0.73183E+00
4282.78760  0.73163E+00
4282.79688  0.73144E+00
4282.80615  0.73115E+00
4282.81592  0.73141E+00
4282.82520  0.73312E+00
4282.83496  0.73458E+00
4282.84424  0.73296E+00
4282.85352  0.72843E+00
4282.86328  0.72382E+00
4282.87256  0.72054E+00
4282.88232  0.71842E+00
4282.89160  0.71760E+00
4282.90088  0.71785E+00
4282.91064  0.71852E+00
4282.91992  0.71961E+00
4282.92969  0.72135E+00
4282.93896  0.72266E+00
4282.94873  0.72151E+00
4282.95801  0.71753E+00
4282.96729  0.71198E+00
4282.97705  0.70574E+00
4282.98633  0.69889E+00
4282.99609  0.69045E+00
4283.00537  0.67862E+00
4283.01465  0.66169E+00
4283.02441  0.63876E+00
4283.03369  0.60858E+00
4283.04346  0.56628E+00
4283.05273  0.50688E+00
4283.06201  0.43701E+00
4283.07178  0.37500E+00
4283.08105  0.33448E+00
4283.09082  0.31638E+00
4283.10010  0.31662E+00
4283.10938  0.33232E+00
4283.11914  0.36417E+00
4283.12842  0.41733E+00
4283.13818  0.49176E+00
4283.14746  0.57161E+00
4283.15723  0.63562E+00
4283.16650  0.67560E+00
4283.17578  0.69668E+00
4283.18555  0.70656E+00
4283.19482  0.71109E+00
4283.20459  0.71374E+00
4283.21387  0.71494E+00
4283.22314  0.71428E+00
4283.23291  0.71236E+00
4283.24219  0.70986E+00
4283.25195  0.70749E+00
4283.26123  0.70648E+00
4283.27051  0.70712E+00
4283.28027  0.70815E+00
4283.28955  0.70865E+00
4283.29932  0.70894E+00
4283.30859  0.70936E+00
4283.31787  0.70976E+00
4283.32764  0.71035E+00
4283.33691  0.71210E+00
4283.34668  0.71536E+00
4283.35596  0.71864E+00
4283.36572  0.72025E+00
4283.37500  0.72007E+00
4283.38428  0.71848E+00
4283.39404  0.71516E+00
4283.40332  0.71111E+00
4283.41309  0.70939E+00
4283.42236  0.71179E+00
4283.43164  0.71675E+00
4283.44141  0.72221E+00
4283.45068  0.72772E+00
4283.46045  0.73256E+00
4283.46973  0.73488E+00
4283.47900  0.73427E+00
4283.48877  0.73268E+00
4283.49805  0.73184E+00
4283.50781  0.73215E+00
4283.51709  0.73368E+00
4283.52637  0.73572E+00
4283.53613  0.73703E+00
4283.54541  0.73798E+00
4283.55518  0.73956E+00
4283.56445  0.74107E+00
4283.57422  0.74143E+00
4283.58350  0.74077E+00
4283.59277  0.73925E+00
4283.60254  0.73760E+00
4283.61182  0.73705E+00
4283.62158  0.73715E+00
4283.63086  0.73623E+00
4283.64014  0.73264E+00
4283.64990  0.72562E+00
4283.65918  0.71718E+00
4283.66895  0.71053E+00
4283.67822  0.70793E+00
4283.68750  0.70987E+00
4283.69727  0.71398E+00
4283.70654  0.71799E+00
4283.71631  0.72223E+00
4283.72559  0.72664E+00
4283.73486  0.73002E+00
4283.74463  0.73264E+00
4283.75391  0.73514E+00
4283.76367  0.73684E+00
4283.77295  0.73682E+00
4283.78271  0.73487E+00
4283.79199  0.73153E+00
4283.80127  0.72846E+00
4283.81104  0.72706E+00
4283.82031  0.72673E+00
4283.83008  0.72643E+00
4283.83936  0.72634E+00
4283.84863  0.72626E+00
4283.85840  0.72454E+00
4283.86768  0.71972E+00
4283.87744  0.71117E+00
4283.88672  0.69808E+00
4283.89600  0.68074E+00
4283.90576  0.66340E+00
4283.91504  0.65308E+00
4283.92480  0.65437E+00
4283.93408  0.66655E+00
4283.94336  0.68541E+00
4283.95312  0.70547E+00
4283.96240  0.72150E+00
4283.97217  0.73067E+00
4283.98145  0.73392E+00
4283.99121  0.73419E+00
4284.00049  0.73338E+00
4284.00977  0.73187E+00
4284.01953  0.72952E+00
4284.02881  0.72571E+00
4284.03857  0.71941E+00
4284.04785  0.71048E+00
4284.05713  0.70004E+00
4284.06689  0.68933E+00
4284.07617  0.67894E+00
4284.08594  0.66953E+00
4284.09521  0.66312E+00
4284.10449  0.66296E+00
4284.11426  0.67110E+00
4284.12354  0.68565E+00
4284.13330  0.70183E+00
4284.14258  0.71536E+00
4284.15186  0.72360E+00
4284.16162  0.72531E+00
4284.17090  0.72162E+00
4284.18066  0.71556E+00
4284.18994  0.70937E+00
4284.19971  0.70443E+00
4284.20898  0.70261E+00
4284.21826  0.70448E+00
4284.22803  0.70815E+00
4284.23730  0.71205E+00
4284.24707  0.71599E+00
4284.25635  0.71935E+00
4284.26562  0.72202E+00
4284.27539  0.72511E+00
4284.28467  0.72818E+00
4284.29443  0.72968E+00
4284.30371  0.73053E+00
4284.31299  0.73232E+00
4284.32275  0.73421E+00
4284.33203  0.73536E+00
4284.34180  0.73636E+00
4284.35107  0.73734E+00
4284.36035  0.73863E+00
4284.37012  0.74073E+00
4284.37939  0.74206E+00
4284.38916  0.74159E+00
4284.39844  0.74150E+00
4284.40820  0.74292E+00
4284.41748  0.74431E+00
4284.42676  0.74560E+00
4284.43652  0.74722E+00
4284.44580  0.74802E+00
4284.45557  0.74814E+00
4284.46484  0.74825E+00
4284.47412  0.74836E+00
4284.48389  0.75037E+00
4284.49316  0.75331E+00
4284.50293  0.75322E+00
4284.51221  0.75237E+00
4284.52148  0.75323E+00
4284.53125  0.75362E+00
4284.54053  0.75234E+00
4284.55029  0.74744E+00
4284.55957  0.74073E+00
4284.56885  0.73842E+00
4284.57861  0.73981E+00
4284.58789  0.74059E+00
4284.59766  0.73991E+00
4284.60693  0.73755E+00
4284.61670  0.73481E+00
4284.62598  0.73426E+00
4284.63525  0.73445E+00
4284.64502  0.73346E+00
4284.65430  0.73339E+00
4284.66406  0.73450E+00
4284.67334  0.73370E+00
4284.68262  0.73089E+00
4284.69238  0.72847E+00
4284.70166  0.72707E+00
4284.71143  0.72617E+00
4284.72070  0.72526E+00
4284.72998  0.72361E+00
4284.73975  0.72153E+00
4284.74902  0.72000E+00
4284.75879  0.71851E+00
4284.76807  0.71567E+00
4284.77734  0.71166E+00
4284.78711  0.70749E+00
4284.79639  0.70192E+00
4284.80615  0.69176E+00
4284.81543  0.67593E+00
4284.82520  0.65415E+00
4284.83447  0.61934E+00
4284.84375  0.56095E+00
4284.85352  0.48186E+00
4284.86279  0.40330E+00
4284.87256  0.34726E+00
4284.88184  0.31999E+00
4284.89111  0.31444E+00
4284.90088  0.32380E+00
4284.91016  0.34945E+00
4284.91992  0.39266E+00
4284.92920  0.43896E+00
4284.93848  0.46375E+00
4284.94824  0.46031E+00
4284.95752  0.44758E+00
4284.96729  0.44116E+00
4284.97656  0.43331E+00
4284.98584  0.41265E+00
4284.99561  0.38651E+00
4285.00488  0.37096E+00
4285.01465  0.37511E+00
4285.02393  0.40605E+00
4285.03369  0.47050E+00
4285.04297  0.55824E+00
4285.05225  0.64029E+00
4285.06201  0.69389E+00
4285.07129  0.71856E+00
4285.08105  0.72589E+00
4285.09033  0.72613E+00
4285.09961  0.72509E+00
4285.10938  0.72456E+00
4285.11865  0.72439E+00
4285.12842  0.72547E+00
4285.13770  0.72824E+00
4285.14697  0.73065E+00
4285.15674  0.73058E+00
4285.16602  0.72712E+00
4285.17578  0.71892E+00
4285.18506  0.70515E+00
4285.19434  0.68907E+00
4285.20410  0.67855E+00
4285.21338  0.67998E+00
4285.22314  0.69156E+00
4285.23242  0.70485E+00
4285.24219  0.71289E+00
4285.25146  0.71523E+00
4285.26074  0.71587E+00
4285.27051  0.71775E+00
4285.27979  0.72059E+00
4285.28955  0.72325E+00
4285.29883  0.72563E+00
4285.30811  0.72697E+00
4285.31787  0.72532E+00
4285.32715  0.72080E+00
4285.33691  0.71678E+00
4285.34619  0.71601E+00
4285.35547  0.71801E+00
4285.36523  0.72122E+00
4285.37451  0.72521E+00
4285.38428  0.72965E+00
4285.39355  0.73324E+00
4285.40283  0.73497E+00
4285.41260  0.73558E+00
4285.42188  0.73643E+00
4285.43164  0.73744E+00
4285.44092  0.73766E+00
4285.45068  0.73733E+00
4285.45996  0.73741E+00
4285.46924  0.73741E+00
4285.47900  0.73623E+00
4285.48828  0.73462E+00
4285.49805  0.73395E+00
4285.50732  0.73365E+00
4285.51660  0.73267E+00
4285.52637  0.73158E+00
4285.53564  0.73094E+00
4285.54541  0.73023E+00
4285.55469  0.72926E+00
4285.56396  0.72835E+00
4285.57373  0.72725E+00
4285.58301  0.72593E+00
4285.59277  0.72538E+00
4285.60205  0.72631E+00
4285.61133  0.72866E+00
4285.62109  0.73207E+00
4285.63037  0.73531E+00
4285.64014  0.73688E+00
4285.64941  0.73683E+00
4285.65918  0.73642E+00
4285.66846  0.73619E+00
4285.67773  0.73598E+00
4285.68750  0.73542E+00
4285.69678  0.73427E+00
4285.70654  0.73295E+00
4285.71582  0.73197E+00
4285.72510  0.73016E+00
4285.73486  0.72610E+00
4285.74414  0.72073E+00
4285.75391  0.71637E+00
4285.76318  0.71424E+00
4285.77246  0.71489E+00
4285.78223  0.71871E+00
4285.79150  0.72429E+00
4285.80127  0.72852E+00
4285.81055  0.72988E+00
4285.81982  0.72971E+00
4285.82959  0.72962E+00
4285.83887  0.72945E+00
4285.84863  0.72846E+00
4285.85791  0.72683E+00
4285.86768  0.72479E+00
4285.87695  0.72162E+00
4285.88623  0.71721E+00
4285.89600  0.71316E+00
4285.90527  0.71023E+00
4285.91504  0.70629E+00
4285.92432  0.69915E+00
4285.93359  0.69037E+00
4285.94336  0.68414E+00
4285.95264  0.68340E+00
4285.96240  0.68893E+00
4285.97168  0.69979E+00
4285.98096  0.71243E+00
4285.99072  0.72184E+00
4286.00000  0.72595E+00
4286.00977  0.72701E+00
4286.01904  0.72753E+00
4286.02881  0.72776E+00
4286.03809  0.72760E+00
4286.04736  0.72773E+00
4286.05713  0.72852E+00
4286.06641  0.72981E+00
4286.07617  0.73143E+00
4286.08545  0.73274E+00
4286.09473  0.73312E+00
4286.10449  0.73294E+00
4286.11377  0.73277E+00
4286.12354  0.73255E+00
4286.13281  0.73260E+00
4286.14209  0.73339E+00
4286.15186  0.73390E+00
4286.16113  0.73279E+00
4286.17090  0.73113E+00
4286.18018  0.73103E+00
4286.18945  0.73212E+00
4286.19922  0.73250E+00
4286.20850  0.73182E+00
4286.21826  0.73085E+00
4286.22754  0.72980E+00
4286.23730  0.72914E+00
4286.24658  0.72986E+00
4286.25586  0.73162E+00
4286.26562  0.73293E+00
4286.27490  0.73373E+00
4286.28467  0.73519E+00
4286.29395  0.73718E+00
4286.30322  0.73827E+00
4286.31299  0.73827E+00
4286.32227  0.73815E+00
4286.33203  0.73829E+00
4286.34131  0.73829E+00
4286.35059  0.73793E+00
4286.36035  0.73704E+00
4286.36963  0.73548E+00
4286.37939  0.73404E+00
4286.38867  0.73374E+00
4286.39795  0.73394E+00
4286.40771  0.73343E+00
4286.41699  0.73288E+00
4286.42676  0.73327E+00
4286.43604  0.73282E+00
4286.44580  0.72981E+00
4286.45508  0.72545E+00
4286.46436  0.72003E+00
4286.47412  0.71100E+00
4286.48340  0.69765E+00
4286.49316  0.68353E+00
4286.50244  0.67375E+00
4286.51172  0.67088E+00
4286.52148  0.67220E+00
4286.53076  0.67165E+00
4286.54053  0.66431E+00
4286.54980  0.64395E+00
4286.55908  0.59986E+00
4286.56885  0.52820E+00
4286.57812  0.44481E+00
4286.58789  0.37490E+00
4286.59717  0.33243E+00
4286.60645  0.31662E+00
4286.61621  0.32153E+00
4286.62549  0.34332E+00
4286.63525  0.38485E+00
4286.64453  0.45124E+00
4286.65430  0.53289E+00
4286.66357  0.60293E+00
4286.67285  0.63909E+00
4286.68262  0.63633E+00
4286.69189  0.60014E+00
4286.70166  0.54438E+00
4286.71094  0.49129E+00
4286.72021  0.46049E+00
4286.72998  0.46086E+00
4286.73926  0.49416E+00
4286.74902  0.55499E+00
4286.75830  0.62587E+00
4286.76758  0.68453E+00
4286.77734  0.71913E+00
4286.78662  0.73252E+00
4286.79639  0.73431E+00
4286.80566  0.73309E+00
4286.81494  0.73316E+00
4286.82471  0.73414E+00
4286.83398  0.73417E+00
4286.84375  0.73369E+00
4286.85303  0.73425E+00
4286.86279  0.73559E+00
4286.87207  0.73671E+00
4286.88135  0.73777E+00
4286.89111  0.73892E+00
4286.90039  0.73951E+00
4286.91016  0.73953E+00
4286.91943  0.73991E+00
4286.92871  0.74083E+00
4286.93848  0.74173E+00
4286.94775  0.74254E+00
4286.95752  0.74321E+00
4286.96680  0.74291E+00
4286.97607  0.74119E+00
4286.98584  0.73833E+00
4286.99512  0.73498E+00
4287.00488  0.73162E+00
4287.01416  0.72823E+00
4287.02344  0.72527E+00
4287.03320  0.72439E+00
4287.04248  0.72659E+00
4287.05225  0.73102E+00
4287.06152  0.73606E+00
4287.07129  0.73999E+00
4287.08057  0.74135E+00
4287.08984  0.73988E+00
4287.09961  0.73618E+00
4287.10889  0.73020E+00
4287.11865  0.72135E+00
4287.12793  0.71067E+00
4287.13721  0.70165E+00
4287.14697  0.69786E+00
4287.15625  0.69975E+00
4287.16602  0.70487E+00
4287.17529  0.71116E+00
4287.18457  0.71826E+00
4287.19434  0.72544E+00
4287.20361  0.73104E+00
4287.21338  0.73450E+00
4287.22266  0.73658E+00
4287.23193  0.73768E+00
4287.24170  0.73777E+00
4287.25098  0.73750E+00
4287.26074  0.73751E+00
4287.27002  0.73780E+00
4287.27979  0.73851E+00
4287.28906  0.73996E+00
4287.29834  0.74160E+00
4287.30811  0.74257E+00
4287.31738  0.74324E+00
4287.32715  0.74419E+00
4287.33643  0.74483E+00
4287.34570  0.74414E+00
4287.35547  0.74220E+00
4287.36475  0.73975E+00
4287.37451  0.73758E+00
4287.38379  0.73646E+00
4287.39307  0.73698E+00
4287.40283  0.73879E+00
4287.41211  0.74044E+00
4287.42188  0.74044E+00
4287.43115  0.73899E+00
4287.44043  0.73765E+00
4287.45020  0.73720E+00
4287.45947  0.73714E+00
4287.46924  0.73713E+00
4287.47852  0.73722E+00
4287.48828  0.73739E+00
4287.49756  0.73793E+00
4287.50684  0.73886E+00
4287.51660  0.73937E+00
4287.52588  0.73956E+00
4287.53564  0.74052E+00
4287.54492  0.74203E+00
4287.55420  0.74346E+00
4287.56396  0.74556E+00
4287.57324  0.74784E+00
4287.58301  0.74856E+00
4287.59229  0.74842E+00
4287.60156  0.74886E+00
4287.61133  0.74937E+00
4287.62061  0.75077E+00
4287.63037  0.75439E+00
4287.63965  0.75794E+00
4287.64893  0.75918E+00
4287.65869  0.75865E+00
4287.66797  0.75716E+00
4287.67773  0.75427E+00
4287.68701  0.74865E+00
4287.69678  0.74142E+00
4287.70605  0.73602E+00
4287.71533  0.73373E+00
4287.72510  0.73422E+00
4287.73438  0.73663E+00
4287.74414  0.73879E+00
4287.75342  0.74016E+00
4287.76270  0.74259E+00
4287.77246  0.74601E+00
4287.78174  0.74876E+00
4287.79150  0.75057E+00
4287.80078  0.75113E+00
4287.81006  0.74891E+00
4287.81982  0.74371E+00
4287.82910  0.73795E+00
4287.83887  0.73404E+00
4287.84814  0.73201E+00
4287.85742  0.73088E+00
4287.86719  0.73043E+00
4287.87646  0.73048E+00
4287.88623  0.73019E+00
4287.89551  0.72929E+00
4287.90527  0.72898E+00
4287.91455  0.73073E+00
4287.92383  0.73461E+00
4287.93359  0.73915E+00
4287.94287  0.74273E+00
4287.95264  0.74456E+00
4287.96191  0.74435E+00
4287.97119  0.74216E+00
4287.98096  0.73822E+00
4287.99023  0.73269E+00
4288.00000  0.72672E+00
4288.00928  0.72221E+00
4288.01855  0.71974E+00
4288.02832  0.71871E+00
4288.03760  0.71892E+00
4288.04736  0.72038E+00
4288.05664  0.72285E+00
4288.06592  0.72612E+00
4288.07568  0.72959E+00
4288.08496  0.73199E+00
4288.09473  0.73238E+00
4288.10400  0.73084E+00
4288.11377  0.72794E+00
4288.12305  0.72408E+00
4288.13232  0.71916E+00
4288.14209  0.71277E+00
4288.15137  0.70477E+00
4288.16113  0.69517E+00
4288.17041  0.68341E+00
4288.17969  0.66828E+00
4288.18945  0.64653E+00
4288.19873  0.61081E+00
4288.20850  0.55405E+00
4288.21777  0.47995E+00
4288.22705  0.40542E+00
4288.23682  0.34909E+00
4288.24609  0.31853E+00
4288.25586  0.30919E+00
4288.26514  0.31247E+00
4288.27441  0.32262E+00
4288.28418  0.33721E+00
4288.29346  0.35690E+00
4288.30322  0.38887E+00
4288.31250  0.44422E+00
4288.32227  0.52230E+00
4288.33154  0.60203E+00
4288.34082  0.65872E+00
4288.35059  0.68436E+00
4288.35986  0.68281E+00
4288.36963  0.65472E+00
4288.37891  0.60161E+00
4288.38818  0.53758E+00
4288.39795  0.48375E+00
4288.40723  0.45568E+00
4288.41699  0.46004E+00
4288.42627  0.49557E+00
4288.43555  0.55258E+00
4288.44531  0.61389E+00
4288.45459  0.66249E+00
4288.46436  0.69276E+00
4288.47363  0.71080E+00
4288.48291  0.72286E+00
4288.49268  0.73077E+00
4288.50195  0.73656E+00
4288.51172  0.74173E+00
4288.52100  0.74537E+00
4288.53076  0.74836E+00
4288.54004  0.75223E+00
4288.54932  0.75511E+00
4288.55908  0.75533E+00
4288.56836  0.75317E+00
4288.57812  0.74980E+00
4288.58740  0.74655E+00
4288.59668  0.74309E+00
4288.60645  0.73952E+00
4288.61572  0.73597E+00
4288.62549  0.72955E+00
4288.63477  0.71815E+00
4288.64404  0.70291E+00
4288.65381  0.68754E+00
4288.66309  0.67907E+00
4288.67285  0.68332E+00
4288.68213  0.69862E+00
4288.69141  0.71765E+00
4288.70117  0.73361E+00
4288.71045  0.74353E+00
4288.72021  0.74725E+00
4288.72949  0.74632E+00
4288.73926  0.74428E+00
4288.74854  0.74374E+00
4288.75781  0.74303E+00
4288.76758  0.74095E+00
4288.77686  0.73887E+00
4288.78662  0.73466E+00
4288.79590  0.72618E+00
4288.80518  0.71784E+00
4288.81494  0.71454E+00
4288.82422  0.71500E+00
4288.83398  0.71249E+00
4288.84326  0.70262E+00
4288.85254  0.68966E+00
4288.86230  0.67906E+00
4288.87158  0.67157E+00
4288.88135  0.66811E+00
4288.89062  0.67081E+00
4288.89990  0.67992E+00
4288.90967  0.69311E+00
4288.91895  0.70586E+00
4288.92871  0.71381E+00
4288.93799  0.71641E+00
4288.94775  0.71614E+00
4288.95703  0.71497E+00
4288.96631  0.71418E+00
4288.97607  0.71523E+00
4288.98535  0.71883E+00
4288.99512  0.72441E+00
4289.00439  0.73076E+00
4289.01367  0.73620E+00
4289.02344  0.73931E+00
4289.03271  0.74017E+00
4289.04248  0.74027E+00
4289.05176  0.74072E+00
4289.06104  0.74063E+00
4289.07080  0.73831E+00
4289.08008  0.73435E+00
4289.08984  0.73138E+00
4289.09912  0.73057E+00
4289.10840  0.73096E+00
4289.11816  0.73198E+00
4289.12744  0.73391E+00
4289.13721  0.73611E+00
4289.14648  0.73716E+00
4289.15625  0.73659E+00
4289.16553  0.73511E+00
4289.17480  0.73330E+00
4289.18457  0.73128E+00
4289.19385  0.72965E+00
4289.20361  0.72925E+00
4289.21289  0.72967E+00
4289.22217  0.72911E+00
4289.23193  0.72633E+00
4289.24121  0.72112E+00
4289.25098  0.71306E+00
4289.26025  0.70189E+00
4289.26953  0.68930E+00
4289.27930  0.67848E+00
4289.28857  0.67213E+00
4289.29834  0.67151E+00
4289.30762  0.67660E+00
4289.31689  0.68556E+00
4289.32666  0.69501E+00
4289.33594  0.70198E+00
4289.34570  0.70579E+00
4289.35498  0.70765E+00
4289.36475  0.70881E+00
4289.37402  0.70952E+00
4289.38330  0.70996E+00
4289.39307  0.71104E+00
4289.40234  0.71334E+00
4289.41211  0.71590E+00
4289.42139  0.71769E+00
4289.43066  0.71939E+00
4289.44043  0.72201E+00
4289.44971  0.72519E+00
4289.45947  0.72805E+00
4289.46875  0.73030E+00
4289.47803  0.73164E+00
4289.48779  0.73162E+00
4289.49707  0.73033E+00
4289.50684  0.72846E+00
4289.51611  0.72705E+00
4289.52539  0.72711E+00
4289.53516  0.72834E+00
4289.54443  0.72934E+00
4289.55420  0.72955E+00
4289.56348  0.72896E+00
4289.57324  0.72633E+00
4289.58252  0.72040E+00
4289.59180  0.71216E+00
4289.60156  0.70433E+00
4289.61084  0.69988E+00
4289.62061  0.70092E+00
4289.62988  0.70696E+00
4289.63916  0.71505E+00
4289.64893  0.72260E+00
4289.65820  0.72854E+00
4289.66797  0.73204E+00
4289.67725  0.73259E+00
4289.68652  0.73105E+00
4289.69629  0.72886E+00
4289.70557  0.72615E+00
4289.71533  0.72194E+00
4289.72461  0.71624E+00
4289.73389  0.70940E+00
4289.74365  0.69921E+00
4289.75293  0.68264E+00
4289.76270  0.65863E+00
4289.77197  0.62303E+00
4289.78174  0.56692E+00
4289.79102  0.49028E+00
4289.80029  0.41155E+00
4289.81006  0.35336E+00
4289.81934  0.32431E+00
4289.82910  0.31932E+00
4289.83838  0.33131E+00
4289.84766  0.36013E+00
4289.85742  0.41255E+00
4289.86670  0.48904E+00
4289.87646  0.57171E+00
4289.88574  0.63586E+00
4289.89502  0.67286E+00
4289.90479  0.69154E+00
4289.91406  0.70160E+00
4289.92383  0.70643E+00
4289.93311  0.70698E+00
4289.94238  0.70337E+00
4289.95215  0.69444E+00
4289.96143  0.67761E+00
4289.97119  0.64692E+00
4289.98047  0.59682E+00
4289.99023  0.53312E+00
4289.99951  0.47445E+00
4290.00879  0.43889E+00
4290.01855  0.43510E+00
4290.02783  0.46514E+00
4290.03760  0.52454E+00
4290.04688  0.59730E+00
4290.05615  0.66051E+00
4290.06592  0.69963E+00
4290.07520  0.71685E+00
4290.08496  0.72300E+00
4290.09424  0.72518E+00
4290.10352  0.72563E+00
4290.11328  0.72643E+00
4290.12256  0.72854E+00
4290.13232  0.73069E+00
4290.14160  0.73288E+00
4290.15088  0.73549E+00
4290.16064  0.73710E+00
4290.16992  0.73809E+00
4290.17969  0.73992E+00
4290.18896  0.74060E+00
4290.19873  0.74031E+00
4290.20801  0.74238E+00
4290.21729  0.74541E+00
4290.22705  0.74787E+00
4290.23633  0.75010E+00
4290.24609  0.75099E+00
4290.25537  0.75208E+00
4290.26465  0.75230E+00
4290.27441  0.74822E+00
4290.28369  0.74345E+00
4290.29346  0.74099E+00
4290.30273  0.73926E+00
4290.31201  0.73903E+00
4290.32178  0.74052E+00
4290.33105  0.74129E+00
4290.34082  0.74114E+00
4290.35010  0.74098E+00
4290.35938  0.73981E+00
4290.36914  0.73709E+00
4290.37842  0.73389E+00
4290.38818  0.73111E+00
4290.39746  0.72928E+00
4290.40723  0.72841E+00
4290.41650  0.72762E+00
4290.42578  0.72591E+00
4290.43555  0.72263E+00
4290.44482  0.71721E+00
4290.45459  0.70958E+00
4290.46387  0.70115E+00
4290.47314  0.69507E+00
4290.48291  0.69433E+00
4290.49219  0.69873E+00
4290.50195  0.70568E+00
4290.51123  0.71322E+00
4290.52051  0.71999E+00
4290.53027  0.72394E+00
4290.53955  0.72410E+00
4290.54932  0.72142E+00
4290.55859  0.71629E+00
4290.56787  0.70754E+00
4290.57764  0.69450E+00
4290.58691  0.67938E+00
4290.59668  0.66774E+00
4290.60596  0.66545E+00
4290.61572  0.67363E+00
4290.62500  0.68810E+00
4290.63428  0.70361E+00
4290.64404  0.71673E+00
4290.65332  0.72533E+00
4290.66309  0.72869E+00
4290.67236  0.72877E+00
4290.68164  0.72914E+00
4290.69141  0.73093E+00
4290.70068  0.73173E+00
4290.71045  0.72993E+00
4290.71973  0.72746E+00
4290.72900  0.72591E+00
4290.73877  0.72426E+00
4290.74805  0.72285E+00
4290.75781  0.72382E+00
4290.76709  0.72641E+00
4290.77637  0.72753E+00
4290.78613  0.72655E+00
4290.79541  0.72541E+00
4290.80518  0.72567E+00
4290.81445  0.72741E+00
4290.82422  0.72927E+00
4290.83350  0.72888E+00
4290.84277  0.72494E+00
4290.85254  0.71895E+00
4290.86182  0.71405E+00
4290.87158  0.71233E+00
4290.88086  0.71311E+00
4290.89014  0.71318E+00
4290.89990  0.70893E+00
4290.90918  0.69880E+00
4290.91895  0.68427E+00
4290.92822  0.66946E+00
4290.93750  0.66023E+00
4290.94727  0.66162E+00
4290.95654  0.67371E+00
4290.96631  0.68997E+00
4290.97559  0.70178E+00
4290.98486  0.70531E+00
4290.99463  0.70346E+00
4291.00391  0.70183E+00
4291.01367  0.70419E+00
4291.02295  0.71083E+00
4291.03271  0.71900E+00
4291.04199  0.72518E+00
4291.05127  0.72793E+00
4291.06104  0.72860E+00
4291.07031  0.72923E+00
4291.08008  0.73026E+00
4291.08936  0.73062E+00
4291.09863  0.72982E+00
4291.10840  0.72873E+00
4291.11768  0.72789E+00
4291.12744  0.72668E+00
4291.13672  0.72507E+00
4291.14600  0.72412E+00
4291.15576  0.72440E+00
4291.16504  0.72543E+00
4291.17480  0.72610E+00
4291.18408  0.72537E+00
4291.19336  0.72364E+00
4291.20312  0.72203E+00
4291.21240  0.72001E+00
4291.22217  0.71604E+00
4291.23145  0.70935E+00
4291.24121  0.69831E+00
4291.25049  0.68089E+00
4291.25977  0.65632E+00
4291.26953  0.61975E+00
4291.27881  0.56164E+00
4291.28857  0.48342E+00
4291.29785  0.40547E+00
4291.30713  0.34951E+00
4291.31689  0.32171E+00
4291.32617  0.31716E+00
4291.33594  0.33050E+00
4291.34521  0.36142E+00
4291.35449  0.41542E+00
4291.36426  0.49248E+00
4291.37354  0.57466E+00
4291.38330  0.63730E+00
4291.39258  0.67137E+00
4291.40186  0.68428E+00
4291.41162  0.68480E+00
4291.42090  0.67799E+00
4291.43066  0.66852E+00
4291.43994  0.65658E+00
4291.44971  0.63105E+00
4291.45898  0.57776E+00
4291.46826  0.49936E+00
4291.47803  0.41973E+00
4291.48730  0.36345E+00
4291.49707  0.33810E+00
4291.50635  0.33865E+00
4291.51562  0.35666E+00
4291.52539  0.38158E+00
4291.53467  0.40515E+00
4291.54443  0.42998E+00
4291.55371  0.46756E+00
4291.56299  0.52434E+00
4291.57275  0.59149E+00
4291.58203  0.65072E+00
4291.59180  0.68936E+00
4291.60107  0.70742E+00
4291.61035  0.71193E+00
4291.62012  0.71057E+00
4291.62939  0.70979E+00
4291.63916  0.71244E+00
4291.64844  0.71673E+00
4291.65820  0.72030E+00
4291.66748  0.72333E+00
4291.67676  0.72622E+00
4291.68652  0.72774E+00
4291.69580  0.72733E+00
4291.70557  0.72647E+00
4291.71484  0.72679E+00
4291.72412  0.72790E+00
4291.73389  0.72787E+00
4291.74316  0.72535E+00
4291.75293  0.72031E+00
4291.76221  0.71339E+00
4291.77148  0.70604E+00
4291.78125  0.70093E+00
4291.79053  0.70063E+00
4291.80029  0.70579E+00
4291.80957  0.71467E+00
4291.81885  0.72397E+00
4291.82861  0.73068E+00
4291.83789  0.73425E+00
4291.84766  0.73628E+00
4291.85693  0.73794E+00
4291.86670  0.73862E+00
4291.87598  0.73730E+00
4291.88525  0.73411E+00
4291.89502  0.73072E+00
4291.90430  0.72925E+00
4291.91406  0.73023E+00
4291.92334  0.73231E+00
4291.93262  0.73421E+00
4291.94238  0.73577E+00
4291.95166  0.73681E+00
4291.96143  0.73710E+00
4291.97070  0.73722E+00
4291.97998  0.73728E+00
4291.98975  0.73542E+00
4291.99902  0.72933E+00
4292.00879  0.71822E+00
4292.01807  0.70265E+00
4292.02734  0.68494E+00
4292.03711  0.67054E+00
4292.04639  0.66646E+00
4292.05615  0.67613E+00
4292.06543  0.69567E+00
4292.07520  0.71623E+00
4292.08447  0.73069E+00
4292.09375  0.73792E+00
4292.10352  0.74074E+00
4292.11279  0.74152E+00
4292.12256  0.74117E+00
4292.13184  0.74014E+00
4292.14111  0.73853E+00
4292.15088  0.73535E+00
4292.16016  0.72898E+00
4292.16992  0.71947E+00
4292.17920  0.71037E+00
4292.18848  0.70614E+00
4292.19824  0.70789E+00
4292.20752  0.71324E+00
4292.21729  0.71945E+00
4292.22656  0.72493E+00
4292.23584  0.72906E+00
4292.24561  0.73210E+00
4292.25488  0.73444E+00
4292.26465  0.73579E+00
4292.27393  0.73585E+00
4292.28369  0.73504E+00
4292.29297  0.73388E+00
4292.30225  0.73240E+00
4292.31201  0.73060E+00
4292.32129  0.72943E+00
4292.33105  0.73039E+00
4292.34033  0.73380E+00
4292.34961  0.73819E+00
4292.35938  0.74185E+00
4292.36865  0.74412E+00
4292.37842  0.74503E+00
4292.38770  0.74495E+00
4292.39697  0.74434E+00
4292.40674  0.74328E+00
4292.41602  0.74165E+00
4292.42578  0.73980E+00
4292.43506  0.73853E+00
4292.44434  0.73839E+00
4292.45410  0.73898E+00
4292.46338  0.73928E+00
4292.47314  0.73928E+00
4292.48242  0.73995E+00
4292.49219  0.74102E+00
4292.50146  0.74134E+00
4292.51074  0.74119E+00
4292.52051  0.74109E+00
4292.52979  0.73989E+00
4292.53955  0.73721E+00
4292.54883  0.73463E+00
4292.55811  0.73279E+00
4292.56787  0.73129E+00
4292.57715  0.73118E+00
4292.58691  0.73344E+00
4292.59619  0.73608E+00
4292.60547  0.73679E+00
4292.61523  0.73643E+00
4292.62451  0.73669E+00
4292.63428  0.73631E+00
4292.64355  0.73233E+00
4292.65283  0.72333E+00
4292.66260  0.70907E+00
4292.67188  0.68898E+00
4292.68164  0.66107E+00
4292.69092  0.61963E+00
4292.70068  0.55822E+00
4292.70996  0.48112E+00
4292.71924  0.40601E+00
4292.72900  0.35065E+00
4292.73828  0.32131E+00
4292.74805  0.31454E+00
4292.75732  0.32514E+00
4292.76660  0.35372E+00
4292.77637  0.40699E+00
4292.78564  0.48483E+00
4292.79541  0.56930E+00
4292.80469  0.63645E+00
4292.81396  0.67681E+00
4292.82373  0.69659E+00
4292.83301  0.70478E+00
4292.84277  0.70699E+00
4292.85205  0.70637E+00
4292.86133  0.70371E+00
4292.87109  0.69895E+00
4292.88037  0.69394E+00
4292.89014  0.69130E+00
4292.89941  0.69086E+00
4292.90918  0.68999E+00
4292.91846  0.68650E+00
4292.92773  0.67748E+00
4292.93750  0.65458E+00
4292.94678  0.60809E+00
4292.95654  0.54159E+00
4292.96582  0.47633E+00
4292.97510  0.43441E+00
4292.98486  0.42432E+00
4292.99414  0.44693E+00
4293.00391  0.50233E+00
4293.01318  0.58044E+00
4293.02246  0.65701E+00
4293.03223  0.71092E+00
4293.04150  0.73923E+00
4293.05127  0.75029E+00
4293.06055  0.75225E+00
4293.06982  0.75093E+00
4293.07959  0.75041E+00
4293.08887  0.75237E+00
4293.09863  0.75501E+00
4293.10791  0.75489E+00
4293.11768  0.75151E+00
4293.12695  0.74725E+00
4293.13623  0.74427E+00
4293.14600  0.74416E+00
4293.15527  0.74694E+00
4293.16504  0.75049E+00
4293.17432  0.75257E+00
4293.18359  0.75230E+00
4293.19336  0.75011E+00
4293.20264  0.74746E+00
4293.21240  0.74561E+00
4293.22168  0.74440E+00
4293.23096  0.74320E+00
4293.24072  0.74239E+00
4293.25000  0.74207E+00
4293.25977  0.74102E+00
4293.26904  0.73830E+00
4293.27832  0.73395E+00
4293.28809  0.72819E+00
4293.29736  0.72219E+00
4293.30713  0.71824E+00
4293.31641  0.71790E+00
4293.32617  0.72065E+00
4293.33545  0.72492E+00
4293.34473  0.72969E+00
4293.35449  0.73481E+00
4293.36377  0.73956E+00
4293.37354  0.74245E+00
4293.38281  0.74296E+00
4293.39209  0.74206E+00
4293.40186  0.74052E+00
4293.41113  0.73794E+00
4293.42090  0.73347E+00
4293.43018  0.72688E+00
4293.43945  0.71943E+00
4293.44922  0.71382E+00
4293.45850  0.71246E+00
4293.46826  0.71512E+00
4293.47754  0.71797E+00
4293.48682  0.71611E+00
4293.49658  0.70828E+00
4293.50586  0.69781E+00
4293.51562  0.68963E+00
4293.52490  0.68843E+00
4293.53467  0.69657E+00
4293.54395  0.71050E+00
4293.55322  0.72318E+00
4293.56299  0.73130E+00
4293.57227  0.73580E+00
4293.58203  0.73743E+00
4293.59131  0.73627E+00
4293.60059  0.73361E+00
4293.61035  0.73145E+00
4293.61963  0.72984E+00
4293.62939  0.72764E+00
4293.63867  0.72568E+00
4293.64795  0.72442E+00
4293.65771  0.72201E+00
4293.66699  0.71822E+00
4293.67676  0.71554E+00
4293.68604  0.71584E+00
4293.69580  0.71923E+00
4293.70508  0.72476E+00
4293.71436  0.73102E+00
4293.72412  0.73673E+00
4293.73340  0.74052E+00
4293.74316  0.74153E+00
4293.75244  0.74104E+00
4293.76172  0.74087E+00
4293.77148  0.74048E+00
4293.78076  0.73886E+00
4293.79053  0.73747E+00
4293.79980  0.73775E+00
4293.80908  0.73831E+00
4293.81885  0.73703E+00
4293.82812  0.73409E+00
4293.83789  0.73103E+00
4293.84717  0.72866E+00
4293.85645  0.72681E+00
4293.86621  0.72550E+00
4293.87549  0.72512E+00
4293.88525  0.72538E+00
4293.89453  0.72545E+00
4293.90430  0.72560E+00
4293.91357  0.72671E+00
4293.92285  0.72818E+00
4293.93262  0.72852E+00
4293.94189  0.72744E+00
4293.95166  0.72546E+00
4293.96094  0.72298E+00
4293.97021  0.72026E+00
4293.97998  0.71675E+00
4293.98926  0.71114E+00
4293.99902  0.70269E+00
4294.00830  0.69042E+00
4294.01758  0.67258E+00
4294.02734  0.64862E+00
4294.03662  0.61647E+00
4294.04639  0.56826E+00
4294.05566  0.49978E+00
4294.06494  0.42376E+00
4294.07471  0.36220E+00
4294.08398  0.32702E+00
4294.09375  0.31613E+00
4294.10303  0.32325E+00
4294.11279  0.34663E+00
4294.12207  0.39171E+00
4294.13135  0.46227E+00
4294.14111  0.54548E+00
4294.15039  0.61615E+00
4294.16016  0.65988E+00
4294.16943  0.68145E+00
4294.17871  0.69108E+00
4294.18848  0.69418E+00
4294.19775  0.69382E+00
4294.20752  0.69315E+00
4294.21680  0.69399E+00
4294.22607  0.69600E+00
4294.23584  0.69794E+00
4294.24512  0.69953E+00
4294.25488  0.70142E+00
4294.26416  0.70289E+00
4294.27344  0.70185E+00
4294.28320  0.69627E+00
4294.29248  0.68215E+00
4294.30225  0.65118E+00
4294.31152  0.59725E+00
4294.32129  0.52785E+00
4294.33057  0.46415E+00
4294.33984  0.42592E+00
4294.34961  0.42044E+00
4294.35889  0.44776E+00
4294.36865  0.50555E+00
4294.37793  0.58212E+00
4294.38721  0.65580E+00
4294.39697  0.70915E+00
4294.40625  0.73845E+00
4294.41602  0.75009E+00
4294.42529  0.75311E+00
4294.43457  0.75332E+00
4294.44434  0.75305E+00
4294.45361  0.75279E+00
4294.46338  0.75183E+00
4294.47266  0.75231E+00
4294.48193  0.75530E+00
4294.49170  0.75511E+00
4294.50098  0.74860E+00
4294.51074 -0.10000E+01
4294.52002  0.74161E+00
4294.52979  0.74808E+00
4294.53906  0.74742E+00
4294.54834  0.73475E+00
4294.55811 -0.10000E+01
4294.56738 -0.10000E+01
4294.57715 -0.10000E+01
4294.58643 -0.10000E+01
4294.59570 -0.10000E+01
4294.60547 -0.10000E+01
4294.61475 -0.10000E+01
4294.62451 -0.10000E+01
4294.63379 -0.10000E+01
4294.64307 -0.10000E+01
4294.65283 -0.10000E+01
4294.66211 -0.10000E+01
4294.67188 -0.10000E+01
4294.68115  0.62517E+00
4294.69043  0.68921E+00
4294.70020  0.72256E+00
4294.70947  0.73523E+00
4294.71924  0.73952E+00
4294.72852  0.74014E+00
4294.73828  0.73743E+00
4294.74756  0.73215E+00
4294.75684  0.72628E+00
4294.76660  0.72212E+00
4294.77588  0.72131E+00
4294.78564  0.72399E+00
4294.79492  0.72832E+00
4294.80420  0.73173E+00
4294.81396  0.73370E+00
4294.82324  0.73544E+00
4294.83301  0.73700E+00
4294.84229  0.73774E+00
4294.85156  0.73835E+00
4294.86133  0.73894E+00
4294.87061  0.73765E+00
4294.88037  0.73364E+00
4294.88965  0.72790E+00
4294.89893  0.72025E+00
4294.90869  0.70945E+00
4294.91797  0.69693E+00
4294.92773  0.68677E+00
4294.93701  0.68252E+00
4294.94678  0.68557E+00
4294.95605  0.69473E+00
4294.96533  0.70592E+00
4294.97510  0.71393E+00
4294.98438  0.71659E+00
4294.99414  0.71651E+00
4295.00342  0.71713E+00
4295.01270  0.71848E+00
4295.02246  0.71881E+00
4295.03174  0.71846E+00
4295.04150  0.71916E+00
4295.05078  0.72037E+00
4295.06006  0.71962E+00
4295.06982  0.71620E+00
4295.07910  0.71190E+00
4295.08887  0.70842E+00
4295.09814  0.70656E+00
4295.10742  0.70779E+00
4295.11719  0.71340E+00
4295.12646  0.72170E+00
4295.13623  0.72866E+00
4295.14551  0.73217E+00
4295.15527  0.73330E+00
4295.16455  0.73339E+00
4295.17383  0.73259E+00
4295.18359  0.73096E+00
4295.19287  0.72884E+00
4295.20264  0.72674E+00
4295.21191  0.72551E+00
4295.22119  0.72526E+00
4295.23096  0.72470E+00
4295.24023  0.72308E+00
4295.25000  0.72118E+00
4295.25928  0.71883E+00
4295.26855  0.71374E+00
4295.27832  0.70358E+00
4295.28760  0.68763E+00
4295.29736  0.66516E+00
4295.30664  0.63213E+00
4295.31592  0.58188E+00
4295.32568  0.51360E+00
4295.33496  0.43901E+00
4295.34473  0.37592E+00
4295.35400  0.33556E+00
4295.36377  0.31890E+00
4295.37305  0.32159E+00
4295.38232  0.34097E+00
4295.39209  0.38146E+00
4295.40137  0.44908E+00
4295.41113  0.53599E+00
4295.42041  0.61807E+00
4295.42969  0.67459E+00
4295.43945  0.70371E+00
4295.44873  0.71630E+00
4295.45850  0.72233E+00
4295.46777  0.72588E+00
4295.47705  0.72729E+00
4295.48682  0.72689E+00
4295.49609  0.72638E+00
4295.50586  0.72685E+00
4295.51514  0.72768E+00
4295.52441  0.72798E+00
4295.53418  0.72730E+00
4295.54346  0.72480E+00
4295.55322  0.71945E+00
4295.56250  0.71033E+00
4295.57227  0.69489E+00
4295.58154  0.66628E+00
4295.59082  0.61637E+00
4295.60059  0.54727E+00
4295.60986  0.47759E+00
4295.61963  0.42937E+00
4295.62891  0.41124E+00
4295.63818  0.42155E+00
4295.64795  0.45961E+00
4295.65723  0.52091E+00
4295.66699  0.58808E+00
4295.67627  0.64093E+00
4295.68555  0.67322E+00
4295.69531  0.69209E+00
4295.70459  0.70564E+00
4295.71436  0.71701E+00
4295.72363  0.72632E+00
4295.73291  0.73279E+00
4295.74268  0.73580E+00
4295.75195  0.73609E+00
4295.76172  0.73541E+00
4295.77100  0.73469E+00
4295.78076  0.73329E+00
4295.79004  0.73064E+00
4295.79932  0.72755E+00
4295.80908  0.72570E+00
4295.81836  0.72624E+00
4295.82812  0.72904E+00
4295.83740  0.73253E+00
4295.84668  0.73483E+00
4295.85645  0.73568E+00
4295.86572  0.73647E+00
4295.87549  0.73803E+00
4295.88477  0.73993E+00
4295.89404  0.74162E+00
4295.90381  0.74290E+00
4295.91309  0.74361E+00
4295.92285  0.74398E+00
4295.93213  0.74436E+00
4295.94141  0.74455E+00
4295.95117  0.74437E+00
4295.96045  0.74399E+00
4295.97021  0.74312E+00
4295.97949  0.74103E+00
4295.98926  0.73804E+00
4295.99854  0.73561E+00
4296.00781  0.73479E+00
4296.01758  0.73550E+00
4296.02686  0.73712E+00
4296.03662  0.73891E+00
4296.04590  0.74018E+00
4296.05518  0.74076E+00
4296.06494  0.74052E+00
4296.07422  0.73907E+00
4296.08398  0.73667E+00
4296.09326  0.73467E+00
4296.10254  0.73383E+00
4296.11230  0.73361E+00
4296.12158  0.73393E+00
4296.13135  0.73556E+00
4296.14062  0.73850E+00
4296.14990  0.74132E+00
4296.15967  0.74274E+00
4296.16895  0.74331E+00
4296.17871  0.74386E+00
4296.18799  0.74374E+00
4296.19775  0.74303E+00
4296.20703  0.74301E+00
4296.21631  0.74326E+00
4296.22607  0.74239E+00
4296.23535  0.74096E+00
4296.24512  0.74059E+00
4296.25439  0.74142E+00
4296.26367  0.74211E+00
4296.27344  0.74169E+00
4296.28271  0.74053E+00
4296.29248  0.73925E+00
4296.30176  0.73765E+00
4296.31104  0.73585E+00
4296.32080  0.73527E+00
4296.33008  0.73664E+00
4296.33984  0.73854E+00
4296.34912  0.73901E+00
4296.35840  0.73718E+00
4296.36816  0.73313E+00
4296.37744  0.72756E+00
4296.38721  0.72084E+00
4296.39648  0.71263E+00
4296.40625  0.70356E+00
4296.41553  0.69650E+00
4296.42480  0.69452E+00
4296.43457  0.69836E+00
4296.44385  0.70572E+00
4296.45361  0.71262E+00
4296.46289  0.71586E+00
4296.47217  0.71362E+00
4296.48193  0.70456E+00
4296.49121  0.68860E+00
4296.50098  0.66561E+00
4296.51025  0.62904E+00
4296.51953  0.56861E+00
4296.52930  0.48700E+00
4296.53857  0.40599E+00
4296.54834  0.34865E+00
4296.55762  0.32201E+00
4296.56689  0.31942E+00
4296.57666  0.33309E+00
4296.58594  0.36402E+00
4296.59570  0.42075E+00
4296.60498  0.50297E+00
4296.61475  0.58998E+00
4296.62402  0.65610E+00
4296.63330  0.69337E+00
4296.64307  0.71089E+00
4296.65234  0.71924E+00
4296.66211  0.72398E+00
4296.67139  0.72745E+00
4296.68066  0.72984E+00
4296.69043  0.73080E+00
4296.69971  0.73109E+00
4296.70947  0.73164E+00
4296.71875  0.73226E+00
4296.72803  0.73223E+00
4296.73779  0.73070E+00
4296.74707  0.72675E+00
4296.75684  0.72001E+00
4296.76611  0.71044E+00
4296.77539  0.69554E+00
4296.78516  0.66751E+00
4296.79443  0.61734E+00
4296.80420  0.54676E+00
4296.81348  0.47435E+00
4296.82324  0.42290E+00
4296.83252  0.40241E+00
4296.84180  0.41164E+00
4296.85156  0.45013E+00
4296.86084  0.51569E+00
4296.87061  0.59289E+00
4296.87988  0.65837E+00
4296.88916  0.69890E+00
4296.89893  0.71736E+00
4296.90820  0.72348E+00
4296.91797  0.72535E+00
4296.92725  0.72717E+00
4296.93652  0.72974E+00
4296.94629  0.73237E+00
4296.95557  0.73465E+00
4296.96533  0.73637E+00
4296.97461  0.73745E+00
4296.98389  0.73816E+00
4296.99365  0.73868E+00
4297.00293  0.73897E+00
4297.01270  0.73900E+00
4297.02197  0.73812E+00
4297.03174  0.73595E+00
4297.04102  0.73416E+00
4297.05029  0.73467E+00
4297.06006  0.73644E+00
4297.06934  0.73736E+00
4297.07910  0.73721E+00
4297.08838  0.73638E+00
4297.09766  0.73449E+00
4297.10742  0.73168E+00
4297.11670  0.72807E+00
4297.12646  0.72256E+00
4297.13574  0.71500E+00
4297.14502  0.70833E+00
4297.15479  0.70572E+00
4297.16406  0.70724E+00
4297.17383  0.71065E+00
4297.18311  0.71399E+00
4297.19238  0.71672E+00
4297.20215  0.71943E+00
4297.21143  0.72307E+00
4297.22119  0.72793E+00
4297.23047  0.73328E+00
4297.24023  0.73801E+00
4297.24951  0.74146E+00
4297.25879  0.74344E+00
4297.26855  0.74391E+00
4297.27783  0.74332E+00
4297.28760  0.74292E+00
4297.29688  0.74344E+00
4297.30615  0.74400E+00
4297.31592  0.74388E+00
4297.32520  0.74393E+00
4297.33496  0.74444E+00
4297.34424  0.74376E+00
4297.35352  0.74105E+00
4297.36328  0.73822E+00
4297.37256  0.73716E+00
4297.38232  0.73707E+00
4297.39160  0.73647E+00
4297.40088  0.73572E+00
4297.41064  0.73581E+00
4297.41992  0.73648E+00
4297.42969  0.73678E+00
4297.43896  0.73644E+00
4297.44873  0.73596E+00
4297.45801  0.73565E+00
4297.46729  0.73512E+00
4297.47705  0.73394E+00
4297.48633  0.73274E+00
4297.49609  0.73254E+00
4297.50537  0.73294E+00
4297.51465  0.73299E+00
4297.52441  0.73302E+00
4297.53369  0.73352E+00
4297.54346  0.73332E+00
4297.55273  0.73140E+00
4297.56201  0.72850E+00
4297.57178  0.72506E+00
4297.58105  0.72028E+00
4297.59082  0.71358E+00
4297.60010  0.70407E+00
4297.60938  0.68956E+00
4297.61914  0.66808E+00
4297.62842  0.63645E+00
4297.63818  0.58718E+00
4297.64746  0.51633E+00
4297.65723  0.43606E+00
4297.66650  0.36871E+00
4297.67578  0.32701E+00
4297.68555  0.30870E+00
4297.69482  0.30715E+00
4297.70459  0.31746E+00
4297.71387  0.33830E+00
4297.72314  0.37638E+00
4297.73291  0.44008E+00
4297.74219  0.52182E+00
4297.75195  0.59795E+00
4297.76123  0.65084E+00
4297.77051  0.68152E+00
4297.78027  0.69960E+00
4297.78955  0.71130E+00
4297.79932  0.71884E+00
4297.80859  0.72353E+00
4297.81787  0.72624E+00
4297.82764  0.72725E+00
4297.83691  0.72686E+00
4297.84668  0.72552E+00
4297.85596  0.72312E+00
4297.86572  0.71899E+00
4297.87500  0.71262E+00
4297.88428  0.70407E+00
4297.89404  0.69280E+00
4297.90332  0.67478E+00
4297.91309  0.64125E+00
4297.92236  0.58536E+00
4297.93164  0.51407E+00
4297.94141  0.44871E+00
4297.95068  0.40883E+00
4297.96045  0.40010E+00
4297.96973  0.42124E+00
4297.97900  0.47196E+00
4297.98877  0.54566E+00
4297.99805  0.62267E+00
4298.00781  0.68153E+00
4298.01709  0.71448E+00
4298.02637  0.72808E+00
4298.03613  0.73243E+00
4298.04541  0.73340E+00
4298.05518  0.73280E+00
4298.06445  0.73180E+00
4298.07422  0.73217E+00
4298.08350  0.73452E+00
4298.09277  0.73748E+00
4298.10254  0.73965E+00
4298.11182  0.74102E+00
4298.12158  0.74181E+00
4298.13086  0.74195E+00
4298.14014  0.74192E+00
4298.14990  0.74195E+00
4298.15918  0.74087E+00
4298.16895  0.73826E+00
4298.17822  0.73581E+00
4298.18750  0.73502E+00
4298.19727  0.73615E+00
4298.20654  0.73887E+00
4298.21631  0.74186E+00
4298.22559  0.74386E+00
4298.23486  0.74440E+00
4298.24463  0.74297E+00
4298.25391  0.74054E+00
4298.26367  0.73965E+00
4298.27295  0.74051E+00
4298.28271  0.74101E+00
4298.29199  0.74036E+00
4298.30127  0.73934E+00
4298.31104  0.73838E+00
4298.32031  0.73756E+00
4298.33008  0.73677E+00
4298.33936  0.73563E+00
4298.34863  0.73451E+00
4298.35840  0.73432E+00
4298.36768  0.73531E+00
4298.37744  0.73757E+00
4298.38672  0.74079E+00
4298.39600  0.74310E+00
4298.40576  0.74379E+00
4298.41504  0.74475E+00
4298.42480  0.74657E+00
4298.43408  0.74760E+00
4298.44336  0.74644E+00
4298.45312  0.74243E+00
4298.46240  0.73658E+00
4298.47217  0.73139E+00
4298.48145  0.72740E+00
4298.49121  0.72201E+00
4298.50049  0.71264E+00
4298.50977  0.69839E+00
4298.51953  0.67851E+00
4298.52881  0.65434E+00
4298.53857  0.63363E+00
4298.54785  0.62730E+00
4298.55713  0.63877E+00
4298.56689  0.66019E+00
4298.57617  0.68132E+00
4298.58594  0.69672E+00
4298.59521  0.70562E+00
4298.60449  0.71082E+00
4298.61426  0.71482E+00
4298.62354  0.71546E+00
4298.63330  0.70955E+00
4298.64258  0.69756E+00
4298.65186  0.68128E+00
4298.66162  0.66204E+00
4298.67090  0.63944E+00
4298.68066  0.60563E+00
4298.68994  0.54928E+00
4298.69971  0.47365E+00
4298.70898  0.40044E+00
4298.71826  0.34982E+00
4298.72803  0.32610E+00
4298.73730  0.32384E+00
4298.74707  0.33861E+00
4298.75635  0.37266E+00
4298.76562  0.43232E+00
4298.77539  0.51408E+00
4298.78467  0.59658E+00
4298.79443  0.65697E+00
4298.80371  0.69022E+00
4298.81299  0.70538E+00
4298.82275  0.71187E+00
4298.83203  0.71549E+00
4298.84180  0.71927E+00
4298.85107  0.72339E+00
4298.86035  0.72727E+00
4298.87012  0.73064E+00
4298.87939  0.73226E+00
4298.88916  0.73135E+00
4298.89844  0.72932E+00
4298.90820  0.72690E+00
4298.91748  0.72227E+00
4298.92676  0.71417E+00
4298.93652  0.70316E+00
4298.94580  0.68678E+00
4298.95557  0.65581E+00
4298.96484  0.60104E+00
4298.97412  0.52714E+00
4298.98389  0.45540E+00
4298.99316  0.40767E+00
4299.00293  0.39086E+00
4299.01221  0.40169E+00
4299.02148  0.43935E+00
4299.03125  0.50300E+00
4299.04053  0.57989E+00
4299.05029  0.64761E+00
4299.05957  0.69124E+00
4299.06885  0.71270E+00
4299.07861  0.72198E+00
4299.08789  0.72556E+00
4299.09766  0.72558E+00
4299.10693  0.72391E+00
4299.11670  0.72197E+00
4299.12598  0.71913E+00
4299.13525  0.71411E+00
4299.14502  0.70648E+00
4299.15430  0.69669E+00
4299.16406  0.68658E+00
4299.17334  0.68023E+00
4299.18262  0.68112E+00
4299.19238  0.68816E+00
4299.20166  0.69605E+00
4299.21143  0.69969E+00
4299.22070  0.69697E+00
4299.22998  0.68936E+00
4299.23975  0.68176E+00
4299.24902  0.67980E+00
4299.25879  0.68555E+00
4299.26807  0.69673E+00
4299.27734  0.70955E+00
4299.28711  0.72091E+00
4299.29639  0.72901E+00
4299.30615  0.73385E+00
4299.31543  0.73642E+00
4299.32520  0.73691E+00
4299.33447  0.73509E+00
4299.34375  0.73185E+00
4299.35352  0.72874E+00
4299.36279  0.72630E+00
4299.37256  0.72400E+00
4299.38184  0.72137E+00
4299.39111  0.71857E+00
4299.40088  0.71601E+00
4299.41016  0.71332E+00
4299.41992  0.70981E+00
4299.42920  0.70631E+00
4299.43848  0.70511E+00
4299.44824  0.70767E+00
4299.45752  0.71313E+00
4299.46729  0.71884E+00
4299.47656  0.72220E+00
4299.48584  0.72285E+00
4299.49561  0.72308E+00
4299.50488  0.72502E+00
4299.51465  0.72819E+00
4299.52393  0.73074E+00
4299.53369  0.73190E+00
4299.54297  0.73212E+00
4299.55225  0.73173E+00
4299.56201  0.73041E+00
4299.57129  0.72817E+00
4299.58105  0.72555E+00
4299.59033  0.72219E+00
4299.59961  0.71693E+00
4299.60938  0.70928E+00
4299.61865  0.69879E+00
4299.62842  0.68477E+00
4299.63770  0.66705E+00
4299.64697  0.64133E+00
4299.65674  0.59619E+00
4299.66602  0.52588E+00
4299.67578  0.44445E+00
4299.68506  0.37693E+00
4299.69434  0.33848E+00
4299.70410  0.32759E+00
4299.71338  0.33531E+00
4299.72314  0.35877E+00
4299.73242  0.40539E+00
4299.74219  0.47931E+00
4299.75146  0.56620E+00
4299.76074  0.64080E+00
4299.77051  0.68838E+00
4299.77979  0.71291E+00
4299.78955  0.72534E+00
4299.79883  0.73150E+00
4299.80811  0.73395E+00
4299.81787  0.73477E+00
4299.82715  0.73354E+00
4299.83691  0.73074E+00
4299.84619  0.72833E+00
4299.85547  0.72581E+00
4299.86523  0.72212E+00
4299.87451  0.71777E+00
4299.88428  0.71286E+00
4299.89355  0.70685E+00
4299.90283  0.69842E+00
4299.91260  0.68243E+00
4299.92188  0.64928E+00
4299.93164  0.59204E+00
4299.94092  0.51730E+00
4299.95068  0.44668E+00
4299.95996  0.40195E+00
4299.96924  0.38931E+00
4299.97900  0.40472E+00
4299.98828  0.44858E+00
4299.99805  0.51987E+00
4300.00732  0.60115E+00
4300.01660  0.66820E+00
4300.02637  0.71135E+00
4300.03564  0.73532E+00
4300.04541  0.74691E+00
4300.05469  0.75068E+00
4300.06396  0.75015E+00
4300.07373  0.74883E+00
4300.08301  0.74740E+00
4300.09277  0.74418E+00
4300.10205  0.74063E+00
4300.11133  0.73868E+00
4300.12109  0.73734E+00
4300.13037  0.73629E+00
4300.14014  0.73579E+00
4300.14941  0.73555E+00
4300.15918  0.73658E+00
4300.16846  0.73893E+00
4300.17773  0.74008E+00
4300.18750  0.73950E+00
4300.19678  0.73940E+00
4300.20654  0.74039E+00
4300.21582  0.74129E+00
4300.22510  0.74135E+00
4300.23486  0.74069E+00
4300.24414  0.74079E+00
4300.25391  0.74247E+00
4300.26318  0.74384E+00
4300.27246  0.74429E+00
4300.28223  0.74576E+00
4300.29150  0.74688E+00
4300.30127  0.74510E+00
4300.31055  0.74298E+00
4300.31982  0.74267E+00
4300.32959  0.74298E+00
4300.33887  0.74490E+00
4300.34863  0.74496E+00
4300.35791  0.73671E+00
4300.36768  0.72760E+00
4300.37695  0.72844E+00
4300.38623  0.73782E+00
4300.39600  0.74717E+00
4300.40527  0.74720E+00
4300.41504  0.74058E+00
4300.42432  0.73720E+00
4300.43359  0.73579E+00
4300.44336  0.73255E+00
4300.45264  0.72941E+00
4300.46240  0.72602E+00
4300.47168  0.72098E+00
4300.48096  0.71566E+00
4300.49072  0.71055E+00
4300.50000  0.70543E+00
4300.50977  0.70070E+00
4300.51904  0.69413E+00
4300.52832  0.68248E+00
4300.53809  0.66333E+00
4300.54736  0.62890E+00
4300.55713  0.56890E+00
4300.56641  0.48786E+00
4300.57617  0.40849E+00
4300.58545  0.35263E+00
4300.59473  0.32682E+00
4300.60449  0.32523E+00
4300.61377  0.33942E+00
4300.62354  0.36873E+00
4300.63281  0.41939E+00
4300.64209  0.48326E+00
4300.65186  0.52604E+00
4300.66113  0.51602E+00
4300.67090  0.45995E+00
4300.68018  0.39527E+00
4300.68945  0.35274E+00
4300.69922  0.33925E+00
4300.70850  0.35073E+00
4300.71826  0.38789E+00
4300.72754  0.45342E+00
4300.73682  0.53698E+00
4300.74658  0.61406E+00
4300.75586  0.66583E+00
4300.76562  0.69192E+00
4300.77490  0.70075E+00
4300.78467  0.69864E+00
4300.79395  0.68830E+00
4300.80322  0.66549E+00
4300.81299  0.61973E+00
4300.82227  0.54958E+00
4300.83203  0.47336E+00
4300.84131  0.41589E+00
4300.85059  0.38896E+00
4300.86035  0.39091E+00
4300.86963  0.41999E+00
4300.87939  0.47750E+00
4300.88867  0.55589E+00
4300.89795  0.63333E+00
4300.90771  0.68866E+00
4300.91699  0.71750E+00
4300.92676  0.72869E+00
4300.93604  0.73172E+00
4300.94531  0.73205E+00
4300.95508  0.73172E+00
4300.96436  0.73078E+00
4300.97412  0.72994E+00
4300.98340  0.73028E+00
4300.99316  0.73056E+00
4301.00244  0.72866E+00
4301.01172  0.72479E+00
4301.02148  0.72041E+00
4301.03076  0.71677E+00
4301.04053  0.71584E+00
4301.04980  0.71919E+00
4301.05908  0.72523E+00
4301.06885  0.73059E+00
4301.07812  0.73353E+00
4301.08789  0.73452E+00
4301.09717  0.73478E+00
4301.10645  0.73501E+00
4301.11621  0.73508E+00
4301.12549  0.73482E+00
4301.13525  0.73468E+00
4301.14453  0.73517E+00
4301.15381  0.73632E+00
4301.16357  0.73765E+00
4301.17285  0.73790E+00
4301.18262  0.73591E+00
4301.19189  0.73223E+00
4301.20166  0.72754E+00
4301.21094  0.72045E+00
4301.22021  0.70994E+00
4301.22998  0.69822E+00
4301.23926  0.68871E+00
4301.24902  0.68330E+00
4301.25830  0.68180E+00
4301.26758  0.68121E+00
4301.27734  0.67762E+00
4301.28662  0.67186E+00
4301.29639  0.66933E+00
4301.30566  0.67333E+00
4301.31494  0.68227E+00
4301.32471  0.69165E+00
4301.33398  0.69548E+00
4301.34375  0.68988E+00
4301.35303  0.67509E+00
4301.36279  0.64827E+00
4301.37207  0.59943E+00
4301.38135  0.52520E+00
4301.39111  0.44169E+00
4301.40039  0.37338E+00
4301.41016  0.33389E+00
4301.41943  0.32235E+00
4301.42871  0.33107E+00
4301.43848  0.35569E+00
4301.44775  0.40121E+00
4301.45752  0.47067E+00
4301.46680  0.54805E+00
4301.47607  0.60731E+00
4301.48584  0.63921E+00
4301.49512  0.65569E+00
4301.50488  0.67015E+00
4301.51416  0.68586E+00
4301.52344  0.70043E+00
4301.53320  0.71175E+00
4301.54248  0.71873E+00
4301.55225  0.72049E+00
4301.56152  0.71686E+00
4301.57129  0.70925E+00
4301.58057  0.69883E+00
4301.58984  0.68363E+00
4301.59961  0.65905E+00
4301.60889  0.62084E+00
4301.61865  0.56755E+00
4301.62793  0.50417E+00
4301.63721  0.44359E+00
4301.64697  0.40007E+00
4301.65625  0.37984E+00
4301.66602  0.38152E+00
4301.67529  0.40557E+00
4301.68457  0.45642E+00
4301.69434  0.53085E+00
4301.70361  0.61017E+00
4301.71338  0.67199E+00
4301.72266  0.70794E+00
4301.73193  0.72451E+00
4301.74170  0.73114E+00
4301.75098  0.73353E+00
4301.76074  0.73444E+00
4301.77002  0.73474E+00
4301.77979  0.73435E+00
4301.78906  0.73382E+00
4301.79834  0.73391E+00
4301.80811  0.73450E+00
4301.81738  0.73495E+00
4301.82715  0.73515E+00
4301.83643  0.73552E+00
4301.84570  0.73654E+00
4301.85547  0.73809E+00
4301.86475  0.73955E+00
4301.87451  0.74053E+00
4301.88379  0.74078E+00
4301.89307  0.73953E+00
4301.90283  0.73668E+00
4301.91211  0.73384E+00
4301.92188  0.73274E+00
4301.93115  0.73347E+00
4301.94043  0.73533E+00
4301.95020  0.73750E+00
4301.95947  0.73892E+00
4301.96924  0.73955E+00
4301.97852  0.74044E+00
4301.98828  0.74133E+00
4301.99756  0.74075E+00
4302.00684  0.73864E+00
