            0.76009E+00
            0.00000E+00
4347.99951  0.74016E+00
4348.00879  0.74085E+00
4348.01855  0.74220E+00
4348.02783  0.74327E+00
4348.03760  0.74340E+00
4348.04688  0.74265E+00
4348.05615  0.74113E+00
4348.06592  0.73818E+00
4348.07520  0.73350E+00
4348.08496  0.72716E+00
4348.09424  0.71766E+00
4348.10352  0.70324E+00
4348.11328  0.68218E+00
4348.12256  0.64664E+00
4348.13232  0.58538E+00
4348.14160  0.50135E+00
4348.15088  0.41729E+00
4348.16064  0.35696E+00
4348.16992  0.32846E+00
4348.17969  0.32617E+00
4348.18896  0.34190E+00
4348.19873  0.37593E+00
4348.20801  0.43630E+00
4348.21729  0.52000E+00
4348.22705  0.60211E+00
4348.23633  0.65553E+00
4348.24609  0.67174E+00
4348.25537  0.65356E+00
4348.26465  0.60531E+00
4348.27441  0.54055E+00
4348.28369  0.48296E+00
4348.29346  0.45143E+00
4348.30273  0.45354E+00
4348.31201  0.49079E+00
4348.32178  0.55645E+00
4348.33105  0.63074E+00
4348.34082  0.69014E+00
4348.35010  0.72352E+00
4348.35938  0.73562E+00
4348.36914  0.73729E+00
4348.37842  0.73603E+00
4348.38818  0.73446E+00
4348.39746  0.73338E+00
4348.40723  0.73348E+00
4348.41650  0.73504E+00
4348.42578  0.73777E+00
4348.43555  0.74097E+00
4348.44482  0.74354E+00
4348.45459  0.74461E+00
4348.46387  0.74476E+00
4348.47314  0.74513E+00
4348.48291  0.74561E+00
4348.49219  0.74548E+00
4348.50195  0.74519E+00
4348.51123  0.74544E+00
4348.52051  0.74570E+00
4348.53027  0.74554E+00
4348.53955  0.74547E+00
4348.54932  0.74572E+00
4348.55859  0.74603E+00
4348.56787  0.74654E+00
4348.57764  0.74731E+00
4348.58691  0.74802E+00
4348.59668  0.74870E+00
4348.60596  0.74941E+00
4348.61572  0.74978E+00
4348.62500  0.74972E+00
4348.63428  0.74976E+00
4348.64404  0.75003E+00
4348.65332  0.74995E+00
4348.66309  0.74927E+00
4348.67236  0.74831E+00
4348.68164  0.74739E+00
4348.69141  0.74668E+00
4348.70068  0.74657E+00
4348.71045  0.74705E+00
4348.71973  0.74750E+00
4348.72900  0.74778E+00
4348.73877  0.74816E+00
4348.74805  0.74831E+00
4348.75781  0.74805E+00
4348.76709  0.74819E+00
4348.77637  0.74942E+00
4348.78613  0.75104E+00
4348.79541  0.75144E+00
4348.80518  0.74980E+00
4348.81445  0.74793E+00
4348.82422  0.74822E+00
4348.83350  0.75003E+00
4348.84277  0.75188E+00
4348.85254  0.75446E+00
4348.86182  0.75669E+00
4348.87158  0.75613E+00
4348.88086  0.75513E+00
4348.89014  0.75612E+00
4348.89990  0.75662E+00
4348.90918  0.75668E+00
4348.91895  0.74952E+00
4348.92822  0.71906E+00
4348.93750 -0.10000E+01
4348.94727 -0.10000E+01
4348.95654 -0.10000E+01
4348.96631  0.68262E+00
4348.97559  0.69703E+00
4348.98486  0.68642E+00
4348.99463  0.66985E+00
4349.00391  0.65822E+00
4349.01367  0.64990E+00
4349.02295  0.64628E+00
4349.03271  0.64721E+00
4349.04199  0.65115E+00
4349.05127  0.65869E+00
4349.06104  0.66831E+00
4349.07031  0.67716E+00
4349.08008  0.68570E+00
4349.08936  0.69488E+00
4349.09863  0.70353E+00
4349.10840  0.71122E+00
4349.11768  0.71855E+00
4349.12744  0.72534E+00
4349.13672  0.73122E+00
4349.14600  0.73574E+00
4349.15576  0.73812E+00
4349.16504  0.73854E+00
4349.17480  0.73805E+00
4349.18408  0.73744E+00
4349.19336  0.73711E+00
4349.20312  0.73660E+00
4349.21240  0.73475E+00
4349.22217  0.73198E+00
4349.23145  0.73058E+00
4349.24121  0.73167E+00
4349.25049  0.73443E+00
4349.25977  0.73786E+00
4349.26953  0.74106E+00
4349.27881  0.74249E+00
4349.28857  0.74084E+00
4349.29785  0.73608E+00
4349.30713  0.72929E+00
4349.31689  0.72157E+00
4349.32617  0.71352E+00
4349.33594  0.70647E+00
4349.34521  0.70328E+00
4349.35449  0.70531E+00
4349.36426  0.70886E+00
4349.37354  0.70772E+00
4349.38330  0.69882E+00
4349.39258  0.68247E+00
4349.40186  0.65925E+00
4349.41162  0.63055E+00
4349.42090  0.59860E+00
4349.43066  0.56144E+00
4349.43994  0.51270E+00
4349.44971  0.45218E+00
4349.45898  0.39180E+00
4349.46826  0.34680E+00
4349.47803  0.32461E+00
4349.48730  0.32352E+00
4349.49707  0.33949E+00
4349.50635  0.37473E+00
4349.51562  0.43585E+00
4349.52539  0.51800E+00
4349.53467  0.59825E+00
4349.54443  0.65369E+00
4349.55371  0.67999E+00
4349.56299  0.68597E+00
4349.57275  0.67738E+00
4349.58203  0.65077E+00
4349.59180  0.60115E+00
4349.60107  0.53551E+00
4349.61035  0.47547E+00
4349.62012  0.44133E+00
4349.62939  0.43990E+00
4349.63916  0.47158E+00
4349.64844  0.53382E+00
4349.65820  0.61071E+00
4349.66748  0.67666E+00
4349.67676  0.71744E+00
4349.68652  0.73655E+00
4349.69580  0.74317E+00
4349.70557  0.74427E+00
4349.71484  0.74422E+00
4349.72412  0.74470E+00
4349.73389  0.74596E+00
4349.74316  0.74769E+00
4349.75293  0.74926E+00
4349.76221  0.75174E+00
4349.77148  0.75613E+00
4349.78125  0.75966E+00
4349.79053  0.76133E+00
4349.80029  0.76443E+00
4349.80957  0.76807E+00
4349.81885  0.76910E+00
4349.82861  0.76956E+00
4349.83789  0.77182E+00
4349.84766  0.77440E+00
4349.85693  0.77452E+00
4349.86670  0.77218E+00
4349.87598  0.77026E+00
4349.88525  0.76867E+00
4349.89502  0.76577E+00
4349.90430  0.76335E+00
4349.91406  0.76295E+00
4349.92334  0.76293E+00
4349.93262  0.76183E+00
4349.94238  0.76029E+00
4349.95166  0.75935E+00
4349.96143  0.75941E+00
4349.97070  0.76035E+00
4349.97998  0.76169E+00
4349.98975  0.76293E+00
4349.99902  0.76367E+00
4350.00879  0.76359E+00
4350.01807  0.76269E+00
4350.02734  0.76151E+00
4350.03711  0.76077E+00
4350.04639  0.76026E+00
4350.05615  0.75878E+00
4350.06543  0.75646E+00
4350.07520  0.75508E+00
4350.08447  0.75479E+00
4350.09375  0.75371E+00
4350.10352  0.75165E+00
4350.11279  0.75032E+00
4350.12256  0.75034E+00
4350.13184  0.75136E+00
4350.14111  0.75305E+00
4350.15088  0.75459E+00
4350.16016  0.75497E+00
4350.16992  0.75425E+00
4350.17920  0.75253E+00
4350.18848  0.74964E+00
4350.19824  0.74658E+00
4350.20752  0.74494E+00
4350.21729  0.74474E+00
4350.22656  0.74477E+00
4350.23584  0.74418E+00
4350.24561  0.74245E+00
4350.25488  0.73952E+00
4350.26465  0.73644E+00
4350.27393  0.73424E+00
4350.28369  0.73306E+00
4350.29297  0.73343E+00
4350.30225  0.73597E+00
4350.31201  0.73986E+00
4350.32129  0.74346E+00
4350.33105  0.74588E+00
4350.34033  0.74651E+00
4350.34961  0.74440E+00
4350.35938  0.73883E+00
4350.36865  0.73011E+00
4350.37842  0.72027E+00
4350.38770  0.71242E+00
4350.39697  0.70982E+00
4350.40674  0.71465E+00
4350.41602  0.72549E+00
4350.42578  0.73782E+00
4350.43506  0.74764E+00
4350.44434  0.75353E+00
4350.45410  0.75633E+00
4350.46338  0.75722E+00
4350.47314  0.75730E+00
4350.48242  0.75755E+00
4350.49219  0.75728E+00
4350.50146  0.75707E+00
4350.51074  0.75945E+00
4350.52051  0.76341E+00
4350.52979  0.76649E+00
4350.53955  0.76845E+00
4350.54883  0.76878E+00
4350.55811  0.76734E+00
4350.56787  0.76387E+00
4350.57715  0.75772E+00
4350.58691  0.75123E+00
4350.59619  0.74616E+00
4350.60547  0.74146E+00
4350.61523  0.73658E+00
4350.62451  0.73040E+00
4350.63428  0.72042E+00
4350.64355  0.70590E+00
4350.65283  0.68559E+00
4350.66260  0.65165E+00
4350.67188  0.59305E+00
4350.68164  0.51105E+00
4350.69092  0.42626E+00
4350.70068  0.36226E+00
4350.70996  0.32940E+00
4350.71924  0.32715E+00
4350.72900 -0.10000E+01
4350.73828  0.38892E+00
4350.74805  0.45478E+00
4350.75732  0.54310E+00
4350.76660  0.62971E+00
4350.77637  0.69011E+00
4350.78564  0.71903E+00
4350.79541  0.72665E+00
4350.80469  0.72390E+00
4350.81396  0.71422E+00
4350.82373  0.69361E+00
4350.83301  0.65395E+00
4350.84277  0.59248E+00
4350.85205  0.52201E+00
4350.86133  0.46508E+00
4350.87109  0.43761E+00
4350.88037  0.44494E+00
4350.89014  0.48772E+00
4350.89941  0.55846E+00
4350.90918  0.63597E+00
4350.91846  0.69671E+00
4350.92773  0.73168E+00
4350.93750  0.74661E+00
4350.94678  0.75090E+00
4350.95654  0.75143E+00
4350.96582  0.75124E+00
4350.97510  0.75108E+00
4350.98486  0.75320E+00
4350.99414  0.75824E+00
4351.00391  0.76191E+00
4351.01318  0.76460E+00
4351.02246  0.76970E+00
4351.03223  0.77079E+00
4351.04150  0.76446E+00
4351.05127  0.75862E+00
4351.06055  0.75773E+00
4351.06982  0.76107E+00
4351.07959  0.76436E+00
4351.08887  0.76294E+00
4351.09863  0.75955E+00
4351.10791  0.75686E+00
4351.11768  0.75412E+00
4351.12695  0.75252E+00
4351.13623  0.75148E+00
4351.14600  0.74903E+00
4351.15527  0.74666E+00
4351.16504  0.74523E+00
4351.17432  0.74331E+00
4351.18359  0.74194E+00
4351.19336  0.74318E+00
4351.20264  0.74674E+00
4351.21240  0.75146E+00
4351.22168  0.75574E+00
4351.23096  0.75764E+00
4351.24072  0.75747E+00
4351.25000  0.75700E+00
4351.25977  0.75635E+00
4351.26904  0.75450E+00
4351.27832  0.75145E+00
4351.28809  0.74831E+00
4351.29736  0.74577E+00
4351.30713  0.74283E+00
4351.31641  0.73836E+00
4351.32617  0.73413E+00
4351.33545  0.73321E+00
4351.34473  0.73560E+00
4351.35449  0.73935E+00
4351.36377  0.74374E+00
4351.37354  0.74798E+00
4351.38281  0.75041E+00
4351.39209  0.75108E+00
4351.40186  0.75121E+00
4351.41113  0.75089E+00
4351.42090  0.75019E+00
4351.43018  0.75004E+00
4351.43945  0.75049E+00
4351.44922  0.75086E+00
4351.45850  0.75096E+00
4351.46826  0.75056E+00
4351.47754  0.74999E+00
4351.48682  0.75056E+00
4351.49658  0.75189E+00
4351.50586  0.75240E+00
4351.51562  0.75282E+00
4351.52490  0.75450E+00
4351.53467  0.75641E+00
4351.54395  0.75711E+00
4351.55322  0.75642E+00
4351.56299  0.75486E+00
4351.57227  0.75337E+00
4351.58203  0.75242E+00
4351.59131  0.75218E+00
4351.60059  0.75308E+00
4351.61035  0.75454E+00
4351.61963  0.75513E+00
4351.62939  0.75369E+00
4351.63867  0.74933E+00
4351.64795  0.74249E+00
4351.65771  0.73489E+00
4351.66699  0.72761E+00
4351.67676  0.72174E+00
4351.68604  0.71943E+00
4351.69531  0.72174E+00
4351.70508  0.72719E+00
4351.71436  0.73335E+00
4351.72412  0.73808E+00
4351.73340  0.74015E+00
4351.74316  0.74034E+00
4351.75244  0.74016E+00
4351.76172  0.73894E+00
4351.77148  0.73501E+00
4351.78076  0.72862E+00
4351.79053  0.71981E+00
4351.79980  0.70635E+00
4351.80908  0.68546E+00
4351.81885  0.65166E+00
4351.82812  0.59529E+00
4351.83789  0.51506E+00
4351.84717  0.42952E+00
4351.85645  0.36427E+00
4351.86621  0.33037E+00
4351.87549  0.32269E+00
4351.88525  0.33431E+00
4351.89453  0.36666E+00
4351.90381  0.42610E+00
4351.91357  0.50940E+00
4351.92285  0.59560E+00
4351.93262  0.66043E+00
4351.94189  0.69603E+00
4351.95166  0.71004E+00
4351.96094  0.71216E+00
4351.97021  0.70829E+00
4351.97998  0.70002E+00
4351.98926  0.68262E+00
4351.99902  0.64713E+00
4352.00830  0.59006E+00
4352.01758  0.52169E+00
4352.02734  0.46242E+00
4352.03662  0.42922E+00
4352.04639  0.42834E+00
4352.05566  0.46086E+00
4352.06494  0.52420E+00
4352.07471  0.60360E+00
4352.08398  0.67398E+00
4352.09375  0.71816E+00
4352.10303  0.73750E+00
4352.11230  0.74287E+00
4352.12207  0.74294E+00
4352.13135  0.74204E+00
4352.14111  0.74184E+00
4352.15039  0.74191E+00
4352.16016  0.74143E+00
4352.16943  0.74054E+00
4352.17871  0.73904E+00
4352.18848  0.73609E+00
4352.19775  0.73214E+00
4352.20752  0.72895E+00
4352.21680  0.72760E+00
4352.22607  0.72830E+00
4352.23584  0.73131E+00
4352.24512  0.73611E+00
4352.25488  0.74114E+00
4352.26416  0.74535E+00
4352.27344  0.74828E+00
4352.28320  0.74898E+00
4352.29248  0.74704E+00
4352.30225  0.74349E+00
4352.31152  0.73913E+00
4352.32080  0.73395E+00
4352.33057  0.72874E+00
4352.33984  0.72519E+00
4352.34961  0.72429E+00
4352.35889  0.72594E+00
4352.36865  0.72958E+00
4352.37793  0.73439E+00
4352.38721  0.73946E+00
4352.39697  0.74399E+00
4352.40625  0.74727E+00
4352.41602  0.74904E+00
4352.42529  0.74945E+00
4352.43457  0.74854E+00
4352.44434  0.74651E+00
4352.45361  0.74423E+00
4352.46338  0.74278E+00
4352.47266  0.74266E+00
4352.48193  0.74388E+00
4352.49170  0.74567E+00
4352.50098  0.74669E+00
4352.51074  0.74657E+00
4352.52002  0.74607E+00
4352.52930  0.74588E+00
4352.53906  0.74599E+00
4352.54834  0.74624E+00
4352.55811  0.74649E+00
4352.56738  0.74688E+00
4352.57715  0.74768E+00
4352.58643  0.74842E+00
4352.59570  0.74835E+00
4352.60547  0.74789E+00
4352.61475  0.74826E+00
4352.62451  0.74948E+00
4352.63379  0.75005E+00
4352.64307  0.74900E+00
4352.65283  0.74704E+00
4352.66211  0.74545E+00
4352.67188  0.74458E+00
4352.68115  0.74390E+00
4352.69043  0.74315E+00
4352.70020  0.74292E+00
4352.70947  0.74364E+00
4352.71924  0.74454E+00
4352.72852  0.74482E+00
4352.73779  0.74471E+00
4352.74756  0.74411E+00
4352.75684  0.74190E+00
4352.76660  0.73862E+00
4352.77588  0.73665E+00
4352.78564  0.73651E+00
4352.79492  0.73642E+00
4352.80420  0.73526E+00
4352.81396  0.73293E+00
4352.82324  0.72908E+00
4352.83301  0.72400E+00
4352.84229  0.71834E+00
4352.85156  0.71192E+00
4352.86133  0.70470E+00
4352.87061  0.69699E+00
4352.88037  0.68773E+00
4352.88965  0.67379E+00
4352.89893  0.64786E+00
4352.90869  0.59883E+00
4352.91797  0.52360E+00
4352.92773  0.43867E+00
4352.93701  0.37007E+00
4352.94629  0.33239E+00
4352.95605  0.32300E+00
4352.96533  0.33332E+00
4352.97510  0.36211E+00
4352.98438  0.41714E+00
4352.99414  0.49972E+00
4353.00342  0.59034E+00
4353.01270  0.66093E+00
4353.02246  0.69974E+00
4353.03174  0.71489E+00
4353.04150  0.71881E+00
4353.05078  0.71829E+00
4353.06006  0.71451E+00
4353.06982  0.70477E+00
4353.07910  0.68329E+00
4353.08887  0.64210E+00
4353.09814  0.57818E+00
4353.10742  0.50418E+00
4353.11719  0.44400E+00
4353.12646  0.41366E+00
4353.13623  0.41557E+00
4353.14551  0.44962E+00
4353.15479  0.51293E+00
4353.16455  0.58897E+00
4353.17383  0.65350E+00
4353.18359  0.69344E+00
4353.19287  0.71207E+00
4353.20264  0.71897E+00
4353.21191  0.72146E+00
4353.22119  0.72279E+00
4353.23096  0.72349E+00
4353.24023  0.72357E+00
4353.25000  0.72345E+00
4353.25928  0.72289E+00
4353.26855  0.72091E+00
4353.27832  0.71691E+00
4353.28760  0.71089E+00
4353.29736  0.70301E+00
4353.30664  0.69342E+00
4353.31592  0.68180E+00
4353.32568  0.66750E+00
4353.33496  0.65101E+00
4353.34473  0.63443E+00
4353.35400  0.61952E+00
4353.36328  0.60648E+00
4353.37305  0.59498E+00
4353.38232  0.58545E+00
4353.39209  0.57878E+00
4353.40137  0.57565E+00
4353.41113  0.57615E+00
4353.42041  0.58014E+00
4353.42969  0.58761E+00
4353.43945  0.59856E+00
4353.44873  0.61244E+00
4353.45850  0.62813E+00
4353.46777  0.64464E+00
4353.47705  0.66150E+00
4353.48682  0.67793E+00
4353.49609  0.69214E+00
4353.50586  0.70289E+00
4353.51514  0.71110E+00
4353.52441  0.71837E+00
4353.53418  0.72462E+00
4353.54346  0.72863E+00
4353.55322  0.73040E+00
4353.56250  0.73150E+00
4353.57178  0.73359E+00
4353.58154  0.73733E+00
4353.59082  0.74212E+00
4353.60059  0.74617E+00
4353.60986  0.74698E+00
4353.61963  0.74330E+00
4353.62891  0.73609E+00
4353.63818  0.72674E+00
4353.64795  0.71545E+00
4353.65723  0.70174E+00
4353.66699  0.68535E+00
4353.67627  0.66651E+00
4353.68555  0.64622E+00
4353.69531  0.62664E+00
4353.70459  0.60967E+00
4353.71436  0.59538E+00
4353.72363  0.58397E+00
4353.73291  0.57718E+00
4353.74268  0.57617E+00
4353.75195  0.57974E+00
4353.76172  0.58583E+00
4353.77100  0.59378E+00
4353.78027  0.60412E+00
4353.79004  0.61681E+00
4353.79932  0.63125E+00
4353.80908  0.64687E+00
4353.81836  0.66229E+00
4353.82812  0.67572E+00
4353.83740  0.68643E+00
4353.84668  0.69427E+00
4353.85645  0.69911E+00
4353.86572  0.70104E+00
4353.87549  0.69890E+00
4353.88477  0.69027E+00
4353.89404  0.67413E+00
4353.90381  0.64807E+00
4353.91309  0.60321E+00
4353.92285  0.53308E+00
4353.93213  0.44905E+00
4353.94141  0.37623E+00
4353.95117  0.33233E+00
4353.96045  0.31753E+00
4353.97021  0.32375E+00
4353.97949  0.34887E+00
4353.98877  0.40041E+00
4353.99854  0.48125E+00
4354.00781  0.57307E+00
4354.01758  0.64736E+00
4354.02686  0.69205E+00
4354.03662  0.71448E+00
4354.04590  0.72440E+00
4354.05518  0.72638E+00
4354.06494  0.72187E+00
4354.07422  0.71081E+00
4354.08398  0.69219E+00
4354.09326  0.66111E+00
4354.10254  0.60930E+00
4354.11230  0.53876E+00
4354.12158  0.47015E+00
4354.13135  0.42562E+00
4354.14062  0.41170E+00
4354.14990  0.42802E+00
4354.15967  0.47696E+00
4354.16895  0.55174E+00
4354.17871  0.62979E+00
4354.18799  0.68980E+00
4354.19727  0.72576E+00
4354.20703  0.74276E+00
4354.21631  0.74931E+00
4354.22607  0.75208E+00
4354.23535  0.75251E+00
4354.24512  0.74948E+00
4354.25439  0.74359E+00
4354.26367  0.73729E+00
4354.27344  0.73309E+00
4354.28271  0.73231E+00
4354.29248  0.73503E+00
4354.30176  0.74024E+00
4354.31104  0.74603E+00
4354.32080  0.75063E+00
4354.33008  0.75331E+00
4354.33984  0.75432E+00
4354.34912  0.75404E+00
4354.35840  0.75210E+00
4354.36816  0.74858E+00
4354.37744  0.74543E+00
4354.38721  0.74437E+00
4354.39648  0.74453E+00
4354.40576  0.74443E+00
4354.41553  0.74426E+00
4354.42480  0.74433E+00
4354.43457  0.74345E+00
4354.44385  0.74006E+00
4354.45361  0.73406E+00
4354.46289  0.72709E+00
4354.47217  0.72127E+00
4354.48193  0.71810E+00
4354.49121  0.71845E+00
4354.50098  0.72233E+00
4354.51025  0.72825E+00
4354.51953  0.73406E+00
4354.52930  0.73841E+00
4354.53857  0.74044E+00
4354.54834  0.73935E+00
4354.55762  0.73484E+00
4354.56689  0.72630E+00
4354.57666  0.71245E+00
4354.58594  0.69512E+00
4354.59570  0.68133E+00
4354.60498  0.67813E+00
4354.61426  0.68671E+00
4354.62402  0.70288E+00
4354.63330  0.72070E+00
4354.64307  0.73451E+00
4354.65234  0.74073E+00
4354.66211  0.73988E+00
4354.67139  0.73604E+00
4354.68066  0.73304E+00
4354.69043  0.73184E+00
4354.69971  0.73192E+00
4354.70947  0.73299E+00
4354.71875  0.73467E+00
4354.72803  0.73659E+00
4354.73779  0.73851E+00
4354.74707  0.73949E+00
4354.75684  0.73885E+00
4354.76611  0.73766E+00
4354.77539  0.73657E+00
4354.78516  0.73466E+00
4354.79443  0.73140E+00
4354.80420  0.72560E+00
4354.81348  0.71381E+00
4354.82275  0.69393E+00
4354.83252  0.66510E+00
4354.84180  0.62164E+00
4354.85156  0.55683E+00
4354.86084  0.47679E+00
4354.87061  0.40264E+00
4354.87988  0.35417E+00
4354.88916  0.33557E+00
4354.89893  0.33921E+00
4354.90820  0.36099E+00
4354.91797  0.40716E+00
4354.92725  0.48214E+00
4354.93652  0.57280E+00
4354.94629  0.65231E+00
4354.95557  0.70184E+00
4354.96533  0.72452E+00
4354.97461  0.73454E+00
4354.98389  0.73914E+00
4354.99365  0.73835E+00
4355.00293  0.73109E+00
4355.01270  0.71472E+00
4355.02197  0.68387E+00
4355.03125  0.63056E+00
4355.04102  0.55607E+00
4355.05029  0.48194E+00
4355.06006  0.43237E+00
4355.06934  0.41584E+00
4355.07910  0.43216E+00
4355.08838  0.48074E+00
4355.09766  0.55469E+00
4355.10742  0.63490E+00
4355.11670  0.69820E+00
4355.12646  0.73427E+00
4355.13574  0.74951E+00
4355.14502  0.75441E+00
4355.15479  0.75472E+00
4355.16406  0.75314E+00
4355.17383  0.75166E+00
4355.18311  0.75182E+00
4355.19238  0.75377E+00
4355.20215  0.75567E+00
4355.21143  0.75678E+00
4355.22119  0.75739E+00
4355.23047  0.75569E+00
4355.23975  0.75235E+00
4355.24951  0.75120E+00
4355.25879  0.75210E+00
4355.26855  0.75135E+00
4355.27783  0.74701E+00
4355.28760  0.74275E+00
4355.29688  0.74343E+00
4355.30615  0.74687E+00
4355.31592  0.74907E+00
4355.32520  0.75060E+00
4355.33496  0.75134E+00
4355.34424  0.74992E+00
4355.35352  0.74783E+00
4355.36328  0.74633E+00
4355.37256  0.74476E+00
4355.38232  0.74364E+00
4355.39160  0.74344E+00
4355.40088  0.74286E+00
4355.41064  0.74147E+00
4355.41992  0.74047E+00
4355.42969  0.74069E+00
4355.43896  0.74208E+00
4355.44873  0.74392E+00
4355.45801  0.74514E+00
4355.46729  0.74595E+00
4355.47705  0.74722E+00
4355.48633  0.74850E+00
4355.49609  0.74904E+00
4355.50537  0.74907E+00
4355.51465  0.74861E+00
4355.52441  0.74705E+00
4355.53369  0.74435E+00
4355.54346  0.74120E+00
4355.55273  0.73864E+00
4355.56201  0.73748E+00
4355.57178  0.73774E+00
4355.58105  0.73887E+00
4355.59082  0.74048E+00
4355.60010  0.74160E+00
4355.60938  0.74086E+00
4355.61914  0.73816E+00
4355.62842  0.73468E+00
4355.63818  0.73089E+00
4355.64746  0.72609E+00
4355.65723  0.71928E+00
4355.66650  0.70943E+00
4355.67578  0.69509E+00
4355.68555  0.67303E+00
4355.69482  0.63643E+00
4355.70459  0.57743E+00
4355.71387  0.49791E+00
4355.72314  0.41713E+00
4355.73291  0.35942E+00
4355.74219  0.33290E+00
4355.75195  0.32972E+00
4355.76123  0.34567E+00
4355.77051  0.38734E+00
4355.78027  0.46115E+00
4355.78955  0.55910E+00
4355.79932  0.65167E+00
4355.80859  0.70998E+00
4355.81787  0.73525E+00
4355.82764  0.74198E+00
4355.83691  0.73850E+00
4355.84668  0.73228E+00
4355.85596  0.72110E+00
4355.86572  0.69709E+00
4355.87500  0.65727E+00
4355.88428  0.59767E+00
4355.89404  0.52345E+00
4355.90332  0.45657E+00
4355.91309  0.41641E+00
4355.92236  0.40774E+00
4355.93164  0.43000E+00
4355.94141  0.48323E+00
4355.95068  0.55990E+00
4355.96045  0.63974E+00
4355.96973  0.70114E+00
4355.97900  0.73664E+00
4355.98877  0.75348E+00
4355.99805  0.76210E+00
4356.00781  0.76760E+00
4356.01709  0.77067E+00
4356.02637  0.77234E+00
4356.03613  0.77358E+00
4356.04541  0.77467E+00
4356.05518  0.77609E+00
4356.06445  0.77578E+00
4356.07422  0.77265E+00
4356.08350  0.76999E+00
4356.09277  0.76903E+00
4356.10254  0.76866E+00
4356.11182  0.76841E+00
4356.12158  0.76648E+00
4356.13086  0.76237E+00
4356.14014  0.75865E+00
4356.14990  0.75627E+00
4356.15918  0.75374E+00
4356.16895  0.74945E+00
4356.17822  0.73914E+00
4356.18750 -0.10000E+01
4356.19727 -0.10000E+01
4356.20654 -0.10000E+01
4356.21631 -0.10000E+01
4356.22559 -0.10000E+01
4356.23486 -0.10000E+01
4356.24463 -0.10000E+01
4356.25391 -0.10000E+01
4356.26367 -0.10000E+01
4356.27295  0.72210E+00
4356.28271  0.74247E+00
4356.29199  0.75191E+00
4356.30127  0.75592E+00
4356.31104  0.75737E+00
4356.32031  0.75833E+00
4356.33008  0.75969E+00
4356.33936  0.76060E+00
4356.34863  0.76038E+00
4356.35840  0.75972E+00
4356.36768  0.75927E+00
4356.37744  0.75826E+00
4356.38672  0.75567E+00
4356.39600  0.75187E+00
4356.40576  0.74780E+00
4356.41504  0.74318E+00
4356.42480  0.73730E+00
4356.43408  0.72993E+00
4356.44336  0.72013E+00
4356.45312  0.70658E+00
4356.46240  0.68739E+00
4356.47217  0.65520E+00
4356.48145  0.59874E+00
4356.49121  0.51804E+00
4356.50049  0.43294E+00
4356.50977  0.36857E+00
4356.51953  0.33608E+00
4356.52881  0.33124E+00
4356.53857  0.34707E+00
4356.54785  0.38519E+00
4356.55713  0.45212E+00
4356.56689  0.54142E+00
4356.57617  0.62732E+00
4356.58594  0.68564E+00
4356.59521  0.71370E+00
4356.60449  0.72276E+00
4356.61426  0.72168E+00
4356.62354  0.71429E+00
4356.63330  0.70039E+00
4356.64258  0.67238E+00
4356.65186  0.62003E+00
4356.66162  0.54559E+00
4356.67090  0.46957E+00
4356.68066  0.41598E+00
4356.68994  0.39468E+00
4356.69971  0.40387E+00
4356.70898  0.44381E+00
4356.71826  0.51410E+00
4356.72803  0.59919E+00
4356.73730  0.67271E+00
4356.74707  0.71884E+00
4356.75635  0.73993E+00
4356.76562  0.74531E+00
4356.77539  0.74215E+00
4356.78467  0.73557E+00
4356.79443  0.72888E+00
4356.80371  0.72311E+00
4356.81299  0.71897E+00
4356.82275  0.71838E+00
4356.83203  0.72294E+00
4356.84180  0.73192E+00
4356.85107  0.74230E+00
4356.86035  0.75073E+00
4356.87012  0.75615E+00
4356.87939  0.75987E+00
4356.88916  0.76227E+00
4356.89844  0.76201E+00
4356.90820  0.75970E+00
4356.91748  0.75824E+00
4356.92676  0.75877E+00
4356.93652  0.75994E+00
4356.94580  0.76057E+00
4356.95557  0.76033E+00
4356.96484  0.75894E+00
4356.97412  0.75624E+00
4356.98389  0.75228E+00
4356.99316  0.74697E+00
4357.00293  0.74075E+00
4357.01221  0.73552E+00
4357.02148  0.73242E+00
4357.03125  0.73097E+00
4357.04053  0.73117E+00
4357.05029  0.73247E+00
4357.05957  0.73232E+00
4357.06885  0.72962E+00
4357.07861  0.72583E+00
4357.08789  0.72181E+00
4357.09766  0.71800E+00
4357.10693  0.71564E+00
4357.11670  0.71502E+00
4357.12598  0.71492E+00
4357.13525  0.71431E+00
4357.14502  0.71144E+00
4357.15430  0.70374E+00
4357.16406  0.68903E+00
4357.17334  0.66145E+00
4357.18262  0.61029E+00
4357.19238  0.53333E+00
4357.20166  0.44773E+00
4357.21143  0.37866E+00
4357.22070  0.34060E+00
4357.22998  0.33259E+00
4357.23975  0.34769E+00
4357.24902  0.38587E+00
4357.25879  0.45277E+00
4357.26807  0.54234E+00
4357.27734  0.62949E+00
4357.28711  0.68844E+00
4357.29639  0.71495E+00
4357.30615  0.72150E+00
4357.31543  0.71763E+00
4357.32520  0.70498E+00
4357.33447  0.67911E+00
4357.34375  0.63031E+00
4357.35352  0.55742E+00
4357.36279  0.47888E+00
4357.37256  0.41894E+00
4357.38184  0.39071E+00
4357.39111  0.39566E+00
4357.40088 -0.10000E+01
4357.41016 -0.10000E+01
4357.41992 -0.10000E+01
4357.42920 -0.10000E+01
4357.43848  0.71557E+00
4357.44824  0.74502E+00
4357.45752  0.75826E+00
4357.46729  0.76069E+00
4357.47656  0.76161E+00
4357.48584  0.76730E+00
4357.49561  0.76795E+00
4357.50488  0.76197E+00
4357.51465 -0.10000E+01
4357.52393  0.76743E+00
4357.53369  0.77751E+00
4357.54297  0.78034E+00
4357.55225  0.77200E+00
4357.56201  0.76390E+00
4357.57129  0.76002E+00
4357.58105  0.75529E+00
4357.59033  0.75078E+00
4357.59961  0.74795E+00
4357.60938  0.74480E+00
4357.61865  0.74185E+00
4357.62842  0.74030E+00
4357.63770  0.73936E+00
4357.64697  0.73920E+00
4357.65674  0.73999E+00
4357.66602  0.74005E+00
4357.67578  0.73892E+00
4357.68506  0.73788E+00
4357.69434  0.73738E+00
4357.70410  0.73729E+00
4357.71338  0.73765E+00
4357.72314  0.73779E+00
4357.73242  0.73673E+00
4357.74219  0.73419E+00
4357.75146  0.73039E+00
4357.76074  0.72524E+00
4357.77051  0.71781E+00
4357.77979  0.70723E+00
4357.78955  0.69254E+00
4357.79883  0.66725E+00
4357.80811  0.61899E+00
4357.81787  0.54388E+00
4357.82715  0.45820E+00
4357.83691  0.38782E+00
4357.84619  0.34806E+00
4357.85547  0.33724E+00
4357.86523  0.34754E+00
4357.87451  0.37895E+00
4357.88428  0.43832E+00
4357.89355  0.52162E+00
4357.90283  0.60546E+00
4357.91260  0.66429E+00
4357.92188  0.69083E+00
4357.93164  0.69428E+00
4357.94092  0.68324E+00
4357.95068  0.65483E+00
4357.95996  0.60075E+00
4357.96924  0.52457E+00
4357.97900  0.44857E+00
4357.98828  0.39744E+00
4357.99805  0.37982E+00
4358.00732  0.39307E+00
4358.01660  0.43727E+00
4358.02637  0.51036E+00
4358.03564  0.59543E+00
4358.04541  0.66741E+00
4358.05469  0.71244E+00
4358.06396  0.73413E+00
4358.07373  0.74352E+00
4358.08301  0.74855E+00
4358.09277  0.75190E+00
4358.10205  0.75321E+00
4358.11133  0.75139E+00
4358.12109  0.74678E+00
4358.13037  0.74129E+00
4358.14014  0.73603E+00
4358.14941  0.73112E+00
4358.15918  0.72799E+00
4358.16846  0.72871E+00
4358.17773  0.73267E+00
4358.18750  0.73702E+00
4358.19678  0.74037E+00
4358.20654  0.74349E+00
4358.21582  0.74648E+00
4358.22510  0.74779E+00
4358.23486  0.74690E+00
4358.24414  0.74573E+00
4358.25391  0.74537E+00
4358.26318  0.74412E+00
4358.27246  0.74113E+00
4358.28223  0.73844E+00
4358.29150  0.73741E+00
4358.30127  0.73674E+00
4358.31055  0.73460E+00
4358.31982  0.72929E+00
4358.32959  0.71917E+00
4358.33887  0.70295E+00
4358.34863  0.67563E+00
4358.35791  0.62661E+00
4358.36768  0.55161E+00
4358.37695  0.46528E+00
4358.38623  0.39305E+00
4358.39600  0.35134E+00
4358.40527  0.33989E+00
4358.41504  0.35111E+00
4358.42432  0.38360E+00
4358.43359  0.44305E+00
4358.44336  0.52545E+00
4358.45264  0.60664E+00
4358.46240  0.66024E+00
4358.47168  0.67909E+00
4358.48096  0.66785E+00
4358.49072  0.62678E+00
4358.50000  0.55810E+00
4358.50977  0.47974E+00
4358.51904  0.41785E+00
4358.52832  0.38676E+00
4358.53809  0.38526E+00
4358.54736  0.41149E+00
4358.55713  0.46919E+00
4358.56641  0.55271E+00
4358.57617  0.63756E+00
4358.58545  0.69817E+00
4358.59473  0.72911E+00
4358.60449  0.74085E+00
4358.61377  0.74366E+00
4358.62354  0.74285E+00
4358.63281  0.74161E+00
4358.64209  0.74113E+00
4358.65186  0.74103E+00
4358.66113  0.74086E+00
4358.67090  0.73980E+00
4358.68018  0.73659E+00
4358.68945  0.73129E+00
4358.69922  0.72566E+00
4358.70850  0.72141E+00
4358.71826  0.71972E+00
4358.72754  0.72129E+00
4358.73682  0.72519E+00
4358.74658  0.72872E+00
4358.75586  0.72958E+00
4358.76562  0.72780E+00
4358.77490  0.72486E+00
4358.78467  0.72096E+00
4358.79395  0.71409E+00
4358.80322  0.70266E+00
4358.81299  0.68626E+00
4358.82227  0.66024E+00
4358.83203  0.61395E+00
4358.84131  0.54277E+00
4358.85059  0.46069E+00
4358.86035  0.39287E+00
4358.86963  0.35491E+00
4358.87939  0.34446E+00
4358.88867  0.35376E+00
4358.89795  0.38435E+00
4358.90771  0.44235E+00
4358.91699  0.52001E+00
4358.92676  0.59114E+00
4358.93604  0.62806E+00
4358.94531  0.61765E+00
4358.95508  0.56453E+00
4358.96436  0.48976E+00
4358.97412  0.42332E+00
4358.98340  0.38560E+00
4358.99316  0.37795E+00
4359.00244  0.39670E+00
4359.01172  0.44466E+00
4359.02148  0.51890E+00
4359.03076  0.59919E+00
4359.04053  0.66144E+00
4359.04980  0.69698E+00
4359.05908  0.71241E+00
4359.06885  0.71768E+00
4359.07812  0.72024E+00
4359.08789  0.72397E+00
4359.09717  0.72849E+00
4359.10645  0.73166E+00
4359.11621  0.73322E+00
4359.12549  0.73389E+00
4359.13525  0.73328E+00
4359.14453  0.73101E+00
4359.15381  0.72730E+00
4359.16357  0.72219E+00
4359.17285  0.71621E+00
4359.18262  0.70962E+00
4359.19189  0.70107E+00
4359.20166  0.68960E+00
4359.21094  0.67437E+00
4359.22021  0.64908E+00
4359.22998  0.60260E+00
4359.23926  0.53200E+00
4359.24902  0.45248E+00
4359.25830  0.38837E+00
4359.26758  0.35309E+00
4359.27734  0.34401E+00
4359.28662  0.35674E+00
4359.29639  0.39296E+00
4359.30566  0.45270E+00
4359.31494  0.52180E+00
4359.32471  0.56547E+00
4359.33398  0.55419E+00
4359.34375  0.49838E+00
4359.35303  0.43525E+00
4359.36230  0.39426E+00
4359.37207  0.38460E+00
4359.38135  0.40327E+00
4359.39111  0.45059E+00
4359.40039  0.52558E+00
4359.41016  0.60902E+00
4359.41943  0.67465E+00
4359.42871  0.71319E+00
4359.43848  0.73111E+00
4359.44775  0.73711E+00
4359.45752  0.73824E+00
4359.46680  0.73891E+00
4359.47607  0.73964E+00
4359.48584  0.73924E+00
4359.49512  0.73675E+00
4359.50488  0.73225E+00
4359.51416  0.72539E+00
4359.52344  0.71386E+00
4359.53320  0.69461E+00
4359.54248  0.66104E+00
4359.55225  0.60400E+00
4359.56152  0.52437E+00
4359.57080  0.44117E+00
4359.58057  0.38017E+00
4359.58984  0.35210E+00
4359.59961  0.34870E+00
4359.60889  0.36308E+00
4359.61865  0.39639E+00
4359.62793  0.43691E+00
4359.63721  0.45582E+00
4359.64697  0.43927E+00
4359.65625  0.40642E+00
4359.66602  0.38412E+00
4359.67529  0.38321E+00
4359.68457  0.40725E+00
4359.69434  0.46068E+00
4359.70361  0.53639E+00
4359.71338  0.61184E+00
4359.72266  0.66698E+00
4359.73193  0.69747E+00
4359.74170  0.70960E+00
4359.75098  0.71069E+00
4359.76074  0.70489E+00
4359.77002  0.69295E+00
4359.77930  0.67171E+00
4359.78906  0.63254E+00
4359.79834  0.56750E+00
4359.80811  0.48450E+00
4359.81738  0.40863E+00
4359.82715  0.35990E+00
4359.83643  0.33913E+00
4359.84570  0.33974E+00
4359.85547  0.35546E+00
4359.86475  0.37318E+00
4359.87451  0.37914E+00
4359.88379  0.37550E+00
4359.89307  0.37575E+00
4359.90283  0.39008E+00
4359.91211  0.42546E+00
4359.92188  0.48393E+00
4359.93115  0.55149E+00
4359.94043  0.60241E+00
4359.95020  0.61713E+00
4359.95947  0.58922E+00
4359.96924  0.52579E+00
4359.97852  0.44948E+00
4359.98779  0.38778E+00
4359.99756  0.35320E+00
4360.00684  0.34049E+00
4360.01660  0.33945E+00
4360.02588  0.34261E+00
4360.03564  0.34734E+00
4360.04492  0.35630E+00
4360.05420  0.36951E+00
4360.06396  0.37716E+00
4360.07324  0.36970E+00
4360.08301  0.35206E+00
4360.09229  0.33859E+00
4360.10156  0.33822E+00
4360.11133  0.35320E+00
4360.12061  0.38834E+00
4360.13037  0.44992E+00
4360.13965  0.53264E+00
4360.14893  0.61531E+00
4360.15869  0.67669E+00
4360.16797  0.71228E+00
4360.17773  0.73054E+00
4360.18701  0.74010E+00
4360.19629  0.74551E+00
4360.20605  0.74824E+00
4360.21533  0.74862E+00
4360.22510  0.74779E+00
4360.23438  0.74690E+00
4360.24414  0.74639E+00
4360.25342  0.74615E+00
4360.26270  0.74474E+00
4360.27246  0.74139E+00
4360.28174  0.73835E+00
4360.29150  0.73791E+00
4360.30078  0.73910E+00
4360.31006  0.74010E+00
4360.31982  0.74082E+00
4360.32910  0.74163E+00
4360.33887  0.74261E+00
4360.34814  0.74409E+00
4360.35742  0.74620E+00
4360.36719  0.74810E+00
4360.37646  0.74884E+00
4360.38623  0.74862E+00
4360.39551  0.74859E+00
4360.40479  0.74892E+00
4360.41455  0.74866E+00
4360.42383  0.74796E+00
4360.43359  0.74801E+00
4360.44287  0.74827E+00
4360.45264  0.74726E+00
4360.46191  0.74573E+00
4360.47119  0.74511E+00
4360.48096  0.74491E+00
4360.49023  0.74453E+00
4360.50000  0.74460E+00
4360.50928  0.74512E+00
4360.51855  0.74547E+00
4360.52832  0.74602E+00
4360.53760  0.74715E+00
4360.54736  0.74825E+00
4360.55664  0.74882E+00
4360.56592  0.74871E+00
4360.57568  0.74786E+00
4360.58496  0.74681E+00
4360.59473  0.74612E+00
4360.60400  0.74546E+00
4360.61328  0.74493E+00
4360.62305  0.74557E+00
4360.63232  0.74736E+00
4360.64209  0.74884E+00
4360.65137  0.74928E+00
4360.66113  0.74936E+00
4360.67041  0.74979E+00
4360.67969  0.75069E+00
4360.68945  0.75187E+00
4360.69873  0.75309E+00
4360.70850  0.75417E+00
4360.71777  0.75465E+00
4360.72705  0.75397E+00
4360.73682  0.75248E+00
4360.74609  0.75135E+00
4360.75586  0.75111E+00
4360.76514  0.75155E+00
4360.77441  0.75240E+00
4360.78418  0.75316E+00
4360.79346  0.75311E+00
4360.80322  0.75218E+00
4360.81250  0.75040E+00
4360.82178  0.74713E+00
4360.83154  0.74230E+00
4360.84082  0.73701E+00
4360.85059  0.73184E+00
4360.85986  0.72675E+00
4360.86963  0.72307E+00
4360.87891  0.72295E+00
4360.88818  0.72636E+00
4360.89795  0.73060E+00
4360.90723  0.73275E+00
4360.91699  0.73089E+00
4360.92627  0.72429E+00
4360.93555  0.71484E+00
4360.94531  0.70740E+00
4360.95459  0.70619E+00
4360.96436  0.71149E+00
4360.97363  0.72088E+00
4360.98291  0.73151E+00
4360.99268  0.74022E+00
4361.00195  0.74460E+00
4361.01172  0.74540E+00
4361.02100  0.74508E+00
4361.03027  0.74464E+00
4361.04004  0.74426E+00
4361.04932  0.74498E+00
4361.05908  0.74714E+00
4361.06836  0.74988E+00
4361.07812  0.75252E+00
4361.08740  0.75420E+00
4361.09668  0.75395E+00
4361.10645  0.75209E+00
4361.11572  0.74958E+00
4361.12549  0.74717E+00
4361.13477  0.74589E+00
4361.14404  0.74618E+00
4361.15381  0.74652E+00
4361.16309  0.74506E+00
4361.17285  0.74222E+00
4361.18213  0.73959E+00
4361.19141  0.73740E+00
4361.20117  0.73527E+00
4361.21045  0.73374E+00
4361.22021  0.73360E+00
4361.22949  0.73509E+00
4361.23877  0.73818E+00
4361.24854  0.74229E+00
4361.25781  0.74606E+00
4361.26758  0.74856E+00
4361.27686  0.74998E+00
4361.28662  0.75069E+00
4361.29590  0.75077E+00
4361.30518  0.75052E+00
4361.31494  0.75048E+00
4361.32422  0.75047E+00
4361.33398  0.74962E+00
4361.34326  0.74765E+00
4361.35254  0.74531E+00
4361.36230  0.74339E+00
4361.37158  0.74208E+00
4361.38135  0.74144E+00
4361.39062  0.74101E+00
4361.39990  0.73955E+00
4361.40967  0.73702E+00
4361.41895  0.73560E+00
4361.42871  0.73704E+00
4361.43799  0.74046E+00
4361.44727  0.74430E+00
4361.45703  0.74787E+00
4361.46631  0.75051E+00
4361.47607  0.75202E+00
4361.48535  0.75310E+00
4361.49512  0.75369E+00
4361.50439  0.75257E+00
4361.51367  0.74989E+00
4361.52344  0.74759E+00
4361.53271  0.74666E+00
4361.54248  0.74655E+00
4361.55176  0.74696E+00
4361.56104  0.74806E+00
4361.57080  0.74978E+00
4361.58008  0.75181E+00
4361.58984  0.75350E+00
4361.59912  0.75401E+00
4361.60840  0.75339E+00
4361.61816  0.75212E+00
4361.62744  0.75008E+00
4361.63721  0.74758E+00
4361.64648  0.74563E+00
4361.65576  0.74430E+00
4361.66553  0.74306E+00
4361.67480  0.74244E+00
4361.68457  0.74332E+00
4361.69385  0.74509E+00
4361.70361  0.74646E+00
4361.71289  0.74736E+00
4361.72217  0.74847E+00
4361.73193  0.74940E+00
4361.74121  0.74915E+00
4361.75098  0.74830E+00
4361.76025  0.74853E+00
4361.76953  0.75003E+00
4361.77930  0.75121E+00
4361.78857  0.75145E+00
4361.79834  0.75151E+00
4361.80762  0.75164E+00
4361.81689  0.75149E+00
4361.82666  0.75052E+00
4361.83594  0.74747E+00
4361.84570  0.74239E+00
4361.85498  0.73877E+00
4361.86426  0.73918E+00
4361.87402  0.74207E+00
4361.88330  0.74663E+00
4361.89307  0.75357E+00
4361.90234  0.75981E+00
4361.91211  0.76161E+00
4361.92139  0.76052E+00
4361.93066  0.75980E+00
4361.94043  0.76050E+00
4361.94971  0.76239E+00
4361.95947  0.76359E+00
4361.96875  0.76261E+00
4361.97803  0.76165E+00
4361.98779  0.76237E+00
4361.99707  0.76325E+00
4362.00684  0.76518E+00
4362.01611  0.76863E+00
4362.02539  0.76939E+00
4362.03516  0.76903E+00
4362.04443  0.77103E+00
4362.05420  0.76797E+00
4362.06348  0.75748E+00
4362.07275 -0.10000E+01
4362.08252  0.75215E+00
4362.09180  0.76579E+00
4362.10156  0.77555E+00
4362.11084  0.77284E+00
4362.12061  0.76782E+00
4362.12988  0.76521E+00
4362.13916  0.76262E+00
4362.14893  0.76279E+00
4362.15820  0.76574E+00
4362.16797  0.76778E+00
4362.17725  0.76930E+00
4362.18652  0.77074E+00
4362.19629  0.77010E+00
4362.20557  0.76855E+00
4362.21533  0.76841E+00
4362.22461  0.76912E+00
4362.23389  0.77012E+00
4362.24365  0.77073E+00
4362.25293  0.76889E+00
4362.26270  0.76565E+00
4362.27197  0.76472E+00
4362.28125  0.76593E+00
4362.29102  0.76650E+00
4362.30029  0.76618E+00
4362.31006  0.76569E+00
4362.31934  0.76445E+00
4362.32910  0.76240E+00
4362.33838  0.76016E+00
4362.34766  0.75906E+00
4362.35742  0.76015E+00
4362.36670  0.76161E+00
4362.37646  0.76193E+00
4362.38574  0.76243E+00
4362.39502  0.76354E+00
4362.40479  0.76429E+00
4362.41406  0.76425E+00
4362.42383  0.76256E+00
4362.43311  0.75926E+00
4362.44238  0.75685E+00
4362.45215  0.75634E+00
4362.46143  0.75589E+00
4362.47119  0.75516E+00
4362.48047  0.75478E+00
4362.48975  0.75402E+00
4362.49951  0.75441E+00
4362.50879  0.75696E+00
4362.51855  0.75823E+00
4362.52783  0.75763E+00
4362.53760  0.75700E+00
4362.54688  0.75680E+00
4362.55615  0.75856E+00
4362.56592  0.75973E+00
4362.57520  0.75744E+00
4362.58496  0.75551E+00
4362.59424  0.75536E+00
4362.60352  0.75491E+00
4362.61328  0.75503E+00
4362.62256  0.75574E+00
4362.63232  0.75536E+00
4362.64160  0.75485E+00
4362.65088  0.75532E+00
4362.66064  0.75551E+00
4362.66992  0.75455E+00
4362.67969  0.75247E+00
4362.68896  0.74929E+00
4362.69824  0.74612E+00
4362.70801  0.74429E+00
4362.71729  0.74368E+00
4362.72705  0.74444E+00
4362.73633  0.74714E+00
4362.74609  0.75025E+00
4362.75537  0.75160E+00
4362.76465  0.75170E+00
4362.77441  0.75210E+00
4362.78369  0.75264E+00
4362.79346  0.75295E+00
4362.80273  0.75380E+00
4362.81201  0.75510E+00
4362.82178  0.75535E+00
4362.83105  0.75430E+00
4362.84082  0.75343E+00
4362.85010  0.75319E+00
4362.85938  0.75282E+00
4362.86914  0.75252E+00
4362.87842  0.75298E+00
4362.88818  0.75366E+00
4362.89746  0.75348E+00
4362.90674  0.75222E+00
4362.91650  0.75020E+00
4362.92578  0.74843E+00
4362.93555  0.74862E+00
4362.94482  0.75143E+00
4362.95459  0.75520E+00
4362.96387  0.75802E+00
4362.97314  0.76008E+00
4362.98291  0.76260E+00
4362.99219  0.76537E+00
4363.00195  0.76710E+00
4363.01123  0.76769E+00
4363.02051  0.76788E+00
4363.03027  0.76746E+00
4363.03955  0.76609E+00
4363.04932  0.76452E+00
4363.05859  0.76332E+00
4363.06787  0.76271E+00
4363.07764  0.76325E+00
4363.08691  0.76437E+00
4363.09668  0.76383E+00
4363.10596  0.76087E+00
4363.11572  0.75730E+00
4363.12500  0.75494E+00
4363.13428  0.75414E+00
4363.14404  0.75426E+00
4363.15332  0.75408E+00
4363.16309  0.75308E+00
4363.17236  0.75225E+00
4363.18164  0.75189E+00
4363.19141  0.75062E+00
4363.20068  0.74898E+00
4363.21045  0.74962E+00
4363.21973  0.75233E+00
4363.22900  0.75399E+00
4363.23877  0.75384E+00
4363.24805  0.75338E+00
4363.25781  0.75234E+00
4363.26709  0.74992E+00
4363.27637  0.74770E+00
4363.28613  0.74707E+00
4363.29541  0.74688E+00
4363.30518  0.74560E+00
4363.31445  0.74287E+00
4363.32422  0.73770E+00
4363.33350  0.72754E+00
4363.34277  0.71024E+00
4363.35254  0.68722E+00
4363.36182  0.66522E+00
4363.37158  0.65352E+00
4363.38086  0.65752E+00
4363.39014  0.67517E+00
4363.39990  0.69958E+00
4363.40918  0.72300E+00
4363.41895  0.73966E+00
4363.42822  0.74791E+00
4363.43750  0.75008E+00
4363.44727  0.74915E+00
4363.45654  0.74705E+00
4363.46631  0.74558E+00
4363.47559  0.74610E+00
4363.48486  0.74796E+00
4363.49463  0.74957E+00
4363.50391  0.75072E+00
4363.51367  0.75233E+00
4363.52295  0.75448E+00
4363.53271  0.75609E+00
4363.54199  0.75662E+00
4363.55127  0.75711E+00
4363.56104  0.75808E+00
4363.57031  0.75813E+00
4363.58008  0.75649E+00
4363.58936  0.75482E+00
4363.59863  0.75421E+00
4363.60840  0.75371E+00
4363.61768  0.75325E+00
4363.62744  0.75397E+00
4363.63672  0.75595E+00
4363.64600  0.75858E+00
4363.65576  0.76136E+00
4363.66504  0.76374E+00
4363.67480  0.76515E+00
4363.68408  0.76454E+00
4363.69336  0.76191E+00
4363.70312  0.75903E+00
4363.71240  0.75631E+00
4363.72217  0.75329E+00
4363.73145  0.75126E+00
4363.74121  0.75177E+00
4363.75049  0.75405E+00
4363.75977  0.75674E+00
4363.76953  0.76009E+00
4363.77881  0.76357E+00
4363.78857  0.76478E+00
4363.79785  0.76279E+00
4363.80713  0.75948E+00
4363.81689  0.75738E+00
4363.82617  0.75668E+00
4363.83594  0.75591E+00
4363.84521  0.75519E+00
4363.85449  0.75502E+00
4363.86426  0.75447E+00
4363.87354  0.75330E+00
4363.88330  0.75244E+00
4363.89258  0.75217E+00
4363.90186  0.75235E+00
4363.91162  0.75305E+00
4363.92090  0.75384E+00
4363.93066  0.75432E+00
4363.93994  0.75467E+00
4363.94971  0.75496E+00
4363.95898  0.75486E+00
4363.96826  0.75459E+00
4363.97803  0.75476E+00
4363.98730  0.75545E+00
4363.99707  0.75606E+00
4364.00635  0.75620E+00
4364.01562  0.75608E+00
4364.02539  0.75596E+00
4364.03467  0.75582E+00
4364.04443  0.75585E+00
4364.05371  0.75631E+00
4364.06299  0.75710E+00
4364.07275  0.75792E+00
4364.08203  0.75845E+00
4364.09180  0.75836E+00
4364.10107  0.75803E+00
4364.11035  0.75837E+00
4364.12012  0.75939E+00
4364.12939  0.76011E+00
4364.13916  0.75996E+00
4364.14844  0.75943E+00
4364.15820  0.75928E+00
4364.16748  0.75946E+00
4364.17676  0.75911E+00
4364.18652  0.75797E+00
4364.19580  0.75653E+00
4364.20557  0.75444E+00
4364.21484  0.75124E+00
4364.22412  0.74842E+00
4364.23389  0.74720E+00
4364.24316  0.74540E+00
4364.25293  0.73991E+00
4364.26221  0.72991E+00
4364.27148  0.71723E+00
4364.28125  0.70872E+00
4364.29053 -0.10000E+01
4364.30029  0.72829E+00
4364.30957  0.74336E+00
4364.31885  0.75287E+00
4364.32861  0.75868E+00
4364.33789  0.76185E+00
4364.34766  0.76262E+00
4364.35693  0.76243E+00
4364.36670  0.76166E+00
4364.37598  0.75971E+00
4364.38525  0.75754E+00
4364.39502  0.75654E+00
4364.40430  0.75591E+00
4364.41406  0.75446E+00
4364.42334  0.75325E+00
4364.43262  0.75332E+00
4364.44238  0.75329E+00
4364.45166  0.75200E+00
4364.46143  0.75083E+00
4364.47070  0.75079E+00
4364.47998  0.75063E+00
4364.48975  0.74976E+00
4364.49902  0.74921E+00
4364.50879  0.74920E+00
4364.51807  0.74912E+00
4364.52734  0.74865E+00
4364.53711  0.74718E+00
4364.54639  0.74463E+00
4364.55615  0.74296E+00
4364.56543  0.74402E+00
4364.57520  0.74703E+00
4364.58447  0.75036E+00
4364.59375  0.75328E+00
4364.60352  0.75524E+00
4364.61279  0.75547E+00
4364.62256  0.75373E+00
4364.63184  0.75123E+00
4364.64111  0.75018E+00
4364.65088  0.75077E+00
4364.66016  0.75115E+00
4364.66992  0.75181E+00
4364.67920  0.75460E+00
4364.68848  0.75854E+00
4364.69824  0.76117E+00
4364.70752  0.76130E+00
4364.71729  0.76056E+00
4364.72656  0.76115E+00
4364.73584  0.76126E+00
4364.74561  0.75954E+00
4364.75488  0.75842E+00
4364.76465  0.75837E+00
4364.77393  0.75776E+00
4364.78369  0.75691E+00
4364.79297  0.75671E+00
4364.80225  0.75666E+00
4364.81201  0.75559E+00
4364.82129  0.75272E+00
4364.83105  0.74907E+00
4364.84033  0.74692E+00
4364.84961  0.74696E+00
4364.85938  0.74815E+00
4364.86865  0.74987E+00
4364.87842  0.75208E+00
4364.88770  0.75433E+00
4364.89697  0.75576E+00
4364.90674  0.75615E+00
4364.91602  0.75639E+00
4364.92578  0.75698E+00
4364.93506  0.75704E+00
4364.94434  0.75565E+00
4364.95410  0.75288E+00
4364.96338  0.75013E+00
4364.97314  0.74907E+00
4364.98242  0.74970E+00
4364.99219  0.75099E+00
4365.00146  0.75255E+00
4365.01074  0.75402E+00
4365.02051  0.75483E+00
4365.02979  0.75476E+00
4365.03955  0.75349E+00
4365.04883  0.75061E+00
4365.05811  0.74719E+00
4365.06787  0.74586E+00
4365.07715  0.74780E+00
4365.08691  0.75112E+00
4365.09619  0.75365E+00
4365.10547  0.75528E+00
4365.11523  0.75609E+00
4365.12451  0.75547E+00
4365.13428  0.75405E+00
4365.14355  0.75336E+00
4365.15283  0.75330E+00
4365.16260  0.75264E+00
4365.17188  0.75156E+00
4365.18164  0.75119E+00
4365.19092  0.75166E+00
4365.20068  0.75229E+00
4365.20996  0.75258E+00
4365.21924  0.75222E+00
4365.22900  0.75092E+00
4365.23828  0.74819E+00
4365.24805  0.74310E+00
4365.25732  0.73564E+00
4365.26660  0.72821E+00
4365.27637  0.72406E+00
4365.28564  0.72454E+00
4365.29541  0.72855E+00
4365.30469  0.73408E+00
4365.31396  0.73964E+00
4365.32373  0.74458E+00
4365.33301  0.74849E+00
4365.34277  0.75097E+00
4365.35205  0.75231E+00
4365.36133  0.75327E+00
4365.37109  0.75406E+00
4365.38037  0.75450E+00
4365.39014  0.75499E+00
4365.39941  0.75585E+00
4365.40918  0.75629E+00
4365.41846  0.75555E+00
4365.42773  0.75423E+00
4365.43750  0.75328E+00
4365.44678  0.75248E+00
4365.45654  0.75149E+00
4365.46582  0.75121E+00
4365.47510  0.75230E+00
4365.48486  0.75375E+00
4365.49414  0.75442E+00
4365.50391  0.75456E+00
4365.51318  0.75471E+00
4365.52246  0.75502E+00
4365.53223  0.75596E+00
4365.54150  0.75787E+00
4365.55127  0.75980E+00
4365.56055  0.76052E+00
4365.56982  0.76021E+00
4365.57959  0.75987E+00
4365.58887  0.75970E+00
4365.59863  0.75958E+00
4365.60791  0.75978E+00
4365.61768  0.76006E+00
4365.62695  0.75923E+00
4365.63623  0.75700E+00
4365.64600  0.75484E+00
4365.65527  0.75409E+00
4365.66504  0.75435E+00
4365.67432  0.75463E+00
4365.68359  0.75504E+00
4365.69336  0.75646E+00
4365.70264  0.75915E+00
4365.71240  0.76202E+00
4365.72168  0.76359E+00
4365.73096  0.76362E+00
4365.74072  0.76281E+00
4365.75000  0.76120E+00
4365.75977  0.75856E+00
4365.76904  0.75592E+00
4365.77832  0.75454E+00
4365.78809  0.75411E+00
4365.79736  0.75397E+00
4365.80713  0.75450E+00
4365.81641  0.75569E+00
4365.82617  0.75635E+00
4365.83545  0.75611E+00
4365.84473  0.75600E+00
4365.85449  0.75605E+00
4365.86377  0.75484E+00
4365.87354  0.75217E+00
4365.88281  0.74990E+00
4365.89209  0.74922E+00
4365.90186  0.74900E+00
4365.91113  0.74820E+00
4365.92090  0.74783E+00
4365.93018  0.74906E+00
4365.93945  0.75128E+00
4365.94922  0.75342E+00
4365.95850  0.75505E+00
4365.96826  0.75554E+00
4365.97754  0.75459E+00
4365.98682  0.75344E+00
4365.99658  0.75324E+00
4366.00586  0.75355E+00
4366.01562  0.75401E+00
4366.02490  0.75505E+00
4366.03467  0.75633E+00
4366.04395  0.75697E+00
4366.05322  0.75729E+00
4366.06299  0.75778E+00
4366.07227  0.75778E+00
4366.08203  0.75698E+00
4366.09131  0.75602E+00
4366.10059  0.75448E+00
4366.11035  0.75139E+00
4366.11963  0.74725E+00
4366.12939  0.74310E+00
4366.13867  0.73945E+00
4366.14795  0.73719E+00
4366.15771  0.73730E+00
4366.16699  0.73969E+00
4366.17676  0.74400E+00
4366.18604  0.74920E+00
4366.19531  0.75261E+00
4366.20508  0.75318E+00
4366.21436  0.75335E+00
4366.22412  0.75460E+00
4366.23340  0.75585E+00
4366.24316  0.75713E+00
4366.25244  0.75909E+00
4366.26172  0.76057E+00
4366.27148  0.76108E+00
4366.28076  0.76153E+00
4366.29053  0.76196E+00
4366.29980  0.76260E+00
4366.30908  0.76396E+00
4366.31885  0.76446E+00
4366.32812  0.76389E+00
4366.33789  0.76479E+00
4366.34717  0.76690E+00
4366.35645  0.76922E+00
4366.36621  0.77353E+00
4366.37549  0.77764E+00
4366.38525  0.77684E+00
4366.39453  0.77239E+00
4366.40381  0.76994E+00
4366.41357  0.77141E+00
4366.42285  0.77070E+00
4366.43262  0.76434E+00
4366.44189  0.75899E+00
4366.45166  0.75794E+00
4366.46094  0.75733E+00
4366.47021  0.75615E+00
4366.47998  0.75490E+00
4366.48926  0.75283E+00
4366.49902  0.75127E+00
4366.50830  0.75115E+00
4366.51758  0.75079E+00
4366.52734  0.75029E+00
4366.53662  0.75089E+00
4366.54639  0.75132E+00
4366.55566  0.75114E+00
4366.56494  0.75225E+00
4366.57471  0.75447E+00
4366.58398  0.75584E+00
4366.59375  0.75597E+00
4366.60303  0.75492E+00
4366.61230  0.75272E+00
4366.62207  0.75118E+00
4366.63135  0.75129E+00
4366.64111  0.75140E+00
4366.65039  0.75100E+00
4366.66016  0.75153E+00
4366.66943  0.75302E+00
4366.67871  0.75437E+00
4366.68848  0.75554E+00
4366.69775  0.75703E+00
4366.70752  0.75888E+00
4366.71680  0.76021E+00
4366.72607  0.76003E+00
4366.73584  0.75983E+00
4366.74512  0.76176E+00
4366.75488  0.76422E+00
4366.76416  0.76519E+00
4366.77344  0.76571E+00
4366.78320  0.76589E+00
4366.79248  0.76747E+00
4366.80225  0.77438E+00
4366.81152  0.78059E+00
4366.82080  0.77889E+00
4366.83057  0.77656E+00
4366.83984  0.77874E+00
4366.84961  0.78351E+00
4366.85889  0.78925E+00
4366.86865  0.78986E+00
4366.87793  0.78578E+00
4366.88721  0.78366E+00
4366.89697  0.78155E+00
4366.90625  0.77790E+00
4366.91602  0.77648E+00
4366.92529  0.77671E+00
4366.93457  0.77645E+00
4366.94434  0.77826E+00
4366.95361  0.78401E+00
4366.96338  0.79064E+00
4366.97266  0.79522E+00
4366.98193  0.78994E+00
4366.99170 -0.10000E+01
4367.00098 -0.10000E+01
4367.01074 -0.10000E+01
4367.02002 -0.10000E+01
4367.02930 -0.10000E+01
4367.03906  0.78299E+00
4367.04834  0.79474E+00
4367.05811  0.79082E+00
4367.06738  0.78764E+00
4367.07715  0.78398E+00
4367.08643  0.78064E+00
4367.09570  0.77805E+00
4367.10547  0.77464E+00
4367.11475  0.77128E+00
4367.12451  0.76946E+00
4367.13379  0.76849E+00
4367.14307  0.76736E+00
4367.15283  0.76581E+00
4367.16211  0.76417E+00
4367.17188  0.76298E+00
4367.18115  0.76179E+00
4367.19043  0.76000E+00
4367.20020  0.75866E+00
4367.20947  0.75844E+00
4367.21924  0.75792E+00
4367.22852  0.75615E+00
4367.23779  0.75401E+00
4367.24756  0.75200E+00
4367.25684  0.74986E+00
4367.26660  0.74768E+00
4367.27588  0.74546E+00
4367.28564  0.74266E+00
4367.29492  0.73936E+00
4367.30420  0.73628E+00
4367.31396  0.73357E+00
4367.32324  0.73055E+00
4367.33301  0.72654E+00
4367.34229  0.72109E+00
4367.35156  0.71368E+00
4367.36133  0.70457E+00
4367.37061  0.69576E+00
4367.38037  0.68941E+00
4367.38965  0.68570E+00
4367.39893  0.68352E+00
4367.40869  0.68196E+00
4367.41797  0.68019E+00
4367.42773  0.67777E+00
4367.43701  0.67569E+00
4367.44629  0.67569E+00
4367.45605  0.67941E+00
4367.46533  0.68832E+00
4367.47510  0.70175E+00
4367.48438  0.71559E+00
4367.49414  0.72599E+00
4367.50342  0.73230E+00
4367.51270  0.73469E+00
4367.52246  0.73250E+00
4367.53174  0.72663E+00
4367.54150  0.71891E+00
4367.55078  0.70901E+00
4367.56006  0.69645E+00
4367.56982  0.68422E+00
4367.57910  0.67652E+00
4367.58887  0.67461E+00
4367.59814  0.67650E+00
4367.60742  0.67990E+00
4367.61719  0.68413E+00
4367.62646  0.68954E+00
4367.63623  0.69616E+00
4367.64551  0.70336E+00
4367.65479  0.71025E+00
4367.66455  0.71670E+00
4367.67383  0.72350E+00
4367.68359  0.73011E+00
4367.69287  0.73461E+00
4367.70264  0.73734E+00
4367.71191  0.74084E+00
4367.72119  0.74624E+00
4367.73096  0.75353E+00
4367.74023  0.76215E+00
4367.75000  0.76929E+00
4367.75928  0.77405E+00
4367.76855  0.77942E+00
4367.77832  0.78329E+00
4367.78760  0.78037E+00
4367.79736  0.77322E+00
4367.80664  0.76696E+00
4367.81592  0.76343E+00
4367.82568  0.76484E+00
4367.83496  0.76988E+00
4367.84473  0.77585E+00
4367.85400  0.78447E+00
4367.86328  0.79247E+00
4367.87305  0.79420E+00
4367.88232  0.79114E+00
4367.89209  0.78460E+00
4367.90137  0.77825E+00
4367.91113  0.77664E+00
4367.92041  0.77531E+00
4367.92969  0.77256E+00
4367.93945  0.77241E+00
4367.94873  0.77498E+00
4367.95850  0.77762E+00
4367.96777  0.77592E+00
4367.97705  0.77037E+00
4367.98682  0.76701E+00
4367.99609  0.76555E+00
4368.00586  0.76235E+00
4368.01514  0.75869E+00
4368.02441  0.75610E+00
4368.03418  0.75369E+00
4368.04346  0.75150E+00
4368.05322  0.75041E+00
4368.06250  0.75054E+00
4368.07178  0.75134E+00
4368.08154  0.75144E+00
4368.09082  0.74951E+00
4368.10059  0.74545E+00
4368.10986  0.73900E+00
4368.11963  0.72900E+00
4368.12891  0.71550E+00
4368.13818  0.70119E+00
4368.14795  0.69106E+00
4368.15723  0.69049E+00
4368.16699  0.70055E+00
4368.17627  0.71513E+00
4368.18555  0.72599E+00
4368.19531  0.72948E+00
4368.20459  0.72666E+00
4368.21436  0.71977E+00
4368.22363  0.71159E+00
4368.23291  0.70615E+00
4368.24268  0.70685E+00
4368.25195  0.71366E+00
4368.26172  0.72326E+00
4368.27100  0.73215E+00
4368.28027  0.73885E+00
4368.29004  0.74337E+00
4368.29932  0.74586E+00
4368.30908  0.74680E+00
4368.31836  0.74738E+00
4368.32812  0.74855E+00
4368.33740  0.74989E+00
4368.34668  0.75021E+00
4368.35645  0.74974E+00
4368.36572  0.74992E+00
4368.37549  0.75122E+00
4368.38477  0.75271E+00
4368.39404  0.75400E+00
4368.40381  0.75531E+00
4368.41309  0.75607E+00
4368.42285  0.75564E+00
4368.43213  0.75469E+00
4368.44141  0.75427E+00
4368.45117  0.75441E+00
4368.46045  0.75466E+00
4368.47021  0.75474E+00
4368.47949  0.75459E+00
4368.48877  0.75457E+00
4368.49854  0.75526E+00
4368.50781  0.75622E+00
4368.51758  0.75623E+00
4368.52686  0.75482E+00
4368.53662  0.75287E+00
4368.54590  0.75164E+00
4368.55518  0.75176E+00
4368.56494  0.75256E+00
4368.57422  0.75308E+00
4368.58398  0.75363E+00
4368.59326  0.75515E+00
4368.60254  0.75686E+00
4368.61230  0.75724E+00
4368.62158  0.75696E+00
4368.63135  0.75757E+00
4368.64062  0.75841E+00
4368.64990  0.75753E+00
4368.65967  0.75436E+00
4368.66895  0.75018E+00
4368.67871  0.74670E+00
4368.68799  0.74472E+00
4368.69727  0.74396E+00
4368.70703  0.74398E+00
4368.71631  0.74484E+00
4368.72607  0.74640E+00
4368.73535  0.74756E+00
4368.74512  0.74736E+00
4368.75439  0.74663E+00
4368.76367  0.74678E+00
4368.77344  0.74740E+00
4368.78271  0.74684E+00
4368.79248  0.74510E+00
4368.80176  0.74420E+00
4368.81104  0.74555E+00
4368.82080  0.74804E+00
4368.83008  0.74940E+00
4368.83984  0.74877E+00
4368.84912  0.74734E+00
4368.85840  0.74661E+00
4368.86816  0.74673E+00
4368.87744  0.74718E+00
4368.88721  0.74795E+00
4368.89648  0.74927E+00
4368.90576  0.75068E+00
4368.91553  0.75151E+00
4368.92480  0.75211E+00
4368.93457  0.75325E+00
4368.94385  0.75443E+00
4368.95361  0.75447E+00
4368.96289  0.75351E+00
4368.97217  0.75255E+00
4368.98193  0.75177E+00
4368.99121  0.75080E+00
4369.00098  0.74992E+00
4369.01025  0.74950E+00
4369.01953  0.74959E+00
4369.02930  0.75035E+00
4369.03857  0.75126E+00
4369.04834  0.75089E+00
4369.05762  0.74916E+00
4369.06689  0.74820E+00
4369.07666  0.74924E+00
4369.08594  0.75062E+00
4369.09570  0.75065E+00
4369.10498  0.74991E+00
4369.11426  0.74942E+00
4369.12402  0.74871E+00
4369.13330  0.74722E+00
4369.14307  0.74578E+00
4369.15234  0.74551E+00
4369.16211  0.74612E+00
4369.17139  0.74631E+00
4369.18066  0.74537E+00
4369.19043  0.74378E+00
4369.19971  0.74225E+00
4369.20947  0.74079E+00
4369.21875  0.73905E+00
4369.22803  0.73745E+00
4369.23779  0.73747E+00
4369.24707  0.73995E+00
4369.25684  0.74387E+00
4369.26611  0.74756E+00
4369.27539  0.75051E+00
4369.28516  0.75287E+00
4369.29443  0.75409E+00
4369.30420  0.75336E+00
4369.31348  0.75080E+00
4369.32275  0.74706E+00
4369.33252  0.74259E+00
4369.34180  0.73806E+00
4369.35156  0.73470E+00
4369.36084  0.73358E+00
4369.37061  0.73467E+00
4369.37988  0.73709E+00
4369.38916  0.73998E+00
4369.39893  0.74255E+00
4369.40820  0.74419E+00
4369.41797  0.74525E+00
4369.42725  0.74633E+00
4369.43652  0.74666E+00
4369.44629  0.74548E+00
4369.45557  0.74408E+00
4369.46533  0.74376E+00
4369.47461  0.74361E+00
4369.48389  0.74285E+00
4369.49365  0.74277E+00
4369.50293  0.74391E+00
4369.51270  0.74458E+00
4369.52197  0.74388E+00
4369.53125  0.74318E+00
4369.54102  0.74381E+00
4369.55029  0.74554E+00
4369.56006  0.74752E+00
4369.56934  0.74948E+00
4369.57910  0.75153E+00
4369.58838  0.75384E+00
4369.59766  0.75637E+00
4369.60742  0.75848E+00
4369.61670  0.75897E+00
4369.62646  0.75760E+00
4369.63574  0.75563E+00
4369.64502  0.75418E+00
4369.65479  0.75333E+00
4369.66406  0.75335E+00
4369.67383  0.75494E+00
4369.68311  0.75783E+00
4369.69238  0.76052E+00
4369.70215  0.76168E+00
4369.71143  0.76145E+00
4369.72119  0.76079E+00
4369.73047  0.75975E+00
4369.73975  0.75808E+00
4369.74951  0.75636E+00
4369.75879  0.75493E+00
4369.76855  0.75292E+00
4369.77783  0.74970E+00
4369.78760  0.74654E+00
4369.79688  0.74534E+00
4369.80615  0.74606E+00
4369.81592  0.74747E+00
4369.82520  0.74941E+00
4369.83496  0.75220E+00
4369.84424  0.75510E+00
4369.85352  0.75711E+00
4369.86328  0.75818E+00
4369.87256  0.75867E+00
4369.88232  0.75876E+00
4369.89160  0.75866E+00
4369.90088  0.75868E+00
4369.91064  0.75880E+00
4369.91992  0.75831E+00
4369.92969  0.75663E+00
4369.93896  0.75432E+00
4369.94824  0.75188E+00
4369.95801  0.74864E+00
4369.96729  0.74495E+00
4369.97705  0.74301E+00
4369.98633  0.74392E+00
4369.99609  0.74656E+00
4370.00537  0.74992E+00
4370.01465  0.75349E+00
4370.02441  0.75642E+00
4370.03369  0.75871E+00
4370.04346  0.76120E+00
4370.05273  0.76389E+00
4370.06201  0.76616E+00
4370.07178  0.76733E+00
4370.08105  0.76692E+00
4370.09082  0.76471E+00
4370.10010  0.76102E+00
4370.10938  0.75762E+00
4370.11914  0.75618E+00
4370.12842  0.75598E+00
4370.13818  0.75572E+00
4370.14746  0.75530E+00
4370.15674  0.75454E+00
4370.16650  0.75282E+00
4370.17578  0.75012E+00
4370.18555  0.74671E+00
4370.19482  0.74221E+00
4370.20459  0.73564E+00
4370.21387  0.72689E+00
4370.22314  0.71823E+00
4370.23291  0.71327E+00
4370.24219  0.71402E+00
4370.25195  0.71994E+00
4370.26123  0.72929E+00
4370.27051  0.74001E+00
4370.28027  0.74959E+00
4370.28955  0.75557E+00
4370.29932  0.75702E+00
4370.30859  0.75528E+00
4370.31787  0.75264E+00
4370.32764  0.75011E+00
4370.33691  0.74742E+00
4370.34668  0.74515E+00
4370.35596  0.74498E+00
4370.36523  0.74735E+00
4370.37500  0.75054E+00
4370.38428  0.75266E+00
4370.39404  0.75349E+00
4370.40332  0.75370E+00
4370.41309  0.75358E+00
4370.42236  0.75303E+00
4370.43164  0.75193E+00
4370.44141  0.75026E+00
4370.45068  0.74848E+00
4370.46045  0.74744E+00
4370.46973  0.74740E+00
4370.47900  0.74792E+00
4370.48877  0.74915E+00
4370.49805  0.75143E+00
4370.50781  0.75369E+00
4370.51709  0.75461E+00
4370.52637  0.75437E+00
4370.53613  0.75358E+00
4370.54541  0.75235E+00
4370.55518  0.75116E+00
4370.56445  0.75085E+00
4370.57373  0.75149E+00
4370.58350  0.75262E+00
4370.59277  0.75388E+00
4370.60254  0.75454E+00
4370.61182  0.75407E+00
4370.62158  0.75316E+00
4370.63086  0.75271E+00
4370.64014  0.75244E+00
4370.64990  0.75174E+00
4370.65918  0.75082E+00
4370.66895  0.75008E+00
4370.67822  0.74952E+00
4370.68750  0.74935E+00
4370.69727  0.74983E+00
4370.70654  0.75054E+00
4370.71631  0.75103E+00
4370.72559  0.75131E+00
4370.73486  0.75104E+00
4370.74463  0.74975E+00
4370.75391  0.74840E+00
4370.76367  0.74834E+00
4370.77295  0.74906E+00
4370.78271  0.74918E+00
4370.79199  0.74903E+00
4370.80127  0.74978E+00
4370.81104  0.75116E+00
4370.82031  0.75183E+00
4370.83008  0.75122E+00
4370.83936  0.74986E+00
4370.84863  0.74851E+00
4370.85840  0.74718E+00
4370.86768  0.74572E+00
4370.87744  0.74488E+00
4370.88672  0.74534E+00
4370.89600  0.74588E+00
4370.90576  0.74498E+00
4370.91504  0.74333E+00
4370.92480  0.74239E+00
4370.93408  0.74219E+00
4370.94336  0.74227E+00
4370.95312  0.74292E+00
4370.96240  0.74435E+00
4370.97217  0.74602E+00
4370.98145  0.74746E+00
4370.99121  0.74894E+00
4371.00049  0.75058E+00
4371.00977  0.75162E+00
4371.01953  0.75182E+00
4371.02881  0.75204E+00
4371.03857  0.75238E+00
4371.04785  0.75214E+00
4371.05713  0.75188E+00
4371.06689  0.75277E+00
4371.07617  0.75434E+00
4371.08594  0.75558E+00
4371.09521  0.75621E+00
4371.10449  0.75551E+00
4371.11426  0.75353E+00
4371.12354  0.75178E+00
4371.13330  0.75018E+00
4371.14258  0.74807E+00
4371.15186  0.74723E+00
4371.16162  0.74821E+00
4371.17090  0.75026E+00
4371.18066  0.75467E+00
4371.18994  0.76047E+00
4371.19971  0.76368E+00
4371.20898  0.76230E+00
4371.21826  0.75748E+00
4371.22803  0.75316E+00
4371.23730  0.75145E+00
4371.24707  0.75048E+00
4371.25635  0.74995E+00
4371.26562  0.75080E+00
4371.27539  0.75149E+00
4371.28467  0.75054E+00
4371.29443  0.74844E+00
4371.30371  0.74623E+00
4371.31299  0.74532E+00
4371.32275  0.74660E+00
4371.33203  0.74931E+00
4371.34180  0.75232E+00
4371.35107  0.75469E+00
4371.36035  0.75519E+00
4371.37012  0.75414E+00
4371.37939  0.75355E+00
4371.38916  0.75402E+00
4371.39844  0.75482E+00
4371.40820  0.75596E+00
4371.41748  0.75718E+00
4371.42676  0.75726E+00
4371.43652  0.75585E+00
4371.44580  0.75422E+00
4371.45557  0.75350E+00
4371.46484  0.75348E+00
4371.47412  0.75351E+00
4371.48389  0.75352E+00
4371.49316  0.75350E+00
4371.50293  0.75340E+00
4371.51221  0.75359E+00
4371.52148  0.75401E+00
4371.53125  0.75391E+00
4371.54053  0.75300E+00
4371.55029  0.75160E+00
4371.55957  0.74989E+00
4371.56885  0.74836E+00
4371.57861  0.74809E+00
4371.58789  0.74939E+00
4371.59766  0.75135E+00
4371.60693  0.75316E+00
4371.61670  0.75437E+00
4371.62598  0.75442E+00
4371.63525  0.75338E+00
4371.64502  0.75199E+00
4371.65430  0.75048E+00
4371.66406  0.74893E+00
4371.67334  0.74818E+00
4371.68262  0.74830E+00
4371.69238  0.74792E+00
4371.70166  0.74674E+00
4371.71143  0.74630E+00
4371.72070  0.74716E+00
4371.72998  0.74879E+00
4371.73975  0.75161E+00
4371.74902  0.75569E+00
4371.75879  0.75883E+00
4371.76807  0.75960E+00
4371.77734  0.75948E+00
4371.78711  0.75985E+00
4371.79639  0.75983E+00
4371.80615  0.75819E+00
4371.81543  0.75459E+00
4371.82520  0.74901E+00
4371.83447  0.74138E+00
4371.84375  0.73167E+00
4371.85352  0.72085E+00
4371.86279  0.71234E+00
4371.87256  0.71031E+00
4371.88184  0.71574E+00
4371.89111  0.72602E+00
4371.90088  0.73776E+00
4371.91016  0.74792E+00
4371.91992  0.75429E+00
4371.92920  0.75694E+00
4371.93848  0.75774E+00
4371.94824  0.75772E+00
4371.95752  0.75703E+00
4371.96729  0.75667E+00
4371.97656  0.75755E+00
4371.98584  0.75874E+00
4371.99561  0.75901E+00
4372.00488  0.75873E+00
4372.01465  0.75855E+00
4372.02393  0.75783E+00
4372.03369  0.75610E+00
4372.04297  0.75452E+00
4372.05225  0.75419E+00
4372.06201  0.75440E+00
4372.07129  0.75411E+00
4372.08105  0.75364E+00
4372.09033  0.75336E+00
4372.09961  0.75223E+00
4372.10938  0.74987E+00
4372.11865  0.74819E+00
4372.12842  0.74873E+00
4372.13770  0.75031E+00
4372.14697  0.75120E+00
4372.15674  0.75131E+00
4372.16602  0.75119E+00
4372.17578  0.75133E+00
4372.18506  0.75242E+00
4372.19434  0.75410E+00
4372.20410  0.75463E+00
4372.21338  0.75333E+00
4372.22314  0.75095E+00
4372.23242  0.74782E+00
4372.24219  0.74432E+00
4372.25146  0.74201E+00
4372.26074  0.74174E+00
4372.27051  0.74266E+00
4372.27979  0.74429E+00
4372.28955  0.74676E+00
4372.29883  0.74940E+00
4372.30811  0.75150E+00
4372.31787  0.75314E+00
4372.32715  0.75415E+00
4372.33691  0.75433E+00
4372.34619  0.75422E+00
4372.35547  0.75397E+00
4372.36523  0.75335E+00
4372.37451  0.75322E+00
4372.38428  0.75468E+00
4372.39355  0.75690E+00
4372.40283  0.75835E+00
4372.41260  0.75896E+00
4372.42188  0.75959E+00
4372.43164  0.76027E+00
4372.44092  0.76036E+00
4372.45068  0.75971E+00
4372.45996  0.75904E+00
4372.46924  0.75907E+00
4372.47900  0.75945E+00
4372.48828  0.75944E+00
4372.49805  0.75894E+00
4372.50732  0.75827E+00
4372.51660  0.75786E+00
4372.52637  0.75808E+00
4372.53564  0.75875E+00
4372.54541  0.75963E+00
4372.55469  0.76066E+00
4372.56396  0.76112E+00
4372.57373  0.76019E+00
4372.58301  0.75854E+00
4372.59277  0.75737E+00
4372.60205  0.75641E+00
4372.61133  0.75486E+00
4372.62109  0.75275E+00
4372.63037  0.75001E+00
4372.64014  0.74625E+00
4372.64941  0.74198E+00
4372.65918  0.73824E+00
4372.66846  0.73544E+00
4372.67773  0.73376E+00
4372.68750  0.73331E+00
4372.69678  0.73357E+00
4372.70654  0.73405E+00
4372.71582  0.73478E+00
4372.72510  0.73571E+00
4372.73486  0.73692E+00
4372.74414  0.73937E+00
4372.75391  0.74341E+00
4372.76318  0.74774E+00
4372.77246  0.75105E+00
4372.78223  0.75329E+00
4372.79150  0.75476E+00
4372.80127  0.75540E+00
4372.81055  0.75522E+00
4372.81982  0.75439E+00
4372.82959  0.75313E+00
4372.83887  0.75184E+00
4372.84863  0.75088E+00
4372.85791  0.75044E+00
4372.86768  0.75068E+00
4372.87695  0.75147E+00
4372.88623  0.75211E+00
4372.89600  0.75216E+00
4372.90527  0.75213E+00
4372.91504  0.75244E+00
4372.92432  0.75278E+00
4372.93359  0.75329E+00
4372.94336  0.75445E+00
4372.95264  0.75559E+00
4372.96240  0.75563E+00
4372.97168  0.75505E+00
4372.98096  0.75482E+00
4372.99072  0.75479E+00
4373.00000  0.75480E+00
4373.00977  0.75490E+00
4373.01904  0.75421E+00
4373.02832  0.75230E+00
4373.03809  0.74974E+00
4373.04736  0.74596E+00
4373.05713  0.74002E+00
4373.06641  0.73318E+00
4373.07617  0.72725E+00
4373.08545  0.72336E+00
4373.09473  0.72374E+00
4373.10449  0.72982E+00
4373.11377  0.73875E+00
4373.12354  0.74616E+00
4373.13281  0.75081E+00
4373.14209  0.75410E+00
4373.15186  0.75699E+00
4373.16113  0.75890E+00
4373.17090  0.75919E+00
4373.18018  0.75878E+00
4373.18945  0.75932E+00
4373.19922  0.76071E+00
4373.20850  0.76174E+00
4373.21826  0.76194E+00
4373.22754  0.76154E+00
4373.23682  0.76031E+00
4373.24658  0.75775E+00
4373.25586  0.75459E+00
4373.26562  0.75221E+00
4373.27490  0.75085E+00
4373.28467  0.75047E+00
4373.29395  0.75090E+00
4373.30322  0.75092E+00
4373.31299  0.75011E+00
4373.32227  0.75013E+00
4373.33203  0.75198E+00
4373.34131  0.75428E+00
4373.35059  0.75516E+00
4373.36035  0.75453E+00
4373.36963  0.75384E+00
4373.37939  0.75410E+00
4373.38867  0.75460E+00
4373.39795  0.75431E+00
4373.40771  0.75350E+00
4373.41699  0.75276E+00
4373.42676  0.75186E+00
4373.43604  0.75079E+00
4373.44531  0.75016E+00
4373.45508  0.75004E+00
4373.46436  0.74989E+00
4373.47412  0.74927E+00
4373.48340  0.74809E+00
4373.49316  0.74680E+00
4373.50244  0.74607E+00
4373.51172  0.74594E+00
4373.52148  0.74595E+00
4373.53076  0.74613E+00
4373.54053  0.74690E+00
4373.54980  0.74813E+00
4373.55908  0.74929E+00
4373.56885  0.75011E+00
4373.57812  0.75050E+00
4373.58789  0.75063E+00
4373.59717  0.75115E+00
4373.60645  0.75261E+00
4373.61621  0.75450E+00
4373.62549  0.75589E+00
4373.63525  0.75654E+00
4373.64453  0.75681E+00
4373.65381  0.75661E+00
4373.66357  0.75582E+00
4373.67285  0.75496E+00
4373.68262  0.75447E+00
4373.69189  0.75430E+00
4373.70166  0.75458E+00
4373.71094  0.75532E+00
4373.72021  0.75564E+00
4373.72998  0.75509E+00
4373.73926  0.75467E+00
4373.74902  0.75529E+00
4373.75830  0.75632E+00
4373.76758  0.75674E+00
4373.77734  0.75618E+00
4373.78662  0.75468E+00
4373.79639  0.75268E+00
4373.80566  0.75063E+00
4373.81494  0.74827E+00
4373.82471  0.74526E+00
4373.83398  0.74230E+00
4373.84375  0.74050E+00
4373.85303  0.74048E+00
4373.86230  0.74221E+00
4373.87207  0.74484E+00
4373.88135  0.74714E+00
4373.89111  0.74878E+00
4373.90039  0.75010E+00
4373.91016  0.75077E+00
4373.91943  0.75025E+00
4373.92871  0.74927E+00
4373.93848  0.74894E+00
4373.94775  0.74879E+00
4373.95752  0.74755E+00
4373.96680  0.74521E+00
4373.97607  0.74323E+00
4373.98584  0.74290E+00
4373.99512  0.74412E+00
4374.00488  0.74591E+00
4374.01416  0.74783E+00
4374.02344  0.75024E+00
4374.03320  0.75293E+00
4374.04248  0.75474E+00
4374.05225  0.75524E+00
4374.06152  0.75555E+00
4374.07080  0.75666E+00
4374.08057  0.75807E+00
4374.08984  0.75856E+00
4374.09961  0.75758E+00
4374.10889  0.75562E+00
4374.11865  0.75362E+00
4374.12793  0.75214E+00
4374.13721  0.75106E+00
4374.14697  0.75026E+00
4374.15625  0.74992E+00
4374.16602  0.75001E+00
4374.17529  0.75032E+00
4374.18457  0.75079E+00
4374.19434  0.75090E+00
4374.20361  0.74975E+00
4374.21338  0.74726E+00
4374.22266  0.74411E+00
4374.23193  0.74103E+00
4374.24170  0.73894E+00
4374.25098  0.73829E+00
4374.26074  0.73849E+00
4374.27002  0.73927E+00
4374.27930  0.74115E+00
4374.28906  0.74357E+00
4374.29834  0.74465E+00
4374.30811  0.74393E+00
4374.31738  0.74297E+00
4374.32715  0.74316E+00
4374.33643  0.74446E+00
4374.34570  0.74610E+00
4374.35547  0.74754E+00
4374.36475  0.74875E+00
4374.37451  0.74958E+00
4374.38379  0.74993E+00
4374.39307  0.75039E+00
4374.40283  0.75147E+00
4374.41211  0.75265E+00
4374.42188  0.75336E+00
4374.43115  0.75358E+00
4374.44043  0.75339E+00
4374.45020  0.75315E+00
4374.45947  0.75319E+00
4374.46924  0.75302E+00
4374.47852  0.75261E+00
4374.48779  0.75350E+00
4374.49756  0.75606E+00
4374.50684  0.75771E+00
4374.51660  0.75685E+00
4374.52588  0.75533E+00
4374.53564  0.75498E+00
4374.54492  0.75519E+00
4374.55420  0.75509E+00
4374.56396  0.75489E+00
4374.57324  0.75467E+00
4374.58301  0.75417E+00
4374.59229  0.75367E+00
4374.60156  0.75346E+00
4374.61133  0.75287E+00
4374.62061  0.75141E+00
4374.63037  0.75004E+00
4374.63965  0.74979E+00
4374.64893  0.75018E+00
4374.65869  0.75051E+00
4374.66797  0.75103E+00
4374.67773  0.75152E+00
4374.68701  0.75108E+00
4374.69629  0.75023E+00
4374.70605  0.75011E+00
4374.71533  0.74978E+00
4374.72510  0.74714E+00
4374.73438  0.74221E+00
4374.74414  0.73730E+00
4374.75342  0.73479E+00
4374.76270  0.73541E+00
4374.77246  0.73807E+00
4374.78174  0.74162E+00
4374.79150  0.74582E+00
4374.80078  0.74996E+00
4374.81006  0.75254E+00
4374.81982  0.75327E+00
4374.82910  0.75343E+00
4374.83887  0.75346E+00
4374.84814  0.75230E+00
4374.85742  0.74884E+00
4374.86719  0.74281E+00
4374.87646  0.73512E+00
4374.88623  0.72834E+00
4374.89551  0.72523E+00
4374.90479  0.72649E+00
4374.91455  0.73103E+00
4374.92383  0.73741E+00
4374.93359  0.74385E+00
4374.94287  0.74839E+00
4374.95264  0.75027E+00
4374.96191  0.75055E+00
4374.97119  0.75103E+00
4374.98096  0.75279E+00
4374.99023  0.75566E+00
4375.00000  0.75887E+00
4375.00928  0.76161E+00
4375.01855  0.76300E+00
4375.02832  0.76231E+00
4375.03760  0.75986E+00
4375.04736  0.75711E+00
4375.05664  0.75533E+00
4375.06592  0.75458E+00
4375.07568  0.75429E+00
4375.08496  0.75456E+00
4375.09473  0.75595E+00
4375.10400  0.75809E+00
4375.11328  0.75955E+00
4375.12305  0.75962E+00
4375.13232  0.75918E+00
4375.14209  0.75879E+00
4375.15137  0.75748E+00
4375.16113  0.75494E+00
4375.17041  0.75279E+00
4375.17969  0.75217E+00
4375.18945  0.75236E+00
4375.19873  0.75247E+00
4375.20850  0.75254E+00
4375.21777  0.75287E+00
4375.22705  0.75359E+00
4375.23682  0.75401E+00
4375.24609  0.75254E+00
4375.25586  0.74901E+00
4375.26514  0.74575E+00
4375.27441  0.74457E+00
4375.28418  0.74479E+00
4375.29346  0.74527E+00
4375.30322  0.74612E+00
4375.31250  0.74793E+00
4375.32178  0.75086E+00
4375.33154  0.75374E+00
4375.34082  0.75461E+00
4375.35059  0.75333E+00
4375.35986  0.75193E+00
4375.36963  0.75171E+00
4375.37891  0.75224E+00
4375.38818  0.75280E+00
4375.39795  0.75300E+00
4375.40723  0.75256E+00
4375.41699  0.75144E+00
4375.42627  0.75028E+00
4375.43555  0.75046E+00
4375.44531  0.75240E+00
4375.45459  0.75400E+00
4375.46436  0.75394E+00
4375.47363  0.75384E+00
4375.48291  0.75443E+00
4375.49268  0.75440E+00
4375.50195  0.75414E+00
4375.51172  0.75445E+00
4375.52100  0.75440E+00
4375.53027  0.75400E+00
4375.54004  0.75369E+00
4375.54932  0.75268E+00
4375.55908  0.75232E+00
4375.56836  0.75436E+00
4375.57812  0.75740E+00
4375.58740  0.76198E+00
4375.59668  0.76582E+00
4375.60645  0.76211E+00
4375.61572  0.75631E+00
4375.62549  0.75713E+00
4375.63477  0.76219E+00
4375.64404  0.76886E+00
4375.65381  0.77303E+00
4375.66309  0.77142E+00
4375.67285  0.76858E+00
4375.68213  0.76745E+00
4375.69141  0.76614E+00
4375.70117  0.76445E+00
4375.71045  0.76519E+00
4375.72021  0.76604E+00
4375.72949  0.76528E+00
4375.73877  0.76666E+00
4375.74854  0.76511E+00
4375.75781  0.75728E+00
4375.76758  0.75128E+00
4375.77686  0.74924E+00
4375.78662  0.74838E+00
4375.79590  0.74936E+00
4375.80518  0.75123E+00
4375.81494  0.75216E+00
4375.82422  0.75243E+00
4375.83398  0.75176E+00
4375.84326  0.75001E+00
4375.85254  0.74860E+00
4375.86230  0.74777E+00
4375.87158  0.74683E+00
4375.88135  0.74578E+00
4375.89062  0.74400E+00
4375.89990  0.74141E+00
4375.90967  0.74018E+00
4375.91895  0.74103E+00
4375.92871  0.74176E+00
4375.93799  0.74153E+00
4375.94727  0.74159E+00
4375.95703  0.74199E+00
4375.96631  0.74181E+00
4375.97607  0.74101E+00
4375.98535  0.73984E+00
4375.99512  0.73894E+00
4376.00439  0.73959E+00
4376.01367  0.74179E+00
4376.02344  0.74373E+00
4376.03271  0.74446E+00
4376.04248  0.74461E+00
4376.05176  0.74418E+00
4376.06104  0.74249E+00
4376.07080  0.74001E+00
4376.08008  0.73775E+00
4376.08984  0.73562E+00
4376.09912  0.73325E+00
4376.10840  0.73121E+00
4376.11816  0.73004E+00
4376.12744  0.72954E+00
4376.13721  0.72970E+00
4376.14648  0.73031E+00
4376.15576  0.73000E+00
4376.16553  0.72806E+00
4376.17480  0.72622E+00
4376.18457  0.72639E+00
4376.19385  0.72814E+00
4376.20361  0.72984E+00
4376.21289  0.73088E+00
4376.22217  0.73164E+00
4376.23193  0.73246E+00
4376.24121  0.73339E+00
4376.25098  0.73445E+00
4376.26025  0.73566E+00
4376.26953  0.73683E+00
4376.27930  0.73767E+00
4376.28857  0.73811E+00
4376.29834  0.73843E+00
4376.30762  0.73925E+00
4376.31689  0.74111E+00
4376.32666  0.74393E+00
4376.33594  0.74738E+00
4376.34570  0.75134E+00
4376.35498  0.75533E+00
4376.36426  0.75855E+00
4376.37402  0.76060E+00
4376.38330  0.76049E+00
4376.39307  0.75718E+00
4376.40234  0.75203E+00
4376.41211  0.74818E+00
4376.42139  0.74765E+00
4376.43066  0.74970E+00
4376.44043  0.75178E+00
4376.44971  0.75274E+00
4376.45947  0.75340E+00
4376.46875  0.75396E+00
4376.47803  0.75386E+00
4376.48779  0.75329E+00
4376.49707  0.75255E+00
4376.50684  0.75117E+00
4376.51611  0.74904E+00
4376.52539  0.74691E+00
4376.53516  0.74523E+00
4376.54443  0.74378E+00
4376.55420  0.74246E+00
4376.56348  0.74158E+00
4376.57275  0.74155E+00
4376.58252  0.74259E+00
4376.59180  0.74450E+00
4376.60156  0.74650E+00
4376.61084  0.74747E+00
4376.62061  0.74663E+00
4376.62988  0.74410E+00
4376.63916  0.74138E+00
4376.64893  0.74061E+00
4376.65820  0.74234E+00
4376.66797  0.74489E+00
4376.67725  0.74683E+00
4376.68652  0.74849E+00
4376.69629  0.75018E+00
4376.70557  0.75102E+00
4376.71533  0.75071E+00
4376.72461  0.75045E+00
4376.73389  0.75136E+00
4376.74365  0.75325E+00
4376.75293  0.75518E+00
4376.76270  0.75644E+00
4376.77197  0.75692E+00
4376.78125  0.75678E+00
4376.79102  0.75615E+00
4376.80029  0.75525E+00
4376.81006  0.75468E+00
4376.81934  0.75478E+00
4376.82910  0.75499E+00
4376.83838  0.75475E+00
4376.84766  0.75406E+00
4376.85742  0.75279E+00
4376.86670  0.75063E+00
4376.87646  0.74792E+00
4376.88574  0.74573E+00
4376.89502  0.74521E+00
4376.90479  0.74665E+00
4376.91406  0.74881E+00
4376.92383  0.75013E+00
4376.93311  0.75064E+00
4376.94238  0.75113E+00
4376.95215  0.75135E+00
4376.96143  0.75090E+00
4376.97119  0.75032E+00
4376.98047  0.75017E+00
4376.98975  0.75013E+00
4376.99951  0.74900E+00
