            0.77016E+00
            0.00000E+00
4373.00000  0.75480E+00
4373.00977  0.75490E+00
4373.01904  0.75421E+00
4373.02832  0.75230E+00
4373.03809  0.74974E+00
4373.04736  0.74596E+00
4373.05713  0.74002E+00
4373.06641  0.73318E+00
4373.07617  0.72725E+00
4373.08545  0.72336E+00
4373.09473  0.72374E+00
4373.10449  0.72982E+00
4373.11377  0.73875E+00
4373.12354  0.74616E+00
4373.13281  0.75081E+00
4373.14209  0.75410E+00
4373.15186  0.75699E+00
4373.16113  0.75890E+00
4373.17090  0.75919E+00
4373.18018  0.75878E+00
4373.18945  0.75932E+00
4373.19922  0.76071E+00
4373.20850  0.76174E+00
4373.21826  0.76194E+00
4373.22754  0.76154E+00
4373.23682  0.76031E+00
4373.24658  0.75775E+00
4373.25586  0.75459E+00
4373.26562  0.75221E+00
4373.27490  0.75085E+00
4373.28467  0.75047E+00
4373.29395  0.75090E+00
4373.30322  0.75092E+00
4373.31299  0.75011E+00
4373.32227  0.75013E+00
4373.33203  0.75198E+00
4373.34131  0.75428E+00
4373.35059  0.75516E+00
4373.36035  0.75453E+00
4373.36963  0.75384E+00
4373.37939  0.75410E+00
4373.38867  0.75460E+00
4373.39795  0.75431E+00
4373.40771  0.75350E+00
4373.41699  0.75276E+00
4373.42676  0.75186E+00
4373.43604  0.75079E+00
4373.44531  0.75016E+00
4373.45508  0.75004E+00
4373.46436  0.74989E+00
4373.47412  0.74927E+00
4373.48340  0.74809E+00
4373.49316  0.74680E+00
4373.50244  0.74607E+00
4373.51172  0.74594E+00
4373.52148  0.74595E+00
4373.53076  0.74613E+00
4373.54053  0.74690E+00
4373.54980  0.74813E+00
4373.55908  0.74929E+00
4373.56885  0.75011E+00
4373.57812  0.75050E+00
4373.58789  0.75063E+00
4373.59717  0.75115E+00
4373.60645  0.75261E+00
4373.61621  0.75450E+00
4373.62549  0.75589E+00
4373.63525  0.75654E+00
4373.64453  0.75681E+00
4373.65381  0.75661E+00
4373.66357  0.75582E+00
4373.67285  0.75496E+00
4373.68262  0.75447E+00
4373.69189  0.75430E+00
4373.70166  0.75458E+00
4373.71094  0.75532E+00
4373.72021  0.75564E+00
4373.72998  0.75509E+00
4373.73926  0.75467E+00
4373.74902  0.75529E+00
4373.75830  0.75632E+00
4373.76758  0.75674E+00
4373.77734  0.75618E+00
4373.78662  0.75468E+00
4373.79639  0.75268E+00
4373.80566  0.75063E+00
4373.81494  0.74827E+00
4373.82471  0.74526E+00
4373.83398  0.74230E+00
4373.84375  0.74050E+00
4373.85303  0.74048E+00
4373.86230  0.74221E+00
4373.87207  0.74484E+00
4373.88135  0.74714E+00
4373.89111  0.74878E+00
4373.90039  0.75010E+00
4373.91016  0.75077E+00
4373.91943  0.75025E+00
4373.92871  0.74927E+00
4373.93848  0.74894E+00
4373.94775  0.74879E+00
4373.95752  0.74755E+00
4373.96680  0.74521E+00
4373.97607  0.74323E+00
4373.98584  0.74290E+00
4373.99512  0.74412E+00
4374.00488  0.74591E+00
4374.01416  0.74783E+00
4374.02344  0.75024E+00
4374.03320  0.75293E+00
4374.04248  0.75474E+00
4374.05225  0.75524E+00
4374.06152  0.75555E+00
4374.07080  0.75666E+00
4374.08057  0.75807E+00
4374.08984  0.75856E+00
4374.09961  0.75758E+00
4374.10889  0.75562E+00
4374.11865  0.75362E+00
4374.12793  0.75214E+00
4374.13721  0.75106E+00
4374.14697  0.75026E+00
4374.15625  0.74992E+00
4374.16602  0.75001E+00
4374.17529  0.75032E+00
4374.18457  0.75079E+00
4374.19434  0.75090E+00
4374.20361  0.74975E+00
4374.21338  0.74726E+00
4374.22266  0.74411E+00
4374.23193  0.74103E+00
4374.24170  0.73894E+00
4374.25098  0.73829E+00
4374.26074  0.73849E+00
4374.27002  0.73927E+00
4374.27930  0.74115E+00
4374.28906  0.74357E+00
4374.29834  0.74465E+00
4374.30811  0.74393E+00
4374.31738  0.74297E+00
4374.32715  0.74316E+00
4374.33643  0.74446E+00
4374.34570  0.74610E+00
4374.35547  0.74754E+00
4374.36475  0.74875E+00
4374.37451  0.74958E+00
4374.38379  0.74993E+00
4374.39307  0.75039E+00
4374.40283  0.75147E+00
4374.41211  0.75265E+00
4374.42188  0.75336E+00
4374.43115  0.75358E+00
4374.44043  0.75339E+00
4374.45020  0.75315E+00
4374.45947  0.75319E+00
4374.46924  0.75302E+00
4374.47852  0.75261E+00
4374.48779  0.75350E+00
4374.49756  0.75606E+00
4374.50684  0.75771E+00
4374.51660  0.75685E+00
4374.52588  0.75533E+00
4374.53564  0.75498E+00
4374.54492  0.75519E+00
4374.55420  0.75509E+00
4374.56396  0.75489E+00
4374.57324  0.75467E+00
4374.58301  0.75417E+00
4374.59229  0.75367E+00
4374.60156  0.75346E+00
4374.61133  0.75287E+00
4374.62061  0.75141E+00
4374.63037  0.75004E+00
4374.63965  0.74979E+00
4374.64893  0.75018E+00
4374.65869  0.75051E+00
4374.66797  0.75103E+00
4374.67773  0.75152E+00
4374.68701  0.75108E+00
4374.69629  0.75023E+00
4374.70605  0.75011E+00
4374.71533  0.74978E+00
4374.72510  0.74714E+00
4374.73438  0.74221E+00
4374.74414  0.73730E+00
4374.75342  0.73479E+00
4374.76270  0.73541E+00
4374.77246  0.73807E+00
4374.78174  0.74162E+00
4374.79150  0.74582E+00
4374.80078  0.74996E+00
4374.81006  0.75254E+00
4374.81982  0.75327E+00
4374.82910  0.75343E+00
4374.83887  0.75346E+00
4374.84814  0.75230E+00
4374.85742  0.74884E+00
4374.86719  0.74281E+00
4374.87646  0.73512E+00
4374.88623  0.72834E+00
4374.89551  0.72523E+00
4374.90479  0.72649E+00
4374.91455  0.73103E+00
4374.92383  0.73741E+00
4374.93359  0.74385E+00
4374.94287  0.74839E+00
4374.95264  0.75027E+00
4374.96191  0.75055E+00
4374.97119  0.75103E+00
4374.98096  0.75279E+00
4374.99023  0.75566E+00
4375.00000  0.75887E+00
4375.00928  0.76161E+00
4375.01855  0.76300E+00
4375.02832  0.76231E+00
4375.03760  0.75986E+00
4375.04736  0.75711E+00
4375.05664  0.75533E+00
4375.06592  0.75458E+00
4375.07568  0.75429E+00
4375.08496  0.75456E+00
4375.09473  0.75595E+00
4375.10400  0.75809E+00
4375.11328  0.75955E+00
4375.12305  0.75962E+00
4375.13232  0.75918E+00
4375.14209  0.75879E+00
4375.15137  0.75748E+00
4375.16113  0.75494E+00
4375.17041  0.75279E+00
4375.17969  0.75217E+00
4375.18945  0.75236E+00
4375.19873  0.75247E+00
4375.20850  0.75254E+00
4375.21777  0.75287E+00
4375.22705  0.75359E+00
4375.23682  0.75401E+00
4375.24609  0.75254E+00
4375.25586  0.74901E+00
4375.26514  0.74575E+00
4375.27441  0.74457E+00
4375.28418  0.74479E+00
4375.29346  0.74527E+00
4375.30322  0.74612E+00
4375.31250  0.74793E+00
4375.32178  0.75086E+00
4375.33154  0.75374E+00
4375.34082  0.75461E+00
4375.35059  0.75333E+00
4375.35986  0.75193E+00
4375.36963  0.75171E+00
4375.37891  0.75224E+00
4375.38818  0.75280E+00
4375.39795  0.75300E+00
4375.40723  0.75256E+00
4375.41699  0.75144E+00
4375.42627  0.75028E+00
4375.43555  0.75046E+00
4375.44531  0.75240E+00
4375.45459  0.75400E+00
4375.46436  0.75394E+00
4375.47363  0.75384E+00
4375.48291  0.75443E+00
4375.49268  0.75440E+00
4375.50195  0.75414E+00
4375.51172  0.75445E+00
4375.52100  0.75440E+00
4375.53027  0.75400E+00
4375.54004  0.75369E+00
4375.54932  0.75268E+00
4375.55908  0.75232E+00
4375.56836  0.75436E+00
4375.57812  0.75740E+00
4375.58740  0.76198E+00
4375.59668  0.76582E+00
4375.60645  0.76211E+00
4375.61572  0.75631E+00
4375.62549  0.75713E+00
4375.63477  0.76219E+00
4375.64404  0.76886E+00
4375.65381  0.77303E+00
4375.66309  0.77142E+00
4375.67285  0.76858E+00
4375.68213  0.76745E+00
4375.69141  0.76614E+00
4375.70117  0.76445E+00
4375.71045  0.76519E+00
4375.72021  0.76604E+00
4375.72949  0.76528E+00
4375.73877  0.76666E+00
4375.74854  0.76511E+00
4375.75781  0.75728E+00
4375.76758  0.75128E+00
4375.77686  0.74924E+00
4375.78662  0.74838E+00
4375.79590  0.74936E+00
4375.80518  0.75123E+00
4375.81494  0.75216E+00
4375.82422  0.75243E+00
4375.83398  0.75176E+00
4375.84326  0.75001E+00
4375.85254  0.74860E+00
4375.86230  0.74777E+00
4375.87158  0.74683E+00
4375.88135  0.74578E+00
4375.89062  0.74400E+00
4375.89990  0.74141E+00
4375.90967  0.74018E+00
4375.91895  0.74103E+00
4375.92871  0.74176E+00
4375.93799  0.74153E+00
4375.94727  0.74159E+00
4375.95703  0.74199E+00
4375.96631  0.74181E+00
4375.97607  0.74101E+00
4375.98535  0.73984E+00
4375.99512  0.73894E+00
4376.00439  0.73959E+00
4376.01367  0.74179E+00
4376.02344  0.74373E+00
4376.03271  0.74446E+00
4376.04248  0.74461E+00
4376.05176  0.74418E+00
4376.06104  0.74249E+00
4376.07080  0.74001E+00
4376.08008  0.73775E+00
4376.08984  0.73562E+00
4376.09912  0.73325E+00
4376.10840  0.73121E+00
4376.11816  0.73004E+00
4376.12744  0.72954E+00
4376.13721  0.72970E+00
4376.14648  0.73031E+00
4376.15576  0.73000E+00
4376.16553  0.72806E+00
4376.17480  0.72622E+00
4376.18457  0.72639E+00
4376.19385  0.72814E+00
4376.20361  0.72984E+00
4376.21289  0.73088E+00
4376.22217  0.73164E+00
4376.23193  0.73246E+00
4376.24121  0.73339E+00
4376.25098  0.73445E+00
4376.26025  0.73566E+00
4376.26953  0.73683E+00
4376.27930  0.73767E+00
4376.28857  0.73811E+00
4376.29834  0.73843E+00
4376.30762  0.73925E+00
4376.31689  0.74111E+00
4376.32666  0.74393E+00
4376.33594  0.74738E+00
4376.34570  0.75134E+00
4376.35498  0.75533E+00
4376.36426  0.75855E+00
4376.37402  0.76060E+00
4376.38330  0.76049E+00
4376.39307  0.75718E+00
4376.40234  0.75203E+00
4376.41211  0.74818E+00
4376.42139  0.74765E+00
4376.43066  0.74970E+00
4376.44043  0.75178E+00
4376.44971  0.75274E+00
4376.45947  0.75340E+00
4376.46875  0.75396E+00
4376.47803  0.75386E+00
4376.48779  0.75329E+00
4376.49707  0.75255E+00
4376.50684  0.75117E+00
4376.51611  0.74904E+00
4376.52539  0.74691E+00
4376.53516  0.74523E+00
4376.54443  0.74378E+00
4376.55420  0.74246E+00
4376.56348  0.74158E+00
4376.57275  0.74155E+00
4376.58252  0.74259E+00
4376.59180  0.74450E+00
4376.60156  0.74650E+00
4376.61084  0.74747E+00
4376.62061  0.74663E+00
4376.62988  0.74410E+00
4376.63916  0.74138E+00
4376.64893  0.74061E+00
4376.65820  0.74234E+00
4376.66797  0.74489E+00
4376.67725  0.74683E+00
4376.68652  0.74849E+00
4376.69629  0.75018E+00
4376.70557  0.75102E+00
4376.71533  0.75071E+00
4376.72461  0.75045E+00
4376.73389  0.75136E+00
4376.74365  0.75325E+00
4376.75293  0.75518E+00
4376.76270  0.75644E+00
4376.77197  0.75692E+00
4376.78125  0.75678E+00
4376.79102  0.75615E+00
4376.80029  0.75525E+00
4376.81006  0.75468E+00
4376.81934  0.75478E+00
4376.82910  0.75499E+00
4376.83838  0.75475E+00
4376.84766  0.75406E+00
4376.85742  0.75279E+00
4376.86670  0.75063E+00
4376.87646  0.74792E+00
4376.88574  0.74573E+00
4376.89502  0.74521E+00
4376.90479  0.74665E+00
4376.91406  0.74881E+00
4376.92383  0.75013E+00
4376.93311  0.75064E+00
4376.94238  0.75113E+00
4376.95215  0.75135E+00
4376.96143  0.75090E+00
4376.97119  0.75032E+00
4376.98047  0.75017E+00
4376.98975  0.75013E+00
4376.99951  0.74900E+00
4377.00879  0.74446E+00
4377.01855  0.73437E+00
4377.02783  0.71978E+00
4377.03760  0.70549E+00
4377.04688  0.69713E+00
4377.05615  0.69812E+00
4377.06592  0.70809E+00
4377.07520  0.72322E+00
4377.08496  0.73836E+00
4377.09424  0.74936E+00
4377.10352  0.75476E+00
4377.11328  0.75634E+00
4377.12256  0.75705E+00
4377.13232  0.75779E+00
4377.14160  0.75738E+00
4377.15088  0.75559E+00
4377.16064  0.75358E+00
4377.16992  0.75189E+00
4377.17969  0.75015E+00
4377.18896  0.74796E+00
4377.19824  0.74544E+00
4377.20801  0.74332E+00
4377.21729  0.74259E+00
4377.22705  0.74355E+00
4377.23633  0.74559E+00
4377.24609  0.74792E+00
4377.25537  0.74986E+00
4377.26465  0.75117E+00
4377.27441  0.75242E+00
4377.28369  0.75417E+00
4377.29346  0.75564E+00
4377.30273  0.75541E+00
4377.31201  0.75310E+00
4377.32178  0.74902E+00
4377.33105  0.74280E+00
4377.34082  0.73420E+00
4377.35010  0.72480E+00
4377.35938  0.71778E+00
4377.36914  0.71612E+00
4377.37842  0.72076E+00
4377.38818  0.72972E+00
4377.39746  0.73930E+00
4377.40674  0.74670E+00
4377.41650  0.75140E+00
4377.42578  0.75455E+00
4377.43555  0.75738E+00
4377.44482  0.75979E+00
4377.45459  0.76077E+00
4377.46387  0.76022E+00
4377.47314  0.75934E+00
4377.48291  0.75890E+00
4377.49219  0.75885E+00
4377.50195  0.75903E+00
4377.51123  0.75919E+00
4377.52051  0.75907E+00
4377.53027  0.75890E+00
4377.53955  0.75901E+00
4377.54932  0.75931E+00
4377.55859  0.75969E+00
4377.56787  0.76019E+00
4377.57764  0.76041E+00
4377.58691  0.75960E+00
4377.59668  0.75769E+00
4377.60596  0.75576E+00
4377.61523  0.75505E+00
4377.62500  0.75571E+00
4377.63428  0.75721E+00
4377.64404  0.75903E+00
4377.65332  0.75998E+00
4377.66309  0.75900E+00
4377.67236  0.75740E+00
4377.68164  0.75753E+00
4377.69141  0.75893E+00
4377.70068  0.75937E+00
4377.71045  0.75858E+00
4377.71973  0.75785E+00
4377.72900  0.75703E+00
4377.73877  0.75490E+00
4377.74805  0.75206E+00
4377.75781  0.75076E+00
4377.76709  0.75191E+00
4377.77637  0.75416E+00
4377.78613  0.75607E+00
4377.79541  0.75748E+00
4377.80518  0.75911E+00
4377.81445  0.76120E+00
4377.82373  0.76203E+00
4377.83350  0.76073E+00
4377.84277  0.76000E+00
4377.85254  0.76166E+00
4377.86182  0.76393E+00
4377.87158  0.76420E+00
4377.88086  0.76120E+00
4377.89014  0.75714E+00
4377.89990  0.75495E+00
4377.90918  0.75331E+00
4377.91895  0.75039E+00
4377.92822  0.74779E+00
4377.93750  0.74717E+00
4377.94727  0.74791E+00
4377.95654  0.74885E+00
4377.96631  0.74982E+00
4377.97559  0.75138E+00
4377.98486  0.75333E+00
4377.99463  0.75438E+00
4378.00391  0.75434E+00
4378.01367  0.75454E+00
4378.02295  0.75525E+00
4378.03223  0.75542E+00
4378.04199  0.75494E+00
4378.05127  0.75474E+00
4378.06104  0.75499E+00
4378.07031  0.75516E+00
4378.08008  0.75495E+00
4378.08936  0.75402E+00
4378.09863  0.75197E+00
4378.10840  0.74943E+00
4378.11768  0.74783E+00
4378.12744  0.74795E+00
4378.13672  0.74993E+00
4378.14600  0.75387E+00
4378.15576  0.75832E+00
4378.16504  0.76092E+00
4378.17480  0.76193E+00
4378.18408  0.76280E+00
4378.19336  0.76225E+00
4378.20312  0.75990E+00
4378.21240  0.75921E+00
4378.22217  0.76068E+00
4378.23145  0.76067E+00
4378.24072  0.75936E+00
4378.25049  0.75904E+00
4378.25977  0.75807E+00
4378.26953  0.74969E+00
4378.27881  0.70029E+00
4378.28857 -0.10000E+01
4378.29785 -0.10000E+01
4378.30713 -0.10000E+01
4378.31689 -0.10000E+01
4378.32617  0.69466E+00
4378.33594  0.74665E+00
4378.34521  0.75319E+00
4378.35449  0.75091E+00
4378.36426  0.75001E+00
4378.37354  0.75082E+00
4378.38330  0.75207E+00
4378.39258  0.75198E+00
4378.40186  0.75098E+00
4378.41162  0.74976E+00
4378.42090  0.74688E+00
4378.43066  0.74224E+00
4378.43994  0.73808E+00
4378.44971  0.73461E+00
4378.45898  0.73056E+00
4378.46826  0.72623E+00
4378.47803  0.72195E+00
4378.48730  0.71749E+00
4378.49707  0.71400E+00
4378.50635  0.71231E+00
4378.51562  0.71161E+00
4378.52539  0.71093E+00
4378.53467  0.70926E+00
4378.54443  0.70683E+00
4378.55371  0.70543E+00
4378.56299  0.70542E+00
4378.57275  0.70620E+00
4378.58203  0.70808E+00
4378.59180  0.71108E+00
4378.60107  0.71422E+00
4378.61035  0.71674E+00
4378.62012  0.71908E+00
4378.62939  0.72219E+00
4378.63916  0.72594E+00
4378.64844  0.72966E+00
4378.65820  0.73311E+00
4378.66748  0.73554E+00
4378.67676  0.73616E+00
4378.68652  0.73587E+00
4378.69580  0.73613E+00
4378.70557  0.73673E+00
4378.71484  0.73680E+00
4378.72412  0.73620E+00
4378.73389  0.73484E+00
4378.74316  0.73280E+00
4378.75293  0.73110E+00
4378.76221  0.73066E+00
4378.77148  0.73107E+00
4378.78125  0.73164E+00
4378.79053  0.73251E+00
4378.80029  0.73422E+00
4378.80957  0.73677E+00
4378.81885  0.73944E+00
4378.82861  0.74161E+00
4378.83789  0.74349E+00
4378.84766  0.74549E+00
4378.85693  0.74725E+00
4378.86670  0.74814E+00
4378.87598  0.74861E+00
4378.88525  0.74982E+00
4378.89502  0.75170E+00
4378.90430  0.75255E+00
4378.91406  0.75140E+00
4378.92334  0.74939E+00
4378.93262  0.74817E+00
4378.94238  0.74823E+00
4378.95166  0.74933E+00
4378.96143  0.75110E+00
4378.97070  0.75262E+00
4378.97998  0.75323E+00
4378.98975  0.75379E+00
4378.99902  0.75528E+00
4379.00879  0.75685E+00
4379.01807  0.75735E+00
4379.02734  0.75719E+00
4379.03711  0.75696E+00
4379.04639  0.75624E+00
4379.05615  0.75499E+00
4379.06543  0.75398E+00
4379.07520  0.75316E+00
4379.08447  0.75169E+00
4379.09375  0.74985E+00
4379.10352  0.74879E+00
4379.11279  0.74881E+00
4379.12256  0.74930E+00
4379.13184  0.74981E+00
4379.14111  0.75022E+00
4379.15088  0.75044E+00
4379.16016  0.75021E+00
4379.16992  0.74900E+00
4379.17920  0.74696E+00
4379.18848  0.74551E+00
4379.19824  0.74535E+00
4379.20752  0.74503E+00
4379.21729  0.74398E+00
4379.22656  0.74437E+00
4379.23584  0.74742E+00
4379.24561  0.75102E+00
4379.25488  0.75307E+00
4379.26465  0.75404E+00
4379.27393  0.75487E+00
4379.28369  0.75525E+00
4379.29297  0.75476E+00
4379.30225  0.75367E+00
4379.31201  0.75264E+00
4379.32129  0.75220E+00
4379.33105  0.75236E+00
4379.34033  0.75275E+00
4379.34961  0.75326E+00
4379.35938  0.75410E+00
4379.36865  0.75520E+00
4379.37842  0.75618E+00
4379.38770  0.75661E+00
4379.39697  0.75646E+00
4379.40674  0.75607E+00
4379.41602  0.75549E+00
4379.42578  0.75422E+00
4379.43506  0.75237E+00
4379.44434  0.75105E+00
4379.45410  0.75090E+00
4379.46338  0.75106E+00
4379.47314  0.75043E+00
4379.48242  0.74932E+00
4379.49219  0.74909E+00
4379.50146  0.74991E+00
4379.51074  0.75007E+00
4379.52051  0.74889E+00
4379.52979  0.74799E+00
4379.53955  0.74784E+00
4379.54883  0.74604E+00
4379.55811  0.74141E+00
4379.56787  0.73596E+00
4379.57715  0.73090E+00
4379.58691  0.72468E+00
4379.59619  0.71711E+00
4379.60547  0.71173E+00
4379.61523  0.71247E+00
4379.62451  0.71951E+00
4379.63428  0.72920E+00
4379.64355  0.73734E+00
4379.65283  0.74229E+00
4379.66260  0.74489E+00
4379.67188  0.74655E+00
4379.68164  0.74807E+00
4379.69092  0.74977E+00
4379.70068  0.75200E+00
4379.70996  0.75474E+00
4379.71924  0.75695E+00
4379.72900  0.75764E+00
4379.73828  0.75738E+00
4379.74805  0.75677E+00
4379.75732  0.75447E+00
4379.76660  0.74897E+00
4379.77637  0.74108E+00
4379.78564  0.73305E+00
4379.79541  0.72633E+00
4379.80469  0.72110E+00
4379.81396  0.71789E+00
4379.82373  0.71828E+00
4379.83301  0.72351E+00
4379.84277  0.73277E+00
4379.85205  0.74255E+00
4379.86133  0.74915E+00
4379.87109  0.75213E+00
4379.88037  0.75330E+00
4379.89014  0.75335E+00
4379.89941  0.75211E+00
4379.90918  0.75014E+00
4379.91846  0.74830E+00
4379.92773  0.74719E+00
4379.93750  0.74755E+00
4379.94678  0.74963E+00
4379.95654  0.75245E+00
4379.96582  0.75496E+00
4379.97510  0.75714E+00
4379.98486  0.75947E+00
4379.99414  0.76217E+00
4380.00391  0.76504E+00
4380.01318  0.76677E+00
4380.02246  0.76643E+00
4380.03223  0.76509E+00
4380.04150  0.76365E+00
4380.05127  0.76278E+00
4380.06055  0.76401E+00
4380.06982  0.76614E+00
4380.07959  0.76742E+00
4380.08887  0.76980E+00
4380.09863  0.77259E+00
4380.10791  0.77335E+00
4380.11768  0.77511E+00
4380.12695  0.77263E+00
4380.13623  0.75628E+00
4380.14600 -0.10000E+01
4380.15527 -0.10000E+01
4380.16504 -0.10000E+01
4380.17432  0.74674E+00
4380.18359  0.76444E+00
4380.19336  0.76632E+00
4380.20264  0.76541E+00
4380.21240  0.76638E+00
4380.22168  0.76464E+00
4380.23096  0.76259E+00
4380.24072  0.76173E+00
4380.25000  0.75941E+00
4380.25977  0.75665E+00
4380.26904  0.75660E+00
4380.27832  0.75741E+00
4380.28809  0.75748E+00
4380.29736  0.75797E+00
4380.30713  0.75470E+00
4380.31641  0.74493E+00
4380.32617  0.73471E+00
4380.33545  0.73172E+00
4380.34473  0.73984E+00
4380.35449  0.74964E+00
4380.36377  0.74803E+00
4380.37354  0.74102E+00
4380.38281  0.73797E+00
4380.39209  0.73561E+00
4380.40186  0.73247E+00
4380.41113  0.73118E+00
4380.42090  0.73094E+00
4380.43018  0.73113E+00
4380.43945  0.73208E+00
4380.44922  0.73190E+00
4380.45850  0.72961E+00
4380.46826  0.72662E+00
4380.47754  0.72315E+00
4380.48682  0.71851E+00
4380.49658  0.71341E+00
4380.50586  0.70852E+00
4380.51562  0.70293E+00
4380.52490  0.69579E+00
4380.53467  0.68759E+00
4380.54395  0.67897E+00
4380.55322  0.67003E+00
4380.56299  0.66101E+00
4380.57227  0.65210E+00
4380.58203  0.64456E+00
4380.59131  0.64228E+00
4380.60059  0.64686E+00
4380.61035  0.65477E+00
4380.61963  0.66533E+00
4380.62939  0.67487E+00
4380.63867  0.66956E+00
4380.64795  0.65151E+00
4380.65771 -0.10000E+01
4380.66699 -0.10000E+01
4380.67676  0.68475E+00
4380.68604  0.71013E+00
4380.69531  0.71971E+00
4380.70508  0.72096E+00
4380.71436  0.72054E+00
4380.72412  0.71790E+00
4380.73340  0.71589E+00
4380.74316  0.71582E+00
4380.75244  0.71551E+00
4380.76172  0.71538E+00
4380.77148  0.71593E+00
4380.78076  0.71496E+00
4380.79053  0.71224E+00
4380.79980  0.70961E+00
4380.80908  0.70717E+00
4380.81885  0.70404E+00
4380.82812  0.69986E+00
4380.83789  0.69388E+00
4380.84717  0.68533E+00
4380.85645  0.67426E+00
4380.86621  0.66182E+00
4380.87549  0.65061E+00
4380.88525  0.64301E+00
4380.89453  0.63921E+00
4380.90381  0.63855E+00
4380.91357  0.64116E+00
4380.92285  0.64671E+00
4380.93262  0.65350E+00
4380.94189  0.66035E+00
4380.95166  0.66739E+00
4380.96094  0.67449E+00
4380.97021  0.68073E+00
4380.97998  0.68606E+00
4380.98926  0.69142E+00
4380.99902  0.69705E+00
4381.00830  0.70209E+00
4381.01758  0.70603E+00
4381.02734  0.70903E+00
4381.03662  0.71152E+00
4381.04639  0.71402E+00
4381.05566  0.71642E+00
4381.06494  0.71757E+00
4381.07471  0.71724E+00
4381.08398  0.71729E+00
4381.09375  0.71935E+00
4381.10303  0.72272E+00
4381.11230  0.72611E+00
4381.12207  0.72922E+00
4381.13135  0.73172E+00
4381.14111  0.73304E+00
4381.15039  0.73351E+00
4381.16016  0.73404E+00
4381.16943  0.73476E+00
4381.17871  0.73548E+00
4381.18848  0.73635E+00
4381.19775  0.73736E+00
4381.20752  0.73859E+00
4381.21680  0.74058E+00
4381.22607  0.74282E+00
4381.23584  0.74335E+00
4381.24512  0.74146E+00
4381.25488  0.73874E+00
4381.26416  0.73637E+00
4381.27344  0.73408E+00
4381.28320  0.73231E+00
4381.29248  0.73210E+00
4381.30225  0.73248E+00
4381.31152  0.73168E+00
4381.32080  0.73057E+00
4381.33057  0.73122E+00
4381.33984  0.73318E+00
4381.34961  0.73484E+00
4381.35889  0.73631E+00
4381.36865  0.73825E+00
4381.37793  0.73969E+00
4381.38721  0.73937E+00
4381.39697  0.73755E+00
4381.40625  0.73496E+00
4381.41602  0.73187E+00
4381.42529  0.72923E+00
4381.43457  0.72866E+00
4381.44434  0.73037E+00
4381.45361  0.73291E+00
4381.46338  0.73507E+00
4381.47266  0.73656E+00
4381.48193  0.73709E+00
4381.49170  0.73659E+00
4381.50098  0.73528E+00
4381.51074  0.73319E+00
4381.52002  0.73108E+00
4381.52930  0.73111E+00
4381.53906  0.73390E+00
4381.54834  0.73740E+00
4381.55811  0.74012E+00
4381.56738  0.74235E+00
4381.57715  0.74377E+00
4381.58643  0.74366E+00
4381.59570  0.74295E+00
4381.60547  0.74269E+00
4381.61475  0.74199E+00
4381.62451  0.74001E+00
4381.63379  0.73798E+00
4381.64307  0.73703E+00
4381.65283  0.73657E+00
4381.66211  0.73611E+00
4381.67188  0.73649E+00
4381.68115  0.73845E+00
4381.69043  0.74123E+00
4381.70020  0.74331E+00
4381.70947  0.74395E+00
4381.71924  0.74376E+00
4381.72852  0.74357E+00
4381.73779  0.74322E+00
4381.74756  0.74215E+00
4381.75684  0.74049E+00
4381.76660  0.73873E+00
4381.77588  0.73716E+00
4381.78564  0.73588E+00
4381.79492  0.73489E+00
4381.80420  0.73420E+00
4381.81396  0.73401E+00
4381.82324  0.73443E+00
4381.83301  0.73502E+00
4381.84229  0.73561E+00
4381.85156  0.73662E+00
4381.86133  0.73793E+00
4381.87061  0.73864E+00
4381.88037  0.73842E+00
4381.88965  0.73750E+00
4381.89893  0.73579E+00
4381.90869  0.73349E+00
4381.91797  0.73147E+00
4381.92773  0.73008E+00
4381.93701  0.72911E+00
4381.94629  0.72912E+00
4381.95605  0.73062E+00
4381.96533  0.73260E+00
4381.97510  0.73394E+00
4381.98438  0.73507E+00
4381.99414  0.73659E+00
4382.00342  0.73755E+00
4382.01270  0.73685E+00
4382.02246  0.73490E+00
4382.03174  0.73311E+00
4382.04150  0.73245E+00
4382.05078  0.73275E+00
4382.06006  0.73297E+00
4382.06982  0.73256E+00
4382.07910  0.73186E+00
4382.08887  0.73089E+00
4382.09814  0.72946E+00
4382.10742  0.72826E+00
4382.11719  0.72780E+00
4382.12646  0.72727E+00
4382.13623  0.72619E+00
4382.14551  0.72570E+00
4382.15479  0.72656E+00
4382.16455  0.72808E+00
4382.17383  0.72970E+00
4382.18359  0.73156E+00
4382.19287  0.73335E+00
4382.20264  0.73456E+00
4382.21191  0.73549E+00
4382.22119  0.73645E+00
4382.23096  0.73712E+00
4382.24023  0.73735E+00
4382.25000  0.73726E+00
4382.25928  0.73648E+00
4382.26855  0.73495E+00
4382.27832  0.73325E+00
4382.28760  0.73162E+00
4382.29736  0.72998E+00
4382.30664  0.72877E+00
4382.31592  0.72815E+00
4382.32568  0.72730E+00
4382.33496  0.72587E+00
4382.34473  0.72434E+00
4382.35400  0.72267E+00
4382.36328  0.72020E+00
4382.37305  0.71710E+00
4382.38232  0.71438E+00
4382.39209  0.71277E+00
4382.40137  0.71257E+00
4382.41113  0.71393E+00
4382.42041  0.71664E+00
4382.42969  0.71989E+00
4382.43945  0.72260E+00
4382.44873  0.72394E+00
4382.45850  0.72385E+00
4382.46777  0.72304E+00
4382.47705  0.72221E+00
4382.48682  0.72138E+00
4382.49609  0.72032E+00
4382.50586  0.71892E+00
4382.51514  0.71713E+00
4382.52441  0.71504E+00
4382.53418  0.71291E+00
4382.54346  0.71124E+00
4382.55322  0.71092E+00
4382.56250  0.71202E+00
4382.57178  0.71289E+00
4382.58154  0.71209E+00
4382.59082  0.71043E+00
4382.60059  0.70934E+00
4382.60986  0.70885E+00
4382.61963  0.70834E+00
4382.62891  0.70729E+00
4382.63818  0.70527E+00
4382.64795  0.70301E+00
4382.65723  0.70187E+00
4382.66699  0.70170E+00
4382.67627  0.70155E+00
4382.68555  0.70120E+00
4382.69531  0.70012E+00
4382.70459  0.69757E+00
4382.71436  0.69469E+00
4382.72363  0.69327E+00
4382.73291  0.69287E+00
4382.74268  0.69264E+00
4382.75195  0.69325E+00
4382.76172  0.69456E+00
4382.77100  0.69492E+00
4382.78027  0.69412E+00
4382.79004  0.69345E+00
4382.79932  0.69316E+00
4382.80908  0.69268E+00
4382.81836  0.69204E+00
4382.82812  0.69099E+00
4382.83740  0.68868E+00
4382.84668  0.68527E+00
4382.85645  0.68192E+00
4382.86572  0.67945E+00
4382.87549  0.67826E+00
4382.88477  0.67813E+00
4382.89404  0.67777E+00
4382.90381  0.67694E+00
4382.91309  0.67672E+00
4382.92285  0.67676E+00
4382.93213  0.67645E+00
4382.94141  0.67628E+00
4382.95117  0.67512E+00
4382.96045  0.67125E+00
4382.97021  0.66509E+00
4382.97949  0.65875E+00
4382.98877  0.65430E+00
4382.99854  0.65092E+00
4383.00781  0.64624E+00
4383.01758  0.64118E+00
4383.02686  0.63780E+00
4383.03662  0.63516E+00
4383.04590  0.63209E+00
4383.05518  0.62950E+00
4383.06494  0.62770E+00
4383.07422  0.62556E+00
4383.08398  0.62252E+00
4383.09326  0.61936E+00
4383.10254  0.61722E+00
4383.11230  0.61679E+00
4383.12158  0.61780E+00
4383.13135  0.61919E+00
4383.14062  0.62011E+00
4383.14990  0.62046E+00
4383.15967  0.62065E+00
4383.16895  0.62087E+00
4383.17871  0.62074E+00
4383.18799  0.62001E+00
4383.19727  0.61933E+00
4383.20703  0.61944E+00
4383.21631  0.62009E+00
4383.22607  0.62055E+00
4383.23535  0.62083E+00
4383.24512  0.62140E+00
4383.25439  0.62197E+00
4383.26367  0.62190E+00
4383.27344  0.62147E+00
4383.28271  0.62148E+00
4383.29248  0.62158E+00
4383.30176  0.62052E+00
4383.31104  0.61811E+00
4383.32080  0.61571E+00
4383.33008  0.61463E+00
4383.33984  0.61474E+00
4383.34912  0.61489E+00
4383.35840  0.61459E+00
4383.36816  0.61461E+00
4383.37744  0.61555E+00
4383.38721  0.61653E+00
4383.39648  0.61666E+00
4383.40576  0.61671E+00
4383.41553  0.61789E+00
4383.42480  0.62008E+00
4383.43457  0.62243E+00
4383.44385  0.62474E+00
4383.45361  0.62727E+00
4383.46289  0.63018E+00
4383.47217  0.63346E+00
4383.48193  0.63671E+00
4383.49121  0.63917E+00
4383.50098  0.64049E+00
4383.51025  0.64103E+00
4383.51953  0.64141E+00
4383.52930  0.64202E+00
4383.53857  0.64277E+00
4383.54834  0.64362E+00
4383.55762  0.64530E+00
4383.56689  0.64868E+00
4383.57666  0.65327E+00
4383.58594  0.65766E+00
4383.59570  0.66136E+00
4383.60498  0.66450E+00
4383.61426  0.66669E+00
4383.62402  0.66811E+00
4383.63330  0.67009E+00
4383.64307  0.67282E+00
4383.65234  0.67494E+00
4383.66211  0.67623E+00
4383.67139  0.67783E+00
4383.68066  0.67960E+00
4383.69043  0.68042E+00
4383.69971  0.68056E+00
4383.70947  0.68113E+00
4383.71875  0.68224E+00
4383.72803  0.68387E+00
4383.73779  0.68642E+00
4383.74707  0.68923E+00
4383.75684  0.69106E+00
4383.76611  0.69230E+00
4383.77539  0.69406E+00
4383.78516  0.69601E+00
4383.79443  0.69751E+00
4383.80420  0.69906E+00
4383.81348  0.70067E+00
4383.82275  0.70145E+00
4383.83252  0.70156E+00
4383.84180  0.70178E+00
4383.85156  0.70149E+00
4383.86084  0.69994E+00
4383.87061  0.69796E+00
4383.87988  0.69657E+00
4383.88916  0.69639E+00
4383.89893  0.69823E+00
4383.90820  0.70170E+00
4383.91797  0.70511E+00
4383.92725  0.70802E+00
4383.93652  0.71088E+00
4383.94629  0.71231E+00
4383.95557  0.71143E+00
4383.96533  0.71050E+00
4383.97461  0.71117E+00
4383.98389  0.71185E+00
4383.99365  0.71131E+00
4384.00293  0.71048E+00
4384.01270  0.70950E+00
4384.02197  0.70749E+00
4384.03125  0.70547E+00
4384.04102  0.70558E+00
4384.05029  0.70802E+00
4384.06006  0.71181E+00
4384.06934  0.71678E+00
4384.07910  0.72230E+00
4384.08838  0.72648E+00
4384.09766  0.72864E+00
4384.10742  0.72997E+00
4384.11670  0.73089E+00
4384.12646  0.73070E+00
4384.13574  0.72993E+00
4384.14502  0.73001E+00
4384.15479  0.73127E+00
4384.16406  0.73288E+00
4384.17383  0.73400E+00
4384.18311  0.73456E+00
4384.19238  0.73450E+00
4384.20215  0.73311E+00
4384.21143  0.73055E+00
4384.22119  0.72885E+00
4384.23047  0.72843E+00
4384.23975  0.72775E+00
4384.24951  0.72736E+00
4384.25879  0.72830E+00
4384.26855  0.72865E+00
4384.27783  0.72749E+00
4384.28760  0.72574E+00
4384.29688  0.72292E+00
4384.30615  0.72237E+00
4384.31592  0.72901E+00
4384.32520  0.73703E+00
4384.33496  0.74076E+00
4384.34424  0.74661E+00
4384.35352 -0.10000E+01
4384.36328 -0.10000E+01
4384.37256 -0.10000E+01
4384.38232 -0.10000E+01
4384.39160 -0.10000E+01
4384.40088 -0.10000E+01
4384.41064 -0.10000E+01
4384.41992  0.74604E+00
4384.42969  0.75844E+00
4384.43896  0.75292E+00
4384.44824  0.74124E+00
4384.45801  0.73019E+00
4384.46729  0.72092E+00
4384.47705  0.71788E+00
4384.48633  0.72317E+00
4384.49609  0.73149E+00
4384.50537  0.73834E+00
4384.51465  0.74284E+00
4384.52441  0.74423E+00
4384.53369  0.74334E+00
4384.54346  0.74278E+00
4384.55273  0.74322E+00
4384.56201  0.74376E+00
4384.57178  0.74427E+00
4384.58105  0.74478E+00
4384.59082  0.74517E+00
4384.60010  0.74537E+00
4384.60938  0.74498E+00
4384.61914  0.74437E+00
4384.62842  0.74458E+00
4384.63818  0.74516E+00
4384.64746  0.74482E+00
4384.65674  0.74373E+00
4384.66650  0.74258E+00
4384.67578  0.74129E+00
4384.68555  0.73994E+00
4384.69482  0.73947E+00
4384.70459  0.74108E+00
4384.71387  0.74478E+00
4384.72314  0.74883E+00
4384.73291  0.75200E+00
4384.74219  0.75417E+00
4384.75195  0.75444E+00
4384.76123  0.75301E+00
4384.77051  0.75266E+00
4384.78027  0.75365E+00
4384.78955  0.75414E+00
4384.79932  0.75598E+00
4384.80859  0.75933E+00
4384.81787  0.76056E+00
4384.82764  0.76116E+00
4384.83691  0.76339E+00
4384.84668  0.76484E+00
4384.85596  0.76341E+00
4384.86523  0.75815E+00
4384.87500  0.75146E+00
4384.88428  0.74725E+00
4384.89404  0.74452E+00
4384.90332  0.74242E+00
4384.91309  0.74259E+00
4384.92236  0.74421E+00
4384.93164  0.74605E+00
4384.94141  0.74862E+00
4384.95068  0.75105E+00
4384.96045  0.75215E+00
4384.96973  0.75280E+00
4384.97900  0.75363E+00
4384.98877  0.75414E+00
4384.99805  0.75451E+00
4385.00781  0.75455E+00
4385.01709  0.75314E+00
4385.02637  0.75041E+00
4385.03613  0.74784E+00
4385.04541  0.74667E+00
4385.05518  0.74757E+00
4385.06445  0.74995E+00
4385.07373  0.75175E+00
4385.08350  0.75226E+00
4385.09277  0.75292E+00
4385.10254  0.75385E+00
4385.11182  0.75322E+00
4385.12158  0.75103E+00
4385.13086  0.74907E+00
4385.14014  0.74782E+00
4385.14990  0.74685E+00
4385.15918  0.74638E+00
4385.16895  0.74609E+00
4385.17822  0.74517E+00
4385.18750  0.74427E+00
4385.19727  0.74444E+00
4385.20654  0.74501E+00
4385.21631  0.74475E+00
4385.22559  0.74363E+00
4385.23486  0.74228E+00
4385.24463  0.74133E+00
4385.25391  0.74153E+00
4385.26367  0.74295E+00
4385.27295  0.74455E+00
4385.28223  0.74520E+00
4385.29199  0.74478E+00
4385.30127  0.74414E+00
4385.31104  0.74389E+00
4385.32031  0.74377E+00
4385.33008  0.74374E+00
4385.33936  0.74465E+00
4385.34863  0.74661E+00
4385.35840  0.74850E+00
4385.36768  0.74940E+00
4385.37744  0.74929E+00
4385.38672  0.74950E+00
4385.39600  0.75182E+00
4385.40576  0.75555E+00
4385.41504  0.75823E+00
4385.42480  0.75872E+00
4385.43408  0.75729E+00
4385.44336  0.75479E+00
4385.45312  0.75202E+00
4385.46240  0.74981E+00
4385.47217  0.74946E+00
4385.48145  0.75100E+00
4385.49072  0.75250E+00
4385.50049  0.75301E+00
4385.50977  0.75321E+00
4385.51953  0.75309E+00
4385.52881  0.75171E+00
4385.53857  0.74901E+00
4385.54785  0.74569E+00
4385.55713  0.74192E+00
4385.56689  0.73660E+00
4385.57617  0.72820E+00
4385.58594  0.71706E+00
4385.59521  0.70677E+00
4385.60449  0.70149E+00
4385.61426  0.70290E+00
4385.62354  0.71024E+00
4385.63330  0.72113E+00
4385.64258  0.73179E+00
4385.65186  0.73886E+00
4385.66162  0.74210E+00
4385.67090  0.74364E+00
4385.68066  0.74514E+00
4385.68994  0.74699E+00
4385.69922  0.74904E+00
4385.70898  0.75071E+00
4385.71826  0.75121E+00
4385.72803  0.75038E+00
4385.73730  0.74903E+00
4385.74707  0.74812E+00
4385.75635  0.74778E+00
4385.76562  0.74718E+00
4385.77539  0.74563E+00
4385.78467  0.74365E+00
4385.79443  0.74249E+00
4385.80371  0.74288E+00
4385.81299  0.74458E+00
4385.82275  0.74665E+00
4385.83203  0.74813E+00
4385.84180  0.74873E+00
4385.85107  0.74873E+00
4385.86035  0.74846E+00
4385.87012  0.74823E+00
4385.87939  0.74809E+00
4385.88916  0.74773E+00
4385.89844  0.74731E+00
4385.90771  0.74747E+00
4385.91748  0.74791E+00
4385.92676  0.74792E+00
4385.93652  0.74809E+00
4385.94580  0.74918E+00
4385.95557  0.75057E+00
4385.96484  0.75137E+00
4385.97412  0.75167E+00
4385.98389  0.75205E+00
4385.99316  0.75264E+00
4386.00293  0.75273E+00
4386.01221  0.75154E+00
4386.02148  0.74961E+00
4386.03125  0.74819E+00
4386.04053  0.74728E+00
4386.05029  0.74611E+00
4386.05957  0.74484E+00
4386.06885  0.74405E+00
4386.07861  0.74405E+00
4386.08789  0.74559E+00
4386.09766  0.74885E+00
4386.10693  0.75216E+00
4386.11621  0.75366E+00
4386.12598  0.75327E+00
4386.13525  0.75188E+00
4386.14502  0.75015E+00
4386.15430  0.74818E+00
4386.16406  0.74581E+00
4386.17334  0.74378E+00
4386.18262  0.74339E+00
4386.19238  0.74431E+00
4386.20166  0.74533E+00
4386.21143  0.74674E+00
4386.22070  0.74887E+00
4386.22998  0.75013E+00
4386.23975  0.74973E+00
4386.24902  0.74910E+00
4386.25879  0.74895E+00
4386.26807  0.74855E+00
4386.27734  0.74796E+00
4386.28711  0.74772E+00
4386.29639  0.74783E+00
4386.30615  0.74839E+00
4386.31543  0.74943E+00
4386.32520  0.75024E+00
4386.33447  0.75061E+00
4386.34375  0.75100E+00
4386.35352  0.75087E+00
4386.36279  0.74933E+00
4386.37256  0.74672E+00
4386.38184  0.74344E+00
4386.39111  0.73945E+00
4386.40088  0.73601E+00
4386.41016  0.73471E+00
4386.41992  0.73510E+00
4386.42920  0.73583E+00
4386.43848  0.73709E+00
4386.44824  0.73910E+00
4386.45752  0.74072E+00
4386.46729  0.74145E+00
4386.47656  0.74221E+00
4386.48584  0.74344E+00
4386.49561  0.74476E+00
4386.50488  0.74627E+00
4386.51465  0.74807E+00
4386.52393  0.74945E+00
4386.53369  0.75032E+00
4386.54297  0.75170E+00
4386.55225  0.75349E+00
4386.56201  0.75420E+00
4386.57129  0.75292E+00
4386.58105  0.75005E+00
4386.59033  0.74650E+00
4386.59961  0.74335E+00
4386.60938  0.74165E+00
4386.61865  0.74190E+00
4386.62842  0.74408E+00
4386.63770  0.74758E+00
4386.64697  0.75075E+00
4386.65674  0.75212E+00
4386.66602  0.75208E+00
4386.67578  0.75191E+00
4386.68506  0.75213E+00
4386.69434  0.75276E+00
4386.70410  0.75374E+00
4386.71338  0.75440E+00
4386.72314  0.75442E+00
4386.73242  0.75476E+00
4386.74219  0.75620E+00
4386.75146  0.75783E+00
4386.76074  0.75833E+00
4386.77051  0.75780E+00
4386.77979  0.75737E+00
4386.78955  0.75715E+00
4386.79883  0.75640E+00
4386.80811  0.75562E+00
4386.81787  0.75604E+00
4386.82715  0.75684E+00
4386.83691  0.75599E+00
4386.84619  0.75373E+00
4386.85547  0.75191E+00
4386.86523  0.75090E+00
4386.87451  0.75031E+00
4386.88428  0.75094E+00
4386.89355  0.75323E+00
4386.90283  0.75564E+00
4386.91260  0.75634E+00
4386.92188  0.75516E+00
4386.93164  0.75262E+00
4386.94092  0.74842E+00
4386.95068  0.74217E+00
4386.95996  0.73499E+00
4386.96924  0.72935E+00
4386.97900  0.72738E+00
4386.98828  0.72973E+00
4386.99805  0.73528E+00
4387.00732  0.74189E+00
4387.01660  0.74772E+00
4387.02637  0.75200E+00
4387.03564  0.75426E+00
4387.04541  0.75429E+00
4387.05469  0.75314E+00
4387.06396  0.75254E+00
4387.07373  0.75310E+00
4387.08301  0.75419E+00
4387.09277  0.75435E+00
4387.10205  0.75160E+00
4387.11133  0.74527E+00
4387.12109  0.73721E+00
4387.13037  0.72976E+00
4387.14014  0.72469E+00
4387.14941  0.72470E+00
4387.15918  0.73155E+00
4387.16846  0.74218E+00
4387.17773  0.75120E+00
4387.18750  0.75637E+00
4387.19678  0.75827E+00
4387.20654  0.75748E+00
4387.21582  0.75552E+00
4387.22510  0.75495E+00
4387.23486  0.75628E+00
4387.24414  0.75758E+00
4387.25391  0.75758E+00
4387.26318  0.75680E+00
4387.27246  0.75606E+00
4387.28223  0.75555E+00
4387.29150  0.75521E+00
4387.30127  0.75521E+00
4387.31055  0.75578E+00
4387.31982  0.75666E+00
4387.32959  0.75710E+00
4387.33887  0.75705E+00
4387.34863  0.75702E+00
4387.35791  0.75647E+00
4387.36768  0.75408E+00
4387.37695  0.75026E+00
4387.38623  0.74722E+00
4387.39600  0.74627E+00
4387.40527  0.74706E+00
4387.41504  0.74922E+00
4387.42432  0.75264E+00
4387.43359  0.75616E+00
4387.44336  0.75814E+00
4387.45264  0.75854E+00
4387.46240  0.75884E+00
4387.47168  0.75963E+00
4387.48096  0.75989E+00
4387.49072  0.75909E+00
4387.50000  0.75815E+00
4387.50977  0.75751E+00
4387.51904  0.75621E+00
4387.52832  0.75343E+00
4387.53809  0.74877E+00
4387.54736  0.74120E+00
4387.55713  0.73018E+00
4387.56641  0.71741E+00
4387.57617  0.70616E+00
4387.58545  0.69957E+00
4387.59473  0.69985E+00
4387.60449  0.70718E+00
4387.61377  0.71908E+00
4387.62354  0.73204E+00
4387.63281  0.74321E+00
4387.64209  0.75093E+00
4387.65186  0.75512E+00
4387.66113  0.75702E+00
4387.67090  0.75768E+00
4387.68018  0.75723E+00
4387.68945  0.75596E+00
4387.69922  0.75484E+00
4387.70850  0.75466E+00
4387.71826  0.75510E+00
4387.72754  0.75510E+00
4387.73682  0.75436E+00
4387.74658  0.75369E+00
4387.75586  0.75362E+00
4387.76562  0.75356E+00
4387.77490  0.75272E+00
4387.78467  0.75128E+00
4387.79395  0.74994E+00
4387.80322  0.74881E+00
4387.81299  0.74775E+00
4387.82227  0.74770E+00
4387.83203  0.74984E+00
4387.84131  0.75340E+00
4387.85059  0.75606E+00
4387.86035  0.75691E+00
4387.86963  0.75691E+00
4387.87939  0.75664E+00
4387.88867  0.75567E+00
4387.89795  0.75392E+00
4387.90771  0.75187E+00
4387.91699  0.75017E+00
4387.92676  0.74954E+00
4387.93604  0.75031E+00
4387.94531  0.75182E+00
4387.95508  0.75303E+00
4387.96436  0.75341E+00
4387.97412  0.75305E+00
4387.98340  0.75255E+00
4387.99316  0.75267E+00
4388.00244  0.75373E+00
4388.01172  0.75533E+00
4388.02148  0.75671E+00
4388.03076  0.75722E+00
4388.04053  0.75649E+00
4388.04980  0.75462E+00
4388.05908  0.75207E+00
4388.06885  0.74948E+00
4388.07812  0.74751E+00
4388.08789  0.74666E+00
4388.09717  0.74709E+00
4388.10645  0.74878E+00
4388.11621  0.75150E+00
4388.12549  0.75468E+00
4388.13525  0.75756E+00
4388.14453  0.75961E+00
4388.15381  0.76091E+00
4388.16357  0.76176E+00
4388.17285  0.76240E+00
4388.18262  0.76291E+00
4388.19189  0.76337E+00
4388.20166  0.76381E+00
4388.21094  0.76452E+00
4388.22021  0.76543E+00
4388.22998  0.76535E+00
4388.23926  0.76391E+00
4388.24902  0.76216E+00
4388.25830  0.76073E+00
4388.26758  0.76023E+00
4388.27734  0.76161E+00
4388.28662  0.76357E+00
4388.29639  0.76347E+00
4388.30566  0.76156E+00
4388.31494  0.76025E+00
4388.32471  0.75981E+00
4388.33398  0.75848E+00
4388.34375  0.75550E+00
4388.35303  0.75124E+00
4388.36230  0.74522E+00
4388.37207  0.73671E+00
4388.38135  0.72675E+00
4388.39111  0.71808E+00
4388.40039  0.71327E+00
4388.41016  0.71387E+00
4388.41943  0.71993E+00
4388.42871  0.72940E+00
4388.43848  0.73908E+00
4388.44775  0.74681E+00
4388.45752  0.75184E+00
4388.46680  0.75407E+00
4388.47607  0.75415E+00
4388.48584  0.75345E+00
4388.49512  0.75309E+00
4388.50488  0.75350E+00
4388.51416  0.75460E+00
4388.52344  0.75585E+00
4388.53320  0.75671E+00
4388.54248  0.75727E+00
4388.55225  0.75766E+00
4388.56152  0.75738E+00
4388.57080  0.75600E+00
4388.58057  0.75403E+00
4388.58984  0.75247E+00
4388.59961  0.75189E+00
4388.60889  0.75189E+00
4388.61865  0.75128E+00
4388.62793  0.74880E+00
4388.63721  0.74369E+00
4388.64697  0.73561E+00
4388.65625  0.72524E+00
4388.66602  0.71490E+00
4388.67529  0.70776E+00
4388.68457  0.70619E+00
4388.69434  0.71093E+00
4388.70361  0.72069E+00
4388.71338  0.73203E+00
4388.72266  0.74121E+00
4388.73193  0.74685E+00
4388.74170  0.74981E+00
4388.75098  0.75138E+00
4388.76074  0.75234E+00
4388.77002  0.75291E+00
4388.77930  0.75301E+00
4388.78906  0.75320E+00
4388.79834  0.75422E+00
4388.80811  0.75563E+00
4388.81738  0.75617E+00
4388.82715  0.75563E+00
4388.83643  0.75470E+00
4388.84570  0.75360E+00
4388.85547  0.75203E+00
4388.86475  0.74965E+00
4388.87451  0.74643E+00
4388.88379  0.74310E+00
4388.89307  0.74064E+00
4388.90283  0.73922E+00
4388.91211  0.73792E+00
4388.92188  0.73511E+00
4388.93115  0.72927E+00
4388.94043  0.72128E+00
4388.95020  0.71505E+00
4388.95947  0.71426E+00
4388.96924  0.71955E+00
4388.97852  0.72907E+00
4388.98779  0.73965E+00
4388.99756  0.74787E+00
4389.00684  0.75228E+00
4389.01660  0.75392E+00
4389.02588  0.75445E+00
4389.03564  0.75521E+00
4389.04492  0.75714E+00
4389.05420  0.75968E+00
4389.06396  0.76132E+00
4389.07324  0.76158E+00
4389.08301  0.76119E+00
4389.09229  0.76067E+00
4389.10156  0.76003E+00
4389.11133  0.75908E+00
4389.12061  0.75795E+00
4389.13037  0.75760E+00
4389.13965  0.75872E+00
4389.14893  0.76026E+00
4389.15869  0.76106E+00
4389.16797  0.76149E+00
4389.17773  0.76215E+00
4389.18701  0.76278E+00
4389.19629  0.76278E+00
4389.20605  0.76177E+00
4389.21533  0.76005E+00
4389.22510  0.75848E+00
4389.23438  0.75738E+00
4389.24414  0.75632E+00
4389.25342  0.75542E+00
4389.26270  0.75544E+00
4389.27246  0.75641E+00
4389.28174  0.75766E+00
4389.29150  0.75898E+00
4389.30078  0.76034E+00
4389.31006  0.76133E+00
4389.31982  0.76189E+00
4389.32910  0.76228E+00
4389.33887  0.76252E+00
4389.34814  0.76274E+00
4389.35742  0.76329E+00
4389.36719  0.76424E+00
4389.37646  0.76535E+00
4389.38623  0.76630E+00
4389.39551  0.76711E+00
4389.40479  0.76780E+00
4389.41455  0.76759E+00
4389.42383  0.76623E+00
4389.43359  0.76571E+00
4389.44287  0.76759E+00
4389.45264  0.77059E+00
4389.46191  0.77268E+00
4389.47119  0.77291E+00
4389.48096  0.77205E+00
4389.49023  0.77131E+00
4389.50000  0.76981E+00
4389.50928  0.76694E+00
4389.51855  0.76428E+00
4389.52832  0.76285E+00
4389.53760  0.76189E+00
4389.54736  0.75994E+00
4389.55664  0.75664E+00
4389.56592  0.75375E+00
4389.57568  0.75266E+00
4389.58496  0.75248E+00
4389.59473  0.75250E+00
4389.60400  0.75337E+00
4389.61328  0.75518E+00
4389.62305  0.75711E+00
4389.63232  0.75851E+00
4389.64209  0.75925E+00
4389.65137  0.75991E+00
4389.66113  0.76098E+00
4389.67041  0.76183E+00
4389.67969  0.76197E+00
4389.68945  0.76202E+00
4389.69873  0.76220E+00
4389.70850  0.76167E+00
4389.71777  0.75994E+00
4389.72705  0.75752E+00
4389.73682  0.75547E+00
4389.74609  0.75472E+00
4389.75586  0.75537E+00
4389.76514  0.75666E+00
4389.77441  0.75783E+00
4389.78418  0.75833E+00
4389.79346  0.75769E+00
4389.80322  0.75599E+00
4389.81250  0.75412E+00
4389.82178  0.75280E+00
4389.83154  0.75235E+00
4389.84082  0.75301E+00
4389.85059  0.75459E+00
4389.85986  0.75599E+00
4389.86963  0.75620E+00
4389.87891  0.75517E+00
4389.88818  0.75339E+00
4389.89795  0.75160E+00
4389.90723  0.75066E+00
4389.91699  0.75059E+00
4389.92627  0.75054E+00
4389.93555  0.75033E+00
4389.94531  0.75081E+00
4389.95459  0.75175E+00
4389.96436  0.75192E+00
4389.97363  0.75129E+00
4389.98291  0.75125E+00
4389.99268  0.75251E+00
4390.00195  0.75440E+00
4390.01172  0.75578E+00
4390.02100  0.75580E+00
4390.03027  0.75446E+00
4390.04004  0.75231E+00
4390.04932  0.74915E+00
4390.05908  0.74444E+00
4390.06836  0.73954E+00
4390.07812  0.73741E+00
4390.08740  0.73936E+00
4390.09668  0.74406E+00
4390.10645  0.74932E+00
4390.11572  0.75332E+00
4390.12549  0.75494E+00
4390.13477  0.75440E+00
4390.14404  0.75303E+00
4390.15381  0.75188E+00
4390.16309  0.75123E+00
4390.17285  0.75099E+00
4390.18213  0.75075E+00
4390.19141  0.75034E+00
4390.20117  0.75054E+00
4390.21045  0.75196E+00
4390.22021  0.75384E+00
4390.22949  0.75495E+00
4390.23877  0.75506E+00
4390.24854  0.75482E+00
4390.25781  0.75484E+00
4390.26758  0.75503E+00
4390.27686  0.75457E+00
4390.28662  0.75320E+00
4390.29590  0.75187E+00
4390.30518  0.75112E+00
4390.31494  0.74985E+00
4390.32422  0.74641E+00
4390.33398  0.74013E+00
4390.34326  0.73154E+00
4390.35254  0.72255E+00
4390.36230  0.71613E+00
4390.37158  0.71503E+00
4390.38135  0.72029E+00
4390.39062  0.73013E+00
4390.39990  0.74055E+00
4390.40967  0.74832E+00
4390.41895  0.75329E+00
4390.42871  0.75697E+00
4390.43799  0.75994E+00
4390.44727  0.76150E+00
4390.45703  0.76108E+00
4390.46631  0.75929E+00
4390.47607  0.75724E+00
4390.48535  0.75540E+00
4390.49512  0.75358E+00
4390.50439  0.75159E+00
4390.51367  0.74923E+00
4390.52344  0.74670E+00
4390.53271  0.74534E+00
4390.54248  0.74594E+00
4390.55176  0.74720E+00
4390.56104  0.74788E+00
4390.57080  0.74855E+00
4390.58008  0.74961E+00
4390.58984  0.75045E+00
4390.59912  0.75135E+00
4390.60840  0.75314E+00
4390.61816  0.75524E+00
4390.62744  0.75670E+00
4390.63721  0.75761E+00
4390.64648  0.75821E+00
4390.65576  0.75850E+00
4390.66553  0.75873E+00
4390.67480  0.75888E+00
4390.68457  0.75875E+00
4390.69385  0.75849E+00
4390.70361  0.75793E+00
4390.71289  0.75665E+00
4390.72217  0.75560E+00
4390.73193  0.75628E+00
4390.74121  0.75816E+00
4390.75098  0.75927E+00
4390.76025  0.75897E+00
4390.76953  0.75816E+00
4390.77930  0.75766E+00
4390.78857  0.75754E+00
4390.79834  0.75740E+00
4390.80762  0.75707E+00
4390.81689  0.75707E+00
4390.82666  0.75758E+00
4390.83594  0.75801E+00
4390.84570  0.75826E+00
4390.85498  0.75882E+00
4390.86426  0.75975E+00
4390.87402  0.76095E+00
4390.88330  0.76233E+00
4390.89307  0.76303E+00
4390.90234  0.76235E+00
4390.91211  0.76129E+00
4390.92139  0.76096E+00
4390.93066  0.76057E+00
4390.94043  0.75904E+00
4390.94971  0.75722E+00
4390.95947  0.75640E+00
4390.96875  0.75632E+00
4390.97803  0.75608E+00
4390.98779  0.75543E+00
4390.99707  0.75464E+00
4391.00684  0.75424E+00
4391.01611  0.75456E+00
4391.02539  0.75505E+00
4391.03516  0.75531E+00
4391.04443  0.75605E+00
4391.05420  0.75747E+00
4391.06348  0.75854E+00
4391.07275  0.75912E+00
4391.08252  0.76001E+00
4391.09180  0.76089E+00
4391.10156  0.76109E+00
4391.11084  0.76104E+00
4391.12061  0.76106E+00
4391.12988  0.76078E+00
4391.13916  0.75996E+00
4391.14893  0.75881E+00
4391.15820  0.75860E+00
4391.16797  0.76068E+00
4391.17725  0.76403E+00
4391.18652  0.76659E+00
4391.19629  0.76826E+00
4391.20557  0.76900E+00
4391.21533  0.76844E+00
4391.22461  0.76820E+00
4391.23389  0.76883E+00
4391.24365  0.76860E+00
4391.25293  0.76930E+00
4391.26270  0.77290E+00
4391.27197  0.77577E+00
4391.28125  0.77812E+00
4391.29102  0.77962E+00
4391.30029  0.76829E+00
4391.31006  0.74448E+00
4391.31934 -0.10000E+01
4391.32910 -0.10000E+01
4391.33838  0.76295E+00
4391.34766  0.78275E+00
4391.35742  0.78371E+00
4391.36670  0.78003E+00
4391.37646  0.77838E+00
4391.38574  0.77412E+00
4391.39502  0.77021E+00
4391.40479  0.76963E+00
4391.41406  0.76954E+00
4391.42383  0.76914E+00
4391.43311  0.76908E+00
4391.44238  0.76811E+00
4391.45215  0.76647E+00
4391.46143  0.76592E+00
4391.47119  0.76644E+00
4391.48047  0.76676E+00
4391.48975  0.76570E+00
4391.49951  0.76262E+00
4391.50879  0.75821E+00
4391.51855  0.75326E+00
4391.52783  0.74735E+00
4391.53760  0.74115E+00
4391.54688  0.73733E+00
4391.55615  0.73741E+00
4391.56592  0.74049E+00
4391.57520  0.74527E+00
4391.58496  0.75099E+00
4391.59424  0.75656E+00
4391.60352  0.76051E+00
4391.61328  0.76205E+00
4391.62256  0.76179E+00
4391.63232  0.76078E+00
4391.64160  0.75905E+00
4391.65088  0.75637E+00
4391.66064  0.75372E+00
4391.66992  0.75247E+00
4391.67969  0.75269E+00
4391.68896  0.75371E+00
4391.69824  0.75505E+00
4391.70801  0.75640E+00
4391.71729  0.75776E+00
4391.72705  0.75936E+00
4391.73633  0.76087E+00
4391.74609  0.76171E+00
4391.75537  0.76209E+00
4391.76465  0.76274E+00
4391.77441  0.76416E+00
4391.78369  0.76630E+00
4391.79346  0.76833E+00
4391.80273  0.76964E+00
4391.81201  0.77093E+00
4391.82178  0.77255E+00
4391.83105  0.77322E+00
4391.84082  0.77205E+00
4391.85010  0.76944E+00
4391.85938  0.76639E+00
4391.86914  0.76419E+00
4391.87842  0.76337E+00
4391.88818  0.76329E+00
4391.89746  0.76322E+00
4391.90674  0.76314E+00
4391.91650  0.76361E+00
4391.92578  0.76475E+00
4391.93555  0.76579E+00
4391.94482  0.76610E+00
4391.95459  0.76572E+00
4391.96387  0.76443E+00
4391.97314  0.76167E+00
4391.98291  0.75756E+00
4391.99219  0.75346E+00
4392.00195  0.75098E+00
4392.01123  0.75015E+00
4392.02051  0.74956E+00
4392.03027  0.74866E+00
4392.03955  0.74847E+00
4392.04932  0.74905E+00
4392.05859  0.74909E+00
4392.06787  0.74837E+00
4392.07764  0.74783E+00
4392.08691  0.74741E+00
4392.09668  0.74664E+00
4392.10596  0.74581E+00
4392.11523  0.74425E+00
4392.12500  0.73994E+00
4392.13428  0.73305E+00
4392.14404  0.72703E+00
4392.15332  0.72508E+00
4392.16309  0.72780E+00
4392.17236  0.73395E+00
4392.18164  0.74104E+00
4392.19141  0.74650E+00
4392.20068  0.74972E+00
4392.21045  0.75165E+00
4392.21973  0.75265E+00
4392.22900  0.75272E+00
4392.23877  0.75261E+00
4392.24805  0.75299E+00
4392.25781  0.75355E+00
4392.26709  0.75404E+00
4392.27637  0.75457E+00
4392.28613  0.75487E+00
4392.29541  0.75471E+00
4392.30518  0.75433E+00
4392.31445  0.75388E+00
4392.32373  0.75320E+00
4392.33350  0.75220E+00
4392.34277  0.75090E+00
4392.35254  0.74928E+00
4392.36182  0.74754E+00
4392.37158  0.74616E+00
4392.38086  0.74556E+00
4392.39014  0.74602E+00
4392.39990  0.74789E+00
4392.40918  0.75122E+00
4392.41895  0.75503E+00
4392.42822  0.75798E+00
4392.43750  0.75976E+00
4392.44727  0.76065E+00
4392.45654  0.76046E+00
4392.46631  0.75961E+00
4392.47559  0.75956E+00
4392.48486  0.76076E+00
4392.49463  0.76235E+00
4392.50391  0.76377E+00
4392.51367  0.76484E+00
4392.52295  0.76562E+00
4392.53223  0.76631E+00
4392.54199  0.76597E+00
4392.55127  0.76441E+00
4392.56104  0.76447E+00
4392.57031  0.76701E+00
4392.58008  0.76854E+00
4392.58936  0.76835E+00
4392.59863  0.76871E+00
4392.60840  0.76902E+00
4392.61768  0.77023E+00
4392.62744  0.77397E+00
4392.63672  0.77622E+00
4392.64600  0.77563E+00
4392.65576  0.77442E+00
4392.66504  0.77388E+00
4392.67480  0.77609E+00
4392.68408  0.77709E+00
4392.69336  0.77301E+00
4392.70312  0.76923E+00
4392.71240  0.76898E+00
4392.72217  0.77012E+00
4392.73145  0.77130E+00
4392.74072  0.77242E+00
4392.75049  0.77226E+00
4392.75977  0.76851E+00
4392.76953  0.76102E+00
4392.77881  0.75060E+00
4392.78857  0.73980E+00
4392.79785  0.73425E+00
4392.80713  0.73536E+00
4392.81689  0.74011E+00
4392.82617  0.74703E+00
4392.83594  0.75421E+00
4392.84521  0.75914E+00
4392.85449  0.76212E+00
4392.86426  0.76400E+00
4392.87354  0.76415E+00
4392.88330  0.76270E+00
4392.89258  0.76056E+00
4392.90186  0.75817E+00
4392.91162  0.75581E+00
4392.92090  0.75350E+00
4392.93066  0.75076E+00
4392.93994  0.74790E+00
4392.94922  0.74589E+00
4392.95898  0.74501E+00
4392.96826  0.74458E+00
4392.97803  0.74349E+00
4392.98730  0.74115E+00
4392.99707  0.73836E+00
4393.00635  0.73656E+00
4393.01562  0.73684E+00
4393.02539  0.73955E+00
4393.03467  0.74359E+00
4393.04443  0.74653E+00
4393.05371  0.74696E+00
4393.06299  0.74540E+00
4393.07275  0.74283E+00
4393.08203  0.74003E+00
4393.09180  0.73784E+00
4393.10107  0.73658E+00
4393.11035  0.73611E+00
4393.12012  0.73655E+00
4393.12939  0.73787E+00
4393.13916  0.73983E+00
4393.14844  0.74251E+00
4393.15771  0.74571E+00
4393.16748  0.74864E+00
4393.17676  0.75135E+00
4393.18652  0.75447E+00
4393.19580  0.75721E+00
4393.20557  0.75851E+00
4393.21484  0.75943E+00
4393.22412  0.76121E+00
4393.23389  0.76283E+00
4393.24316  0.76329E+00
4393.25293  0.76349E+00
4393.26221  0.76365E+00
4393.27148  0.76267E+00
4393.28125  0.76101E+00
4393.29053  0.76043E+00
4393.30029  0.76086E+00
4393.30957  0.76082E+00
4393.31885  0.76015E+00
4393.32861  0.75959E+00
4393.33789  0.75930E+00
4393.34766  0.75947E+00
4393.35693  0.76019E+00
4393.36621  0.76028E+00
4393.37598  0.75874E+00
4393.38525  0.75634E+00
4393.39502  0.75381E+00
4393.40430  0.75045E+00
4393.41406  0.74643E+00
4393.42334  0.74391E+00
4393.43262  0.74465E+00
4393.44238  0.74806E+00
4393.45166  0.75242E+00
4393.46143  0.75663E+00
4393.47070  0.76013E+00
4393.47998  0.76223E+00
4393.48975  0.76262E+00
4393.49902  0.76167E+00
4393.50879  0.76007E+00
4393.51807  0.75853E+00
4393.52734  0.75747E+00
4393.53711  0.75642E+00
4393.54639  0.75474E+00
4393.55615  0.75310E+00
4393.56543  0.75257E+00
4393.57471  0.75297E+00
4393.58447  0.75384E+00
4393.59375  0.75519E+00
4393.60352  0.75611E+00
4393.61279  0.75506E+00
4393.62256  0.75139E+00
4393.63184  0.74554E+00
4393.64111  0.73875E+00
4393.65088  0.73216E+00
4393.66016  0.72623E+00
4393.66992  0.72286E+00
4393.67920  0.72517E+00
4393.68848  0.73297E+00
4393.69824  0.74309E+00
4393.70752  0.75276E+00
4393.71729  0.75978E+00
4393.72656  0.76411E+00
4393.73584  0.76793E+00
4393.74561  0.77117E+00
4393.75488  0.77284E+00
4393.76465  0.77457E+00
4393.77393  0.77654E+00
4393.78320  0.77722E+00
4393.79297  0.77880E+00
4393.80225  0.78213E+00
4393.81201  0.78351E+00
4393.82129  0.78536E+00
4393.83105  0.78750E+00
4393.84033  0.78355E+00
4393.84961  0.78135E+00
4393.85938 -0.10000E+01
4393.86865  0.77783E+00
4393.87842  0.78201E+00
4393.88770  0.79255E+00
4393.89697  0.79325E+00
4393.90674  0.78785E+00
4393.91602  0.78457E+00
4393.92578  0.78438E+00
4393.93506  0.78702E+00
4393.94434  0.78885E+00
4393.95410  0.78487E+00
4393.96338  0.77781E+00
4393.97314  0.77320E+00
4393.98242  0.76996E+00
4393.99219  0.76749E+00
4394.00146  0.76737E+00
4394.01074  0.76706E+00
4394.02051  0.76469E+00
4394.02979  0.76270E+00
4394.03955  0.76231E+00
4394.04883  0.76256E+00
4394.05811  0.76302E+00
4394.06787  0.76324E+00
4394.07715  0.76281E+00
4394.08691  0.76202E+00
4394.09619  0.76136E+00
4394.10547  0.76152E+00
4394.11523  0.76261E+00
4394.12451  0.76338E+00
4394.13428  0.76327E+00
4394.14355  0.76296E+00
4394.15283  0.76262E+00
4394.16260  0.76234E+00
4394.17188  0.76223E+00
4394.18164  0.76148E+00
4394.19092  0.76014E+00
4394.20068  0.75957E+00
4394.20996  0.76000E+00
4394.21924  0.76165E+00
4394.22900  0.76507E+00
4394.23828  0.76839E+00
4394.24805  0.77033E+00
4394.25732  0.77281E+00
4394.26660  0.77500E+00
4394.27637  0.77540E+00
4394.28564  0.77294E+00
4394.29541  0.75240E+00
4394.30469  0.70285E+00
4394.31396 -0.10000E+01
4394.32373 -0.10000E+01
4394.33301  0.70901E+00
4394.34277  0.75876E+00
4394.35205  0.77744E+00
4394.36133  0.77580E+00
4394.37109  0.77370E+00
4394.38037  0.77263E+00
4394.39014  0.77074E+00
4394.39941  0.76973E+00
4394.40918  0.76915E+00
4394.41846  0.76931E+00
4394.42773  0.77121E+00
4394.43750  0.77309E+00
4394.44678  0.77343E+00
4394.45654  0.77272E+00
4394.46582  0.77103E+00
4394.47510  0.76852E+00
4394.48486  0.76628E+00
4394.49414  0.76439E+00
4394.50391  0.76237E+00
4394.51318  0.76077E+00
4394.52246  0.76017E+00
4394.53223  0.76036E+00
4394.54150  0.76079E+00
4394.55127  0.76139E+00
4394.56055  0.76311E+00
4394.56982  0.76634E+00
4394.57959  0.76911E+00
4394.58887  0.77023E+00
4394.59863  0.77155E+00
4394.60791  0.77387E+00
4394.61768  0.77554E+00
4394.62695  0.77629E+00
4394.63623  0.77683E+00
4394.64600  0.77635E+00
4394.65527  0.77510E+00
4394.66504  0.77481E+00
4394.67432  0.77529E+00
4394.68359  0.77622E+00
4394.69336  0.77784E+00
4394.70264  0.77813E+00
4394.71240  0.77704E+00
4394.72168  0.76839E+00
4394.73096  0.72666E+00
4394.74072 -0.10000E+01
4394.75000 -0.10000E+01
4394.75977 -0.10000E+01
4394.76904 -0.10000E+01
4394.77832  0.75897E+00
4394.78809  0.78454E+00
4394.79736  0.78367E+00
4394.80713  0.77968E+00
4394.81641  0.77538E+00
4394.82617  0.77166E+00
4394.83545  0.77001E+00
4394.84473  0.76872E+00
4394.85449  0.76733E+00
4394.86377  0.76642E+00
4394.87354  0.76507E+00
4394.88281  0.76322E+00
4394.89209  0.76238E+00
4394.90186  0.76287E+00
4394.91113  0.76362E+00
4394.92090  0.76342E+00
4394.93018  0.76173E+00
4394.93945  0.75957E+00
4394.94922  0.75843E+00
4394.95850  0.75828E+00
4394.96826  0.75841E+00
4394.97754  0.75862E+00
4394.98682  0.75833E+00
4394.99658  0.75697E+00
4395.00586  0.75528E+00
4395.01562  0.75413E+00
4395.02490  0.75325E+00
4395.03467  0.75278E+00
4395.04395  0.75341E+00
4395.05322  0.75445E+00
4395.06299  0.75465E+00
4395.07227  0.75449E+00
4395.08203  0.75508E+00
4395.09131  0.75589E+00
4395.10059  0.75558E+00
4395.11035  0.75435E+00
4395.11963  0.75366E+00
4395.12939  0.75409E+00
4395.13867  0.75500E+00
4395.14795  0.75593E+00
4395.15771  0.75709E+00
4395.16699  0.75870E+00
4395.17676  0.76062E+00
4395.18604  0.76265E+00
4395.19531  0.76463E+00
4395.20508  0.76608E+00
4395.21436  0.76652E+00
4395.22412  0.76619E+00
4395.23340  0.76575E+00
4395.24316  0.76528E+00
4395.25244  0.76443E+00
4395.26172  0.76331E+00
4395.27148  0.76236E+00
4395.28076  0.76166E+00
4395.29053  0.76125E+00
4395.29980  0.76180E+00
4395.30908  0.76376E+00
4395.31885  0.76590E+00
4395.32812  0.76608E+00
4395.33789  0.76407E+00
4395.34717  0.76220E+00
4395.35645  0.76226E+00
4395.36621  0.76340E+00
4395.37549  0.76424E+00
4395.38525  0.76479E+00
4395.39453  0.76481E+00
4395.40381  0.76337E+00
4395.41357  0.76095E+00
4395.42285  0.75954E+00
4395.43262  0.75990E+00
4395.44189  0.76064E+00
4395.45166  0.76075E+00
4395.46094  0.76100E+00
4395.47021  0.76195E+00
4395.47998  0.76287E+00
4395.48926  0.76339E+00
4395.49902  0.76366E+00
4395.50830  0.76336E+00
4395.51758  0.76251E+00
4395.52734  0.76153E+00
4395.53662  0.75994E+00
4395.54639  0.75731E+00
4395.55566  0.75478E+00
4395.56494  0.75342E+00
4395.57471  0.75287E+00
4395.58398  0.75283E+00
4395.59375  0.75320E+00
4395.60303  0.75317E+00
4395.61230  0.75233E+00
4395.62207  0.75163E+00
4395.63135  0.75157E+00
4395.64111  0.75144E+00
4395.65039  0.75129E+00
4395.66016  0.75196E+00
4395.66943  0.75323E+00
4395.67871  0.75427E+00
4395.68848  0.75503E+00
4395.69775  0.75562E+00
4395.70752  0.75557E+00
4395.71680  0.75505E+00
4395.72607  0.75485E+00
4395.73584  0.75487E+00
4395.74512  0.75497E+00
4395.75488  0.75612E+00
4395.76416  0.75796E+00
4395.77344  0.75782E+00
4395.78320  0.75513E+00
4395.79248  0.75256E+00
4395.80225  0.75157E+00
4395.81152  0.75168E+00
4395.82080  0.75293E+00
4395.83057  0.75489E+00
4395.83984  0.75626E+00
4395.84961  0.75722E+00
4395.85889  0.75852E+00
4395.86865  0.75941E+00
4395.87793  0.75973E+00
4395.88721  0.76038E+00
4395.89697  0.76105E+00
4395.90625  0.76136E+00
4395.91602  0.76188E+00
4395.92529  0.76237E+00
4395.93457  0.76230E+00
4395.94434  0.76166E+00
4395.95361  0.75970E+00
4395.96338  0.75659E+00
4395.97266  0.75459E+00
4395.98193  0.75440E+00
4395.99170  0.75572E+00
4396.00098  0.75912E+00
4396.01074  0.76076E+00
4396.02002  0.75653E+00
4396.02930  0.75069E+00
4396.03906  0.74793E+00
4396.04834  0.74738E+00
4396.05811  0.74551E+00
4396.06738  0.73969E+00
4396.07715  0.73331E+00
4396.08643  0.73025E+00
4396.09570  0.72856E+00
4396.10547  0.72670E+00
4396.11475  0.72390E+00
4396.12451  0.71728E+00
4396.13379  0.70683E+00
4396.14307  0.69612E+00
4396.15283  0.68823E+00
4396.16211  0.68595E+00
4396.17188  0.69118E+00
4396.18115  0.70211E+00
4396.19043  0.71496E+00
4396.20020  0.72663E+00
4396.20947  0.73451E+00
4396.21924  0.73757E+00
4396.22852  0.73765E+00
4396.23779  0.73681E+00
4396.24756  0.73530E+00
4396.25684  0.73327E+00
4396.26660  0.73191E+00
4396.27588  0.73216E+00
4396.28564  0.73383E+00
4396.29492  0.73613E+00
4396.30420  0.73846E+00
4396.31396  0.74062E+00
4396.32324  0.74212E+00
4396.33301  0.74233E+00
4396.34229  0.74146E+00
4396.35156  0.74010E+00
4396.36133  0.73798E+00
4396.37061  0.73432E+00
4396.38037  0.72907E+00
4396.38965  0.72322E+00
4396.39893  0.71815E+00
4396.40869  0.71455E+00
4396.41797  0.71250E+00
4396.42773  0.71233E+00
4396.43701  0.71436E+00
4396.44629  0.71782E+00
4396.45605  0.72133E+00
4396.46533  0.72408E+00
4396.47510  0.72575E+00
4396.48438  0.72621E+00
4396.49414  0.72617E+00
4396.50342  0.72698E+00
4396.51270  0.72910E+00
4396.52246  0.73146E+00
4396.53174  0.73275E+00
4396.54150  0.73277E+00
4396.55078  0.73230E+00
4396.56006  0.73195E+00
4396.56982  0.73183E+00
4396.57910  0.73194E+00
4396.58887  0.73224E+00
4396.59814  0.73255E+00
4396.60742  0.73295E+00
4396.61719  0.73394E+00
4396.62646  0.73584E+00
4396.63623  0.73827E+00
4396.64551  0.74037E+00
4396.65479  0.74181E+00
4396.66455  0.74297E+00
4396.67383  0.74384E+00
4396.68359  0.74371E+00
4396.69287  0.74311E+00
4396.70264  0.74389E+00
4396.71191  0.74629E+00
4396.72119  0.74836E+00
4396.73096  0.74925E+00
4396.74023  0.74978E+00
4396.75000  0.74970E+00
4396.75928  0.74797E+00
4396.76855  0.74512E+00
4396.77832  0.74240E+00
4396.78760  0.73990E+00
4396.79736  0.73767E+00
4396.80664  0.73670E+00
4396.81592  0.73716E+00
4396.82568  0.73773E+00
4396.83496  0.73779E+00
4396.84473  0.73824E+00
4396.85400  0.73978E+00
4396.86328  0.74185E+00
4396.87305  0.74387E+00
4396.88232  0.74586E+00
4396.89209  0.74781E+00
4396.90137  0.74939E+00
4396.91113  0.75042E+00
4396.92041  0.75084E+00
4396.92969  0.75061E+00
4396.93945  0.74983E+00
4396.94873  0.74884E+00
4396.95850  0.74859E+00
4396.96777  0.75003E+00
4396.97705  0.75244E+00
4396.98682  0.75372E+00
4396.99609  0.75290E+00
4397.00586  0.75078E+00
4397.01514  0.74795E+00
4397.02441  0.74406E+00
4397.03418  0.73956E+00
4397.04346  0.73647E+00
4397.05322  0.73633E+00
4397.06250  0.73883E+00
4397.07178  0.74275E+00
4397.08154  0.74725E+00
4397.09082  0.75128E+00
4397.10059  0.75364E+00
4397.10986  0.75440E+00
4397.11963  0.75476E+00
4397.12891  0.75552E+00
4397.13818  0.75671E+00
4397.14795  0.75823E+00
4397.15723  0.75970E+00
4397.16699  0.76032E+00
4397.17627  0.75960E+00
4397.18555  0.75808E+00
4397.19531  0.75650E+00
4397.20459  0.75502E+00
4397.21436  0.75371E+00
4397.22363  0.75345E+00
4397.23291  0.75483E+00
4397.24268  0.75656E+00
4397.25195  0.75694E+00
4397.26172  0.75641E+00
4397.27100  0.75602E+00
4397.28027  0.75513E+00
4397.29004  0.75291E+00
4397.29932  0.75017E+00
4397.30908  0.74796E+00
4397.31836  0.74638E+00
4397.32812  0.74544E+00
4397.33740  0.74504E+00
4397.34668  0.74499E+00
4397.35645  0.74579E+00
4397.36572  0.74793E+00
4397.37549  0.75033E+00
4397.38477  0.75137E+00
4397.39404  0.75054E+00
4397.40381  0.74787E+00
4397.41309  0.74332E+00
4397.42285  0.73768E+00
4397.43213  0.73257E+00
4397.44141  0.72939E+00
4397.45117  0.72901E+00
4397.46045  0.73173E+00
4397.47021  0.73658E+00
4397.47949  0.74175E+00
4397.48877  0.74600E+00
4397.49854  0.74888E+00
4397.50781  0.75028E+00
4397.51758  0.75058E+00
4397.52686  0.75050E+00
4397.53662  0.75054E+00
4397.54590  0.75085E+00
4397.55518  0.75116E+00
4397.56494  0.75109E+00
4397.57422  0.75091E+00
4397.58398  0.75150E+00
4397.59326  0.75299E+00
4397.60254  0.75444E+00
4397.61230  0.75535E+00
4397.62158  0.75591E+00
4397.63135  0.75607E+00
4397.64062  0.75559E+00
4397.64990  0.75495E+00
4397.65967  0.75499E+00
4397.66895  0.75577E+00
4397.67871  0.75624E+00
4397.68799  0.75557E+00
4397.69727  0.75440E+00
4397.70703  0.75414E+00
4397.71631  0.75492E+00
4397.72607  0.75527E+00
4397.73535  0.75421E+00
4397.74512  0.75253E+00
4397.75439  0.75160E+00
4397.76367  0.75166E+00
4397.77344  0.75220E+00
4397.78271  0.75341E+00
4397.79248  0.75574E+00
4397.80176  0.75829E+00
4397.81104  0.75985E+00
4397.82080  0.76082E+00
4397.83008  0.76201E+00
4397.83984  0.76296E+00
4397.84912  0.76313E+00
4397.85840  0.76292E+00
4397.86816  0.76257E+00
4397.87744  0.76209E+00
4397.88721  0.76186E+00
4397.89648  0.76153E+00
4397.90576  0.76004E+00
4397.91553  0.75776E+00
4397.92480  0.75622E+00
4397.93457  0.75539E+00
4397.94385  0.75428E+00
4397.95361  0.75355E+00
4397.96289  0.75461E+00
4397.97217  0.75723E+00
4397.98193  0.76006E+00
4397.99121  0.76237E+00
4398.00098  0.76377E+00
4398.01025  0.76386E+00
4398.01953  0.76308E+00
4398.02930  0.76244E+00
4398.03857  0.76212E+00
4398.04834  0.76174E+00
4398.05762  0.76104E+00
4398.06689  0.75950E+00
4398.07666  0.75664E+00
4398.08594  0.75341E+00
4398.09570  0.75213E+00
4398.10498  0.75395E+00
4398.11426  0.75741E+00
4398.12402  0.76029E+00
4398.13330  0.76195E+00
4398.14307  0.76267E+00
4398.15234  0.76202E+00
4398.16211  0.75968E+00
4398.17139  0.75663E+00
4398.18066  0.75406E+00
4398.19043  0.75238E+00
4398.19971  0.75215E+00
4398.20947  0.75372E+00
4398.21875  0.75570E+00
4398.22803  0.75637E+00
4398.23779  0.75632E+00
4398.24707  0.75703E+00
4398.25684  0.75836E+00
4398.26611  0.75986E+00
4398.27539  0.76186E+00
4398.28516  0.76364E+00
4398.29443  0.76418E+00
4398.30420  0.76432E+00
4398.31348  0.76433E+00
4398.32275  0.76287E+00
4398.33252  0.76172E+00
4398.34180  0.76337E+00
4398.35156  0.76596E+00
4398.36084  0.76835E+00
4398.37061  0.77136E+00
4398.37988  0.77377E+00
4398.38916  0.77482E+00
4398.39893  0.77426E+00
4398.40820  0.77189E+00
4398.41797  0.76908E+00
4398.42725  0.76619E+00
4398.43652  0.76331E+00
4398.44629  0.76163E+00
4398.45557  0.76039E+00
4398.46533  0.75829E+00
4398.47461  0.75676E+00
4398.48389  0.75692E+00
4398.49365  0.75771E+00
4398.50293  0.75869E+00
4398.51270  0.76003E+00
4398.52197  0.76085E+00
4398.53125  0.76076E+00
4398.54102  0.76052E+00
4398.55029  0.76018E+00
4398.56006  0.75923E+00
4398.56934  0.75803E+00
4398.57910  0.75692E+00
4398.58838  0.75555E+00
4398.59766  0.75387E+00
4398.60742  0.75277E+00
4398.61670  0.75309E+00
4398.62646  0.75446E+00
4398.63574  0.75573E+00
4398.64502  0.75671E+00
4398.65479  0.75818E+00
4398.66406  0.75996E+00
4398.67383  0.76080E+00
4398.68311  0.76070E+00
4398.69238  0.76095E+00
4398.70215  0.76170E+00
4398.71143  0.76186E+00
4398.72119  0.76120E+00
4398.73047  0.76005E+00
4398.73975  0.75819E+00
4398.74951  0.75545E+00
4398.75879  0.75241E+00
4398.76855  0.75002E+00
4398.77783  0.74904E+00
4398.78760  0.74954E+00
4398.79688  0.75063E+00
4398.80615  0.75129E+00
4398.81592  0.75138E+00
4398.82520  0.75172E+00
4398.83496  0.75312E+00
4398.84424  0.75543E+00
4398.85352  0.75746E+00
4398.86328  0.75830E+00
4398.87256  0.75826E+00
4398.88232  0.75790E+00
4398.89160  0.75727E+00
4398.90088  0.75644E+00
4398.91064  0.75552E+00
4398.91992  0.75379E+00
4398.92969  0.75029E+00
4398.93896  0.74546E+00
4398.94824  0.74157E+00
4398.95801  0.74085E+00
4398.96729  0.74365E+00
4398.97705  0.74844E+00
4398.98633  0.75346E+00
4398.99609  0.75759E+00
4399.00537  0.76019E+00
4399.01465  0.76130E+00
4399.02441  0.76167E+00
4399.03369  0.76188E+00
4399.04346  0.76167E+00
4399.05273  0.76077E+00
4399.06201  0.75964E+00
4399.07178  0.75899E+00
4399.08105  0.75886E+00
4399.09082  0.75909E+00
4399.10010  0.76008E+00
4399.10938  0.76180E+00
4399.11914  0.76309E+00
4399.12842  0.76316E+00
4399.13818  0.76235E+00
4399.14746  0.76073E+00
4399.15674  0.75793E+00
4399.16650  0.75498E+00
4399.17578  0.75387E+00
4399.18555  0.75503E+00
4399.19482  0.75723E+00
4399.20459  0.75963E+00
4399.21387  0.76207E+00
4399.22314  0.76422E+00
4399.23291  0.76577E+00
4399.24219  0.76676E+00
4399.25195  0.76727E+00
4399.26123  0.76721E+00
4399.27051  0.76654E+00
4399.28027  0.76551E+00
4399.28955  0.76445E+00
4399.29932  0.76332E+00
4399.30859  0.76134E+00
4399.31787  0.75729E+00
4399.32764  0.75055E+00
4399.33691  0.74204E+00
4399.34668  0.73417E+00
4399.35596  0.72993E+00
4399.36523  0.73148E+00
4399.37500  0.73848E+00
4399.38428  0.74784E+00
4399.39404  0.75604E+00
4399.40332  0.76151E+00
4399.41309  0.76465E+00
4399.42236  0.76615E+00
4399.43164  0.76625E+00
4399.44141  0.76534E+00
4399.45068  0.76432E+00
4399.46045  0.76378E+00
4399.46973  0.76335E+00
4399.47900  0.76261E+00
4399.48877  0.76208E+00
4399.49805  0.76196E+00
4399.50781  0.76142E+00
4399.51709  0.76036E+00
4399.52637  0.75993E+00
4399.53613  0.76037E+00
4399.54541  0.76109E+00
4399.55518  0.76224E+00
4399.56445  0.76373E+00
4399.57373  0.76444E+00
4399.58350  0.76439E+00
4399.59277  0.76475E+00
4399.60254  0.76546E+00
4399.61182  0.76557E+00
4399.62158  0.76532E+00
4399.63086  0.76541E+00
4399.64014  0.76541E+00
4399.64990  0.76471E+00
4399.65918  0.76345E+00
4399.66895  0.76187E+00
4399.67822  0.76021E+00
4399.68750  0.75917E+00
4399.69727  0.75917E+00
4399.70654  0.75946E+00
4399.71631  0.75885E+00
4399.72559  0.75725E+00
4399.73486  0.75552E+00
4399.74463  0.75428E+00
4399.75391  0.75351E+00
4399.76367  0.75337E+00
4399.77295  0.75419E+00
4399.78223  0.75547E+00
4399.79199  0.75637E+00
4399.80127  0.75718E+00
4399.81104  0.75879E+00
4399.82031  0.76118E+00
4399.83008  0.76356E+00
4399.83936  0.76495E+00
4399.84863  0.76474E+00
4399.85840  0.76352E+00
4399.86768  0.76230E+00
4399.87744  0.76105E+00
4399.88672  0.75927E+00
4399.89600  0.75703E+00
4399.90576  0.75444E+00
4399.91504  0.75150E+00
4399.92480  0.74859E+00
4399.93408  0.74640E+00
4399.94336  0.74536E+00
4399.95312  0.74541E+00
4399.96240  0.74583E+00
4399.97217  0.74632E+00
4399.98145  0.74794E+00
4399.99072  0.75158E+00
4400.00049  0.75606E+00
4400.00977  0.75924E+00
4400.01953  0.76051E+00
4400.02881  0.76096E+00
4400.03857  0.76179E+00
4400.04785  0.76304E+00
4400.05713  0.76392E+00
4400.06689  0.76419E+00
4400.07617  0.76435E+00
4400.08594  0.76489E+00
4400.09521  0.76581E+00
4400.10449  0.76606E+00
4400.11426  0.76494E+00
4400.12354  0.76355E+00
4400.13330  0.76249E+00
4400.14258  0.76136E+00
4400.15186  0.76082E+00
4400.16162  0.76192E+00
4400.17090  0.76426E+00
4400.18066  0.76610E+00
4400.18994  0.76582E+00
4400.19922  0.76393E+00
4400.20898  0.76239E+00
4400.21826  0.76163E+00
4400.22803  0.76116E+00
4400.23730  0.76144E+00
4400.24707  0.76231E+00
4400.25635  0.76241E+00
4400.26562  0.76201E+00
4400.27539  0.76269E+00
4400.28467  0.76436E+00
4400.29443  0.76557E+00
4400.30371  0.76559E+00
4400.31299  0.76491E+00
4400.32275  0.76426E+00
4400.33203  0.76379E+00
4400.34180  0.76374E+00
4400.35107  0.76490E+00
4400.36035  0.76666E+00
4400.37012  0.76779E+00
4400.37939  0.76968E+00
4400.38916  0.77358E+00
4400.39844  0.77774E+00
4400.40771  0.78051E+00
4400.41748  0.78142E+00
4400.42676  0.78124E+00
4400.43652  0.78053E+00
4400.44580  0.77738E+00
4400.45557  0.77258E+00
4400.46484  0.76924E+00
4400.47412  0.76641E+00
4400.48389  0.76236E+00
4400.49316  0.75776E+00
4400.50293  0.75357E+00
4400.51221  0.75053E+00
4400.52148  0.74870E+00
4400.53125  0.74960E+00
4400.54053  0.75755E+00
4400.55029  0.76927E+00
4400.55957  0.77710E+00
4400.56885  0.78345E+00
4400.57861  0.78733E+00
4400.58789  0.78611E+00
4400.59766  0.78769E+00
4400.60693  0.78941E+00
4400.61621  0.78466E+00
4400.62598  0.77949E+00
4400.63525  0.77626E+00
4400.64502  0.77304E+00
4400.65430  0.77113E+00
4400.66406  0.76968E+00
4400.67334  0.76745E+00
4400.68262  0.76625E+00
4400.69238  0.76636E+00
4400.70166  0.76595E+00
4400.71143  0.76523E+00
4400.72070  0.76545E+00
4400.72998  0.76629E+00
4400.73975  0.76686E+00
4400.74902  0.76656E+00
4400.75879  0.76498E+00
4400.76807  0.76239E+00
4400.77734  0.75967E+00
4400.78711  0.75752E+00
4400.79639  0.75656E+00
4400.80615  0.75715E+00
4400.81543  0.75876E+00
4400.82471  0.76035E+00
4400.83447  0.76167E+00
4400.84375  0.76350E+00
4400.85352  0.76633E+00
4400.86279  0.76923E+00
4400.87256  0.77064E+00
4400.88184  0.76985E+00
4400.89111  0.76751E+00
4400.90088  0.76467E+00
4400.91016  0.76204E+00
4400.91992  0.75999E+00
4400.92920  0.75791E+00
4400.93848  0.75497E+00
4400.94824  0.75195E+00
4400.95752  0.75043E+00
4400.96729  0.75117E+00
4400.97656  0.75422E+00
4400.98584  0.75863E+00
4400.99561  0.76219E+00
4401.00488  0.76317E+00
4401.01465  0.76205E+00
4401.02393  0.76061E+00
4401.03320  0.76036E+00
4401.04297  0.76157E+00
4401.05225  0.76311E+00
4401.06201  0.76395E+00
4401.07129  0.76452E+00
4401.08105  0.76538E+00
4401.09033  0.76582E+00
4401.09961  0.76546E+00
4401.10938  0.76466E+00
4401.11865  0.76345E+00
4401.12842  0.76192E+00
4401.13770  0.76087E+00
4401.14697  0.76045E+00
4401.15674  0.75968E+00
4401.16602  0.75806E+00
4401.17578  0.75587E+00
4401.18506  0.75338E+00
4401.19434  0.75118E+00
4401.20410  0.75018E+00
4401.21338  0.75007E+00
4401.22314  0.74934E+00
4401.23242  0.74730E+00
4401.24170  0.74526E+00
4401.25146  0.74496E+00
4401.26074  0.74657E+00
4401.27051  0.74898E+00
4401.27979  0.75150E+00
4401.28955  0.75378E+00
4401.29883  0.75506E+00
4401.30811  0.75467E+00
4401.31787  0.75309E+00
4401.32715  0.75169E+00
4401.33691  0.75090E+00
4401.34619  0.75007E+00
4401.35547  0.74938E+00
4401.36523  0.74962E+00
4401.37451  0.75054E+00
4401.38428  0.75156E+00
4401.39355  0.75269E+00
4401.40283  0.75364E+00
4401.41260  0.75388E+00
4401.42188  0.75355E+00
4401.43164  0.75299E+00
4401.44092  0.75232E+00
4401.45020  0.75199E+00
4401.45996  0.75231E+00
4401.46924  0.75277E+00
4401.47900  0.75302E+00
4401.48828  0.75350E+00
4401.49805  0.75438E+00
4401.50732  0.75540E+00
4401.51660  0.75652E+00
4401.52637  0.75755E+00
4401.53564  0.75807E+00
4401.54541  0.75843E+00
4401.55469  0.75918E+00
4401.56396  0.75943E+00
4401.57373  0.75822E+00
4401.58301  0.75671E+00
4401.59277  0.75648E+00
4401.60205  0.75685E+00
4401.61133  0.75626E+00
4401.62109  0.75489E+00
4401.63037  0.75410E+00
4401.64014  0.75419E+00
4401.64941  0.75433E+00
4401.65918  0.75437E+00
4401.66846  0.75516E+00
4401.67773  0.75656E+00
4401.68750  0.75707E+00
4401.69678  0.75647E+00
4401.70654  0.75662E+00
4401.71582  0.75838E+00
4401.72510  0.75999E+00
4401.73486  0.76014E+00
4401.74414  0.76020E+00
4401.75391  0.76163E+00
4401.76318  0.76368E+00
4401.77246  0.76507E+00
4401.78223  0.76569E+00
4401.79150  0.76538E+00
4401.80127  0.76362E+00
4401.81055  0.76135E+00
4401.81982  0.76041E+00
4401.82959  0.76063E+00
4401.83887  0.76008E+00
4401.84863  0.75830E+00
4401.85791  0.75669E+00
4401.86768  0.75576E+00
4401.87695  0.75458E+00
4401.88623  0.75311E+00
4401.89600  0.75246E+00
4401.90527  0.75277E+00
4401.91504  0.75277E+00
4401.92432  0.75202E+00
4401.93359  0.75174E+00
4401.94336  0.75288E+00
4401.95264  0.75469E+00
4401.96240  0.75580E+00
4401.97168  0.75566E+00
4401.98096  0.75501E+00
4401.99072  0.75501E+00
4402.00000  0.75586E+00
