            0.80561E+00
            0.00000E+00
4598.00586  0.78660E+00
4598.01562  0.79152E+00
4598.02490  0.79386E+00
4598.03418  0.79263E+00
4598.04395  0.78991E+00
4598.05322  0.78808E+00
4598.06299  0.78704E+00
4598.07227  0.78601E+00
4598.08154  0.78594E+00
4598.09131  0.78765E+00
4598.10059  0.78962E+00
4598.11035  0.79022E+00
4598.11963  0.79007E+00
4598.12939  0.79060E+00
4598.13867  0.79209E+00
4598.14795  0.79407E+00
4598.15771  0.79608E+00
4598.16699  0.79773E+00
4598.17676  0.79851E+00
4598.18604  0.79771E+00
4598.19531  0.79518E+00
4598.20508  0.79211E+00
4598.21436  0.78991E+00
4598.22412  0.78876E+00
4598.23340  0.78854E+00
4598.24268  0.78974E+00
4598.25244  0.79229E+00
4598.26172  0.79491E+00
4598.27148  0.79645E+00
4598.28076  0.79690E+00
4598.29004  0.79702E+00
4598.29980  0.79749E+00
4598.30908  0.79832E+00
4598.31885  0.79915E+00
4598.32812  0.79970E+00
4598.33789  0.79944E+00
4598.34717  0.79752E+00
4598.35645  0.79350E+00
4598.36621  0.78758E+00
4598.37549  0.78044E+00
4598.38525  0.77382E+00
4598.39453  0.76995E+00
4598.40381  0.76951E+00
4598.41357  0.77132E+00
4598.42285  0.77453E+00
4598.43262  0.77909E+00
4598.44189  0.78419E+00
4598.45117  0.78836E+00
4598.46094  0.79105E+00
4598.47021  0.79215E+00
4598.47998  0.79109E+00
4598.48926  0.78841E+00
4598.49854  0.78636E+00
4598.50830  0.78608E+00
4598.51758  0.78667E+00
4598.52734  0.78793E+00
4598.53662  0.79047E+00
4598.54639  0.79353E+00
4598.55566  0.79615E+00
4598.56494  0.79899E+00
4598.57471  0.80233E+00
4598.58398  0.80531E+00
4598.59375  0.80806E+00
4598.60303  0.81052E+00
4598.61230  0.81053E+00
4598.62207  0.80750E+00
4598.63135  0.80438E+00
4598.64111  0.80244E+00
4598.65039  0.80044E+00
4598.65967  0.80093E+00
4598.66943  0.80753E+00
4598.67871  0.81458E+00
4598.68848  0.81256E+00
4598.69775 -0.10000E+01
4598.70703 -0.10000E+01
4598.71680 -0.10000E+01
4598.72607 -0.10000E+01
4598.73584 -0.10000E+01
4598.74512 -0.10000E+01
4598.75488  0.80514E+00
4598.76416  0.80508E+00
4598.77344  0.80608E+00
4598.78320  0.80407E+00
4598.79248  0.79914E+00
4598.80225  0.79598E+00
4598.81152  0.79570E+00
4598.82080  0.79559E+00
4598.83057  0.79521E+00
4598.83984  0.79675E+00
4598.84961  0.80076E+00
4598.85889  0.80539E+00
4598.86816  0.80872E+00
4598.87793  0.80947E+00
4598.88721  0.80686E+00
4598.89697  0.80146E+00
4598.90625  0.79517E+00
4598.91553  0.78950E+00
4598.92529  0.78506E+00
4598.93457  0.78219E+00
4598.94434  0.78130E+00
4598.95361  0.78274E+00
4598.96338  0.78642E+00
4598.97266  0.79106E+00
4598.98193  0.79465E+00
4598.99170  0.79589E+00
4599.00098  0.79454E+00
4599.01074  0.79063E+00
4599.02002  0.78461E+00
4599.02930  0.77772E+00
4599.03906  0.77149E+00
4599.04834  0.76742E+00
4599.05811  0.76717E+00
4599.06738  0.77116E+00
4599.07666  0.77731E+00
4599.08643  0.78279E+00
4599.09570  0.78580E+00
4599.10547  0.78530E+00
4599.11475  0.78119E+00
4599.12402  0.77545E+00
4599.13379  0.77072E+00
4599.14307  0.76754E+00
4599.15283  0.76499E+00
4599.16211  0.76269E+00
4599.17188  0.76064E+00
4599.18115  0.75900E+00
4599.19043  0.75928E+00
4599.20020  0.76340E+00
4599.20947  0.77027E+00
4599.21924  0.77596E+00
4599.22852  0.77792E+00
4599.23779  0.77662E+00
4599.24756  0.77247E+00
4599.25684  0.76432E+00
4599.26660  0.75227E+00
4599.27588  0.73935E+00
4599.28516  0.72960E+00
4599.29492  0.72607E+00
4599.30420  0.72963E+00
4599.31396  0.73727E+00
4599.32324  0.74369E+00
4599.33252  0.74653E+00
4599.34229  0.74789E+00
4599.35156  0.75072E+00
4599.36133  0.75642E+00
4599.37061  0.76453E+00
4599.38037  0.77216E+00
4599.38965  0.77610E+00
4599.39893  0.77659E+00
4599.40869  0.77654E+00
4599.41797  0.77799E+00
4599.42773  0.78133E+00
4599.43701  0.78578E+00
4599.44629  0.78900E+00
4599.45605  0.78918E+00
4599.46533  0.78733E+00
4599.47510  0.78500E+00
4599.48438  0.78149E+00
4599.49365  0.77603E+00
4599.50342  0.77051E+00
4599.51270  0.76781E+00
4599.52246  0.76889E+00
4599.53174  0.77261E+00
4599.54102  0.77733E+00
4599.55078  0.78160E+00
4599.56006  0.78415E+00
4599.56982  0.78417E+00
4599.57910  0.78208E+00
4599.58887  0.77941E+00
4599.59814  0.77716E+00
4599.60742  0.77502E+00
4599.61719  0.77266E+00
4599.62646  0.77052E+00
4599.63623  0.76881E+00
4599.64551  0.76725E+00
4599.65479  0.76633E+00
4599.66455  0.76724E+00
4599.67383  0.76994E+00
4599.68359  0.77320E+00
4599.69287  0.77655E+00
4599.70215  0.78026E+00
4599.71191  0.78365E+00
4599.72119  0.78556E+00
4599.73096  0.78630E+00
4599.74023  0.78716E+00
4599.74951  0.78837E+00
4599.75928  0.78911E+00
4599.76855  0.78915E+00
4599.77832  0.78885E+00
4599.78760  0.78803E+00
4599.79736  0.78649E+00
4599.80664  0.78496E+00
4599.81592  0.78405E+00
4599.82568  0.78308E+00
4599.83496  0.78131E+00
4599.84473  0.77947E+00
4599.85400  0.77865E+00
4599.86328  0.77897E+00
4599.87305  0.78000E+00
4599.88232  0.78129E+00
4599.89209  0.78206E+00
4599.90137  0.78180E+00
4599.91064  0.78089E+00
4599.92041  0.77990E+00
4599.92969  0.77948E+00
4599.93945  0.78068E+00
4599.94873  0.78342E+00
4599.95801  0.78581E+00
4599.96777  0.78667E+00
4599.97705  0.78715E+00
4599.98682  0.78813E+00
4599.99609  0.78878E+00
4600.00586  0.78862E+00
4600.01514  0.78795E+00
4600.02441  0.78635E+00
4600.03418  0.78372E+00
4600.04346  0.78158E+00
4600.05322  0.78100E+00
4600.06250  0.78158E+00
4600.07178  0.78370E+00
4600.08154  0.78756E+00
4600.09082  0.79067E+00
4600.10059  0.79101E+00
4600.10986  0.79012E+00
4600.11914  0.78891E+00
4600.12891  0.78616E+00
4600.13818  0.78253E+00
4600.14795  0.77985E+00
4600.15723  0.77802E+00
4600.16650  0.77707E+00
4600.17627  0.77856E+00
4600.18555  0.78256E+00
4600.19531  0.78651E+00
4600.20459  0.78835E+00
4600.21436  0.78820E+00
4600.22363  0.78648E+00
4600.23291  0.78226E+00
4600.24268  0.77481E+00
4600.25195  0.76524E+00
4600.26172  0.75564E+00
4600.27100  0.74760E+00
4600.28027  0.74285E+00
4600.29004  0.74313E+00
4600.29932  0.74799E+00
4600.30908  0.75446E+00
4600.31836  0.75991E+00
4600.32764  0.76382E+00
4600.33740  0.76648E+00
4600.34668  0.76783E+00
4600.35645  0.76772E+00
4600.36572  0.76598E+00
4600.37500  0.76245E+00
4600.38477  0.75745E+00
4600.39404  0.75198E+00
4600.40381  0.74749E+00
4600.41309  0.74541E+00
4600.42285  0.74597E+00
4600.43213  0.74819E+00
4600.44141  0.75121E+00
4600.45117  0.75475E+00
4600.46045  0.75816E+00
4600.47021  0.76104E+00
4600.47949  0.76412E+00
4600.48877  0.76794E+00
4600.49854  0.77135E+00
4600.50781  0.77275E+00
4600.51758  0.77134E+00
4600.52686  0.76728E+00
4600.53613  0.76235E+00
4600.54590  0.75924E+00
4600.55518  0.75911E+00
4600.56494  0.76123E+00
4600.57422  0.76516E+00
4600.58350  0.77065E+00
4600.59326  0.77630E+00
4600.60254  0.78070E+00
4600.61230  0.78379E+00
4600.62158  0.78584E+00
4600.63135  0.78687E+00
4600.64062  0.78752E+00
4600.64990  0.78842E+00
4600.65967  0.78900E+00
4600.66895  0.78852E+00
4600.67871  0.78724E+00
4600.68799  0.78547E+00
4600.69727  0.78295E+00
4600.70703  0.77963E+00
4600.71631  0.77613E+00
4600.72607  0.77326E+00
4600.73535  0.77133E+00
4600.74463  0.76970E+00
4600.75439  0.76736E+00
4600.76367  0.76387E+00
4600.77344  0.75959E+00
4600.78271  0.75574E+00
4600.79199  0.75414E+00
4600.80176  0.75546E+00
4600.81104  0.75833E+00
4600.82080  0.76157E+00
4600.83008  0.76575E+00
4600.83984  0.77134E+00
4600.84912  0.77742E+00
4600.85840  0.78284E+00
4600.86816  0.78673E+00
4600.87744  0.78848E+00
4600.88721  0.78816E+00
4600.89648  0.78644E+00
4600.90576  0.78390E+00
4600.91553  0.78149E+00
4600.92480  0.78004E+00
4600.93457  0.77893E+00
4600.94385  0.77695E+00
4600.95312  0.77457E+00
4600.96289  0.77344E+00
4600.97217  0.77438E+00
4600.98193  0.77695E+00
4600.99121  0.77997E+00
4601.00049  0.78241E+00
4601.01025  0.78401E+00
4601.01953  0.78442E+00
4601.02930  0.78253E+00
4601.03857  0.77835E+00
4601.04834  0.77376E+00
4601.05762  0.77025E+00
4601.06689  0.76782E+00
4601.07666  0.76687E+00
4601.08594  0.76822E+00
4601.09570  0.77115E+00
4601.10498  0.77401E+00
4601.11426  0.77626E+00
4601.12402  0.77836E+00
4601.13330  0.78017E+00
4601.14307  0.78089E+00
4601.15234  0.78003E+00
4601.16162  0.77768E+00
4601.17139  0.77460E+00
4601.18066  0.77211E+00
4601.19043  0.77129E+00
4601.19971  0.77214E+00
4601.20898  0.77373E+00
4601.21875  0.77530E+00
4601.22803  0.77683E+00
4601.23779  0.77867E+00
4601.24707  0.78043E+00
4601.25684  0.78087E+00
4601.26611  0.77922E+00
4601.27539  0.77630E+00
4601.28516  0.77376E+00
4601.29443  0.77308E+00
4601.30420  0.77539E+00
4601.31348  0.78073E+00
4601.32275  0.78720E+00
4601.33252  0.79208E+00
4601.34180  0.79429E+00
4601.35156  0.79438E+00
4601.36084  0.79286E+00
4601.37012  0.78965E+00
4601.37988  0.78509E+00
4601.38916  0.78061E+00
4601.39893  0.77764E+00
4601.40820  0.77632E+00
4601.41748  0.77585E+00
4601.42725  0.77586E+00
4601.43652  0.77621E+00
4601.44629  0.77640E+00
4601.45557  0.77634E+00
4601.46533  0.77667E+00
4601.47461  0.77777E+00
4601.48389  0.77977E+00
4601.49365  0.78299E+00
4601.50293  0.78689E+00
4601.51270  0.78983E+00
4601.52197  0.79105E+00
4601.53125  0.79107E+00
4601.54102  0.79027E+00
4601.55029  0.78853E+00
4601.56006  0.78590E+00
4601.56934  0.78243E+00
4601.57861  0.77792E+00
4601.58838  0.77276E+00
4601.59766  0.76814E+00
4601.60742  0.76535E+00
4601.61670  0.76510E+00
4601.62598  0.76702E+00
4601.63574  0.76982E+00
4601.64502  0.77238E+00
4601.65479  0.77413E+00
4601.66406  0.77442E+00
4601.67383  0.77241E+00
4601.68311  0.76772E+00
4601.69238  0.76085E+00
4601.70215  0.75367E+00
4601.71143  0.74945E+00
4601.72119  0.75087E+00
4601.73047  0.75751E+00
4601.73975  0.76623E+00
4601.74951  0.77377E+00
4601.75879  0.77816E+00
4601.76855  0.77915E+00
4601.77783  0.77864E+00
4601.78711  0.77932E+00
4601.79688  0.78205E+00
4601.80615  0.78573E+00
4601.81592  0.78922E+00
4601.82520  0.79197E+00
4601.83447  0.79365E+00
4601.84424  0.79441E+00
4601.85352  0.79465E+00
4601.86328  0.79468E+00
4601.87256  0.79503E+00
4601.88232  0.79579E+00
4601.89160  0.79559E+00
4601.90088  0.79317E+00
4601.91064  0.78909E+00
4601.91992  0.78467E+00
4601.92969  0.78063E+00
4601.93896  0.77765E+00
4601.94824  0.77628E+00
4601.95801  0.77649E+00
4601.96729  0.77830E+00
4601.97705  0.78169E+00
4601.98633  0.78592E+00
4601.99561  0.79012E+00
4602.00537  0.79416E+00
4602.01465  0.79755E+00
4602.02441  0.79915E+00
4602.03369  0.79895E+00
4602.04297  0.79851E+00
4602.05273  0.79817E+00
4602.06201  0.79576E+00
4602.07178  0.78980E+00
4602.08105  0.78169E+00
4602.09082  0.77353E+00
4602.10010  0.76646E+00
4602.10938  0.76188E+00
4602.11914  0.76120E+00
4602.12842  0.76404E+00
4602.13818  0.76881E+00
4602.14746  0.77410E+00
4602.15674  0.77903E+00
4602.16650  0.78378E+00
4602.17578  0.78843E+00
4602.18555  0.79139E+00
4602.19482  0.79204E+00
4602.20410  0.79260E+00
4602.21387  0.79393E+00
4602.22314  0.79402E+00
4602.23291  0.79200E+00
4602.24219  0.78888E+00
4602.25195  0.78437E+00
4602.26123  0.77665E+00
4602.27051  0.76632E+00
4602.28027  0.75726E+00
4602.28955  0.75184E+00
4602.29932  0.74892E+00
4602.30859  0.74671E+00
4602.31787  0.74427E+00
4602.32764  0.74175E+00
4602.33691  0.74086E+00
4602.34668  0.74396E+00
4602.35596  0.75199E+00
4602.36523  0.76357E+00
4602.37500  0.77576E+00
4602.38428  0.78586E+00
4602.39404  0.79201E+00
4602.40332  0.79294E+00
4602.41260  0.78902E+00
4602.42236  0.78312E+00
4602.43164  0.77869E+00
4602.44141  0.77733E+00
4602.45068  0.77859E+00
4602.46045  0.78086E+00
4602.46973  0.78258E+00
4602.47900  0.78310E+00
4602.48877  0.78212E+00
4602.49805  0.77949E+00
4602.50781  0.77557E+00
4602.51709  0.77105E+00
4602.52637  0.76671E+00
4602.53613  0.76412E+00
4602.54541  0.76474E+00
4602.55518  0.76794E+00
4602.56445  0.77184E+00
4602.57373  0.77512E+00
4602.58350  0.77675E+00
4602.59277  0.77627E+00
4602.60254  0.77545E+00
4602.61182  0.77746E+00
4602.62109  0.78372E+00
4602.63086  0.79209E+00
4602.64014  0.79870E+00
4602.64990  0.80155E+00
4602.65918  0.80150E+00
4602.66895  0.80086E+00
4602.67822  0.80134E+00
4602.68750  0.80300E+00
4602.69727  0.80533E+00
4602.70654  0.80780E+00
4602.71631  0.80955E+00
4602.72559  0.81006E+00
4602.73486  0.80916E+00
4602.74463  0.80687E+00
4602.75391  0.80364E+00
4602.76367  0.80072E+00
4602.77295  0.79951E+00
4602.78223  0.79978E+00
4602.79199  0.80092E+00
4602.80127  0.80356E+00
4602.81104  0.80643E+00
4602.82031  0.80703E+00
4602.82959  0.80574E+00
4602.83936  0.80318E+00
4602.84863  0.79881E+00
4602.85840  0.79487E+00
4602.86768  0.79387E+00
4602.87744  0.79478E+00
4602.88672  0.79483E+00
4602.89600  0.79243E+00
4602.90576  0.78942E+00
4602.91504  0.78772E+00
4602.92480  0.78548E+00
4602.93408  0.78091E+00
4602.94336  0.77507E+00
4602.95312  0.76971E+00
4602.96240  0.76577E+00
4602.97217  0.76350E+00
4602.98145  0.76283E+00
4602.99072  0.76372E+00
4603.00049  0.76551E+00
4603.00977  0.76696E+00
4603.01953  0.76772E+00
4603.02881  0.76811E+00
4603.03809  0.76787E+00
4603.04785  0.76679E+00
4603.05713  0.76544E+00
4603.06689  0.76428E+00
4603.07617  0.76318E+00
4603.08594  0.76239E+00
4603.09521  0.76282E+00
4603.10449  0.76494E+00
4603.11426  0.76801E+00
4603.12354  0.77061E+00
4603.13330  0.77222E+00
4603.14258  0.77337E+00
4603.15186  0.77423E+00
4603.16162  0.77416E+00
4603.17090  0.77306E+00
4603.18066  0.77186E+00
4603.18994  0.77115E+00
4603.19922  0.77055E+00
4603.20898  0.77004E+00
4603.21826  0.77074E+00
4603.22803  0.77305E+00
4603.23730  0.77572E+00
4603.24658  0.77812E+00
4603.25635  0.78089E+00
4603.26562  0.78352E+00
4603.27539  0.78453E+00
4603.28467  0.78386E+00
4603.29443  0.78237E+00
4603.30371  0.78033E+00
4603.31299  0.77823E+00
4603.32275  0.77680E+00
4603.33203  0.77602E+00
4603.34180  0.77591E+00
4603.35107  0.77706E+00
4603.36035  0.77898E+00
4603.37012  0.78030E+00
4603.37939  0.78087E+00
4603.38916  0.78111E+00
4603.39844  0.78032E+00
4603.40771  0.77802E+00
4603.41748  0.77502E+00
4603.42676  0.77205E+00
4603.43652  0.76926E+00
4603.44580  0.76736E+00
4603.45508  0.76763E+00
4603.46484  0.77060E+00
4603.47412  0.77555E+00
4603.48389  0.78113E+00
4603.49316  0.78605E+00
4603.50293  0.78958E+00
4603.51221  0.79155E+00
4603.52148  0.79214E+00
4603.53125  0.79170E+00
4603.54053  0.79084E+00
4603.55029  0.79041E+00
4603.55957  0.79061E+00
4603.56885  0.79049E+00
4603.57861  0.78891E+00
4603.58789  0.78572E+00
4603.59766  0.78145E+00
4603.60693  0.77678E+00
4603.61621  0.77272E+00
4603.62598  0.77023E+00
4603.63525  0.76931E+00
4603.64502  0.76966E+00
4603.65430  0.77190E+00
4603.66357  0.77651E+00
4603.67334  0.78247E+00
4603.68262  0.78785E+00
4603.69238  0.79095E+00
4603.70166  0.79082E+00
4603.71143  0.78784E+00
4603.72070  0.78346E+00
4603.72998  0.77909E+00
4603.73975  0.77613E+00
4603.74902  0.77601E+00
4603.75879  0.77870E+00
4603.76807  0.78236E+00
4603.77734  0.78532E+00
4603.78711  0.78687E+00
4603.79639  0.78598E+00
4603.80615  0.78188E+00
4603.81543  0.77578E+00
4603.82471  0.77003E+00
4603.83447  0.76622E+00
4603.84375  0.76561E+00
4603.85352  0.76901E+00
4603.86279  0.77517E+00
4603.87207  0.78116E+00
4603.88184  0.78497E+00
4603.89111  0.78637E+00
4603.90088  0.78569E+00
4603.91016  0.78316E+00
4603.91992  0.77966E+00
4603.92920  0.77719E+00
4603.93848  0.77748E+00
4603.94824  0.78000E+00
4603.95752  0.78256E+00
4603.96729  0.78362E+00
4603.97656  0.78299E+00
4603.98584  0.78105E+00
4603.99561  0.77869E+00
4604.00488  0.77688E+00
4604.01465  0.77523E+00
4604.02393  0.77266E+00
4604.03320  0.76935E+00
4604.04297  0.76669E+00
4604.05225  0.76597E+00
4604.06201  0.76795E+00
4604.07129  0.77212E+00
4604.08057  0.77653E+00
4604.09033  0.77981E+00
4604.09961  0.78259E+00
4604.10938  0.78532E+00
4604.11865  0.78664E+00
4604.12842  0.78529E+00
4604.13770  0.78159E+00
4604.14697  0.77683E+00
4604.15674  0.77288E+00
4604.16602  0.77156E+00
4604.17578  0.77255E+00
4604.18506  0.77335E+00
4604.19434  0.77225E+00
4604.20410  0.76991E+00
4604.21338  0.76752E+00
4604.22314  0.76555E+00
4604.23242  0.76447E+00
4604.24170  0.76504E+00
4604.25146  0.76747E+00
4604.26074  0.77119E+00
4604.27051  0.77566E+00
4604.27979  0.78076E+00
4604.28906  0.78615E+00
4604.29883  0.79038E+00
4604.30811  0.79143E+00
4604.31787  0.78912E+00
4604.32715  0.78582E+00
4604.33691  0.78393E+00
4604.34619  0.78380E+00
4604.35547  0.78478E+00
4604.36523  0.78654E+00
4604.37451  0.78851E+00
4604.38428  0.78980E+00
4604.39355  0.79019E+00
4604.40283  0.79002E+00
4604.41260  0.78942E+00
4604.42188  0.78846E+00
4604.43164  0.78718E+00
4604.44092  0.78535E+00
4604.45020  0.78311E+00
4604.45996  0.78110E+00
4604.46924  0.77942E+00
4604.47900  0.77803E+00
4604.48828  0.77793E+00
4604.49756  0.77996E+00
4604.50732  0.78330E+00
4604.51660  0.78665E+00
4604.52637  0.78979E+00
4604.53564  0.79247E+00
4604.54541  0.79384E+00
4604.55469  0.79382E+00
4604.56396  0.79351E+00
4604.57373  0.79360E+00
4604.58301  0.79368E+00
4604.59277  0.79306E+00
4604.60205  0.79144E+00
4604.61133  0.78916E+00
4604.62109  0.78688E+00
4604.63037  0.78478E+00
4604.64014  0.78268E+00
4604.64941  0.78091E+00
4604.65869  0.78015E+00
4604.66846  0.78060E+00
4604.67773  0.78167E+00
4604.68750  0.78250E+00
4604.69678  0.78274E+00
4604.70605  0.78301E+00
4604.71582  0.78429E+00
4604.72510  0.78668E+00
4604.73486  0.78903E+00
4604.74414  0.79009E+00
4604.75391  0.78935E+00
4604.76318  0.78669E+00
4604.77246  0.78223E+00
4604.78223  0.77673E+00
4604.79150  0.77209E+00
4604.80127  0.77033E+00
4604.81055  0.77211E+00
4604.81982  0.77649E+00
4604.82959  0.78182E+00
4604.83887  0.78602E+00
4604.84863  0.78731E+00
4604.85791  0.78536E+00
4604.86719  0.78025E+00
4604.87695  0.77085E+00
4604.88623  0.75669E+00
4604.89600  0.74073E+00
4604.90527  0.72797E+00
4604.91455  0.72233E+00
4604.92432  0.72541E+00
4604.93359  0.73560E+00
4604.94336  0.74822E+00
4604.95264  0.75921E+00
4604.96240  0.76764E+00
4604.97168  0.77336E+00
4604.98096  0.77541E+00
4604.99072  0.77463E+00
4605.00000  0.77388E+00
4605.00977  0.77460E+00
4605.01904  0.77652E+00
4605.02832  0.77993E+00
4605.03809  0.78459E+00
4605.04736  0.78815E+00
4605.05713  0.78902E+00
4605.06641  0.78856E+00
4605.07568  0.78820E+00
4605.08545  0.78769E+00
4605.09473  0.78664E+00
4605.10449  0.78520E+00
4605.11377  0.78355E+00
4605.12305  0.78247E+00
4605.13281  0.78285E+00
4605.14209  0.78383E+00
4605.15186  0.78354E+00
4605.16113  0.78127E+00
4605.17090  0.77748E+00
4605.18018  0.77259E+00
4605.18945  0.76666E+00
4605.19922  0.75928E+00
4605.20850  0.75052E+00
4605.21826  0.74276E+00
4605.22754  0.73988E+00
4605.23682  0.74402E+00
4605.24658  0.75378E+00
4605.25586  0.76475E+00
4605.26562  0.77214E+00
4605.27490  0.77451E+00
4605.28418  0.77442E+00
4605.29395  0.77462E+00
4605.30322  0.77584E+00
4605.31299  0.77836E+00
4605.32227  0.78217E+00
4605.33154  0.78565E+00
4605.34131  0.78701E+00
4605.35059  0.78657E+00
4605.36035  0.78618E+00
4605.36963  0.78696E+00
4605.37939  0.78872E+00
4605.38867  0.79062E+00
4605.39795  0.79197E+00
4605.40771  0.79233E+00
4605.41699  0.79142E+00
4605.42676  0.78948E+00
4605.43604  0.78688E+00
4605.44531  0.78334E+00
4605.45508  0.77837E+00
4605.46436  0.77230E+00
4605.47412  0.76610E+00
4605.48340  0.76085E+00
4605.49268  0.75764E+00
4605.50244  0.75681E+00
4605.51172  0.75756E+00
4605.52148  0.75936E+00
4605.53076  0.76232E+00
4605.54004  0.76603E+00
4605.54980  0.77000E+00
4605.55908  0.77421E+00
4605.56885  0.77753E+00
4605.57812  0.77819E+00
4605.58789  0.77710E+00
4605.59717  0.77720E+00
4605.60645  0.77913E+00
4605.61621  0.78112E+00
4605.62549  0.78279E+00
4605.63525  0.78526E+00
4605.64453  0.78804E+00
4605.65381  0.78922E+00
4605.66357  0.78794E+00
4605.67285  0.78507E+00
4605.68262  0.78194E+00
4605.69189  0.77957E+00
4605.70117  0.77877E+00
4605.71094  0.77973E+00
4605.72021  0.78144E+00
4605.72998  0.78275E+00
4605.73926  0.78369E+00
4605.74854  0.78468E+00
4605.75830  0.78529E+00
4605.76758  0.78537E+00
4605.77734  0.78565E+00
4605.78662  0.78635E+00
4605.79639  0.78662E+00
4605.80566  0.78607E+00
4605.81494  0.78564E+00
4605.82471  0.78637E+00
4605.83398  0.78807E+00
4605.84375  0.78945E+00
4605.85303  0.78970E+00
4605.86230  0.78929E+00
4605.87207  0.78898E+00
4605.88135  0.78869E+00
4605.89111  0.78806E+00
4605.90039  0.78678E+00
4605.90967  0.78448E+00
4605.91943  0.78197E+00
4605.92871  0.78115E+00
4605.93848  0.78237E+00
4605.94775  0.78379E+00
4605.95703  0.78425E+00
4605.96680  0.78449E+00
4605.97607  0.78506E+00
4605.98584  0.78567E+00
4605.99512  0.78634E+00
4606.00488  0.78678E+00
4606.01416  0.78552E+00
4606.02344  0.78135E+00
4606.03320  0.77488E+00
4606.04248  0.76738E+00
4606.05225  0.75980E+00
4606.06152  0.75352E+00
4606.07080  0.75034E+00
4606.08057  0.75115E+00
4606.08984  0.75571E+00
4606.09961  0.76302E+00
4606.10889  0.77112E+00
4606.11816  0.77739E+00
4606.12793  0.78046E+00
4606.13721  0.78089E+00
4606.14697  0.77978E+00
4606.15625  0.77829E+00
4606.16553  0.77768E+00
4606.17529  0.77867E+00
4606.18457  0.78070E+00
4606.19434  0.78269E+00
4606.20361  0.78399E+00
4606.21338  0.78454E+00
4606.22266  0.78421E+00
4606.23193  0.78282E+00
4606.24170  0.78123E+00
4606.25098  0.78121E+00
4606.26074  0.78328E+00
4606.27002  0.78587E+00
4606.27930  0.78741E+00
4606.28906  0.78769E+00
4606.29834  0.78679E+00
4606.30811  0.78442E+00
4606.31738  0.78071E+00
4606.32666  0.77610E+00
4606.33643  0.77081E+00
4606.34570  0.76496E+00
4606.35547  0.75883E+00
4606.36475  0.75307E+00
4606.37402  0.74945E+00
4606.38379  0.74999E+00
4606.39307  0.75470E+00
4606.40283  0.76104E+00
4606.41211  0.76620E+00
4606.42188  0.76929E+00
4606.43115  0.77108E+00
4606.44043  0.77249E+00
4606.45020  0.77380E+00
4606.45947  0.77518E+00
4606.46924  0.77703E+00
4606.47852  0.77937E+00
4606.48779  0.78158E+00
4606.49756  0.78340E+00
4606.50684  0.78520E+00
4606.51660  0.78666E+00
4606.52588  0.78642E+00
4606.53516  0.78386E+00
4606.54492  0.78015E+00
4606.55420  0.77725E+00
4606.56396  0.77646E+00
4606.57324  0.77840E+00
4606.58252  0.78277E+00
4606.59229  0.78741E+00
4606.60156  0.78907E+00
4606.61133  0.78621E+00
4606.62061  0.77944E+00
4606.63037  0.76955E+00
4606.63965  0.75715E+00
4606.64893  0.74447E+00
4606.65869  0.73522E+00
4606.66797  0.73230E+00
4606.67773  0.73622E+00
4606.68701  0.74495E+00
4606.69629  0.75451E+00
4606.70605  0.76099E+00
4606.71533  0.76268E+00
4606.72510  0.76031E+00
4606.73438  0.75557E+00
4606.74365  0.74961E+00
4606.75342  0.74316E+00
4606.76270  0.73730E+00
4606.77246  0.73362E+00
4606.78174  0.73374E+00
4606.79102  0.73844E+00
4606.80078  0.74678E+00
4606.81006  0.75654E+00
4606.81982  0.76586E+00
4606.82910  0.77384E+00
4606.83887  0.77966E+00
4606.84814  0.78267E+00
4606.85742  0.78326E+00
4606.86719  0.78198E+00
4606.87646  0.77786E+00
4606.88623  0.77018E+00
4606.89551  0.76095E+00
4606.90479  0.75331E+00
4606.91455  0.74862E+00
4606.92383  0.74713E+00
4606.93359  0.74957E+00
4606.94287  0.75602E+00
4606.95215  0.76457E+00
4606.96191  0.77259E+00
4606.97119  0.77859E+00
4606.98096  0.78255E+00
4606.99023  0.78525E+00
4606.99951  0.78734E+00
4607.00928  0.78883E+00
4607.01855  0.78923E+00
4607.02832  0.78802E+00
4607.03760  0.78506E+00
4607.04736  0.78110E+00
4607.05664  0.77726E+00
4607.06592  0.77419E+00
4607.07568  0.77249E+00
4607.08496  0.77330E+00
4607.09473  0.77679E+00
4607.10400  0.78076E+00
4607.11328  0.78282E+00
4607.12305  0.78293E+00
4607.13232  0.78236E+00
4607.14209  0.78117E+00
4607.15137  0.77849E+00
4607.16064  0.77488E+00
4607.17041  0.77277E+00
4607.17969  0.77379E+00
4607.18945  0.77698E+00
4607.19873  0.78022E+00
4607.20801  0.78217E+00
4607.21777  0.78228E+00
4607.22705  0.78021E+00
4607.23682  0.77607E+00
4607.24609  0.77088E+00
4607.25586  0.76619E+00
4607.26514  0.76322E+00
4607.27441  0.76212E+00
4607.28418  0.76244E+00
4607.29346  0.76431E+00
4607.30322  0.76803E+00
4607.31250  0.77238E+00
4607.32178  0.77520E+00
4607.33154  0.77565E+00
4607.34082  0.77483E+00
4607.35059  0.77408E+00
4607.35986  0.77381E+00
4607.36914  0.77361E+00
4607.37891  0.77275E+00
4607.38818  0.77086E+00
4607.39795  0.76801E+00
4607.40723  0.76431E+00
4607.41650  0.76041E+00
4607.42627  0.75833E+00
4607.43555  0.75998E+00
4607.44531  0.76443E+00
4607.45459  0.76854E+00
4607.46436  0.77061E+00
4607.47363  0.77144E+00
4607.48291  0.77227E+00
4607.49268  0.77348E+00
4607.50195  0.77526E+00
4607.51172  0.77784E+00
4607.52100  0.78130E+00
4607.53027  0.78525E+00
4607.54004  0.78851E+00
4607.54932  0.79004E+00
4607.55908  0.79043E+00
4607.56836  0.79078E+00
4607.57764  0.79075E+00
4607.58740  0.78955E+00
4607.59668  0.78778E+00
4607.60645  0.78671E+00
4607.61572  0.78664E+00
4607.62500  0.78685E+00
4607.63477  0.78658E+00
4607.64404  0.78550E+00
4607.65381  0.78409E+00
4607.66309  0.78321E+00
4607.67285  0.78308E+00
4607.68213  0.78347E+00
4607.69141  0.78457E+00
4607.70117  0.78649E+00
4607.71045  0.78835E+00
4607.72021  0.78900E+00
4607.72949  0.78767E+00
4607.73877  0.78398E+00
4607.74854  0.77843E+00
4607.75781  0.77280E+00
4607.76758  0.76903E+00
4607.77686  0.76790E+00
4607.78613  0.76889E+00
4607.79590  0.77084E+00
4607.80518  0.77274E+00
4607.81494  0.77389E+00
4607.82422  0.77383E+00
4607.83350  0.77250E+00
4607.84326  0.77065E+00
4607.85254  0.76943E+00
4607.86230  0.76964E+00
4607.87158  0.77186E+00
4607.88135  0.77639E+00
4607.89062  0.78210E+00
4607.89990  0.78650E+00
4607.90967  0.78779E+00
4607.91895  0.78573E+00
4607.92871  0.78086E+00
4607.93799  0.77434E+00
4607.94727  0.76838E+00
4607.95703  0.76531E+00
4607.96631  0.76600E+00
4607.97607  0.76954E+00
4607.98535  0.77407E+00
4607.99463  0.77822E+00
4608.00439  0.78149E+00
4608.01367  0.78337E+00
4608.02344  0.78330E+00
4608.03271  0.78202E+00
4608.04199  0.78147E+00
4608.05176  0.78234E+00
4608.06104  0.78352E+00
4608.07080  0.78419E+00
4608.08008  0.78457E+00
4608.08984  0.78489E+00
4608.09912  0.78488E+00
4608.10840  0.78411E+00
4608.11816  0.78227E+00
4608.12744  0.77976E+00
4608.13721  0.77804E+00
4608.14648  0.77823E+00
4608.15576  0.77977E+00
4608.16553  0.78167E+00
4608.17480  0.78409E+00
4608.18457  0.78732E+00
4608.19385  0.79012E+00
4608.20312  0.79098E+00
4608.21289  0.78977E+00
4608.22217  0.78717E+00
4608.23193  0.78428E+00
4608.24121  0.78284E+00
4608.25049  0.78413E+00
4608.26025  0.78753E+00
4608.26953  0.79176E+00
4608.27930  0.79598E+00
4608.28857  0.79899E+00
4608.29834  0.79983E+00
4608.30762  0.79945E+00
4608.31689  0.79949E+00
4608.32666  0.79947E+00
4608.33594  0.79806E+00
4608.34570  0.79588E+00
4608.35498  0.79445E+00
4608.36426  0.79366E+00
4608.37402  0.79223E+00
4608.38330  0.78981E+00
4608.39307  0.78738E+00
4608.40234  0.78624E+00
4608.41162  0.78689E+00
4608.42139  0.78866E+00
4608.43066  0.79051E+00
4608.44043  0.79201E+00
4608.44971  0.79312E+00
4608.45898  0.79330E+00
4608.46875  0.79198E+00
4608.47803  0.78936E+00
4608.48779  0.78579E+00
4608.49707  0.78126E+00
4608.50684  0.77608E+00
4608.51611  0.77156E+00
4608.52539  0.76930E+00
4608.53516  0.77035E+00
4608.54443  0.77462E+00
4608.55420  0.78056E+00
4608.56348  0.78574E+00
4608.57275  0.78864E+00
4608.58252  0.78930E+00
4608.59180  0.78858E+00
4608.60156  0.78760E+00
4608.61084  0.78753E+00
4608.62012  0.78875E+00
4608.62988  0.79051E+00
4608.63916  0.79208E+00
4608.64893  0.79312E+00
4608.65820  0.79332E+00
4608.66748  0.79309E+00
4608.67725  0.79339E+00
4608.68652  0.79379E+00
4608.69629  0.79268E+00
4608.70557  0.78971E+00
4608.71533  0.78566E+00
4608.72461  0.78043E+00
4608.73389  0.77447E+00
4608.74365  0.77046E+00
4608.75293  0.77009E+00
4608.76270  0.77152E+00
4608.77197  0.77221E+00
4608.78125  0.77166E+00
4608.79102  0.77023E+00
4608.80029  0.76828E+00
4608.81006  0.76681E+00
4608.81934  0.76712E+00
4608.82861  0.76951E+00
4608.83838  0.77318E+00
4608.84766  0.77712E+00
4608.85742  0.78075E+00
4608.86670  0.78370E+00
4608.87598  0.78556E+00
4608.88574  0.78629E+00
4608.89502  0.78608E+00
4608.90479  0.78452E+00
4608.91406  0.78142E+00
4608.92383  0.77804E+00
4608.93311  0.77557E+00
4608.94238  0.77354E+00
4608.95215  0.77132E+00
4608.96143  0.76917E+00
4608.97119  0.76738E+00
4608.98047  0.76634E+00
4608.98975  0.76715E+00
4608.99951  0.76975E+00
4609.00879  0.77228E+00
4609.01855  0.77347E+00
4609.02783  0.77413E+00
4609.03711  0.77547E+00
4609.04688  0.77767E+00
4609.05615  0.77964E+00
4609.06592  0.77944E+00
4609.07520  0.77591E+00
4609.08447  0.77001E+00
4609.09424  0.76420E+00
4609.10352  0.76114E+00
4609.11328  0.76267E+00
4609.12256  0.76837E+00
4609.13232  0.77572E+00
4609.14160  0.78241E+00
4609.15088  0.78763E+00
4609.16064  0.79087E+00
4609.16992  0.79175E+00
4609.17969  0.79113E+00
4609.18896  0.79047E+00
4609.19824  0.78997E+00
4609.20801  0.78902E+00
4609.21729  0.78789E+00
4609.22705  0.78739E+00
4609.23633  0.78749E+00
4609.24561  0.78742E+00
4609.25537  0.78702E+00
4609.26465  0.78691E+00
4609.27441  0.78733E+00
4609.28369  0.78731E+00
4609.29297  0.78587E+00
4609.30273  0.78365E+00
4609.31201  0.78185E+00
4609.32178  0.78006E+00
4609.33105  0.77683E+00
4609.34082  0.77218E+00
4609.35010  0.76785E+00
4609.35938  0.76504E+00
4609.36914  0.76351E+00
4609.37842  0.76261E+00
4609.38818  0.76201E+00
4609.39746  0.76150E+00
4609.40674  0.76112E+00
4609.41650  0.76218E+00
4609.42578  0.76683E+00
4609.43555  0.77478E+00
4609.44482  0.78217E+00
4609.45410  0.78576E+00
4609.46387  0.78610E+00
4609.47314  0.78532E+00
4609.48291  0.78466E+00
4609.49219  0.78495E+00
4609.50146  0.78677E+00
4609.51123  0.78971E+00
4609.52051  0.79252E+00
4609.53027  0.79428E+00
4609.53955  0.79502E+00
4609.54932  0.79502E+00
4609.55859  0.79364E+00
4609.56787  0.78990E+00
4609.57764  0.78428E+00
4609.58691  0.77833E+00
4609.59668  0.77318E+00
4609.60596  0.76987E+00
4609.61523  0.76974E+00
4609.62500  0.77280E+00
4609.63428  0.77742E+00
4609.64404  0.78202E+00
4609.65332  0.78554E+00
4609.66260  0.78723E+00
4609.67236  0.78680E+00
4609.68164  0.78458E+00
4609.69141  0.78169E+00
4609.70068  0.78025E+00
4609.70996  0.78160E+00
4609.71973  0.78503E+00
4609.72900  0.78939E+00
4609.73877  0.79361E+00
4609.74805  0.79549E+00
4609.75781  0.79324E+00
4609.76709  0.78770E+00
4609.77637  0.78089E+00
4609.78613  0.77456E+00
4609.79541  0.77142E+00
4609.80518  0.77395E+00
4609.81445  0.78120E+00
4609.82373  0.78939E+00
4609.83350  0.79572E+00
4609.84277  0.79959E+00
4609.85254  0.80102E+00
4609.86182  0.79975E+00
4609.87109  0.79628E+00
4609.88086  0.79212E+00
4609.89014  0.78822E+00
4609.89990  0.78452E+00
4609.90918  0.78153E+00
4609.91895  0.78007E+00
4609.92822  0.77965E+00
4609.93750  0.77978E+00
4609.94727  0.78142E+00
4609.95654  0.78443E+00
4609.96631  0.78627E+00
4609.97559  0.78530E+00
4609.98486  0.78216E+00
4609.99463  0.77803E+00
4610.00391  0.77426E+00
4610.01367  0.77209E+00
4610.02295  0.77124E+00
4610.03223  0.77106E+00
4610.04199  0.77244E+00
4610.05127  0.77591E+00
4610.06104  0.78021E+00
4610.07031  0.78443E+00
4610.07959  0.78846E+00
4610.08936  0.79123E+00
4610.09863  0.79174E+00
4610.10840  0.79070E+00
4610.11768  0.78856E+00
4610.12744  0.78395E+00
4610.13672  0.77636E+00
4610.14600  0.76760E+00
4610.15576  0.75967E+00
4610.16504  0.75375E+00
4610.17480  0.75165E+00
4610.18408  0.75509E+00
4610.19336  0.76321E+00
4610.20312  0.77319E+00
4610.21240  0.78263E+00
4610.22217  0.78996E+00
4610.23145  0.79422E+00
4610.24072  0.79574E+00
4610.25049  0.79562E+00
4610.25977  0.79461E+00
4610.26953  0.79344E+00
4610.27881  0.79312E+00
4610.28809  0.79375E+00
4610.29785  0.79454E+00
4610.30713  0.79515E+00
4610.31689  0.79559E+00
4610.32617  0.79549E+00
4610.33594  0.79476E+00
4610.34521  0.79399E+00
4610.35449  0.79322E+00
4610.36426  0.79164E+00
4610.37354  0.78901E+00
4610.38330  0.78615E+00
4610.39258  0.78417E+00
4610.40186  0.78379E+00
4610.41162  0.78546E+00
4610.42090  0.78882E+00
4610.43066  0.79243E+00
4610.43994  0.79494E+00
4610.44922  0.79583E+00
4610.45898  0.79466E+00
4610.46826  0.79145E+00
4610.47803  0.78806E+00
4610.48730  0.78644E+00
4610.49658  0.78590E+00
4610.50635  0.78499E+00
4610.51562  0.78433E+00
4610.52539  0.78503E+00
4610.53467  0.78669E+00
4610.54443  0.78878E+00
4610.55371  0.79099E+00
4610.56299  0.79267E+00
4610.57275  0.79383E+00
4610.58203  0.79505E+00
4610.59180  0.79554E+00
4610.60107  0.79464E+00
4610.61035  0.79412E+00
4610.62012  0.79514E+00
4610.62939  0.79607E+00
4610.63916  0.79622E+00
4610.64844  0.79688E+00
4610.65771  0.79771E+00
4610.66748  0.79717E+00
4610.67676  0.79603E+00
4610.68652  0.79573E+00
4610.69580  0.79519E+00
4610.70508  0.79313E+00
4610.71484  0.79092E+00
4610.72412  0.79065E+00
4610.73389  0.79240E+00
4610.74316  0.79490E+00
4610.75293  0.79723E+00
4610.76221  0.79908E+00
4610.77148  0.80057E+00
4610.78125  0.80203E+00
4610.79053  0.80303E+00
4610.80029  0.80235E+00
4610.80957  0.80001E+00
4610.81885  0.79786E+00
4610.82861  0.79651E+00
4610.83789  0.79412E+00
4610.84766  0.79012E+00
4610.85693  0.78710E+00
4610.86621  0.78697E+00
4610.87598  0.78914E+00
4610.88525  0.79292E+00
4610.89502  0.79790E+00
4610.90430  0.80284E+00
4610.91357  0.80725E+00
4610.92334  0.81155E+00
4610.93262  0.81409E+00
4610.94238  0.81250E+00
4610.95166  0.80834E+00
4610.96143  0.80575E+00
4610.97070  0.80605E+00
4610.97998  0.80778E+00
4610.98975  0.80971E+00
4610.99902  0.81072E+00
4611.00879  0.80962E+00
4611.01807  0.80492E+00
4611.02734  0.79135E+00
4611.03711 -0.10000E+01
4611.04639 -0.10000E+01
4611.05615 -0.10000E+01
4611.06543 -0.10000E+01
4611.07471 -0.10000E+01
4611.08447 -0.10000E+01
4611.09375 -0.10000E+01
4611.10352 -0.10000E+01
4611.11279 -0.10000E+01
4611.12207 -0.10000E+01
4611.13184 -0.10000E+01
4611.14111 -0.10000E+01
4611.15088 -0.10000E+01
4611.16016  0.81753E+00
4611.16992  0.81484E+00
4611.17920  0.81177E+00
4611.18848  0.81087E+00
4611.19824  0.81169E+00
4611.20752  0.81291E+00
4611.21729  0.81443E+00
4611.22656  0.81601E+00
4611.23584  0.81591E+00
4611.24561  0.81341E+00
4611.25488  0.81044E+00
4611.26465  0.80856E+00
4611.27393  0.80711E+00
4611.28320  0.80546E+00
4611.29297  0.80380E+00
4611.30225  0.80185E+00
4611.31201  0.79945E+00
4611.32129  0.79736E+00
4611.33057  0.79572E+00
4611.34033  0.79361E+00
4611.34961  0.79087E+00
4611.35938  0.78859E+00
4611.36865  0.78801E+00
4611.37842  0.78965E+00
4611.38770  0.79274E+00
4611.39697  0.79550E+00
4611.40674  0.79664E+00
4611.41602  0.79593E+00
4611.42578  0.79346E+00
4611.43506  0.78993E+00
4611.44434  0.78710E+00
4611.45410  0.78612E+00
4611.46338  0.78635E+00
4611.47314  0.78694E+00
4611.48242  0.78822E+00
4611.49170  0.79048E+00
4611.50146  0.79248E+00
4611.51074  0.79293E+00
4611.52051  0.79262E+00
4611.52979  0.79357E+00
4611.53906  0.79596E+00
4611.54883  0.79801E+00
4611.55811  0.79857E+00
4611.56787  0.79761E+00
4611.57715  0.79502E+00
4611.58691  0.79118E+00
4611.59619  0.78715E+00
4611.60547  0.78307E+00
4611.61523  0.77863E+00
4611.62451  0.77482E+00
4611.63428  0.77243E+00
4611.64355  0.77031E+00
4611.65283  0.76751E+00
4611.66260  0.76437E+00
4611.67188  0.76033E+00
4611.68164  0.75441E+00
4611.69092  0.74780E+00
4611.70020  0.74289E+00
4611.70996  0.74147E+00
4611.71924  0.74546E+00
4611.72900  0.75584E+00
4611.73828  0.77002E+00
4611.74756  0.78342E+00
4611.75732  0.79342E+00
4611.76660  0.79948E+00
4611.77637  0.80139E+00
4611.78564  0.79930E+00
4611.79541  0.79422E+00
4611.80469  0.78763E+00
4611.81396  0.78077E+00
4611.82373  0.77438E+00
4611.83301  0.76929E+00
4611.84277  0.76708E+00
4611.85205  0.76890E+00
4611.86133  0.77403E+00
4611.87109  0.78026E+00
4611.88037  0.78542E+00
4611.89014  0.78819E+00
4611.89941  0.78851E+00
4611.90869  0.78699E+00
4611.91846  0.78349E+00
4611.92773  0.77757E+00
4611.93750  0.77018E+00
4611.94678  0.76292E+00
4611.95605  0.75575E+00
4611.96582  0.74732E+00
4611.97510  0.73789E+00
4611.98486  0.73059E+00
4611.99414  0.72891E+00
4612.00391  0.73361E+00
4612.01318  0.74270E+00
4612.02246  0.75346E+00
4612.03223  0.76359E+00
4612.04150  0.77193E+00
4612.05127  0.77932E+00
4612.06055  0.78722E+00
4612.06982  0.79502E+00
4612.07959  0.80042E+00
4612.08887  0.80253E+00
4612.09863  0.80247E+00
4612.10791  0.80124E+00
4612.11719  0.79914E+00
4612.12695  0.79650E+00
4612.13623  0.79379E+00
4612.14600  0.79124E+00
4612.15527  0.78901E+00
4612.16455  0.78759E+00
4612.17432  0.78769E+00
4612.18359  0.78940E+00
4612.19336  0.79167E+00
4612.20264  0.79309E+00
4612.21240  0.79290E+00
4612.22168  0.79113E+00
4612.23096  0.78857E+00
4612.24072  0.78663E+00
4612.25000  0.78627E+00
4612.25977  0.78711E+00
4612.26904  0.78838E+00
4612.27832  0.79000E+00
4612.28809  0.79196E+00
4612.29736  0.79361E+00
4612.30713  0.79431E+00
4612.31641  0.79424E+00
4612.32568  0.79394E+00
4612.33545  0.79372E+00
4612.34473  0.79356E+00
4612.35449  0.79320E+00
4612.36377  0.79219E+00
4612.37305  0.79060E+00
4612.38281  0.78942E+00
4612.39209  0.78954E+00
4612.40186  0.79026E+00
4612.41113  0.79042E+00
4612.42090  0.79030E+00
4612.43018  0.79032E+00
4612.43945  0.78876E+00
4612.44922  0.78339E+00
4612.45850  0.77450E+00
4612.46826  0.76473E+00
4612.47754  0.75680E+00
4612.48682  0.75226E+00
4612.49658  0.75152E+00
4612.50586  0.75414E+00
4612.51562  0.75891E+00
4612.52490  0.76379E+00
4612.53418  0.76693E+00
4612.54395  0.76839E+00
4612.55322  0.76920E+00
4612.56299  0.76947E+00
4612.57227  0.76942E+00
4612.58154  0.77065E+00
4612.59131  0.77416E+00
4612.60059  0.77858E+00
4612.61035  0.78190E+00
4612.61963  0.78355E+00
4612.62939  0.78422E+00
4612.63867  0.78469E+00
4612.64795  0.78474E+00
4612.65771  0.78365E+00
4612.66699  0.78202E+00
4612.67676  0.78141E+00
4612.68604  0.78191E+00
4612.69531  0.78282E+00
4612.70508  0.78443E+00
4612.71436  0.78645E+00
4612.72412  0.78725E+00
4612.73340  0.78657E+00
4612.74268  0.78587E+00
4612.75244  0.78543E+00
4612.76172  0.78469E+00
4612.77148  0.78427E+00
4612.78076  0.78478E+00
4612.79004  0.78514E+00
4612.79980  0.78430E+00
4612.80908  0.78256E+00
4612.81885  0.78039E+00
4612.82812  0.77729E+00
4612.83789  0.77255E+00
4612.84717  0.76674E+00
4612.85645  0.76201E+00
4612.86621  0.76072E+00
4612.87549  0.76342E+00
4612.88525  0.76860E+00
4612.89453  0.77437E+00
4612.90381  0.77972E+00
4612.91357  0.78426E+00
4612.92285  0.78756E+00
4612.93262  0.78936E+00
4612.94189  0.79000E+00
4612.95117  0.78988E+00
4612.96094  0.78877E+00
4612.97021  0.78656E+00
4612.97998  0.78387E+00
4612.98926  0.78131E+00
4612.99854  0.77910E+00
4613.00830  0.77774E+00
4613.01758  0.77802E+00
4613.02734  0.78015E+00
4613.03662  0.78338E+00
4613.04639  0.78673E+00
4613.05566  0.78974E+00
4613.06494  0.79215E+00
4613.07471  0.79325E+00
4613.08398  0.79281E+00
4613.09375  0.79182E+00
4613.10303  0.79115E+00
4613.11230  0.79009E+00
4613.12207  0.78773E+00
4613.13135  0.78462E+00
4613.14111  0.78188E+00
4613.15039  0.77920E+00
4613.15967  0.77515E+00
4613.16943  0.76919E+00
4613.17871  0.76278E+00
4613.18848  0.75765E+00
4613.19775  0.75402E+00
4613.20703  0.75150E+00
4613.21680  0.75055E+00
4613.22607  0.75174E+00
4613.23584  0.75490E+00
4613.24512  0.76001E+00
4613.25488  0.76704E+00
4613.26416  0.77448E+00
4613.27344  0.78013E+00
4613.28320  0.78346E+00
4613.29248  0.78532E+00
4613.30225  0.78555E+00
4613.31152  0.78323E+00
4613.32080  0.77896E+00
4613.33057  0.77495E+00
4613.33984  0.77269E+00
4613.34961  0.77240E+00
4613.35889  0.77420E+00
4613.36816  0.77785E+00
4613.37793  0.78198E+00
4613.38721  0.78518E+00
4613.39697  0.78727E+00
4613.40625  0.78869E+00
4613.41553  0.78982E+00
4613.42529  0.79099E+00
4613.43457  0.79194E+00
4613.44434  0.79220E+00
4613.45361  0.79206E+00
4613.46338  0.79179E+00
4613.47266  0.79068E+00
4613.48193  0.78893E+00
4613.49170  0.78856E+00
4613.50098  0.79057E+00
4613.51074  0.79317E+00
4613.52002  0.79469E+00
4613.52930  0.79550E+00
4613.53906  0.79641E+00
4613.54834  0.79743E+00
4613.55811  0.79818E+00
4613.56738  0.79760E+00
4613.57666  0.79460E+00
4613.58643  0.78974E+00
4613.59570  0.78416E+00
4613.60547  0.77741E+00
4613.61475  0.76921E+00
4613.62402  0.76215E+00
4613.63379  0.75930E+00
4613.64307  0.76058E+00
4613.65283  0.76417E+00
4613.66211  0.76905E+00
4613.67188  0.77431E+00
4613.68115  0.77854E+00
4613.69043  0.78131E+00
4613.70020  0.78321E+00
4613.70947  0.78397E+00
4613.71924  0.78217E+00
4613.72852  0.77715E+00
4613.73779  0.76973E+00
4613.74756  0.76071E+00
4613.75684  0.74997E+00
4613.76660  0.73800E+00
4613.77588  0.72729E+00
4613.78516  0.72109E+00
4613.79492  0.72141E+00
4613.80420  0.72849E+00
4613.81396  0.74070E+00
4613.82324  0.75503E+00
4613.83252  0.76867E+00
4613.84229  0.77962E+00
4613.85156  0.78652E+00
4613.86133  0.78935E+00
4613.87061  0.78973E+00
4613.88037  0.78928E+00
4613.88965  0.78879E+00
4613.89893  0.78870E+00
4613.90869  0.78891E+00
4613.91797  0.78847E+00
4613.92773  0.78707E+00
4613.93701  0.78543E+00
4613.94629  0.78381E+00
4613.95605  0.78153E+00
4613.96533  0.77835E+00
4613.97510  0.77480E+00
4613.98438  0.77142E+00
4613.99365  0.76857E+00
4614.00342  0.76644E+00
4614.01270  0.76478E+00
4614.02246  0.76321E+00
4614.03174  0.76177E+00
4614.04102  0.76114E+00
4614.05078  0.76244E+00
4614.06006  0.76646E+00
4614.06982  0.77231E+00
4614.07910  0.77771E+00
4614.08887  0.78114E+00
4614.09814  0.78258E+00
4614.10742  0.78218E+00
4614.11719  0.78010E+00
4614.12646  0.77768E+00
4614.13623  0.77666E+00
4614.14551  0.77728E+00
4614.15479  0.77867E+00
4614.16455  0.78026E+00
4614.17383  0.78173E+00
4614.18359  0.78234E+00
4614.19287  0.78132E+00
4614.20215  0.77863E+00
4614.21191  0.77446E+00
4614.22119  0.76868E+00
4614.23096  0.76136E+00
4614.24023  0.75365E+00
4614.24951  0.74746E+00
4614.25928  0.74459E+00
4614.26855  0.74669E+00
4614.27832  0.75407E+00
4614.28760  0.76403E+00
4614.29736  0.77261E+00
4614.30664  0.77810E+00
4614.31592  0.78110E+00
4614.32568  0.78269E+00
4614.33496  0.78417E+00
4614.34473  0.78644E+00
4614.35400  0.78880E+00
4614.36328  0.79037E+00
4614.37305  0.79156E+00
4614.38232  0.79302E+00
4614.39209  0.79492E+00
4614.40137  0.79685E+00
4614.41064  0.79753E+00
4614.42041  0.79618E+00
4614.42969  0.79369E+00
4614.43945  0.79182E+00
4614.44873  0.79190E+00
4614.45801  0.79390E+00
4614.46777  0.79665E+00
4614.47705  0.79886E+00
4614.48682  0.80007E+00
4614.49609  0.80065E+00
4614.50586  0.80048E+00
4614.51514  0.79868E+00
4614.52441  0.79457E+00
4614.53418  0.78871E+00
4614.54346  0.78306E+00
4614.55322  0.77948E+00
4614.56250  0.77843E+00
4614.57178  0.77964E+00
4614.58154  0.78233E+00
4614.59082  0.78481E+00
4614.60059  0.78599E+00
4614.60986  0.78632E+00
4614.61914  0.78622E+00
4614.62891  0.78554E+00
4614.63818  0.78489E+00
4614.64795  0.78532E+00
4614.65723  0.78650E+00
4614.66650  0.78724E+00
4614.67627  0.78742E+00
4614.68555  0.78784E+00
4614.69531  0.78825E+00
4614.70459  0.78682E+00
4614.71436  0.78221E+00
4614.72363  0.77522E+00
4614.73291  0.76776E+00
4614.74268  0.76154E+00
4614.75195  0.75882E+00
4614.76172  0.76137E+00
4614.77100  0.76720E+00
4614.78027  0.77177E+00
4614.79004  0.77337E+00
4614.79932  0.77368E+00
4614.80908  0.77350E+00
4614.81836  0.77200E+00
4614.82764  0.76928E+00
4614.83740  0.76676E+00
4614.84668  0.76629E+00
4614.85645  0.76941E+00
4614.86572  0.77598E+00
4614.87500  0.78311E+00
4614.88477  0.78746E+00
4614.89404  0.78839E+00
4614.90381  0.78769E+00
4614.91309  0.78670E+00
4614.92285  0.78541E+00
4614.93213  0.78360E+00
4614.94141  0.78158E+00
4614.95117  0.78012E+00
4614.96045  0.78019E+00
4614.97021  0.78194E+00
4614.97949  0.78408E+00
4614.98877  0.78513E+00
4614.99854  0.78491E+00
4615.00781  0.78434E+00
4615.01758  0.78477E+00
4615.02686  0.78706E+00
4615.03613  0.79049E+00
4615.04590  0.79314E+00
4615.05518  0.79332E+00
4615.06494  0.79008E+00
4615.07422  0.78360E+00
4615.08350  0.77575E+00
4615.09326  0.76964E+00
4615.10254  0.76693E+00
4615.11230  0.76563E+00
4615.12158  0.76309E+00
4615.13135  0.75993E+00
4615.14062  0.75901E+00
4615.14990  0.76199E+00
4615.15967  0.76867E+00
4615.16895  0.77789E+00
4615.17871  0.78750E+00
4615.18799  0.79485E+00
4615.19727  0.79875E+00
4615.20703  0.79966E+00
4615.21631  0.79889E+00
4615.22607  0.79784E+00
4615.23535  0.79728E+00
4615.24463  0.79726E+00
4615.25439  0.79785E+00
4615.26367  0.79878E+00
4615.27344  0.79913E+00
4615.28271  0.79764E+00
4615.29199  0.79387E+00
4615.30176  0.78918E+00
4615.31104  0.78534E+00
4615.32080  0.78300E+00
4615.33008  0.78227E+00
4615.33984  0.78290E+00
4615.34912  0.78346E+00
4615.35840  0.78210E+00
4615.36816  0.77796E+00
4615.37744  0.77086E+00
4615.38721  0.76135E+00
4615.39648  0.75168E+00
4615.40576  0.74480E+00
4615.41553  0.74250E+00
4615.42480  0.74517E+00
4615.43457  0.75165E+00
4615.44385  0.75938E+00
4615.45312  0.76650E+00
4615.46289  0.77286E+00
4615.47217  0.77860E+00
4615.48193  0.78372E+00
4615.49121  0.78860E+00
4615.50049  0.79277E+00
4615.51025  0.79460E+00
4615.51953  0.79371E+00
4615.52930  0.79083E+00
4615.53857  0.78588E+00
4615.54834  0.77890E+00
4615.55762  0.77139E+00
4615.56689  0.76420E+00
4615.57666  0.75657E+00
4615.58594  0.74852E+00
4615.59570  0.74157E+00
4615.60498  0.73724E+00
4615.61426  0.73709E+00
4615.62402  0.74263E+00
4615.63330  0.75276E+00
4615.64307  0.76334E+00
4615.65234  0.77097E+00
4615.66162  0.77571E+00
4615.67139  0.77919E+00
4615.68066  0.78200E+00
4615.69043  0.78384E+00
4615.69971  0.78481E+00
4615.70898  0.78510E+00
4615.71875  0.78461E+00
4615.72803  0.78377E+00
4615.73779  0.78355E+00
4615.74707  0.78394E+00
4615.75684  0.78417E+00
4615.76611  0.78448E+00
4615.77539  0.78578E+00
4615.78516  0.78781E+00
4615.79443  0.78952E+00
4615.80420  0.79030E+00
4615.81348  0.78982E+00
4615.82275  0.78816E+00
4615.83252  0.78608E+00
4615.84180  0.78385E+00
4615.85156  0.78072E+00
4615.86084  0.77683E+00
4615.87012  0.77388E+00
4615.87988  0.77296E+00
4615.88916  0.77372E+00
4615.89893  0.77550E+00
4615.90820  0.77754E+00
4615.91748  0.77856E+00
4615.92725  0.77810E+00
4615.93652  0.77740E+00
4615.94629  0.77768E+00
4615.95557  0.77892E+00
4615.96533  0.78051E+00
4615.97461  0.78180E+00
4615.98389  0.78193E+00
4615.99365  0.78078E+00
4616.00293  0.77945E+00
4616.01270  0.77943E+00
4616.02197  0.78138E+00
4616.03125  0.78450E+00
4616.04102  0.78679E+00
4616.05029  0.78645E+00
4616.06006  0.78326E+00
4616.06934  0.77775E+00
4616.07861  0.76973E+00
4616.08838  0.75897E+00
4616.09766  0.74642E+00
4616.10742  0.73449E+00
4616.11670  0.72691E+00
4616.12598  0.72717E+00
4616.13574  0.73549E+00
4616.14502  0.74789E+00
4616.15479  0.75934E+00
4616.16406  0.76676E+00
4616.17383  0.76986E+00
4616.18311  0.77042E+00
4616.19238  0.77076E+00
4616.20215  0.77223E+00
4616.21143  0.77521E+00
4616.22119  0.77906E+00
4616.23047  0.78138E+00
4616.23975  0.77945E+00
4616.24951  0.77331E+00
4616.25879  0.76552E+00
4616.26855  0.75829E+00
4616.27783  0.75301E+00
4616.28711  0.75151E+00
4616.29688  0.75502E+00
4616.30615  0.76195E+00
4616.31592  0.76815E+00
4616.32520  0.77066E+00
4616.33447  0.77052E+00
4616.34424  0.77069E+00
4616.35352  0.77227E+00
4616.36328  0.77455E+00
4616.37256  0.77704E+00
4616.38232  0.77929E+00
4616.39160  0.78036E+00
4616.40088  0.78011E+00
4616.41064  0.77911E+00
4616.41992  0.77748E+00
4616.42969  0.77511E+00
4616.43896  0.77188E+00
4616.44824  0.76683E+00
4616.45801  0.75962E+00
4616.46729  0.75279E+00
4616.47705  0.75006E+00
4616.48633  0.75276E+00
4616.49561  0.75960E+00
4616.50537  0.76858E+00
4616.51465  0.77734E+00
4616.52441  0.78340E+00
4616.53369  0.78545E+00
4616.54297  0.78391E+00
4616.55273  0.78006E+00
4616.56201  0.77537E+00
4616.57178  0.77154E+00
4616.58105  0.76955E+00
4616.59082  0.76924E+00
4616.60010  0.77014E+00
4616.60938  0.77196E+00
4616.61914  0.77355E+00
4616.62842  0.77329E+00
4616.63818  0.77081E+00
4616.64746  0.76664E+00
4616.65674  0.76045E+00
4616.66650  0.75192E+00
4616.67578  0.74306E+00
4616.68555  0.73740E+00
4616.69482  0.73660E+00
4616.70410  0.73951E+00
4616.71387  0.74402E+00
4616.72314  0.74906E+00
4616.73291  0.75470E+00
4616.74219  0.76105E+00
4616.75146  0.76753E+00
4616.76123  0.77365E+00
4616.77051  0.77951E+00
4616.78027  0.78483E+00
4616.78955  0.78805E+00
4616.79932  0.78800E+00
4616.80859  0.78574E+00
4616.81787  0.78333E+00
4616.82764  0.78127E+00
4616.83691  0.77866E+00
4616.84668  0.77506E+00
4616.85596  0.77095E+00
4616.86523  0.76707E+00
4616.87500  0.76425E+00
4616.88428  0.76285E+00
4616.89404  0.76269E+00
4616.90332  0.76412E+00
4616.91260  0.76816E+00
4616.92236  0.77445E+00
4616.93164  0.78063E+00
4616.94141  0.78468E+00
4616.95068  0.78635E+00
4616.95996  0.78604E+00
4616.96973  0.78419E+00
4616.97900  0.78193E+00
4616.98877  0.78052E+00
4616.99805  0.78023E+00
4617.00781  0.78069E+00
4617.01709  0.78159E+00
4617.02637  0.78258E+00
4617.03613  0.78313E+00
4617.04541  0.78278E+00
4617.05518  0.78124E+00
4617.06445  0.77877E+00
4617.07373  0.77625E+00
4617.08350  0.77422E+00
4617.09277  0.77261E+00
4617.10254  0.77177E+00
4617.11182  0.77231E+00
4617.12109  0.77406E+00
4617.13086  0.77644E+00
4617.14014  0.77901E+00
4617.14990  0.78078E+00
4617.15918  0.78066E+00
4617.16846  0.77886E+00
4617.17822  0.77623E+00
4617.18750  0.77261E+00
4617.19727  0.76766E+00
4617.20654  0.76225E+00
4617.21631  0.75756E+00
4617.22559  0.75416E+00
4617.23486  0.75306E+00
4617.24463  0.75597E+00
4617.25391  0.76285E+00
4617.26367  0.77075E+00
4617.27295  0.77636E+00
4617.28223  0.77855E+00
4617.29199  0.77734E+00
4617.30127  0.77251E+00
4617.31104  0.76430E+00
4617.32031  0.75357E+00
4617.32959  0.74117E+00
4617.33936  0.72925E+00
4617.34863  0.72196E+00
4617.35840  0.72252E+00
4617.36768  0.73048E+00
4617.37695  0.74269E+00
4617.38672  0.75492E+00
4617.39600  0.76261E+00
4617.40576  0.76325E+00
4617.41504  0.75861E+00
4617.42480  0.75296E+00
4617.43408  0.74932E+00
4617.44336  0.74858E+00
4617.45312  0.75054E+00
4617.46240  0.75437E+00
4617.47217  0.75880E+00
4617.48145  0.76325E+00
4617.49072  0.76802E+00
4617.50049  0.77309E+00
4617.50977  0.77771E+00
4617.51953  0.78093E+00
4617.52881  0.78188E+00
4617.53809  0.78063E+00
4617.54785  0.77869E+00
4617.55713  0.77704E+00
4617.56689  0.77463E+00
4617.57617  0.77076E+00
4617.58545  0.76741E+00
4617.59521  0.76649E+00
4617.60449  0.76691E+00
4617.61426  0.76701E+00
4617.62354  0.76695E+00
4617.63330  0.76673E+00
4617.64258  0.76548E+00
4617.65186  0.76413E+00
4617.66162  0.76544E+00
4617.67090  0.77026E+00
4617.68066  0.77635E+00
4617.68994  0.78101E+00
4617.69922  0.78285E+00
4617.70898  0.78155E+00
4617.71826  0.77762E+00
4617.72803  0.77253E+00
4617.73730  0.76817E+00
4617.74658  0.76605E+00
4617.75635  0.76669E+00
4617.76562  0.76932E+00
4617.77539  0.77192E+00
4617.78467  0.77218E+00
4617.79443  0.76919E+00
4617.80371  0.76392E+00
4617.81299  0.75806E+00
4617.82275  0.75291E+00
4617.83203  0.74963E+00
4617.84180  0.74946E+00
4617.85107  0.75256E+00
4617.86035  0.75765E+00
4617.87012  0.76344E+00
4617.87939  0.76932E+00
4617.88916  0.77454E+00
4617.89844  0.77798E+00
4617.90771  0.77879E+00
4617.91748  0.77695E+00
4617.92676  0.77376E+00
4617.93652  0.77136E+00
4617.94580  0.77093E+00
4617.95508  0.77219E+00
4617.96484  0.77471E+00
4617.97412  0.77817E+00
4617.98389  0.78162E+00
4617.99316  0.78424E+00
4618.00293  0.78590E+00
4618.01221  0.78600E+00
4618.02148  0.78377E+00
4618.03125  0.77963E+00
4618.04053  0.77446E+00
4618.05029  0.76874E+00
4618.05957  0.76372E+00
4618.06885  0.76117E+00
4618.07861  0.76135E+00
4618.08789  0.76341E+00
4618.09766  0.76700E+00
4618.10693  0.77188E+00
4618.11621  0.77714E+00
4618.12598  0.78174E+00
4618.13525  0.78518E+00
4618.14502  0.78772E+00
4618.15430  0.78996E+00
4618.16357  0.79154E+00
4618.17334  0.79149E+00
4618.18262  0.79005E+00
4618.19238  0.78864E+00
4618.20166  0.78769E+00
4618.21143  0.78667E+00
4618.22070  0.78588E+00
4618.22998  0.78640E+00
4618.23975  0.78824E+00
4618.24902  0.79005E+00
4618.25879  0.79060E+00
4618.26807  0.78968E+00
4618.27734  0.78752E+00
4618.28711  0.78453E+00
4618.29639  0.78210E+00
4618.30615  0.78192E+00
4618.31543  0.78354E+00
4618.32471  0.78459E+00
4618.33447  0.78398E+00
4618.34375  0.78283E+00
4618.35352  0.78218E+00
4618.36279  0.78194E+00
4618.37207  0.78156E+00
4618.38184  0.78054E+00
4618.39111  0.77902E+00
4618.40088  0.77785E+00
4618.41016  0.77720E+00
4618.41992  0.77638E+00
4618.42920  0.77562E+00
4618.43848  0.77601E+00
4618.44824  0.77723E+00
4618.45752  0.77772E+00
4618.46729  0.77715E+00
4618.47656  0.77652E+00
4618.48584  0.77587E+00
4618.49561  0.77436E+00
4618.50488  0.77264E+00
4618.51465  0.77282E+00
4618.52393  0.77561E+00
4618.53320  0.77902E+00
4618.54297  0.78100E+00
4618.55225  0.78140E+00
4618.56201  0.78030E+00
4618.57129  0.77644E+00
4618.58057  0.76957E+00
4618.59033  0.76235E+00
4618.59961  0.75794E+00
4618.60938  0.75720E+00
4618.61865  0.75963E+00
4618.62842  0.76481E+00
4618.63770  0.77141E+00
4618.64697  0.77639E+00
4618.65674  0.77731E+00
4618.66602  0.77459E+00
4618.67578  0.77075E+00
4618.68506  0.76766E+00
4618.69434  0.76577E+00
4618.70410  0.76547E+00
4618.71338  0.76747E+00
4618.72314  0.77120E+00
4618.73242  0.77482E+00
4618.74170  0.77737E+00
4618.75146  0.77913E+00
4618.76074  0.78023E+00
4618.77051  0.78058E+00
4618.77979  0.78094E+00
4618.78906  0.78204E+00
4618.79883  0.78362E+00
4618.80811  0.78527E+00
4618.81787  0.78689E+00
4618.82715  0.78763E+00
4618.83691  0.78642E+00
4618.84619  0.78343E+00
4618.85547  0.77991E+00
4618.86523  0.77706E+00
4618.87451  0.77569E+00
4618.88428  0.77596E+00
4618.89355  0.77701E+00
4618.90283  0.77774E+00
4618.91260  0.77763E+00
4618.92188  0.77640E+00
4618.93164  0.77399E+00
4618.94092  0.77117E+00
4618.95020  0.76920E+00
4618.95996  0.76853E+00
4618.96924  0.76891E+00
4618.97900  0.77054E+00
4618.98828  0.77401E+00
4618.99756  0.77900E+00
4619.00732  0.78424E+00
4619.01660  0.78851E+00
4619.02637  0.79104E+00
4619.03564  0.79157E+00
4619.04541  0.79076E+00
4619.05469  0.78957E+00
4619.06396  0.78788E+00
4619.07373  0.78510E+00
4619.08301  0.78201E+00
4619.09277  0.78013E+00
4619.10205  0.77974E+00
4619.11133  0.78037E+00
4619.12109  0.78180E+00
4619.13037  0.78346E+00
4619.14014  0.78481E+00
4619.14941  0.78641E+00
4619.15869  0.78886E+00
4619.16846  0.79114E+00
4619.17773  0.79178E+00
4619.18750  0.79064E+00
4619.19678  0.78870E+00
4619.20605  0.78712E+00
4619.21582  0.78656E+00
4619.22510  0.78669E+00
4619.23486  0.78646E+00
4619.24414  0.78516E+00
4619.25391  0.78250E+00
4619.26318  0.77850E+00
4619.27246  0.77405E+00
4619.28223  0.77020E+00
4619.29150  0.76667E+00
4619.30127  0.76302E+00
4619.31055  0.76093E+00
4619.31982  0.76305E+00
4619.32959  0.76963E+00
4619.33887  0.77799E+00
4619.34863  0.78521E+00
4619.35791  0.78987E+00
4619.36719  0.79187E+00
4619.37695  0.79205E+00
4619.38623  0.79167E+00
4619.39600  0.79158E+00
4619.40527  0.79208E+00
4619.41455  0.79345E+00
4619.42432  0.79528E+00
4619.43359  0.79610E+00
4619.44336  0.79493E+00
4619.45264  0.79232E+00
4619.46240  0.78841E+00
4619.47168  0.78208E+00
4619.48096  0.77351E+00
4619.49072  0.76560E+00
4619.50000  0.76126E+00
4619.50977  0.76154E+00
4619.51904  0.76626E+00
4619.52832  0.77407E+00
4619.53809  0.78254E+00
4619.54736  0.78989E+00
4619.55713  0.79532E+00
4619.56641  0.79785E+00
4619.57568  0.79741E+00
4619.58545  0.79586E+00
4619.59473  0.79438E+00
4619.60449  0.79229E+00
4619.61377  0.78987E+00
4619.62305  0.78894E+00
4619.63281  0.78976E+00
4619.64209  0.79101E+00
4619.65186  0.79247E+00
4619.66113  0.79455E+00
4619.67090  0.79640E+00
4619.68018  0.79719E+00
4619.68945  0.79708E+00
4619.69922  0.79600E+00
4619.70850  0.79368E+00
4619.71826  0.79078E+00
4619.72754  0.78764E+00
4619.73682  0.78356E+00
4619.74658  0.77855E+00
4619.75586  0.77384E+00
4619.76562  0.76985E+00
4619.77490  0.76568E+00
4619.78418  0.76108E+00
4619.79395  0.75712E+00
4619.80322  0.75455E+00
4619.81299  0.75320E+00
4619.82227  0.75336E+00
4619.83154  0.75609E+00
4619.84131  0.76150E+00
4619.85059  0.76792E+00
4619.86035  0.77368E+00
4619.86963  0.77825E+00
4619.87939  0.78128E+00
4619.88867  0.78254E+00
4619.89795  0.78268E+00
4619.90771  0.78228E+00
4619.91699  0.78113E+00
4619.92676  0.77973E+00
4619.93604  0.77928E+00
4619.94531  0.77982E+00
4619.95508  0.78039E+00
4619.96436  0.78037E+00
4619.97412  0.77912E+00
4619.98340  0.77598E+00
4619.99268  0.77124E+00
4620.00244  0.76533E+00
4620.01172  0.75805E+00
4620.02148  0.75004E+00
4620.03076  0.74267E+00
4620.04004  0.73639E+00
4620.04980  0.73171E+00
4620.05908  0.73029E+00
4620.06885  0.73268E+00
4620.07812  0.73701E+00
4620.08789  0.74166E+00
4620.09717  0.74648E+00
4620.10645  0.75103E+00
4620.11621  0.75404E+00
4620.12549  0.75492E+00
4620.13525  0.75435E+00
4620.14453  0.75348E+00
4620.15381  0.75353E+00
4620.16357  0.75585E+00
4620.17285  0.76103E+00
4620.18262  0.76750E+00
4620.19189  0.77228E+00
4620.20117  0.77371E+00
4620.21094  0.77199E+00
4620.22021  0.76736E+00
4620.22998  0.76049E+00
4620.23926  0.75446E+00
4620.24854  0.75310E+00
4620.25830  0.75711E+00
4620.26758  0.76413E+00
4620.27734  0.77193E+00
4620.28662  0.77946E+00
4620.29639  0.78590E+00
4620.30566  0.79062E+00
4620.31494  0.79348E+00
4620.32471  0.79466E+00
4620.33398  0.79461E+00
4620.34375  0.79408E+00
4620.35303  0.79373E+00
4620.36230  0.79396E+00
4620.37207  0.79488E+00
4620.38135  0.79607E+00
4620.39111  0.79690E+00
4620.40039  0.79725E+00
4620.40967  0.79710E+00
4620.41943  0.79563E+00
4620.42871  0.79215E+00
4620.43848  0.78738E+00
4620.44775  0.78287E+00
4620.45703  0.77976E+00
4620.46680  0.77880E+00
4620.47607  0.78017E+00
4620.48584  0.78297E+00
4620.49512  0.78583E+00
4620.50488  0.78791E+00
4620.51416  0.78887E+00
4620.52344  0.78870E+00
4620.53320  0.78779E+00
4620.54248  0.78665E+00
4620.55225  0.78562E+00
4620.56152  0.78515E+00
4620.57080  0.78572E+00
4620.58057  0.78728E+00
4620.58984  0.78886E+00
4620.59961  0.78908E+00
4620.60889  0.78728E+00
4620.61816  0.78366E+00
4620.62793  0.77872E+00
4620.63721  0.77358E+00
4620.64697  0.77043E+00
4620.65625  0.77040E+00
4620.66553  0.77223E+00
4620.67529  0.77476E+00
4620.68457  0.77828E+00
4620.69434  0.78222E+00
4620.70361  0.78497E+00
4620.71338  0.78637E+00
4620.72266  0.78692E+00
4620.73193  0.78605E+00
4620.74170  0.78358E+00
4620.75098  0.78076E+00
4620.76074  0.77842E+00
4620.77002  0.77648E+00
4620.77930  0.77523E+00
4620.78906  0.77473E+00
4620.79834  0.77397E+00
4620.80811  0.77254E+00
4620.81738  0.77144E+00
4620.82666  0.77154E+00
4620.83643  0.77277E+00
4620.84570  0.77474E+00
4620.85547  0.77672E+00
4620.86475  0.77797E+00
4620.87402  0.77857E+00
4620.88379  0.77915E+00
4620.89307  0.77990E+00
4620.90283  0.78066E+00
4620.91211  0.78163E+00
4620.92188  0.78300E+00
4620.93115  0.78428E+00
4620.94043  0.78425E+00
4620.95020  0.78169E+00
4620.95947  0.77575E+00
4620.96924  0.76605E+00
4620.97852  0.75363E+00
4620.98779  0.74179E+00
4620.99756  0.73469E+00
4621.00684  0.73450E+00
4621.01660  0.74020E+00
4621.02588  0.74868E+00
4621.03516  0.75681E+00
4621.04492  0.76295E+00
4621.05420  0.76707E+00
4621.06396  0.77025E+00
4621.07324  0.77370E+00
4621.08252  0.77756E+00
4621.09229  0.78063E+00
4621.10156  0.78193E+00
4621.11133  0.78198E+00
4621.12061  0.78181E+00
4621.13037  0.78133E+00
4621.13965  0.78011E+00
4621.14893  0.77870E+00
4621.15869  0.77804E+00
4621.16797  0.77825E+00
4621.17773  0.77872E+00
4621.18701  0.77939E+00
4621.19629  0.78120E+00
4621.20605  0.78449E+00
4621.21533  0.78793E+00
4621.22510  0.78977E+00
4621.23438  0.78960E+00
4621.24365  0.78790E+00
4621.25342  0.78503E+00
4621.26270  0.78155E+00
4621.27246  0.77856E+00
4621.28174  0.77725E+00
4621.29102  0.77782E+00
4621.30078  0.77891E+00
4621.31006  0.77881E+00
4621.31982  0.77807E+00
4621.32910  0.77879E+00
4621.33887  0.78129E+00
4621.34814  0.78407E+00
4621.35742  0.78598E+00
4621.36719  0.78624E+00
4621.37646  0.78439E+00
4621.38623  0.78202E+00
4621.39551  0.78097E+00
4621.40479  0.78057E+00
4621.41455  0.78000E+00
4621.42383  0.78088E+00
4621.43359  0.78418E+00
4621.44287  0.78811E+00
4621.45215  0.79101E+00
4621.46191  0.79274E+00
4621.47119  0.79305E+00
4621.48096  0.79179E+00
4621.49023  0.78982E+00
4621.49951  0.78773E+00
4621.50928  0.78518E+00
4621.51855  0.78209E+00
4621.52832  0.77874E+00
4621.53760  0.77533E+00
4621.54736  0.77278E+00
4621.55664  0.77301E+00
4621.56592  0.77695E+00
4621.57568  0.78322E+00
4621.58496  0.78968E+00
4621.59473  0.79527E+00
4621.60400  0.79979E+00
4621.61328  0.80276E+00
4621.62305  0.80379E+00
4621.63232  0.80305E+00
4621.64209  0.80080E+00
4621.65137  0.79722E+00
4621.66064  0.79291E+00
4621.67041  0.78821E+00
4621.67969  0.78323E+00
4621.68945  0.77941E+00
4621.69873  0.77876E+00
4621.70801  0.78124E+00
4621.71777  0.78525E+00
4621.72705  0.78960E+00
4621.73682  0.79267E+00
4621.74609  0.79246E+00
4621.75586  0.78963E+00
4621.76514  0.78704E+00
4621.77441  0.78552E+00
4621.78418  0.78377E+00
4621.79346  0.78201E+00
4621.80322  0.78179E+00
4621.81250  0.78349E+00
4621.82178  0.78682E+00
4621.83154  0.79166E+00
4621.84082  0.79675E+00
4621.85059  0.80027E+00
4621.85986  0.80197E+00
4621.86914  0.80159E+00
4621.87891  0.79704E+00
4621.88818  0.78917E+00
4621.89795  0.78409E+00
4621.90723  0.78337E+00
4621.91650 -0.10000E+01
4621.92627 -0.10000E+01
4621.93555 -0.10000E+01
4621.94531 -0.10000E+01
4621.95459 -0.10000E+01
4621.96436 -0.10000E+01
4621.97363 -0.10000E+01
4621.98291  0.79182E+00
4621.99268  0.78863E+00
4622.00195  0.79270E+00
4622.01172  0.79884E+00
4622.02100  0.79997E+00
4622.03027  0.79695E+00
4622.04004  0.79271E+00
4622.04932  0.78821E+00
4622.05908  0.78606E+00
4622.06836  0.78878E+00
4622.07764  0.79434E+00
4622.08740  0.79950E+00
4622.09668  0.80379E+00
4622.10645  0.80677E+00
4622.11572  0.80710E+00
4622.12500  0.80569E+00
4622.13477  0.80475E+00
4622.14404  0.80466E+00
4622.15381  0.80545E+00
4622.16309  0.80712E+00
4622.17285  0.80649E+00
4622.18213 -0.10000E+01
4622.19141 -0.10000E+01
4622.20117 -0.10000E+01
4622.21045 -0.10000E+01
4622.22021 -0.10000E+01
4622.22949 -0.10000E+01
4622.23877 -0.10000E+01
4622.24854 -0.10000E+01
4622.25781 -0.10000E+01
4622.26758 -0.10000E+01
4622.27686 -0.10000E+01
4622.28613 -0.10000E+01
4622.29590 -0.10000E+01
4622.30518 -0.10000E+01
4622.31494 -0.10000E+01
4622.32422 -0.10000E+01
4622.33350 -0.10000E+01
4622.34326 -0.10000E+01
4622.35254 -0.10000E+01
4622.36230  0.76665E+00
4622.37158  0.77531E+00
4622.38135  0.77828E+00
4622.39062  0.77824E+00
4622.39990  0.77953E+00
4622.40967  0.78234E+00
4622.41895  0.78457E+00
4622.42871  0.78591E+00
4622.43799  0.78562E+00
4622.44727  0.78214E+00
4622.45703  0.77710E+00
4622.46631  0.77495E+00
4622.47607  0.77716E+00
4622.48535  0.78033E+00
4622.49463  0.78079E+00
4622.50439  0.77874E+00
4622.51367  0.77655E+00
4622.52344  0.77458E+00
4622.53271  0.77133E+00
4622.54199  0.76706E+00
4622.55176  0.76396E+00
4622.56104  0.76283E+00
4622.57080  0.76243E+00
4622.58008  0.76187E+00
4622.58984  0.76064E+00
4622.59912  0.75691E+00
4622.60840  0.74793E+00
4622.61816  0.73221E+00
4622.62744  0.71040E+00
4622.63721  0.68523E+00
4622.64648  0.66206E+00
4622.65576  0.64781E+00
4622.66553  0.64618E+00
4622.67480  0.65452E+00
4622.68457  0.66715E+00
4622.69385  0.68061E+00
4622.70312  0.69383E+00
4622.71289  0.70578E+00
4622.72217  0.71507E+00
4622.73193  0.72059E+00
4622.74121  0.72175E+00
4622.75049  0.71937E+00
4622.76025  0.71643E+00
4622.76953  0.71658E+00
4622.77930  0.72138E+00
4622.78857  0.72905E+00
4622.79834  0.73611E+00
4622.80762  0.74031E+00
4622.81689  0.74118E+00
4622.82666  0.73833E+00
4622.83594  0.73089E+00
4622.84570  0.71897E+00
4622.85498  0.70461E+00
4622.86426  0.69156E+00
4622.87402  0.68446E+00
4622.88330  0.68665E+00
4622.89307  0.69789E+00
4622.90234  0.71409E+00
4622.91162  0.72919E+00
4622.92139  0.73834E+00
4622.93066  0.74104E+00
4622.94043  0.74042E+00
4622.94971  0.73886E+00
4622.95898  0.73621E+00
4622.96875  0.73244E+00
4622.97803  0.72924E+00
4622.98779  0.72832E+00
4622.99707  0.72963E+00
4623.00684  0.73166E+00
4623.01611  0.73316E+00
4623.02539  0.73450E+00
4623.03516  0.73701E+00
4623.04443  0.74113E+00
4623.05420  0.74612E+00
4623.06348  0.75128E+00
4623.07275  0.75600E+00
4623.08252  0.75946E+00
4623.09180  0.76150E+00
4623.10156  0.76305E+00
4623.11084  0.76456E+00
4623.12012  0.76525E+00
4623.12988  0.76436E+00
4623.13916  0.76203E+00
4623.14893  0.75873E+00
4623.15820  0.75544E+00
4623.16748  0.75421E+00
4623.17725  0.75640E+00
4623.18652  0.76051E+00
4623.19629  0.76399E+00
4623.20557  0.76646E+00
4623.21533  0.76908E+00
4623.22461  0.77143E+00
4623.23389  0.77176E+00
4623.24365  0.76975E+00
4623.25293  0.76679E+00
4623.26270  0.76388E+00
4623.27197  0.76124E+00
4623.28125  0.75945E+00
4623.29102  0.75936E+00
4623.30029  0.76113E+00
4623.31006  0.76407E+00
4623.31934  0.76742E+00
4623.32861  0.77073E+00
4623.33838  0.77368E+00
4623.34766  0.77603E+00
4623.35742  0.77748E+00
4623.36670  0.77744E+00
4623.37598  0.77522E+00
4623.38574  0.77093E+00
4623.39502  0.76542E+00
4623.40479  0.75927E+00
4623.41406  0.75299E+00
4623.42383  0.74803E+00
4623.43311  0.74587E+00
4623.44238  0.74626E+00
4623.45215  0.74766E+00
4623.46143  0.74884E+00
4623.47119  0.74914E+00
4623.48047  0.74887E+00
4623.48975  0.74983E+00
4623.49951  0.75359E+00
4623.50879  0.75904E+00
4623.51855  0.76388E+00
4623.52783  0.76730E+00
4623.53711  0.76973E+00
4623.54688  0.77155E+00
4623.55615  0.77312E+00
4623.56592  0.77437E+00
4623.57520  0.77424E+00
4623.58447  0.77228E+00
4623.59424  0.76979E+00
4623.60352  0.76798E+00
4623.61328  0.76639E+00
4623.62256  0.76426E+00
4623.63232  0.76217E+00
4623.64160  0.76137E+00
4623.65088  0.76252E+00
4623.66064  0.76544E+00
4623.66992  0.76923E+00
4623.67969  0.77249E+00
4623.68896  0.77349E+00
4623.69824  0.77108E+00
4623.70801  0.76617E+00
4623.71729  0.76162E+00
4623.72705  0.75984E+00
4623.73633  0.76089E+00
4623.74561  0.76347E+00
4623.75537  0.76641E+00
4623.76465  0.76872E+00
4623.77441  0.76981E+00
4623.78369  0.77040E+00
4623.79297  0.77181E+00
4623.80273  0.77426E+00
4623.81201  0.77662E+00
4623.82178  0.77799E+00
4623.83105  0.77886E+00
4623.84082  0.78041E+00
4623.85010  0.78312E+00
4623.85938  0.78627E+00
4623.86914  0.78885E+00
4623.87842  0.79047E+00
4623.88818  0.79140E+00
4623.89746  0.79188E+00
4623.90674  0.79194E+00
4623.91650  0.79163E+00
4623.92578  0.79093E+00
4623.93555  0.78969E+00
4623.94482  0.78814E+00
4623.95410  0.78722E+00
4623.96387  0.78781E+00
4623.97314  0.78980E+00
4623.98291  0.79198E+00
4623.99219  0.79286E+00
4624.00146  0.79176E+00
4624.01123  0.78912E+00
4624.02051  0.78590E+00
4624.03027  0.78272E+00
4624.03955  0.78014E+00
4624.04932  0.77918E+00
4624.05859  0.78082E+00
4624.06787  0.78456E+00
4624.07764  0.78836E+00
4624.08691  0.79027E+00
4624.09668  0.78987E+00
4624.10596  0.78773E+00
4624.11523  0.78480E+00
4624.12500  0.78248E+00
4624.13428  0.78192E+00
4624.14404  0.78300E+00
4624.15332  0.78490E+00
4624.16260  0.78724E+00
4624.17236  0.78993E+00
4624.18164  0.79288E+00
4624.19141  0.79598E+00
4624.20068  0.79862E+00
4624.20996  0.80005E+00
4624.21973  0.80048E+00
4624.22900  0.80029E+00
4624.23877  0.79866E+00
4624.24805  0.79489E+00
4624.25781  0.78996E+00
4624.26709  0.78518E+00
4624.27637  0.78094E+00
4624.28613  0.77777E+00
4624.29541  0.77710E+00
4624.30518  0.77929E+00
4624.31445  0.78217E+00
4624.32373  0.78269E+00
4624.33350  0.77988E+00
4624.34277  0.77528E+00
4624.35254  0.77110E+00
4624.36182  0.76934E+00
4624.37109  0.77135E+00
4624.38086  0.77632E+00
4624.39014  0.78142E+00
4624.39990  0.78460E+00
4624.40918  0.78591E+00
4624.41846  0.78598E+00
4624.42822  0.78508E+00
4624.43750  0.78326E+00
4624.44727  0.78015E+00
4624.45654  0.77536E+00
4624.46631  0.76918E+00
4624.47559  0.76215E+00
4624.48486  0.75458E+00
4624.49463  0.74746E+00
4624.50391  0.74314E+00
4624.51367  0.74390E+00
4624.52295  0.75023E+00
4624.53223  0.76041E+00
4624.54199  0.77136E+00
4624.55127  0.78018E+00
4624.56104  0.78560E+00
4624.57031  0.78802E+00
4624.57959  0.78844E+00
4624.58936  0.78756E+00
4624.59863  0.78573E+00
4624.60840  0.78330E+00
4624.61768  0.78076E+00
4624.62695  0.77890E+00
4624.63672  0.77864E+00
4624.64600  0.77985E+00
4624.65576  0.78101E+00
4624.66504  0.78095E+00
4624.67480  0.77995E+00
4624.68408  0.77804E+00
4624.69336  0.77451E+00
4624.70312  0.77066E+00
4624.71240  0.76973E+00
4624.72217  0.77277E+00
4624.73145  0.77720E+00
4624.74072  0.78025E+00
4624.75049  0.78098E+00
4624.75977  0.77937E+00
4624.76953  0.77581E+00
4624.77881  0.77104E+00
4624.78809  0.76535E+00
4624.79785  0.75893E+00
4624.80713  0.75265E+00
4624.81689  0.74789E+00
4624.82617  0.74617E+00
4624.83545  0.74880E+00
4624.84521  0.75537E+00
4624.85449  0.76342E+00
4624.86426  0.77117E+00
4624.87354  0.77849E+00
4624.88330  0.78457E+00
4624.89258  0.78753E+00
4624.90186  0.78634E+00
4624.91162  0.78059E+00
4624.92090  0.76993E+00
4624.93066  0.75600E+00
4624.93994  0.74291E+00
4624.94922  0.73453E+00
4624.95898  0.73312E+00
4624.96826  0.73951E+00
4624.97803  0.75209E+00
4624.98730  0.76668E+00
4624.99658  0.77921E+00
4625.00635  0.78757E+00
4625.01562  0.79068E+00
4625.02539  0.78806E+00
4625.03467  0.78099E+00
4625.04395  0.77261E+00
4625.05371  0.76583E+00
4625.06299  0.76192E+00
4625.07275  0.76096E+00
4625.08203  0.76234E+00
4625.09180  0.76446E+00
4625.10107  0.76537E+00
4625.11035  0.76437E+00
4625.12012  0.76249E+00
4625.12939  0.76164E+00
4625.13916  0.76354E+00
4625.14844  0.76857E+00
4625.15771  0.77523E+00
4625.16748  0.78157E+00
4625.17676  0.78671E+00
4625.18652  0.79075E+00
4625.19580  0.79389E+00
4625.20508  0.79607E+00
4625.21484  0.79692E+00
4625.22412  0.79607E+00
4625.23389  0.79386E+00
4625.24316  0.79120E+00
4625.25244  0.78853E+00
4625.26221  0.78586E+00
4625.27148  0.78399E+00
4625.28125  0.78405E+00
4625.29053  0.78544E+00
4625.30029  0.78584E+00
4625.30957  0.78358E+00
4625.31885  0.77861E+00
4625.32861  0.77135E+00
4625.33789  0.76248E+00
4625.34766  0.75408E+00
4625.35693  0.74920E+00
4625.36621  0.74919E+00
4625.37598  0.75283E+00
4625.38525  0.75803E+00
4625.39502  0.76291E+00
4625.40430  0.76568E+00
4625.41357  0.76521E+00
4625.42334  0.76193E+00
4625.43262  0.75728E+00
4625.44238  0.75211E+00
4625.45166  0.74671E+00
4625.46143  0.74176E+00
4625.47070  0.73807E+00
4625.47998  0.73556E+00
4625.48975  0.73386E+00
4625.49902  0.73405E+00
4625.50879  0.73794E+00
4625.51807  0.74494E+00
4625.52734  0.75182E+00
4625.53711  0.75653E+00
4625.54639  0.76007E+00
4625.55615  0.76368E+00
4625.56543  0.76709E+00
4625.57471  0.77011E+00
4625.58447  0.77308E+00
4625.59375  0.77545E+00
4625.60352  0.77640E+00
4625.61279  0.77667E+00
4625.62207  0.77770E+00
4625.63184  0.77961E+00
4625.64111  0.78180E+00
4625.65088  0.78412E+00
4625.66016  0.78625E+00
4625.66992  0.78743E+00
4625.67920  0.78767E+00
4625.68848  0.78756E+00
4625.69824  0.78682E+00
4625.70752  0.78500E+00
4625.71729  0.78298E+00
4625.72656  0.78190E+00
4625.73584  0.78197E+00
4625.74561  0.78299E+00
4625.75488  0.78446E+00
4625.76465  0.78565E+00
4625.77393  0.78693E+00
4625.78320  0.78921E+00
4625.79297  0.79141E+00
4625.80225  0.79157E+00
4625.81201  0.79007E+00
4625.82129  0.78819E+00
4625.83057  0.78505E+00
4625.84033  0.77986E+00
4625.84961  0.77435E+00
4625.85938  0.77019E+00
4625.86865  0.76686E+00
4625.87842  0.76389E+00
4625.88770  0.76207E+00
4625.89697  0.76228E+00
4625.90674  0.76498E+00
4625.91602  0.76997E+00
4625.92578  0.77534E+00
4625.93506  0.77856E+00
4625.94434  0.77907E+00
4625.95410  0.77836E+00
4625.96338  0.77794E+00
4625.97314  0.77847E+00
4625.98242  0.78023E+00
4625.99170  0.78297E+00
4626.00146  0.78543E+00
4626.01074  0.78576E+00
4626.02051  0.78304E+00
4626.02979  0.77853E+00
4626.03906  0.77467E+00
4626.04883  0.77296E+00
4626.05811  0.77359E+00
4626.06787  0.77612E+00
4626.07715  0.77945E+00
4626.08691  0.78212E+00
4626.09619  0.78342E+00
4626.10547  0.78339E+00
4626.11523  0.78260E+00
4626.12451  0.78219E+00
4626.13428  0.78304E+00
4626.14355  0.78461E+00
4626.15283  0.78599E+00
4626.16260  0.78694E+00
4626.17188  0.78729E+00
4626.18164  0.78718E+00
4626.19092  0.78769E+00
4626.20020  0.78939E+00
4626.20996  0.79140E+00
4626.21924  0.79316E+00
4626.22900  0.79485E+00
4626.23828  0.79591E+00
4626.24756  0.79585E+00
4626.25732  0.79538E+00
4626.26660  0.79473E+00
4626.27637  0.79315E+00
4626.28564  0.79122E+00
4626.29541  0.79041E+00
4626.30469  0.79051E+00
4626.31396  0.79050E+00
4626.32373  0.79072E+00
4626.33301  0.79208E+00
4626.34277  0.79449E+00
4626.35205  0.79704E+00
4626.36133  0.79872E+00
4626.37109  0.79940E+00
4626.38037  0.79995E+00
4626.39014  0.80060E+00
4626.39941  0.80059E+00
4626.40869  0.79979E+00
4626.41846  0.79891E+00
4626.42773  0.79835E+00
4626.43750  0.79846E+00
4626.44678  0.79961E+00
4626.45605  0.80103E+00
4626.46582  0.80143E+00
4626.47510  0.80056E+00
4626.48486  0.79881E+00
4626.49414  0.79637E+00
4626.50391  0.79371E+00
4626.51318  0.79169E+00
4626.52246  0.79113E+00
4626.53223  0.79254E+00
4626.54150  0.79554E+00
4626.55127  0.79850E+00
4626.56055  0.79970E+00
4626.56982  0.79802E+00
4626.57959  0.79302E+00
4626.58887  0.78626E+00
4626.59863  0.78135E+00
4626.60791  0.78091E+00
4626.61719  0.78460E+00
4626.62695  0.79049E+00
4626.63623  0.79692E+00
4626.64600  0.80260E+00
4626.65527  0.80593E+00
4626.66455  0.80577E+00
4626.67432  0.80287E+00
4626.68359  0.79842E+00
4626.69336  0.79301E+00
4626.70264  0.78759E+00
4626.71240  0.78388E+00
4626.72168  0.78297E+00
4626.73096  0.78401E+00
4626.74072  0.78500E+00
4626.75000  0.78519E+00
4626.75977  0.78535E+00
4626.76904  0.78570E+00
4626.77832  0.78598E+00
4626.78809  0.78679E+00
4626.79736  0.78891E+00
4626.80713  0.79177E+00
4626.81641  0.79363E+00
4626.82568  0.79309E+00
4626.83545  0.79039E+00
4626.84473  0.78725E+00
4626.85449  0.78533E+00
4626.86377  0.78518E+00
4626.87305  0.78635E+00
4626.88281  0.78812E+00
4626.89209  0.78985E+00
4626.90186  0.79088E+00
4626.91113  0.79097E+00
4626.92090  0.79126E+00
4626.93018  0.79347E+00
4626.93945  0.79758E+00
4626.94922  0.80164E+00
4626.95850  0.80368E+00
4626.96826  0.80340E+00
4626.97754  0.80204E+00
4626.98682  0.80088E+00
4626.99658  0.79994E+00
4627.00586  0.79890E+00
