            0.81301E+00
            0.00000E+00
4673.00781  0.77449E+00
4673.01758  0.76256E+00
4673.02686  0.75306E+00
4673.03613  0.74981E+00
4673.04590  0.75572E+00
4673.05518  0.76908E+00
4673.06494  0.78505E+00
4673.07422  0.79947E+00
4673.08350  0.80943E+00
4673.09326  0.81321E+00
4673.10254  0.81176E+00
4673.11230  0.80775E+00
4673.12158  0.80304E+00
4673.13135  0.79861E+00
4673.14062  0.79569E+00
4673.14990  0.79478E+00
4673.15967  0.79488E+00
4673.16895  0.79452E+00
4673.17871  0.79296E+00
4673.18799  0.79033E+00
4673.19727  0.78745E+00
4673.20703  0.78570E+00
4673.21631  0.78641E+00
4673.22607  0.78988E+00
4673.23535  0.79450E+00
4673.24463  0.79760E+00
4673.25439  0.79773E+00
4673.26367  0.79532E+00
4673.27344  0.79160E+00
4673.28271  0.78856E+00
4673.29199  0.78857E+00
4673.30176  0.79220E+00
4673.31104  0.79759E+00
4673.32080  0.80299E+00
4673.33008  0.80801E+00
4673.33984  0.81240E+00
4673.34912  0.81564E+00
4673.35840  0.81752E+00
4673.36816  0.81790E+00
4673.37744  0.81672E+00
4673.38721  0.81469E+00
4673.39648  0.81251E+00
4673.40576  0.80968E+00
4673.41553  0.80549E+00
4673.42480  0.80017E+00
4673.43457  0.79432E+00
4673.44385  0.78877E+00
4673.45312  0.78523E+00
4673.46289  0.78505E+00
4673.47217  0.78744E+00
4673.48193  0.79018E+00
4673.49121  0.79155E+00
4673.50049  0.79111E+00
4673.51025  0.78949E+00
4673.51953  0.78774E+00
4673.52930  0.78635E+00
4673.53857  0.78491E+00
4673.54834  0.78295E+00
4673.55762  0.78016E+00
4673.56689  0.77574E+00
4673.57666  0.76931E+00
4673.58594  0.76232E+00
4673.59570  0.75720E+00
4673.60498  0.75552E+00
4673.61426  0.75839E+00
4673.62402  0.76636E+00
4673.63330  0.77765E+00
4673.64307  0.78840E+00
4673.65234  0.79598E+00
4673.66162  0.80019E+00
4673.67139  0.80187E+00
4673.68066  0.80219E+00
4673.69043  0.80253E+00
4673.69971  0.80269E+00
4673.70898  0.80082E+00
4673.71875  0.79657E+00
4673.72803  0.79147E+00
4673.73779  0.78654E+00
4673.74707  0.78233E+00
4673.75684  0.77995E+00
4673.76611  0.77975E+00
4673.77539  0.78042E+00
4673.78516  0.78064E+00
4673.79443  0.78073E+00
4673.80420  0.78210E+00
4673.81348  0.78565E+00
4673.82275  0.79054E+00
4673.83252  0.79498E+00
4673.84180  0.79801E+00
4673.85156  0.79984E+00
4673.86084  0.80044E+00
4673.87012  0.79944E+00
4673.87988  0.79761E+00
4673.88916  0.79642E+00
4673.89893  0.79578E+00
4673.90820  0.79410E+00
4673.91748  0.79052E+00
4673.92725  0.78503E+00
4673.93652  0.77752E+00
4673.94629  0.76905E+00
4673.95557  0.76254E+00
4673.96533  0.76017E+00
4673.97461  0.76173E+00
4673.98389  0.76600E+00
4673.99365  0.77161E+00
4674.00293  0.77714E+00
4674.01270  0.78210E+00
4674.02197  0.78685E+00
4674.03125  0.79140E+00
4674.04102  0.79518E+00
4674.05029  0.79773E+00
4674.06006  0.79894E+00
4674.06934  0.79920E+00
4674.07861  0.79890E+00
4674.08838  0.79777E+00
4674.09766  0.79592E+00
4674.10742  0.79465E+00
4674.11670  0.79469E+00
4674.12598  0.79526E+00
4674.13574  0.79595E+00
4674.14502  0.79717E+00
4674.15479  0.79857E+00
4674.16406  0.79940E+00
4674.17383  0.79978E+00
4674.18311  0.80023E+00
4674.19238  0.80090E+00
4674.20215  0.80181E+00
4674.21143  0.80302E+00
4674.22119  0.80443E+00
4674.23047  0.80570E+00
4674.23975  0.80636E+00
4674.24951  0.80597E+00
4674.25879  0.80421E+00
4674.26855  0.80107E+00
4674.27783  0.79729E+00
4674.28711  0.79408E+00
4674.29688  0.79160E+00
4674.30615  0.78879E+00
4674.31592  0.78549E+00
4674.32520  0.78302E+00
4674.33447  0.78229E+00
4674.34424  0.78281E+00
4674.35352  0.78388E+00
4674.36328  0.78524E+00
4674.37256  0.78626E+00
4674.38232  0.78540E+00
4674.39160  0.78077E+00
4674.40088  0.77133E+00
4674.41064  0.75755E+00
4674.41992  0.74178E+00
4674.42969  0.72840E+00
4674.43896  0.72212E+00
4674.44824  0.72461E+00
4674.45801  0.73386E+00
4674.46729  0.74721E+00
4674.47705  0.76259E+00
4674.48633  0.77671E+00
4674.49561  0.78569E+00
4674.50537  0.78820E+00
4674.51465  0.78555E+00
4674.52441  0.77954E+00
4674.53369  0.77233E+00
4674.54297  0.76720E+00
4674.55273  0.76653E+00
4674.56201  0.76924E+00
4674.57178  0.77203E+00
4674.58105  0.77304E+00
4674.59082  0.77303E+00
4674.60010  0.77354E+00
4674.60938  0.77488E+00
4674.61914  0.77639E+00
4674.62842  0.77710E+00
4674.63818  0.77588E+00
4674.64746  0.77189E+00
4674.65674  0.76588E+00
4674.66650  0.76038E+00
4674.67578  0.75823E+00
4674.68555  0.76063E+00
4674.69482  0.76689E+00
4674.70410  0.77520E+00
4674.71387  0.78314E+00
4674.72314  0.78860E+00
4674.73291  0.79112E+00
4674.74219  0.79165E+00
4674.75146  0.79089E+00
4674.76123  0.78926E+00
4674.77051  0.78792E+00
4674.78027  0.78797E+00
4674.78955  0.78941E+00
4674.79932  0.79214E+00
4674.80859  0.79589E+00
4674.81787  0.79897E+00
4674.82764  0.79945E+00
4674.83691  0.79710E+00
4674.84668  0.79226E+00
4674.85596  0.78473E+00
4674.86523  0.77542E+00
4674.87500  0.76672E+00
4674.88428  0.76040E+00
4674.89404  0.75655E+00
4674.90332  0.75441E+00
4674.91260  0.75294E+00
4674.92236  0.75139E+00
4674.93164  0.74989E+00
4674.94141  0.74929E+00
4674.95068  0.75038E+00
4674.95996  0.75341E+00
4674.96973  0.75827E+00
4674.97900  0.76486E+00
4674.98877  0.77256E+00
4674.99805  0.77914E+00
4675.00781  0.78164E+00
4675.01709  0.77881E+00
4675.02637  0.77202E+00
4675.03613  0.76462E+00
4675.04541  0.76090E+00
4675.05518  0.76398E+00
4675.06445  0.77331E+00
4675.07373  0.78508E+00
4675.08350  0.79568E+00
4675.09277  0.80377E+00
4675.10254  0.80911E+00
4675.11182  0.81108E+00
4675.12109  0.80890E+00
4675.13086  0.80278E+00
4675.14014  0.79428E+00
4675.14990  0.78535E+00
4675.15918  0.77753E+00
4675.16846  0.77203E+00
4675.17822  0.76994E+00
4675.18750  0.77159E+00
4675.19727  0.77646E+00
4675.20654  0.78357E+00
4675.21631  0.79154E+00
4675.22559  0.79853E+00
4675.23486  0.80319E+00
4675.24463  0.80542E+00
4675.25391  0.80535E+00
4675.26367  0.80275E+00
4675.27295  0.79796E+00
4675.28223  0.79201E+00
4675.29199  0.78584E+00
4675.30127  0.78069E+00
4675.31104  0.77814E+00
4675.32031  0.77836E+00
4675.32959  0.77964E+00
4675.33936  0.78063E+00
4675.34863  0.78082E+00
4675.35840  0.77945E+00
4675.36768  0.77616E+00
4675.37695  0.77216E+00
4675.38672  0.76906E+00
4675.39600  0.76758E+00
4675.40576  0.76809E+00
4675.41504  0.77092E+00
4675.42480  0.77519E+00
4675.43408  0.77857E+00
4675.44336  0.77945E+00
4675.45312  0.77843E+00
4675.46240  0.77680E+00
4675.47217  0.77461E+00
4675.48145  0.77085E+00
4675.49072  0.76442E+00
4675.50049  0.75475E+00
4675.50977  0.74331E+00
4675.51953  0.73488E+00
4675.52881  0.73489E+00
4675.53809  0.74468E+00
4675.54785  0.76056E+00
4675.55713  0.77698E+00
4675.56689  0.78976E+00
4675.57617  0.79706E+00
4675.58545  0.79844E+00
4675.59521  0.79427E+00
4675.60449  0.78635E+00
4675.61426  0.77792E+00
4675.62354  0.77163E+00
4675.63330  0.76806E+00
4675.64258  0.76666E+00
4675.65186  0.76700E+00
4675.66162  0.76882E+00
4675.67090  0.77199E+00
4675.68066  0.77608E+00
4675.68994  0.77952E+00
4675.69922  0.78061E+00
4675.70898  0.77949E+00
4675.71826  0.77746E+00
4675.72803  0.77491E+00
4675.73730  0.77206E+00
4675.74658  0.77054E+00
4675.75635  0.77157E+00
4675.76562  0.77371E+00
4675.77539  0.77497E+00
4675.78467  0.77586E+00
4675.79395  0.77820E+00
4675.80371  0.78253E+00
4675.81299  0.78780E+00
4675.82275  0.79248E+00
4675.83203  0.79529E+00
4675.84180  0.79565E+00
4675.85107  0.79408E+00
4675.86035  0.79163E+00
4675.87012  0.78901E+00
4675.87939  0.78595E+00
4675.88916  0.78162E+00
4675.89844  0.77603E+00
4675.90771  0.77104E+00
4675.91748  0.76856E+00
4675.92676  0.76802E+00
4675.93652  0.76759E+00
4675.94580  0.76739E+00
4675.95508  0.76923E+00
4675.96484  0.77377E+00
4675.97412  0.78016E+00
4675.98389  0.78747E+00
4675.99316  0.79430E+00
4676.00244  0.79843E+00
4676.01221  0.79848E+00
4676.02148  0.79431E+00
4676.03125  0.78570E+00
4676.04053  0.77266E+00
4676.05029  0.75669E+00
4676.05957  0.73985E+00
4676.06885  0.72392E+00
4676.07861  0.71148E+00
4676.08789  0.70558E+00
4676.09766  0.70714E+00
4676.10693  0.71355E+00
4676.11621  0.72025E+00
4676.12598  0.72405E+00
4676.13525  0.72545E+00
4676.14502  0.72745E+00
4676.15430  0.73252E+00
4676.16357  0.74178E+00
4676.17334  0.75507E+00
4676.18262  0.77004E+00
4676.19238  0.78285E+00
4676.20166  0.79137E+00
4676.21094  0.79594E+00
4676.22070  0.79729E+00
4676.22998  0.79564E+00
4676.23975  0.79183E+00
4676.24902  0.78743E+00
4676.25879  0.78413E+00
4676.26807  0.78271E+00
4676.27734  0.78216E+00
4676.28711  0.78070E+00
4676.29639  0.77811E+00
4676.30615  0.77558E+00
4676.31543  0.77345E+00
4676.32471  0.77044E+00
4676.33447  0.76486E+00
4676.34375  0.75525E+00
4676.35352  0.74104E+00
4676.36279  0.72383E+00
4676.37207  0.70730E+00
4676.38184  0.69554E+00
4676.39111  0.69213E+00
4676.40088  0.69958E+00
4676.41016  0.71716E+00
4676.41943  0.73982E+00
4676.42920  0.76106E+00
4676.43848  0.77684E+00
4676.44824  0.78615E+00
4676.45752  0.78961E+00
4676.46729  0.78903E+00
4676.47656  0.78706E+00
4676.48584  0.78580E+00
4676.49561  0.78576E+00
4676.50488  0.78580E+00
4676.51465  0.78439E+00
4676.52393  0.78128E+00
4676.53320  0.77774E+00
4676.54297  0.77476E+00
4676.55225  0.77229E+00
4676.56201  0.77082E+00
4676.57129  0.77203E+00
4676.58057  0.77725E+00
4676.59033  0.78562E+00
4676.59961  0.79445E+00
4676.60938  0.80110E+00
4676.61865  0.80435E+00
4676.62793  0.80450E+00
4676.63770  0.80259E+00
4676.64697  0.79994E+00
4676.65674  0.79770E+00
4676.66602  0.79614E+00
4676.67578  0.79463E+00
4676.68506  0.79267E+00
4676.69434  0.79038E+00
4676.70410  0.78819E+00
4676.71338  0.78640E+00
4676.72314  0.78498E+00
4676.73242  0.78373E+00
4676.74170  0.78279E+00
4676.75146  0.78253E+00
4676.76074  0.78287E+00
4676.77051  0.78378E+00
4676.77979  0.78555E+00
4676.78906  0.78755E+00
4676.79883  0.78802E+00
4676.80811  0.78586E+00
4676.81787  0.78114E+00
4676.82715  0.77407E+00
4676.83643  0.76584E+00
4676.84619  0.75948E+00
4676.85547  0.75767E+00
4676.86523  0.76073E+00
4676.87451  0.76758E+00
4676.88428  0.77649E+00
4676.89355  0.78454E+00
4676.90283  0.78904E+00
4676.91260  0.78944E+00
4676.92188  0.78640E+00
4676.93164  0.77991E+00
4676.94092  0.76999E+00
4676.95020  0.75853E+00
4676.95996  0.74919E+00
4676.96924  0.74490E+00
4676.97900  0.74573E+00
4676.98828  0.74976E+00
4676.99756  0.75563E+00
4677.00732  0.76314E+00
4677.01660  0.77147E+00
4677.02637  0.77875E+00
4677.03564  0.78391E+00
4677.04492  0.78754E+00
4677.05469  0.79058E+00
4677.06396  0.79306E+00
4677.07373  0.79456E+00
4677.08301  0.79549E+00
4677.09277  0.79701E+00
4677.10205  0.79940E+00
4677.11133  0.80149E+00
4677.12109  0.80241E+00
4677.13037  0.80259E+00
4677.14014  0.80253E+00
4677.14941  0.80116E+00
4677.15869  0.79634E+00
4677.16846  0.78703E+00
4677.17773  0.77455E+00
4677.18750  0.76124E+00
4677.19678  0.74877E+00
4677.20605  0.73889E+00
4677.21582  0.73431E+00
4677.22510  0.73642E+00
4677.23486  0.74332E+00
4677.24414  0.75197E+00
4677.25342  0.76036E+00
4677.26318  0.76705E+00
4677.27246  0.77163E+00
4677.28223  0.77579E+00
4677.29150  0.78122E+00
4677.30127  0.78715E+00
4677.31055  0.79141E+00
4677.31982  0.79264E+00
4677.32959  0.79122E+00
4677.33887  0.78938E+00
4677.34863  0.78916E+00
4677.35791  0.78993E+00
4677.36719  0.78970E+00
4677.37695  0.78838E+00
4677.38623  0.78732E+00
4677.39600  0.78732E+00
4677.40527  0.78857E+00
4677.41455  0.79068E+00
4677.42432  0.79193E+00
4677.43359  0.79043E+00
4677.44336  0.78605E+00
4677.45264  0.77971E+00
4677.46191  0.77205E+00
4677.47168  0.76435E+00
4677.48096  0.75930E+00
4677.49072  0.75908E+00
4677.50000  0.76332E+00
4677.50977  0.76935E+00
4677.51904  0.77411E+00
4677.52832  0.77561E+00
4677.53809  0.77386E+00
4677.54736  0.77094E+00
4677.55713  0.76893E+00
4677.56641  0.76773E+00
4677.57568  0.76560E+00
4677.58545  0.76165E+00
4677.59473  0.75673E+00
4677.60449  0.75240E+00
4677.61377  0.75032E+00
4677.62305  0.75195E+00
4677.63281  0.75756E+00
4677.64209  0.76542E+00
4677.65186  0.77283E+00
4677.66113  0.77813E+00
4677.67041  0.78142E+00
4677.68018  0.78352E+00
4677.68945  0.78452E+00
4677.69922  0.78319E+00
4677.70850  0.77789E+00
4677.71826  0.76860E+00
4677.72754  0.75734E+00
4677.73682  0.74657E+00
4677.74658  0.73860E+00
4677.75586  0.73623E+00
4677.76562  0.74100E+00
4677.77490  0.75106E+00
4677.78418  0.76288E+00
4677.79395  0.77399E+00
4677.80322  0.78296E+00
4677.81299  0.78897E+00
4677.82227  0.79259E+00
4677.83154  0.79486E+00
4677.84131  0.79557E+00
4677.85059  0.79388E+00
4677.86035  0.78991E+00
4677.86963  0.78474E+00
4677.87891  0.77919E+00
4677.88867  0.77247E+00
4677.89795  0.76300E+00
4677.90771  0.75125E+00
4677.91699  0.74017E+00
4677.92676  0.73231E+00
4677.93604  0.72854E+00
4677.94531  0.72942E+00
4677.95508  0.73484E+00
4677.96436  0.74290E+00
4677.97412  0.75109E+00
4677.98340  0.75790E+00
4677.99268  0.76236E+00
4678.00244  0.76401E+00
4678.01172  0.76392E+00
4678.02148  0.76458E+00
4678.03076  0.76823E+00
4678.04004  0.77526E+00
4678.04980  0.78371E+00
4678.05908  0.79080E+00
4678.06885  0.79515E+00
4678.07812  0.79750E+00
4678.08740  0.79930E+00
4678.09717  0.80110E+00
4678.10645  0.80237E+00
4678.11621  0.80279E+00
4678.12549  0.80295E+00
4678.13525  0.80334E+00
4678.14453  0.80371E+00
4678.15381  0.80419E+00
4678.16357  0.80519E+00
4678.17285  0.80595E+00
4678.18262  0.80517E+00
4678.19189  0.80318E+00
4678.20117  0.80173E+00
4678.21094  0.80197E+00
4678.22021  0.80357E+00
4678.22998  0.80542E+00
4678.23926  0.80670E+00
4678.24854  0.80718E+00
4678.25830  0.80682E+00
4678.26758  0.80584E+00
4678.27734  0.80491E+00
4678.28662  0.80435E+00
4678.29590  0.80331E+00
4678.30566  0.80078E+00
4678.31494  0.79676E+00
4678.32471  0.79206E+00
4678.33398  0.78734E+00
4678.34375  0.78297E+00
4678.35303  0.77928E+00
4678.36230  0.77698E+00
4678.37207  0.77642E+00
4678.38135  0.77701E+00
4678.39111  0.77825E+00
4678.40039  0.78042E+00
4678.40967  0.78339E+00
4678.41943  0.78644E+00
4678.42871  0.78975E+00
4678.43848  0.79358E+00
4678.44775  0.79583E+00
4678.45703  0.79336E+00
4678.46680  0.78579E+00
4678.47607  0.77555E+00
4678.48584  0.76546E+00
4678.49512  0.75816E+00
4678.50439  0.75614E+00
4678.51416  0.76000E+00
4678.52344  0.76757E+00
4678.53320  0.77567E+00
4678.54248  0.78225E+00
4678.55225  0.78674E+00
4678.56152  0.78931E+00
4678.57080  0.79023E+00
4678.58057  0.78993E+00
4678.58984  0.78898E+00
4678.59961  0.78749E+00
4678.60889  0.78519E+00
4678.61816  0.78245E+00
4678.62793  0.78058E+00
4678.63721  0.78023E+00
4678.64697  0.78030E+00
4678.65625  0.77911E+00
4678.66553  0.77639E+00
4678.67529  0.77336E+00
4678.68457  0.77097E+00
4678.69434  0.76874E+00
4678.70361  0.76613E+00
4678.71289  0.76401E+00
4678.72266  0.76419E+00
4678.73193  0.76812E+00
4678.74170  0.77601E+00
4678.75098  0.78623E+00
4678.76074  0.79569E+00
4678.77002  0.80181E+00
4678.77930  0.80361E+00
4678.78906  0.80078E+00
4678.79834  0.79338E+00
4678.80811  0.78240E+00
4678.81738  0.76912E+00
4678.82666  0.75458E+00
4678.83643  0.74096E+00
4678.84570  0.73160E+00
4678.85547  0.72872E+00
4678.86475  0.73267E+00
4678.87402  0.74265E+00
4678.88379  0.75610E+00
4678.89307  0.76910E+00
4678.90283  0.77903E+00
4678.91211  0.78520E+00
4678.92139  0.78726E+00
4678.93115  0.78587E+00
4678.94043  0.78317E+00
4678.95020  0.78009E+00
4678.95947  0.77538E+00
4678.96924  0.76817E+00
4678.97852  0.75893E+00
4678.98779  0.74833E+00
4678.99756  0.73799E+00
4679.00684  0.73111E+00
4679.01660  0.73001E+00
4679.02588  0.73444E+00
4679.03516  0.74278E+00
4679.04492  0.75236E+00
4679.05420  0.75895E+00
4679.06396  0.75826E+00
4679.07324  0.74855E+00
4679.08252  0.73117E+00
4679.09229  0.70928E+00
4679.10156  0.68736E+00
4679.11133  0.67111E+00
4679.12061  0.66568E+00
4679.12988  0.67315E+00
4679.13965  0.69151E+00
4679.14893  0.71603E+00
4679.15869  0.74133E+00
4679.16797  0.76345E+00
4679.17773  0.78063E+00
4679.18701  0.79227E+00
4679.19629  0.79767E+00
4679.20605  0.79708E+00
4679.21533  0.79268E+00
4679.22510  0.78706E+00
4679.23438  0.78120E+00
4679.24365  0.77447E+00
4679.25342  0.76610E+00
4679.26270  0.75597E+00
4679.27246  0.74485E+00
4679.28174  0.73460E+00
4679.29102  0.72783E+00
4679.30078  0.72629E+00
4679.31006  0.72993E+00
4679.31982  0.73813E+00
4679.32910  0.75040E+00
4679.33838  0.76476E+00
4679.34814  0.77771E+00
4679.35742  0.78688E+00
4679.36719  0.79238E+00
4679.37646  0.79532E+00
4679.38623  0.79652E+00
4679.39551  0.79654E+00
4679.40479  0.79559E+00
4679.41455  0.79382E+00
4679.42383  0.79158E+00
4679.43359  0.78931E+00
4679.44287  0.78750E+00
4679.45215  0.78679E+00
4679.46191  0.78735E+00
4679.47119  0.78827E+00
4679.48096  0.78811E+00
4679.49023  0.78569E+00
4679.49951  0.78076E+00
4679.50928  0.77449E+00
4679.51855  0.76918E+00
4679.52832  0.76692E+00
4679.53760  0.76889E+00
4679.54736  0.77512E+00
4679.55664  0.78409E+00
4679.56592  0.79306E+00
4679.57568  0.79948E+00
4679.58496  0.80220E+00
4679.59473  0.80163E+00
4679.60400  0.79880E+00
4679.61328  0.79465E+00
4679.62305  0.78994E+00
4679.63232  0.78541E+00
4679.64209  0.78196E+00
4679.65137  0.78080E+00
4679.66064  0.78281E+00
4679.67041  0.78714E+00
4679.67969  0.79179E+00
4679.68945  0.79539E+00
4679.69873  0.79759E+00
4679.70801  0.79782E+00
4679.71777  0.79577E+00
4679.72705  0.79288E+00
4679.73682  0.79155E+00
4679.74609  0.79263E+00
4679.75586  0.79482E+00
4679.76514  0.79645E+00
4679.77441  0.79681E+00
4679.78418  0.79605E+00
4679.79346  0.79443E+00
4679.80322  0.79233E+00
4679.81250  0.79051E+00
4679.82178  0.78976E+00
4679.83154  0.78986E+00
4679.84082  0.78988E+00
4679.85059  0.78975E+00
4679.85986  0.79018E+00
4679.86914  0.79071E+00
4679.87891  0.78960E+00
4679.88818  0.78590E+00
4679.89795  0.78012E+00
4679.90723  0.77295E+00
4679.91650  0.76511E+00
4679.92627  0.75812E+00
4679.93555  0.75363E+00
4679.94531  0.75217E+00
4679.95459  0.75334E+00
4679.96436  0.75706E+00
4679.97363  0.76330E+00
4679.98291  0.77083E+00
4679.99268  0.77703E+00
4680.00195  0.78025E+00
4680.01172  0.78145E+00
4680.02100  0.78271E+00
4680.03027  0.78476E+00
4680.04004  0.78750E+00
4680.04932  0.79140E+00
4680.05908  0.79664E+00
4680.06836  0.80159E+00
4680.07764  0.80429E+00
4680.08740  0.80482E+00
4680.09668  0.80464E+00
4680.10645  0.80438E+00
4680.11572  0.80393E+00
4680.12500  0.80365E+00
4680.13477  0.80403E+00
4680.14404  0.80497E+00
4680.15381  0.80616E+00
4680.16309  0.80719E+00
4680.17285  0.80647E+00
4680.18213  0.80206E+00
4680.19141  0.79396E+00
4680.20117  0.78358E+00
4680.21045  0.77173E+00
4680.22021  0.75964E+00
4680.22949  0.75025E+00
4680.23877  0.74633E+00
4680.24854  0.74866E+00
4680.25781  0.75652E+00
4680.26758  0.76783E+00
4680.27686  0.77918E+00
4680.28613  0.78783E+00
4680.29590  0.79299E+00
4680.30518  0.79494E+00
4680.31494  0.79502E+00
4680.32422  0.79534E+00
4680.33350  0.79653E+00
4680.34326  0.79738E+00
4680.35254  0.79754E+00
4680.36230  0.79770E+00
4680.37158  0.79757E+00
4680.38135  0.79678E+00
4680.39062  0.79638E+00
4680.39990  0.79724E+00
4680.40967  0.79883E+00
4680.41895  0.80079E+00
4680.42871  0.80327E+00
4680.43799  0.80541E+00
4680.44727  0.80560E+00
4680.45703  0.80336E+00
4680.46631  0.79913E+00
4680.47607  0.79355E+00
4680.48535  0.78798E+00
4680.49463  0.78446E+00
4680.50439  0.78371E+00
4680.51367  0.78445E+00
4680.52344  0.78530E+00
4680.53271  0.78591E+00
4680.54199  0.78589E+00
4680.55176  0.78491E+00
4680.56104  0.78395E+00
4680.57080  0.78444E+00
4680.58008  0.78603E+00
4680.58984  0.78722E+00
4680.59912  0.78788E+00
4680.60840  0.78922E+00
4680.61816  0.79162E+00
4680.62744  0.79391E+00
4680.63721  0.79466E+00
4680.64648  0.79354E+00
4680.65576  0.79139E+00
4680.66553  0.78921E+00
4680.67480  0.78745E+00
4680.68457  0.78609E+00
4680.69385  0.78435E+00
4680.70312  0.78118E+00
4680.71289  0.77717E+00
4680.72217  0.77471E+00
4680.73193  0.77512E+00
4680.74121  0.77745E+00
4680.75049  0.78070E+00
4680.76025  0.78465E+00
4680.76953  0.78847E+00
4680.77930  0.79111E+00
4680.78857  0.79266E+00
4680.79834  0.79285E+00
4680.80762  0.78982E+00
4680.81689  0.78207E+00
4680.82666  0.77025E+00
4680.83594  0.75602E+00
4680.84570  0.74099E+00
4680.85498  0.72750E+00
4680.86426  0.71893E+00
4680.87402  0.71737E+00
4680.88330  0.72109E+00
4680.89307  0.72607E+00
4680.90234  0.73052E+00
4680.91162  0.73535E+00
4680.92139  0.73941E+00
4680.93066  0.73818E+00
4680.94043  0.72921E+00
4680.94971  0.71597E+00
4680.95898  0.70485E+00
4680.96875  0.70039E+00
4680.97803  0.70388E+00
4680.98779  0.71413E+00
4680.99707  0.72875E+00
4681.00684  0.74508E+00
4681.01611  0.76020E+00
4681.02539  0.77160E+00
4681.03516  0.77826E+00
4681.04443  0.78020E+00
4681.05420  0.77782E+00
4681.06348  0.77295E+00
4681.07275  0.76882E+00
4681.08252  0.76693E+00
4681.09180  0.76609E+00
4681.10156  0.76480E+00
4681.11084  0.76236E+00
4681.12012  0.75826E+00
4681.12988  0.75323E+00
4681.13916  0.74945E+00
4681.14893  0.74792E+00
4681.15820  0.74793E+00
4681.16748  0.74917E+00
4681.17725  0.75156E+00
4681.18652  0.75368E+00
4681.19629  0.75443E+00
4681.20557  0.75451E+00
4681.21533  0.75439E+00
4681.22461  0.75362E+00
4681.23389  0.75290E+00
4681.24365  0.75361E+00
4681.25293  0.75514E+00
4681.26270  0.75566E+00
4681.27197  0.75463E+00
4681.28125  0.75232E+00
4681.29102  0.74910E+00
4681.30029  0.74655E+00
4681.31006  0.74652E+00
4681.31934  0.74859E+00
4681.32861  0.75108E+00
4681.33838  0.75351E+00
4681.34766  0.75635E+00
4681.35742  0.75959E+00
4681.36670  0.76258E+00
4681.37598  0.76433E+00
4681.38574  0.76434E+00
4681.39502  0.76340E+00
4681.40479  0.76243E+00
4681.41406  0.76067E+00
4681.42383  0.75700E+00
4681.43311  0.75211E+00
4681.44238  0.74724E+00
4681.45215  0.74218E+00
4681.46143  0.73670E+00
4681.47119  0.73199E+00
4681.48047  0.72922E+00
4681.48975  0.72735E+00
4681.49951  0.72428E+00
4681.50879  0.72023E+00
4681.51855  0.71798E+00
4681.52783  0.71891E+00
4681.53711  0.72137E+00
4681.54688  0.72378E+00
4681.55615  0.72616E+00
4681.56592  0.72764E+00
4681.57520  0.72690E+00
4681.58447  0.72472E+00
4681.59424  0.72274E+00
4681.60352  0.72061E+00
4681.61328  0.71734E+00
4681.62256  0.71343E+00
4681.63232  0.70944E+00
4681.64160  0.70452E+00
4681.65088  0.69727E+00
4681.66064  0.68749E+00
4681.66992  0.67733E+00
4681.67969  0.67071E+00
4681.68896  0.67047E+00
4681.69824  0.67667E+00
4681.70801  0.68738E+00
4681.71729  0.69949E+00
4681.72705  0.70945E+00
4681.73633  0.71584E+00
4681.74561  0.71955E+00
4681.75537  0.72057E+00
4681.76465  0.71729E+00
4681.77441  0.70913E+00
4681.78369  0.69738E+00
4681.79297  0.68423E+00
4681.80273  0.67263E+00
4681.81201  0.66558E+00
4681.82178  0.66501E+00
4681.83105  0.67176E+00
4681.84082  0.68511E+00
4681.85010  0.70153E+00
4681.85938  0.71686E+00
4681.86914  0.72959E+00
4681.87842  0.74009E+00
4681.88818  0.74837E+00
4681.89746  0.75471E+00
4681.90674  0.75999E+00
4681.91650  0.76467E+00
4681.92578  0.76928E+00
4681.93555  0.77447E+00
4681.94482  0.77877E+00
4681.95410  0.77969E+00
4681.96387  0.77722E+00
4681.97314  0.77280E+00
4681.98291  0.76655E+00
4681.99219  0.75879E+00
4682.00146  0.75180E+00
4682.01123  0.74812E+00
4682.02051  0.74893E+00
4682.03027  0.75427E+00
4682.03955  0.76287E+00
4682.04932  0.77202E+00
4682.05859  0.77902E+00
4682.06787  0.78278E+00
4682.07764  0.78416E+00
4682.08691  0.78484E+00
4682.09668  0.78565E+00
4682.10596  0.78613E+00
4682.11523  0.78591E+00
4682.12500  0.78532E+00
4682.13428  0.78414E+00
4682.14404  0.78164E+00
4682.15332  0.77822E+00
4682.16260  0.77508E+00
4682.17236  0.77258E+00
4682.18164  0.77067E+00
4682.19141  0.77037E+00
4682.20068  0.77271E+00
4682.20996  0.77712E+00
4682.21973  0.78195E+00
4682.22900  0.78535E+00
4682.23877  0.78558E+00
4682.24805  0.78262E+00
4682.25781  0.77908E+00
4682.26709  0.77750E+00
4682.27637  0.77744E+00
4682.28613  0.77771E+00
4682.29541  0.77893E+00
4682.30518  0.78140E+00
4682.31445  0.78337E+00
4682.32373  0.78354E+00
4682.33350  0.78249E+00
4682.34277  0.78079E+00
4682.35254  0.77886E+00
4682.36182  0.77792E+00
4682.37109  0.77847E+00
4682.38086  0.77917E+00
4682.39014  0.77916E+00
4682.39990  0.77947E+00
4682.40918  0.78069E+00
4682.41846  0.78181E+00
4682.42822  0.78222E+00
4682.43750  0.78283E+00
4682.44727  0.78445E+00
4682.45654  0.78653E+00
4682.46631  0.78798E+00
4682.47559  0.78837E+00
4682.48486  0.78786E+00
4682.49463  0.78642E+00
4682.50391  0.78363E+00
4682.51367  0.77944E+00
4682.52295  0.77450E+00
4682.53223  0.76956E+00
4682.54199  0.76500E+00
4682.55127  0.76083E+00
4682.56104  0.75665E+00
4682.57031  0.75143E+00
4682.57959  0.74407E+00
4682.58936  0.73565E+00
4682.59863  0.73050E+00
4682.60840  0.73299E+00
4682.61768  0.74333E+00
4682.62695  0.75800E+00
4682.63672  0.77327E+00
4682.64600  0.78639E+00
4682.65576  0.79498E+00
4682.66504  0.79832E+00
4682.67480  0.79809E+00
4682.68408  0.79593E+00
4682.69336  0.79176E+00
4682.70312  0.78517E+00
4682.71240  0.77583E+00
4682.72217  0.76252E+00
4682.73145  0.74460E+00
4682.74072  0.72439E+00
4682.75049  0.70637E+00
4682.75977  0.69440E+00
4682.76953  0.69048E+00
4682.77881  0.69432E+00
4682.78809  0.70399E+00
4682.79785  0.71789E+00
4682.80713  0.73489E+00
4682.81689  0.75239E+00
4682.82617  0.76667E+00
4682.83545  0.77580E+00
4682.84521  0.78050E+00
4682.85449  0.78251E+00
4682.86426  0.78357E+00
4682.87354  0.78472E+00
4682.88330  0.78620E+00
4682.89258  0.78837E+00
4682.90186  0.79154E+00
4682.91162  0.79441E+00
4682.92090  0.79525E+00
4682.93066  0.79473E+00
4682.93994  0.79485E+00
4682.94922  0.79572E+00
4682.95898  0.79613E+00
4682.96826  0.79606E+00
4682.97803  0.79638E+00
4682.98730  0.79736E+00
4682.99658  0.79883E+00
4683.00635  0.80068E+00
4683.01562  0.80220E+00
4683.02539  0.80222E+00
4683.03467  0.80041E+00
4683.04395  0.79769E+00
4683.05371  0.79491E+00
4683.06299  0.79180E+00
4683.07275  0.78784E+00
4683.08203  0.78340E+00
4683.09180  0.77999E+00
4683.10107  0.77953E+00
4683.11035  0.78263E+00
4683.12012  0.78787E+00
4683.12939  0.79328E+00
4683.13916  0.79779E+00
4683.14844  0.80066E+00
4683.15771  0.80112E+00
4683.16748  0.79955E+00
4683.17676  0.79749E+00
4683.18652  0.79592E+00
4683.19580  0.79495E+00
4683.20508  0.79476E+00
4683.21484  0.79512E+00
4683.22412  0.79465E+00
4683.23389  0.79198E+00
4683.24316  0.78740E+00
4683.25244  0.78204E+00
4683.26221  0.77671E+00
4683.27148  0.77249E+00
4683.28125  0.77095E+00
4683.29053  0.77250E+00
4683.30029  0.77557E+00
4683.30957  0.77822E+00
4683.31885  0.77950E+00
4683.32861  0.77962E+00
4683.33789  0.77956E+00
4683.34766  0.77999E+00
4683.35693  0.78045E+00
4683.36621  0.77979E+00
4683.37598  0.77644E+00
4683.38525  0.76823E+00
4683.39502  0.75493E+00
4683.40430  0.74047E+00
4683.41357  0.72997E+00
4683.42334  0.72519E+00
4683.43262  0.72532E+00
4683.44238  0.73017E+00
4683.45166  0.73976E+00
4683.46094  0.75276E+00
4683.47070  0.76683E+00
4683.47998  0.77946E+00
4683.48975  0.78881E+00
4683.49902  0.79458E+00
4683.50879  0.79783E+00
4683.51807  0.79941E+00
4683.52734  0.79965E+00
4683.53711  0.79886E+00
4683.54639  0.79750E+00
4683.55615  0.79642E+00
4683.56543  0.79685E+00
4683.57471  0.79918E+00
4683.58447  0.80211E+00
4683.59375  0.80380E+00
4683.60352  0.80352E+00
4683.61279  0.80184E+00
4683.62207  0.79965E+00
4683.63184  0.79761E+00
4683.64111  0.79611E+00
4683.65088  0.79487E+00
4683.66016  0.79262E+00
4683.66943  0.78863E+00
4683.67920  0.78448E+00
4683.68848  0.78246E+00
4683.69824  0.78271E+00
4683.70752  0.78412E+00
4683.71729  0.78666E+00
4683.72656  0.79021E+00
4683.73584  0.79328E+00
4683.74561  0.79502E+00
4683.75488  0.79639E+00
4683.76465  0.79802E+00
4683.77393  0.79888E+00
4683.78320  0.79798E+00
4683.79297  0.79601E+00
4683.80225  0.79481E+00
4683.81201  0.79532E+00
4683.82129  0.79639E+00
4683.83057  0.79653E+00
4683.84033  0.79606E+00
4683.84961  0.79610E+00
4683.85938  0.79658E+00
4683.86865  0.79705E+00
4683.87793  0.79758E+00
4683.88770  0.79778E+00
4683.89697  0.79672E+00
4683.90674  0.79460E+00
4683.91602  0.79240E+00
4683.92578  0.79041E+00
4683.93506  0.78865E+00
4683.94434  0.78768E+00
4683.95410  0.78721E+00
4683.96338  0.78592E+00
4683.97314  0.78330E+00
4683.98242  0.78067E+00
4683.99170  0.78004E+00
4684.00146  0.78232E+00
4684.01074  0.78645E+00
4684.02051  0.79009E+00
4684.02979  0.79174E+00
4684.03906  0.79134E+00
4684.04883  0.78891E+00
4684.05811  0.78430E+00
4684.06787  0.77819E+00
4684.07715  0.77232E+00
4684.08643  0.76853E+00
4684.09619  0.76762E+00
4684.10547  0.76897E+00
4684.11523  0.77109E+00
4684.12451  0.77207E+00
4684.13428  0.76991E+00
4684.14355  0.76387E+00
4684.15283  0.75582E+00
4684.16260  0.74879E+00
4684.17188  0.74482E+00
4684.18164  0.74449E+00
4684.19092  0.74714E+00
4684.20020  0.75133E+00
4684.20996  0.75649E+00
4684.21924  0.76329E+00
4684.22900  0.77142E+00
4684.23828  0.77890E+00
4684.24756  0.78408E+00
4684.25732  0.78627E+00
4684.26660  0.78480E+00
4684.27637  0.77912E+00
4684.28564  0.76977E+00
4684.29492  0.75833E+00
4684.30469  0.74700E+00
4684.31396  0.73883E+00
4684.32373  0.73727E+00
4684.33301  0.74360E+00
4684.34277  0.75519E+00
4684.35205  0.76752E+00
4684.36133  0.77736E+00
4684.37109  0.78275E+00
4684.38037  0.78195E+00
4684.39014  0.77477E+00
4684.39941  0.76363E+00
4684.40869  0.75173E+00
4684.41846  0.74151E+00
4684.42773  0.73451E+00
4684.43750  0.73112E+00
4684.44678  0.73099E+00
4684.45605  0.73430E+00
4684.46582  0.74142E+00
4684.47510  0.75179E+00
4684.48486  0.76431E+00
4684.49414  0.77809E+00
4684.50342  0.79149E+00
4684.51318  0.80177E+00
4684.52246  0.80692E+00
4684.53223  0.80726E+00
4684.54150  0.80473E+00
4684.55127  0.80140E+00
4684.56055  0.79893E+00
4684.56982  0.79852E+00
4684.57959  0.80027E+00
4684.58887  0.80313E+00
4684.59863  0.80583E+00
4684.60791  0.80726E+00
4684.61719  0.80685E+00
4684.62695  0.80543E+00
4684.63623  0.80418E+00
4684.64600  0.80259E+00
4684.65527  0.79982E+00
4684.66455  0.79666E+00
4684.67432  0.79390E+00
4684.68359  0.79098E+00
4684.69336  0.78802E+00
4684.70264  0.78649E+00
4684.71191  0.78738E+00
4684.72168  0.79076E+00
4684.73096  0.79548E+00
4684.74072  0.79900E+00
4684.75000  0.79940E+00
4684.75977  0.79678E+00
4684.76904  0.79107E+00
4684.77832  0.78164E+00
4684.78809  0.77000E+00
4684.79736  0.75967E+00
4684.80713  0.75371E+00
4684.81641  0.75415E+00
4684.82568  0.76100E+00
4684.83545  0.77104E+00
4684.84473  0.78037E+00
4684.85449  0.78737E+00
4684.86377  0.79161E+00
4684.87305  0.79306E+00
4684.88281  0.79289E+00
4684.89209  0.79235E+00
4684.90186  0.79154E+00
4684.91113  0.79103E+00
4684.92041  0.79194E+00
4684.93018  0.79367E+00
4684.93945  0.79484E+00
4684.94922  0.79546E+00
4684.95850  0.79580E+00
4684.96826  0.79523E+00
4684.97754  0.79318E+00
4684.98682  0.78936E+00
4684.99658  0.78384E+00
4685.00586  0.77803E+00
4685.01562  0.77355E+00
4685.02490  0.77043E+00
4685.03418  0.76807E+00
4685.04395  0.76536E+00
4685.05322  0.75912E+00
4685.06299  0.74677E+00
4685.07227  0.73059E+00
4685.08154  0.71639E+00
4685.09131  0.70954E+00
4685.10059  0.71334E+00
4685.11035  0.72725E+00
4685.11963  0.74566E+00
4685.12891  0.76122E+00
4685.13867  0.76948E+00
4685.14795  0.77016E+00
4685.15771  0.76647E+00
4685.16699  0.76354E+00
4685.17676  0.76519E+00
4685.18604  0.77146E+00
4685.19531  0.77937E+00
4685.20508  0.78557E+00
4685.21436  0.78851E+00
4685.22412  0.78852E+00
4685.23340  0.78662E+00
4685.24268  0.78367E+00
4685.25244  0.78046E+00
4685.26172  0.77762E+00
4685.27148  0.77530E+00
4685.28076  0.77379E+00
4685.29004  0.77415E+00
4685.29980  0.77750E+00
4685.30908  0.78319E+00
4685.31885  0.78819E+00
4685.32812  0.78912E+00
4685.33740  0.78573E+00
4685.34717  0.78136E+00
4685.35645  0.77920E+00
4685.36621  0.77974E+00
4685.37549  0.78186E+00
4685.38525  0.78416E+00
4685.39453  0.78531E+00
4685.40381  0.78532E+00
4685.41357  0.78578E+00
4685.42285  0.78752E+00
4685.43262  0.78908E+00
4685.44189  0.78856E+00
4685.45117  0.78506E+00
4685.46094  0.77841E+00
4685.47021  0.76957E+00
4685.47998  0.76081E+00
4685.48926  0.75425E+00
4685.49854  0.75061E+00
4685.50830  0.74957E+00
4685.51758  0.74971E+00
4685.52734  0.74842E+00
4685.53662  0.74347E+00
4685.54590  0.73486E+00
4685.55566  0.72509E+00
4685.56494  0.71835E+00
4685.57471  0.71847E+00
4685.58398  0.72599E+00
4685.59375  0.73746E+00
4685.60303  0.74824E+00
4685.61230  0.75480E+00
4685.62207  0.75497E+00
4685.63135  0.74906E+00
4685.64111  0.74082E+00
4685.65039  0.73501E+00
4685.65967  0.73351E+00
4685.66943  0.73444E+00
4685.67871  0.73460E+00
4685.68848  0.73175E+00
4685.69775  0.72573E+00
4685.70703  0.71897E+00
4685.71680  0.71543E+00
4685.72607  0.71793E+00
4685.73584  0.72623E+00
4685.74512  0.73819E+00
4685.75439  0.75136E+00
4685.76416  0.76275E+00
4685.77344  0.76981E+00
4685.78320  0.77296E+00
4685.79248  0.77496E+00
4685.80225  0.77760E+00
4685.81152  0.78131E+00
4685.82080  0.78624E+00
4685.83057  0.79136E+00
4685.83984  0.79434E+00
4685.84961  0.79394E+00
4685.85889  0.79098E+00
4685.86816  0.78680E+00
4685.87793  0.78260E+00
4685.88721  0.77938E+00
4685.89697  0.77754E+00
4685.90625  0.77702E+00
4685.91553  0.77735E+00
4685.92529  0.77718E+00
4685.93457  0.77566E+00
4685.94434  0.77439E+00
4685.95361  0.77578E+00
4685.96289  0.77995E+00
4685.97266  0.78517E+00
4685.98193  0.79006E+00
4685.99170  0.79366E+00
4686.00098  0.79519E+00
4686.01074  0.79462E+00
4686.02002  0.79257E+00
4686.02930  0.78986E+00
4686.03906  0.78750E+00
4686.04834  0.78668E+00
4686.05811  0.78791E+00
4686.06738  0.79058E+00
4686.07666  0.79366E+00
4686.08643  0.79647E+00
4686.09570  0.79830E+00
4686.10547  0.79802E+00
4686.11475  0.79507E+00
4686.12402  0.79026E+00
4686.13379  0.78515E+00
4686.14307  0.78145E+00
4686.15283  0.78050E+00
4686.16211  0.78250E+00
4686.17139  0.78633E+00
4686.18115  0.79051E+00
4686.19043  0.79399E+00
4686.20020  0.79649E+00
4686.20947  0.79855E+00
4686.21924  0.80031E+00
4686.22852  0.80051E+00
4686.23779  0.79814E+00
4686.24756  0.79361E+00
4686.25684  0.78709E+00
4686.26660  0.77788E+00
4686.27588  0.76632E+00
4686.28516  0.75444E+00
4686.29492  0.74471E+00
4686.30420  0.73939E+00
4686.31396  0.73996E+00
4686.32324  0.74619E+00
4686.33252  0.75609E+00
4686.34229  0.76687E+00
4686.35156  0.77583E+00
4686.36133  0.78203E+00
4686.37061  0.78657E+00
4686.37988  0.79072E+00
4686.38965  0.79465E+00
4686.39893  0.79818E+00
4686.40869  0.80107E+00
4686.41797  0.80256E+00
4686.42773  0.80251E+00
4686.43701  0.80196E+00
4686.44629  0.80202E+00
4686.45605  0.80278E+00
4686.46533  0.80359E+00
4686.47510  0.80371E+00
4686.48438  0.80306E+00
4686.49365  0.80257E+00
4686.50342  0.80310E+00
4686.51270  0.80427E+00
4686.52246  0.80495E+00
4686.53174  0.80439E+00
4686.54102  0.80275E+00
4686.55078  0.80109E+00
4686.56006  0.80040E+00
4686.56982  0.80024E+00
4686.57910  0.79931E+00
4686.58838  0.79703E+00
4686.59814  0.79388E+00
4686.60742  0.79037E+00
4686.61719  0.78697E+00
4686.62646  0.78444E+00
4686.63623  0.78346E+00
4686.64551  0.78350E+00
4686.65479  0.78315E+00
4686.66455  0.78171E+00
4686.67383  0.78032E+00
4686.68359  0.78133E+00
4686.69287  0.78604E+00
4686.70215  0.79334E+00
4686.71191  0.80067E+00
4686.72119  0.80556E+00
4686.73096  0.80653E+00
4686.74023  0.80321E+00
4686.74951  0.79632E+00
4686.75928  0.78767E+00
4686.76855  0.77991E+00
4686.77832  0.77540E+00
4686.78760  0.77541E+00
4686.79688  0.78012E+00
4686.80664  0.78843E+00
4686.81592  0.79758E+00
4686.82568  0.80459E+00
4686.83496  0.80840E+00
4686.84473  0.80941E+00
4686.85400  0.80786E+00
4686.86328  0.80385E+00
4686.87305  0.79772E+00
4686.88232  0.79001E+00
4686.89209  0.78212E+00
4686.90137  0.77634E+00
4686.91064  0.77418E+00
4686.92041  0.77542E+00
4686.92969  0.77844E+00
4686.93945  0.78062E+00
4686.94873  0.77952E+00
4686.95801  0.77523E+00
4686.96777  0.77079E+00
4686.97705  0.76954E+00
4686.98682  0.77261E+00
4686.99609  0.77910E+00
4687.00537  0.78711E+00
4687.01514  0.79432E+00
4687.02441  0.79883E+00
4687.03418  0.80035E+00
4687.04346  0.79945E+00
4687.05322  0.79650E+00
4687.06250  0.79234E+00
4687.07178  0.78884E+00
4687.08154  0.78731E+00
4687.09082  0.78770E+00
4687.10059  0.78969E+00
4687.10986  0.79261E+00
4687.11914  0.79498E+00
4687.12891  0.79601E+00
4687.13818  0.79623E+00
4687.14795  0.79535E+00
4687.15723  0.79230E+00
4687.16650  0.78779E+00
4687.17627  0.78407E+00
4687.18555  0.78285E+00
4687.19531  0.78475E+00
4687.20459  0.78881E+00
4687.21436  0.79290E+00
4687.22363  0.79598E+00
4687.23291  0.79874E+00
4687.24268  0.80156E+00
4687.25195  0.80421E+00
4687.26172  0.80680E+00
4687.27100  0.80931E+00
4687.28027  0.81124E+00
4687.29004  0.81235E+00
4687.29932  0.81218E+00
4687.30908  0.80945E+00
4687.31836  0.80324E+00
4687.32764  0.79390E+00
4687.33740  0.78259E+00
4687.34668  0.77135E+00
4687.35645  0.76304E+00
4687.36572  0.75963E+00
4687.37500  0.76083E+00
4687.38477  0.76517E+00
4687.39404  0.77141E+00
4687.40381  0.77863E+00
4687.41309  0.78544E+00
4687.42285  0.79033E+00
4687.43213  0.79295E+00
4687.44141  0.79402E+00
4687.45117  0.79418E+00
4687.46045  0.79433E+00
4687.47021  0.79549E+00
4687.47949  0.79719E+00
4687.48877  0.79756E+00
4687.49854  0.79552E+00
4687.50781  0.79102E+00
4687.51758  0.78416E+00
4687.52686  0.77579E+00
4687.53613  0.76745E+00
4687.54590  0.76073E+00
4687.55518  0.75773E+00
4687.56494  0.76039E+00
4687.57422  0.76778E+00
4687.58350  0.77640E+00
4687.59326  0.78368E+00
4687.60254  0.78897E+00
4687.61230  0.79184E+00
4687.62158  0.79225E+00
4687.63135  0.79209E+00
4687.64062  0.79356E+00
4687.64990  0.79583E+00
4687.65967  0.79569E+00
4687.66895  0.79161E+00
4687.67871  0.78481E+00
4687.68799  0.77661E+00
4687.69727  0.76776E+00
4687.70703  0.76037E+00
4687.71631  0.75737E+00
4687.72607  0.75984E+00
4687.73535  0.76657E+00
4687.74463  0.77537E+00
4687.75439  0.78379E+00
4687.76367  0.78973E+00
4687.77344  0.79198E+00
4687.78271  0.78996E+00
4687.79199  0.78414E+00
4687.80176  0.77672E+00
4687.81104  0.77009E+00
4687.82080  0.76484E+00
4687.83008  0.76047E+00
4687.83984  0.75692E+00
4687.84912  0.75510E+00
4687.85840  0.75643E+00
4687.86816  0.76128E+00
4687.87744  0.76791E+00
4687.88721  0.77410E+00
4687.89648  0.77949E+00
4687.90576  0.78491E+00
4687.91553  0.79027E+00
4687.92480  0.79505E+00
4687.93457  0.79976E+00
4687.94385  0.80474E+00
4687.95312  0.80859E+00
4687.96289  0.80988E+00
4687.97217  0.80940E+00
4687.98193  0.80909E+00
4687.99121  0.80922E+00
4688.00049  0.80861E+00
4688.01025  0.80662E+00
4688.01953  0.80341E+00
4688.02930  0.79926E+00
4688.03857  0.79448E+00
4688.04834  0.78976E+00
4688.05762  0.78585E+00
4688.06689  0.78327E+00
4688.07666  0.78192E+00
4688.08594  0.78131E+00
4688.09570  0.78123E+00
4688.10498  0.78176E+00
4688.11426  0.78231E+00
4688.12402  0.78146E+00
4688.13330  0.77815E+00
4688.14307  0.77282E+00
4688.15234  0.76761E+00
4688.16162  0.76520E+00
4688.17139  0.76661E+00
4688.18066  0.77032E+00
4688.19043  0.77388E+00
4688.19971  0.77606E+00
4688.20898  0.77695E+00
4688.21875  0.77673E+00
4688.22803  0.77548E+00
4688.23779  0.77426E+00
4688.24707  0.77467E+00
4688.25684  0.77692E+00
4688.26611  0.77998E+00
4688.27539  0.78366E+00
4688.28516  0.78839E+00
4688.29443  0.79301E+00
4688.30420  0.79535E+00
4688.31348  0.79514E+00
4688.32275  0.79415E+00
4688.33252  0.79353E+00
4688.34180  0.79300E+00
4688.35156  0.79214E+00
4688.36084  0.79103E+00
4688.37012  0.78980E+00
4688.37988  0.78828E+00
4688.38916  0.78635E+00
4688.39893  0.78383E+00
4688.40820  0.78049E+00
4688.41748  0.77655E+00
4688.42725  0.77256E+00
4688.43652  0.76886E+00
4688.44629  0.76607E+00
4688.45557  0.76586E+00
4688.46533  0.76912E+00
4688.47461  0.77380E+00
4688.48389  0.77706E+00
4688.49365  0.77847E+00
4688.50293  0.77861E+00
4688.51270  0.77630E+00
4688.52197  0.77039E+00
4688.53125  0.76265E+00
4688.54102  0.75661E+00
4688.55029  0.75467E+00
4688.56006  0.75705E+00
4688.56934  0.76246E+00
4688.57861  0.76932E+00
4688.58838  0.77682E+00
4688.59766  0.78403E+00
4688.60742  0.78949E+00
4688.61670  0.79340E+00
4688.62598  0.79783E+00
4688.63574  0.80288E+00
4688.64502  0.80589E+00
4688.65479  0.80555E+00
4688.66406  0.80305E+00
4688.67383  0.79845E+00
4688.68311  0.79044E+00
4688.69238  0.77968E+00
4688.70215  0.76882E+00
4688.71143  0.75967E+00
4688.72119  0.75309E+00
4688.73047  0.74998E+00
4688.73975  0.75051E+00
4688.74951  0.75386E+00
4688.75879  0.75999E+00
4688.76855  0.76916E+00
4688.77783  0.77983E+00
4688.78711  0.78908E+00
4688.79688  0.79444E+00
4688.80615  0.79459E+00
4688.81592  0.79004E+00
4688.82520  0.78351E+00
4688.83447  0.77817E+00
4688.84424  0.77589E+00
4688.85352  0.77721E+00
4688.86328  0.78138E+00
4688.87256  0.78594E+00
4688.88232  0.78814E+00
4688.89160  0.78673E+00
4688.90088  0.78177E+00
4688.91064  0.77384E+00
4688.91992  0.76466E+00
4688.92969  0.75702E+00
4688.93896  0.75297E+00
4688.94824  0.75265E+00
4688.95801  0.75478E+00
4688.96729  0.75750E+00
4688.97705  0.75909E+00
4688.98633  0.75887E+00
4688.99561  0.75766E+00
4689.00537  0.75660E+00
4689.01465  0.75560E+00
4689.02441  0.75421E+00
4689.03369  0.75328E+00
4689.04297  0.75422E+00
4689.05273  0.75734E+00
4689.06201  0.76284E+00
4689.07178  0.77140E+00
4689.08105  0.78194E+00
4689.09082  0.79132E+00
4689.10010  0.79722E+00
4689.10938  0.79926E+00
4689.11914  0.79787E+00
4689.12842  0.79489E+00
4689.13818  0.79304E+00
4689.14746  0.79336E+00
4689.15674  0.79521E+00
4689.16650  0.79846E+00
4689.17578  0.80273E+00
4689.18555  0.80621E+00
4689.19482  0.80765E+00
4689.20410  0.80718E+00
4689.21387  0.80466E+00
4689.22314  0.80022E+00
4689.23291  0.79551E+00
4689.24219  0.79193E+00
4689.25146  0.78941E+00
4689.26123  0.78766E+00
4689.27051  0.78646E+00
4689.28027  0.78524E+00
4689.28955  0.78410E+00
4689.29932  0.78406E+00
4689.30859  0.78581E+00
4689.31787  0.78928E+00
4689.32764  0.79327E+00
4689.33691  0.79515E+00
4689.34668  0.79273E+00
4689.35596  0.78651E+00
4689.36523  0.77824E+00
4689.37500  0.76847E+00
4689.38428  0.75825E+00
4689.39404  0.75110E+00
4689.40332  0.75060E+00
4689.41260  0.75702E+00
4689.42236  0.76784E+00
4689.43164  0.78032E+00
4689.44141  0.79192E+00
4689.45068  0.80009E+00
4689.45996  0.80331E+00
4689.46973  0.80178E+00
4689.47900  0.79663E+00
4689.48877  0.78963E+00
4689.49805  0.78336E+00
4689.50781  0.77992E+00
4689.51709  0.77947E+00
4689.52637  0.78087E+00
4689.53613  0.78235E+00
4689.54541  0.78107E+00
4689.55518  0.77387E+00
4689.56445  0.75932E+00
4689.57373  0.73821E+00
4689.58350  0.71284E+00
4689.59277  0.68707E+00
4689.60254  0.66562E+00
4689.61182  0.65264E+00
4689.62109  0.65089E+00
4689.63086  0.66112E+00
4689.64014  0.68110E+00
4689.64990  0.70604E+00
4689.65918  0.73048E+00
4689.66846  0.74938E+00
4689.67822  0.75940E+00
4689.68750  0.76134E+00
4689.69727  0.76030E+00
4689.70654  0.76100E+00
4689.71631  0.76388E+00
4689.72559  0.76654E+00
4689.73486  0.76744E+00
4689.74463  0.76700E+00
4689.75391  0.76691E+00
4689.76367  0.76892E+00
4689.77295  0.77354E+00
4689.78223  0.77965E+00
4689.79199  0.78610E+00
4689.80127  0.79253E+00
4689.81104  0.79825E+00
4689.82031  0.80153E+00
4689.82959  0.80058E+00
4689.83936  0.79471E+00
4689.84863  0.78477E+00
4689.85840  0.77356E+00
4689.86768  0.76524E+00
4689.87695  0.76306E+00
4689.88672  0.76721E+00
4689.89600  0.77498E+00
4689.90576  0.78301E+00
4689.91504  0.78890E+00
4689.92480  0.79115E+00
4689.93408  0.78889E+00
4689.94336  0.78268E+00
4689.95312  0.77504E+00
4689.96240  0.76978E+00
4689.97217  0.77020E+00
4689.98145  0.77695E+00
4689.99072  0.78753E+00
4690.00049  0.79855E+00
4690.00977  0.80749E+00
4690.01953  0.81256E+00
4690.02881  0.81345E+00
4690.03809  0.81220E+00
4690.04785  0.81037E+00
4690.05713  0.80700E+00
4690.06689  0.80201E+00
4690.07617  0.79801E+00
4690.08545  0.79628E+00
4690.09521  0.79519E+00
4690.10449  0.79359E+00
4690.11426  0.79123E+00
4690.12354  0.78694E+00
4690.13330  0.78062E+00
4690.14258  0.77523E+00
4690.15186  0.77351E+00
4690.16162  0.77564E+00
4690.17090  0.78145E+00
4690.18066  0.79084E+00
4690.18994  0.80112E+00
4690.19922  0.80805E+00
4690.20898  0.81006E+00
4690.21826  0.80881E+00
4690.22803  0.80554E+00
4690.23730  0.79961E+00
4690.24658  0.79124E+00
4690.25635  0.78309E+00
4690.26562  0.77817E+00
4690.27539  0.77745E+00
4690.28467  0.78025E+00
4690.29395  0.78559E+00
4690.30371  0.79199E+00
4690.31299  0.79751E+00
4690.32275  0.80125E+00
4690.33203  0.80387E+00
4690.34180  0.80619E+00
4690.35107  0.80836E+00
4690.36035  0.81009E+00
4690.37012  0.81098E+00
4690.37939  0.81099E+00
4690.38916  0.81070E+00
4690.39844  0.81055E+00
4690.40771  0.81026E+00
4690.41748  0.80973E+00
4690.42676  0.80932E+00
4690.43652  0.80877E+00
4690.44580  0.80736E+00
4690.45508  0.80493E+00
4690.46484  0.80109E+00
4690.47412  0.79467E+00
4690.48389  0.78579E+00
4690.49316  0.77726E+00
4690.50244  0.77216E+00
4690.51221  0.77125E+00
4690.52148  0.77337E+00
4690.53125  0.77694E+00
4690.54053  0.78083E+00
4690.55029  0.78485E+00
4690.55957  0.78958E+00
4690.56885  0.79466E+00
4690.57861  0.79814E+00
4690.58789  0.79842E+00
4690.59766  0.79600E+00
4690.60693  0.79250E+00
4690.61621  0.78875E+00
4690.62598  0.78450E+00
4690.63525  0.77910E+00
4690.64502  0.77238E+00
4690.65430  0.76499E+00
4690.66357  0.75800E+00
4690.67334  0.75278E+00
4690.68262  0.75133E+00
4690.69238  0.75548E+00
4690.70166  0.76424E+00
4690.71094  0.77337E+00
4690.72070  0.77897E+00
4690.72998  0.78065E+00
4690.73975  0.78066E+00
4690.74902  0.78107E+00
4690.75879  0.78271E+00
4690.76807  0.78580E+00
4690.77734  0.78986E+00
4690.78711  0.79321E+00
4690.79639  0.79354E+00
4690.80615  0.78951E+00
4690.81543  0.78190E+00
4690.82471  0.77349E+00
4690.83447  0.76780E+00
4690.84375  0.76709E+00
4690.85352  0.77117E+00
4690.86279  0.77826E+00
4690.87207  0.78625E+00
4690.88184  0.79319E+00
4690.89111  0.79792E+00
4690.90088  0.80067E+00
4690.91016  0.80216E+00
4690.91943  0.80242E+00
4690.92920  0.80120E+00
4690.93848  0.79872E+00
4690.94824  0.79572E+00
4690.95752  0.79297E+00
4690.96729  0.79073E+00
4690.97656  0.78834E+00
4690.98584  0.78498E+00
4690.99561  0.78091E+00
4691.00488  0.77758E+00
4691.01465  0.77670E+00
4691.02393  0.77949E+00
4691.03320  0.78557E+00
4691.04297  0.79244E+00
4691.05225  0.79759E+00
4691.06201  0.80101E+00
4691.07129  0.80378E+00
4691.08057  0.80568E+00
4691.09033  0.80650E+00
4691.09961  0.80725E+00
4691.10938  0.80784E+00
4691.11865  0.80673E+00
4691.12793  0.80427E+00
4691.13770  0.80276E+00
4691.14697  0.80272E+00
4691.15674  0.80257E+00
4691.16602  0.80189E+00
4691.17578  0.80135E+00
4691.18506  0.80107E+00
4691.19434  0.80108E+00
4691.20410  0.80120E+00
4691.21338  0.80007E+00
4691.22314  0.79670E+00
4691.23242  0.79167E+00
4691.24170  0.78563E+00
4691.25146  0.77875E+00
4691.26074  0.77214E+00
4691.27051  0.76705E+00
4691.27979  0.76342E+00
4691.28906  0.76110E+00
4691.29883  0.76057E+00
4691.30811  0.76156E+00
4691.31787  0.76284E+00
4691.32715  0.76390E+00
4691.33643  0.76534E+00
4691.34619  0.76802E+00
4691.35547  0.77256E+00
4691.36523  0.77889E+00
4691.37451  0.78579E+00
4691.38428  0.79153E+00
4691.39355  0.79514E+00
4691.40283  0.79686E+00
4691.41260  0.79734E+00
4691.42188  0.79703E+00
4691.43164  0.79616E+00
4691.44092  0.79495E+00
4691.45020  0.79342E+00
4691.45996  0.79160E+00
4691.46924  0.78988E+00
4691.47900  0.78860E+00
4691.48828  0.78800E+00
4691.49756  0.78835E+00
4691.50732  0.78913E+00
4691.51660  0.78893E+00
4691.52637  0.78723E+00
4691.53564  0.78519E+00
4691.54492  0.78384E+00
4691.55469  0.78290E+00
4691.56396  0.78193E+00
4691.57373  0.78088E+00
4691.58301  0.78001E+00
4691.59277  0.78009E+00
4691.60205  0.78158E+00
4691.61133  0.78392E+00
4691.62109  0.78689E+00
4691.63037  0.79116E+00
4691.64014  0.79635E+00
4691.64941  0.80058E+00
4691.65869  0.80267E+00
4691.66846  0.80292E+00
4691.67773  0.80120E+00
4691.68750  0.79582E+00
4691.69678  0.78544E+00
4691.70605  0.77145E+00
4691.71582  0.75779E+00
4691.72510  0.74829E+00
4691.73486  0.74475E+00
4691.74414  0.74708E+00
4691.75342  0.75391E+00
4691.76318  0.76315E+00
4691.77246  0.77306E+00
4691.78223  0.78249E+00
4691.79150  0.79026E+00
4691.80127  0.79532E+00
4691.81055  0.79744E+00
4691.81982  0.79701E+00
4691.82959  0.79481E+00
4691.83887  0.79196E+00
4691.84863  0.78949E+00
4691.85791  0.78815E+00
4691.86719  0.78834E+00
4691.87695  0.78954E+00
4691.88623  0.79081E+00
4691.89600  0.79192E+00
4691.90527  0.79300E+00
4691.91455  0.79329E+00
4691.92432  0.79176E+00
4691.93359  0.78876E+00
4691.94336  0.78591E+00
4691.95264  0.78478E+00
4691.96191  0.78584E+00
4691.97168  0.78848E+00
4691.98096  0.79199E+00
4691.99072  0.79633E+00
4692.00000  0.80132E+00
4692.00977  0.80592E+00
4692.01904  0.80909E+00
4692.02832  0.81066E+00
4692.03809  0.81083E+00
4692.04736  0.80967E+00
4692.05713  0.80739E+00
4692.06641  0.80419E+00
4692.07568  0.79925E+00
4692.08545  0.79096E+00
4692.09473  0.77909E+00
4692.10449  0.76654E+00
4692.11377  0.75788E+00
4692.12305  0.75567E+00
4692.13281  0.75879E+00
4692.14209  0.76458E+00
4692.15186  0.77083E+00
4692.16113  0.77536E+00
4692.17041  0.77602E+00
4692.18018  0.77205E+00
4692.18945  0.76398E+00
4692.19922  0.75281E+00
4692.20850  0.74115E+00
4692.21826  0.73353E+00
4692.22754  0.73330E+00
4692.23682  0.74066E+00
4692.24658  0.75416E+00
4692.25586  0.77123E+00
4692.26562  0.78701E+00
4692.27490  0.79688E+00
4692.28418  0.80040E+00
4692.29395  0.80037E+00
4692.30322  0.79887E+00
4692.31299  0.79611E+00
4692.32227  0.79215E+00
4692.33154  0.78816E+00
4692.34131  0.78586E+00
4692.35059  0.78603E+00
4692.36035  0.78782E+00
4692.36963  0.79041E+00
4692.37891  0.79377E+00
4692.38867  0.79697E+00
4692.39795  0.79766E+00
4692.40771  0.79462E+00
4692.41699  0.78904E+00
4692.42676  0.78233E+00
4692.43604  0.77503E+00
4692.44531  0.76814E+00
4692.45508  0.76280E+00
4692.46436  0.75815E+00
4692.47412  0.75148E+00
4692.48340  0.74120E+00
4692.49268  0.72882E+00
4692.50244  0.71854E+00
4692.51172  0.71570E+00
4692.52148  0.72403E+00
4692.53076  0.74257E+00
4692.54004  0.76566E+00
4692.54980  0.78643E+00
4692.55908  0.80062E+00
4692.56885  0.80771E+00
4692.57812  0.80986E+00
4692.58740  0.80965E+00
4692.59717  0.80805E+00
4692.60645  0.80457E+00
4692.61621  0.79955E+00
4692.62549  0.79524E+00
4692.63525  0.79333E+00
4692.64453  0.79281E+00
4692.65381  0.79167E+00
4692.66357  0.78955E+00
4692.67285  0.78694E+00
4692.68262  0.78346E+00
4692.69189  0.77907E+00
4692.70117  0.77524E+00
4692.71094  0.77280E+00
4692.72021  0.77070E+00
4692.72998  0.76802E+00
4692.73926  0.76502E+00
4692.74854  0.76194E+00
4692.75830  0.75951E+00
4692.76758  0.75975E+00
4692.77734  0.76350E+00
4692.78662  0.76913E+00
4692.79590  0.77500E+00
4692.80566  0.78044E+00
4692.81494  0.78457E+00
4692.82471  0.78714E+00
4692.83398  0.78954E+00
4692.84375  0.79307E+00
4692.85303  0.79761E+00
4692.86230  0.80211E+00
4692.87207  0.80468E+00
4692.88135  0.80404E+00
4692.89111  0.80170E+00
4692.90039  0.80028E+00
4692.90967  0.79971E+00
4692.91943  0.79847E+00
4692.92871  0.79687E+00
4692.93848  0.79553E+00
4692.94775  0.79316E+00
4692.95703  0.78852E+00
4692.96680  0.78275E+00
4692.97607  0.77830E+00
4692.98584  0.77677E+00
4692.99512  0.77813E+00
4693.00439  0.78127E+00
4693.01416  0.78468E+00
4693.02344  0.78654E+00
4693.03320  0.78501E+00
4693.04248  0.77929E+00
4693.05225  0.77011E+00
4693.06152  0.75915E+00
4693.07080  0.74899E+00
4693.08057  0.74335E+00
4693.08984  0.74531E+00
4693.09961  0.75462E+00
4693.10889  0.76732E+00
4693.11816  0.77897E+00
4693.12793  0.78796E+00
4693.13721  0.79481E+00
4693.14697  0.79952E+00
4693.15625  0.80137E+00
4693.16553  0.80069E+00
4693.17529  0.79848E+00
4693.18457  0.79504E+00
4693.19434  0.79045E+00
4693.20361  0.78549E+00
4693.21289  0.78077E+00
4693.22266  0.77574E+00
4693.23193  0.76980E+00
4693.24170  0.76354E+00
4693.25098  0.75849E+00
4693.26074  0.75621E+00
4693.27002  0.75773E+00
4693.27930  0.76308E+00
4693.28906  0.77109E+00
4693.29834  0.78031E+00
4693.30811  0.78960E+00
4693.31738  0.79790E+00
4693.32666  0.80409E+00
4693.33643  0.80788E+00
4693.34570  0.80986E+00
4693.35547  0.81040E+00
4693.36475  0.80941E+00
4693.37402  0.80680E+00
4693.38379  0.80222E+00
4693.39307  0.79583E+00
4693.40283  0.78986E+00
4693.41211  0.78735E+00
4693.42139  0.78875E+00
4693.43115  0.79197E+00
4693.44043  0.79542E+00
4693.45020  0.79883E+00
4693.45947  0.80197E+00
4693.46924  0.80430E+00
4693.47852  0.80520E+00
4693.48779  0.80354E+00
4693.49756  0.79830E+00
4693.50684  0.78974E+00
4693.51660  0.77925E+00
4693.52588  0.76916E+00
4693.53516  0.76249E+00
4693.54492  0.76089E+00
4693.55420  0.76288E+00
4693.56396  0.76622E+00
4693.57324  0.77018E+00
4693.58252  0.77426E+00
4693.59229  0.77708E+00
4693.60156  0.77803E+00
4693.61133  0.77779E+00
4693.62061  0.77726E+00
4693.62988  0.77793E+00
4693.63965  0.78122E+00
4693.64893  0.78589E+00
4693.65869  0.78848E+00
4693.66797  0.78753E+00
4693.67773  0.78456E+00
4693.68701  0.78128E+00
4693.69629  0.77875E+00
4693.70605  0.77845E+00
4693.71533  0.78118E+00
4693.72510  0.78544E+00
4693.73438  0.78852E+00
4693.74365  0.78888E+00
4693.75342  0.78706E+00
4693.76270  0.78460E+00
4693.77246  0.78259E+00
4693.78174  0.78137E+00
4693.79102  0.78139E+00
4693.80078  0.78318E+00
4693.81006  0.78654E+00
4693.81982  0.79046E+00
4693.82910  0.79401E+00
4693.83838  0.79667E+00
4693.84814  0.79784E+00
4693.85742  0.79669E+00
4693.86719  0.79275E+00
4693.87646  0.78677E+00
4693.88623  0.78042E+00
4693.89551  0.77486E+00
4693.90479  0.77051E+00
4693.91455  0.76810E+00
4693.92383  0.76845E+00
4693.93359  0.77076E+00
4693.94287  0.77314E+00
4693.95215  0.77514E+00
4693.96191  0.77782E+00
4693.97119  0.78170E+00
4693.98096  0.78641E+00
4693.99023  0.79158E+00
4693.99951  0.79645E+00
4694.00928  0.79955E+00
4694.01855  0.79968E+00
4694.02832  0.79640E+00
4694.03760  0.79013E+00
4694.04688  0.78305E+00
4694.05664  0.77833E+00
4694.06592  0.77742E+00
4694.07568  0.77926E+00
4694.08496  0.78215E+00
4694.09473  0.78483E+00
4694.10400  0.78654E+00
4694.11328  0.78763E+00
4694.12305  0.78926E+00
4694.13232  0.79193E+00
4694.14209  0.79519E+00
4694.15137  0.79834E+00
4694.16064  0.80062E+00
4694.17041  0.80202E+00
4694.17969  0.80336E+00
4694.18945  0.80477E+00
4694.19873  0.80542E+00
4694.20801  0.80547E+00
4694.21777  0.80565E+00
4694.22705  0.80489E+00
4694.23682  0.80165E+00
4694.24609  0.79684E+00
4694.25537  0.79248E+00
4694.26514  0.78932E+00
4694.27441  0.78776E+00
4694.28418  0.78876E+00
4694.29346  0.79202E+00
4694.30322  0.79537E+00
4694.31250  0.79687E+00
4694.32178  0.79579E+00
4694.33154  0.79203E+00
4694.34082  0.78664E+00
4694.35059  0.78179E+00
4694.35986  0.77832E+00
4694.36914  0.77449E+00
4694.37891  0.76906E+00
4694.38818  0.76369E+00
4694.39795  0.76009E+00
4694.40723  0.75645E+00
4694.41650  0.74886E+00
4694.42627  0.73538E+00
4694.43555  0.71811E+00
4694.44531  0.70257E+00
4694.45459  0.69531E+00
4694.46387  0.70090E+00
4694.47363  0.71924E+00
4694.48291  0.74511E+00
4694.49268  0.77083E+00
4694.50195  0.79072E+00
4694.51172  0.80324E+00
4694.52100  0.80956E+00
4694.53027  0.81149E+00
4694.54004  0.81078E+00
4694.54932  0.80910E+00
4694.55908  0.80799E+00
4694.56836  0.80825E+00
4694.57764  0.80954E+00
4694.58740  0.81086E+00
4694.59668  0.81131E+00
4694.60645  0.81004E+00
4694.61572  0.80646E+00
4694.62500  0.80080E+00
4694.63477  0.79398E+00
4694.64404  0.78692E+00
4694.65381  0.78049E+00
4694.66309  0.77572E+00
4694.67236  0.77389E+00
4694.68213  0.77621E+00
4694.69141  0.78249E+00
4694.70117  0.79035E+00
4694.71045  0.79685E+00
4694.72021  0.80054E+00
4694.72949  0.80149E+00
4694.73877  0.80070E+00
4694.74854  0.79972E+00
4694.75781  0.79884E+00
4694.76758  0.79637E+00
4694.77686  0.79099E+00
4694.78613  0.78304E+00
4694.79590  0.77258E+00
4694.80518  0.75929E+00
4694.81494  0.74555E+00
4694.82422  0.73633E+00
4694.83350  0.73511E+00
4694.84326  0.74164E+00
4694.85254  0.75295E+00
4694.86230  0.76522E+00
4694.87158  0.77571E+00
4694.88135  0.78403E+00
4694.89062  0.79131E+00
4694.89990  0.79826E+00
4694.90967  0.80475E+00
4694.91895  0.81000E+00
4694.92871  0.81264E+00
4694.93799  0.81204E+00
4694.94727  0.80961E+00
4694.95703  0.80731E+00
4694.96631  0.80540E+00
4694.97607  0.80344E+00
4694.98535  0.80206E+00
4694.99463  0.80209E+00
4695.00439  0.80301E+00
4695.01367  0.80350E+00
4695.02344  0.80310E+00
4695.03271  0.80220E+00
4695.04199  0.80055E+00
4695.05176  0.79679E+00
4695.06104  0.78977E+00
4695.07080  0.78006E+00
4695.08008  0.76955E+00
4695.08984  0.76031E+00
4695.09912  0.75412E+00
4695.10840  0.75215E+00
4695.11816  0.75441E+00
4695.12744  0.75982E+00
4695.13721  0.76655E+00
4695.14648  0.77239E+00
4695.15576  0.77533E+00
4695.16553  0.77454E+00
4695.17480  0.77088E+00
4695.18457  0.76637E+00
4695.19385  0.76242E+00
4695.20312  0.75822E+00
4695.21289  0.75186E+00
4695.22217  0.74262E+00
4695.23193  0.73149E+00
4695.24121  0.72060E+00
4695.25049  0.71318E+00
4695.26025  0.71246E+00
4695.26953  0.71895E+00
4695.27930  0.72998E+00
4695.28857  0.74281E+00
4695.29834  0.75659E+00
4695.30762  0.77092E+00
4695.31689  0.78393E+00
4695.32666  0.79310E+00
4695.33594  0.79757E+00
4695.34570  0.79840E+00
4695.35498  0.79726E+00
4695.36426  0.79561E+00
4695.37402  0.79454E+00
4695.38330  0.79411E+00
4695.39307  0.79354E+00
4695.40234  0.79225E+00
4695.41162  0.78975E+00
4695.42139  0.78594E+00
4695.43066  0.78219E+00
4695.44043  0.78031E+00
4695.44971  0.78015E+00
4695.45898  0.78044E+00
4695.46875  0.78074E+00
4695.47803  0.78035E+00
4695.48779  0.77801E+00
4695.49707  0.77442E+00
4695.50684  0.77200E+00
4695.51611  0.77178E+00
4695.52539  0.77359E+00
4695.53516  0.77791E+00
4695.54443  0.78469E+00
4695.55420  0.79251E+00
4695.56348  0.80021E+00
4695.57275  0.80685E+00
4695.58252  0.81092E+00
4695.59180  0.81206E+00
4695.60156  0.81186E+00
4695.61084  0.81148E+00
4695.62012  0.81074E+00
4695.62988  0.80989E+00
4695.63916  0.80969E+00
4695.64893  0.80995E+00
4695.65820  0.80975E+00
4695.66748  0.80847E+00
4695.67725  0.80600E+00
4695.68652  0.80287E+00
4695.69629  0.79984E+00
4695.70557  0.79722E+00
4695.71533  0.79481E+00
4695.72461  0.79266E+00
4695.73389  0.79107E+00
4695.74365  0.79011E+00
4695.75293  0.78956E+00
4695.76270  0.78936E+00
4695.77197  0.78962E+00
4695.78125  0.79001E+00
4695.79102  0.78999E+00
4695.80029  0.78930E+00
4695.81006  0.78809E+00
4695.81934  0.78689E+00
4695.82861  0.78661E+00
4695.83838  0.78719E+00
4695.84766  0.78679E+00
4695.85742  0.78438E+00
4695.86670  0.78173E+00
4695.87598  0.78084E+00
4695.88574  0.78139E+00
4695.89502  0.78228E+00
4695.90479  0.78332E+00
4695.91406  0.78417E+00
4695.92383  0.78399E+00
4695.93311  0.78291E+00
4695.94238  0.78191E+00
4695.95215  0.78099E+00
4695.96143  0.77886E+00
4695.97119  0.77430E+00
4695.98047  0.76704E+00
4695.98975  0.75775E+00
4695.99951  0.74825E+00
4696.00879  0.74167E+00
4696.01855  0.74131E+00
4696.02783  0.74871E+00
4696.03711  0.76220E+00
4696.04688  0.77731E+00
4696.05615  0.78877E+00
4696.06592  0.79306E+00
4696.07520  0.79034E+00
4696.08447  0.78412E+00
4696.09424  0.77875E+00
4696.10352  0.77679E+00
4696.11328  0.77791E+00
4696.12256  0.78005E+00
4696.13232  0.78167E+00
4696.14160  0.78276E+00
4696.15088  0.78425E+00
4696.16064  0.78691E+00
4696.16992  0.79054E+00
4696.17969  0.79383E+00
4696.18896  0.79517E+00
4696.19824  0.79366E+00
4696.20801  0.78978E+00
4696.21729  0.78505E+00
4696.22705  0.78130E+00
4696.23633  0.77991E+00
4696.24561  0.78124E+00
4696.25537  0.78485E+00
4696.26465  0.78979E+00
4696.27441  0.79442E+00
4696.28369  0.79682E+00
4696.29297  0.79565E+00
4696.30273  0.79053E+00
4696.31201  0.78209E+00
4696.32178  0.77255E+00
4696.33105  0.76558E+00
4696.34082  0.76404E+00
4696.35010  0.76835E+00
4696.35938  0.77719E+00
4696.36914  0.78832E+00
4696.37842  0.79881E+00
4696.38818  0.80620E+00
4696.39746  0.80955E+00
4696.40674  0.80928E+00
4696.41650  0.80630E+00
4696.42578  0.80115E+00
4696.43555  0.79355E+00
4696.44482  0.78356E+00
4696.45410  0.77315E+00
4696.46387  0.76496E+00
4696.47314  0.76011E+00
4696.48291  0.75839E+00
4696.49219  0.75983E+00
4696.50146  0.76455E+00
4696.51123  0.77161E+00
4696.52051  0.77887E+00
4696.53027  0.78345E+00
4696.53955  0.78300E+00
4696.54932  0.77766E+00
4696.55859  0.77060E+00
4696.56787  0.76548E+00
4696.57764  0.76404E+00
4696.58691  0.76608E+00
4696.59668  0.77056E+00
4696.60596  0.77616E+00
4696.61523  0.78175E+00
4696.62500  0.78648E+00
4696.63428  0.78944E+00
4696.64404  0.78988E+00
4696.65332  0.78780E+00
4696.66260  0.78392E+00
4696.67236  0.77935E+00
4696.68164  0.77543E+00
4696.69141  0.77293E+00
4696.70068  0.77121E+00
4696.70996  0.76919E+00
4696.71973  0.76685E+00
4696.72900  0.76537E+00
4696.73877  0.76622E+00
4696.74805  0.76972E+00
4696.75781  0.77394E+00
4696.76709  0.77591E+00
4696.77637  0.77425E+00
4696.78613  0.76994E+00
4696.79541  0.76495E+00
4696.80518  0.76103E+00
4696.81445  0.75892E+00
4696.82373  0.75886E+00
4696.83350  0.76184E+00
4696.84277  0.76878E+00
4696.85254  0.77845E+00
4696.86182  0.78790E+00
4696.87109  0.79492E+00
4696.88086  0.79848E+00
4696.89014  0.79805E+00
4696.89990  0.79410E+00
4696.90918  0.78844E+00
4696.91846  0.78338E+00
4696.92822  0.78058E+00
4696.93750  0.77990E+00
4696.94727  0.77997E+00
4696.95654  0.77996E+00
4696.96631  0.77931E+00
4696.97559  0.77641E+00
4696.98486  0.77001E+00
4696.99463  0.76130E+00
4697.00391  0.75293E+00
4697.01367  0.74746E+00
4697.02295  0.74754E+00
4697.03223  0.75438E+00
4697.04199  0.76522E+00
4697.05127  0.77545E+00
4697.06104  0.78332E+00
4697.07031  0.78966E+00
4697.07959  0.79478E+00
4697.08936  0.79823E+00
4697.09863  0.79989E+00
4697.10840  0.79930E+00
4697.11768  0.79594E+00
4697.12695  0.79113E+00
4697.13672  0.78731E+00
4697.14600  0.78525E+00
4697.15576  0.78389E+00
4697.16504  0.78233E+00
4697.17480  0.78054E+00
4697.18408  0.77909E+00
4697.19336  0.77887E+00
4697.20312  0.78022E+00
4697.21240  0.78227E+00
4697.22217  0.78362E+00
4697.23145  0.78343E+00
4697.24072  0.78167E+00
4697.25049  0.77891E+00
4697.25977  0.77593E+00
4697.26953  0.77330E+00
4697.27881  0.77162E+00
4697.28809  0.77120E+00
4697.29785  0.77167E+00
4697.30713  0.77262E+00
4697.31689  0.77429E+00
4697.32617  0.77633E+00
4697.33545  0.77660E+00
4697.34521  0.77285E+00
4697.35449  0.76544E+00
4697.36426  0.75725E+00
4697.37354  0.75059E+00
4697.38330  0.74542E+00
4697.39258  0.74130E+00
4697.40186  0.73948E+00
4697.41162  0.74091E+00
4697.42090  0.74370E+00
4697.43066  0.74440E+00
4697.43994  0.74090E+00
4697.44922  0.73334E+00
4697.45898  0.72359E+00
4697.46826  0.71505E+00
4697.47803  0.71165E+00
4697.48730  0.71590E+00
4697.49658  0.72691E+00
4697.50635  0.74034E+00
4697.51562  0.75162E+00
4697.52539  0.75947E+00
4697.53467  0.76533E+00
4697.54395  0.77019E+00
4697.55371  0.77364E+00
4697.56299  0.77524E+00
4697.57275  0.77512E+00
4697.58203  0.77349E+00
4697.59180  0.77019E+00
4697.60107  0.76446E+00
4697.61035  0.75492E+00
4697.62012  0.74101E+00
4697.62939  0.72504E+00
4697.63916  0.71176E+00
4697.64844  0.70579E+00
4697.65771  0.71015E+00
4697.66748  0.72526E+00
4697.67676  0.74723E+00
4697.68652  0.76906E+00
4697.69580  0.78553E+00
4697.70508  0.79575E+00
4697.71484  0.80105E+00
4697.72412  0.80289E+00
4697.73389  0.80245E+00
4697.74316  0.80037E+00
4697.75244  0.79719E+00
4697.76221  0.79354E+00
4697.77148  0.78909E+00
4697.78125  0.78278E+00
4697.79053  0.77457E+00
4697.80029  0.76554E+00
4697.80957  0.75681E+00
4697.81885  0.74990E+00
4697.82861  0.74708E+00
4697.83789  0.74951E+00
4697.84766  0.75581E+00
4697.85693  0.76302E+00
4697.86621  0.76860E+00
4697.87598  0.77217E+00
4697.88525  0.77550E+00
4697.89502  0.78024E+00
4697.90430  0.78625E+00
4697.91357  0.79230E+00
4697.92334  0.79686E+00
4697.93262  0.79874E+00
4697.94238  0.79802E+00
4697.95166  0.79562E+00
4697.96094  0.79213E+00
4697.97070  0.78831E+00
4697.97998  0.78534E+00
4697.98975  0.78355E+00
4697.99902  0.78286E+00
4698.00879  0.78403E+00
4698.01807  0.78739E+00
4698.02734  0.79138E+00
4698.03711  0.79394E+00
4698.04639  0.79366E+00
4698.05615  0.78900E+00
4698.06543  0.77803E+00
4698.07471  0.75933E+00
4698.08447  0.73292E+00
4698.09375  0.70214E+00
4698.10352  0.67483E+00
4698.11279  0.66012E+00
4698.12207  0.66316E+00
4698.13184  0.68315E+00
4698.14111  0.71442E+00
4698.15088  0.74830E+00
4698.16016  0.77562E+00
4698.16943  0.79065E+00
4698.17920  0.79384E+00
4698.18848  0.79042E+00
4698.19824  0.78591E+00
4698.20752  0.78315E+00
4698.21729  0.78302E+00
4698.22656  0.78580E+00
4698.23584  0.79067E+00
4698.24561  0.79526E+00
4698.25488  0.79733E+00
4698.26465  0.79706E+00
4698.27393  0.79665E+00
4698.28320  0.79704E+00
4698.29297  0.79661E+00
4698.30225  0.79417E+00
4698.31201  0.79082E+00
4698.32129  0.78781E+00
4698.33057  0.78514E+00
4698.34033  0.78339E+00
4698.34961  0.78403E+00
4698.35938  0.78715E+00
4698.36865  0.79092E+00
4698.37793  0.79352E+00
4698.38770  0.79479E+00
4698.39697  0.79613E+00
4698.40674  0.79834E+00
4698.41602  0.80025E+00
4698.42578  0.80057E+00
4698.43506  0.80005E+00
4698.44434  0.80029E+00
4698.45410  0.80188E+00
4698.46338  0.80448E+00
4698.47314  0.80689E+00
4698.48242  0.80760E+00
4698.49170  0.80664E+00
4698.50146  0.80544E+00
4698.51074  0.80447E+00
4698.52051  0.80318E+00
4698.52979  0.80158E+00
4698.53906  0.79952E+00
4698.54883  0.79567E+00
4698.55811  0.78935E+00
4698.56787  0.78199E+00
4698.57715  0.77570E+00
4698.58643  0.77185E+00
4698.59619  0.77115E+00
4698.60547  0.77357E+00
4698.61523  0.77818E+00
4698.62451  0.78359E+00
4698.63428  0.78863E+00
4698.64355  0.79271E+00
4698.65283  0.79616E+00
4698.66260  0.79952E+00
4698.67188  0.80260E+00
4698.68164  0.80489E+00
4698.69092  0.80671E+00
4698.70020  0.80846E+00
4698.70996  0.80919E+00
4698.71924  0.80754E+00
4698.72900  0.80359E+00
4698.73828  0.79870E+00
4698.74756  0.79441E+00
4698.75732  0.79197E+00
4698.76660  0.79182E+00
4698.77637  0.79334E+00
4698.78564  0.79557E+00
4698.79492  0.79793E+00
4698.80469  0.79990E+00
4698.81396  0.80074E+00
4698.82373  0.79963E+00
4698.83301  0.79589E+00
4698.84277  0.78922E+00
4698.85205  0.77977E+00
4698.86133  0.76778E+00
4698.87109  0.75457E+00
4698.88037  0.74370E+00
4698.89014  0.73916E+00
4698.89941  0.74235E+00
4698.90869  0.75247E+00
4698.91846  0.76766E+00
4698.92773  0.78404E+00
4698.93750  0.79643E+00
4698.94678  0.80208E+00
4698.95605  0.80155E+00
4698.96582  0.79629E+00
4698.97510  0.78734E+00
4698.98486  0.77524E+00
4698.99414  0.75958E+00
4699.00342  0.74064E+00
4699.01318  0.72190E+00
4699.02246  0.70882E+00
4699.03223  0.70486E+00
4699.04150  0.71005E+00
4699.05127  0.72254E+00
4699.06055  0.73942E+00
4699.06982  0.75683E+00
4699.07959  0.77152E+00
4699.08887  0.78233E+00
4699.09863  0.78933E+00
4699.10791  0.79248E+00
4699.11719  0.79257E+00
4699.12695  0.79183E+00
4699.13623  0.79210E+00
4699.14600  0.79359E+00
4699.15527  0.79603E+00
4699.16455  0.79880E+00
4699.17432  0.80063E+00
4699.18359  0.80107E+00
4699.19336  0.80112E+00
4699.20264  0.80123E+00
4699.21191  0.80026E+00
4699.22168  0.79718E+00
4699.23096  0.79165E+00
4699.24072  0.78359E+00
4699.25000  0.77411E+00
4699.25977  0.76569E+00
4699.26904  0.76026E+00
4699.27832  0.75845E+00
4699.28809  0.76041E+00
4699.29736  0.76480E+00
4699.30713  0.76806E+00
4699.31641  0.76629E+00
4699.32568  0.75728E+00
4699.33545  0.74084E+00
4699.34473  0.71980E+00
4699.35449  0.70013E+00
4699.36377  0.68811E+00
4699.37305  0.68660E+00
4699.38281  0.69367E+00
4699.39209  0.70409E+00
4699.40186  0.71289E+00
4699.41113  0.71840E+00
4699.42041  0.72267E+00
4699.43018  0.72996E+00
4699.43945  0.74374E+00
4699.44922  0.76274E+00
4699.45850  0.78063E+00
4699.46826  0.79172E+00
4699.47754  0.79509E+00
4699.48682  0.79266E+00
4699.49658  0.78731E+00
4699.50586  0.78330E+00
4699.51562  0.78398E+00
4699.52490  0.78872E+00
4699.53418  0.79466E+00
4699.54395  0.80022E+00
4699.55322  0.80514E+00
4699.56299  0.80863E+00
4699.57227  0.80889E+00
4699.58154  0.80398E+00
4699.59131  0.79359E+00
4699.60059  0.78027E+00
4699.61035  0.76814E+00
4699.61963  0.76083E+00
4699.62891  0.76074E+00
4699.63867  0.76865E+00
4699.64795  0.78268E+00
4699.65771  0.79843E+00
4699.66699  0.81139E+00
4699.67676  0.81893E+00
4699.68604  0.81919E+00
4699.69531 -0.10000E+01
4699.70508 -0.10000E+01
4699.71436 -0.10000E+01
4699.72412 -0.10000E+01
4699.73340 -0.10000E+01
4699.74268 -0.10000E+01
4699.75244 -0.10000E+01
4699.76172 -0.10000E+01
4699.77148 -0.10000E+01
4699.78076 -0.10000E+01
4699.79004 -0.10000E+01
4699.79980 -0.10000E+01
4699.80908 -0.10000E+01
4699.81885 -0.10000E+01
4699.82812 -0.10000E+01
4699.83740  0.80908E+00
4699.84717  0.81179E+00
4699.85645  0.81007E+00
4699.86621  0.80595E+00
4699.87549  0.80202E+00
4699.88525  0.79880E+00
4699.89453  0.79786E+00
4699.90381  0.80075E+00
4699.91357  0.80573E+00
4699.92285  0.80968E+00
4699.93262  0.81143E+00
4699.94189  0.81136E+00
4699.95117  0.81019E+00
4699.96094  0.80878E+00
4699.97021  0.80794E+00
4699.97998  0.80804E+00
4699.98926  0.80846E+00
4699.99854  0.80716E+00
4700.00830  0.80180E+00
4700.01758  0.79143E+00
4700.02734  0.77652E+00
4700.03662  0.75858E+00
4700.04590  0.74055E+00
4700.05566  0.72686E+00
4700.06494  0.72199E+00
4700.07471  0.72784E+00
4700.08398  0.74167E+00
4700.09375  0.75763E+00
4700.10303  0.77074E+00
4700.11230  0.77813E+00
4700.12207  0.77808E+00
4700.13135  0.77120E+00
4700.14111  0.76196E+00
4700.15039  0.75576E+00
4700.15967  0.75501E+00
4700.16943  0.75901E+00
4700.17871  0.76586E+00
4700.18848  0.77354E+00
4700.19775  0.78057E+00
4700.20703  0.78690E+00
4700.21680  0.79350E+00
4700.22607  0.80065E+00
4700.23584  0.80687E+00
4700.24512  0.81032E+00
4700.25439  0.81087E+00
4700.26416  0.80977E+00
4700.27344  0.80803E+00
4700.28320  0.80615E+00
4700.29248  0.80470E+00
4700.30225  0.80391E+00
4700.31152  0.80340E+00
4700.32080  0.80316E+00
4700.33057  0.80405E+00
4700.33984  0.80688E+00
4700.34961  0.81095E+00
4700.35889  0.81402E+00
4700.36816  0.81444E+00
4700.37793  0.81262E+00
4700.38721  0.80940E+00
4700.39697  0.80452E+00
4700.40625  0.79786E+00
4700.41553  0.78996E+00
4700.42529  0.78053E+00
4700.43457  0.76852E+00
4700.44434  0.75402E+00
4700.45361  0.73880E+00
4700.46289  0.72605E+00
4700.47266  0.71935E+00
4700.48193  0.72004E+00
4700.49170  0.72614E+00
4700.50098  0.73538E+00
4700.51074  0.74662E+00
4700.52002  0.75752E+00
4700.52930  0.76487E+00
4700.53906  0.76818E+00
4700.54834  0.76930E+00
4700.55811  0.76924E+00
4700.56738  0.76859E+00
4700.57666  0.76862E+00
4700.58643  0.76925E+00
4700.59570  0.76894E+00
4700.60547  0.76789E+00
4700.61475  0.76798E+00
4700.62402  0.77014E+00
4700.63379  0.77423E+00
4700.64307  0.77978E+00
4700.65283  0.78525E+00
4700.66211  0.78901E+00
4700.67139  0.79168E+00
4700.68115  0.79487E+00
4700.69043  0.79843E+00
4700.70020  0.80128E+00
4700.70947  0.80294E+00
4700.71924  0.80309E+00
4700.72852  0.80151E+00
4700.73779  0.79894E+00
4700.74756  0.79599E+00
4700.75684  0.79227E+00
4700.76660  0.78768E+00
4700.77588  0.78342E+00
4700.78516  0.78073E+00
4700.79492  0.77993E+00
4700.80420  0.78057E+00
4700.81396  0.78176E+00
4700.82324  0.78243E+00
4700.83252  0.78168E+00
4700.84229  0.77926E+00
4700.85156  0.77587E+00
4700.86133  0.77282E+00
4700.87061  0.77131E+00
4700.87988  0.77217E+00
4700.88965  0.77562E+00
4700.89893  0.78090E+00
4700.90869  0.78645E+00
4700.91797  0.79090E+00
4700.92773  0.79357E+00
4700.93701  0.79471E+00
4700.94629  0.79549E+00
4700.95605  0.79677E+00
4700.96533  0.79788E+00
4700.97510  0.79781E+00
4700.98438  0.79698E+00
4700.99365  0.79615E+00
4701.00342  0.79504E+00
4701.01270  0.79357E+00
4701.02246  0.79297E+00
4701.03174  0.79378E+00
4701.04102  0.79440E+00
4701.05078  0.79324E+00
4701.06006  0.79043E+00
4701.06982  0.78685E+00
4701.07910  0.78297E+00
4701.08838  0.77885E+00
4701.09814  0.77452E+00
4701.10742  0.77028E+00
4701.11719  0.76636E+00
4701.12646  0.76253E+00
4701.13623  0.75931E+00
4701.14551  0.75891E+00
4701.15479  0.76263E+00
4701.16455  0.76786E+00
4701.17383  0.77062E+00
4701.18359  0.77021E+00
4701.19287  0.76924E+00
4701.20215  0.77036E+00
4701.21191  0.77419E+00
4701.22119  0.77912E+00
4701.23096  0.78258E+00
4701.24023  0.78301E+00
4701.24951  0.78070E+00
4701.25928  0.77722E+00
4701.26855  0.77504E+00
4701.27832  0.77622E+00
4701.28760  0.78055E+00
4701.29688  0.78603E+00
4701.30664  0.79079E+00
4701.31592  0.79381E+00
4701.32568  0.79518E+00
4701.33496  0.79597E+00
4701.34473  0.79651E+00
4701.35400  0.79620E+00
4701.36328  0.79550E+00
4701.37305  0.79568E+00
4701.38232  0.79642E+00
4701.39209  0.79619E+00
4701.40137  0.79416E+00
4701.41064  0.78996E+00
4701.42041  0.78365E+00
4701.42969  0.77689E+00
4701.43945  0.77211E+00
4701.44873  0.77069E+00
4701.45801  0.77292E+00
4701.46777  0.77846E+00
4701.47705  0.78597E+00
4701.48682  0.79370E+00
4701.49609  0.80057E+00
4701.50537  0.80557E+00
4701.51514  0.80774E+00
4701.52441  0.80736E+00
4701.53418  0.80528E+00
4701.54346  0.80111E+00
4701.55322  0.79404E+00
4701.56250  0.78516E+00
4701.57178  0.77762E+00
4701.58154  0.77462E+00
4701.59082  0.77752E+00
4701.60059  0.78489E+00
4701.60986  0.79329E+00
4701.61914  0.79945E+00
4701.62891  0.80166E+00
4701.63818  0.79964E+00
4701.64795  0.79421E+00
4701.65723  0.78695E+00
4701.66650  0.77981E+00
4701.67627  0.77401E+00
4701.68555  0.76894E+00
4701.69531  0.76238E+00
4701.70459  0.75324E+00
4701.71387  0.74362E+00
4701.72363  0.73738E+00
4701.73291  0.73751E+00
4701.74268  0.74514E+00
4701.75195  0.75892E+00
4701.76172  0.77462E+00
4701.77100  0.78759E+00
4701.78027  0.79559E+00
4701.79004  0.79823E+00
4701.79932  0.79545E+00
4701.80908  0.78831E+00
4701.81836  0.77966E+00
4701.82764  0.77255E+00
4701.83740  0.76816E+00
4701.84668  0.76529E+00
4701.85645  0.76180E+00
4701.86572  0.75688E+00
4701.87500  0.75171E+00
4701.88477  0.74838E+00
4701.89404  0.74885E+00
4701.90381  0.75419E+00
4701.91309  0.76355E+00
4701.92236  0.77420E+00
4701.93213  0.78293E+00
4701.94141  0.78727E+00
4701.95117  0.78599E+00
4701.96045  0.77924E+00
4701.97021  0.76831E+00
4701.97949  0.75533E+00
4701.98877  0.74329E+00
4701.99854  0.73519E+00
4702.00781  0.73298E+00
