           0.95  
           0.3600
 4697.000  0.9494
 4697.020  0.9460
 4697.040  0.9472
 4697.060  0.9476
 4697.080  0.9489
 4697.100  0.9506
 4697.120  0.9526
 4697.140  0.9555
 4697.160  0.9597
 4697.180  0.9651
 4697.200  0.9682
 4697.220  0.9640
 4697.240  0.9531
 4697.260  0.9424
 4697.280  0.9383
 4697.300  0.9399
 4697.320  0.9409
 4697.340  0.9383
 4697.360  0.9362
 4697.380  0.9387
 4697.400  0.9432
 4697.420  0.9456
 4697.440  0.9456
 4697.460  0.9450
 4697.480  0.9448
 4697.500  0.9449
 4697.520  0.9448
 4697.540  0.9457
 4697.560  0.9484
 4697.580  0.9503
 4697.600  0.9492
 4697.620  0.9468
 4697.640  0.9463
 4697.660  0.9485
 4697.680  0.9508
 4697.700  0.9507
 4697.720  0.9481
 4697.740  0.9454
 4697.760  0.9449
 4697.780  0.9466
 4697.800  0.9509
 4697.820  0.9577
 4697.840  0.9625
 4697.860  0.9617
 4697.880  0.9574
 4697.900  0.9563
 4697.920  0.9616
 4697.940  0.9678
 4697.960  0.9669
 4697.980  0.9596
 4698.000  0.9532
 4698.020  0.9508
 4698.040  0.9495
 4698.060  0.9447
 4698.080  0.9364
 4698.100  0.9288
 4698.120  0.9258
 4698.140  0.9260
 4698.160  0.9254
 4698.180  0.9238
 4698.200  0.9247
 4698.220  0.9300
 4698.240  0.9383
 4698.260  0.9462
 4698.280  0.9514
 4698.300  0.9543
 4698.320  0.9546
 4698.340  0.9507
 4698.360  0.9408
 4698.380  0.9245
 4698.400  0.9028
 4698.420  0.8793
 4698.440  0.8603
 4698.460  0.8482
 4698.480  0.8405
 4698.500  0.8376
 4698.520  0.8445
 4698.540  0.8639
 4698.560  0.8924
 4698.580  0.9212
 4698.600  0.9410
 4698.620  0.9475
 4698.640  0.9456
 4698.660  0.9436
 4698.680  0.9452
 4698.700  0.9493
 4698.720  0.9548
 4698.740  0.9592
 4698.760  0.9592
 4698.780  0.9544
 4698.800  0.9480
 4698.820  0.9438
 4698.840  0.9417
 4698.860  0.9366
 4698.880  0.9267
 4698.900  0.9175
 4698.920  0.9150
 4698.940  0.9195
 4698.960  0.9268
 4698.980  0.9320
 4699.000  0.9339
 4699.020  0.9338
 4699.040  0.9314
 4699.060  0.9266
 4699.080  0.9194
 4699.100  0.9098
 4699.120  0.9019
 4699.140  0.9021
 4699.160  0.9111
 4699.180  0.9224
 4699.200  0.9302
 4699.220  0.9334
 4699.240  0.9349
 4699.260  0.9379
 4699.280  0.9427
 4699.300  0.9471
 4699.320  0.9490
 4699.340  0.9487
 4699.360  0.9485
 4699.380  0.9493
 4699.400  0.9507
 4699.420  0.9520
 4699.440  0.9512
 4699.460  0.9484
 4699.480  0.9473
 4699.500  0.9504
 4699.520  0.9571
 4699.540  0.9659
 4699.560  0.9744
 4699.580  0.9789
 4699.600  0.9776
 4699.620  0.9737
 4699.640 -1.0000
 4699.660 -1.0000
 4699.680 -1.0000
 4699.700 -1.0000
 4699.720 -1.0000
 4699.740 -1.0000
 4699.760 -1.0000
 4699.780 -1.0000
 4699.800 -1.0000
 4699.820 -1.0000
 4699.840 -1.0000
 4699.860 -1.0000
 4699.880  0.9763
 4699.900  0.9701
 4699.920  0.9669
 4699.940  0.9657
 4699.960  0.9608
 4699.980  0.9508
 4700.000  0.9412
 4700.020  0.9376
 4700.040  0.9414
 4700.060  0.9481
 4700.080  0.9526
 4700.100  0.9530
 4700.120  0.9516
 4700.140  0.9518
 4700.160  0.9545
 4700.180  0.9560
 4700.200  0.9532
 4700.220  0.9486
 4700.240  0.9472
 4700.260  0.9495
 4700.280  0.9507
 4700.300  0.9499
 4700.320  0.9495
 4700.340  0.9502
 4700.360  0.9512
 4700.380  0.9516
 4700.400  0.9505
 4700.420  0.9478
 4700.440  0.9457
 4700.460  0.9466
 4700.480  0.9495
 4700.500  0.9482
 4700.520  0.9355
 4700.540  0.9118
 4700.560  0.8844
 4700.580  0.8618
 4700.600  0.8496
 4700.620  0.8499
 4700.640  0.8624
 4700.660  0.8845
 4700.680  0.9085
 4700.700  0.9250
 4700.720  0.9310
 4700.740  0.9303
 4700.760  0.9284
 4700.780  0.9275
 4700.800  0.9272
 4700.820  0.9278
 4700.840  0.9289
 4700.860  0.9297
 4700.880  0.9312
 4700.900  0.9348
 4700.920  0.9397
 4700.940  0.9423
 4700.960  0.9411
 4700.980  0.9404
 4701.000  0.9448
 4701.020  0.9514
 4701.040  0.9542
 4701.060  0.9524
 4701.080  0.9499
 4701.100  0.9487
 4701.120  0.9475
 4701.140  0.9469
 4701.160  0.9487
 4701.180  0.9519
 4701.200  0.9524
 4701.220  0.9499
 4701.240  0.9472
 4701.260  0.9466
 4701.280  0.9479
 4701.300  0.9497
 4701.320  0.9520
 4701.340  0.9556
 4701.360  0.9580
 4701.380  0.9564
 4701.400  0.9522
 4701.420  0.9495
 4701.440  0.9505
 4701.460  0.9534
 4701.480  0.9562
 4701.500  0.9575
 4701.520  0.9561
 4701.540  0.9530
 4701.560  0.9512
 4701.580  0.9513
 4701.600  0.9507
 4701.620  0.9470
 4701.640  0.9429
 4701.660  0.9424
 4701.680  0.9439
 4701.700  0.9416
 4701.720  0.9345
 4701.740  0.9262
 4701.760  0.9175
 4701.780  0.9060
 4701.800  0.8934
 4701.820  0.8877
 4701.840  0.8911
 4701.860  0.8927
 4701.880  0.8800
 4701.900  0.8551
 4701.920  0.8351
 4701.940  0.8347
 4701.960  0.8519
 4701.980  0.8751
 4702.000  0.8951
 4702.020  0.9054
 4702.040  0.9030
 4702.060  0.8928
 4702.080  0.8860
 4702.100  0.8894
 4702.120  0.9004
 4702.140  0.9127
 4702.160  0.9213
 4702.180  0.9232
 4702.200  0.9206
 4702.220  0.9210
 4702.240  0.9302
 4702.260  0.9440
 4702.280  0.9539
 4702.300  0.9554
 4702.320  0.9508
 4702.340  0.9461
 4702.360  0.9448
 4702.380  0.9451
 4702.400  0.9452
 4702.420  0.9473
 4702.440  0.9513
 4702.460  0.9543
 4702.480  0.9539
 4702.500  0.9504
 4702.520  0.9471
 4702.540  0.9450
 4702.560  0.9434
 4702.580  0.9437
 4702.600  0.9472
 4702.620  0.9527
 4702.640  0.9583
 4702.660  0.9634
 4702.680  0.9688
 4702.700  0.9715
 4702.720  0.9679
 4702.740  0.9597
 4702.760  0.9540
 4702.780  0.9544
 4702.800  0.9574
 4702.820  0.9586
 4702.840  0.9584
 4702.860  0.9595
 4702.880  0.9612
 4702.900  0.9604
 4702.920  0.9571
 4702.940  0.9550
 4702.960  0.9547
 4702.980  0.9524
 4703.000  0.9482
 4703.020  0.9465
 4703.040  0.9479
 4703.060  0.9494
 4703.080  0.9494
 4703.100  0.9506
 4703.120  0.9565
 4703.140  0.9640
 4703.160  0.9665
 4703.180  0.9624
 4703.200  0.9560
 4703.220  0.9504
 4703.240  0.9438
 4703.260  0.9327
 4703.280  0.9187
 4703.300  0.9074
 4703.320  0.8999
 4703.340  0.8936
 4703.360  0.8897
 4703.380  0.8930
 4703.400  0.9051
 4703.420  0.9228
 4703.440  0.9387
 4703.460  0.9466
 4703.480  0.9470
 4703.500  0.9444
 4703.520  0.9427
 4703.540  0.9439
 4703.560  0.9473
 4703.580  0.9497
 4703.600  0.9482
 4703.620  0.9435
 4703.640  0.9383
 4703.660  0.9338
 4703.680  0.9289
 4703.700  0.9241
 4703.720  0.9233
 4703.740  0.9300
 4703.760  0.9419
 4703.780  0.9521
 4703.800  0.9560
 4703.820  0.9554
 4703.840  0.9553
 4703.860  0.9569
 4703.880  0.9576
 4703.900  0.9566
 4703.920  0.9560
 4703.940  0.9566
 4703.960  0.9548
 4703.980  0.9481
 4704.000  0.9399
 4704.020  0.9349
 4704.040  0.9326
 4704.060  0.9298
 4704.080  0.9272
 4704.100  0.9280
 4704.120  0.9334
 4704.140  0.9415
 4704.160  0.9506
 4704.180  0.9589
 4704.200  0.9630
 4704.220  0.9601
 4704.240  0.9510
 4704.260  0.9408
 4704.280  0.9363
 4704.300  0.9390
 4704.320  0.9431
 4704.340  0.9427
 4704.360  0.9373
 4704.380  0.9308
 4704.400  0.9276
 4704.420  0.9280
 4704.440  0.9292
 4704.460  0.9308
 4704.480  0.9334
 4704.500  0.9362
 4704.520  0.9371
 4704.540  0.9372
 4704.560  0.9382
 4704.580  0.9371
 4704.600  0.9306
 4704.620  0.9205
 4704.640  0.9086
 4704.660  0.8973
 4704.680  0.8923
 4704.700  0.8976
 4704.720  0.9110
 4704.740  0.9261
 4704.760  0.9379
 4704.780  0.9452
 4704.800  0.9472
 4704.820  0.9439
 4704.840  0.9374
 4704.860  0.9288
 4704.880  0.9157
 4704.900  0.8962
 4704.920  0.8716
 4704.940  0.8472
 4704.960  0.8307
 4704.980  0.8287
 4705.000  0.8441
 4705.020  0.8733
 4705.040  0.9040
 4705.060  0.9239
 4705.080  0.9302
 4705.100  0.9294
 4705.120  0.9295
 4705.140  0.9342
 4705.160  0.9422
 4705.180  0.9501
 4705.200  0.9545
 4705.220  0.9541
 4705.240  0.9508
 4705.260  0.9482
 4705.280  0.9475
 4705.300  0.9452
 4705.320  0.9377
 4705.340  0.9260
 4705.360  0.9124
 4705.380  0.8987
 4705.400  0.8865
 4705.420  0.8781
 4705.440  0.8770
 4705.460  0.8851
 4705.480  0.8990
 4705.500  0.9115
 4705.520  0.9192
 4705.540  0.9248
 4705.560  0.9317
 4705.580  0.9398
 4705.600  0.9473
 4705.620  0.9536
 4705.640  0.9596
 4705.660  0.9653
 4705.680  0.9687
 4705.700  0.9684
 4705.720  0.9658
 4705.740  0.9629
 4705.760  0.9577
 4705.780  0.9481
 4705.800  0.9356
 4705.820  0.9231
 4705.840  0.9129
 4705.860  0.9075
 4705.880  0.9070
 4705.900  0.9092
 4705.920  0.9153
 4705.940  0.9275
 4705.960  0.9410
 4705.980  0.9477
 4706.000  0.9460
 4706.020  0.9415
 4706.040  0.9396
 4706.060  0.9403
 4706.080  0.9400
 4706.100  0.9382
 4706.120  0.9381
 4706.140  0.9414
 4706.160  0.9464
 4706.180  0.9508
 4706.200  0.9540
 4706.220  0.9573
 4706.240  0.9588
 4706.260  0.9559
 4706.280  0.9509
 4706.300  0.9492
 4706.320  0.9508
 4706.340  0.9508
 4706.360  0.9464
 4706.380  0.9406
 4706.400  0.9408
 4706.420  0.9494
 4706.440  0.9577
 4706.460  0.9559
 4706.480  0.9460
 4706.500  0.9365
 4706.520  0.9315
 4706.540  0.9303
 4706.560  0.9309
 4706.580  0.9314
 4706.600  0.9312
 4706.620  0.9302
 4706.640  0.9257
 4706.660  0.9128
 4706.680  0.8894
 4706.700  0.8572
 4706.720  0.8180
 4706.740  0.7719
 4706.760  0.7230
 4706.780  0.6832
 4706.800  0.6684
 4706.820  0.6877
 4706.840  0.7363
 4706.860  0.7970
 4706.880  0.8519
 4706.900  0.8923
 4706.920  0.9178
 4706.940  0.9342
 4706.960  0.9504
 4706.980  0.9666
 4707.000  0.9770
 4707.020  0.9811
 4707.040  0.9819
 4707.060 -1.0000
 4707.080 -1.0000
 4707.100 -1.0000
 4707.120 -1.0000
 4707.140 -1.0000
 4707.160 -1.0000
 4707.180  0.9487
 4707.200  0.9437
 4707.220  0.9428
 4707.240  0.9465
 4707.260  0.9499
 4707.280  0.9501
 4707.300  0.9493
 4707.320  0.9500
 4707.340  0.9500
 4707.360  0.9468
 4707.380  0.9435
 4707.400  0.9441
 4707.420  0.9481
 4707.440  0.9528
 4707.460  0.9567
 4707.480  0.9589
 4707.500  0.9570
 4707.520  0.9511
 4707.540  0.9451
 4707.560  0.9423
 4707.580  0.9405
 4707.600  0.9363
 4707.620  0.9318
 4707.640  0.9311
 4707.660  0.9342
 4707.680  0.9379
 4707.700  0.9406
 4707.720  0.9437
 4707.740  0.9471
 4707.760  0.9475
 4707.780  0.9442
 4707.800  0.9401
 4707.820  0.9372
 4707.840  0.9333
 4707.860  0.9295
 4707.880  0.9305
 4707.900  0.9375
 4707.920  0.9453
 4707.940  0.9476
 4707.960  0.9447
 4707.980  0.9414
 4708.000  0.9401
 4708.020  0.9388
 4708.040  0.9371
 4708.060  0.9370
 4708.080  0.9385
 4708.100  0.9402
 4708.120  0.9423
 4708.140  0.9446
 4708.160  0.9457
 4708.180  0.9450
 4708.200  0.9437
 4708.220  0.9434
 4708.240  0.9445
 4708.260  0.9463
 4708.280  0.9488
 4708.300  0.9527
 4708.320  0.9565
 4708.340  0.9585
 4708.360  0.9580
 4708.380  0.9567
 4708.400  0.9564
 4708.420  0.9574
 4708.440  0.9585
 4708.460  0.9602
 4708.480  0.9621
 4708.500  0.9613
 4708.520  0.9554
 4708.540  0.9461
 4708.560  0.9388
 4708.580  0.9379
 4708.600  0.9418
 4708.620  0.9462
 4708.640  0.9485
 4708.660  0.9489
 4708.680  0.9485
 4708.700  0.9489
 4708.720  0.9518
 4708.740  0.9553
 4708.760  0.9561
 4708.780  0.9556
 4708.800  0.9568
 4708.820  0.9597
 4708.840  0.9609
 4708.860  0.9569
 4708.880  0.9490
 4708.900  0.9440
 4708.920  0.9468
 4708.940  0.9547
 4708.960  0.9620
 4708.980  0.9645
 4709.000  0.9617
 4709.020  0.9560
 4709.040  0.9509
 4709.060  0.9487
 4709.080  0.9476
 4709.100  0.9449
 4709.120  0.9415
 4709.140  0.9404
 4709.160  0.9413
 4709.180  0.9423
 4709.200  0.9413
 4709.220  0.9375
 4709.240  0.9339
 4709.260  0.9358
 4709.280  0.9421
 4709.300  0.9469
 4709.320  0.9480
 4709.340  0.9467
 4709.360  0.9442
 4709.380  0.9412
 4709.400  0.9381
 4709.420  0.9361
 4709.440  0.9363
 4709.460  0.9369
 4709.480  0.9336
 4709.500  0.9227
 4709.520  0.9037
 4709.540  0.8790
 4709.560  0.8505
 4709.580  0.8193
 4709.600  0.7891
 4709.620  0.7665
 4709.640  0.7574
 4709.660  0.7632
 4709.680  0.7806
 4709.700  0.8045
 4709.720  0.8321
 4709.740  0.8619
 4709.760  0.8907
 4709.780  0.9147
 4709.800  0.9323
 4709.820  0.9425
 4709.840  0.9463
 4709.860  0.9488
 4709.880  0.9526
 4709.900  0.9543
 4709.920  0.9492
 4709.940  0.9381
 4709.960  0.9275
 4709.980  0.9231
 4710.000  0.9259
 4710.020  0.9333
 4710.040  0.9420
 4710.060  0.9500
 4710.080  0.9548
 4710.100  0.9549
 4710.120  0.9527
 4710.140  0.9514
 4710.160  0.9517
 4710.180  0.9530
 4710.200  0.9541
 4710.220  0.9550
 4710.240  0.9568
 4710.260  0.9571
 4710.280  0.9525
 4710.300  0.9452
 4710.320  0.9405
 4710.340  0.9386
 4710.360  0.9360
 4710.380  0.9343
 4710.400  0.9374
 4710.420  0.9450
 4710.440  0.9528
 4710.460  0.9568
 4710.480  0.9564
 4710.500  0.9547
 4710.520  0.9551
 4710.540  0.9577
 4710.560  0.9588
 4710.580  0.9557
 4710.600  0.9505
 4710.620  0.9463
 4710.640  0.9450
 4710.660  0.9465
 4710.680  0.9487
 4710.700  0.9505
 4710.720  0.9519
 4710.740  0.9523
 4710.760  0.9519
 4710.780  0.9514
 4710.800  0.9504
 4710.820  0.9474
 4710.840  0.9420
 4710.860  0.9365
 4710.880  0.9353
 4710.900  0.9389
 4710.920  0.9430
 4710.940  0.9455
 4710.960  0.9481
 4710.980  0.9529
 4711.000  0.9591
 4711.020  0.9616
 4711.040  0.9569
 4711.060  0.9486
 4711.080  0.9440
 4711.100  0.9445
 4711.120  0.9467
 4711.140  0.9484
 4711.160  0.9497
 4711.180  0.9522
 4711.200  0.9556
 4711.220  0.9574
 4711.240  0.9559
 4711.260  0.9531
 4711.280  0.9503
 4711.300  0.9482
 4711.320  0.9475
 4711.340  0.9483
 4711.360  0.9503
 4711.380  0.9528
 4711.400  0.9529
 4711.420  0.9503
 4711.440  0.9480
 4711.460  0.9464
 4711.480  0.9456
 4711.500  0.9466
 4711.520  0.9472
 4711.540  0.9453
 4711.560  0.9427
 4711.580  0.9398
 4711.600  0.9353
 4711.620  0.9277
 4711.640  0.9183
 4711.660  0.9109
 4711.680  0.9064
 4711.700  0.9027
 4711.720  0.9009
 4711.740  0.9046
 4711.760  0.9161
 4711.780  0.9327
 4711.800  0.9469
 4711.820  0.9524
 4711.840  0.9487
 4711.860  0.9413
 4711.880  0.9357
 4711.900  0.9340
 4711.920  0.9360
 4711.940  0.9384
 4711.960  0.9372
 4711.980  0.9316
 4712.000  0.9216
 4712.020  0.9084
 4712.040  0.8964
 4712.060  0.8922
 4712.080  0.8997
 4712.100  0.9169
 4712.120  0.9353
 4712.140  0.9456
 4712.160  0.9463
 4712.180  0.9424
 4712.200  0.9368
 4712.220  0.9261
 4712.240  0.9067
 4712.260  0.8829
 4712.280  0.8664
 4712.300  0.8645
 4712.320  0.8738
 4712.340  0.8867
 4712.360  0.8993
 4712.380  0.9107
 4712.400  0.9191
 4712.420  0.9234
 4712.440  0.9265
 4712.460  0.9312
 4712.480  0.9350
 4712.500  0.9344
 4712.520  0.9315
 4712.540  0.9296
 4712.560  0.9241
 4712.580  0.9098
 4712.600  0.8909
 4712.620  0.8765
 4712.640  0.8725
 4712.660  0.8808
 4712.680  0.8972
 4712.700  0.9134
 4712.720  0.9245
 4712.740  0.9299
 4712.760  0.9304
 4712.780  0.9268
 4712.800  0.9209
 4712.820  0.9158
 4712.840  0.9115
 4712.860  0.9050
 4712.880  0.8955
 4712.900  0.8857
 4712.920  0.8776
 4712.940  0.8709
 4712.960  0.8650
 4712.980  0.8613
 4713.000  0.8630
 4713.020  0.8729
 4713.040  0.8901
 4713.060  0.9091
 4713.080  0.9243
 4713.100  0.9339
 4713.120  0.9400
 4713.140  0.9455
 4713.160  0.9502
 4713.180  0.9525
 4713.200  0.9534
 4713.220  0.9539
 4713.240  0.9542
 4713.260  0.9542
 4713.280  0.9539
 4713.300  0.9533
 4713.320  0.9517
 4713.340  0.9489
 4713.360  0.9443
 4713.380  0.9356
 4713.400  0.9211
 4713.420  0.9008
 4713.440  0.8753
 4713.460  0.8438
 4713.480  0.8059
 4713.500  0.7657
 4713.520  0.7331
 4713.540  0.7197
 4713.560  0.7328
 4713.580  0.7690
 4713.600  0.8156
 4713.620  0.8583
 4713.640  0.8887
 4713.660  0.9089
 4713.680  0.9265
 4713.700  0.9402
 4713.720  0.9440
 4713.740  0.9410
 4713.760  0.9381
 4713.780  0.9369
 4713.800  0.9352
 4713.820  0.9356
 4713.840  0.9429
 4713.860  0.9548
 4713.880  0.9623
 4713.900  0.9619
 4713.920  0.9578
 4713.940  0.9538
 4713.960  0.9494
 4713.980  0.9444
 4714.000  0.9415
 4714.020  0.9429
 4714.040  0.9444
 4714.060  0.9384
 4714.080  0.9225
 4714.100  0.9034
 4714.120  0.8898
 4714.140  0.8848
 4714.160  0.8872
 4714.180  0.8956
 4714.200  0.9064
 4714.220  0.9123
 4714.240  0.9064
 4714.260  0.8884
 4714.280  0.8654
 4714.300  0.8440
 4714.320  0.8274
 4714.340  0.8183
 4714.360  0.8195
 4714.380  0.8296
 4714.400  0.8441
 4714.420  0.8616
 4714.440  0.8817
 4714.460  0.9000
 4714.480  0.9091
 4714.500  0.9074
 4714.520  0.9011
 4714.540  0.8955
 4714.560  0.8885
 4714.580  0.8746
 4714.600  0.8536
 4714.620  0.8323
 4714.640  0.8185
 4714.660  0.8187
 4714.680  0.8368
 4714.700  0.8673
 4714.720  0.8945
 4714.740  0.9082
 4714.760  0.9118
 4714.780  0.9125
 4714.800  0.9139
 4714.820  0.9162
 4714.840  0.9195
 4714.860  0.9248
 4714.880  0.9303
 4714.900  0.9312
 4714.920  0.9269
 4714.940  0.9225
 4714.960  0.9236
 4714.980  0.9292
 4715.000  0.9343
 4715.020  0.9378
 4715.040  0.9401
 4715.060  0.9371
 4715.080  0.9239
 4715.100  0.9023
 4715.120  0.8813
 4715.140  0.8654
 4715.160  0.8510
 4715.180  0.8353
 4715.200  0.8250
 4715.220  0.8302
 4715.240  0.8508
 4715.260  0.8767
 4715.280  0.8991
 4715.300  0.9166
 4715.320  0.9317
 4715.340  0.9446
 4715.360  0.9528
 4715.380  0.9560
 4715.400  0.9561
 4715.420  0.9540
 4715.440  0.9509
 4715.460  0.9475
 4715.480  0.9432
 4715.500  0.9361
 4715.520  0.9247
 4715.540  0.9084
 4715.560  0.8911
 4715.580  0.8815
 4715.600  0.8863
 4715.620  0.9031
 4715.640  0.9224
 4715.660  0.9353
 4715.680  0.9389
 4715.700  0.9353
 4715.720  0.9293
 4715.740  0.9258
 4715.760  0.9261
 4715.780  0.9288
 4715.800  0.9343
 4715.820  0.9402
 4715.840  0.9404
 4715.860  0.9370
 4715.880  0.9387
 4715.900  0.9462
 4715.920  0.9505
 4715.940  0.9460
 4715.960  0.9362
 4715.980  0.9276
 4716.000  0.9218
 4716.020  0.9159
 4716.040  0.9114
 4716.060  0.9146
 4716.080  0.9284
 4716.100  0.9481
 4716.120  0.9622
 4716.140  0.9612
 4716.160  0.9475
 4716.180  0.9308
 4716.200  0.9152
 4716.220  0.8967
 4716.240  0.8737
 4716.260  0.8509
 4716.280  0.8330
 4716.300  0.8213
 4716.320  0.8151
 4716.340  0.8160
 4716.360  0.8251
 4716.380  0.8372
 4716.400  0.8471
 4716.420  0.8585
 4716.440  0.8772
 4716.460  0.9019
 4716.480  0.9236
 4716.500  0.9348
 4716.520  0.9368
 4716.540  0.9361
 4716.560  0.9361
 4716.580  0.9372
 4716.600  0.9404
 4716.620  0.9469
 4716.640  0.9538
 4716.660  0.9546
 4716.680  0.9479
 4716.700  0.9398
 4716.720  0.9366
 4716.740  0.9372
 4716.760  0.9363
 4716.780  0.9339
 4716.800  0.9344
 4716.820  0.9367
 4716.840  0.9373
 4716.860  0.9367
 4716.880  0.9377
 4716.900  0.9425
 4716.920  0.9512
 4716.940  0.9605
 4716.960  0.9655
 4716.980  0.9642
 4717.000  0.9594
 4717.020  0.9553
 4717.040  0.9534
 4717.060  0.9514
 4717.080  0.9464
 4717.100  0.9401
 4717.120  0.9350
 4717.140  0.9309
 4717.160  0.9266
 4717.180  0.9222
 4717.200  0.9195
 4717.220  0.9201
 4717.240  0.9226
 4717.260  0.9237
 4717.280  0.9218
 4717.300  0.9179
 4717.320  0.9131
 4717.340  0.9079
 4717.360  0.9019
 4717.380  0.8953
 4717.400  0.8886
 4717.420  0.8839
 4717.440  0.8849
 4717.460  0.8938
 4717.480  0.9073
 4717.500  0.9204
 4717.520  0.9326
 4717.540  0.9440
 4717.560  0.9528
 4717.580  0.9565
 4717.600  0.9539
 4717.620  0.9493
 4717.640  0.9482
 4717.660  0.9501
 4717.680  0.9502
 4717.700  0.9462
 4717.720  0.9405
 4717.740  0.9350
 4717.760  0.9297
 4717.780  0.9243
 4717.800  0.9189
 4717.820  0.9128
 4717.840  0.9026
 4717.860  0.8903
 4717.880  0.8876
 4717.900  0.8994
 4717.920  0.9160
 4717.940  0.9259
 4717.960  0.9289
 4717.980  0.9304
 4718.000  0.9323
 4718.020  0.9335
 4718.040  0.9333
 4718.060  0.9341
 4718.080  0.9375
 4718.100  0.9402
 4718.120  0.9407
 4718.140  0.9431
 4718.160  0.9473
 4718.180  0.9465
 4718.200  0.9358
 4718.220  0.9150
 4718.240  0.8891
 4718.260  0.8663
 4718.280  0.8516
 4718.300  0.8483
 4718.320  0.8597
 4718.340  0.8847
 4718.360  0.9136
 4718.380  0.9339
 4718.400  0.9424
 4718.420  0.9455
 4718.440  0.9488
 4718.460  0.9519
 4718.480  0.9501
 4718.500  0.9424
 4718.520  0.9342
 4718.540  0.9300
 4718.560  0.9289
 4718.580  0.9271
 4718.600  0.9231
 4718.620  0.9179
 4718.640  0.9129
 4718.660  0.9079
 4718.680  0.9031
 4718.700  0.8992
 4718.720  0.8969
 4718.740  0.8986
 4718.760  0.9080
 4718.780  0.9235
 4718.800  0.9366
 4718.820  0.9418
 4718.840  0.9440
 4718.860  0.9483
 4718.880  0.9552
 4718.900  0.9636
 4718.920  0.9693
 4718.940  0.9690
 4718.960  0.9671
 4718.980  0.9686
 4719.000  0.9711
 4719.020  0.9700
 4719.040  0.9639
 4719.060  0.9545
 4719.080  0.9446
 4719.100  0.9367
 4719.120  0.9326
 4719.140  0.9329
 4719.160  0.9351
 4719.180  0.9359
 4719.200  0.9346
 4719.220  0.9347
 4719.240  0.9400
 4719.260  0.9477
 4719.280  0.9520
 4719.300  0.9513
 4719.320  0.9479
 4719.340  0.9455
 4719.360  0.9459
 4719.380  0.9476
 4719.400  0.9475
 4719.420  0.9445
 4719.440  0.9412
 4719.460  0.9416
 4719.480  0.9475
 4719.500  0.9552
 4719.520  0.9586
 4719.540  0.9572
 4719.560  0.9561
 4719.580  0.9588
 4719.600  0.9625
 4719.620  0.9611
 4719.640  0.9549
 4719.660  0.9506
 4719.680  0.9517
 4719.700  0.9552
 4719.720  0.9564
 4719.740  0.9547
 4719.760  0.9528
 4719.780  0.9512
 4719.800  0.9474
 4719.820  0.9404
 4719.840  0.9339
 4719.860  0.9299
 4719.880  0.9284
 4719.900  0.9315
 4719.920  0.9367
 4719.940  0.9384
 4719.960  0.9375
 4719.980  0.9381
 4720.000  0.9405
 4720.020  0.9429
 4720.040  0.9444
 4720.060 -1.0000
 4720.080 -1.0000
 4720.100 -1.0000
 4720.120 -1.0000
 4720.140 -1.0000
 4720.160 -1.0000
 4720.180 -1.0000
 4720.200 -1.0000
 4720.220 -1.0000
 4720.240 -1.0000
 4720.260 -1.0000
 4720.280  0.8972
 4720.300  0.9148
 4720.320  0.9264
 4720.340  0.9245
 4720.360  0.9149
 4720.380  0.9073
 4720.400  0.9072
 4720.420  0.9143
 4720.440  0.9233
 4720.460  0.9316
 4720.480  0.9410
 4720.500  0.9523
 4720.520  0.9602
 4720.540  0.9592
 4720.560  0.9517
 4720.580  0.9451
 4720.600  0.9430
 4720.620  0.9439
 4720.640  0.9465
 4720.660  0.9513
 4720.680  0.9566
 4720.700  0.9585
 4720.720  0.9548
 4720.740  0.9489
 4720.760  0.9459
 4720.780  0.9467
 4720.800  0.9485
 4720.820  0.9491
 4720.840  0.9478
 4720.860  0.9435
 4720.880  0.9391
 4720.900  0.9401
 4720.920  0.9461
 4720.940  0.9516
 4720.960  0.9551
 4720.980  0.9577
 4721.000  0.9591
 4721.020  0.9575
 4721.040  0.9539
 4721.060  0.9513
 4721.080  0.9515
 4721.100  0.9535
 4721.120  0.9541
 4721.140  0.9518
 4721.160  0.9470
 4721.180  0.9401
 4721.200  0.9317
 4721.220  0.9237
 4721.240  0.9191
 4721.260  0.9174
 4721.280  0.9137
 4721.300  0.9057
 4721.320  0.8982
 4721.340  0.8969
 4721.360  0.9028
 4721.380  0.9131
 4721.400  0.9228
 4721.420  0.9288
 4721.440  0.9304
 4721.460  0.9294
 4721.480  0.9283
 4721.500  0.9279
 4721.520  0.9265
 4721.540  0.9232
 4721.560  0.9214
 4721.580  0.9252
 4721.600  0.9329
 4721.620  0.9377
 4721.640  0.9382
 4721.660  0.9406
 4721.680  0.9469
 4721.700  0.9521
 4721.720  0.9528
 4721.740  0.9497
 4721.760  0.9453
 4721.780  0.9426
 4721.800  0.9416
 4721.820  0.9381
 4721.840  0.9308
 4721.860  0.9268
 4721.880  0.9317
 4721.900  0.9390
 4721.920  0.9406
 4721.940  0.9373
 4721.960  0.9344
 4721.980  0.9348
 4722.000  0.9379
 4722.020  0.9414
 4722.040  0.9429
 4722.060  0.9425
 4722.080  0.9424
 4722.100  0.9441
 4722.120  0.9460
 4722.140  0.9464
 4722.160  0.9465
 4722.180  0.9479
 4722.200  0.9502
 4722.220  0.9514
 4722.240  0.9502
 4722.260  0.9475
 4722.280  0.9454
 4722.300  0.9426
 4722.320  0.9372
 4722.340  0.9301
 4722.360  0.9233
 4722.380  0.9147
 4722.400  0.9014
 4722.420  0.8845
 4722.440  0.8690
 4722.460  0.8586
 4722.480  0.8540
 4722.500  0.8562
 4722.520  0.8667
 4722.540  0.8860
 4722.560  0.9098
 4722.580  0.9310
 4722.600  0.9435
 4722.620  0.9458
 4722.640  0.9413
 4722.660  0.9357
 4722.680  0.9344
 4722.700  0.9385
 4722.720  0.9443
 4722.740  0.9485
 4722.760  0.9526
 4722.780  0.9577
 4722.800  0.9583
 4722.820  0.9513
 4722.840  0.9406
 4722.860  0.9312
 4722.880  0.9265
 4722.900  0.9273
 4722.920  0.9294
 4722.940  0.9268
 4722.960  0.9186
 4722.980  0.9095
 4723.000  0.9041
 4723.020  0.9056
 4723.040  0.9132
 4723.060  0.9212
 4723.080  0.9247
 4723.100  0.9261
 4723.120  0.9297
 4723.140  0.9336
 4723.160  0.9329
 4723.180  0.9264
 4723.200  0.9187
 4723.220  0.9118
 4723.240  0.8994
 4723.260  0.8714
 4723.280  0.8247
 4723.300  0.7627
 4723.320  0.6862
 4723.340  0.5949
 4723.360  0.4988
 4723.380  0.4194
 4723.400  0.3779
 4723.420  0.3857
 4723.440  0.4415
 4723.460  0.5329
 4723.480  0.6355
 4723.500  0.7216
 4723.520  0.7784
 4723.540  0.8145
 4723.560  0.8450
 4723.580  0.8739
 4723.600  0.8947
 4723.620  0.9038
 4723.640  0.9063
 4723.660  0.9070
 4723.680  0.9053
 4723.700  0.9005
 4723.720  0.8920
 4723.740  0.8761
 4723.760  0.8533
 4723.780  0.8342
 4723.800  0.8274
 4723.820  0.8346
 4723.840  0.8521
 4723.860  0.8730
 4723.880  0.8919
 4723.900  0.9055
 4723.920  0.9106
 4723.940  0.9055
 4723.960  0.8914
 4723.980  0.8736
 4724.000  0.8594
 4724.020  0.8529
 4724.040  0.8544
 4724.060  0.8643
 4724.080  0.8804
 4724.100  0.8956
 4724.120  0.9040
 4724.140  0.9071
 4724.160  0.9097
 4724.180  0.9134
 4724.200  0.9165
 4724.220  0.9184
 4724.240  0.9212
 4724.260  0.9266
 4724.280  0.9331
 4724.300  0.9390
 4724.320  0.9432
 4724.340  0.9447
 4724.360  0.9419
 4724.380  0.9369
 4724.400  0.9344
 4724.420  0.9358
 4724.440  0.9366
 4724.460  0.9323
 4724.480  0.9233
 4724.500  0.9136
 4724.520  0.9066
 4724.540  0.9045
 4724.560  0.9095
 4724.580  0.9213
 4724.600  0.9335
 4724.620  0.9390
 4724.640  0.9399
 4724.660  0.9427
 4724.680  0.9473
 4724.700  0.9494
 4724.720  0.9481
 4724.740  0.9452
 4724.760  0.9414
 4724.780  0.9372
 4724.800  0.9340
 4724.820  0.9335
 4724.840  0.9352
 4724.860  0.9384
 4724.880  0.9418
 4724.900  0.9435
 4724.920  0.9442
 4724.940  0.9453
 4724.960  0.9464
 4724.980  0.9453
 4725.000  0.9400
 4725.020  0.9314
 4725.040  0.9243
 4725.060  0.9222
 4725.080  0.9238
 4725.100  0.9259
 4725.120  0.9275
 4725.140  0.9264
 4725.160  0.9227
 4725.180  0.9225
 4725.200  0.9258
 4725.220  0.9272
 4725.240  0.9270
 4725.260  0.9286
 4725.280  0.9324
 4725.300  0.9367
 4725.320  0.9393
 4725.340  0.9390
 4725.360  0.9355
 4725.380  0.9291
 4725.400  0.9208
 4725.420  0.9130
 4725.440  0.9080
 4725.460  0.9068
 4725.480  0.9112
 4725.500  0.9218
 4725.520  0.9337
 4725.540  0.9405
 4725.560  0.9417
 4725.580  0.9413
 4725.600  0.9421
 4725.620  0.9433
 4725.640  0.9419
 4725.660  0.9363
 4725.680  0.9308
 4725.700  0.9312
 4725.720  0.9369
 4725.740  0.9412
 4725.760  0.9412
 4725.780  0.9402
 4725.800  0.9411
 4725.820  0.9420
 4725.840  0.9378
 4725.860  0.9254
 4725.880  0.9072
 4725.900  0.8878
 4725.920  0.8714
 4725.940  0.8627
 4725.960  0.8665
 4725.980  0.8819
 4726.000  0.9027
 4726.020  0.9218
 4726.040  0.9342
 4726.060  0.9394
 4726.080  0.9405
 4726.100  0.9405
 4726.120  0.9413
 4726.140  0.9419
 4726.160  0.9408
 4726.180  0.9372
 4726.200  0.9320
 4726.220  0.9279
 4726.240  0.9270
 4726.260  0.9290
 4726.280  0.9325
 4726.300  0.9363
 4726.320  0.9382
 4726.340  0.9364
 4726.360  0.9323
 4726.380  0.9294
 4726.400  0.9294
 4726.420  0.9303
 4726.440  0.9291
 4726.460  0.9249
 4726.480  0.9195
 4726.500  0.9118
 4726.520  0.9001
 4726.540  0.8881
 4726.560  0.8798
 4726.580  0.8743
 4726.600  0.8669
 4726.620  0.8546
 4726.640  0.8405
 4726.660  0.8326
 4726.680  0.8373
 4726.700  0.8551
 4726.720  0.8805
 4726.740  0.9049
 4726.760  0.9224
 4726.780  0.9317
 4726.800  0.9349
 4726.820  0.9374
 4726.840  0.9430
 4726.860  0.9473
 4726.880  0.9473
 4726.900  0.9468
 4726.920  0.9466
 4726.940  0.9441
 4726.960  0.9419
 4726.980  0.9425
 4727.000  0.9435
 4727.020  0.9425
 4727.040  0.9407
 4727.060  0.9397
 4727.080  0.9396
 4727.100  0.9393
 4727.120  0.9376
 4727.140  0.9345
 4727.160  0.9301
 4727.180  0.9216
 4727.200  0.9058
 4727.220  0.8856
 4727.240  0.8684
 4727.260  0.8593
 4727.280  0.8601
 4727.300  0.8708
 4727.320  0.8863
 4727.340  0.8982
 4727.360  0.9029
 4727.380  0.9038
 4727.400  0.9071
 4727.420  0.9172
 4727.440  0.9323
 4727.460  0.9445
 4727.480  0.9496
 4727.500  0.9501
 4727.520  0.9499
 4727.540  0.9521
 4727.560  0.9563
 4727.580  0.9582
 4727.600  0.9555
 4727.620  0.9516
 4727.640  0.9503
 4727.660  0.9515
 4727.680  0.9530
 4727.700  0.9538
 4727.720  0.9554
 4727.740  0.9594
 4727.760  0.9634
 4727.780  0.9637
 4727.800  0.9596
 4727.820  0.9546
 4727.840  0.9506
 4727.860  0.9457
 4727.880  0.9377
 4727.900  0.9250
 4727.920  0.9078
 4727.940  0.8895
 4727.960  0.8757
 4727.980 -1.0000
 4728.000 -1.0000
 4697.000  0.0000
 4697.020  0.0000
 4697.040  0.0257
 4697.060  0.0252
 4697.080  0.0252
 4697.100  0.0239
 4697.120  0.0216
 4697.140  0.0209
 4697.160  0.0231
 4697.180  0.0247
 4697.200  0.0221
 4697.220  0.0179
 4697.240  0.0183
 4697.260  0.0246
 4697.280  0.0319
 4697.300  0.0357
 4697.320  0.0359
 4697.340  0.0335
 4697.360  0.0283
 4697.380  0.0211
 4697.400  0.0165
 4697.420  0.0178
 4697.440  0.0227
 4697.460  0.0258
 4697.480  0.0252
 4697.500  0.0235
 4697.520  0.0227
 4697.540  0.0227
 4697.560  0.0241
 4697.580  0.0277
 4697.600  0.0325
 4697.620  0.0348
 4697.640  0.0327
 4697.660  0.0279
 4697.680  0.0231
 4697.700  0.0201
 4697.720  0.0203
 4697.740  0.0243
 4697.760  0.0297
 4697.780  0.0315
 4697.800  0.0279
 4697.820  0.0228
 4697.840  0.0212
 4697.860  0.0233
 4697.880  0.0251
 4697.900  0.0243
 4697.920  0.0226
 4697.940  0.0221
 4697.960  0.0219
 4697.980  0.0205
 4698.000  0.0181
 4698.020  0.0165
 4698.040  0.0160
 4698.060  0.0161
 4698.080  0.0159
 4698.100  0.0160
 4698.120  0.0176
 4698.140  0.0215
 4698.160  0.0265
 4698.180  0.0298
 4698.200  0.0299
 4698.220  0.0284
 4698.240  0.0274
 4698.260  0.0267
 4698.280  0.0242
 4698.300  0.0203
 4698.320  0.0181
 4698.340  0.0193
 4698.360  0.0210
 4698.380  0.0195
 4698.400  0.0157
 4698.420  0.0146
 4698.440  0.0190
 4698.460  0.0261
 4698.480  0.0312
 4698.500  0.0326
 4698.520  0.0311
 4698.540  0.0272
 4698.560  0.0211
 4698.580  0.0148
 4698.600  0.0117
 4698.620  0.0128
 4698.640  0.0150
 4698.660  0.0150
 4698.680  0.0136
 4698.700  0.0144
 4698.720  0.0182
 4698.740  0.0213
 4698.760  0.0200
 4698.780  0.0159
 4698.800  0.0136
 4698.820  0.0150
 4698.840  0.0170
 4698.860  0.0172
 4698.880  0.0178
 4698.900  0.0213
 4698.920  0.0262
 4698.940  0.0282
 4698.960  0.0267
 4698.980  0.0254
 4699.000  0.0263
 4699.020  0.0268
 4699.040  0.0243
 4699.060  0.0205
 4699.080  0.0197
 4699.100  0.0225
 4699.120  0.0253
 4699.140  0.0256
 4699.160  0.0240
 4699.180  0.0227
 4699.200  0.0221
 4699.220  0.0226
 4699.240  0.0251
 4699.260  0.0292
 4699.280  0.0322
 4699.300  0.0311
 4699.320  0.0272
 4699.340  0.0249
 4699.360  0.0263
 4699.380  0.0284
 4699.400  0.0281
 4699.420  0.0267
 4699.440  0.0277
 4699.460  0.0310
 4699.480  0.0323
 4699.500  0.0292
 4699.520  0.0246
 4699.540  0.0226
 4699.560  0.0229
 4699.580  0.0213
 4699.600  0.0158
 4699.620  0.0088
 4699.640  0.0033
 4699.660 -0.0003
 4699.680 -0.0038
 4699.700 -0.0079
 4699.720 -0.0101
 4699.740 -0.0051
 4699.760  0.0099
 4699.780  0.0299
 4699.800  0.0452
 4699.820  0.0495
 4699.840  0.0451
 4699.860  0.0389
 4699.880  0.0350
 4699.900  0.0330
 4699.920  0.0312
 4699.940  0.0293
 4699.960  0.0279
 4699.980  0.0264
 4700.000  0.0235
 4700.020  0.0190
 4700.040  0.0145
 4700.060  0.0115
 4700.080  0.0111
 4700.100  0.0133
 4700.120  0.0160
 4700.140  0.0160
 4700.160  0.0135
 4700.180  0.0126
 4700.200  0.0172
 4700.220  0.0246
 4700.240  0.0282
 4700.260  0.0257
 4700.280  0.0217
 4700.300  0.0201
 4700.320  0.0195
 4700.340  0.0171
 4700.360  0.0142
 4700.380  0.0133
 4700.400  0.0139
 4700.420  0.0145
 4700.440  0.0173
 4700.460  0.0235
 4700.480  0.0286
 4700.500  0.0254
 4700.520  0.0148
 4700.540  0.0067
 4700.560  0.0080
 4700.580  0.0149
 4700.600  0.0197
 4700.620  0.0208
 4700.640  0.0222
 4700.660  0.0252
 4700.680  0.0272
 4700.700  0.0271
 4700.720  0.0273
 4700.740  0.0294
 4700.760  0.0311
 4700.780  0.0293
 4700.800  0.0239
 4700.820  0.0166
 4700.840  0.0100
 4700.860  0.0069
 4700.880  0.0093
 4700.900  0.0159
 4700.920  0.0229
 4700.940  0.0271
 4700.960  0.0284
 4700.980  0.0282
 4701.000  0.0268
 4701.020  0.0240
 4701.040  0.0202
 4701.060  0.0166
 4701.080  0.0144
 4701.100  0.0143
 4701.120  0.0164
 4701.140  0.0197
 4701.160  0.0227
 4701.180  0.0249
 4701.200  0.0267
 4701.220  0.0271
 4701.240  0.0244
 4701.260  0.0199
 4701.280  0.0180
 4701.300  0.0211
 4701.320  0.0254
 4701.340  0.0257
 4701.360  0.0222
 4701.380  0.0200
 4701.400  0.0221
 4701.420  0.0265
 4701.440  0.0292
 4701.460  0.0284
 4701.480  0.0243
 4701.500  0.0186
 4701.520  0.0145
 4701.540  0.0155
 4701.560  0.0211
 4701.580  0.0263
 4701.600  0.0271
 4701.620  0.0243
 4701.640  0.0210
 4701.660  0.0189
 4701.680  0.0178
 4701.700  0.0181
 4701.720  0.0198
 4701.740  0.0209
 4701.760  0.0196
 4701.780  0.0167
 4701.800  0.0147
 4701.820  0.0141
 4701.840  0.0130
 4701.860  0.0109
 4701.880  0.0098
 4701.900  0.0116
 4701.920  0.0161
 4701.940  0.0223
 4701.960  0.0284
 4701.980  0.0318
 4702.000  0.0304
 4702.020  0.0259
 4702.040  0.0236
 4702.060  0.0258
 4702.080  0.0285
 4702.100  0.0267
 4702.120  0.0210
 4702.140  0.0169
 4702.160  0.0170
 4702.180  0.0186
 4702.200  0.0184
 4702.220  0.0174
 4702.240  0.0186
 4702.260  0.0220
 4702.280  0.0240
 4702.300  0.0220
 4702.320  0.0172
 4702.340  0.0132
 4702.360  0.0118
 4702.380  0.0113
 4702.400  0.0099
 4702.420  0.0091
 4702.440  0.0119
 4702.460  0.0183
 4702.480  0.0237
 4702.500  0.0243
 4702.520  0.0214
 4702.540  0.0191
 4702.560  0.0197
 4702.580  0.0220
 4702.600  0.0242
 4702.620  0.0256
 4702.640  0.0260
 4702.660  0.0256
 4702.680  0.0256
 4702.700  0.0269
 4702.720  0.0286
 4702.740  0.0285
 4702.760  0.0265
 4702.780  0.0245
 4702.800  0.0233
 4702.820  0.0213
 4702.840  0.0180
 4702.860  0.0156
 4702.880  0.0162
 4702.900  0.0185
 4702.920  0.0207
 4702.940  0.0231
 4702.960  0.0262
 4702.980  0.0284
 4703.000  0.0279
 4703.020  0.0265
 4703.040  0.0272
 4703.060  0.0292
 4703.080  0.0291
 4703.100  0.0251
 4703.120  0.0204
 4703.140  0.0182
 4703.160  0.0188
 4703.180  0.0205
 4703.200  0.0222
 4703.220  0.0230
 4703.240  0.0218
 4703.260  0.0194
 4703.280  0.0191
 4703.300  0.0222
 4703.320  0.0255
 4703.340  0.0255
 4703.360  0.0237
 4703.380  0.0243
 4703.400  0.0279
 4703.420  0.0307
 4703.440  0.0302
 4703.460  0.0283
 4703.480  0.0278
 4703.500  0.0290
 4703.520  0.0307
 4703.540  0.0318
 4703.560  0.0313
 4703.580  0.0275
 4703.600  0.0211
 4703.620  0.0153
 4703.640  0.0136
 4703.660  0.0156
 4703.680  0.0188
 4703.700  0.0215
 4703.720  0.0237
 4703.740  0.0251
 4703.760  0.0258
 4703.780  0.0265
 4703.800  0.0275
 4703.820  0.0274
 4703.840  0.0248
 4703.860  0.0213
 4703.880  0.0203
 4703.900  0.0226
 4703.920  0.0249
 4703.940  0.0239
 4703.960  0.0207
 4703.980  0.0189
 4704.000  0.0200
 4704.020  0.0225
 4704.040  0.0252
 4704.060  0.0282
 4704.080  0.0318
 4704.100  0.0336
 4704.120  0.0311
 4704.140  0.0247
 4704.160  0.0182
 4704.180  0.0157
 4704.200  0.0179
 4704.220  0.0228
 4704.240  0.0275
 4704.260  0.0297
 4704.280  0.0281
 4704.300  0.0237
 4704.320  0.0199
 4704.340  0.0197
 4704.360  0.0217
 4704.380  0.0210
 4704.400  0.0167
 4704.420  0.0140
 4704.440  0.0180
 4704.460  0.0252
 4704.480  0.0273
 4704.500  0.0221
 4704.520  0.0169
 4704.540  0.0186
 4704.560  0.0237
 4704.580  0.0239
 4704.600  0.0178
 4704.620  0.0133
 4704.640  0.0165
 4704.660  0.0245
 4704.680  0.0302
 4704.700  0.0314
 4704.720  0.0316
 4704.740  0.0336
 4704.760  0.0363
 4704.780  0.0363
 4704.800  0.0325
 4704.820  0.0267
 4704.840  0.0226
 4704.860  0.0220
 4704.880  0.0239
 4704.900  0.0251
 4704.920  0.0235
 4704.940  0.0202
 4704.960  0.0184
 4704.980  0.0204
 4705.000  0.0257
 4705.020  0.0310
 4705.040  0.0327
 4705.060  0.0302
 4705.080  0.0268
 4705.100  0.0256
 4705.120  0.0253
 4705.140  0.0219
 4705.160  0.0153
 4705.180  0.0118
 4705.200  0.0163
 4705.220  0.0254
 4705.240  0.0305
 4705.260  0.0282
 4705.280  0.0230
 4705.300  0.0207
 4705.320  0.0221
 4705.340  0.0245
 4705.360  0.0253
 4705.380  0.0228
 4705.400  0.0163
 4705.420  0.0090
 4705.440  0.0071
 4705.460  0.0128
 4705.480  0.0209
 4705.500  0.0250
 4705.520  0.0259
 4705.540  0.0289
 4705.560  0.0346
 4705.580  0.0369
 4705.600  0.0322
 4705.620  0.0244
 4705.640  0.0192
 4705.660  0.0173
 4705.680  0.0167
 4705.700  0.0176
 4705.720  0.0209
 4705.740  0.0242
 4705.760  0.0244
 4705.780  0.0226
 4705.800  0.0220
 4705.820  0.0220
 4705.840  0.0195
 4705.860  0.0150
 4705.880  0.0132
 4705.900  0.0160
 4705.920  0.0187
 4705.940  0.0170
 4705.960  0.0134
 4705.980  0.0140
 4706.000  0.0201
 4706.020  0.0273
 4706.040  0.0310
 4706.060  0.0302
 4706.080  0.0269
 4706.100  0.0238
 4706.120  0.0232
 4706.140  0.0256
 4706.160  0.0284
 4706.180  0.0284
 4706.200  0.0256
 4706.220  0.0234
 4706.240  0.0239
 4706.260  0.0250
 4706.280  0.0243
 4706.300  0.0220
 4706.320  0.0197
 4706.340  0.0181
 4706.360  0.0170
 4706.380  0.0164
 4706.400  0.0161
 4706.420  0.0157
 4706.440  0.0162
 4706.460  0.0206
 4706.480  0.0292
 4706.500  0.0373
 4706.520  0.0396
 4706.540  0.0362
 4706.560  0.0314
 4706.580  0.0277
 4706.600  0.0241
 4706.620  0.0201
 4706.640  0.0181
 4706.660  0.0191
 4706.680  0.0205
 4706.700  0.0193
 4706.720  0.0160
 4706.740  0.0135
 4706.760  0.0126
 4706.780  0.0122
 4706.800  0.0125
 4706.820  0.0145
 4706.840  0.0169
 4706.860  0.0172
 4706.880  0.0158
 4706.900  0.0163
 4706.920  0.0203
 4706.940  0.0237
 4706.960  0.0224
 4706.980  0.0175
 4707.000  0.0146
 4707.020  0.0164
 4707.040  0.0195
 4707.060  0.0177
 4707.080  0.0092
 4707.100  0.0000
 4707.120 -0.0011
 4707.140  0.0082
 4707.160  0.0209
 4707.180  0.0281
 4707.200  0.0280
 4707.220  0.0256
 4707.240  0.0256
 4707.260  0.0268
 4707.280  0.0263
 4707.300  0.0247
 4707.320  0.0254
 4707.340  0.0282
 4707.360  0.0279
 4707.380  0.0217
 4707.400  0.0136
 4707.420  0.0091
 4707.440  0.0090
 4707.460  0.0103
 4707.480  0.0120
 4707.500  0.0154
 4707.520  0.0194
 4707.540  0.0203
 4707.560  0.0169
 4707.580  0.0132
 4707.600  0.0131
 4707.620  0.0152
 4707.640  0.0161
 4707.660  0.0157
 4707.680  0.0161
 4707.700  0.0176
 4707.720  0.0179
 4707.740  0.0160
 4707.760  0.0146
 4707.780  0.0158
 4707.800  0.0185
 4707.820  0.0201
 4707.840  0.0207
 4707.860  0.0222
 4707.880  0.0241
 4707.900  0.0240
 4707.920  0.0213
 4707.940  0.0188
 4707.960  0.0193
 4707.980  0.0223
 4708.000  0.0249
 4708.020  0.0247
 4708.040  0.0221
 4708.060  0.0189
 4708.080  0.0167
 4708.100  0.0167
 4708.120  0.0190
 4708.140  0.0228
 4708.160  0.0265
 4708.180  0.0279
 4708.200  0.0258
 4708.220  0.0211
 4708.240  0.0169
 4708.260  0.0164
 4708.280  0.0199
 4708.300  0.0244
 4708.320  0.0263
 4708.340  0.0242
 4708.360  0.0195
 4708.380  0.0151
 4708.400  0.0136
 4708.420  0.0157
 4708.440  0.0197
 4708.460  0.0221
 4708.480  0.0217
 4708.500  0.0211
 4708.520  0.0228
 4708.540  0.0253
 4708.560  0.0247
 4708.580  0.0212
 4708.600  0.0200
 4708.620  0.0247
 4708.640  0.0313
 4708.660  0.0325
 4708.680  0.0267
 4708.700  0.0190
 4708.720  0.0147
 4708.740  0.0136
 4708.760  0.0133
 4708.780  0.0136
 4708.800  0.0156
 4708.820  0.0184
 4708.840  0.0196
 4708.860  0.0190
 4708.880  0.0189
 4708.900  0.0209
 4708.920  0.0238
 4708.940  0.0258
 4708.960  0.0263
 4708.980  0.0260
 4709.000  0.0253
 4709.020  0.0245
 4709.040  0.0241
 4709.060  0.0239
 4709.080  0.0223
 4709.100  0.0187
 4709.120  0.0154
 4709.140  0.0153
 4709.160  0.0185
 4709.180  0.0218
 4709.200  0.0226
 4709.220  0.0211
 4709.240  0.0198
 4709.260  0.0198
 4709.280  0.0201
 4709.300  0.0205
 4709.320  0.0229
 4709.340  0.0287
 4709.360  0.0354
 4709.380  0.0368
 4709.400  0.0304
 4709.420  0.0213
 4709.440  0.0171
 4709.460  0.0193
 4709.480  0.0217
 4709.500  0.0188
 4709.520  0.0133
 4709.540  0.0105
 4709.560  0.0111
 4709.580  0.0114
 4709.600  0.0104
 4709.620  0.0116
 4709.640  0.0170
 4709.660  0.0228
 4709.680  0.0257
 4709.700  0.0273
 4709.720  0.0306
 4709.740  0.0337
 4709.760  0.0319
 4709.780  0.0258
 4709.800  0.0212
 4709.820  0.0218
 4709.840  0.0244
 4709.860  0.0243
 4709.880  0.0220
 4709.900  0.0211
 4709.920  0.0222
 4709.940  0.0221
 4709.960  0.0199
 4709.980  0.0190
 4710.000  0.0224
 4710.020  0.0275
 4710.040  0.0294
 4710.060  0.0271
 4710.080  0.0247
 4710.100  0.0256
 4710.120  0.0281
 4710.140  0.0291
 4710.160  0.0284
 4710.180  0.0291
 4710.200  0.0318
 4710.220  0.0327
 4710.240  0.0290
 4710.260  0.0236
 4710.280  0.0222
 4710.300  0.0259
 4710.320  0.0306
 4710.340  0.0326
 4710.360  0.0324
 4710.380  0.0322
 4710.400  0.0320
 4710.420  0.0305
 4710.440  0.0280
 4710.460  0.0259
 4710.480  0.0245
 4710.500  0.0232
 4710.520  0.0223
 4710.540  0.0229
 4710.560  0.0243
 4710.580  0.0243
 4710.600  0.0222
 4710.620  0.0194
 4710.640  0.0178
 4710.660  0.0176
 4710.680  0.0184
 4710.700  0.0205
 4710.720  0.0232
 4710.740  0.0247
 4710.760  0.0249
 4710.780  0.0251
 4710.800  0.0260
 4710.820  0.0263
 4710.840  0.0249
 4710.860  0.0224
 4710.880  0.0204
 4710.900  0.0189
 4710.920  0.0176
 4710.940  0.0173
 4710.960  0.0193
 4710.980  0.0232
 4711.000  0.0274
 4711.020  0.0310
 4711.040  0.0325
 4711.060  0.0303
 4711.080  0.0249
 4711.100  0.0204
 4711.120  0.0206
 4711.140  0.0244
 4711.160  0.0271
 4711.180  0.0265
 4711.200  0.0243
 4711.220  0.0217
 4711.240  0.0184
 4711.260  0.0159
 4711.280  0.0184
 4711.300  0.0264
 4711.320  0.0329
 4711.340  0.0317
 4711.360  0.0249
 4711.380  0.0199
 4711.400  0.0199
 4711.420  0.0214
 4711.440  0.0218
 4711.460  0.0225
 4711.480  0.0250
 4711.500  0.0272
 4711.520  0.0270
 4711.540  0.0260
 4711.560  0.0272
 4711.580  0.0298
 4711.600  0.0302
 4711.620  0.0265
 4711.640  0.0198
 4711.660  0.0137
 4711.680  0.0116
 4711.700  0.0143
 4711.720  0.0191
 4711.740  0.0225
 4711.760  0.0241
 4711.780  0.0266
 4711.800  0.0310
 4711.820  0.0334
 4711.840  0.0308
 4711.860  0.0259
 4711.880  0.0239
 4711.900  0.0251
 4711.920  0.0261
 4711.940  0.0258
 4711.960  0.0261
 4711.980  0.0264
 4712.000  0.0235
 4712.020  0.0180
 4712.040  0.0167
 4712.060  0.0232
 4712.080  0.0314
 4712.100  0.0330
 4712.120  0.0280
 4712.140  0.0235
 4712.160  0.0230
 4712.180  0.0235
 4712.200  0.0221
 4712.220  0.0203
 4712.240  0.0210
 4712.260  0.0235
 4712.280  0.0260
 4712.300  0.0283
 4712.320  0.0309
 4712.340  0.0324
 4712.360  0.0311
 4712.380  0.0279
 4712.400  0.0249
 4712.420  0.0231
 4712.440  0.0225
 4712.460  0.0235
 4712.480  0.0258
 4712.500  0.0270
 4712.520  0.0252
 4712.540  0.0221
 4712.560  0.0213
 4712.580  0.0226
 4712.600  0.0224
 4712.620  0.0193
 4712.640  0.0169
 4712.660  0.0195
 4712.680  0.0254
 4712.700  0.0292
 4712.720  0.0281
 4712.740  0.0249
 4712.760  0.0237
 4712.780  0.0253
 4712.800  0.0275
 4712.820  0.0283
 4712.840  0.0269
 4712.860  0.0231
 4712.880  0.0172
 4712.900  0.0118
 4712.920  0.0106
 4712.940  0.0143
 4712.960  0.0189
 4712.980  0.0203
 4713.000  0.0187
 4713.020  0.0185
 4713.040  0.0222
 4713.060  0.0277
 4713.080  0.0321
 4713.100  0.0348
 4713.120  0.0353
 4713.140  0.0323
 4713.160  0.0256
 4713.180  0.0200
 4713.200  0.0203
 4713.220  0.0248
 4713.240  0.0263
 4713.260  0.0215
 4713.280  0.0150
 4713.300  0.0120
 4713.320  0.0126
 4713.340  0.0140
 4713.360  0.0165
 4713.380  0.0217
 4713.400  0.0271
 4713.420  0.0278
 4713.440  0.0231
 4713.460  0.0169
 4713.480  0.0125
 4713.500  0.0101
 4713.520  0.0097
 4713.540  0.0126
 4713.560  0.0176
 4713.580  0.0200
 4713.600  0.0185
 4713.620  0.0169
 4713.640  0.0182
 4713.660  0.0194
 4713.680  0.0173
 4713.700  0.0151
 4713.720  0.0184
 4713.740  0.0262
 4713.760  0.0317
 4713.780  0.0320
 4713.800  0.0321
 4713.820  0.0356
 4713.840  0.0380
 4713.860  0.0340
 4713.880  0.0264
 4713.900  0.0229
 4713.920  0.0260
 4713.940  0.0311
 4713.960  0.0341
 4713.980  0.0351
 4714.000  0.0353
 4714.020  0.0335
 4714.040  0.0289
 4714.060  0.0232
 4714.080  0.0183
 4714.100  0.0146
 4714.120  0.0130
 4714.140  0.0155
 4714.160  0.0218
 4714.180  0.0268
 4714.200  0.0255
 4714.220  0.0190
 4714.240  0.0137
 4714.260  0.0139
 4714.280  0.0170
 4714.300  0.0182
 4714.320  0.0165
 4714.340  0.0149
 4714.360  0.0154
 4714.380  0.0168
 4714.400  0.0178
 4714.420  0.0194
 4714.440  0.0228
 4714.460  0.0262
 4714.480  0.0258
 4714.500  0.0211
 4714.520  0.0168
 4714.540  0.0167
 4714.560  0.0189
 4714.580  0.0191
 4714.600  0.0168
 4714.620  0.0156
 4714.640  0.0176
 4714.660  0.0198
 4714.680  0.0202
 4714.700  0.0207
 4714.720  0.0238
 4714.740  0.0272
 4714.760  0.0271
 4714.780  0.0242
 4714.800  0.0228
 4714.820  0.0248
 4714.840  0.0270
 4714.860  0.0269
 4714.880  0.0260
 4714.900  0.0266
 4714.920  0.0280
 4714.940  0.0278
 4714.960  0.0257
 4714.980  0.0227
 4715.000  0.0192
 4715.020  0.0158
 4715.040  0.0146
 4715.060  0.0163
 4715.080  0.0178
 4715.100  0.0162
 4715.120  0.0133
 4715.140  0.0140
 4715.160  0.0185
 4715.180  0.0224
 4715.200  0.0234
 4715.220  0.0245
 4715.240  0.0281
 4715.260  0.0317
 4715.280  0.0321
 4715.300  0.0305
 4715.320  0.0297
 4715.340  0.0296
 4715.360  0.0286
 4715.380  0.0280
 4715.400  0.0308
 4715.420  0.0354
 4715.440  0.0368
 4715.460  0.0333
 4715.480  0.0291
 4715.500  0.0281
 4715.520  0.0283
 4715.540  0.0260
 4715.560  0.0211
 4715.580  0.0168
 4715.600  0.0142
 4715.620  0.0123
 4715.640  0.0110
 4715.660  0.0123
 4715.680  0.0173
 4715.700  0.0238
 4715.720  0.0291
 4715.740  0.0318
 4715.760  0.0324
 4715.780  0.0328
 4715.800  0.0346
 4715.820  0.0362
 4715.840  0.0333
 4715.860  0.0246
 4715.880  0.0155
 4715.900  0.0136
 4715.920  0.0193
 4715.940  0.0249
 4715.960  0.0247
 4715.980  0.0214
 4716.000  0.0217
 4716.020  0.0259
 4716.040  0.0287
 4716.060  0.0275
 4716.080  0.0251
 4716.100  0.0249
 4716.120  0.0252
 4716.140  0.0224
 4716.160  0.0169
 4716.180  0.0128
 4716.200  0.0127
 4716.220  0.0161
 4716.240  0.0209
 4716.260  0.0241
 4716.280  0.0234
 4716.300  0.0190
 4716.320  0.0144
 4716.340  0.0132
 4716.360  0.0153
 4716.380  0.0174
 4716.400  0.0172
 4716.420  0.0161
 4716.440  0.0166
 4716.460  0.0192
 4716.480  0.0222
 4716.500  0.0241
 4716.520  0.0247
 4716.540  0.0245
 4716.560  0.0239
 4716.580  0.0236
 4716.600  0.0240
 4716.620  0.0240
 4716.640  0.0221
 4716.660  0.0182
 4716.680  0.0149
 4716.700  0.0152
 4716.720  0.0187
 4716.740  0.0210
 4716.760  0.0184
 4716.780  0.0128
 4716.800  0.0101
 4716.820  0.0144
 4716.840  0.0234
 4716.860  0.0311
 4716.880  0.0332
 4716.900  0.0295
 4716.920  0.0229
 4716.940  0.0180
 4716.960  0.0179
 4716.980  0.0223
 4717.000  0.0264
 4717.020  0.0253
 4717.040  0.0202
 4717.060  0.0167
 4717.080  0.0181
 4717.100  0.0209
 4717.120  0.0197
 4717.140  0.0150
 4717.160  0.0126
 4717.180  0.0152
 4717.200  0.0194
 4717.220  0.0210
 4717.240  0.0200
 4717.260  0.0193
 4717.280  0.0197
 4717.300  0.0194
 4717.320  0.0179
 4717.340  0.0172
 4717.360  0.0182
 4717.380  0.0200
 4717.400  0.0219
 4717.420  0.0243
 4717.440  0.0270
 4717.460  0.0283
 4717.480  0.0276
 4717.500  0.0274
 4717.520  0.0300
 4717.540  0.0340
 4717.560  0.0355
 4717.580  0.0336
 4717.600  0.0301
 4717.620  0.0272
 4717.640  0.0255
 4717.660  0.0253
 4717.680  0.0270
 4717.700  0.0295
 4717.720  0.0306
 4717.740  0.0299
 4717.760  0.0299
 4717.780  0.0324
 4717.800  0.0352
 4717.820  0.0343
 4717.840  0.0287
 4717.860  0.0220
 4717.880  0.0186
 4717.900  0.0197
 4717.920  0.0234
 4717.940  0.0273
 4717.960  0.0290
 4717.980  0.0280
 4718.000  0.0262
 4718.020  0.0267
 4718.040  0.0292
 4718.060  0.0310
 4718.080  0.0306
 4718.100  0.0299
 4718.120  0.0303
 4718.140  0.0295
 4718.160  0.0254
 4718.180  0.0204
 4718.200  0.0192
 4718.220  0.0212
 4718.240  0.0214
 4718.260  0.0178
 4718.280  0.0151
 4718.300  0.0177
 4718.320  0.0234
 4718.340  0.0270
 4718.360  0.0267
 4718.380  0.0253
 4718.400  0.0242
 4718.420  0.0223
 4718.440  0.0198
 4718.460  0.0196
 4718.480  0.0227
 4718.500  0.0263
 4718.520  0.0276
 4718.540  0.0271
 4718.560  0.0265
 4718.580  0.0249
 4718.600  0.0209
 4718.620  0.0161
 4718.640  0.0138
 4718.660  0.0146
 4718.680  0.0158
 4718.700  0.0163
 4718.720  0.0185
 4718.740  0.0244
 4718.760  0.0321
 4718.780  0.0364
 4718.800  0.0348
 4718.820  0.0293
 4718.840  0.0250
 4718.860  0.0250
 4718.880  0.0278
 4718.900  0.0293
 4718.920  0.0276
 4718.940  0.0251
 4718.960  0.0251
 4718.980  0.0271
 4719.000  0.0279
 4719.020  0.0260
 4719.040  0.0241
 4719.060  0.0244
 4719.080  0.0255
 4719.100  0.0247
 4719.120  0.0227
 4719.140  0.0217
 4719.160  0.0217
 4719.180  0.0199
 4719.200  0.0153
 4719.220  0.0113
 4719.240  0.0117
 4719.260  0.0171
 4719.280  0.0245
 4719.300  0.0305
 4719.320  0.0328
 4719.340  0.0314
 4719.360  0.0292
 4719.380  0.0293
 4719.400  0.0314
 4719.420  0.0319
 4719.440  0.0280
 4719.460  0.0219
 4719.480  0.0177
 4719.500  0.0169
 4719.520  0.0181
 4719.540  0.0200
 4719.560  0.0228
 4719.580  0.0266
 4719.600  0.0309
 4719.620  0.0346
 4719.640  0.0366
 4719.660  0.0356
 4719.680  0.0311
 4719.700  0.0259
 4719.720  0.0241
 4719.740  0.0262
 4719.760  0.0282
 4719.780  0.0272
 4719.800  0.0253
 4719.820  0.0259
 4719.840  0.0279
 4719.860  0.0275
 4719.880  0.0242
 4719.900  0.0220
 4719.920  0.0224
 4719.940  0.0222
 4719.960  0.0183
 4719.980  0.0128
 4720.000  0.0101
 4720.020  0.0107
 4720.040  0.0106
 4720.060  0.0066
 4720.080 -0.0003
 4720.100 -0.0081
 4720.120 -0.0170
 4720.140 -0.0258
 4720.160 -0.0287
 4720.180 -0.0190
 4720.200  0.0012
 4720.220  0.0224
 4720.240  0.0367
 4720.260  0.0423
 4720.280  0.0410
 4720.300  0.0351
 4720.320  0.0271
 4720.340  0.0208
 4720.360  0.0200
 4720.380  0.0248
 4720.400  0.0301
 4720.420  0.0309
 4720.440  0.0277
 4720.460  0.0245
 4720.480  0.0225
 4720.500  0.0188
 4720.520  0.0130
 4720.540  0.0102
 4720.560  0.0142
 4720.580  0.0209
 4720.600  0.0227
 4720.620  0.0193
 4720.640  0.0175
 4720.660  0.0216
 4720.680  0.0276
 4720.700  0.0301
 4720.720  0.0294
 4720.740  0.0293
 4720.760  0.0298
 4720.780  0.0282
 4720.800  0.0254
 4720.820  0.0257
 4720.840  0.0308
 4720.860  0.0359
 4720.880  0.0363
 4720.900  0.0323
 4720.920  0.0276
 4720.940  0.0252
 4720.960  0.0260
 4720.980  0.0296
 4721.000  0.0342
 4721.020  0.0370
 4721.040  0.0371
 4721.060  0.0353
 4721.080  0.0313
 4721.100  0.0236
 4721.120  0.0130
 4721.140  0.0057
 4721.160  0.0070
 4721.180  0.0156
 4721.200  0.0242
 4721.220  0.0272
 4721.240  0.0249
 4721.260  0.0210
 4721.280  0.0189
 4721.300  0.0210
 4721.320  0.0262
 4721.340  0.0301
 4721.360  0.0283
 4721.380  0.0227
 4721.400  0.0206
 4721.420  0.0253
 4721.440  0.0312
 4721.460  0.0313
 4721.480  0.0257
 4721.500  0.0208
 4721.520  0.0200
 4721.540  0.0211
 4721.560  0.0212
 4721.580  0.0201
 4721.600  0.0194
 4721.620  0.0195
 4721.640  0.0208
 4721.660  0.0243
 4721.680  0.0286
 4721.700  0.0298
 4721.720  0.0259
 4721.740  0.0196
 4721.760  0.0167
 4721.780  0.0195
 4721.800  0.0248
 4721.820  0.0273
 4721.840  0.0254
 4721.860  0.0227
 4721.880  0.0244
 4721.900  0.0310
 4721.920  0.0374
 4721.940  0.0390
 4721.960  0.0369
 4721.980  0.0353
 4722.000  0.0352
 4722.020  0.0333
 4722.040  0.0281
 4722.060  0.0235
 4722.080  0.0237
 4722.100  0.0271
 4722.120  0.0289
 4722.140  0.0286
 4722.160  0.0291
 4722.180  0.0307
 4722.200  0.0298
 4722.220  0.0252
 4722.240  0.0210
 4722.260  0.0207
 4722.280  0.0227
 4722.300  0.0234
 4722.320  0.0228
 4722.340  0.0235
 4722.360  0.0255
 4722.380  0.0262
 4722.400  0.0254
 4722.420  0.0254
 4722.440  0.0275
 4722.460  0.0295
 4722.480  0.0288
 4722.500  0.0262
 4722.520  0.0239
 4722.540  0.0230
 4722.560  0.0237
 4722.580  0.0252
 4722.600  0.0269
 4722.620  0.0284
 4722.640  0.0300
 4722.660  0.0314
 4722.680  0.0311
 4722.700  0.0283
 4722.720  0.0254
 4722.740  0.0261
 4722.760  0.0301
 4722.780  0.0328
 4722.800  0.0309
 4722.820  0.0268
 4722.840  0.0250
 4722.860  0.0257
 4722.880  0.0259
 4722.900  0.0246
 4722.920  0.0237
 4722.940  0.0236
 4722.960  0.0229
 4722.980  0.0219
 4723.000  0.0231
 4723.020  0.0272
 4723.040  0.0316
 4723.060  0.0339
 4723.080  0.0349
 4723.100  0.0368
 4723.120  0.0382
 4723.140  0.0359
 4723.160  0.0302
 4723.180  0.0247
 4723.200  0.0216
 4723.220  0.0184
 4723.240  0.0126
 4723.260  0.0055
 4723.280  0.0013
 4723.300  0.0006
 4723.320  0.0001
 4723.340 -0.0025
 4723.360 -0.0048
 4723.380 -0.0034
 4723.400  0.0019
 4723.420  0.0076
 4723.440  0.0113
 4723.460  0.0146
 4723.480  0.0194
 4723.500  0.0246
 4723.520  0.0270
 4723.540  0.0258
 4723.560  0.0227
 4723.580  0.0194
 4723.600  0.0167
 4723.620  0.0157
 4723.640  0.0170
 4723.660  0.0185
 4723.680  0.0172
 4723.700  0.0132
 4723.720  0.0106
 4723.740  0.0126
 4723.760  0.0167
 4723.780  0.0190
 4723.800  0.0197
 4723.820  0.0218
 4723.840  0.0260
 4723.860  0.0293
 4723.880  0.0294
 4723.900  0.0277
 4723.920  0.0265
 4723.940  0.0250
 4723.960  0.0215
 4723.980  0.0171
 4724.000  0.0151
 4724.020  0.0166
 4724.040  0.0189
 4724.060  0.0188
 4724.080  0.0159
 4724.100  0.0140
 4724.120  0.0172
 4724.140  0.0250
 4724.160  0.0320
 4724.180  0.0328
 4724.200  0.0278
 4724.220  0.0228
 4724.240  0.0216
 4724.260  0.0225
 4724.280  0.0221
 4724.300  0.0214
 4724.320  0.0232
 4724.340  0.0269
 4724.360  0.0283
 4724.380  0.0252
 4724.400  0.0202
 4724.420  0.0172
 4724.440  0.0174
 4724.460  0.0199
 4724.480  0.0236
 4724.500  0.0269
 4724.520  0.0279
 4724.540  0.0260
 4724.560  0.0236
 4724.580  0.0219
 4724.600  0.0204
 4724.620  0.0188
 4724.640  0.0201
 4724.660  0.0257
 4724.680  0.0315
 4724.700  0.0322
 4724.720  0.0279
 4724.740  0.0238
 4724.760  0.0234
 4724.780  0.0248
 4724.800  0.0253
 4724.820  0.0250
 4724.840  0.0251
 4724.860  0.0246
 4724.880  0.0219
 4724.900  0.0182
 4724.920  0.0164
 4724.940  0.0174
 4724.960  0.0193
 4724.980  0.0208
 4725.000  0.0225
 4725.020  0.0249
 4725.040  0.0264
 4725.060  0.0249
 4725.080  0.0208
 4725.100  0.0178
 4725.120  0.0191
 4725.140  0.0233
 4725.160  0.0263
 4725.180  0.0270
 4725.200  0.0282
 4725.220  0.0317
 4725.240  0.0347
 4725.260  0.0329
 4725.280  0.0273
 4725.300  0.0238
 4725.320  0.0250
 4725.340  0.0267
 4725.360  0.0235
 4725.380  0.0169
 4725.400  0.0125
 4725.420  0.0124
 4725.440  0.0138
 4725.460  0.0154
 4725.480  0.0182
 4725.500  0.0216
 4725.520  0.0224
 4725.540  0.0205
 4725.560  0.0205
 4725.580  0.0246
 4725.600  0.0285
 4725.620  0.0270
 4725.640  0.0222
 4725.660  0.0206
 4725.680  0.0240
 4725.700  0.0273
 4725.720  0.0263
 4725.740  0.0225
 4725.760  0.0203
 4725.780  0.0209
 4725.800  0.0222
 4725.820  0.0225
 4725.840  0.0225
 4725.860  0.0240
 4725.880  0.0272
 4725.900  0.0305
 4725.920  0.0313
 4725.940  0.0289
 4725.960  0.0251
 4725.980  0.0233
 4726.000  0.0249
 4726.020  0.0284
 4726.040  0.0310
 4726.060  0.0309
 4726.080  0.0279
 4726.100  0.0230
 4726.120  0.0186
 4726.140  0.0169
 4726.160  0.0185
 4726.180  0.0216
 4726.200  0.0247
 4726.220  0.0278
 4726.240  0.0309
 4726.260  0.0327
 4726.280  0.0332
 4726.300  0.0340
 4726.320  0.0361
 4726.340  0.0370
 4726.360  0.0337
 4726.380  0.0272
 4726.400  0.0217
 4726.420  0.0198
 4726.440  0.0205
 4726.460  0.0225
 4726.480  0.0259
 4726.500  0.0293
 4726.520  0.0294
 4726.540  0.0254
 4726.560  0.0209
 4726.580  0.0197
 4726.600  0.0209
 4726.620  0.0211
 4726.640  0.0192
 4726.660  0.0173
 4726.680  0.0164
 4726.700  0.0158
 4726.720  0.0160
 4726.740  0.0187
 4726.760  0.0230
 4726.780  0.0255
 4726.800  0.0242
 4726.820  0.0223
 4726.840  0.0226
 4726.860  0.0234
 4726.880  0.0216
 4726.900  0.0195
 4726.920  0.0218
 4726.940  0.0281
 4726.960  0.0324
 4726.980  0.0306
 4727.000  0.0265
 4727.020  0.0258
 4727.040  0.0288
 4727.060  0.0313
 4727.080  0.0319
 4727.100  0.0329
 4727.120  0.0346
 4727.140  0.0335
 4727.160  0.0276
 4727.180  0.0208
 4727.200  0.0181
 4727.220  0.0191
 4727.240  0.0196
 4727.260  0.0184
 4727.280  0.0183
 4727.300  0.0209
 4727.320  0.0246
 4727.340  0.0273
 4727.360  0.0293
 4727.380  0.0309
 4727.400  0.0310
 4727.420  0.0290
 4727.440  0.0262
 4727.460  0.0244
 4727.480  0.0237
 4727.500  0.0241
 4727.520  0.0262
 4727.540  0.0287
 4727.560  0.0279
 4727.580  0.0226
 4727.600  0.0174
 4727.620  0.0189
 4727.640  0.0265
 4727.660  0.0326
 4727.680  0.0317
 4727.700  0.0258
 4727.720  0.0212
 4727.740  0.0211
 4727.760  0.0244
 4727.780  0.0286
 4727.800  0.0319
 4727.820  0.0331
 4727.840  0.0321
 4727.860  0.0300
 4727.880  0.0279
 4727.900  0.0262
 4727.920  0.0253
 4727.940  0.0255
 4727.960  0.0255
 4727.980  0.0000
 4728.000  0.0000
