           0.97  
           0.3700
 4747.000  0.9439
 4747.020  0.9247
 4747.040  0.9368
 4747.060  0.9406
 4747.080  0.9441
 4747.100  0.9447
 4747.120  0.9429
 4747.140  0.9416
 4747.160  0.9431
 4747.180  0.9471
 4747.200  0.9497
 4747.220  0.9475
 4747.240  0.9441
 4747.260  0.9444
 4747.280  0.9480
 4747.300  0.9485
 4747.320  0.9419
 4747.340  0.9324
 4747.360  0.9259
 4747.380  0.9218
 4747.400  0.9161
 4747.420  0.9054
 4747.440  0.8899
 4747.460  0.8735
 4747.480  0.8598
 4747.500  0.8512
 4747.520  0.8491
 4747.540  0.8545
 4747.560  0.8672
 4747.580  0.8833
 4747.600  0.8965
 4747.620  0.9038
 4747.640  0.9094
 4747.660  0.9195
 4747.680  0.9331
 4747.700  0.9420
 4747.720  0.9415
 4747.740  0.9364
 4747.760  0.9351
 4747.780  0.9404
 4747.800  0.9499
 4747.820  0.9594
 4747.840  0.9635
 4747.860  0.9624
 4747.880  0.9618
 4747.900  0.9634
 4747.920  0.9645
 4747.940  0.9624
 4747.960  0.9569
 4747.980  0.9502
 4748.000  0.9455
 4748.020  0.9441
 4748.040  0.9460
 4748.060  0.9490
 4748.080  0.9497
 4748.100  0.9462
 4748.120  0.9417
 4748.140  0.9406
 4748.160  0.9424
 4748.180  0.9424
 4748.200  0.9375
 4748.220  0.9303
 4748.240  0.9234
 4748.260  0.9153
 4748.280  0.9070
 4748.300  0.9019
 4748.320  0.9006
 4748.340  0.9024
 4748.360  0.9066
 4748.380  0.9100
 4748.400  0.9095
 4748.420  0.9055
 4748.440  0.9023
 4748.460  0.9072
 4748.480  0.9237
 4748.500  0.9454
 4748.520  0.9602
 4748.540  0.9617
 4748.560  0.9543
 4748.580  0.9481
 4748.600  0.9485
 4748.620  0.9518
 4748.640  0.9522
 4748.660  0.9478
 4748.680  0.9396
 4748.700  0.9311
 4748.720  0.9272
 4748.740  0.9299
 4748.760  0.9361
 4748.780  0.9415
 4748.800  0.9442
 4748.820  0.9447
 4748.840  0.9424
 4748.860  0.9392
 4748.880  0.9398
 4748.900  0.9450
 4748.920  0.9494
 4748.940  0.9473
 4748.960  0.9406
 4748.980  0.9366
 4749.000  0.9388
 4749.020  0.9441
 4749.040  0.9475
 4749.060  0.9464
 4749.080  0.9442
 4749.100  0.9443
 4749.120  0.9453
 4749.140  0.9447
 4749.160  0.9434
 4749.180  0.9424
 4749.200  0.9424
 4749.220  0.9458
 4749.240  0.9522
 4749.260  0.9580
 4749.280  0.9598
 4749.300  0.9585
 4749.320  0.9567
 4749.340  0.9549
 4749.360  0.9506
 4749.380  0.9441
 4749.400  0.9386
 4749.420  0.9356
 4749.440  0.9327
 4749.460  0.9241
 4749.480  0.9086
 4749.500  0.8921
 4749.520  0.8795
 4749.540  0.8701
 4749.560  0.8622
 4749.580  0.8588
 4749.600  0.8646
 4749.620  0.8790
 4749.640  0.8963
 4749.660  0.9121
 4749.680  0.9240
 4749.700  0.9316
 4749.720  0.9351
 4749.740  0.9360
 4749.760  0.9367
 4749.780  0.9380
 4749.800  0.9384
 4749.820  0.9373
 4749.840  0.9345
 4749.860  0.9299
 4749.880  0.9220
 4749.900  0.9080
 4749.920  0.8883
 4749.940  0.8674
 4749.960  0.8512
 4749.980  0.8462
 4750.000  0.8560
 4750.020  0.8756
 4750.040  0.8945
 4750.060  0.9065
 4750.080  0.9120
 4750.100  0.9145
 4750.120  0.9167
 4750.140  0.9196
 4750.160  0.9253
 4750.180  0.9347
 4750.200  0.9428
 4750.220  0.9440
 4750.240  0.9382
 4750.260  0.9312
 4750.280  0.9300
 4750.300  0.9340
 4750.320  0.9362
 4750.340  0.9322
 4750.360  0.9228
 4750.380  0.9082
 4750.400  0.8902
 4750.420  0.8716
 4750.440  0.8544
 4750.460  0.8437
 4750.480  0.8482
 4750.500  0.8702
 4750.520  0.9005
 4750.540  0.9257
 4750.560  0.9397
 4750.580  0.9466
 4750.600  0.9530
 4750.620  0.9602
 4750.640  0.9663
 4750.660  0.9694
 4750.680  0.9686
 4750.700  0.9651
 4750.720  0.9603
 4750.740  0.9536
 4750.760  0.9440
 4750.780  0.9340
 4750.800  0.9252
 4750.820  0.9158
 4750.840  0.9037
 4750.860  0.8910
 4750.880  0.8837
 4750.900  0.8853
 4750.920  0.8931
 4750.940  0.9011
 4750.960  0.9043
 4750.980  0.9023
 4751.000  0.9010
 4751.020  0.9055
 4751.040  0.9141
 4751.060  0.9226
 4751.080  0.9297
 4751.100  0.9357
 4751.120  0.9408
 4751.140  0.9443
 4751.160  0.9444
 4751.180  0.9417
 4751.200  0.9403
 4751.220  0.9435
 4751.240  0.9507
 4751.260  0.9581
 4751.280  0.9613
 4751.300  0.9601
 4751.320  0.9575
 4751.340  0.9556
 4751.360  0.9535
 4751.380  0.9502
 4751.400  0.9475
 4751.420  0.9477
 4751.440  0.9496
 4751.460  0.9502
 4751.480  0.9494
 4751.500  0.9499
 4751.520  0.9519
 4751.540  0.9539
 4751.560  0.9555
 4751.580  0.9576
 4751.600  0.9585
 4751.620  0.9563
 4751.640  0.9511
 4751.660  0.9447
 4751.680  0.9384
 4751.700  0.9331
 4751.720  0.9286
 4751.740  0.9270
 4751.760  0.9299
 4751.780  0.9353
 4751.800  0.9404
 4751.820  0.9441
 4751.840  0.9467
 4751.860  0.9483
 4751.880  0.9487
 4751.900  0.9486
 4751.920  0.9472
 4751.940  0.9438
 4751.960  0.9416
 4751.980  0.9401
 4752.000  0.9371
 4752.020  0.9355
 4752.040  0.9378
 4752.060  0.9420
 4752.080  0.9451
 4752.100  0.9480
 4752.120  0.9534
 4752.140  0.9600
 4752.160  0.9633
 4752.180  0.9605
 4752.200  0.9527
 4752.220  0.9427
 4752.240  0.9309
 4752.260  0.9158
 4752.280  0.9006
 4752.300  0.8908
 4752.320  0.8892
 4752.340  0.8945
 4752.360  0.9030
 4752.380  0.9117
 4752.400  0.9206
 4752.420  0.9287
 4752.440  0.9337
 4752.460  0.9360
 4752.480  0.9396
 4752.500  0.9444
 4752.520  0.9455
 4752.540  0.9408
 4752.560  0.9355
 4752.580  0.9361
 4752.600  0.9436
 4752.620  0.9517
 4752.640  0.9540
 4752.660  0.9503
 4752.680  0.9465
 4752.700  0.9478
 4752.720  0.9528
 4752.740  0.9567
 4752.760  0.9577
 4752.780  0.9571
 4752.800  0.9557
 4752.820  0.9540
 4752.840  0.9533
 4752.860  0.9543
 4752.880  0.9559
 4752.900  0.9555
 4752.920  0.9526
 4752.940  0.9498
 4752.960  0.9476
 4752.980  0.9435
 4753.000  0.9379
 4753.020  0.9335
 4753.040  0.9308
 4753.060  0.9278
 4753.080  0.9240
 4753.100  0.9220
 4753.120  0.9239
 4753.140  0.9288
 4753.160  0.9341
 4753.180  0.9389
 4753.200  0.9452
 4753.220  0.9511
 4753.240  0.9524
 4753.260  0.9504
 4753.280  0.9491
 4753.300  0.9488
 4753.320  0.9468
 4753.340  0.9434
 4753.360  0.9409
 4753.380  0.9406
 4753.400  0.9415
 4753.420  0.9441
 4753.440  0.9462
 4753.460  0.9448
 4753.480  0.9439
 4753.500  0.9468
 4753.520  0.9505
 4753.540  0.9543
 4753.560  0.9589
 4753.580  0.9601
 4753.600  0.9551
 4753.620  0.9486
 4753.640  0.9460
 4753.660  0.9444
 4753.680  0.9370
 4753.700  0.9242
 4753.720  0.9109
 4753.740  0.9001
 4753.760  0.8918
 4753.780  0.8863
 4753.800  0.8851
 4753.820  0.8893
 4753.840  0.8980
 4753.860  0.9091
 4753.880  0.9205
 4753.900  0.9299
 4753.920  0.9353
 4753.940  0.9365
 4753.960  0.9359
 4753.980  0.9352
 4754.000  0.9342
 4754.020  0.9343
 4754.040  0.9375
 4754.060  0.9424
 4754.080  0.9450
 4754.100  0.9435
 4754.120  0.9394
 4754.140  0.9341
 4754.160  0.9250
 4754.180  0.9097
 4754.200  0.8926
 4754.220  0.8827
 4754.240  0.8832
 4754.260  0.8910
 4754.280  0.9034
 4754.300  0.9167
 4754.320  0.9248
 4754.340  0.9250
 4754.360  0.9219
 4754.380  0.9236
 4754.400  0.9311
 4754.420  0.9365
 4754.440  0.9336
 4754.460  0.9273
 4754.480  0.9253
 4754.500  0.9265
 4754.520  0.9245
 4754.540  0.9167
 4754.560  0.9056
 4754.580  0.8949
 4754.600  0.8877
 4754.620  0.8862
 4754.640  0.8921
 4754.660  0.9035
 4754.680  0.9158
 4754.700  0.9251
 4754.720  0.9319
 4754.740  0.9357
 4754.760  0.9352
 4754.780  0.9325
 4754.800  0.9305
 4754.820  0.9274
 4754.840  0.9187
 4754.860  0.9018
 4754.880  0.8811
 4754.900  0.8643
 4754.920  0.8585
 4754.940  0.8674
 4754.960  0.8821
 4754.980  0.8909
 4755.000  0.8960
 4755.020  0.9020
 4755.040  0.9081
 4755.060  0.9154
 4755.080  0.9245
 4755.100  0.9329
 4755.120  0.9385
 4755.140  0.9416
 4755.160  0.9445
 4755.180  0.9474
 4755.200  0.9485
 4755.220  0.9472
 4755.240  0.9453
 4755.260  0.9444
 4755.280  0.9434
 4755.300  0.9411
 4755.320  0.9383
 4755.340  0.9357
 4755.360  0.9323
 4755.380  0.9265
 4755.400  0.9192
 4755.420  0.9136
 4755.440  0.9132
 4755.460  0.9198
 4755.480  0.9310
 4755.500  0.9413
 4755.520  0.9467
 4755.540  0.9472
 4755.560  0.9456
 4755.580  0.9436
 4755.600  0.9410
 4755.620  0.9377
 4755.640  0.9326
 4755.660  0.9247
 4755.680  0.9146
 4755.700  0.9045
 4755.720  0.8963
 4755.740  0.8924
 4755.760  0.8960
 4755.780  0.9074
 4755.800  0.9202
 4755.820  0.9263
 4755.840  0.9239
 4755.860  0.9187
 4755.880  0.9147
 4755.900  0.9090
 4755.920  0.9003
 4755.940  0.8951
 4755.960  0.8997
 4755.980  0.9106
 4756.000  0.9204
 4756.020  0.9267
 4756.040  0.9313
 4756.060  0.9357
 4756.080  0.9386
 4756.100  0.9393
 4756.120  0.9408
 4756.140  0.9455
 4756.160  0.9493
 4756.180  0.9486
 4756.200  0.9458
 4756.220  0.9436
 4756.240  0.9411
 4756.260  0.9388
 4756.280  0.9393
 4756.300  0.9448
 4756.320  0.9518
 4756.340  0.9540
 4756.360  0.9528
 4756.380  0.9528
 4756.400  0.9509
 4756.420  0.9446
 4756.440  0.9407
 4756.460  0.9395
 4756.480  0.9355
 4756.500  0.9336
 4756.520  0.9363
 4756.540  0.9385
 4756.560  0.9406
 4756.580  0.9442
 4756.600  0.9463
 4756.620  0.9442
 4756.640  0.9384
 4756.660  0.9310
 4756.680  0.9249
 4756.700  0.9232
 4756.720  0.9267
 4756.740  0.9317
 4756.760  0.9337
 4756.780  0.9325
 4756.800  0.9310
 4756.820  0.9315
 4756.840  0.9320
 4756.860  0.9280
 4756.880  0.9176
 4756.900  0.9032
 4756.920  0.8890
 4756.940  0.8799
 4756.960  0.8798
 4756.980  0.8891
 4757.000  0.9016
 4757.020  0.9073
 4757.040  0.9006
 4757.060  0.8850
 4757.080  0.8681
 4757.100  0.8559
 4757.120  0.8517
 4757.140  0.8573
 4757.160  0.8721
 4757.180  0.8901
 4757.200  0.9045
 4757.220  0.9126
 4757.240  0.9147
 4757.260  0.9131
 4757.280  0.9127
 4757.300  0.9167
 4757.320  0.9236
 4757.340  0.9281
 4757.360  0.9270
 4757.380  0.9219
 4757.400  0.9135
 4757.420  0.9006
 4757.440  0.8849
 4757.460  0.8717
 4757.480  0.8659
 4757.500  0.8700
 4757.520  0.8840
 4757.540  0.9052
 4757.560  0.9280
 4757.580  0.9448
 4757.600  0.9521
 4757.620  0.9524
 4757.640  0.9500
 4757.660  0.9478
 4757.680  0.9461
 4757.700  0.9445
 4757.720  0.9430
 4757.740  0.9398
 4757.760  0.9344
 4757.780  0.9298
 4757.800 -1.0000
 4757.820 -1.0000
 4757.840 -1.0000
 4757.860 -1.0000
 4757.880 -1.0000
 4757.900 -1.0000
 4757.920 -1.0000
 4757.940 -1.0000
 4757.960 -1.0000
 4757.980 -1.0000
 4758.000 -1.0000
 4758.020 -1.0000
 4758.040  0.9362
 4758.060  0.9409
 4758.080  0.9455
 4758.100  0.9477
 4758.120  0.9473
 4758.140  0.9467
 4758.160  0.9491
 4758.180  0.9558
 4758.200  0.9637
 4758.220  0.9663
 4758.240  0.9615
 4758.260  0.9545
 4758.280  0.9507
 4758.300  0.9498
 4758.320  0.9491
 4758.340  0.9483
 4758.360  0.9498
 4758.380  0.9544
 4758.400  0.9587
 4758.420  0.9592
 4758.440  0.9567
 4758.460  0.9549
 4758.480  0.9544
 4758.500  0.9524
 4758.520  0.9490
 4758.540  0.9481
 4758.560  0.9492
 4758.580  0.9469
 4758.600  0.9382
 4758.620  0.9255
 4758.640  0.9119
 4758.660  0.8958
 4758.680  0.8751
 4758.700  0.8546
 4758.720  0.8435
 4758.740  0.8462
 4758.760  0.8598
 4758.780  0.8795
 4758.800  0.9022
 4758.820  0.9239
 4758.840  0.9388
 4758.860  0.9451
 4758.880  0.9462
 4758.900  0.9454
 4758.920  0.9437
 4758.940  0.9404
 4758.960  0.9344
 4758.980  0.9250
 4759.000  0.9130
 4759.020  0.8999
 4759.040  0.8901
 4759.060  0.8887
 4759.080  0.8969
 4759.100  0.9118
 4759.120  0.9283
 4759.140  0.9423
 4759.160  0.9510
 4759.180  0.9528
 4759.200  0.9494
 4759.220  0.9461
 4759.240  0.9464
 4759.260  0.9478
 4759.280  0.9464
 4759.300  0.9434
 4759.320  0.9425
 4759.340  0.9422
 4759.360  0.9364
 4759.380  0.9230
 4759.400  0.9120
 4759.420  0.9132
 4759.440  0.9204
 4759.460  0.9263
 4759.480  0.9332
 4759.500  0.9397
 4759.520  0.9422
 4759.540  0.9433
 4759.560  0.9446
 4759.580  0.9442
 4759.600  0.9413
 4759.620  0.9384
 4759.640  0.9375
 4759.660  0.9374
 4759.680  0.9357
 4759.700  0.9320
 4759.720  0.9292
 4759.740  0.9305
 4759.760  0.9345
 4759.780  0.9385
 4759.800  0.9423
 4759.820  0.9468
 4759.840  0.9497
 4759.860  0.9494
 4759.880  0.9466
 4759.900  0.9438
 4759.920  0.9439
 4759.940  0.9473
 4759.960  0.9513
 4759.980  0.9521
 4760.000  0.9491
 4760.020  0.9449
 4760.040  0.9399
 4760.060  0.9317
 4760.080  0.9209
 4760.100  0.9110
 4760.120  0.9049
 4760.140  0.9034
 4760.160  0.9050
 4760.180  0.9077
 4760.200  0.9112
 4760.220  0.9154
 4760.240  0.9189
 4760.260  0.9209
 4760.280  0.9228
 4760.300  0.9268
 4760.320  0.9328
 4760.340  0.9372
 4760.360  0.9378
 4760.380  0.9373
 4760.400  0.9396
 4760.420  0.9449
 4760.440  0.9495
 4760.460  0.9504
 4760.480  0.9479
 4760.500  0.9445
 4760.520  0.9434
 4760.540  0.9473
 4760.560  0.9551
 4760.580  0.9605
 4760.600  0.9578
 4760.620  0.9505
 4760.640  0.9468
 4760.660  0.9492
 4760.680  0.9522
 4760.700  0.9519
 4760.720  0.9498
 4760.740  0.9469
 4760.760  0.9422
 4760.780  0.9389
 4760.800  0.9416
 4760.820  0.9490
 4760.840  0.9533
 4760.860  0.9513
 4760.880  0.9499
 4760.900  0.9499
 4760.920  0.9481
 4760.940  0.9502
 4760.960  0.9545
 4760.980  0.9544
 4761.000  0.9542
 4761.020  0.9575
 4761.040  0.9595
 4761.060  0.9591
 4761.080  0.9605
 4761.100  0.9639
 4761.120  0.9639
 4761.140  0.9575
 4761.160  0.9505
 4761.180  0.9495
 4761.200  0.9527
 4761.220  0.9537
 4761.240  0.9511
 4761.260  0.9487
 4761.280  0.9474
 4761.300  0.9456
 4761.320  0.9444
 4761.340  0.9448
 4761.360  0.9453
 4761.380  0.9420
 4761.400  0.9350
 4761.420  0.9296
 4761.440  0.9289
 4761.460  0.9310
 4761.480  0.9329
 4761.500  0.9338
 4761.520  0.9339
 4761.540  0.9342
 4761.560  0.9360
 4761.580  0.9402
 4761.600  0.9440
 4761.620  0.9439
 4761.640  0.9399
 4761.660  0.9344
 4761.680  0.9316
 4761.700  0.9355
 4761.720  0.9437
 4761.740  0.9484
 4761.760  0.9462
 4761.780  0.9404
 4761.800  0.9363
 4761.820  0.9376
 4761.840  0.9439
 4761.860  0.9503
 4761.880  0.9534
 4761.900  0.9552
 4761.920  0.9584
 4761.940  0.9624
 4761.960  0.9644
 4761.980  0.9644
 4762.000  0.9653
 4762.020  0.9680
 4762.040  0.9698
 4762.060  0.9691
 4762.080  0.9671
 4762.100  0.9635
 4762.120  0.9557
 4762.140  0.9429
 4762.160  0.9279
 4762.180  0.9131
 4762.200  0.8933
 4762.220  0.8607
 4762.240  0.8191
 4762.260  0.7862
 4762.280  0.7778
 4762.300  0.7959
 4762.320  0.8323
 4762.340  0.8731
 4762.360  0.9013
 4762.380  0.9123
 4762.400  0.9170
 4762.420  0.9193
 4762.440  0.9144
 4762.460  0.9034
 4762.480  0.8912
 4762.500  0.8815
 4762.520  0.8797
 4762.540  0.8916
 4762.560  0.9145
 4762.580  0.9375
 4762.600  0.9512
 4762.620  0.9542
 4762.640  0.9517
 4762.660  0.9495
 4762.680  0.9488
 4762.700  0.9468
 4762.720  0.9422
 4762.740  0.9364
 4762.760  0.9317
 4762.780  0.9310
 4762.800  0.9348
 4762.820  0.9388
 4762.840  0.9394
 4762.860  0.9377
 4762.880  0.9378
 4762.900  0.9419
 4762.920  0.9468
 4762.940  0.9477
 4762.960  0.9433
 4762.980  0.9368
 4763.000  0.9332
 4763.020  0.9348
 4763.040  0.9384
 4763.060  0.9391
 4763.080  0.9341
 4763.100  0.9249
 4763.120  0.9147
 4763.140  0.9045
 4763.160  0.8951
 4763.180  0.8902
 4763.200  0.8928
 4763.220  0.9023
 4763.240  0.9145
 4763.260  0.9243
 4763.280  0.9294
 4763.300  0.9316
 4763.320  0.9336
 4763.340  0.9368
 4763.360  0.9415
 4763.380  0.9473
 4763.400  0.9517
 4763.420  0.9512
 4763.440  0.9463
 4763.460  0.9425
 4763.480  0.9425
 4763.500  0.9449
 4763.520  0.9479
 4763.540  0.9478
 4763.560  0.9416
 4763.580  0.9328
 4763.600  0.9275
 4763.620  0.9283
 4763.640  0.9317
 4763.660  0.9314
 4763.680  0.9269
 4763.700  0.9223
 4763.720  0.9172
 4763.740  0.9070
 4763.760  0.8937
 4763.780  0.8856
 4763.800  0.8826
 4763.820  0.8791
 4763.840  0.8765
 4763.860  0.8742
 4763.880  0.8679
 4763.900  0.8592
 4763.920  0.8502
 4763.940  0.8415
 4763.960  0.8397
 4763.980  0.8513
 4764.000  0.8721
 4764.020  0.8920
 4764.040  0.9034
 4764.060  0.9059
 4764.080  0.9038
 4764.100  0.9034
 4764.120  0.9088
 4764.140  0.9201
 4764.160  0.9320
 4764.180  0.9402
 4764.200  0.9454
 4764.220  0.9491
 4764.240  0.9500
 4764.260  0.9454
 4764.280  0.9370
 4764.300  0.9313
 4764.320  0.9320
 4764.340  0.9360
 4764.360  0.9392
 4764.380  0.9420
 4764.400  0.9471
 4764.420  0.9521
 4764.440  0.9514
 4764.460  0.9454
 4764.480  0.9409
 4764.500 -1.0000
 4764.520 -1.0000
 4764.540 -1.0000
 4764.560 -1.0000
 4764.580 -1.0000
 4764.600 -1.0000
 4764.620 -1.0000
 4764.640 -1.0000
 4764.660 -1.0000
 4764.680 -1.0000
 4764.700 -1.0000
 4764.720 -1.0000
 4764.740 -1.0000
 4764.760 -1.0000
 4764.780  0.9527
 4764.800  0.9514
 4764.820  0.9508
 4764.840  0.9516
 4764.860  0.9521
 4764.880  0.9515
 4764.900  0.9510
 4764.920  0.9521
 4764.940  0.9539
 4764.960  0.9521
 4764.980  0.9448
 4765.000  0.9374
 4765.020  0.9363
 4765.040  0.9413
 4765.060  0.9470
 4765.080  0.9483
 4765.100  0.9455
 4765.120  0.9449
 4765.140  0.9495
 4765.160  0.9519
 4765.180  0.9487
 4765.200  0.9479
 4765.220  0.9503
 4765.240  0.9501
 4765.260  0.9506
 4765.280  0.9559
 4765.300  0.9628
 4765.320  0.9684
 4765.340  0.9716
 4765.360  0.9724
 4765.380  0.9727
 4765.400  0.9724
 4765.420  0.9699
 4765.440  0.9665
 4765.460  0.9646
 4765.480  0.9631
 4765.500  0.9598
 4765.520  0.9565
 4765.540  0.9566
 4765.560  0.9590
 4765.580  0.9593
 4765.600  0.9553
 4765.620  0.9510
 4765.640  0.9522
 4765.660  0.9561
 4765.680  0.9556
 4765.700  0.9507
 4765.720  0.9482
 4765.740  0.9496
 4765.760  0.9488
 4765.780  0.9427
 4765.800  0.9364
 4765.820  0.9353
 4765.840  0.9387
 4765.860  0.9429
 4765.880  0.9458
 4765.900  0.9467
 4765.920  0.9452
 4765.940  0.9432
 4765.960  0.9432
 4765.980  0.9447
 4766.000  0.9450
 4766.020  0.9428
 4766.040  0.9403
 4766.060  0.9400
 4766.080  0.9414
 4766.100  0.9414
 4766.120  0.9398
 4766.140  0.9399
 4766.160  0.9408
 4766.180  0.9396
 4766.200  0.9375
 4766.220  0.9327
 4766.240  0.9194
 4766.260  0.8994
 4766.280  0.8835
 4766.300  0.8810
 4766.320  0.8902
 4766.340  0.9006
 4766.360  0.9046
 4766.380  0.9028
 4766.400  0.8963
 4766.420  0.8829
 4766.440  0.8617
 4766.460  0.8382
 4766.480  0.8217
 4766.500  0.8184
 4766.520  0.8298
 4766.540  0.8536
 4766.560  0.8805
 4766.580  0.8960
 4766.600  0.8945
 4766.620  0.8841
 4766.640  0.8699
 4766.660  0.8527
 4766.680  0.8395
 4766.700  0.8357
 4766.720  0.8416
 4766.740  0.8579
 4766.760  0.8811
 4766.780  0.9016
 4766.800  0.9103
 4766.820  0.9070
 4766.840  0.8998
 4766.860  0.8945
 4766.880  0.8899
 4766.900  0.8835
 4766.920  0.8801
 4766.940  0.8872
 4766.960  0.9037
 4766.980  0.9190
 4767.000  0.9256
 4767.020  0.9271
 4767.040  0.9291
 4767.060  0.9318
 4767.080  0.9338
 4767.100  0.9331
 4767.120  0.9291
 4767.140  0.9248
 4767.160  0.9231
 4767.180  0.9242
 4767.200  0.9273
 4767.220  0.9304
 4767.240  0.9327
 4767.260  0.9334
 4767.280  0.9317
 4767.300  0.9285
 4767.320  0.9256
 4767.340  0.9240
 4767.360  0.9233
 4767.380  0.9233
 4767.400  0.9248
 4767.420  0.9280
 4767.440  0.9317
 4767.460  0.9347
 4767.480  0.9386
 4767.500  0.9444
 4767.520  0.9502
 4767.540  0.9537
 4767.560  0.9544
 4767.580  0.9538
 4767.600  0.9536
 4767.620  0.9533
 4767.640  0.9520
 4767.660  0.9493
 4767.680  0.9462
 4767.700  0.9435
 4767.720  0.9416
 4767.740  0.9407
 4767.760  0.9395
 4767.780  0.9373
 4767.800  0.9343
 4767.820  0.9308
 4767.840  0.9283
 4767.860  0.9287
 4767.880  0.9320
 4767.900  0.9355
 4767.920  0.9355
 4767.940  0.9325
 4767.960  0.9324
 4767.980  0.9343
 4768.000  0.9331
 4768.020  0.9306
 4768.040  0.9292
 4768.060  0.9279
 4768.080  0.9286
 4768.100  0.9333
 4768.120  0.9393
 4768.140  0.9414
 4768.160  0.9368
 4768.180  0.9278
 4768.200  0.9181
 4768.220  0.9085
 4768.240  0.8970
 4768.260  0.8829
 4768.280  0.8697
 4768.300  0.8630
 4768.320  0.8659
 4768.340  0.8782
 4768.360  0.8966
 4768.380  0.9139
 4768.400  0.9241
 4768.420  0.9272
 4768.440  0.9264
 4768.460  0.9234
 4768.480  0.9170
 4768.500  0.9093
 4768.520  0.9057
 4768.540  0.9083
 4768.560  0.9130
 4768.580  0.9149
 4768.600  0.9142
 4768.620  0.9140
 4768.640  0.9104
 4768.660  0.8972
 4768.680  0.8747
 4768.700  0.8465
 4768.720  0.8165
 4768.740  0.7898
 4768.760  0.7767
 4768.780  0.7904
 4768.800  0.8306
 4768.820  0.8787
 4768.840  0.9156
 4768.860  0.9335
 4768.880  0.9373
 4768.900  0.9366
 4768.920  0.9362
 4768.940  0.9347
 4768.960  0.9322
 4768.980  0.9309
 4769.000  0.9300
 4769.020  0.9273
 4769.040  0.9264
 4769.060  0.9320
 4769.080  0.9388
 4769.100  0.9386
 4769.120  0.9341
 4769.140  0.9322
 4769.160  0.9330
 4769.180  0.9324
 4769.200  0.9276
 4769.220  0.9220
 4769.240  0.9214
 4769.260  0.9262
 4769.280  0.9303
 4769.300  0.9283
 4769.320  0.9234
 4769.340  0.9240
 4769.360  0.9304
 4769.380  0.9339
 4769.400  0.9326
 4769.420  0.9350
 4769.440  0.9406
 4769.460  0.9409
 4769.480  0.9379
 4769.500  0.9358
 4769.520  0.9342
 4769.540  0.9339
 4769.560  0.9369
 4769.580  0.9440
 4769.600  0.9529
 4769.620  0.9589
 4769.640  0.9588
 4769.660  0.9529
 4769.680  0.9477
 4769.700  0.9516
 4769.720  0.9592
 4769.740  0.9563
 4769.760  0.9442
 4769.780  0.9369
 4769.800  0.9379
 4769.820  0.9372
 4769.840  0.9295
 4769.860  0.9199
 4769.880  0.9131
 4769.900  0.9068
 4769.920  0.8976
 4769.940  0.8870
 4769.960  0.8806
 4769.980  0.8811
 4770.000  0.8833
 4770.020  0.8807
 4770.040  0.8758
 4770.060  0.8727
 4770.080  0.8700
 4770.100  0.8653
 4770.120  0.8584
 4770.140  0.8527
 4770.160  0.8522
 4770.180  0.8586
 4770.200  0.8740
 4770.220  0.8969
 4770.240  0.9174
 4770.260  0.9267
 4770.280  0.9271
 4770.300  0.9262
 4770.320  0.9262
 4770.340  0.9235
 4770.360  0.9146
 4770.380  0.9008
 4770.400  0.8864
 4770.420  0.8721
 4770.440  0.8561
 4770.460  0.8419
 4770.480  0.8403
 4770.500  0.8570
 4770.520  0.8825
 4770.540  0.8996
 4770.560  0.9042
 4770.580  0.9071
 4770.600  0.9138
 4770.620  0.9196
 4770.640  0.9212
 4770.660  0.9190
 4770.680  0.9151
 4770.700  0.9108
 4770.720  0.9059
 4770.740  0.8988
 4770.760  0.8883
 4770.780  0.8759
 4770.800  0.8625
 4770.820  0.8459
 4770.840  0.8295
 4770.860  0.8243
 4770.880  0.8336
 4770.900  0.8500
 4770.920  0.8671
 4770.940  0.8829
 4770.960  0.8959
 4770.980  0.9051
 4771.000  0.9116
 4771.020  0.9152
 4771.040  0.9139
 4771.060  0.9067
 4771.080  0.8958
 4771.100  0.8875
 4771.120  0.8868
 4771.140  0.8931
 4771.160  0.9024
 4771.180  0.9107
 4771.200  0.9159
 4771.220  0.9158
 4771.240  0.9082
 4771.260  0.8945
 4771.280  0.8794
 4771.300  0.8660
 4771.320  0.8550
 4771.340  0.8491
 4771.360  0.8519
 4771.380  0.8614
 4771.400  0.8718
 4771.420  0.8836
 4771.440  0.8994
 4771.460  0.9140
 4771.480  0.9218
 4771.500  0.9246
 4771.520  0.9271
 4771.540  0.9317
 4771.560  0.9378
 4771.580  0.9428
 4771.600  0.9462
 4771.620  0.9473
 4771.640  0.9460
 4771.660  0.9455
 4771.680  0.9467
 4771.700  0.9469
 4771.720  0.9454
 4771.740  0.9449
 4771.760  0.9464
 4771.780  0.9474
 4771.800  0.9467
 4771.820  0.9465
 4771.840  0.9476
 4771.860  0.9489
 4771.880  0.9492
 4771.900  0.9477
 4771.920  0.9423
 4771.940  0.9314
 4771.960  0.9153
 4771.980  0.8962
 4772.000  0.8767
 4772.020  0.8580
 4772.040  0.8444
 4772.060  0.8446
 4772.080  0.8620
 4772.100  0.8892
 4772.120  0.9125
 4772.140  0.9244
 4772.160  0.9275
 4772.180  0.9258
 4772.200  0.9232
 4772.220  0.9272
 4772.240  0.9348
 4772.260  0.9374
 4772.280  0.9395
 4772.300  0.9451
 4772.320  0.9486
 4772.340  0.9479
 4772.360  0.9466
 4772.380  0.9466
 4772.400  0.9464
 4772.420  0.9441
 4772.440  0.9410
 4772.460  0.9405
 4772.480  0.9445
 4772.500  0.9510
 4772.520  0.9584
 4772.540  0.9655
 4772.560  0.9695
 4772.580  0.9682
 4772.600  0.9628
 4772.620  0.9561
 4772.640  0.9496
 4772.660  0.9407
 4772.680  0.9277
 4772.700  0.9140
 4772.720  0.9031
 4772.740  0.8950
 4772.760  0.8888
 4772.780  0.8857
 4772.800  0.8871
 4772.820  0.8913
 4772.840  0.8929
 4772.860  0.8872
 4772.880  0.8771
 4772.900  0.8715
 4772.920  0.8769
 4772.940  0.8914
 4772.960  0.9078
 4772.980  0.9208
 4773.000  0.9286
 4773.020  0.9315
 4773.040  0.9321
 4773.060  0.9351
 4773.080  0.9415
 4773.100  0.9444
 4773.120  0.9421
 4773.140  0.9430
 4773.160  0.9486
 4773.180  0.9529
 4773.200  0.9546
 4773.220  0.9572
 4773.240  0.9618
 4773.260  0.9654
 4773.280  0.9630
 4773.300  0.9557
 4773.320  0.9501
 4773.340  0.9458
 4773.360  0.9397
 4773.380  0.9351
 4773.400  0.9330
 4773.420  0.9292
 4773.440  0.9230
 4773.460  0.9168
 4773.480  0.9134
 4773.500  0.9138
 4773.520  0.9168
 4773.540  0.9224
 4773.560  0.9291
 4773.580  0.9333
 4773.600  0.9348
 4773.620  0.9363
 4773.640  0.9378
 4773.660  0.9390
 4773.680  0.9409
 4773.700  0.9430
 4773.720  0.9421
 4773.740  0.9365
 4773.760  0.9312
 4773.780  0.9322
 4773.800  0.9385
 4773.820  0.9443
 4773.840  0.9460
 4773.860  0.9448
 4773.880  0.9428
 4773.900  0.9439
 4773.920  0.9511
 4773.940  0.9581
 4773.960  0.9581
 4773.980  0.9546
 4774.000  0.9492
 4774.020  0.9409
 4774.040  0.9349
 4774.060  0.9347
 4774.080  0.9374
 4774.100  0.9394
 4774.120  0.9384
 4774.140  0.9316
 4774.160  0.9213
 4774.180  0.9150
 4774.200  0.9163
 4774.220  0.9189
 4774.240  0.9153
 4774.260  0.9051
 4774.280  0.8928
 4774.300  0.8798
 4774.320  0.8635
 4774.340  0.8439
 4774.360  0.8267
 4774.380  0.8185
 4774.400  0.8198
 4774.420  0.8250
 4774.440  0.8299
 4774.460  0.8357
 4774.480  0.8457
 4774.500  0.8615
 4774.520  0.8822
 4774.540  0.9045
 4774.560  0.9234
 4774.580  0.9356
 4774.600  0.9439
 4774.620  0.9515
 4774.640  0.9563
 4774.660  0.9567
 4774.680  0.9542
 4774.700  0.9496
 4774.720  0.9412
 4774.740  0.9322
 4774.760  0.9309
 4774.780  0.9365
 4774.800  0.9417
 4774.820  0.9453
 4774.840  0.9472
 4774.860  0.9455
 4774.880  0.9430
 4774.900  0.9419
 4774.920  0.9396
 4774.940  0.9365
 4774.960  0.9364
 4774.980  0.9393
 4775.000  0.9411
 4775.020  0.9400
 4775.040  0.9376
 4775.060  0.9366
 4775.080  0.9367
 4775.100  0.9342
 4775.120  0.9272
 4775.140  0.9163
 4775.160  0.9042
 4775.180  0.8969
 4775.200  0.8981
 4775.220  0.9030
 4775.240  0.9075
 4775.260  0.9144
 4775.280  0.9239
 4775.300  0.9312
 4775.320  0.9372
 4775.340  0.9438
 4775.360  0.9458
 4775.380  0.9422
 4775.400  0.9392
 4775.420  0.9372
 4775.440  0.9347
 4775.460  0.9328
 4775.480  0.9310
 4775.500  0.9288
 4775.520  0.9304
 4775.540  0.9385
 4775.560  0.9497
 4775.580  0.9578
 4775.600  0.9570
 4775.620  0.9485
 4775.640  0.9420
 4775.660  0.9432
 4775.680  0.9462
 4775.700  0.9458
 4775.720 -1.0000
 4775.740 -1.0000
 4775.760 -1.0000
 4775.780 -1.0000
 4775.800 -1.0000
 4775.820 -1.0000
 4775.840 -1.0000
 4775.860 -1.0000
 4775.880 -1.0000
 4775.900 -1.0000
 4775.920  0.9723
 4775.940  0.9616
 4775.960  0.9510
 4775.980  0.9428
 4776.000  0.9334
 4776.020  0.9195
 4776.040  0.9050
 4776.060  0.8994
 4776.080  0.9055
 4776.100  0.9173
 4776.120  0.9291
 4776.140  0.9402
 4776.160  0.9511
 4776.180  0.9580
 4776.200  0.9562
 4776.220  0.9480
 4776.240  0.9409
 4776.260  0.9400
 4776.280  0.9443
 4776.300  0.9490
 4776.320  0.9518
 4776.340  0.9533
 4776.360  0.9533
 4776.380  0.9504
 4776.400  0.9465
 4776.420  0.9444
 4776.440  0.9404
 4776.460  0.9330
 4776.480  0.9323
 4776.500  0.9397
 4776.520  0.9440
 4776.540  0.9409
 4776.560  0.9341
 4776.580  0.9249
 4776.600  0.9102
 4776.620  0.8877
 4776.640  0.8608
 4776.660  0.8389
 4776.680  0.8308
 4776.700  0.8382
 4776.720  0.8549
 4776.740  0.8726
 4776.760  0.8874
 4776.780  0.8980
 4776.800  0.9030
 4776.820  0.9034
 4776.840  0.9054
 4776.860  0.9148
 4776.880  0.9287
 4776.900  0.9386
 4776.920  0.9391
 4776.940  0.9314
 4776.960  0.9187
 4776.980  0.9014
 4777.000  0.8796
 4777.020  0.8583
 4777.040  0.8440
 4777.060  0.8399
 4777.080  0.8482
 4777.100  0.8704
 4777.120  0.8999
 4777.140  0.9214
 4777.160  0.9310
 4777.180  0.9429
 4777.200  0.9581
 4777.220  0.9633
 4777.240  0.9626
 4777.260  0.9609
 4777.280  0.9539
 4777.300  0.9493
 4777.320  0.9525
 4777.340  0.9563
 4777.360  0.9568
 4777.380  0.9552
 4777.400  0.9523
 4777.420  0.9474
 4777.440  0.9428
 4777.460  0.9444
 4777.480  0.9516
 4777.500  0.9562
 4777.520  0.9549
 4777.540  0.9519
 4777.560  0.9513
 4777.580  0.9550
 4777.600  0.9609
 4777.620  0.9643
 4777.640  0.9624
 4777.660  0.9558
 4777.680  0.9467
 4777.700  0.9364
 4777.720  0.9259
 4777.740  0.9176
 4777.760  0.9116
 4777.780  0.9079
 4777.800  0.9096
 4777.820  0.9179
 4777.840  0.9295
 4777.860  0.9391
 4777.880  0.9432
 4777.900  0.9431
 4777.920  0.9417
 4777.940  0.9405
 4777.960  0.9406
 4777.980 -1.0000
 4778.000 -1.0000
 4747.000  0.0000
 4747.020  0.0000
 4747.040  0.0304
 4747.060  0.0341
 4747.080  0.0356
 4747.100  0.0348
 4747.120  0.0320
 4747.140  0.0277
 4747.160  0.0231
 4747.180  0.0206
 4747.200  0.0215
 4747.220  0.0249
 4747.240  0.0278
 4747.260  0.0275
 4747.280  0.0241
 4747.300  0.0203
 4747.320  0.0189
 4747.340  0.0201
 4747.360  0.0221
 4747.380  0.0234
 4747.400  0.0239
 4747.420  0.0237
 4747.440  0.0224
 4747.460  0.0197
 4747.480  0.0172
 4747.500  0.0169
 4747.520  0.0183
 4747.540  0.0195
 4747.560  0.0200
 4747.580  0.0210
 4747.600  0.0235
 4747.620  0.0263
 4747.640  0.0270
 4747.660  0.0250
 4747.680  0.0214
 4747.700  0.0188
 4747.720  0.0198
 4747.740  0.0245
 4747.760  0.0296
 4747.780  0.0311
 4747.800  0.0289
 4747.820  0.0268
 4747.840  0.0268
 4747.860  0.0263
 4747.880  0.0234
 4747.900  0.0212
 4747.920  0.0241
 4747.940  0.0306
 4747.960  0.0338
 4747.980  0.0303
 4748.000  0.0241
 4748.020  0.0206
 4748.040  0.0201
 4748.060  0.0203
 4748.080  0.0218
 4748.100  0.0268
 4748.120  0.0328
 4748.140  0.0345
 4748.160  0.0304
 4748.180  0.0252
 4748.200  0.0231
 4748.220  0.0231
 4748.240  0.0229
 4748.260  0.0242
 4748.280  0.0291
 4748.300  0.0347
 4748.320  0.0349
 4748.340  0.0281
 4748.360  0.0202
 4748.380  0.0176
 4748.400  0.0214
 4748.420  0.0274
 4748.440  0.0315
 4748.460  0.0320
 4748.480  0.0289
 4748.500  0.0242
 4748.520  0.0202
 4748.540  0.0188
 4748.560  0.0202
 4748.580  0.0233
 4748.600  0.0265
 4748.620  0.0279
 4748.640  0.0262
 4748.660  0.0219
 4748.680  0.0188
 4748.700  0.0200
 4748.720  0.0254
 4748.740  0.0311
 4748.760  0.0332
 4748.780  0.0310
 4748.800  0.0260
 4748.820  0.0205
 4748.840  0.0168
 4748.860  0.0160
 4748.880  0.0172
 4748.900  0.0187
 4748.920  0.0191
 4748.940  0.0189
 4748.960  0.0186
 4748.980  0.0189
 4749.000  0.0206
 4749.020  0.0240
 4749.040  0.0276
 4749.060  0.0279
 4749.080  0.0236
 4749.100  0.0177
 4749.120  0.0153
 4749.140  0.0184
 4749.160  0.0247
 4749.180  0.0302
 4749.200  0.0322
 4749.220  0.0299
 4749.240  0.0248
 4749.260  0.0202
 4749.280  0.0188
 4749.300  0.0196
 4749.320  0.0198
 4749.340  0.0188
 4749.360  0.0194
 4749.380  0.0232
 4749.400  0.0268
 4749.420  0.0253
 4749.440  0.0191
 4749.460  0.0139
 4749.480  0.0141
 4749.500  0.0179
 4749.520  0.0206
 4749.540  0.0208
 4749.560  0.0210
 4749.580  0.0232
 4749.600  0.0266
 4749.620  0.0292
 4749.640  0.0299
 4749.660  0.0287
 4749.680  0.0263
 4749.700  0.0243
 4749.720  0.0252
 4749.740  0.0293
 4749.760  0.0340
 4749.780  0.0352
 4749.800  0.0318
 4749.820  0.0264
 4749.840  0.0218
 4749.860  0.0185
 4749.880  0.0152
 4749.900  0.0122
 4749.920  0.0107
 4749.940  0.0110
 4749.960  0.0115
 4749.980  0.0124
 4750.000  0.0157
 4750.020  0.0229
 4750.040  0.0319
 4750.060  0.0386
 4750.080  0.0406
 4750.100  0.0387
 4750.120  0.0352
 4750.140  0.0320
 4750.160  0.0309
 4750.180  0.0322
 4750.200  0.0342
 4750.220  0.0342
 4750.240  0.0313
 4750.260  0.0271
 4750.280  0.0235
 4750.300  0.0202
 4750.320  0.0175
 4750.340  0.0170
 4750.360  0.0197
 4750.380  0.0231
 4750.400  0.0240
 4750.420  0.0223
 4750.440  0.0212
 4750.460  0.0226
 4750.480  0.0254
 4750.500  0.0282
 4750.520  0.0308
 4750.540  0.0333
 4750.560  0.0344
 4750.580  0.0325
 4750.600  0.0284
 4750.620  0.0237
 4750.640  0.0192
 4750.660  0.0157
 4750.680  0.0149
 4750.700  0.0181
 4750.720  0.0231
 4750.740  0.0252
 4750.760  0.0225
 4750.780  0.0187
 4750.800  0.0189
 4750.820  0.0230
 4750.840  0.0262
 4750.860  0.0251
 4750.880  0.0221
 4750.900  0.0220
 4750.920  0.0257
 4750.940  0.0295
 4750.960  0.0302
 4750.980  0.0286
 4751.000  0.0278
 4751.020  0.0285
 4751.040  0.0288
 4751.060  0.0275
 4751.080  0.0264
 4751.100  0.0271
 4751.120  0.0295
 4751.140  0.0318
 4751.160  0.0326
 4751.180  0.0306
 4751.200  0.0247
 4751.220  0.0168
 4751.240  0.0112
 4751.260  0.0117
 4751.280  0.0169
 4751.300  0.0223
 4751.320  0.0250
 4751.340  0.0257
 4751.360  0.0264
 4751.380  0.0276
 4751.400  0.0294
 4751.420  0.0307
 4751.440  0.0302
 4751.460  0.0271
 4751.480  0.0235
 4751.500  0.0223
 4751.520  0.0240
 4751.540  0.0257
 4751.560  0.0253
 4751.580  0.0243
 4751.600  0.0241
 4751.620  0.0244
 4751.640  0.0249
 4751.660  0.0276
 4751.680  0.0324
 4751.700  0.0346
 4751.720  0.0301
 4751.740  0.0229
 4751.760  0.0222
 4751.780  0.0311
 4751.800  0.0422
 4751.820  0.0460
 4751.840  0.0409
 4751.860  0.0325
 4751.880  0.0268
 4751.900  0.0260
 4751.920  0.0285
 4751.940  0.0310
 4751.960  0.0306
 4751.980  0.0278
 4752.000  0.0261
 4752.020  0.0276
 4752.040  0.0305
 4752.060  0.0324
 4752.080  0.0340
 4752.100  0.0364
 4752.120  0.0371
 4752.140  0.0327
 4752.160  0.0249
 4752.180  0.0194
 4752.200  0.0191
 4752.220  0.0221
 4752.240  0.0247
 4752.260  0.0253
 4752.280  0.0232
 4752.300  0.0190
 4752.320  0.0163
 4752.340  0.0185
 4752.360  0.0231
 4752.380  0.0232
 4752.400  0.0167
 4752.420  0.0112
 4752.440  0.0137
 4752.460  0.0211
 4752.480  0.0255
 4752.500  0.0251
 4752.520  0.0252
 4752.540  0.0281
 4752.560  0.0293
 4752.580  0.0256
 4752.600  0.0209
 4752.620  0.0199
 4752.640  0.0211
 4752.660  0.0202
 4752.680  0.0178
 4752.700  0.0184
 4752.720  0.0231
 4752.740  0.0269
 4752.760  0.0253
 4752.780  0.0196
 4752.800  0.0159
 4752.820  0.0189
 4752.840  0.0265
 4752.860  0.0323
 4752.880  0.0305
 4752.900  0.0217
 4752.920  0.0122
 4752.940  0.0080
 4752.960  0.0104
 4752.980  0.0173
 4753.000  0.0260
 4753.020  0.0335
 4753.040  0.0365
 4753.060  0.0341
 4753.080  0.0286
 4753.100  0.0242
 4753.120  0.0222
 4753.140  0.0216
 4753.160  0.0218
 4753.180  0.0229
 4753.200  0.0238
 4753.220  0.0231
 4753.240  0.0218
 4753.260  0.0227
 4753.280  0.0266
 4753.300  0.0313
 4753.320  0.0344
 4753.340  0.0361
 4753.360  0.0372
 4753.380  0.0375
 4753.400  0.0369
 4753.420  0.0361
 4753.440  0.0349
 4753.460  0.0314
 4753.480  0.0260
 4753.500  0.0219
 4753.520  0.0212
 4753.540  0.0218
 4753.560  0.0213
 4753.580  0.0205
 4753.600  0.0218
 4753.620  0.0244
 4753.640  0.0250
 4753.660  0.0235
 4753.680  0.0227
 4753.700  0.0232
 4753.720  0.0216
 4753.740  0.0170
 4753.760  0.0141
 4753.780  0.0181
 4753.800  0.0273
 4753.820  0.0345
 4753.840  0.0351
 4753.860  0.0314
 4753.880  0.0281
 4753.900  0.0277
 4753.920  0.0283
 4753.940  0.0279
 4753.960  0.0266
 4753.980  0.0261
 4754.000  0.0262
 4754.020  0.0248
 4754.040  0.0211
 4754.060  0.0185
 4754.080  0.0206
 4754.100  0.0254
 4754.120  0.0270
 4754.140  0.0237
 4754.160  0.0202
 4754.180  0.0208
 4754.200  0.0234
 4754.220  0.0238
 4754.240  0.0223
 4754.260  0.0225
 4754.280  0.0244
 4754.300  0.0246
 4754.320  0.0231
 4754.340  0.0239
 4754.360  0.0281
 4754.380  0.0309
 4754.400  0.0286
 4754.420  0.0239
 4754.440  0.0221
 4754.460  0.0235
 4754.480  0.0242
 4754.500  0.0226
 4754.520  0.0205
 4754.540  0.0191
 4754.560  0.0173
 4754.580  0.0147
 4754.600  0.0128
 4754.620  0.0137
 4754.640  0.0182
 4754.660  0.0260
 4754.680  0.0347
 4754.700  0.0397
 4754.720  0.0368
 4754.740  0.0275
 4754.760  0.0195
 4754.780  0.0195
 4754.800  0.0259
 4754.820  0.0314
 4754.840  0.0303
 4754.860  0.0240
 4754.880  0.0179
 4754.900  0.0154
 4754.920  0.0147
 4754.940  0.0123
 4754.960  0.0085
 4754.980  0.0080
 4755.000  0.0131
 4755.020  0.0203
 4755.040  0.0239
 4755.060  0.0234
 4755.080  0.0228
 4755.100  0.0248
 4755.120  0.0281
 4755.140  0.0309
 4755.160  0.0333
 4755.180  0.0346
 4755.200  0.0327
 4755.220  0.0278
 4755.240  0.0242
 4755.260  0.0256
 4755.280  0.0298
 4755.300  0.0323
 4755.320  0.0331
 4755.340  0.0357
 4755.360  0.0403
 4755.380  0.0427
 4755.400  0.0396
 4755.420  0.0331
 4755.440  0.0275
 4755.460  0.0247
 4755.480  0.0252
 4755.500  0.0286
 4755.520  0.0333
 4755.540  0.0367
 4755.560  0.0374
 4755.580  0.0364
 4755.600  0.0344
 4755.620  0.0310
 4755.640  0.0265
 4755.660  0.0229
 4755.680  0.0211
 4755.700  0.0194
 4755.720  0.0173
 4755.740  0.0174
 4755.760  0.0209
 4755.780  0.0241
 4755.800  0.0232
 4755.820  0.0208
 4755.840  0.0227
 4755.860  0.0277
 4755.880  0.0288
 4755.900  0.0236
 4755.920  0.0184
 4755.940  0.0196
 4755.960  0.0252
 4755.980  0.0291
 4756.000  0.0297
 4756.020  0.0296
 4756.040  0.0302
 4756.060  0.0305
 4756.080  0.0314
 4756.100  0.0335
 4756.120  0.0349
 4756.140  0.0325
 4756.160  0.0278
 4756.180  0.0255
 4756.200  0.0270
 4756.220  0.0285
 4756.240  0.0272
 4756.260  0.0244
 4756.280  0.0221
 4756.300  0.0194
 4756.320  0.0161
 4756.340  0.0155
 4756.360  0.0199
 4756.380  0.0263
 4756.400  0.0298
 4756.420  0.0298
 4756.440  0.0299
 4756.460  0.0310
 4756.480  0.0307
 4756.500  0.0292
 4756.520  0.0289
 4756.540  0.0301
 4756.560  0.0299
 4756.580  0.0277
 4756.600  0.0269
 4756.620  0.0303
 4756.640  0.0351
 4756.660  0.0363
 4756.680  0.0328
 4756.700  0.0280
 4756.720  0.0243
 4756.740  0.0219
 4756.760  0.0211
 4756.780  0.0236
 4756.800  0.0292
 4756.820  0.0337
 4756.840  0.0336
 4756.860  0.0298
 4756.880  0.0262
 4756.900  0.0253
 4756.920  0.0263
 4756.940  0.0275
 4756.960  0.0282
 4756.980  0.0277
 4757.000  0.0248
 4757.020  0.0202
 4757.040  0.0172
 4757.060  0.0182
 4757.080  0.0219
 4757.100  0.0245
 4757.120  0.0255
 4757.140  0.0283
 4757.160  0.0350
 4757.180  0.0417
 4757.200  0.0419
 4757.220  0.0345
 4757.240  0.0264
 4757.260  0.0250
 4757.280  0.0305
 4757.300  0.0362
 4757.320  0.0361
 4757.340  0.0314
 4757.360  0.0283
 4757.380  0.0302
 4757.400  0.0343
 4757.420  0.0355
 4757.440  0.0324
 4757.460  0.0285
 4757.480  0.0278
 4757.500  0.0299
 4757.520  0.0312
 4757.540  0.0303
 4757.560  0.0298
 4757.580  0.0322
 4757.600  0.0356
 4757.620  0.0353
 4757.640  0.0293
 4757.660  0.0210
 4757.680  0.0156
 4757.700  0.0151
 4757.720  0.0172
 4757.740  0.0178
 4757.760  0.0148
 4757.780  0.0091
 4757.800  0.0045
 4757.820  0.0046
 4757.840  0.0085
 4757.860  0.0108
 4757.880  0.0073
 4757.900  0.0004
 4757.920 -0.0023
 4757.940  0.0023
 4757.960  0.0105
 4757.980  0.0183
 4758.000  0.0255
 4758.020  0.0317
 4758.040  0.0338
 4758.060  0.0301
 4758.080  0.0240
 4758.100  0.0207
 4758.120  0.0209
 4758.140  0.0209
 4758.160  0.0184
 4758.180  0.0169
 4758.200  0.0209
 4758.220  0.0280
 4758.240  0.0303
 4758.260  0.0254
 4758.280  0.0201
 4758.300  0.0217
 4758.320  0.0292
 4758.340  0.0358
 4758.360  0.0378
 4758.380  0.0369
 4758.400  0.0356
 4758.420  0.0333
 4758.440  0.0290
 4758.460  0.0243
 4758.480  0.0216
 4758.500  0.0198
 4758.520  0.0168
 4758.540  0.0136
 4758.560  0.0131
 4758.580  0.0160
 4758.600  0.0196
 4758.620  0.0219
 4758.640  0.0231
 4758.660  0.0227
 4758.680  0.0196
 4758.700  0.0161
 4758.720  0.0169
 4758.740  0.0236
 4758.760  0.0307
 4758.780  0.0320
 4758.800  0.0284
 4758.820  0.0255
 4758.840  0.0255
 4758.860  0.0256
 4758.880  0.0241
 4758.900  0.0234
 4758.920  0.0246
 4758.940  0.0246
 4758.960  0.0222
 4758.980  0.0213
 4759.000  0.0266
 4759.020  0.0352
 4759.040  0.0394
 4759.060  0.0363
 4759.080  0.0307
 4759.100  0.0280
 4759.120  0.0278
 4759.140  0.0266
 4759.160  0.0240
 4759.180  0.0218
 4759.200  0.0207
 4759.220  0.0196
 4759.240  0.0188
 4759.260  0.0201
 4759.280  0.0232
 4759.300  0.0255
 4759.320  0.0249
 4759.340  0.0226
 4759.360  0.0212
 4759.380  0.0220
 4759.400  0.0242
 4759.420  0.0265
 4759.440  0.0273
 4759.460  0.0262
 4759.480  0.0238
 4759.500  0.0220
 4759.520  0.0229
 4759.540  0.0268
 4759.560  0.0314
 4759.580  0.0332
 4759.600  0.0310
 4759.620  0.0272
 4759.640  0.0262
 4759.660  0.0291
 4759.680  0.0325
 4759.700  0.0325
 4759.720  0.0291
 4759.740  0.0260
 4759.760  0.0255
 4759.780  0.0269
 4759.800  0.0282
 4759.820  0.0284
 4759.840  0.0259
 4759.860  0.0197
 4759.880  0.0126
 4759.900  0.0111
 4759.920  0.0180
 4759.940  0.0271
 4759.960  0.0290
 4759.980  0.0229
 4760.000  0.0175
 4760.020  0.0194
 4760.040  0.0239
 4760.060  0.0231
 4760.080  0.0180
 4760.100  0.0167
 4760.120  0.0227
 4760.140  0.0291
 4760.160  0.0285
 4760.180  0.0229
 4760.200  0.0199
 4760.220  0.0224
 4760.240  0.0260
 4760.260  0.0255
 4760.280  0.0211
 4760.300  0.0169
 4760.320  0.0156
 4760.340  0.0169
 4760.360  0.0197
 4760.380  0.0232
 4760.400  0.0268
 4760.420  0.0286
 4760.440  0.0274
 4760.460  0.0235
 4760.480  0.0192
 4760.500  0.0178
 4760.520  0.0201
 4760.540  0.0240
 4760.560  0.0264
 4760.580  0.0264
 4760.600  0.0245
 4760.620  0.0216
 4760.640  0.0182
 4760.660  0.0158
 4760.680  0.0164
 4760.700  0.0209
 4760.720  0.0265
 4760.740  0.0293
 4760.760  0.0284
 4760.780  0.0261
 4760.800  0.0250
 4760.820  0.0249
 4760.840  0.0237
 4760.860  0.0207
 4760.880  0.0177
 4760.900  0.0169
 4760.920  0.0187
 4760.940  0.0211
 4760.960  0.0211
 4760.980  0.0185
 4761.000  0.0162
 4761.020  0.0179
 4761.040  0.0244
 4761.060  0.0327
 4761.080  0.0382
 4761.100  0.0386
 4761.120  0.0351
 4761.140  0.0301
 4761.160  0.0255
 4761.180  0.0217
 4761.200  0.0196
 4761.220  0.0210
 4761.240  0.0256
 4761.260  0.0291
 4761.280  0.0260
 4761.300  0.0173
 4761.320  0.0107
 4761.340  0.0128
 4761.360  0.0206
 4761.380  0.0263
 4761.400  0.0266
 4761.420  0.0254
 4761.440  0.0254
 4761.460  0.0248
 4761.480  0.0215
 4761.500  0.0181
 4761.520  0.0181
 4761.540  0.0209
 4761.560  0.0242
 4761.580  0.0281
 4761.600  0.0332
 4761.620  0.0363
 4761.640  0.0334
 4761.660  0.0270
 4761.680  0.0243
 4761.700  0.0284
 4761.720  0.0336
 4761.740  0.0345
 4761.760  0.0324
 4761.780  0.0321
 4761.800  0.0346
 4761.820  0.0376
 4761.840  0.0398
 4761.860  0.0407
 4761.880  0.0378
 4761.900  0.0299
 4761.920  0.0214
 4761.940  0.0188
 4761.960  0.0230
 4761.980  0.0280
 4762.000  0.0292
 4762.020  0.0287
 4762.040  0.0299
 4762.060  0.0321
 4762.080  0.0321
 4762.100  0.0298
 4762.120  0.0276
 4762.140  0.0267
 4762.160  0.0256
 4762.180  0.0235
 4762.200  0.0212
 4762.220  0.0195
 4762.240  0.0180
 4762.260  0.0172
 4762.280  0.0179
 4762.300  0.0209
 4762.320  0.0255
 4762.340  0.0300
 4762.360  0.0326
 4762.380  0.0332
 4762.400  0.0333
 4762.420  0.0341
 4762.440  0.0336
 4762.460  0.0290
 4762.480  0.0222
 4762.500  0.0195
 4762.520  0.0246
 4762.540  0.0326
 4762.560  0.0353
 4762.580  0.0313
 4762.600  0.0266
 4762.620  0.0253
 4762.640  0.0250
 4762.660  0.0238
 4762.680  0.0248
 4762.700  0.0304
 4762.720  0.0363
 4762.740  0.0365
 4762.760  0.0318
 4762.780  0.0278
 4762.800  0.0268
 4762.820  0.0258
 4762.840  0.0233
 4762.860  0.0222
 4762.880  0.0235
 4762.900  0.0241
 4762.920  0.0222
 4762.940  0.0209
 4762.960  0.0238
 4762.980  0.0287
 4763.000  0.0310
 4763.020  0.0303
 4763.040  0.0303
 4763.060  0.0322
 4763.080  0.0332
 4763.100  0.0308
 4763.120  0.0263
 4763.140  0.0224
 4763.160  0.0208
 4763.180  0.0225
 4763.200  0.0272
 4763.220  0.0325
 4763.240  0.0344
 4763.260  0.0319
 4763.280  0.0275
 4763.300  0.0245
 4763.320  0.0241
 4763.340  0.0260
 4763.360  0.0297
 4763.380  0.0334
 4763.400  0.0334
 4763.420  0.0273
 4763.440  0.0173
 4763.460  0.0092
 4763.480  0.0070
 4763.500  0.0109
 4763.520  0.0181
 4763.540  0.0249
 4763.560  0.0277
 4763.580  0.0256
 4763.600  0.0216
 4763.620  0.0210
 4763.640  0.0254
 4763.660  0.0313
 4763.680  0.0341
 4763.700  0.0328
 4763.720  0.0305
 4763.740  0.0298
 4763.760  0.0305
 4763.780  0.0310
 4763.800  0.0301
 4763.820  0.0281
 4763.840  0.0261
 4763.860  0.0246
 4763.880  0.0236
 4763.900  0.0236
 4763.920  0.0252
 4763.940  0.0277
 4763.960  0.0288
 4763.980  0.0268
 4764.000  0.0235
 4764.020  0.0234
 4764.040  0.0295
 4764.060  0.0390
 4764.080  0.0450
 4764.100  0.0438
 4764.120  0.0384
 4764.140  0.0347
 4764.160  0.0351
 4764.180  0.0363
 4764.200  0.0341
 4764.220  0.0281
 4764.240  0.0224
 4764.260  0.0205
 4764.280  0.0221
 4764.300  0.0245
 4764.320  0.0258
 4764.340  0.0271
 4764.360  0.0298
 4764.380  0.0330
 4764.400  0.0338
 4764.420  0.0300
 4764.440  0.0228
 4764.460  0.0154
 4764.480  0.0096
 4764.500  0.0042
 4764.520 -0.0022
 4764.540 -0.0082
 4764.560 -0.0101
 4764.580 -0.0070
 4764.600 -0.0018
 4764.620  0.0040
 4764.640  0.0136
 4764.660  0.0283
 4764.680  0.0417
 4764.700  0.0457
 4764.720  0.0411
 4764.740  0.0366
 4764.760  0.0369
 4764.780  0.0387
 4764.800  0.0371
 4764.820  0.0318
 4764.840  0.0257
 4764.860  0.0207
 4764.880  0.0168
 4764.900  0.0150
 4764.920  0.0164
 4764.940  0.0202
 4764.960  0.0227
 4764.980  0.0218
 4765.000  0.0187
 4765.020  0.0162
 4765.040  0.0158
 4765.060  0.0177
 4765.080  0.0216
 4765.100  0.0261
 4765.120  0.0287
 4765.140  0.0289
 4765.160  0.0286
 4765.180  0.0304
 4765.200  0.0333
 4765.220  0.0330
 4765.240  0.0265
 4765.260  0.0166
 4765.280  0.0088
 4765.300  0.0069
 4765.320  0.0108
 4765.340  0.0176
 4765.360  0.0235
 4765.380  0.0254
 4765.400  0.0237
 4765.420  0.0210
 4765.440  0.0201
 4765.460  0.0215
 4765.480  0.0235
 4765.500  0.0243
 4765.520  0.0232
 4765.540  0.0219
 4765.560  0.0225
 4765.580  0.0252
 4765.600  0.0274
 4765.620  0.0271
 4765.640  0.0257
 4765.660  0.0257
 4765.680  0.0266
 4765.700  0.0253
 4765.720  0.0210
 4765.740  0.0184
 4765.760  0.0218
 4765.780  0.0295
 4765.800  0.0349
 4765.820  0.0345
 4765.840  0.0307
 4765.860  0.0280
 4765.880  0.0274
 4765.900  0.0278
 4765.920  0.0286
 4765.940  0.0302
 4765.960  0.0312
 4765.980  0.0295
 4766.000  0.0258
 4766.020  0.0241
 4766.040  0.0276
 4766.060  0.0336
 4766.080  0.0358
 4766.100  0.0308
 4766.120  0.0222
 4766.140  0.0172
 4766.160  0.0189
 4766.180  0.0241
 4766.200  0.0272
 4766.220  0.0261
 4766.240  0.0231
 4766.260  0.0208
 4766.280  0.0201
 4766.300  0.0212
 4766.320  0.0248
 4766.340  0.0310
 4766.360  0.0378
 4766.380  0.0415
 4766.400  0.0402
 4766.420  0.0348
 4766.440  0.0280
 4766.460  0.0223
 4766.480  0.0188
 4766.500  0.0171
 4766.520  0.0161
 4766.540  0.0153
 4766.560  0.0151
 4766.580  0.0157
 4766.600  0.0166
 4766.620  0.0176
 4766.640  0.0195
 4766.660  0.0226
 4766.680  0.0260
 4766.700  0.0279
 4766.720  0.0279
 4766.740  0.0269
 4766.760  0.0256
 4766.780  0.0236
 4766.800  0.0209
 4766.820  0.0193
 4766.840  0.0198
 4766.860  0.0212
 4766.880  0.0217
 4766.900  0.0219
 4766.920  0.0237
 4766.940  0.0263
 4766.960  0.0265
 4766.980  0.0231
 4767.000  0.0187
 4767.020  0.0169
 4767.040  0.0185
 4767.060  0.0214
 4767.080  0.0239
 4767.100  0.0255
 4767.120  0.0259
 4767.140  0.0253
 4767.160  0.0244
 4767.180  0.0232
 4767.200  0.0210
 4767.220  0.0180
 4767.240  0.0162
 4767.260  0.0172
 4767.280  0.0197
 4767.300  0.0203
 4767.320  0.0185
 4767.340  0.0169
 4767.360  0.0178
 4767.380  0.0202
 4767.400  0.0216
 4767.420  0.0221
 4767.440  0.0230
 4767.460  0.0239
 4767.480  0.0232
 4767.500  0.0213
 4767.520  0.0217
 4767.540  0.0249
 4767.560  0.0274
 4767.580  0.0255
 4767.600  0.0210
 4767.620  0.0191
 4767.640  0.0213
 4767.660  0.0242
 4767.680  0.0246
 4767.700  0.0240
 4767.720  0.0261
 4767.740  0.0308
 4767.760  0.0347
 4767.780  0.0358
 4767.800  0.0353
 4767.820  0.0343
 4767.840  0.0318
 4767.860  0.0273
 4767.880  0.0231
 4767.900  0.0219
 4767.920  0.0234
 4767.940  0.0244
 4767.960  0.0224
 4767.980  0.0186
 4768.000  0.0163
 4768.020  0.0188
 4768.040  0.0261
 4768.060  0.0336
 4768.080  0.0352
 4768.100  0.0294
 4768.120  0.0217
 4768.140  0.0197
 4768.160  0.0241
 4768.180  0.0280
 4768.200  0.0255
 4768.220  0.0183
 4768.240  0.0129
 4768.260  0.0120
 4768.280  0.0127
 4768.300  0.0125
 4768.320  0.0136
 4768.340  0.0181
 4768.360  0.0238
 4768.380  0.0260
 4768.400  0.0241
 4768.420  0.0224
 4768.440  0.0243
 4768.460  0.0275
 4768.480  0.0281
 4768.500  0.0263
 4768.520  0.0262
 4768.540  0.0300
 4768.560  0.0349
 4768.580  0.0368
 4768.600  0.0349
 4768.620  0.0313
 4768.640  0.0276
 4768.660  0.0239
 4768.680  0.0204
 4768.700  0.0180
 4768.720  0.0168
 4768.740  0.0157
 4768.760  0.0153
 4768.780  0.0175
 4768.800  0.0229
 4768.820  0.0283
 4768.840  0.0306
 4768.860  0.0305
 4768.880  0.0307
 4768.900  0.0313
 4768.920  0.0301
 4768.940  0.0263
 4768.960  0.0231
 4768.980  0.0226
 4769.000  0.0229
 4769.020  0.0211
 4769.040  0.0183
 4769.060  0.0186
 4769.080  0.0236
 4769.100  0.0306
 4769.120  0.0353
 4769.140  0.0352
 4769.160  0.0307
 4769.180  0.0247
 4769.200  0.0218
 4769.220  0.0238
 4769.240  0.0282
 4769.260  0.0306
 4769.280  0.0297
 4769.300  0.0280
 4769.320  0.0270
 4769.340  0.0259
 4769.360  0.0242
 4769.380  0.0252
 4769.400  0.0310
 4769.420  0.0381
 4769.440  0.0402
 4769.460  0.0357
 4769.480  0.0300
 4769.500  0.0283
 4769.520  0.0294
 4769.540  0.0291
 4769.560  0.0255
 4769.580  0.0206
 4769.600  0.0176
 4769.620  0.0184
 4769.640  0.0225
 4769.660  0.0279
 4769.680  0.0315
 4769.700  0.0315
 4769.720  0.0289
 4769.740  0.0258
 4769.760  0.0242
 4769.780  0.0245
 4769.800  0.0252
 4769.820  0.0251
 4769.840  0.0245
 4769.860  0.0247
 4769.880  0.0262
 4769.900  0.0266
 4769.920  0.0230
 4769.940  0.0166
 4769.960  0.0125
 4769.980  0.0143
 4770.000  0.0202
 4770.020  0.0249
 4770.040  0.0264
 4770.060  0.0268
 4770.080  0.0285
 4770.100  0.0307
 4770.120  0.0318
 4770.140  0.0325
 4770.160  0.0343
 4770.180  0.0360
 4770.200  0.0343
 4770.220  0.0287
 4770.240  0.0231
 4770.260  0.0218
 4770.280  0.0249
 4770.300  0.0288
 4770.320  0.0309
 4770.340  0.0314
 4770.360  0.0310
 4770.380  0.0286
 4770.400  0.0231
 4770.420  0.0164
 4770.440  0.0123
 4770.460  0.0131
 4770.480  0.0173
 4770.500  0.0219
 4770.520  0.0250
 4770.540  0.0252
 4770.560  0.0229
 4770.580  0.0204
 4770.600  0.0213
 4770.620  0.0262
 4770.640  0.0311
 4770.660  0.0313
 4770.680  0.0268
 4770.700  0.0228
 4770.720  0.0227
 4770.740  0.0241
 4770.760  0.0234
 4770.780  0.0204
 4770.800  0.0180
 4770.820  0.0178
 4770.840  0.0201
 4770.860  0.0250
 4770.880  0.0316
 4770.900  0.0364
 4770.920  0.0359
 4770.940  0.0318
 4770.960  0.0302
 4770.980  0.0339
 4771.000  0.0391
 4771.020  0.0399
 4771.040  0.0354
 4771.060  0.0290
 4771.080  0.0236
 4771.100  0.0201
 4771.120  0.0186
 4771.140  0.0196
 4771.160  0.0217
 4771.180  0.0230
 4771.200  0.0227
 4771.220  0.0219
 4771.240  0.0214
 4771.260  0.0203
 4771.280  0.0183
 4771.300  0.0165
 4771.320  0.0154
 4771.340  0.0148
 4771.360  0.0142
 4771.380  0.0147
 4771.400  0.0176
 4771.420  0.0224
 4771.440  0.0273
 4771.460  0.0301
 4771.480  0.0296
 4771.500  0.0268
 4771.520  0.0236
 4771.540  0.0214
 4771.560  0.0197
 4771.580  0.0176
 4771.600  0.0166
 4771.620  0.0197
 4771.640  0.0265
 4771.660  0.0315
 4771.680  0.0299
 4771.700  0.0236
 4771.720  0.0196
 4771.740  0.0214
 4771.760  0.0265
 4771.780  0.0302
 4771.800  0.0316
 4771.820  0.0318
 4771.840  0.0308
 4771.860  0.0272
 4771.880  0.0221
 4771.900  0.0185
 4771.920  0.0180
 4771.940  0.0189
 4771.960  0.0187
 4771.980  0.0172
 4772.000  0.0157
 4772.020  0.0158
 4772.040  0.0176
 4772.060  0.0207
 4772.080  0.0235
 4772.100  0.0246
 4772.120  0.0247
 4772.140  0.0258
 4772.160  0.0289
 4772.180  0.0316
 4772.200  0.0309
 4772.220  0.0275
 4772.240  0.0250
 4772.260  0.0251
 4772.280  0.0254
 4772.300  0.0237
 4772.320  0.0210
 4772.340  0.0207
 4772.360  0.0235
 4772.380  0.0269
 4772.400  0.0289
 4772.420  0.0307
 4772.440  0.0331
 4772.460  0.0334
 4772.480  0.0290
 4772.500  0.0215
 4772.520  0.0167
 4772.540  0.0172
 4772.560  0.0204
 4772.580  0.0220
 4772.600  0.0211
 4772.620  0.0197
 4772.640  0.0197
 4772.660  0.0212
 4772.680  0.0234
 4772.700  0.0254
 4772.720  0.0267
 4772.740  0.0278
 4772.760  0.0298
 4772.780  0.0322
 4772.800  0.0323
 4772.820  0.0281
 4772.840  0.0222
 4772.860  0.0190
 4772.880  0.0199
 4772.900  0.0223
 4772.920  0.0232
 4772.940  0.0232
 4772.960  0.0239
 4772.980  0.0249
 4773.000  0.0246
 4773.020  0.0225
 4773.040  0.0200
 4773.060  0.0191
 4773.080  0.0212
 4773.100  0.0253
 4773.120  0.0282
 4773.140  0.0272
 4773.160  0.0232
 4773.180  0.0199
 4773.200  0.0191
 4773.220  0.0183
 4773.240  0.0150
 4773.260  0.0111
 4773.280  0.0111
 4773.300  0.0155
 4773.320  0.0204
 4773.340  0.0227
 4773.360  0.0233
 4773.380  0.0233
 4773.400  0.0220
 4773.420  0.0196
 4773.440  0.0196
 4773.460  0.0241
 4773.480  0.0300
 4773.500  0.0323
 4773.520  0.0302
 4773.540  0.0277
 4773.560  0.0273
 4773.580  0.0278
 4773.600  0.0280
 4773.620  0.0286
 4773.640  0.0298
 4773.660  0.0307
 4773.680  0.0306
 4773.700  0.0310
 4773.720  0.0334
 4773.740  0.0373
 4773.760  0.0401
 4773.780  0.0394
 4773.800  0.0339
 4773.820  0.0256
 4773.840  0.0183
 4773.860  0.0150
 4773.880  0.0150
 4773.900  0.0154
 4773.920  0.0158
 4773.940  0.0180
 4773.960  0.0219
 4773.980  0.0240
 4774.000  0.0218
 4774.020  0.0178
 4774.040  0.0167
 4774.060  0.0196
 4774.080  0.0233
 4774.100  0.0250
 4774.120  0.0239
 4774.140  0.0209
 4774.160  0.0174
 4774.180  0.0153
 4774.200  0.0157
 4774.220  0.0173
 4774.240  0.0183
 4774.260  0.0198
 4774.280  0.0232
 4774.300  0.0270
 4774.320  0.0272
 4774.340  0.0236
 4774.360  0.0208
 4774.380  0.0223
 4774.400  0.0263
 4774.420  0.0283
 4774.440  0.0269
 4774.460  0.0247
 4774.480  0.0242
 4774.500  0.0260
 4774.520  0.0288
 4774.540  0.0296
 4774.560  0.0257
 4774.580  0.0190
 4774.600  0.0156
 4774.620  0.0192
 4774.640  0.0252
 4774.660  0.0260
 4774.680  0.0207
 4774.700  0.0159
 4774.720  0.0167
 4774.740  0.0208
 4774.760  0.0237
 4774.780  0.0243
 4774.800  0.0243
 4774.820  0.0236
 4774.840  0.0218
 4774.860  0.0207
 4774.880  0.0226
 4774.900  0.0264
 4774.920  0.0284
 4774.940  0.0271
 4774.960  0.0244
 4774.980  0.0220
 4775.000  0.0195
 4775.020  0.0179
 4775.040  0.0198
 4775.060  0.0262
 4775.080  0.0341
 4775.100  0.0388
 4775.120  0.0388
 4775.140  0.0365
 4775.160  0.0350
 4775.180  0.0356
 4775.200  0.0366
 4775.220  0.0356
 4775.240  0.0321
 4775.260  0.0282
 4775.280  0.0264
 4775.300  0.0264
 4775.320  0.0266
 4775.340  0.0272
 4775.360  0.0300
 4775.380  0.0349
 4775.400  0.0395
 4775.420  0.0416
 4775.440  0.0421
 4775.460  0.0416
 4775.480  0.0383
 4775.500  0.0312
 4775.520  0.0234
 4775.540  0.0198
 4775.560  0.0210
 4775.580  0.0229
 4775.600  0.0220
 4775.620  0.0194
 4775.640  0.0176
 4775.660  0.0172
 4775.680  0.0166
 4775.700  0.0155
 4775.720  0.0138
 4775.740  0.0116
 4775.760  0.0096
 4775.780  0.0113
 4775.800  0.0182
 4775.820  0.0272
 4775.840  0.0328
 4775.860  0.0336
 4775.880  0.0320
 4775.900  0.0293
 4775.920  0.0252
 4775.940  0.0197
 4775.960  0.0142
 4775.980  0.0108
 4776.000  0.0104
 4776.020  0.0126
 4776.040  0.0157
 4776.060  0.0180
 4776.080  0.0192
 4776.100  0.0198
 4776.120  0.0200
 4776.140  0.0198
 4776.160  0.0199
 4776.180  0.0217
 4776.200  0.0245
 4776.220  0.0264
 4776.240  0.0271
 4776.260  0.0297
 4776.280  0.0349
 4776.300  0.0378
 4776.320  0.0334
 4776.340  0.0243
 4776.360  0.0190
 4776.380  0.0212
 4776.400  0.0263
 4776.420  0.0282
 4776.440  0.0266
 4776.460  0.0250
 4776.480  0.0243
 4776.500  0.0226
 4776.520  0.0198
 4776.540  0.0185
 4776.560  0.0199
 4776.580  0.0223
 4776.600  0.0240
 4776.620  0.0244
 4776.640  0.0233
 4776.660  0.0217
 4776.680  0.0222
 4776.700  0.0266
 4776.720  0.0321
 4776.740  0.0331
 4776.760  0.0281
 4776.780  0.0220
 4776.800  0.0204
 4776.820  0.0242
 4776.840  0.0303
 4776.860  0.0357
 4776.880  0.0379
 4776.900  0.0347
 4776.920  0.0265
 4776.940  0.0173
 4776.960  0.0113
 4776.980  0.0089
 4777.000  0.0080
 4777.020  0.0085
 4777.040  0.0117
 4777.060  0.0168
 4777.080  0.0206
 4777.100  0.0217
 4777.120  0.0218
 4777.140  0.0229
 4777.160  0.0255
 4777.180  0.0291
 4777.200  0.0328
 4777.220  0.0345
 4777.240  0.0328
 4777.260  0.0293
 4777.280  0.0270
 4777.300  0.0275
 4777.320  0.0285
 4777.340  0.0281
 4777.360  0.0277
 4777.380  0.0297
 4777.400  0.0332
 4777.420  0.0350
 4777.440  0.0343
 4777.460  0.0320
 4777.480  0.0282
 4777.500  0.0223
 4777.520  0.0167
 4777.540  0.0156
 4777.560  0.0195
 4777.580  0.0241
 4777.600  0.0264
 4777.620  0.0277
 4777.640  0.0303
 4777.660  0.0314
 4777.680  0.0267
 4777.700  0.0181
 4777.720  0.0138
 4777.740  0.0187
 4777.760  0.0281
 4777.780  0.0325
 4777.800  0.0284
 4777.820  0.0210
 4777.840  0.0172
 4777.860  0.0177
 4777.880  0.0185
 4777.900  0.0169
 4777.920  0.0154
 4777.940  0.0174
 4777.960  0.0220
 4777.980  0.0000
 4778.000  0.0000
