           0.99    1.0000
          -0.40    0.21  
 4522.000  0.9927  0.9992
 4522.020  1.0025  0.9992
 4522.040  0.9952  0.9973
 4522.060  0.9904  1.0010
 4522.080  0.9870  1.0085
 4522.100  0.9869  1.0137
 4522.120  0.9884  1.0137
 4522.140  0.9888  1.0113
 4522.160  0.9888  1.0094
 4522.180  0.9917  1.0091
 4522.200  0.9958  1.0093
 4522.220  0.9954  1.0074
 4522.240  0.9925  1.0055
 4522.260  0.9941  1.0101
 4522.280  0.9991  1.0167
 4522.300  0.9996  1.0117
 4522.320  0.9937  0.9967
 4522.340  0.9890  0.9887
 4522.360  0.9934  0.9932
 4522.380  1.0013  1.0000
 4522.400  1.0000  1.0023
 4522.420  0.9904  1.0046
 4522.440  0.9869  1.0098
 4522.460  0.9919  1.0135
 4522.480  0.9933  1.0127
 4522.500  0.9883  1.0103
 4522.520  0.9855  1.0091
 4522.540  0.9870  1.0099
 4522.560  0.9885  1.0124
 4522.580  0.9893  1.0136
 4522.600  0.9904  1.0111
 4522.620  0.9920  1.0077
 4522.640  0.9933  1.0053
 4522.660  0.9932  1.0026
 4522.680  0.9918  1.0007
 4522.700  0.9915  1.0022
 4522.720  0.9932  1.0052
 4522.740  0.9947  1.0059
 4522.760  0.9938  1.0051
 4522.780  0.9921  1.0057
 4522.800  0.9913  1.0078
 4522.820  0.9913  1.0095
 4522.840  0.9926  1.0099
 4522.860  0.9952  1.0101
 4522.880  0.9964  1.0131
 4522.900  0.9938  1.0178
 4522.920  0.9881  1.0172
 4522.940  0.9819  1.0089
 4522.960  0.9778  1.0014
 4522.980  0.9754  1.0015
 4523.000  0.9746  1.0053
 4523.020  0.9774  1.0058
 4523.040  0.9829  1.0017
 4523.060  0.9874  0.9969
 4523.080  0.9897  0.9925
 4523.100  0.9912  0.9867
 4523.120  0.9921  0.9793
 4523.140  0.9919  0.9729
 4523.160  0.9911  0.9699
 4523.180  0.9906  0.9703
 4523.200  0.9905  0.9738
 4523.220  0.9907  0.9792
 4523.240  0.9908  0.9843
 4523.260  0.9890  0.9883
 4523.280  0.9853  0.9925
 4523.300  0.9830  0.9971
 4523.320  0.9848  1.0003
 4523.340  0.9884  1.0013
 4523.360  0.9891  1.0020
 4523.380  0.9875  1.0031
 4523.400  0.9882  1.0032
 4523.420  0.9914  1.0010
 4523.440  0.9921  0.9985
 4523.460  0.9883  0.9989
 4523.480  0.9840  1.0022
 4523.500  0.9838  1.0052
 4523.520  0.9865  1.0051
 4523.540  0.9887  1.0022
 4523.560  0.9904  0.9984
 4523.580  0.9927  0.9944
 4523.600  0.9939  0.9911
 4523.620  0.9928  0.9899
 4523.640  0.9906  0.9906
 4523.660  0.9896  0.9923
 4523.680  0.9884  0.9954
 4523.700  0.9828  0.9994
 4523.720  0.9711  1.0007
 4523.740  0.9583  0.9965
 4523.760  0.9506  0.9902
 4523.780  0.9492  0.9877
 4523.800  0.9515  0.9893
 4523.820  0.9565  0.9918
 4523.840  0.9641  0.9957
 4523.860  0.9723  1.0019
 4523.880  0.9791  1.0063
 4523.900  0.9840  1.0047
 4523.920  0.9866  1.0017
 4523.940  0.9866  1.0046
 4523.960  0.9852  1.0118
 4523.980  0.9858  1.0155
 4524.000  0.9889  1.0134
 4524.020  0.9899  1.0083
 4524.040  0.9854  1.0021
 4524.060  0.9783  0.9963
 4524.080  0.9744  0.9944
 4524.100  0.9752  0.9979
 4524.120  0.9777  1.0041
 4524.140  0.9791  1.0078
 4524.160  0.9793  1.0064
 4524.180  0.9791  1.0027
 4524.200  0.9786  1.0003
 4524.220  0.9770  0.9990
 4524.240  0.9745  0.9985
 4524.260  0.9734  0.9999
 4524.280  0.9751  1.0017
 4524.300  0.9786  1.0016
 4524.320  0.9808  1.0012
 4524.340  0.9813  1.0030
 4524.360  0.9813  1.0060
 4524.380  0.9813  1.0078
 4524.400  0.9809  1.0093
 4524.420  0.9801  1.0113
 4524.440  0.9803  1.0122
 4524.460  0.9838  1.0100
 4524.480  0.9904  1.0066
 4524.500  0.9954  1.0051
 4524.520  0.9953  1.0056
 4524.540  0.9931  1.0053
 4524.560  0.9933  1.0042
 4524.580  0.9954  1.0056
 4524.600  0.9952  1.0096
 4524.620  0.9928  1.0116
 4524.640  0.9913  1.0104
 4524.660  0.9909  1.0092
 4524.680  0.9906  1.0086
 4524.700  0.9899  1.0060
 4524.720  0.9889  1.0032
 4524.740  0.9896  1.0042
 4524.760  0.9931  1.0081
 4524.780  0.9973  1.0103
 4524.800  0.9970  1.0094
 4524.820  0.9898  1.0075
 4524.840  0.9808  1.0063
 4524.860  0.9774  1.0064
 4524.880  0.9787  1.0077
 4524.900  0.9796  1.0066
 4524.920  0.9792  1.0015
 4524.940  0.9804  0.9954
 4524.960  0.9831  0.9916
 4524.980  0.9852  0.9874
 4525.000  0.9868  0.9805
 4525.020  0.9890  0.9754
 4525.040  0.9915  0.9772
 4525.060  0.9947  0.9819
 4525.080  0.9990  0.9824
 4525.100  1.0003  0.9781
 4525.120  0.9953  0.9737
 4525.140  0.9883  0.9715
 4525.160  0.9862  0.9705
 4525.180  0.9893  0.9712
 4525.200  0.9910  0.9754
 4525.220  0.9890  0.9830
 4525.240  0.9879  0.9914
 4525.260  0.9898  0.9977
 4525.280  0.9916  1.0015
 4525.300  0.9916  1.0044
 4525.320  0.9910  1.0060
 4525.340  0.9896  1.0052
 4525.360  0.9879  1.0039
 4525.380  0.9873  1.0043
 4525.400  0.9884  1.0037
 4525.420  0.9907  0.9991
 4525.440  0.9936  0.9948
 4525.460  0.9957  0.9964
 4525.480  0.9958  1.0029
 4525.500  0.9944  1.0085
 4525.520  0.9908  1.0106
 4525.540  0.9837  1.0099
 4525.560  0.9752  1.0071
 4525.580  0.9694  1.0027
 4525.600  0.9670  0.9984
 4525.620  0.9647  0.9962
 4525.640  0.9609  0.9957
 4525.660  0.9589  0.9944
 4525.680  0.9609  0.9907
 4525.700  0.9635  0.9848
 4525.720  0.9629  0.9793
 4525.740  0.9603  0.9777
 4525.760  0.9585  0.9820
 4525.780  0.9578  0.9904
 4525.800  0.9597  0.9987
 4525.820  0.9660  1.0035
 4525.840  0.9735  1.0031
 4525.860  0.9770  0.9951
 4525.880  0.9772  0.9797
 4525.900  0.9786  0.9634
 4525.920  0.9819  0.9546
 4525.940  0.9846  0.9561
 4525.960  0.9857  0.9649
 4525.980  0.9868  0.9776
 4526.000  0.9879  0.9906
 4526.020  0.9875  0.9987
 4526.040  0.9862  1.0006
 4526.060  0.9860  1.0005
 4526.080  0.9862  1.0017
 4526.100  0.9846  1.0024
 4526.120  0.9821  1.0015
 4526.140  0.9823  1.0013
 4526.160  0.9855  1.0030
 4526.180  0.9868  1.0039
 4526.200  0.9830  1.0037
 4526.220  0.9781  1.0054
 4526.240  0.9769  1.0092
 4526.260  0.9773  1.0107
 4526.280  0.9739  1.0088
 4526.300  0.9660  1.0070
 4526.320  0.9573  1.0066
 4526.340  0.9527  1.0055
 4526.360  0.9531  1.0034
 4526.380  0.9573  1.0021
 4526.400  0.9649  1.0022
 4526.420  0.9737  1.0034
 4526.440  0.9785  1.0063
 4526.460  0.9769  1.0090
 4526.480  0.9705  1.0074
 4526.500  0.9624  1.0020
 4526.520  0.9551  0.9984
 4526.540  0.9506  0.9978
 4526.560  0.9516  0.9970
 4526.580  0.9589  0.9947
 4526.600  0.9699  0.9897
 4526.620  0.9812  0.9777
 4526.640  0.9904  0.9544
 4526.660  0.9948  0.9182
 4526.680  0.9939  0.8679
 4526.700  0.9917  0.8009
 4526.720  0.9912  0.7200
 4526.740  0.9904  0.6405
 4526.760  0.9882  0.5875
 4526.780  0.9876  0.5795
 4526.800  0.9898  0.6176
 4526.820  0.9896  0.6892
 4526.840  0.9845  0.7773
 4526.860  0.9807  0.8618
 4526.880  0.9846  0.9252
 4526.900  0.9913  0.9630
 4526.920  0.9921  0.9833
 4526.940  0.9880  0.9938
 4526.960  0.9868  0.9977
 4526.980  0.9894  0.9990
 4527.000  0.9897  1.0013
 4527.020  0.9857  1.0027
 4527.040  0.9824  1.0014
 4527.060  0.9826  1.0002
 4527.080  0.9835  1.0024
 4527.100  0.9835  1.0068
 4527.120  0.9839  1.0101
 4527.140  0.9850  1.0104
 4527.160  0.9847  1.0082
 4527.180  0.9819  1.0063
 4527.200  0.9766  1.0067
 4527.220  0.9668  1.0078
 4527.240  0.9499  1.0080
 4527.260  0.9240  1.0079
 4527.280  0.8852  1.0079
 4527.300  0.8267  1.0069
 4527.320  0.7477  1.0071
 4527.340  0.6618  1.0102
 4527.360  0.5917  1.0127
 4527.380  0.5569  1.0114
 4527.400  0.5682  1.0087
 4527.420  0.6252  1.0077
 4527.440  0.7127  1.0075
 4527.460  0.8045  1.0061
 4527.480  0.8771  1.0024
 4527.500  0.9238  0.9956
 4527.520  0.9517  0.9886
 4527.540  0.9689  0.9854
 4527.560  0.9795  0.9853
 4527.580  0.9853  0.9858
 4527.600  0.9875  0.9892
 4527.620  0.9876  0.9971
 4527.640  0.9872  1.0050
 4527.660  0.9857  1.0083
 4527.680  0.9827  1.0082
 4527.700  0.9805  1.0064
 4527.720  0.9812  1.0027
 4527.740  0.9840  1.0001
 4527.760  0.9866  1.0023
 4527.780  0.9891  1.0059
 4527.800  0.9926  1.0066
 4527.820  0.9960  1.0068
 4527.840  0.9961  1.0091
 4527.860  0.9933  1.0113
 4527.880  0.9919  1.0127
 4527.900  0.9937  1.0145
 4527.920  0.9962  1.0153
 4527.940  0.9979  1.0137
 4527.960  0.9986  1.0116
 4527.980  0.9965  1.0098
 4528.000  0.9920  1.0078
 4528.020  0.9887  1.0067
 4528.040  0.9882  1.0079
 4528.060  0.9877  1.0097
 4528.080  0.9844  1.0105
 4528.100  0.9793  1.0113
 4528.120  0.9744  1.0121
 4528.140  0.9699  1.0107
 4528.160  0.9646  1.0062
 4528.180  0.9597  1.0020
 4528.200  0.9587  1.0016
 4528.220  0.9627  1.0044
 4528.240  0.9692  1.0074
 4528.260  0.9754  1.0089
 4528.280  0.9829  1.0093
 4528.300  0.9923  1.0091
 4528.320  0.9992  1.0082
 4528.340  0.9986  1.0064
 4528.360  0.9927  1.0046
 4528.380  0.9883  1.0050
 4528.400  0.9875  1.0082
 4528.420  0.9876  1.0101
 4528.440  0.9883  1.0075
 4528.460  0.9900  1.0035
 4528.480  0.9904  1.0025
 4528.500  0.9885  1.0024
 4528.520  0.9886  0.9988
 4528.540  0.9935  0.9922
 4528.560  0.9981  0.9858
 4528.580  0.9963  0.9805
 4528.600  0.9910  0.9771
 4528.620  0.9880  0.9777
 4528.640  0.9861  0.9820
 4528.660  0.9835  0.9882
 4528.680  0.9839  0.9947
 4528.700  0.9885  0.9995
 4528.720  0.9924  1.0014
 4528.740  0.9919  1.0016
 4528.760  0.9903  1.0010
 4528.780  0.9909  0.9985
 4528.800  0.9916  0.9950
 4528.820  0.9907  0.9951
 4528.840  0.9902  0.9998
 4528.860  0.9906  1.0047
 4528.880  0.9901  1.0070
 4528.900  0.9902  1.0070
 4528.920  0.9929  1.0046
 4528.940  0.9939  0.9989
 4528.960  0.9893  0.9896
 4528.980  0.9846  0.9759
 4529.000  0.9869  0.9583
 4529.020  0.9923  0.9405
 4529.040  0.9928  0.9251
 4529.060  0.9888  0.9140
 4529.080  0.9860  0.9119
 4529.100  0.9852  0.9237
 4529.120  0.9833  0.9447
 4529.140  0.9792  0.9641
 4529.160  0.9732  0.9775
 4529.180  0.9644  0.9871
 4529.200  0.9544  0.9928
 4529.220  0.9487  0.9931
 4529.240  0.9508  0.9901
 4529.260  0.9590  0.9871
 4529.280  0.9697  0.9857
 4529.300  0.9790  0.9872
 4529.320  0.9839  0.9916
 4529.340  0.9842  0.9963
 4529.360  0.9829  0.9994
 4529.380  0.9828  1.0026
 4529.400  0.9837  1.0074
 4529.420  0.9839  1.0109
 4529.440  0.9821  1.0096
 4529.460  0.9785  1.0053
 4529.480  0.9753  1.0033
 4529.500  0.9760  1.0056
 4529.520  0.9803  1.0081
 4529.540  0.9822  1.0074
 4529.560  0.9790  1.0055
 4529.580  0.9726  1.0052
 4529.600  0.9619  1.0049
 4529.620  0.9432  1.0034
 4529.640  0.9185  1.0027
 4529.660  0.8973  1.0036
 4529.680  0.8886  1.0035
 4529.700  0.8949  1.0007
 4529.720  0.9124  0.9963
 4529.740  0.9335  0.9929
 4529.760  0.9514  0.9908
 4529.780  0.9617  0.9873
 4529.800  0.9649  0.9796
 4529.820  0.9653  0.9701
 4529.840  0.9654  0.9660
 4529.860  0.9642  0.9717
 4529.880  0.9617  0.9839
 4529.900  0.9595  0.9952
 4529.920  0.9608  1.0003
 4529.940  0.9681  0.9985
 4529.960  0.9787  0.9945
 4529.980  0.9861  0.9935
 4530.000  0.9876  0.9938
 4530.020  0.9858  0.9888
 4530.040  0.9847  0.9800
 4530.060  0.9861  0.9775
 4530.080  0.9867  0.9852
 4530.100  0.9835  0.9945
 4530.120  0.9795  0.9990
 4530.140  0.9792  0.9989
 4530.160  0.9824  0.9956
 4530.180  0.9872  0.9916
 4530.200  0.9917  0.9903
 4530.220  0.9941  0.9915
 4530.240  0.9935  0.9925
 4530.260  0.9902  0.9929
 4530.280  0.9861  0.9939
 4530.300  0.9827  0.9954
 4530.320  0.9790  0.9966
 4530.340  0.9749  0.9979
 4530.360  0.9722  0.9993
 4530.380  0.9708  0.9997
 4530.400  0.9668  0.9985
 4530.420  0.9576  0.9954
 4530.440  0.9496  0.9879
 4530.460  0.9510  0.9711
 4530.480  0.9603  0.9418
 4530.500  0.9689  0.9021
 4530.520  0.9731  0.8618
 4530.540  0.9756  0.8373
 4530.560  0.9775  0.8420
 4530.580  0.9760  0.8722
 4530.600  0.9707  0.9109
 4530.620  0.9648  0.9444
 4530.640  0.9596  0.9696
 4530.660  0.9566  0.9860
 4530.680  0.9584  0.9935
 4530.700  0.9644  0.9960
 4530.720  0.9702  0.9987
 4530.740  0.9730  1.0025
 4530.760  0.9738  1.0059
 4530.780  0.9744  1.0077
 4530.800  0.9756  1.0058
 4530.820  0.9786  0.9999
 4530.840  0.9838  0.9945
 4530.860  0.9864  0.9929
 4530.880  0.9824  0.9923
 4530.900  0.9765  0.9897
 4530.920  0.9758  0.9843
 4530.940  0.9796  0.9726
 4530.960  0.9812  0.9482
 4530.980  0.9788  0.9114
 4531.000  0.9761  0.8683
 4531.020  0.9735  0.8221
 4531.040  0.9665  0.7710
 4531.060  0.9529  0.7173
 4531.080  0.9318  0.6752
 4531.100  0.9019  0.6646
 4531.120  0.8655  0.6941
 4531.140  0.8336  0.7507
 4531.160  0.8203  0.8125
 4531.180  0.8325  0.8658
 4531.200  0.8650  0.9081
 4531.220  0.9052  0.9403
 4531.240  0.9415  0.9637
 4531.260  0.9690  0.9796
 4531.280  0.9879  0.9897
 4531.300  0.9996  0.9974
 4531.320  1.0065  1.0060
 4531.340  1.0118  1.0155
 4531.360  1.0162  1.0223
 4531.380  1.0149  1.0233
 4531.400  1.0068  1.0185
 4531.420  0.9979  1.0118
 4531.440  0.9918  1.0057
 4531.460  0.9841  0.9969
 4531.480  0.9710  0.9837
 4531.500  0.9563  0.9749
 4531.520  0.9453  0.9803
 4531.540  0.9372  0.9964
 4531.560  0.9266  1.0094
 4531.580  0.9080  1.0118
 4531.600  0.8772  1.0081
 4531.620  0.8329  1.0036
 4531.640  0.7788  0.9996
 4531.660  0.7223  0.9975
 4531.680  0.6742  0.9978
 4531.700  0.6479  0.9991
 4531.720  0.6554  1.0004
 4531.740  0.6964  1.0006
 4531.760  0.7555  0.9979
 4531.780  0.8167  0.9944
 4531.800  0.8719  0.9955
 4531.820  0.9162  0.9996
 4531.840  0.9440  1.0003
 4531.860  0.9562  0.9975
 4531.880  0.9617  0.9962
 4531.900  0.9671  0.9974
 4531.920  0.9725  0.9985
 4531.940  0.9762  0.9996
 4531.960  0.9787  1.0014
 4531.980  0.9794  1.0019
 4532.000  0.9771  0.9999
 4532.020  0.9734  0.9981
 4532.040  0.9710  0.9988
 4532.060  0.9702  1.0009
 4532.080  0.9707  1.0023
 4532.100  0.9738  1.0026
 4532.120  0.9785  1.0006
 4532.140  0.9811  0.9958
 4532.160  0.9812  0.9888
 4532.180  0.9805  0.9791
 4532.200  0.9795  0.9644
 4532.220  0.9779  0.9413
 4532.240  0.9757  0.9083
 4532.260  0.9743  0.8651
 4532.280  0.9744  0.8084
 4532.300  0.9748  0.7349
 4532.320  0.9754  0.6494
 4532.340  0.9774  0.5699
 4532.360  0.9805  0.5208
 4532.380  0.9833  0.5203
 4532.400  0.9852  0.5702
 4532.420  0.9870  0.6565
 4532.440  0.9891  0.7566
 4532.460  0.9909  0.8479
 4532.480  0.9911  0.9162
 4532.500  0.9886  0.9597
 4532.520  0.9844  0.9836
 4532.540  0.9824  0.9949
 4532.560  0.9856  1.0005
 4532.580  0.9920  1.0060
 4532.600  0.9972  1.0131
 4532.620  0.9997  1.0188
 4532.640  1.0007  1.0194
 4532.660  1.0013  1.0137
 4532.680  1.0000  1.0031
 4532.700  0.9947  0.9921
 4532.720  0.9875  0.9867
 4532.740  0.9820  0.9893
 4532.760  0.9779  0.9967
 4532.780  0.9708  1.0031
 4532.800  0.9571  1.0030
 4532.820  0.9370  0.9973
 4532.840  0.9116  0.9944
 4532.860  0.8772  0.9996
 4532.880  0.8272  1.0071
 4532.900  0.7583  1.0101
 4532.920  0.6744  1.0097
 4532.940  0.5879  1.0093
 4532.960  0.5198  1.0082
 4532.980  0.4927  1.0058
 4533.000  0.5179  1.0039
 4533.020  0.5888  1.0021
 4533.040  0.6843  0.9980
 4533.060  0.7791  0.9935
 4533.080  0.8543  0.9912
 4533.100  0.9041  0.9881
 4533.120  0.9342  0.9802
 4533.140  0.9520  0.9682
 4533.160  0.9628  0.9513
 4533.180  0.9715  0.9254
 4533.200  0.9801  0.8903
 4533.220  0.9843  0.8515
 4533.240  0.9807  0.8136
 4533.260  0.9743  0.7821
 4533.280  0.9719  0.7673
 4533.300  0.9728  0.7761
 4533.320  0.9736  0.8046
 4533.340  0.9739  0.8430
 4533.360  0.9749  0.8834
 4533.380  0.9785  0.9206
 4533.400  0.9845  0.9501
 4533.420  0.9886  0.9709
 4533.440  0.9874  0.9848
 4533.460  0.9829  0.9927
 4533.480  0.9809  0.9964
 4533.500  0.9849  1.0001
 4533.520  0.9908  1.0052
 4533.540  0.9937  1.0083
 4533.560  0.9954  1.0080
 4533.580  0.9983  1.0064
 4533.600  0.9993  1.0051
 4533.620  0.9956  1.0040
 4533.640  0.9903  1.0012
 4533.660  0.9868  0.9954
 4533.680  0.9837  0.9896
 4533.700  0.9773  0.9874
 4533.720  0.9669  0.9871
 4533.740  0.9536  0.9848
 4533.760  0.9369  0.9815
 4533.780  0.9149  0.9790
 4533.800  0.8858  0.9777
 4533.820  0.8493  0.9793
 4533.840  0.8099  0.9852
 4533.860  0.7773  0.9912
 4533.880  0.7603  0.9931
 4533.900  0.7601  0.9930
 4533.920  0.7738  0.9945
 4533.940  0.8011  0.9973
 4533.960  0.8401  1.0004
 4533.980  0.8818  1.0041
 4534.000  0.9164  1.0065
 4534.020  0.9407  1.0066
 4534.040  0.9577  1.0072
 4534.060  0.9706  1.0089
 4534.080  0.9807  1.0084
 4534.100  0.9878  1.0053
 4534.120  0.9913  1.0027
 4534.140  0.9925  1.0018
 4534.160  0.9934  1.0014
 4534.180  0.9926  1.0009
 4534.200  0.9880  1.0002
 4534.220  0.9818  0.9999
 4534.240  0.9774  1.0015
 4534.260  0.9731  1.0041
 4534.280  0.9663  1.0046
 4534.300  0.9598  1.0035
 4534.320  0.9585  1.0039
 4534.340  0.9618  1.0058
 4534.360  0.9638  1.0077
 4534.380  0.9613  1.0080
 4534.400  0.9589  1.0064
 4534.420  0.9619  1.0035
 4534.440  0.9682  1.0006
 4534.460  0.9731  0.9998
 4534.480  0.9760  1.0025
 4534.500  0.9787  1.0064
 4534.520  0.9818  1.0084
 4534.540  0.9843  1.0088
 4534.560  0.9855  1.0104
 4534.580  0.9849  1.0133
 4534.600  0.9831  1.0160
 4534.620  0.9824  1.0180
 4534.640  0.9837  1.0179
 4534.660  0.9860  1.0140
 4534.680  0.9893  1.0095
 4534.700  0.9921  1.0087
 4534.720  0.9920  1.0093
 4534.740  0.9898  1.0088
 4534.760  0.9896  1.0107
 4534.780  0.9924  1.0159
 4534.800  0.9955  1.0171
 4534.820  0.9963  1.0114
 4534.840  0.9931  1.0055
 4534.860  0.9867  1.0039
 4534.880  0.9819  1.0037
 4534.900  0.9822  1.0042
 4534.920  0.9850  1.0085
 4534.940  0.9864  1.0151
 4534.960  0.9863  1.0173
 4534.980  0.9865  1.0134
 4535.000  0.9873  1.0094
 4535.020  0.9859  1.0087
 4535.040  0.9823  1.0081
 4535.060  0.9804  1.0054
 4535.080  0.9826  1.0022
 4535.100  0.9860  1.0009
 4535.120  0.9871  1.0014
 4535.140  0.9860  1.0002
 4535.160  0.9828  0.9952
 4535.180  0.9767  0.9913
 4535.200  0.9699  0.9959
 4535.220  0.9651  1.0082
 4535.240  0.9625  1.0187
 4535.260  0.9611  1.0222
 4535.280  0.9603 -1.0000
 4535.300  0.9543 -1.0000
 4535.320  0.9373 -1.0000
 4535.340  0.9201 -1.0000
 4535.360  0.9189 -1.0000
 4535.380  0.9319 -1.0000
 4535.400  0.9488 -1.0000
 4535.420  0.9614 -1.0000
 4535.440  0.9675 -1.0000
 4535.460  0.9738  1.0136
 4535.480  0.9823  1.0170
 4535.500  0.9855  1.0176
 4535.520  0.9813  1.0153
 4535.540  0.9771  1.0143
 4535.560  0.9791  1.0155
 4535.580  0.9867  1.0155
 4535.600  0.9939  1.0114
 4535.620  0.9956  1.0041
 4535.640  0.9935  0.9969
 4535.660  0.9920  0.9924
 4535.680  0.9902  0.9916
 4535.700  0.9862  0.9940
 4535.720  0.9813  0.9961
 4535.740  0.9771  0.9954
 4535.760  0.9735  0.9955
 4535.780  0.9713  1.0008
 4535.800  0.9713  1.0087
 4535.820  0.9736  1.0120
 4535.840  0.9781  1.0097
 4535.860  0.9849  1.0084
 4535.880  0.9923  1.0114
 4535.900  0.9978  1.0152
 4535.920  0.9999  1.0154
 4535.940  0.9985  1.0128
 4535.960  0.9953  1.0115
 4535.980  0.9927  1.0127
 4536.000  0.9915  1.0150
 4536.020  0.9905  1.0166
 4536.040  0.9892  1.0151
 4536.060  0.9891  1.0097
 4536.080  0.9903  1.0050
 4536.100  0.9897  1.0053
 4536.120  0.9864  1.0082
 4536.140  0.9843  1.0099
 4536.160  0.9866  1.0118
 4536.180  0.9906  1.0147
 4536.200  0.9927  1.0159
 4536.220  0.9930  1.0146
 4536.240  0.9924  1.0123
 4536.260  0.9900  1.0093
 4536.280  0.9854  1.0057
 4536.300  0.9798  1.0043
 4536.320  0.9759  1.0062
 4536.340  0.9752  1.0083
 4536.360  0.9763  1.0089
 4536.380  0.9777  1.0094
 4536.400  0.9798  1.0094
 4536.420  0.9831  1.0074
 4536.440  0.9869  1.0050
 4536.460  0.9907  1.0040
 4536.480  0.9930  1.0025
 4536.500  0.9920  1.0005
 4536.520  0.9902  1.0021
 4536.540  0.9919  1.0070
 4536.560  0.9966  1.0094
 4536.580  1.0006  1.0085
 4536.600  1.0022  1.0094
 4536.620  1.0006  1.0128
 4536.640  0.9958  1.0141
 4536.660  0.9907  1.0114
 4536.680  0.9886  1.0068
 4536.700  0.9906  1.0038
 4536.720  0.9938  1.0048
 4536.740  0.9947  1.0075
 4536.760  0.9941  1.0086
 4536.780  0.9937  1.0090
 4536.800  0.9932  1.0114
 4536.820  0.9918  1.0133
 4536.840  0.9895  1.0118
 4536.860  0.9860  1.0092
 4536.880  0.9827  1.0086
 4536.900  0.9816  1.0087
 4536.920  0.9824  1.0082
 4536.940  0.9843  1.0095
 4536.960  0.9868  1.0128
 4536.980  0.9889  1.0141
 4537.000  0.9885  1.0115
 4537.020  0.9853  1.0074
 4537.040  0.9815  1.0037
 4537.060  0.9801  1.0006
 4537.080  0.9804  0.9976
 4537.100  0.9796  0.9940
 4537.120  0.9770  0.9902
 4537.140  0.9750  0.9895
 4537.160  0.9764  0.9942
 4537.180  0.9806  1.0018
 4537.200  0.9844  1.0078
 4537.220  0.9846  1.0110
 4537.240  0.9810  1.0115
 4537.260  0.9777  1.0101
 4537.280  0.9792  1.0076
 4537.300  0.9843  1.0033
 4537.320  0.9879  0.9965
 4537.340  0.9888  0.9902
 4537.360  0.9901  0.9874
 4537.380  0.9929  0.9865
 4537.400  0.9942  0.9853
 4537.420  0.9927  0.9856
 4537.440  0.9903  0.9890
 4537.460  0.9887  0.9933
 4537.480  0.9882  0.9964
 4537.500  0.9886  1.0000
 4537.520  0.9891  1.0052
 4537.540  0.9872  1.0095
 4537.560  0.9821  1.0107
 4537.580  0.9786  1.0102
 4537.600  0.9805  1.0099
 4537.620  0.9864  1.0099
 4537.640  0.9912  1.0099
 4537.660  0.9922  1.0094
 4537.680  0.9909  1.0085
 4537.700  0.9887  1.0080
 4537.720  0.9857  1.0079
 4537.740  0.9851  1.0081
 4537.760  0.9896  1.0088
 4537.780  0.9953  1.0084
 4537.800  0.9966  1.0048
 4537.820  0.9925  1.0006
 4537.840  0.9865  1.0021
 4537.860  0.9823  1.0086
 4537.880  0.9819  1.0112
 4537.900  0.9858  1.0066
 4537.920  0.9895  1.0018
 4537.940  0.9869  1.0019
 4537.960  0.9782  1.0030
 4537.980  0.9702  1.0024
 4538.000  0.9671  1.0039
 4538.020  0.9674  1.0069
 4538.040  0.9696  1.0071
 4538.060  0.9754  1.0060
 4538.080  0.9840  1.0069
 4538.100  0.9918  1.0074
 4538.120  0.9962  1.0068
 4538.140  0.9971  1.0082
 4538.160  0.9958  1.0111
 4538.180  0.9943  1.0119
 4538.200  0.9941  1.0097
 4538.220  0.9966  1.0060
 4538.240  1.0004  1.0025
 4538.260  1.0015  1.0025
 4538.280  0.9986  1.0065
 4538.300  0.9949  1.0089
 4538.320  0.9923  1.0062
 4538.340  0.9889  1.0029
 4538.360  0.9852  1.0032
 4538.380  0.9844  1.0045
 4538.400  0.9882  1.0032
 4538.420  0.9940  0.9998
 4538.440  0.9980  0.9980
 4538.460  0.9988  0.9990
 4538.480  0.9969  0.9992
 4538.500  0.9939  0.9950
 4538.520  0.9909  0.9904
 4538.540  0.9895  0.9914
 4538.560  0.9916  0.9960
 4538.580  0.9946  0.9984
 4538.600  0.9936  0.9988
 4538.620  0.9899  1.0006
 4538.640  0.9882  1.0021
 4538.660  0.9891  1.0027
 4538.680  0.9893  1.0052
 4538.700  0.9886  1.0080
 4538.720  0.9899  1.0072
 4538.740  0.9922  1.0069
 4538.760  0.9927  1.0116
 4538.780  0.9947  1.0173
 4538.800  1.0006  1.0173
 4538.820  1.0049  1.0115
 4538.840  1.0036  1.0020
 4538.860  0.9995  0.9889
 4538.880  0.9952  0.9758
 4538.900  0.9913  0.9701
 4538.920  0.9909  0.9729
 4538.940  0.9952  0.9779
 4538.960  0.9982  0.9793
 4538.980  0.9938  0.9776
 4539.000  0.9862  0.9768
 4539.020  0.9839  0.9792
 4539.040  0.9852  0.9821
 4539.060  0.9834  0.9819
 4539.080  0.9796  0.9810
 4539.100  0.9794  0.9842
 4539.120  0.9810  0.9889
 4539.140  0.9804  0.9892
 4539.160  0.9775  0.9873
 4539.180  0.9755  0.9904
 4539.200  0.9778  0.9996
 4539.220  0.9831  1.0082
 4539.240  0.9870  1.0115
 4539.260  0.9891  1.0126
 4539.280  0.9924  1.0139
 4539.300  0.9974  1.0113
 4539.320  1.0003  1.0056
 4539.340  0.9995  1.0036
 4539.360  0.9974  1.0058
 4539.380  0.9958  1.0060
 4539.400  0.9941  1.0041
 4539.420  0.9924  1.0041
 4539.440  0.9906  1.0054
 4539.460  0.9857  1.0055
 4539.480  0.9765  1.0052
 4539.500  0.9663  1.0040
 4539.520  0.9597  1.0003
 4539.540  0.9576  0.9968
 4539.560  0.9579  0.9970
 4539.580  0.9597  0.9991
 4539.600  0.9636  0.9984
 4539.620  0.9684  0.9953
 4539.640  0.9711  0.9970
 4539.660  0.9717  1.0067
 4539.680  0.9718  1.0156
 4539.700  0.9721  1.0153
 4539.720  0.9723  1.0099
 4539.740  0.9724  1.0077
 4539.760  0.9735  1.0084
 4539.780  0.9779  1.0071
 4539.800  0.9847  1.0031
 4539.820  0.9897  0.9971
 4539.840  0.9906  0.9868
 4539.860  0.9899  0.9741
 4539.880  0.9935  0.9664
 4539.900  1.0008  0.9677
 4539.920  1.0034  0.9743
 4539.940  0.9979  0.9822
 4539.960  0.9925  0.9897
 4539.980  0.9941  0.9965
 4540.000  0.9978  1.0033
 4540.020  0.9961  1.0089
 4540.040  0.9908  1.0099
 4540.060  0.9871  1.0072
 4540.080  0.9845  1.0048
 4540.100  0.9809  1.0038
 4540.120  0.9793  1.0036
 4540.140  0.9827  1.0041
 4540.160  0.9862  1.0049
 4540.180  0.9860  1.0058
 4540.200  0.9859  1.0053
 4540.220  0.9884  0.9992
 4540.240  0.9914  0.9897
 4540.260  0.9939  0.9875
 4540.280  0.9945  0.9949
 4540.300  0.9911  1.0002
 4540.320  0.9854  0.9984
 4540.340  0.9832  0.9988
 4540.360  0.9879  1.0055
 4540.380  0.9943  1.0107
 4540.400  0.9940  1.0098
 4540.420  0.9872  1.0102
 4540.440  0.9771  1.0163
 4540.460  0.9627  1.0190
 4540.480  0.9480  1.0123
 4540.500  0.9439  1.0038
 4540.520  0.9517  1.0028
 4540.540  0.9621  1.0077
 4540.560  0.9710  1.0107
 4540.580  0.9808  1.0093
 4540.600  0.9894  1.0079
 4540.620  0.9924  1.0074
 4540.640  0.9922  1.0053
 4540.660  0.9936  1.0041
 4540.680  0.9954  1.0067
 4540.700  0.9947  1.0084
 4540.720  0.9920  1.0051
 4540.740  0.9895  1.0010
 4540.760  0.9883  0.9979
 4540.780  0.9899  0.9943
 4540.800  0.9930  0.9962
 4540.820  0.9923  1.0085
 4540.840  0.9866  1.0192
 4540.860  0.9815  1.0168
 4540.880  0.9816  1.0098
 4540.900  0.9845  1.0088
 4540.920  0.9864  1.0099
 4540.940  0.9878  1.0077
 4540.960  0.9918  1.0048
 4540.980  0.9985  1.0037
 4541.000  1.0029  1.0013
 4541.020  1.0033  0.9970
 4541.040  1.0040  0.9929
 4541.060  1.0047  0.9881
 4541.080  1.0015  0.9832
 4541.100  0.9966  0.9834
 4541.120  0.9946  0.9882
 4541.140  0.9940  0.9916
 4541.160  0.9913  0.9929
 4541.180  0.9887  0.9948
 4541.200  0.9890  0.9964
 4541.220  0.9897  0.9966
 4541.240  0.9886  0.9961
 4541.260  0.9883  0.9950
 4541.280  0.9892  0.9927
 4541.300  0.9876  0.9893
 4541.320  0.9830  0.9859
 4541.340  0.9790  0.9861
 4541.360  0.9773  0.9915
 4541.380  0.9772  0.9984
 4541.400  0.9799  1.0028
 4541.420  0.9848  1.0070
 4541.440  0.9887  1.0111
 4541.460  0.9898  1.0082
 4541.480  0.9882  0.9971
 4541.500  0.9855  0.9874
 4541.520  0.9848  0.9852
 4541.540  0.9868  0.9860
 4541.560  0.9883  0.9863
 4541.580  0.9861  0.9887
 4541.600  0.9814  0.9955
 4541.620  0.9766  1.0042
 4541.640  0.9681  1.0078
 4541.660  0.9545  1.0029
 4541.680  0.9460  0.9968
 4541.700  0.9510  0.9976
 4541.720  0.9642  1.0032
 4541.740  0.9759  1.0075
 4541.760  0.9839  1.0081
 4541.780  0.9917  1.0068
 4541.800  0.9987  1.0068
 4541.820  0.9991  1.0086
 4541.840  0.9909  1.0089
 4541.860  0.9823  1.0055
 4541.880  0.9804  1.0009
 4541.900  0.9835  0.9994
 4541.920  0.9882  1.0023
 4541.940  0.9933  1.0055
 4541.960  0.9964  1.0041
 4541.980  0.9964  1.0007
 4542.000  0.9953  1.0021
 4542.020  0.9932  1.0078
 4542.040  0.9886  1.0093
 4542.060  0.9824  1.0029
 4542.080  0.9766  0.9960
 4542.100  0.9715  0.9971
 4542.120  0.9666  1.0037
 4542.140  0.9617  1.0066
 4542.160  0.9606  1.0047
 4542.180  0.9663  1.0035
 4542.200  0.9750  1.0025
 4542.220  0.9800  0.9995
 4542.240  0.9798  0.9984
 4542.260  0.9812  1.0024
 4542.280  0.9885  1.0076
 4542.300  0.9958  1.0107
 4542.320  0.9961  1.0137
 4542.340  0.9925  1.0181
 4542.360  0.9926  1.0203
 4542.380  0.9969  1.0181
 4542.400  1.0010  1.0143
 4542.420  1.0024  1.0115
 4542.440  1.0016  1.0087
 4542.460  0.9989  1.0049
 4542.480  0.9961  1.0025
 4542.500  0.9948  1.0036
 4542.520  0.9931  1.0048
 4542.540  0.9883  1.0022
 4542.560  0.9823  0.9986
 4542.580  0.9808  0.9987
 4542.600  0.9848  0.9994
 4542.620  0.9894  0.9941
 4542.640  0.9904  0.9837
 4542.660  0.9879  0.9747
 4542.680  0.9834  0.9703
 4542.700  0.9800  0.9696
 4542.720  0.9802  0.9717
 4542.740  0.9814  0.9767
 4542.760  0.9802  0.9835
 4542.780  0.9790  0.9905
 4542.800  0.9812  0.9972
 4542.820  0.9842  1.0033
 4542.840  0.9840  1.0071
 4542.860  0.9823  1.0073
 4542.880  0.9833  1.0055
 4542.900  0.9867  1.0027
 4542.920  0.9891  0.9954
 4542.940  0.9897  0.9802
 4542.960  0.9893  0.9546
 4542.980  0.9881  0.9139
 4543.000  0.9875  0.8542
 4543.020  0.9901  0.7813
 4543.040  0.9938  0.7141
 4543.060  0.9945  0.6747
 4543.080  0.9930  0.6771
 4543.100  0.9937  0.7215
 4543.120  0.9960  0.7940
 4543.140  0.9946  0.8707
 4543.160  0.9879  0.9304
 4543.180  0.9811  0.9656
 4543.200  0.9788  0.9818
 4543.220  0.9788  0.9878
 4543.240  0.9771  0.9880
 4543.260  0.9735  0.9827
 4543.280  0.9692  0.9731
 4543.300  0.9650  0.9640
 4543.320  0.9633  0.9598
 4543.340  0.9659  0.9618
 4543.360  0.9722  0.9695
 4543.380  0.9798  0.9802
 4543.400  0.9854  0.9898
 4543.420  0.9884  0.9950
 4543.440  0.9910  0.9949
 4543.460  0.9939  0.9906
 4543.480  0.9938  0.9862
 4543.500  0.9884  0.9870
 4543.520  0.9810  0.9927
 4543.540  0.9727  0.9981
 4543.560  0.9559  1.0016
 4543.580  0.9244  1.0054
 4543.600  0.8783  1.0076
 4543.620  0.8187  1.0058
 4543.640  0.7480  1.0030
 4543.660  0.6827  1.0019
 4543.680  0.6521  1.0022
 4543.700  0.6736  1.0048
 4543.720  0.7364  1.0093
 4543.740  0.8140  1.0104
 4543.760  0.8844  1.0063
 4543.780  0.9355  1.0004
 4543.800  0.9633  0.9931
 4543.820  0.9755  0.9867
 4543.840  0.9827  0.9909
 4543.860  0.9833  1.0038
 4543.880  0.9723  1.0092
 4543.900  0.9576  1.0039
 4543.920  0.9503  1.0053
 4543.940  0.9557  1.0202
 4543.960  0.9713  1.0331
 4543.980  0.9860  1.0293
 4544.000  0.9913  1.0175
 4544.020  0.9919  1.0129
 4544.040  0.9927  1.0133
 4544.060  0.9909  1.0126
 4544.080  0.9854  1.0136
 4544.100  0.9798  1.0130
 4544.120  0.9784  1.0042
 4544.140  0.9811  0.9941
 4544.160  0.9859  0.9897
 4544.180  0.9921  0.9860
 4544.200  0.9968  0.9830
 4544.220  0.9966  0.9881
 4544.240  0.9957  0.9954
 4544.260  1.0002  0.9942
 4544.280  1.0040  0.9921
 4544.300  0.9995  1.0024
 4544.320  0.9947  1.0195
 4544.340  0.9960  1.0296
 4544.360  0.9962  1.0318
 4544.380  0.9936  1.0304
 4544.400  0.9943  1.0255
 4544.420  0.9945  1.0194
 4544.440  0.9868  1.0169
 4544.460  0.9782  1.0198
 4544.480  0.9782  1.0264
 4544.500  0.9806  1.0298
 4544.520  0.9783  1.0227
 4544.540  0.9795  1.0112
 4544.560  0.9912  1.0106
 4544.580  1.0037  1.0215
 4544.600  1.0076  1.0298
 4544.620  1.0060  1.0307
 4544.640  1.0036  1.0291
 4544.660  0.9986  1.0241
 4544.680  0.9912  1.0142
 4544.700  0.9869  1.0081
 4544.720  0.9905  1.0123
 4544.740  0.9960  1.0194
 4544.760  0.9914  1.0182
 4544.780  0.9789  1.0100
 4544.800  0.9720  1.0038
 4544.820  0.9732  1.0003
 4544.840  0.9741  0.9934
 4544.860  0.9725  0.9855
 4544.880  0.9728  0.9841
 4544.900  0.9781  0.9912
 4544.920  0.9871  1.0033
 4544.940  0.9925  1.0133
 4544.960  0.9890  1.0150
 4544.980  0.9864  1.0123
 4545.000  0.9954  1.0169
 4545.020  1.0025  1.0292
 4545.040  0.9915 -1.0000
 4545.060  0.9776 -1.0000
 4545.080  0.9845 -1.0000
 4545.100  1.0049 -1.0000
 4545.120  1.0169 -1.0000
 4545.140  1.0140  1.0377
 4545.160  1.0060  1.0216
 4545.180  1.0044  1.0172
 4545.200  1.0076  1.0201
 4545.220  1.0081  1.0189
 4545.240  1.0064  1.0194
 4545.260  1.0055  1.0222
 4545.280  1.0039  1.0157
 4545.300  0.9984  1.0044
 4545.320  0.9925  1.0042
 4545.340  0.9929  1.0133
 4545.360  0.9947  1.0166
 4545.380  0.9879  1.0109
 4545.400  0.9769  1.0065
 4545.420  0.9736  1.0094
 4545.440  0.9776  1.0167
 4545.460  0.9806  1.0198
 4545.480  0.9817  1.0098
 4545.500  0.9854  0.9889
 4545.520  0.9917  0.9722
 4545.540  0.9975  0.9677
 4545.560  1.0010  0.9685
 4545.580  1.0008  0.9693
 4545.600  0.9986  0.9745
 4545.620  0.9987  0.9850
 4545.640  1.0012  0.9939
 4545.660  1.0025  0.9989
 4545.680  1.0000  1.0034
 4545.700  0.9927  1.0055
 4545.720  0.9837  1.0017
 4545.740  0.9813  0.9998
 4545.760  0.9901  1.0075
 4545.780  1.0035  1.0173
 4545.800  1.0113  1.0178
 4545.820  1.0128  1.0132
 4545.840  1.0116  1.0125
 4545.860  1.0065  1.0124
 4545.880  0.9985  1.0081
 4545.900  0.9950  1.0033
 4545.920  1.0000  1.0015
 4545.940  1.0066  1.0007
 4545.960  1.0061  0.9982
 4545.980  1.0010  0.9955
 4546.000  1.0008  0.9947
 4546.020  1.0048  0.9957
 4546.040  1.0033  0.9985
 4546.060  0.9943  1.0025
 4546.080  0.9846  1.0052
 4546.100  0.9761  1.0058
 4546.120  0.9650  1.0057
 4546.140  0.9512  1.0041
 4546.160  0.9410  1.0012
 4546.180  0.9408  1.0017
 4546.200  0.9517  1.0046
 4546.220  0.9676  0.9994
 4546.240  0.9797  0.9851
 4546.260  0.9857  0.9733
 4546.280  0.9898  0.9652
 4546.300  0.9955  0.9556
 4546.320  1.0026  0.9550
 4546.340  1.0072  0.9723
 4546.360  1.0058  0.9904
 4546.380  1.0012  0.9927
 4546.400  1.0003  0.9906
 4546.420  1.0063  0.9996
 4546.440  1.0138  1.0131
 4546.460  1.0111  1.0168
 4546.480  0.9973  1.0108
 4546.500  0.9880  1.0046
 4546.520  0.9906  0.9997
 4546.540  0.9929  0.9923
 4546.560  0.9889  0.9866
 4546.580  0.9867  0.9894
 4546.600  0.9875  0.9962
 4546.620  0.9855  0.9991
 4546.640  0.9839  0.9988
 4546.660  0.9881  1.0005
 4546.680  0.9934  1.0033
 4546.700  0.9932  1.0020
 4546.720  0.9917  0.9957
 4546.740  0.9938  0.9886
 4546.760  0.9943  0.9813
 4546.780  0.9897  0.9718
 4546.800  0.9854  0.9621
 4546.820  0.9842  0.9541
 4546.840  0.9807  0.9472
 4546.860  0.9705  0.9459
 4546.880  0.9577  0.9569
 4546.900  0.9482  0.9754
 4546.920  0.9415  0.9879
 4546.940  0.9378  0.9913
 4546.960  0.9420  0.9919
 4546.980  0.9526  0.9906
 4547.000  0.9631  0.9870
 4547.020  0.9747  0.9882
 4547.040  0.9891  0.9959
 4547.060  0.9979  1.0017
 4547.080  0.9951  1.0029
 4547.100  0.9884  1.0052
 4547.120  0.9858  1.0088
 4547.140  0.9848  1.0098
 4547.160  0.9820  1.0092
 4547.180  0.9802  1.0081
 4547.200  0.9814  1.0061
 4547.220  0.9835  1.0062
 4547.240  0.9862  1.0092
 4547.260  0.9905  1.0114
 4547.280  0.9948  1.0103
 4547.300  0.9962  1.0057
 4547.320  0.9963  0.9977
 4547.340  0.9961  0.9899
 4547.360  0.9917  0.9869
 4547.380  0.9808  0.9883
 4547.400  0.9666  0.9905
 4547.420  0.9533  0.9940
 4547.440  0.9427  0.9989
 4547.460  0.9381  0.9998
 4547.480  0.9435  0.9966
 4547.500  0.9569  0.9980
 4547.520  0.9713  1.0061
 4547.540  0.9816  1.0120
 4547.560  0.9864  1.0110
 4547.580  0.9884  1.0087
 4547.600  0.9922  1.0093
 4547.620  0.9987  1.0116
 4547.640  1.0029  1.0132
 4547.660  1.0014  1.0109
 4547.680  0.9968  1.0044
 4547.700  0.9934  0.9989
 4547.720  0.9935  0.9987
 4547.740  0.9982  1.0001
 4547.760  1.0057  0.9979
 4547.780  1.0084  0.9929
 4547.800  1.0032  0.9900
 4547.820  0.9977  0.9912
 4547.840  0.9984  0.9964
 4547.860  1.0023  1.0046
 4547.880  1.0052  1.0108
 4547.900  1.0059  1.0098
 4547.920  1.0038  1.0040
 4547.940  0.9973  0.9987
 4547.960  0.9875  0.9944
 4547.980  0.9788  0.9908
 4548.000  0.9749  0.9891
 4548.020  0.9754  0.9864
 4548.040  0.9776  0.9794
 4548.060  0.9806  0.9718
 4548.080  0.9853  0.9680
 4548.100  0.9915  0.9671
 4548.120  0.9980  0.9693
 4548.140  1.0040  0.9781
 4548.160  1.0083  0.9920
 4548.180  1.0098  1.0037
 4548.200  1.0072  1.0078
 4548.220  1.0022  1.0041
 4548.240  1.0000  0.9968
 4548.260  1.0033  0.9942
 4548.280  1.0073  1.0009
 4548.300  1.0060  1.0102
 4548.320  0.9996  1.0129
 4548.340  0.9942  1.0109
 4548.360  0.9935  1.0100
 4548.380  0.9948  1.0095
 4548.400  0.9954  1.0082
 4548.420  0.9978  1.0083
 4548.440  1.0032  1.0088
 4548.460  1.0065  1.0091
 4548.480  1.0051  1.0123
 4548.500  1.0018  1.0163
 4548.520  0.9981  1.0144
 4548.540  0.9924  1.0085
 4548.560  0.9853  1.0056
 4548.580  0.9804  1.0052
 4548.600  0.9772  1.0047
 4548.620  0.9724  1.0063
 4548.640  0.9664  1.0106
 4548.660  0.9605  1.0142
 4548.680  0.9547  1.0162
 4548.700  0.9512  1.0147
 4548.720  0.9537  1.0046
 4548.740  0.9610  0.9889
 4548.760  0.9677  0.9804
 4548.780  0.9728  0.9843
 4548.800  0.9792  0.9938
 4548.820  0.9846  1.0005
 4548.840  0.9848  1.0013
 4548.860  0.9831  0.9980
 4548.880  0.9821  0.9948
 4548.900  0.9768  0.9923
 4548.920  0.9656  0.9897
 4548.940  0.9555 -1.0000
 4548.960  0.9517 -1.0000
 4548.980  0.9506 -1.0000
 4549.000  0.9463 -1.0000
 4549.020  0.9433 -1.0000
 4549.040  0.9489 -1.0000
 4549.060  0.9574 -1.0000
 4549.080  0.9622 -1.0000
 4549.100  0.9661 -1.0000
 4549.120  0.9713 -1.0000
 4549.140  0.9764  1.0015
 4549.160  0.9811  1.0003
 4549.180  0.9853  0.9990
 4549.200  0.9889  0.9985
 4549.220  0.9931  0.9990
 4549.240  0.9975  1.0005
 4549.260  0.9979  1.0030
 4549.280  0.9904  1.0054
 4549.300  0.9794  1.0064
 4549.320  0.9735  1.0059
 4549.340  0.9737  1.0044
 4549.360  0.9743  1.0011
 4549.380  0.9730  0.9958
 4549.400  0.9727  0.9903
 4549.420  0.9770  0.9867
 4549.440  0.9842  0.9852
 4549.460  0.9890  0.9859
 4549.480  0.9888  0.9886
 4549.500  0.9849  0.9900
 4549.520  0.9789  0.9871
 4549.540  0.9722  0.9816
 4549.560  0.9669  0.9772
 4549.580  0.9651  0.9748
 4549.600  0.9669  0.9759
 4549.620  0.9724  0.9819
 4549.640  0.9806  0.9892
 4549.660  0.9876  0.9930
 4549.680  0.9915  0.9939
 4549.700  0.9937  0.9946
 4549.720  0.9944  0.9950
 4549.740  0.9917  0.9962
 4549.760  0.9865  1.0000
 4549.780  0.9838  1.0035
 4549.800  0.9853  1.0029
 4549.820  0.9882  1.0002
 4549.840  0.9905  0.9992
 4549.860  0.9932  1.0006
 4549.880  0.9962  1.0030
 4549.900  0.9977  1.0047
 4549.920  0.9974  1.0039
 4549.940  0.9980  1.0023
 4549.960  0.9996  1.0033
 4549.980  0.9987  1.0057
 4550.000  0.9949  1.0055
 4550.020  0.9907  1.0030
 4550.040  0.9867  1.0014
 4550.060  0.9836  1.0008
 4550.080  0.9834  0.9994
 4550.100  0.9863  0.9977
 4550.120  0.9880  0.9978
 4550.140  0.9847  0.9994
 4550.160  0.9783  1.0015
 4550.180  0.9735  1.0037
 4550.200  0.9711  1.0051
 4550.220  0.9700  1.0048
 4550.240  0.9719  1.0027
 4550.260  0.9780  1.0001
 4550.280  0.9845  0.9988
 4550.300  0.9885  1.0005
 4550.320  0.9926  1.0042
 4550.340  0.9991  1.0057
 4550.360  1.0044  1.0023
 4550.380  1.0055  0.9967
 4550.400  1.0044  0.9928
 4550.420  1.0048  0.9925
 4550.440  1.0069  0.9958
 4550.460  1.0073  1.0008
 4550.480  1.0045  1.0041
 4550.500  1.0014  1.0051
 4550.520  1.0015  1.0066
 4550.540  1.0058  1.0114
 4550.560  1.0096  1.0147
 4550.580  1.0077  1.0100
 4550.600  1.0038  1.0027
 4550.620  1.0028  0.9996
 4550.640  1.0003  0.9989
 4550.660  0.9938  0.9983
 4550.680  0.9887  0.9987
 4550.700  0.9893  0.9998
 4550.720  0.9937  1.0009
 4550.740  0.9982  1.0011
 4550.760  1.0015  1.0000
 4550.780  1.0041  0.9993
 4550.800  1.0050  1.0007
 4550.820  1.0021  1.0021
 4550.840  0.9979  1.0013
 4550.860  0.9967  1.0004
 4550.880  0.9980  1.0011
 4550.900  0.9983  1.0013
 4550.920  0.9963  1.0006
 4550.940  0.9945  1.0020
 4550.960  0.9955  1.0060
 4550.980  0.9986  1.0076
 4551.000  0.9998  1.0050
 4551.020  0.9976  1.0022
 4551.040  0.9956  1.0013
 4551.060  0.9975  1.0005
 4551.080  1.0021  0.9997
 4551.100  1.0040  1.0006
 4551.120  1.0019  1.0022
 4551.140  0.9995  1.0030
 4551.160  0.9989  1.0035
 4551.180  0.9967  1.0045
 4551.200  0.9920  1.0048
 4551.220  0.9898  1.0035
 4551.240  0.9935  1.0021
 4551.260  0.9995  1.0021
 4551.280  1.0017  1.0038
 4551.300  0.9993  1.0061
 4551.320  0.9961  1.0075
 4551.340  0.9968  1.0066
 4551.360  1.0012  1.0047
 4551.380  1.0042  1.0040
 4551.400  1.0017  1.0033
 4551.420  0.9964  0.9994
 4551.440  0.9935  0.9927
 4551.460  0.9937  0.9865
 4551.480  0.9942  0.9811
 4551.500  0.9940  0.9759
 4551.520  0.9943  0.9730
 4551.540  0.9953  0.9739
 4551.560  0.9970  0.9758
 4551.580  0.9991  0.9759
 4551.600  1.0002  0.9752
 4551.620  0.9997  0.9747
 4551.640  0.9997  0.9750
 4551.660  1.0022  0.9776
 4551.680  1.0051  0.9819
 4551.700  1.0051  0.9841
 4551.720  1.0031  0.9843
 4551.740  1.0023  0.9867
 4551.760  1.0019  0.9921
 4551.780  0.9989  0.9962
 4551.800  0.9950  0.9965
 4551.820  0.9947  0.9952
 4551.840  0.9974  0.9958
 4551.860  0.9992  0.9991
 4551.880  1.0003  1.0031
 4551.900  1.0035  1.0046
 4551.920  1.0069  1.0039
 4551.940  1.0072  1.0027
 4551.960  1.0050  1.0011
 4551.980  1.0042  0.9994
 4552.000  1.0044  0.9995
 4552.020  1.0024  1.0007
 4552.040  0.9978  1.0005
 4552.060  0.9923  0.9993
 4552.080  0.9868  0.9999
 4552.100  0.9837  1.0022
 4552.120  0.9836  1.0036
 4552.140  0.9845  1.0041
 4552.160  0.9850  1.0060
 4552.180  0.9843  1.0088
 4552.200  0.9826  1.0108
 4552.220  0.9799  1.0115
 4552.240  0.9757  1.0090
 4552.260  0.9712  1.0015
 4552.280  0.9677  0.9914
 4552.300  0.9660  0.9849
 4552.320  0.9671  0.9865
 4552.340  0.9722  0.9947
 4552.360  0.9792  1.0027
 4552.380  0.9842  1.0058
 4552.400  0.9862  1.0056
 4552.420  0.9876  1.0052
 4552.440  0.9902  1.0041
 4552.460  0.9927  1.0024
 4552.480  0.9930  1.0016
 4552.500  0.9907  1.0020
 4552.520  0.9873  1.0026
 4552.540  0.9863  1.0032
 4552.560  0.9882  1.0016
 4552.580  0.9897  0.9946
 4552.600  0.9889  0.9849
 4552.620  0.9889  0.9809
 4552.640  0.9922  0.9855
 4552.660  0.9968  0.9927
 4552.680  0.9995  0.9975
 4552.700  1.0001  0.9993
 4552.720  1.0003  0.9988
 4552.740  1.0003  0.9978
 4552.760  1.0000  0.9990
 4552.780  0.9995  1.0014
 4552.800  0.9995  1.0019
 4552.820  1.0006  1.0010
 4552.840  1.0007  1.0010
 4552.860  0.9983  1.0012
 4552.880  0.9942  0.9999
 4552.900  0.9911  0.9991
 4552.920  0.9912  0.9996
 4552.940  0.9929  0.9995
 4552.960  0.9938  0.9982
 4552.980 -1.0000 -1.0000
 4553.000 -1.0000 -1.0000
 4522.000  0.0000  0.0000
 4522.020  0.0000  0.0000
 4522.040  0.0014 -0.0285
 4522.060 -0.0038 -0.0270
 4522.080 -0.0078 -0.0269
 4522.100 -0.0062 -0.0281
 4522.120 -0.0018 -0.0295
 4522.140 -0.0020 -0.0288
 4522.160 -0.0071 -0.0255
 4522.180 -0.0091 -0.0236
 4522.200 -0.0041 -0.0255
 4522.220  0.0026 -0.0278
 4522.240  0.0056 -0.0280
 4522.260  0.0062 -0.0288
 4522.280  0.0068 -0.0303
 4522.300  0.0056 -0.0291
 4522.320  0.0021 -0.0274
 4522.340 -0.0006 -0.0307
 4522.360 -0.0018 -0.0377
 4522.380 -0.0047 -0.0415
 4522.400 -0.0101 -0.0399
 4522.420 -0.0138 -0.0350
 4522.440 -0.0128 -0.0287
 4522.460 -0.0095 -0.0231
 4522.480 -0.0072 -0.0210
 4522.500 -0.0062 -0.0230
 4522.520 -0.0052 -0.0276
 4522.540 -0.0038 -0.0328
 4522.560 -0.0025 -0.0362
 4522.580 -0.0020 -0.0365
 4522.600 -0.0026 -0.0344
 4522.620 -0.0035 -0.0310
 4522.640 -0.0036 -0.0281
 4522.660 -0.0025 -0.0276
 4522.680  0.0003 -0.0293
 4522.700  0.0045 -0.0310
 4522.720  0.0075 -0.0302
 4522.740  0.0060 -0.0272
 4522.760  0.0009 -0.0247
 4522.780 -0.0029 -0.0252
 4522.800 -0.0024 -0.0281
 4522.820  0.0002 -0.0302
 4522.840  0.0027 -0.0294
 4522.860  0.0049 -0.0270
 4522.880  0.0067 -0.0252
 4522.900  0.0064 -0.0249
 4522.920  0.0039 -0.0256
 4522.940  0.0005 -0.0274
 4522.960 -0.0032 -0.0295
 4522.980 -0.0072 -0.0300
 4523.000 -0.0092 -0.0280
 4523.020 -0.0071 -0.0250
 4523.040 -0.0025 -0.0243
 4523.060  0.0007 -0.0267
 4523.080  0.0008 -0.0298
 4523.100 -0.0020 -0.0314
 4523.120 -0.0065 -0.0311
 4523.140 -0.0096 -0.0306
 4523.160 -0.0083 -0.0314
 4523.180 -0.0043 -0.0330
 4523.200 -0.0021 -0.0333
 4523.220 -0.0030 -0.0316
 4523.240 -0.0042 -0.0308
 4523.260 -0.0045 -0.0317
 4523.280 -0.0049 -0.0316
 4523.300 -0.0043 -0.0304
 4523.320 -0.0022 -0.0309
 4523.340 -0.0027 -0.0315
 4523.360 -0.0086 -0.0291
 4523.380 -0.0138 -0.0260
 4523.400 -0.0099 -0.0271
 4523.420 -0.0004 -0.0308
 4523.440  0.0035 -0.0317
 4523.460  0.0002 -0.0289
 4523.480 -0.0021 -0.0258
 4523.500 -0.0001 -0.0246
 4523.520  0.0007 -0.0243
 4523.540 -0.0020 -0.0245
 4523.560 -0.0035 -0.0261
 4523.580 -0.0017 -0.0286
 4523.600 -0.0010 -0.0297
 4523.620 -0.0032 -0.0291
 4523.640 -0.0038 -0.0283
 4523.660 -0.0003 -0.0273
 4523.680  0.0028 -0.0257
 4523.700  0.0014 -0.0254
 4523.720 -0.0024 -0.0272
 4523.740 -0.0041 -0.0276
 4523.760 -0.0031 -0.0253
 4523.780 -0.0019 -0.0247
 4523.800 -0.0025 -0.0281
 4523.820 -0.0051 -0.0313
 4523.840 -0.0077 -0.0316
 4523.860 -0.0077 -0.0309
 4523.880 -0.0047 -0.0301
 4523.900 -0.0019 -0.0289
 4523.920 -0.0018 -0.0281
 4523.940 -0.0030 -0.0285
 4523.960 -0.0026 -0.0286
 4523.980 -0.0006 -0.0279
 4524.000  0.0004 -0.0275
 4524.020 -0.0002 -0.0267
 4524.040 -0.0004 -0.0245
 4524.060  0.0009 -0.0225
 4524.080  0.0020 -0.0237
 4524.100  0.0016 -0.0279
 4524.120  0.0008 -0.0315
 4524.140  0.0012 -0.0311
 4524.160  0.0021 -0.0279
 4524.180  0.0010 -0.0257
 4524.200 -0.0030 -0.0266
 4524.220 -0.0069 -0.0292
 4524.240 -0.0083 -0.0306
 4524.260 -0.0076 -0.0302
 4524.280 -0.0059 -0.0296
 4524.300 -0.0030 -0.0295
 4524.320  0.0007 -0.0279
 4524.340  0.0018 -0.0237
 4524.360 -0.0015 -0.0210
 4524.380 -0.0055 -0.0239
 4524.400 -0.0062 -0.0292
 4524.420 -0.0050 -0.0312
 4524.440 -0.0062 -0.0303
 4524.460 -0.0087 -0.0303
 4524.480 -0.0081 -0.0314
 4524.500 -0.0034 -0.0331
 4524.520  0.0012 -0.0352
 4524.540  0.0029 -0.0351
 4524.560  0.0024 -0.0303
 4524.580  0.0013 -0.0247
 4524.600 -0.0005 -0.0238
 4524.620 -0.0021 -0.0275
 4524.640 -0.0025 -0.0315
 4524.660 -0.0025 -0.0333
 4524.680 -0.0033 -0.0320
 4524.700 -0.0038 -0.0283
 4524.720 -0.0027 -0.0242
 4524.740 -0.0009 -0.0222
 4524.760 -0.0003 -0.0233
 4524.780 -0.0006 -0.0265
 4524.800 -0.0012 -0.0288
 4524.820 -0.0029 -0.0290
 4524.840 -0.0055 -0.0299
 4524.860 -0.0072 -0.0333
 4524.880 -0.0068 -0.0352
 4524.900 -0.0054 -0.0324
 4524.920 -0.0039 -0.0291
 4524.940 -0.0021 -0.0289
 4524.960 -0.0011 -0.0290
 4524.980 -0.0026 -0.0267
 4525.000 -0.0059 -0.0252
 4525.020 -0.0087 -0.0273
 4525.040 -0.0097 -0.0310
 4525.060 -0.0101 -0.0322
 4525.080 -0.0105 -0.0295
 4525.100 -0.0098 -0.0255
 4525.120 -0.0074 -0.0247
 4525.140 -0.0040 -0.0283
 4525.160 -0.0009 -0.0320
 4525.180  0.0005 -0.0323
 4525.200 -0.0007 -0.0307
 4525.220 -0.0034 -0.0295
 4525.240 -0.0051 -0.0288
 4525.260 -0.0050 -0.0287
 4525.280 -0.0043 -0.0298
 4525.300 -0.0031 -0.0306
 4525.320 -0.0005 -0.0295
 4525.340  0.0019 -0.0273
 4525.360  0.0011 -0.0261
 4525.380 -0.0028 -0.0264
 4525.400 -0.0063 -0.0277
 4525.420 -0.0068 -0.0290
 4525.440 -0.0045 -0.0293
 4525.460 -0.0004 -0.0295
 4525.480  0.0045 -0.0310
 4525.500  0.0075 -0.0333
 4525.520  0.0062 -0.0347
 4525.540  0.0008 -0.0339
 4525.560 -0.0057 -0.0307
 4525.580 -0.0105 -0.0269
 4525.600 -0.0118 -0.0255
 4525.620 -0.0096 -0.0255
 4525.640 -0.0068 -0.0239
 4525.660 -0.0065 -0.0213
 4525.680 -0.0077 -0.0211
 4525.700 -0.0062 -0.0223
 4525.720 -0.0021 -0.0225
 4525.740  0.0000 -0.0234
 4525.760 -0.0017 -0.0258
 4525.780 -0.0038 -0.0262
 4525.800 -0.0032 -0.0248
 4525.820 -0.0018 -0.0260
 4525.840 -0.0025 -0.0300
 4525.860 -0.0045 -0.0324
 4525.880 -0.0050 -0.0323
 4525.900 -0.0034 -0.0317
 4525.920 -0.0011 -0.0314
 4525.940 -0.0002 -0.0312
 4525.960 -0.0017 -0.0313
 4525.980 -0.0038 -0.0297
 4526.000 -0.0031 -0.0264
 4526.020  0.0005 -0.0247
 4526.040  0.0021 -0.0245
 4526.060 -0.0001 -0.0228
 4526.080 -0.0018 -0.0211
 4526.100  0.0012 -0.0224
 4526.120  0.0051 -0.0249
 4526.140  0.0043 -0.0264
 4526.160  0.0000 -0.0291
 4526.180 -0.0025 -0.0328
 4526.200 -0.0032 -0.0334
 4526.220 -0.0048 -0.0315
 4526.240 -0.0065 -0.0304
 4526.260 -0.0050 -0.0284
 4526.280 -0.0022 -0.0230
 4526.300 -0.0030 -0.0185
 4526.320 -0.0067 -0.0191
 4526.340 -0.0083 -0.0222
 4526.360 -0.0068 -0.0241
 4526.380 -0.0057 -0.0252
 4526.400 -0.0053 -0.0264
 4526.420 -0.0021 -0.0282
 4526.440  0.0041 -0.0299
 4526.460  0.0077 -0.0286
 4526.480  0.0048 -0.0243
 4526.500 -0.0011 -0.0224
 4526.520 -0.0047 -0.0260
 4526.540 -0.0049 -0.0293
 4526.560 -0.0048 -0.0270
 4526.580 -0.0056 -0.0224
 4526.600 -0.0056 -0.0211
 4526.620 -0.0041 -0.0226
 4526.640 -0.0036 -0.0237
 4526.660 -0.0054 -0.0236
 4526.680 -0.0060 -0.0236
 4526.700 -0.0020 -0.0243
 4526.720  0.0033 -0.0256
 4526.740  0.0041 -0.0261
 4526.760  0.0009 -0.0244
 4526.780 -0.0007 -0.0215
 4526.800  0.0009 -0.0198
 4526.820  0.0013 -0.0207
 4526.840 -0.0008 -0.0234
 4526.860 -0.0019 -0.0258
 4526.880 -0.0005 -0.0266
 4526.900 -0.0002 -0.0269
 4526.920 -0.0022 -0.0286
 4526.940 -0.0033 -0.0312
 4526.960 -0.0015 -0.0318
 4526.980 -0.0002 -0.0294
 4527.000 -0.0026 -0.0266
 4527.020 -0.0075 -0.0261
 4527.040 -0.0117 -0.0275
 4527.060 -0.0117 -0.0289
 4527.080 -0.0061 -0.0303
 4527.100  0.0016 -0.0334
 4527.120  0.0052 -0.0381
 4527.140  0.0034 -0.0408
 4527.160  0.0014 -0.0391
 4527.180  0.0026 -0.0363
 4527.200  0.0033 -0.0361
 4527.220  0.0007 -0.0361
 4527.240 -0.0020 -0.0325
 4527.260 -0.0013 -0.0279
 4527.280  0.0003 -0.0270
 4527.300  0.0001 -0.0292
 4527.320 -0.0001 -0.0307
 4527.340  0.0015 -0.0308
 4527.360  0.0023 -0.0303
 4527.380  0.0001 -0.0295
 4527.400 -0.0023 -0.0283
 4527.420 -0.0025 -0.0274
 4527.440 -0.0026 -0.0274
 4527.460 -0.0045 -0.0287
 4527.480 -0.0061 -0.0308
 4527.500 -0.0052 -0.0313
 4527.520 -0.0034 -0.0291
 4527.540 -0.0035 -0.0266
 4527.560 -0.0054 -0.0269
 4527.580 -0.0057 -0.0298
 4527.600 -0.0020 -0.0321
 4527.620  0.0044 -0.0318
 4527.640  0.0080 -0.0289
 4527.660  0.0052 -0.0253
 4527.680 -0.0002 -0.0238
 4527.700 -0.0008 -0.0255
 4527.720  0.0029 -0.0286
 4527.740  0.0037 -0.0294
 4527.760 -0.0010 -0.0282
 4527.780 -0.0043 -0.0288
 4527.800 -0.0017 -0.0316
 4527.820  0.0012 -0.0318
 4527.840 -0.0004 -0.0282
 4527.860 -0.0026 -0.0263
 4527.880 -0.0004 -0.0280
 4527.900  0.0027 -0.0293
 4527.920  0.0017 -0.0291
 4527.940 -0.0024 -0.0311
 4527.960 -0.0053 -0.0342
 4527.980 -0.0066 -0.0331
 4528.000 -0.0065 -0.0280
 4528.020 -0.0022 -0.0240
 4528.040  0.0057 -0.0240
 4528.060  0.0102 -0.0275
 4528.080  0.0077 -0.0323
 4528.100  0.0041 -0.0351
 4528.120  0.0049 -0.0345
 4528.140  0.0068 -0.0318
 4528.160  0.0048 -0.0281
 4528.180  0.0015 -0.0246
 4528.200  0.0014 -0.0243
 4528.220  0.0027 -0.0284
 4528.240  0.0013 -0.0326
 4528.260 -0.0011 -0.0328
 4528.280 -0.0010 -0.0310
 4528.300  0.0000 -0.0304
 4528.320 -0.0012 -0.0298
 4528.340 -0.0025 -0.0276
 4528.360 -0.0012 -0.0257
 4528.380  0.0001 -0.0269
 4528.400 -0.0025 -0.0302
 4528.420 -0.0061 -0.0316
 4528.440 -0.0051 -0.0286
 4528.460 -0.0007 -0.0237
 4528.480  0.0008 -0.0207
 4528.500 -0.0018 -0.0202
 4528.520 -0.0032 -0.0209
 4528.540 -0.0013 -0.0228
 4528.560 -0.0008 -0.0255
 4528.580 -0.0045 -0.0270
 4528.600 -0.0085 -0.0259
 4528.620 -0.0079 -0.0234
 4528.640 -0.0038 -0.0232
 4528.660 -0.0009 -0.0273
 4528.680  0.0001 -0.0330
 4528.700  0.0006 -0.0350
 4528.720  0.0000 -0.0323
 4528.740 -0.0025 -0.0286
 4528.760 -0.0041 -0.0261
 4528.780 -0.0015 -0.0247
 4528.800  0.0034 -0.0245
 4528.820  0.0046 -0.0251
 4528.840  0.0003 -0.0253
 4528.860 -0.0049 -0.0246
 4528.880 -0.0057 -0.0240
 4528.900 -0.0026 -0.0234
 4528.920 -0.0001 -0.0236
 4528.940 -0.0013 -0.0270
 4528.960 -0.0042 -0.0320
 4528.980 -0.0052 -0.0335
 4529.000 -0.0038 -0.0307
 4529.020 -0.0034 -0.0282
 4529.040 -0.0056 -0.0279
 4529.060 -0.0071 -0.0273
 4529.080 -0.0049 -0.0259
 4529.100 -0.0019 -0.0250
 4529.120 -0.0021 -0.0248
 4529.140 -0.0039 -0.0253
 4529.160 -0.0028 -0.0273
 4529.180 -0.0001 -0.0292
 4529.200 -0.0002 -0.0287
 4529.220 -0.0034 -0.0264
 4529.240 -0.0048 -0.0252
 4529.260 -0.0029 -0.0259
 4529.280 -0.0011 -0.0278
 4529.300 -0.0022 -0.0301
 4529.320 -0.0051 -0.0323
 4529.340 -0.0076 -0.0326
 4529.360 -0.0094 -0.0303
 4529.380 -0.0105 -0.0266
 4529.400 -0.0112 -0.0244
 4529.420 -0.0119 -0.0256
 4529.440 -0.0115 -0.0287
 4529.460 -0.0082 -0.0308
 4529.480 -0.0021 -0.0313
 4529.500  0.0031 -0.0317
 4529.520  0.0046 -0.0311
 4529.540  0.0034 -0.0281
 4529.560  0.0018 -0.0251
 4529.580  0.0002 -0.0249
 4529.600 -0.0014 -0.0267
 4529.620 -0.0017 -0.0284
 4529.640  0.0001 -0.0299
 4529.660  0.0026 -0.0309
 4529.680  0.0040 -0.0305
 4529.700  0.0038 -0.0294
 4529.720  0.0018 -0.0293
 4529.740 -0.0021 -0.0298
 4529.760 -0.0058 -0.0306
 4529.780 -0.0055 -0.0312
 4529.800 -0.0017 -0.0295
 4529.820  0.0001 -0.0258
 4529.840 -0.0035 -0.0248
 4529.860 -0.0089 -0.0280
 4529.880 -0.0109 -0.0306
 4529.900 -0.0095 -0.0313
 4529.920 -0.0073 -0.0340
 4529.940 -0.0041 -0.0377
 4529.960 -0.0003 -0.0366
 4529.980  0.0010 -0.0317
 4530.000 -0.0018 -0.0281
 4530.020 -0.0040 -0.0261
 4530.040 -0.0009 -0.0246
 4530.060  0.0033 -0.0245
 4530.080  0.0019 -0.0255
 4530.100 -0.0032 -0.0255
 4530.120 -0.0048 -0.0251
 4530.140 -0.0022 -0.0259
 4530.160 -0.0007 -0.0261
 4530.180 -0.0021 -0.0258
 4530.200 -0.0034 -0.0285
 4530.220 -0.0037 -0.0336
 4530.240 -0.0045 -0.0355
 4530.260 -0.0050 -0.0320
 4530.280 -0.0031 -0.0269
 4530.300 -0.0004 -0.0239
 4530.320 -0.0009 -0.0236
 4530.340 -0.0041 -0.0247
 4530.360 -0.0059 -0.0253
 4530.380 -0.0050 -0.0246
 4530.400 -0.0034 -0.0243
 4530.420 -0.0027 -0.0270
 4530.440 -0.0027 -0.0328
 4530.460 -0.0031 -0.0377
 4530.480 -0.0036 -0.0376
 4530.500 -0.0029 -0.0331
 4530.520 -0.0008 -0.0279
 4530.540  0.0006 -0.0250
 4530.560 -0.0015 -0.0245
 4530.580 -0.0058 -0.0255
 4530.600 -0.0077 -0.0258
 4530.620 -0.0053 -0.0238
 4530.640 -0.0024 -0.0218
 4530.660 -0.0038 -0.0234
 4530.680 -0.0084 -0.0277
 4530.700 -0.0105 -0.0307
 4530.720 -0.0081 -0.0312
 4530.740 -0.0053 -0.0305
 4530.760 -0.0053 -0.0284
 4530.780 -0.0056 -0.0241
 4530.800 -0.0034 -0.0199
 4530.820 -0.0002 -0.0187
 4530.840  0.0006 -0.0206
 4530.860 -0.0011 -0.0239
 4530.880 -0.0030 -0.0275
 4530.900 -0.0036 -0.0302
 4530.920 -0.0027 -0.0300
 4530.940  0.0001 -0.0272
 4530.960  0.0039 -0.0247
 4530.980  0.0055 -0.0251
 4531.000  0.0026 -0.0268
 4531.020 -0.0033 -0.0264
 4531.040 -0.0083 -0.0238
 4531.060 -0.0092 -0.0218
 4531.080 -0.0058 -0.0215
 4531.100 -0.0011 -0.0214
 4531.120  0.0025 -0.0206
 4531.140  0.0043 -0.0204
 4531.160  0.0047 -0.0221
 4531.180  0.0037 -0.0237
 4531.200 -0.0001 -0.0229
 4531.220 -0.0065 -0.0214
 4531.240 -0.0118 -0.0238
 4531.260 -0.0123 -0.0298
 4531.280 -0.0079 -0.0342
 4531.300 -0.0033 -0.0352
 4531.320 -0.0021 -0.0360
 4531.340 -0.0035 -0.0372
 4531.360 -0.0044 -0.0361
 4531.380 -0.0042 -0.0329
 4531.400 -0.0049 -0.0302
 4531.420 -0.0064 -0.0289
 4531.440 -0.0063 -0.0285
 4531.460 -0.0041 -0.0293
 4531.480 -0.0016 -0.0307
 4531.500  0.0002 -0.0312
 4531.520  0.0022 -0.0304
 4531.540  0.0039 -0.0282
 4531.560  0.0034 -0.0240
 4531.580  0.0015 -0.0196
 4531.600  0.0009 -0.0191
 4531.620  0.0015 -0.0236
 4531.640  0.0011 -0.0290
 4531.660 -0.0009 -0.0316
 4531.680 -0.0027 -0.0315
 4531.700 -0.0035 -0.0309
 4531.720 -0.0039 -0.0314
 4531.740 -0.0041 -0.0329
 4531.760 -0.0032 -0.0343
 4531.780 -0.0019 -0.0336
 4531.800 -0.0014 -0.0301
 4531.820 -0.0028 -0.0261
 4531.840 -0.0059 -0.0250
 4531.860 -0.0083 -0.0275
 4531.880 -0.0070 -0.0293
 4531.900 -0.0018 -0.0268
 4531.920  0.0029 -0.0235
 4531.940  0.0036 -0.0262
 4531.960  0.0015 -0.0340
 4531.980 -0.0007 -0.0381
 4532.000 -0.0028 -0.0346
 4532.020 -0.0046 -0.0292
 4532.040 -0.0038 -0.0270
 4532.060 -0.0008 -0.0274
 4532.080  0.0001 -0.0281
 4532.100 -0.0032 -0.0284
 4532.120 -0.0067 -0.0274
 4532.140 -0.0061 -0.0260
 4532.160 -0.0033 -0.0263
 4532.180 -0.0012 -0.0281
 4532.200  0.0003 -0.0294
 4532.220  0.0021 -0.0300
 4532.240  0.0021 -0.0306
 4532.260 -0.0007 -0.0300
 4532.280 -0.0029 -0.0270
 4532.300 -0.0017 -0.0221
 4532.320  0.0015 -0.0158
 4532.340  0.0026 -0.0105
 4532.360  0.0006 -0.0093
 4532.380 -0.0019 -0.0112
 4532.400 -0.0029 -0.0128
 4532.420 -0.0025 -0.0144
 4532.440 -0.0018 -0.0181
 4532.460 -0.0002 -0.0224
 4532.480  0.0029 -0.0248
 4532.500  0.0056 -0.0261
 4532.520  0.0047 -0.0267
 4532.540  0.0002 -0.0260
 4532.560 -0.0039 -0.0255
 4532.580 -0.0054 -0.0260
 4532.600 -0.0063 -0.0252
 4532.620 -0.0077 -0.0230
 4532.640 -0.0073 -0.0229
 4532.660 -0.0040 -0.0252
 4532.680 -0.0017 -0.0266
 4532.700 -0.0044 -0.0279
 4532.720 -0.0088 -0.0313
 4532.740 -0.0087 -0.0344
 4532.760 -0.0035 -0.0345
 4532.780  0.0014 -0.0339
 4532.800  0.0022 -0.0344
 4532.820  0.0005 -0.0334
 4532.840 -0.0006 -0.0309
 4532.860 -0.0005 -0.0307
 4532.880  0.0001 -0.0331
 4532.900  0.0016 -0.0332
 4532.920  0.0038 -0.0291
 4532.940  0.0041 -0.0262
 4532.960  0.0008 -0.0280
 4532.980 -0.0046 -0.0311
 4533.000 -0.0083 -0.0319
 4533.020 -0.0087 -0.0317
 4533.040 -0.0074 -0.0310
 4533.060 -0.0062 -0.0279
 4533.080 -0.0059 -0.0239
 4533.100 -0.0065 -0.0235
 4533.120 -0.0071 -0.0255
 4533.140 -0.0063 -0.0248
 4533.160 -0.0040 -0.0220
 4533.180 -0.0018 -0.0213
 4533.200  0.0000 -0.0223
 4533.220  0.0028 -0.0209
 4533.240  0.0065 -0.0173
 4533.260  0.0075 -0.0139
 4533.280  0.0041 -0.0127
 4533.300  0.0002 -0.0141
 4533.320 -0.0009 -0.0171
 4533.340 -0.0006 -0.0191
 4533.360 -0.0022 -0.0197
 4533.380 -0.0053 -0.0209
 4533.400 -0.0065 -0.0234
 4533.420 -0.0053 -0.0256
 4533.440 -0.0043 -0.0272
 4533.460 -0.0056 -0.0293
 4533.480 -0.0086 -0.0317
 4533.500 -0.0114 -0.0329
 4533.520 -0.0128 -0.0328
 4533.540 -0.0126 -0.0323
 4533.560 -0.0109 -0.0307
 4533.580 -0.0079 -0.0274
 4533.600 -0.0043 -0.0259
 4533.620 -0.0024 -0.0298
 4533.640 -0.0036 -0.0365
 4533.660 -0.0057 -0.0398
 4533.680 -0.0056 -0.0383
 4533.700 -0.0028 -0.0350
 4533.720  0.0000 -0.0305
 4533.740  0.0020 -0.0248
 4533.760  0.0041 -0.0216
 4533.780  0.0061 -0.0227
 4533.800  0.0063 -0.0246
 4533.820  0.0044 -0.0236
 4533.840  0.0025 -0.0208
 4533.860  0.0017 -0.0194
 4533.880  0.0011 -0.0215
 4533.900 -0.0001 -0.0264
 4533.920 -0.0013 -0.0302
 4533.940 -0.0016 -0.0307
 4533.960 -0.0016 -0.0294
 4533.980 -0.0027 -0.0284
 4534.000 -0.0047 -0.0274
 4534.020 -0.0054 -0.0272
 4534.040 -0.0033 -0.0291
 4534.060 -0.0011 -0.0308
 4534.080 -0.0026 -0.0299
 4534.100 -0.0073 -0.0285
 4534.120 -0.0095 -0.0295
 4534.140 -0.0062 -0.0312
 4534.160 -0.0013 -0.0308
 4534.180 -0.0002 -0.0294
 4534.200 -0.0020 -0.0293
 4534.220 -0.0016 -0.0310
 4534.240  0.0024 -0.0335
 4534.260  0.0057 -0.0350
 4534.280  0.0039 -0.0342
 4534.300 -0.0017 -0.0319
 4534.320 -0.0060 -0.0293
 4534.340 -0.0064 -0.0263
 4534.360 -0.0048 -0.0235
 4534.380 -0.0046 -0.0228
 4534.400 -0.0058 -0.0250
 4534.420 -0.0052 -0.0279
 4534.440 -0.0023 -0.0291
 4534.460 -0.0001 -0.0285
 4534.480 -0.0008 -0.0280
 4534.500 -0.0021 -0.0285
 4534.520 -0.0011 -0.0299
 4534.540  0.0003 -0.0319
 4534.560 -0.0018 -0.0335
 4534.580 -0.0062 -0.0329
 4534.600 -0.0082 -0.0291
 4534.620 -0.0060 -0.0255
 4534.640 -0.0029 -0.0254
 4534.660 -0.0018 -0.0268
 4534.680 -0.0014 -0.0257
 4534.700 -0.0003 -0.0229
 4534.720  0.0001 -0.0215
 4534.740 -0.0011 -0.0220
 4534.760 -0.0014 -0.0239
 4534.780  0.0013 -0.0272
 4534.800  0.0046 -0.0291
 4534.820  0.0043 -0.0272
 4534.840 -0.0004 -0.0252
 4534.860 -0.0064 -0.0272
 4534.880 -0.0106 -0.0300
 4534.900 -0.0115 -0.0282
 4534.920 -0.0091 -0.0246
 4534.940 -0.0045 -0.0246
 4534.960 -0.0008 -0.0275
 4534.980  0.0000 -0.0304
 4535.000 -0.0004 -0.0326
 4535.020  0.0009 -0.0339
 4535.040  0.0035 -0.0326
 4535.060  0.0033 -0.0297
 4535.080 -0.0009 -0.0281
 4535.100 -0.0045 -0.0278
 4535.120 -0.0031 -0.0275
 4535.140  0.0014 -0.0280
 4535.160  0.0036 -0.0298
 4535.180  0.0026 -0.0314
 4535.200  0.0015 -0.0322
 4535.220  0.0020 -0.0332
 4535.240  0.0019 -0.0340
 4535.260  0.0002 -0.0318
 4535.280 -0.0011 -0.0269
 4535.300  0.0004 -0.0237
 4535.320  0.0035 -0.0239
 4535.340  0.0054 -0.0232
 4535.360  0.0039 -0.0199
 4535.380 -0.0002 -0.0191
 4535.400 -0.0039 -0.0225
 4535.420 -0.0052 -0.0253
 4535.440 -0.0050 -0.0262
 4535.460 -0.0050 -0.0292
 4535.480 -0.0049 -0.0342
 4535.500 -0.0041 -0.0366
 4535.520 -0.0044 -0.0363
 4535.540 -0.0068 -0.0361
 4535.560 -0.0083 -0.0360
 4535.580 -0.0057 -0.0336
 4535.600 -0.0015 -0.0292
 4535.620 -0.0008 -0.0266
 4535.640 -0.0037 -0.0282
 4535.660 -0.0057 -0.0323
 4535.680 -0.0048 -0.0335
 4535.700 -0.0030 -0.0294
 4535.720 -0.0011 -0.0252
 4535.740  0.0008 -0.0268
 4535.760  0.0020 -0.0320
 4535.780  0.0016 -0.0353
 4535.800  0.0013 -0.0354
 4535.820  0.0016 -0.0334
 4535.840  0.0002 -0.0290
 4535.860 -0.0031 -0.0237
 4535.880 -0.0037 -0.0217
 4535.900  0.0006 -0.0243
 4535.920  0.0041 -0.0284
 4535.940  0.0011 -0.0308
 4535.960 -0.0059 -0.0306
 4535.980 -0.0102 -0.0286
 4536.000 -0.0107 -0.0267
 4536.020 -0.0106 -0.0264
 4536.040 -0.0108 -0.0271
 4536.060 -0.0092 -0.0269
 4536.080 -0.0063 -0.0266
 4536.100 -0.0052 -0.0289
 4536.120 -0.0063 -0.0327
 4536.140 -0.0068 -0.0337
 4536.160 -0.0051 -0.0312
 4536.180 -0.0034 -0.0298
 4536.200 -0.0042 -0.0312
 4536.220 -0.0064 -0.0328
 4536.240 -0.0066 -0.0332
 4536.260 -0.0038 -0.0328
 4536.280 -0.0004 -0.0305
 4536.300  0.0017 -0.0266
 4536.320  0.0037 -0.0250
 4536.340  0.0061 -0.0261
 4536.360  0.0058 -0.0259
 4536.380  0.0006 -0.0241
 4536.400 -0.0057 -0.0249
 4536.420 -0.0070 -0.0288
 4536.440 -0.0024 -0.0333
 4536.460  0.0027 -0.0360
 4536.480  0.0039 -0.0345
 4536.500  0.0019 -0.0287
 4536.520 -0.0010 -0.0244
 4536.540 -0.0038 -0.0258
 4536.560 -0.0055 -0.0292
 4536.580 -0.0059 -0.0300
 4536.600 -0.0058 -0.0288
 4536.620 -0.0066 -0.0273
 4536.640 -0.0081 -0.0264
 4536.660 -0.0086 -0.0266
 4536.680 -0.0074 -0.0260
 4536.700 -0.0055 -0.0235
 4536.720 -0.0046 -0.0232
 4536.740 -0.0052 -0.0277
 4536.760 -0.0063 -0.0311
 4536.780 -0.0068 -0.0298
 4536.800 -0.0061 -0.0286
 4536.820 -0.0051 -0.0292
 4536.840 -0.0042 -0.0283
 4536.860 -0.0030 -0.0268
 4536.880 -0.0007 -0.0286
 4536.900  0.0020 -0.0315
 4536.920  0.0031 -0.0318
 4536.940  0.0020 -0.0310
 4536.960 -0.0001 -0.0306
 4536.980 -0.0015 -0.0297
 4537.000 -0.0016 -0.0289
 4537.020 -0.0008 -0.0298
 4537.040  0.0007 -0.0308
 4537.060  0.0023 -0.0306
 4537.080  0.0032 -0.0298
 4537.100  0.0024 -0.0292
 4537.120 -0.0005 -0.0288
 4537.140 -0.0046 -0.0296
 4537.160 -0.0075 -0.0308
 4537.180 -0.0070 -0.0313
 4537.200 -0.0039 -0.0320
 4537.220 -0.0008 -0.0322
 4537.240  0.0006 -0.0299
 4537.260  0.0008 -0.0265
 4537.280  0.0009 -0.0264
 4537.300  0.0011 -0.0287
 4537.320  0.0008 -0.0297
 4537.340 -0.0005 -0.0289
 4537.360 -0.0020 -0.0290
 4537.380 -0.0015 -0.0300
 4537.400  0.0015 -0.0300
 4537.420  0.0046 -0.0283
 4537.440  0.0046 -0.0259
 4537.460  0.0013 -0.0247
 4537.480 -0.0018 -0.0251
 4537.500 -0.0029 -0.0255
 4537.520 -0.0035 -0.0253
 4537.540 -0.0043 -0.0260
 4537.560 -0.0037 -0.0278
 4537.580 -0.0012 -0.0289
 4537.600 -0.0001 -0.0290
 4537.620 -0.0025 -0.0293
 4537.640 -0.0054 -0.0292
 4537.660 -0.0054 -0.0280
 4537.680 -0.0036 -0.0273
 4537.700 -0.0030 -0.0285
 4537.720 -0.0041 -0.0302
 4537.740 -0.0050 -0.0306
 4537.760 -0.0051 -0.0304
 4537.780 -0.0042 -0.0312
 4537.800 -0.0013 -0.0322
 4537.820  0.0033 -0.0317
 4537.840  0.0064 -0.0291
 4537.860  0.0064 -0.0257
 4537.880  0.0055 -0.0236
 4537.900  0.0058 -0.0242
 4537.920  0.0054 -0.0268
 4537.940  0.0014 -0.0295
 4537.960 -0.0047 -0.0313
 4537.980 -0.0081 -0.0320
 4538.000 -0.0074 -0.0309
 4538.020 -0.0054 -0.0282
 4538.040 -0.0049 -0.0257
 4538.060 -0.0057 -0.0241
 4538.080 -0.0074 -0.0229
 4538.100 -0.0094 -0.0234
 4538.120 -0.0100 -0.0277
 4538.140 -0.0068 -0.0331
 4538.160 -0.0009 -0.0345
 4538.180  0.0034 -0.0312
 4538.200  0.0033 -0.0274
 4538.220  0.0005 -0.0262
 4538.240 -0.0012 -0.0280
 4538.260 -0.0001 -0.0316
 4538.280  0.0020 -0.0334
 4538.300  0.0027 -0.0313
 4538.320  0.0007 -0.0279
 4538.340 -0.0028 -0.0265
 4538.360 -0.0052 -0.0264
 4538.380 -0.0046 -0.0255
 4538.400 -0.0025 -0.0245
 4538.420 -0.0020 -0.0252
 4538.440 -0.0044 -0.0275
 4538.460 -0.0068 -0.0297
 4538.480 -0.0062 -0.0301
 4538.500 -0.0032 -0.0292
 4538.520 -0.0009 -0.0283
 4538.540 -0.0003 -0.0276
 4538.560  0.0007 -0.0264
 4538.580  0.0024 -0.0261
 4538.600  0.0026 -0.0274
 4538.620  0.0006 -0.0284
 4538.640 -0.0008 -0.0270
 4538.660  0.0000 -0.0246
 4538.680  0.0008 -0.0235
 4538.700  0.0004 -0.0238
 4538.720  0.0006 -0.0250
 4538.740  0.0010 -0.0268
 4538.760 -0.0015 -0.0279
 4538.780 -0.0057 -0.0278
 4538.800 -0.0050 -0.0277
 4538.820  0.0028 -0.0286
 4538.840  0.0098 -0.0301
 4538.860  0.0089 -0.0316
 4538.880  0.0021 -0.0337
 4538.900 -0.0039 -0.0358
 4538.920 -0.0068 -0.0357
 4538.940 -0.0074 -0.0324
 4538.960 -0.0059 -0.0279
 4538.980 -0.0027 -0.0248
 4539.000  0.0000 -0.0240
 4539.020  0.0013 -0.0252
 4539.040  0.0013 -0.0274
 4539.060 -0.0006 -0.0288
 4539.080 -0.0039 -0.0286
 4539.100 -0.0050 -0.0273
 4539.120 -0.0019 -0.0255
 4539.140  0.0014 -0.0240
 4539.160  0.0009 -0.0248
 4539.180 -0.0019 -0.0273
 4539.200 -0.0038 -0.0280
 4539.220 -0.0057 -0.0261
 4539.240 -0.0082 -0.0247
 4539.260 -0.0081 -0.0253
 4539.280 -0.0044 -0.0258
 4539.300 -0.0013 -0.0262
 4539.320 -0.0020 -0.0283
 4539.340 -0.0044 -0.0308
 4539.360 -0.0061 -0.0310
 4539.380 -0.0071 -0.0289
 4539.400 -0.0066 -0.0262
 4539.420 -0.0038 -0.0248
 4539.440 -0.0014 -0.0264
 4539.460 -0.0024 -0.0296
 4539.480 -0.0039 -0.0310
 4539.500 -0.0021 -0.0309
 4539.520 -0.0005 -0.0318
 4539.540 -0.0038 -0.0323
 4539.560 -0.0094 -0.0292
 4539.580 -0.0102 -0.0233
 4539.600 -0.0063 -0.0184
 4539.620 -0.0029 -0.0178
 4539.640 -0.0014 -0.0229
 4539.660  0.0008 -0.0301
 4539.680  0.0028 -0.0335
 4539.700  0.0014 -0.0318
 4539.720 -0.0025 -0.0306
 4539.740 -0.0047 -0.0325
 4539.760 -0.0043 -0.0340
 4539.780 -0.0033 -0.0333
 4539.800 -0.0031 -0.0320
 4539.820 -0.0035 -0.0305
 4539.840 -0.0048 -0.0283
 4539.860 -0.0068 -0.0267
 4539.880 -0.0075 -0.0271
 4539.900 -0.0062 -0.0283
 4539.920 -0.0047 -0.0284
 4539.940 -0.0042 -0.0282
 4539.960 -0.0036 -0.0290
 4539.980 -0.0022 -0.0299
 4540.000 -0.0022 -0.0291
 4540.020 -0.0049 -0.0272
 4540.040 -0.0072 -0.0262
 4540.060 -0.0059 -0.0264
 4540.080 -0.0024 -0.0264
 4540.100 -0.0004 -0.0262
 4540.120 -0.0002 -0.0277
 4540.140 -0.0002 -0.0307
 4540.160 -0.0006 -0.0320
 4540.180 -0.0026 -0.0300
 4540.200 -0.0038 -0.0269
 4540.220 -0.0024 -0.0258
 4540.240 -0.0013 -0.0270
 4540.260 -0.0036 -0.0294
 4540.280 -0.0064 -0.0318
 4540.300 -0.0054 -0.0322
 4540.320 -0.0030 -0.0292
 4540.340 -0.0038 -0.0259
 4540.360 -0.0058 -0.0260
 4540.380 -0.0041 -0.0282
 4540.400 -0.0006 -0.0289
 4540.420 -0.0006 -0.0284
 4540.440 -0.0041 -0.0289
 4540.460 -0.0069 -0.0306
 4540.480 -0.0078 -0.0324
 4540.500 -0.0081 -0.0325
 4540.520 -0.0076 -0.0295
 4540.540 -0.0060 -0.0256
 4540.560 -0.0052 -0.0260
 4540.580 -0.0059 -0.0300
 4540.600 -0.0056 -0.0317
 4540.620 -0.0029 -0.0299
 4540.640  0.0002 -0.0281
 4540.660  0.0018 -0.0271
 4540.680  0.0021 -0.0258
 4540.700  0.0019 -0.0251
 4540.720  0.0009 -0.0254
 4540.740 -0.0002 -0.0243
 4540.760 -0.0007 -0.0223
 4540.780 -0.0010 -0.0226
 4540.800 -0.0028 -0.0250
 4540.820 -0.0052 -0.0263
 4540.840 -0.0060 -0.0254
 4540.860 -0.0042 -0.0235
 4540.880 -0.0020 -0.0217
 4540.900 -0.0015 -0.0217
 4540.920 -0.0029 -0.0234
 4540.940 -0.0038 -0.0238
 4540.960 -0.0030 -0.0213
 4540.980 -0.0031 -0.0185
 4541.000 -0.0060 -0.0186
 4541.020 -0.0088 -0.0215
 4541.040 -0.0075 -0.0251
 4541.060 -0.0037 -0.0273
 4541.080 -0.0017 -0.0270
 4541.100 -0.0018 -0.0243
 4541.120 -0.0014 -0.0213
 4541.140 -0.0013 -0.0213
 4541.160 -0.0044 -0.0251
 4541.180 -0.0085 -0.0285
 4541.200 -0.0087 -0.0279
 4541.220 -0.0046 -0.0255
 4541.240 -0.0015 -0.0252
 4541.260 -0.0025 -0.0266
 4541.280 -0.0057 -0.0275
 4541.300 -0.0078 -0.0275
 4541.320 -0.0076 -0.0277
 4541.340 -0.0053 -0.0280
 4541.360 -0.0026 -0.0283
 4541.380 -0.0006 -0.0283
 4541.400  0.0010 -0.0274
 4541.420  0.0024 -0.0267
 4541.440  0.0021 -0.0273
 4541.460 -0.0004 -0.0283
 4541.480 -0.0025 -0.0285
 4541.500 -0.0017 -0.0285
 4541.520  0.0000 -0.0286
 4541.540 -0.0007 -0.0274
 4541.560 -0.0042 -0.0243
 4541.580 -0.0083 -0.0216
 4541.600 -0.0110 -0.0209
 4541.620 -0.0107 -0.0217
 4541.640 -0.0069 -0.0223
 4541.660 -0.0029 -0.0227
 4541.680 -0.0026 -0.0239
 4541.700 -0.0053 -0.0266
 4541.720 -0.0070 -0.0300
 4541.740 -0.0061 -0.0326
 4541.760 -0.0050 -0.0330
 4541.780 -0.0050 -0.0313
 4541.800 -0.0054 -0.0294
 4541.820 -0.0058 -0.0293
 4541.840 -0.0057 -0.0298
 4541.860 -0.0033 -0.0284
 4541.880  0.0015 -0.0257
 4541.900  0.0038 -0.0252
 4541.920  0.0008 -0.0276
 4541.940 -0.0033 -0.0307
 4541.960 -0.0022 -0.0325
 4541.980  0.0034 -0.0335
 4542.000  0.0067 -0.0336
 4542.020  0.0047 -0.0312
 4542.040  0.0012 -0.0262
 4542.060  0.0002 -0.0235
 4542.080  0.0012 -0.0269
 4542.100  0.0024 -0.0323
 4542.120  0.0034 -0.0342
 4542.140  0.0036 -0.0334
 4542.160  0.0019 -0.0325
 4542.180 -0.0008 -0.0302
 4542.200 -0.0014 -0.0260
 4542.220  0.0004 -0.0236
 4542.240  0.0011 -0.0243
 4542.260 -0.0008 -0.0263
 4542.280 -0.0022 -0.0288
 4542.300 -0.0017 -0.0304
 4542.320 -0.0021 -0.0287
 4542.340 -0.0041 -0.0258
 4542.360 -0.0047 -0.0255
 4542.380 -0.0027 -0.0263
 4542.400 -0.0018 -0.0261
 4542.420 -0.0040 -0.0277
 4542.440 -0.0064 -0.0330
 4542.460 -0.0067 -0.0374
 4542.480 -0.0064 -0.0366
 4542.500 -0.0069 -0.0328
 4542.520 -0.0070 -0.0296
 4542.540 -0.0059 -0.0278
 4542.560 -0.0047 -0.0272
 4542.580 -0.0036 -0.0277
 4542.600 -0.0018 -0.0285
 4542.620  0.0000 -0.0278
 4542.640  0.0001 -0.0250
 4542.660 -0.0011 -0.0224
 4542.680 -0.0020 -0.0236
 4542.700 -0.0022 -0.0275
 4542.720 -0.0014 -0.0296
 4542.740  0.0004 -0.0294
 4542.760  0.0018 -0.0301
 4542.780  0.0016 -0.0316
 4542.800  0.0008 -0.0309
 4542.820  0.0005 -0.0288
 4542.840 -0.0003 -0.0280
 4542.860 -0.0027 -0.0288
 4542.880 -0.0045 -0.0302
 4542.900 -0.0039 -0.0316
 4542.920 -0.0029 -0.0319
 4542.940 -0.0040 -0.0292
 4542.960 -0.0055 -0.0241
 4542.980 -0.0048 -0.0189
 4543.000 -0.0034 -0.0156
 4543.020 -0.0034 -0.0143
 4543.040 -0.0043 -0.0141
 4543.060 -0.0043 -0.0148
 4543.080 -0.0035 -0.0169
 4543.100 -0.0029 -0.0202
 4543.120 -0.0028 -0.0231
 4543.140 -0.0031 -0.0250
 4543.160 -0.0036 -0.0270
 4543.180 -0.0033 -0.0305
 4543.200 -0.0021 -0.0342
 4543.220 -0.0014 -0.0351
 4543.240 -0.0012 -0.0330
 4543.260 -0.0010 -0.0304
 4543.280 -0.0020 -0.0285
 4543.300 -0.0054 -0.0262
 4543.320 -0.0086 -0.0251
 4543.340 -0.0075 -0.0279
 4543.360 -0.0034 -0.0317
 4543.380 -0.0016 -0.0312
 4543.400 -0.0037 -0.0269
 4543.420 -0.0058 -0.0224
 4543.440 -0.0054 -0.0190
 4543.460 -0.0041 -0.0174
 4543.480 -0.0037 -0.0196
 4543.500 -0.0030 -0.0248
 4543.520 -0.0007 -0.0291
 4543.540  0.0017 -0.0311
 4543.560  0.0011 -0.0307
 4543.580 -0.0027 -0.0271
 4543.600 -0.0050 -0.0223
 4543.620 -0.0015 -0.0208
 4543.640  0.0053 -0.0242
 4543.660  0.0083 -0.0295
 4543.680  0.0051 -0.0320
 4543.700 -0.0001 -0.0305
 4543.720 -0.0035 -0.0283
 4543.740 -0.0058 -0.0287
 4543.760 -0.0071 -0.0294
 4543.780 -0.0055 -0.0277
 4543.800 -0.0009 -0.0264
 4543.820  0.0031 -0.0280
 4543.840  0.0040 -0.0294
 4543.860  0.0025 -0.0298
 4543.880 -0.0006 -0.0315
 4543.900 -0.0045 -0.0324
 4543.920 -0.0070 -0.0291
 4543.940 -0.0064 -0.0256
 4543.960 -0.0049 -0.0258
 4543.980 -0.0049 -0.0262
 4544.000 -0.0047 -0.0251
 4544.020 -0.0027 -0.0257
 4544.040 -0.0008 -0.0276
 4544.060 -0.0014 -0.0271
 4544.080 -0.0032 -0.0247
 4544.100 -0.0037 -0.0242
 4544.120 -0.0026 -0.0267
 4544.140 -0.0011 -0.0303
 4544.160  0.0007 -0.0321
 4544.180  0.0020 -0.0307
 4544.200  0.0013 -0.0283
 4544.220 -0.0014 -0.0271
 4544.240 -0.0027 -0.0251
 4544.260  0.0001 -0.0214
 4544.280  0.0053 -0.0218
 4544.300  0.0086 -0.0289
 4544.320  0.0083 -0.0356
 4544.340  0.0057 -0.0350
 4544.360  0.0015 -0.0292
 4544.380 -0.0042 -0.0243
 4544.400 -0.0090 -0.0236
 4544.420 -0.0099 -0.0260
 4544.440 -0.0065 -0.0279
 4544.460 -0.0018 -0.0283
 4544.480  0.0018 -0.0286
 4544.500  0.0040 -0.0290
 4544.520  0.0034 -0.0296
 4544.540 -0.0006 -0.0334
 4544.560 -0.0046 -0.0398
 4544.580 -0.0043 -0.0426
 4544.600 -0.0013 -0.0401
 4544.620 -0.0005 -0.0361
 4544.640 -0.0028 -0.0323
 4544.660 -0.0055 -0.0276
 4544.680 -0.0075 -0.0238
 4544.700 -0.0086 -0.0230
 4544.720 -0.0062 -0.0250
 4544.740  0.0007 -0.0293
 4544.760  0.0070 -0.0335
 4544.780  0.0073 -0.0333
 4544.800  0.0034 -0.0283
 4544.820  0.0004 -0.0233
 4544.840 -0.0010 -0.0214
 4544.860 -0.0024 -0.0216
 4544.880 -0.0031 -0.0235
 4544.900 -0.0016 -0.0269
 4544.920  0.0009 -0.0286
 4544.940  0.0024 -0.0272
 4544.960  0.0027 -0.0257
 4544.980  0.0021 -0.0262
 4545.000  0.0011 -0.0264
 4545.020  0.0006 -0.0255
 4545.040  0.0006 -0.0263
 4545.060 -0.0007 -0.0306
 4545.080 -0.0030 -0.0335
 4545.100 -0.0035 -0.0309
 4545.120 -0.0024 -0.0266
 4545.140 -0.0030 -0.0256
 4545.160 -0.0050 -0.0264
 4545.180 -0.0049 -0.0268
 4545.200 -0.0030 -0.0273
 4545.220 -0.0029 -0.0278
 4545.240 -0.0039 -0.0264
 4545.260 -0.0018 -0.0240
 4545.280  0.0018 -0.0244
 4545.300 -0.0001 -0.0273
 4545.320 -0.0075 -0.0280
 4545.340 -0.0119 -0.0259
 4545.360 -0.0090 -0.0256
 4545.380 -0.0042 -0.0294
 4545.400 -0.0028 -0.0338
 4545.420 -0.0035 -0.0353
 4545.440 -0.0023 -0.0355
 4545.460  0.0007 -0.0367
 4545.480  0.0019 -0.0362
 4545.500 -0.0003 -0.0315
 4545.520 -0.0034 -0.0264
 4545.540 -0.0045 -0.0254
 4545.560 -0.0039 -0.0262
 4545.580 -0.0025 -0.0260
 4545.600  0.0002 -0.0262
 4545.620  0.0036 -0.0262
 4545.640  0.0046 -0.0244
 4545.660  0.0022 -0.0246
 4545.680 -0.0007 -0.0291
 4545.700 -0.0019 -0.0316
 4545.720 -0.0043 -0.0285
 4545.740 -0.0094 -0.0272
 4545.760 -0.0125 -0.0310
 4545.780 -0.0100 -0.0333
 4545.800 -0.0054 -0.0322
 4545.820 -0.0034 -0.0326
 4545.840 -0.0031 -0.0333
 4545.860 -0.0015 -0.0286
 4545.880  0.0006 -0.0215
 4545.900  0.0014 -0.0189
 4545.920  0.0010 -0.0202
 4545.940 -0.0003 -0.0213
 4545.960 -0.0030 -0.0231
 4545.980 -0.0054 -0.0269
 4546.000 -0.0050 -0.0291
 4546.020 -0.0036 -0.0274
 4546.040 -0.0045 -0.0257
 4546.060 -0.0066 -0.0270
 4546.080 -0.0060 -0.0282
 4546.100 -0.0029 -0.0267
 4546.120 -0.0007 -0.0251
 4546.140 -0.0011 -0.0264
 4546.160 -0.0029 -0.0285
 4546.180 -0.0044 -0.0293
 4546.200 -0.0042 -0.0303
 4546.220 -0.0027 -0.0325
 4546.240 -0.0024 -0.0333
 4546.260 -0.0049 -0.0316
 4546.280 -0.0074 -0.0306
 4546.300 -0.0066 -0.0319
 4546.320 -0.0033 -0.0330
 4546.340 -0.0006 -0.0310
 4546.360  0.0010 -0.0263
 4546.380  0.0027 -0.0223
 4546.400  0.0033 -0.0222
 4546.420  0.0018 -0.0254
 4546.440 -0.0005 -0.0289
 4546.460 -0.0017 -0.0311
 4546.480 -0.0018 -0.0323
 4546.500 -0.0011 -0.0318
 4546.520 -0.0007 -0.0289
 4546.540 -0.0022 -0.0260
 4546.560 -0.0047 -0.0263
 4546.580 -0.0045 -0.0296
 4546.600 -0.0012 -0.0320
 4546.620  0.0003 -0.0314
 4546.640 -0.0028 -0.0289
 4546.660 -0.0068 -0.0260
 4546.680 -0.0071 -0.0237
 4546.700 -0.0048 -0.0230
 4546.720 -0.0027 -0.0253
 4546.740 -0.0011 -0.0293
 4546.760  0.0006 -0.0314
 4546.780  0.0023 -0.0290
 4546.800  0.0043 -0.0239
 4546.820  0.0068 -0.0191
 4546.840  0.0072 -0.0169
 4546.860  0.0030 -0.0192
 4546.880 -0.0036 -0.0251
 4546.900 -0.0076 -0.0309
 4546.920 -0.0076 -0.0336
 4546.940 -0.0059 -0.0336
 4546.960 -0.0048 -0.0320
 4546.980 -0.0039 -0.0292
 4547.000 -0.0022 -0.0281
 4547.020  0.0008 -0.0314
 4547.040  0.0031 -0.0363
 4547.060  0.0018 -0.0378
 4547.080 -0.0027 -0.0365
 4547.100 -0.0062 -0.0351
 4547.120 -0.0064 -0.0331
 4547.140 -0.0058 -0.0298
 4547.160 -0.0059 -0.0286
 4547.180 -0.0049 -0.0307
 4547.200 -0.0030 -0.0320
 4547.220 -0.0037 -0.0302
 4547.240 -0.0068 -0.0268
 4547.260 -0.0063 -0.0241
 4547.280  0.0002 -0.0236
 4547.300  0.0072 -0.0258
 4547.320  0.0092 -0.0290
 4547.340  0.0067 -0.0311
 4547.360  0.0025 -0.0329
 4547.380 -0.0028 -0.0349
 4547.400 -0.0079 -0.0343
 4547.420 -0.0088 -0.0309
 4547.440 -0.0052 -0.0283
 4547.460 -0.0026 -0.0285
 4547.480 -0.0047 -0.0301
 4547.500 -0.0077 -0.0310
 4547.520 -0.0066 -0.0298
 4547.540 -0.0033 -0.0267
 4547.560 -0.0032 -0.0256
 4547.580 -0.0069 -0.0282
 4547.600 -0.0099 -0.0303
 4547.620 -0.0096 -0.0289
 4547.640 -0.0075 -0.0273
 4547.660 -0.0061 -0.0281
 4547.680 -0.0062 -0.0293
 4547.700 -0.0067 -0.0296
 4547.720 -0.0065 -0.0301
 4547.740 -0.0046 -0.0300
 4547.760 -0.0013 -0.0286
 4547.780  0.0020 -0.0277
 4547.800  0.0040 -0.0283
 4547.820  0.0041 -0.0290
 4547.840  0.0017 -0.0292
 4547.860 -0.0021 -0.0299
 4547.880 -0.0043 -0.0312
 4547.900 -0.0031 -0.0318
 4547.920 -0.0005 -0.0305
 4547.940  0.0000 -0.0285
 4547.960 -0.0019 -0.0285
 4547.980 -0.0036 -0.0311
 4548.000 -0.0052 -0.0321
 4548.020 -0.0080 -0.0300
 4548.040 -0.0111 -0.0290
 4548.060 -0.0124 -0.0314
 4548.080 -0.0119 -0.0328
 4548.100 -0.0107 -0.0306
 4548.120 -0.0086 -0.0292
 4548.140 -0.0052 -0.0312
 4548.160 -0.0018 -0.0330
 4548.180  0.0005 -0.0309
 4548.200  0.0026 -0.0271
 4548.220  0.0045 -0.0256
 4548.240  0.0049 -0.0271
 4548.260  0.0033 -0.0282
 4548.280  0.0011 -0.0263
 4548.300 -0.0011 -0.0232
 4548.320 -0.0025 -0.0220
 4548.340 -0.0018 -0.0228
 4548.360  0.0000 -0.0237
 4548.380 -0.0011 -0.0251
 4548.400 -0.0059 -0.0281
 4548.420 -0.0090 -0.0322
 4548.440 -0.0062 -0.0349
 4548.460 -0.0008 -0.0352
 4548.480  0.0015 -0.0334
 4548.500  0.0001 -0.0300
 4548.520 -0.0024 -0.0254
 4548.540 -0.0039 -0.0209
 4548.560 -0.0039 -0.0184
 4548.580 -0.0034 -0.0193
 4548.600 -0.0027 -0.0239
 4548.620 -0.0015 -0.0300
 4548.640  0.0008 -0.0332
 4548.660  0.0018 -0.0321
 4548.680 -0.0008 -0.0304
 4548.700 -0.0042 -0.0305
 4548.720 -0.0041 -0.0303
 4548.740 -0.0015 -0.0289
 4548.760 -0.0007 -0.0301
 4548.780 -0.0007 -0.0345
 4548.800  0.0013 -0.0368
 4548.820  0.0026 -0.0336
 4548.840 -0.0001 -0.0278
 4548.860 -0.0035 -0.0242
 4548.880 -0.0032 -0.0253
 4548.900 -0.0024 -0.0300
 4548.920 -0.0053 -0.0356
 4548.940 -0.0074 -0.0407
 4548.960 -0.0026 -0.0434
 4548.980  0.0055 -0.0398
 4549.000  0.0088 -0.0329
 4549.020  0.0057 -0.0320
 4549.040  0.0002 -0.0366
 4549.060 -0.0053 -0.0361
 4549.080 -0.0086 -0.0300
 4549.100 -0.0075 -0.0257
 4549.120 -0.0038 -0.0243
 4549.140 -0.0025 -0.0248
 4549.160 -0.0047 -0.0289
 4549.180 -0.0074 -0.0331
 4549.200 -0.0090 -0.0316
 4549.220 -0.0095 -0.0279
 4549.240 -0.0084 -0.0284
 4549.260 -0.0063 -0.0318
 4549.280 -0.0048 -0.0330
 4549.300 -0.0028 -0.0316
 4549.320  0.0027 -0.0298
 4549.340  0.0097 -0.0301
 4549.360  0.0123 -0.0339
 4549.380  0.0099 -0.0366
 4549.400  0.0068 -0.0320
 4549.420  0.0038 -0.0245
 4549.440 -0.0012 -0.0237
 4549.460 -0.0059 -0.0282
 4549.480 -0.0056 -0.0301
 4549.500 -0.0021 -0.0283
 4549.520 -0.0007 -0.0264
 4549.540 -0.0019 -0.0251
 4549.560 -0.0020 -0.0245
 4549.580 -0.0003 -0.0260
 4549.600  0.0007 -0.0288
 4549.620 -0.0003 -0.0307
 4549.640 -0.0025 -0.0312
 4549.660 -0.0042 -0.0295
 4549.680 -0.0030 -0.0266
 4549.700  0.0016 -0.0256
 4549.720  0.0052 -0.0284
 4549.740  0.0037 -0.0317
 4549.760  0.0000 -0.0325
 4549.780 -0.0006 -0.0306
 4549.800  0.0012 -0.0270
 4549.820  0.0006 -0.0240
 4549.840 -0.0021 -0.0245
 4549.860 -0.0028 -0.0283
 4549.880 -0.0011 -0.0312
 4549.900 -0.0005 -0.0306
 4549.920 -0.0022 -0.0292
 4549.940 -0.0046 -0.0301
 4549.960 -0.0060 -0.0326
 4549.980 -0.0064 -0.0337
 4550.000 -0.0057 -0.0333
 4550.020 -0.0044 -0.0326
 4550.040 -0.0038 -0.0307
 4550.060 -0.0037 -0.0266
 4550.080 -0.0032 -0.0225
 4550.100 -0.0015 -0.0205
 4550.120  0.0008 -0.0200
 4550.140  0.0019 -0.0205
 4550.160 -0.0001 -0.0226
 4550.180 -0.0042 -0.0248
 4550.200 -0.0065 -0.0255
 4550.220 -0.0046 -0.0261
 4550.240 -0.0014 -0.0283
 4550.260 -0.0012 -0.0308
 4550.280 -0.0047 -0.0322
 4550.300 -0.0087 -0.0321
 4550.320 -0.0100 -0.0306
 4550.340 -0.0072 -0.0296
 4550.360 -0.0017 -0.0312
 4550.380  0.0030 -0.0332
 4550.400  0.0040 -0.0320
 4550.420  0.0031 -0.0295
 4550.440  0.0038 -0.0299
 4550.460  0.0056 -0.0327
 4550.480  0.0043 -0.0331
 4550.500 -0.0010 -0.0289
 4550.520 -0.0055 -0.0242
 4550.540 -0.0045 -0.0248
 4550.560  0.0008 -0.0298
 4550.580  0.0049 -0.0324
 4550.600  0.0046 -0.0302
 4550.620  0.0019 -0.0273
 4550.640  0.0003 -0.0258
 4550.660  0.0006 -0.0245
 4550.680  0.0001 -0.0242
 4550.700 -0.0026 -0.0251
 4550.720 -0.0058 -0.0255
 4550.740 -0.0071 -0.0263
 4550.760 -0.0056 -0.0298
 4550.780 -0.0022 -0.0325
 4550.800  0.0012 -0.0299
 4550.820  0.0018 -0.0254
 4550.840 -0.0015 -0.0248
 4550.860 -0.0055 -0.0278
 4550.880 -0.0063 -0.0303
 4550.900 -0.0041 -0.0312
 4550.920 -0.0024 -0.0309
 4550.940 -0.0025 -0.0304
 4550.960 -0.0027 -0.0295
 4550.980 -0.0014 -0.0273
 4551.000  0.0000 -0.0248
 4551.020  0.0006 -0.0252
 4551.040  0.0011 -0.0281
 4551.060  0.0022 -0.0298
 4551.080  0.0019 -0.0298
 4551.100 -0.0017 -0.0301
 4551.120 -0.0070 -0.0302
 4551.140 -0.0085 -0.0289
 4551.160 -0.0038 -0.0271
 4551.180  0.0021 -0.0256
 4551.200  0.0028 -0.0247
 4551.220 -0.0011 -0.0252
 4551.240 -0.0032 -0.0267
 4551.260 -0.0015 -0.0273
 4551.280 -0.0003 -0.0281
 4551.300 -0.0024 -0.0295
 4551.320 -0.0048 -0.0289
 4551.340 -0.0047 -0.0265
 4551.360 -0.0028 -0.0268
 4551.380 -0.0015 -0.0304
 4551.400 -0.0011 -0.0320
 4551.420 -0.0017 -0.0299
 4551.440 -0.0039 -0.0273
 4551.460 -0.0068 -0.0259
 4551.480 -0.0083 -0.0253
 4551.500 -0.0070 -0.0254
 4551.520 -0.0036 -0.0263
 4551.540 -0.0006 -0.0272
 4551.560  0.0006 -0.0274
 4551.580  0.0010 -0.0266
 4551.600  0.0022 -0.0261
 4551.620  0.0039 -0.0273
 4551.640  0.0034 -0.0295
 4551.660  0.0005 -0.0304
 4551.680 -0.0025 -0.0298
 4551.700 -0.0042 -0.0286
 4551.720 -0.0053 -0.0265
 4551.740 -0.0057 -0.0236
 4551.760 -0.0048 -0.0222
 4551.780 -0.0037 -0.0235
 4551.800 -0.0043 -0.0257
 4551.820 -0.0046 -0.0263
 4551.840 -0.0025 -0.0254
 4551.860 -0.0004 -0.0247
 4551.880 -0.0015 -0.0257
 4551.900 -0.0031 -0.0274
 4551.920 -0.0006 -0.0282
 4551.940  0.0039 -0.0288
 4551.960  0.0036 -0.0299
 4551.980 -0.0018 -0.0299
 4552.000 -0.0059 -0.0282
 4552.020 -0.0048 -0.0267
 4552.040 -0.0017 -0.0266
 4552.060 -0.0009 -0.0264
 4552.080 -0.0016 -0.0253
 4552.100 -0.0013 -0.0247
 4552.120  0.0001 -0.0258
 4552.140  0.0004 -0.0279
 4552.160 -0.0006 -0.0302
 4552.180 -0.0006 -0.0325
 4552.200  0.0004 -0.0345
 4552.220 -0.0004 -0.0348
 4552.240 -0.0041 -0.0328
 4552.260 -0.0065 -0.0310
 4552.280 -0.0038 -0.0314
 4552.300  0.0011 -0.0326
 4552.320  0.0028 -0.0325
 4552.340  0.0014 -0.0305
 4552.360  0.0001 -0.0263
 4552.380 -0.0011 -0.0215
 4552.400 -0.0039 -0.0200
 4552.420 -0.0070 -0.0230
 4552.440 -0.0069 -0.0271
 4552.460 -0.0047 -0.0297
 4552.480 -0.0036 -0.0307
 4552.500 -0.0034 -0.0312
 4552.520 -0.0017 -0.0324
 4552.540  0.0009 -0.0337
 4552.560  0.0013 -0.0316
 4552.580 -0.0008 -0.0269
 4552.600 -0.0030 -0.0258
 4552.620 -0.0039 -0.0293
 4552.640 -0.0035 -0.0308
 4552.660 -0.0014 -0.0288
 4552.680  0.0019 -0.0279
 4552.700  0.0040 -0.0283
 4552.720  0.0034 -0.0276
 4552.740  0.0015 -0.0268
 4552.760 -0.0005 -0.0267
 4552.780 -0.0028 -0.0263
 4552.800 -0.0052 -0.0264
 4552.820 -0.0058 -0.0272
 4552.840 -0.0034 -0.0260
 4552.860  0.0005 -0.0244
 4552.880  0.0029 -0.0267
 4552.900  0.0022 -0.0295
 4552.920 -0.0009 -0.0288
 4552.940 -0.0027 -0.0284
 4552.960 -0.0006 -0.0308
 4552.980  0.0000  0.0000
 4553.000  0.0000  0.0000
