           0.97    0.95  
          -0.43    0.23  
 4847.000  0.9593 -1.0000
 4847.020 -1.0000 -1.0000
 4847.040 -1.0000 -1.0000
 4847.060 -1.0000 -1.0000
 4847.080 -1.0000 -1.0000
 4847.100 -1.0000 -1.0000
 4847.120 -1.0000 -1.0000
 4847.140 -1.0000 -1.0000
 4847.160 -1.0000 -1.0000
 4847.180 -1.0000 -1.0000
 4847.200 -1.0000 -1.0000
 4847.220 -1.0000 -1.0000
 4847.240 -1.0000 -1.0000
 4847.260 -1.0000 -1.0000
 4847.280 -1.0000 -1.0000
 4847.300 -1.0000 -1.0000
 4847.320 -1.0000 -1.0000
 4847.340 -1.0000 -1.0000
 4847.360 -1.0000 -1.0000
 4847.380 -1.0000 -1.0000
 4847.400 -1.0000 -1.0000
 4847.420 -1.0000 -1.0000
 4847.440 -1.0000 -1.0000
 4847.460 -1.0000 -1.0000
 4847.480 -1.0000 -1.0000
 4847.500 -1.0000 -1.0000
 4847.520 -1.0000 -1.0000
 4847.540  0.9667 -1.0000
 4847.560  0.9689 -1.0000
 4847.580  0.9695  0.9595
 4847.600  0.9694  0.9658
 4847.620  0.9694  0.9694
 4847.640  0.9692  0.9693
 4847.660  0.9691  0.9651
 4847.680  0.9697  0.9589
 4847.700  0.9711  0.9550
 4847.720  0.9737  0.9565
 4847.740  0.9766  0.9613
 4847.760  0.9768  0.9656
 4847.780  0.9735  0.9684
 4847.800  0.9693  0.9700
 4847.820  0.9671  0.9701
 4847.840  0.9665  0.9689
 4847.860  0.9650  0.9668
 4847.880  0.9629  0.9647
 4847.900  0.9610  0.9640
 4847.920  0.9601  0.9655
 4847.940  0.9625  0.9685
 4847.960  0.9699  0.9730
 4847.980  0.9795  0.9779
 4848.000  0.9849  0.9780
 4848.020  0.9827  0.9703
 4848.040  0.9769  0.9597
 4848.060  0.9731  0.9521
 4848.080  0.9719  0.9468
 4848.100  0.9713  0.9442
 4848.120  0.9716  0.9475
 4848.140  0.9734  0.9548
 4848.160  0.9744  0.9599
 4848.180  0.9745  0.9618
 4848.200  0.9761  0.9641
 4848.220  0.9779  0.9673
 4848.240  0.9776  0.9691
 4848.260  0.9762  0.9694
 4848.280  0.9755  0.9687
 4848.300  0.9745  0.9669
 4848.320  0.9727  0.9651
 4848.340  0.9716  0.9660
 4848.360  0.9731  0.9701
 4848.380  0.9760  0.9732
 4848.400  0.9770  0.9712
 4848.420  0.9741  0.9677
 4848.440  0.9684  0.9700
 4848.460  0.9623  0.9773
 4848.480  0.9581  0.9821
 4848.500  0.9569  0.9818
 4848.520  0.9582  0.9810
 4848.540  0.9611  0.9816
 4848.560  0.9634  0.9818
 4848.580  0.9623  0.9817
 4848.600  0.9590  0.9825
 4848.620  0.9571 -1.0000
 4848.640 -1.0000 -1.0000
 4848.660 -1.0000 -1.0000
 4848.680 -1.0000 -1.0000
 4848.700 -1.0000 -1.0000
 4848.720 -1.0000 -1.0000
 4848.740 -1.0000 -1.0000
 4848.760 -1.0000 -1.0000
 4848.780 -1.0000 -1.0000
 4848.800 -1.0000 -1.0000
 4848.820 -1.0000 -1.0000
 4848.840 -1.0000 -1.0000
 4848.860 -1.0000 -1.0000
 4848.880 -1.0000 -1.0000
 4848.900 -1.0000 -1.0000
 4848.920 -1.0000 -1.0000
 4848.940 -1.0000 -1.0000
 4848.960 -1.0000 -1.0000
 4848.980 -1.0000 -1.0000
 4849.000 -1.0000 -1.0000
 4849.020 -1.0000 -1.0000
 4849.040 -1.0000 -1.0000
 4849.060 -1.0000 -1.0000
 4849.080 -1.0000 -1.0000
 4849.100 -1.0000 -1.0000
 4849.120  0.9710 -1.0000
 4849.140  0.9685  0.9440
 4849.160  0.9680  0.9395
 4849.180  0.9690  0.9303
 4849.200  0.9702  0.9185
 4849.220  0.9717  0.9073
 4849.240  0.9731  0.8974
 4849.260  0.9729  0.8908
 4849.280  0.9711  0.8916
 4849.300  0.9696  0.9016
 4849.320  0.9694  0.9177
 4849.340  0.9702  0.9340
 4849.360  0.9703  0.9466
 4849.380  0.9682  0.9538
 4849.400  0.9649  0.9558
 4849.420  0.9626  0.9546
 4849.440  0.9635  0.9533
 4849.460  0.9691  0.9534
 4849.480  0.9767  0.9529
 4849.500  0.9794  0.9503
 4849.520  0.9746  0.9488
 4849.540  0.9654  0.9510
 4849.560  0.9545  0.9551
 4849.580  0.9444  0.9585
 4849.600  0.9397  0.9603
 4849.620  0.9418  0.9594
 4849.640  0.9478  0.9569
 4849.660  0.9549  0.9565
 4849.680  0.9620  0.9590
 4849.700  0.9653  0.9601
 4849.720  0.9610  0.9583
 4849.740  0.9527  0.9577
 4849.760  0.9495  0.9593
 4849.780  0.9528  0.9587
 4849.800  0.9524  0.9558
 4849.820  0.9425  0.9556
 4849.840  0.9287  0.9576
 4849.860  0.9173  0.9579
 4849.880  0.9079  0.9577
 4849.900  0.8995  0.9601
 4849.920  0.8970  0.9623
 4849.940  0.9045  0.9618
 4849.960  0.9190  0.9624
 4849.980  0.9344  0.9664
 4850.000  0.9481  0.9693
 4850.020  0.9598  0.9692
 4850.040  0.9677  0.9710
 4850.060  0.9714  0.9752
 4850.080  0.9726  0.9749
 4850.100  0.9729  0.9676
 4850.120  0.9729  0.9603
 4850.140  0.9716  0.9570
 4850.160  0.9691  0.9546
 4850.180  0.9679  0.9512
 4850.200  0.9700  0.9495
 4850.220  0.9737  0.9515
 4850.240  0.9751  0.9553
 4850.260  0.9736 -1.0000
 4850.280 -1.0000 -1.0000
 4850.300 -1.0000 -1.0000
 4850.320 -1.0000 -1.0000
 4850.340 -1.0000 -1.0000
 4850.360 -1.0000 -1.0000
 4850.380 -1.0000 -1.0000
 4850.400 -1.0000 -1.0000
 4850.420 -1.0000 -1.0000
 4850.440 -1.0000 -1.0000
 4850.460 -1.0000 -1.0000
 4850.480 -1.0000 -1.0000
 4850.500 -1.0000 -1.0000
 4850.520 -1.0000 -1.0000
 4850.540 -1.0000 -1.0000
 4850.560 -1.0000 -1.0000
 4850.580 -1.0000 -1.0000
 4850.600 -1.0000 -1.0000
 4850.620 -1.0000 -1.0000
 4850.640 -1.0000 -1.0000
 4850.660 -1.0000 -1.0000
 4850.680  0.9662 -1.0000
 4850.700  0.9717  0.9639
 4850.720  0.9741  0.9608
 4850.740  0.9703  0.9607
 4850.760  0.9634  0.9644
 4850.780  0.9577  0.9680
 4850.800  0.9537  0.9701
 4850.820  0.9507  0.9716
 4850.840  0.9482  0.9701
 4850.860  0.9454  0.9644
 4850.880  0.9428  0.9583
 4850.900  0.9441  0.9558
 4850.920  0.9527  0.9547
 4850.940  0.9645  0.9502
 4850.960  0.9711  0.9421
 4850.980  0.9704  0.9333
 4851.000  0.9665  0.9245
 4851.020  0.9632  0.9171
 4851.040  0.9629  0.9169
 4851.060  0.9669  0.9254
 4851.080  0.9725  0.9355
 4851.100  0.9753  0.9408
 4851.120  0.9746  0.9432
 4851.140  0.9730  0.9471
 4851.160  0.9721  0.9515
 4851.180  0.9721  0.9533
 4851.200  0.9723  0.9532
 4851.220  0.9721  0.9538
 4851.240  0.9723  0.9556
 4851.260  0.9736  0.9584
 4851.280  0.9753  0.9621
 4851.300  0.9766  0.9648
 4851.320  0.9772  0.9645
 4851.340  0.9773  0.9621
 4851.360  0.9779  0.9605
 4851.380  0.9793  0.9609
 4851.400  0.9809  0.9634
 4851.420  0.9824  0.9686
 4851.440  0.9831  0.9733
 4851.460  0.9812  0.9720
 4851.480  0.9771  0.9654
 4851.500  0.9732  0.9608
 4851.520  0.9715  0.9622
 4851.540  0.9730  0.9667
 4851.560  0.9754  0.9698
 4851.580  0.9737  0.9710
 4851.600  0.9658  0.9724
 4851.620  0.9554  0.9750
 4851.640  0.9486  0.9777
 4851.660  0.9485  0.9805
 4851.680  0.9519  0.9828
 4851.700  0.9554 -1.0000
 4851.720  0.9611 -1.0000
 4851.740  0.9704 -1.0000
 4851.760  0.9771 -1.0000
 4851.780  0.9748 -1.0000
 4851.800  0.9666 -1.0000
 4851.820  0.9608 -1.0000
 4851.840  0.9597 -1.0000
 4851.860  0.9603 -1.0000
 4851.880  0.9612 -1.0000
 4851.900 -1.0000 -1.0000
 4851.920 -1.0000 -1.0000
 4851.940 -1.0000 -1.0000
 4851.960 -1.0000 -1.0000
 4851.980 -1.0000 -1.0000
 4852.000 -1.0000 -1.0000
 4852.020 -1.0000 -1.0000
 4852.040 -1.0000 -1.0000
 4852.060 -1.0000 -1.0000
 4852.080 -1.0000 -1.0000
 4852.100 -1.0000 -1.0000
 4852.120 -1.0000 -1.0000
 4852.140 -1.0000 -1.0000
 4852.160 -1.0000 -1.0000
 4852.180 -1.0000 -1.0000
 4852.200 -1.0000 -1.0000
 4852.220  0.9524 -1.0000
 4852.240  0.9470  0.8587
 4852.260  0.9433  0.8778
 4852.280  0.9431  0.8974
 4852.300  0.9441  0.9082
 4852.320  0.9459  0.9121
 4852.340  0.9510  0.9188
 4852.360  0.9615  0.9344
 4852.380  0.9745  0.9520
 4852.400  0.9844  0.9597
 4852.420  0.9875  0.9567
 4852.440  0.9860  0.9519
 4852.460  0.9830  0.9503
 4852.480  0.9794  0.9495
 4852.500  0.9760  0.9476
 4852.520  0.9747  0.9464
 4852.540  0.9756  0.9473
 4852.560  0.9759  0.9486
 4852.580  0.9730  0.9478
 4852.600  0.9673  0.9454
 4852.620  0.9608  0.9450
 4852.640  0.9539  0.9486
 4852.660  0.9444  0.9520
 4852.680  0.9283  0.9502
 4852.700  0.9030  0.9443
 4852.720  0.8680  0.9396
 4852.740  0.8248  0.9399
 4852.760  0.7755  0.9459
 4852.780  0.7261  0.9550
 4852.800  0.6893  0.9628
 4852.820  0.6799  0.9666
 4852.840  0.7039  0.9665
 4852.860  0.7549  0.9636
 4852.880  0.8176  0.9605
 4852.900  0.8735  0.9593
 4852.920  0.9101  0.9573
 4852.940  0.9299  0.9466
 4852.960  0.9421  0.9245
 4852.980  0.9517  0.9037
 4853.000  0.9591  0.8990
 4853.020  0.9622  0.9047
 4853.040  0.9598  0.9049
 4853.060  0.9559  0.8983
 4853.080  0.9531  0.8936
 4853.100  0.9496  0.8948
 4853.120  0.9480  0.9026
 4853.140  0.9518  0.9178
 4853.160  0.9564  0.9354
 4853.180  0.9564  0.9479
 4853.200  0.9556  0.9532
 4853.220  0.9587 -1.0000
 4853.240  0.9628 -1.0000
 4853.260  0.9635 -1.0000
 4853.280  0.9607 -1.0000
 4853.300  0.9565 -1.0000
 4853.320  0.9523 -1.0000
 4853.340  0.9493 -1.0000
 4853.360  0.9481 -1.0000
 4853.380  0.9474 -1.0000
 4853.400  0.9475  0.9577
 4853.420  0.9505  0.9580
 4853.440  0.9566  0.9581
 4853.460  0.9625  0.9588
 4853.480  0.9656  0.9593
 4853.500  0.9661  0.9568
 4853.520  0.9650  0.9514
 4853.540  0.9610  0.9455
 4853.560  0.9520  0.9398
 4853.580  0.9388  0.9345
 4853.600  0.9249  0.9328
 4853.620  0.9139  0.9366
 4853.640  0.9077  0.9428
 4853.660  0.9069  0.9492
 4853.680  0.9086  0.9556
 4853.700  0.9071  0.9595
 4853.720  0.9024  0.9593
 4853.740  0.9009  0.9587
 4853.760  0.9069  0.9594
 4853.780  0.9194  0.9584
 4853.800  0.9361  0.9536
 4853.820  0.9541  0.9463
 4853.840  0.9685  0.9377
 4853.860  0.9759  0.9282
 4853.880  0.9768  0.9187
 4853.900  0.9732  0.9106
 4853.920  0.9705  0.9063
 4853.940  0.9731  0.9073
 4853.960  0.9783  0.9123
 4853.980  0.9802  0.9192
 4854.000  0.9783  0.9274
 4854.020  0.9759  0.9365
 4854.040  0.9746  0.9455
 4854.060  0.9724  0.9530
 4854.080  0.9701  0.9566
 4854.100  0.9706  0.9543
 4854.120  0.9724  0.9462
 4854.140  0.9714  0.9334
 4854.160  0.9684  0.9172
 4854.180  0.9655  0.9025
 4854.200  0.9600  0.8956
 4854.220  0.9531  0.8982
 4854.240  0.9514  0.9077
 4854.260  0.9547  0.9184
 4854.280 -1.0000 -1.0000
 4854.300 -1.0000 -1.0000
 4854.320 -1.0000 -1.0000
 4854.340 -1.0000 -1.0000
 4854.360 -1.0000 -1.0000
 4854.380 -1.0000 -1.0000
 4854.400 -1.0000 -1.0000
 4854.420 -1.0000 -1.0000
 4854.440 -1.0000 -1.0000
 4854.460 -1.0000 -1.0000
 4854.480 -1.0000 -1.0000
 4854.500 -1.0000 -1.0000
 4854.520 -1.0000 -1.0000
 4854.540  0.9241  0.9720
 4854.560  0.9126  0.9698
 4854.580  0.9076  0.9666
 4854.600  0.9127  0.9611
 4854.620  0.9200  0.9538
 4854.640  0.9246  0.9473
 4854.660  0.9307  0.9420
 4854.680  0.9410  0.9378
 4854.700  0.9520  0.9360
 4854.720  0.9602  0.9363
 4854.740  0.9639  0.9372
 4854.760  0.9604  0.9394
 4854.780  0.9496  0.9428
 4854.800  0.9351  0.9461
 4854.820  0.9197  0.9490
 4854.840  0.9058  0.9518
 4854.860  0.8989  0.9544
 4854.880  0.9028  0.9578
 4854.900  0.9133  0.9619
 4854.920  0.9253  0.9649
 4854.940  0.9402  0.9694
 4854.960  0.9580  0.9773
 4854.980  0.9709  0.9814
 4855.000  0.9728  0.9724
 4855.020  0.9669  0.9548
 4855.040  0.9627  0.9431
 4855.060  0.9667  0.9433
 4855.080  0.9743  0.9472
 4855.100  0.9792  0.9481
 4855.120  0.9825  0.9477
 4855.140  0.9842  0.9462
 4855.160  0.9800  0.9437
 4855.180  0.9716  0.9447
 4855.200  0.9664  0.9493
 4855.220  0.9665  0.9516
 4855.240  0.9674  0.9510
 4855.260  0.9662  0.9521
 4855.280  0.9648  0.9560
 4855.300  0.9633  0.9595
 4855.320  0.9599  0.9605
 4855.340  0.9566  0.9587
 4855.360  0.9568  0.9562
 4855.380  0.9597  0.9556
 4855.400  0.9620  0.9557
 4855.420  0.9635  0.9537
 4855.440  0.9652  0.9508
 4855.460  0.9646  0.9507
 4855.480  0.9620  0.9545
 4855.500  0.9625  0.9583
 4855.520  0.9664  0.9584
 4855.540  0.9686  0.9575
 4855.560  0.9688  0.9614
 4855.580  0.9708  0.9689
 4855.600  0.9742  0.9721
 4855.620  0.9741  0.9678
 4855.640  0.9700  0.9596
 4855.660  0.9678  0.9506
 4855.680  0.9714  0.9424
 4855.700  0.9762  0.9382
 4855.720  0.9759  0.9389
 4855.740  0.9720 -1.0000
 4855.760 -1.0000 -1.0000
 4855.780 -1.0000 -1.0000
 4855.800 -1.0000 -1.0000
 4855.820 -1.0000 -1.0000
 4855.840 -1.0000 -1.0000
 4855.860 -1.0000 -1.0000
 4855.880 -1.0000 -1.0000
 4855.900 -1.0000 -1.0000
 4855.920 -1.0000 -1.0000
 4855.940 -1.0000 -1.0000
 4855.960 -1.0000 -1.0000
 4855.980 -1.0000 -1.0000
 4856.000 -1.0000 -1.0000
 4856.020 -1.0000 -1.0000
 4856.040 -1.0000 -1.0000
 4856.060 -1.0000 -1.0000
 4856.080 -1.0000 -1.0000
 4856.100 -1.0000 -1.0000
 4856.120 -1.0000 -1.0000
 4856.140  0.9529 -1.0000
 4856.160  0.9561  0.9501
 4856.180  0.9604  0.9501
 4856.200  0.9625  0.9517
 4856.220  0.9610  0.9519
 4856.240  0.9582  0.9495
 4856.260  0.9562  0.9488
 4856.280  0.9535  0.9517
 4856.300  0.9484  0.9537
 4856.320  0.9420  0.9523
 4856.340  0.9371  0.9509
 4856.360  0.9352  0.9525
 4856.380  0.9365  0.9536
 4856.400  0.9396  0.9492
 4856.420  0.9412  0.9382
 4856.440  0.9383  0.9217
 4856.460  0.9319  0.9003
 4856.480  0.9261  0.8728
 4856.500  0.9239  0.8391
 4856.520  0.9262  0.8058
 4856.540  0.9329  0.7864
 4856.560  0.9426  0.7927
 4856.580  0.9520  0.8227
 4856.600  0.9588  0.8614
 4856.620  0.9619  0.8933
 4856.640  0.9596  0.9129
 4856.660  0.9524  0.9236
 4856.680  0.9432  0.9298
 4856.700  0.9331  0.9347
 4856.720  0.9235  0.9389
 4856.740  0.9225  0.9418
 4856.760  0.9371  0.9459
 4856.780  0.9589  0.9538
 4856.800  0.9716  0.9621
 4856.820  0.9716  0.9644
 4856.840  0.9667  0.9609
 4856.860  0.9609  0.9548
 4856.880  0.9545  0.9473
 4856.900  0.9506  0.9414
 4856.920  0.9524  0.9420
 4856.940  0.9583  0.9489
 4856.960  0.9649  0.9594
 4856.980  0.9716  0.9728
 4857.000  0.9772  0.9838
 4857.020  0.9763  0.9815
 4857.040  0.9655  0.9667
 4857.060  0.9496  0.9564
 4857.080  0.9363  0.9617
 4857.100  0.9233  0.9727
 4857.120  0.9013  0.9768
 4857.140  0.8691  0.9772
 4857.160  0.8357  0.9806
 4857.180  0.8097  0.9829
 4857.200  0.7959  0.9798
 4857.220  0.7943  0.9753
 4857.240 -1.0000 -1.0000
 4857.260 -1.0000 -1.0000
 4857.280 -1.0000 -1.0000
 4857.300 -1.0000 -1.0000
 4857.320 -1.0000 -1.0000
 4857.340 -1.0000 -1.0000
 4857.360 -1.0000 -1.0000
 4857.380 -1.0000 -1.0000
 4857.400 -1.0000 -1.0000
 4857.420 -1.0000 -1.0000
 4857.440 -1.0000 -1.0000
 4857.460 -1.0000 -1.0000
 4857.480 -1.0000 -1.0000
 4857.500 -1.0000 -1.0000
 4857.520 -1.0000 -1.0000
 4857.540 -1.0000 -1.0000
 4857.560 -1.0000 -1.0000
 4857.580 -1.0000 -1.0000
 4857.600 -1.0000 -1.0000
 4857.620 -1.0000 -1.0000
 4857.640 -1.0000 -1.0000
 4857.660 -1.0000 -1.0000
 4857.680 -1.0000 -1.0000
 4857.700 -1.0000 -1.0000
 4857.720 -1.0000 -1.0000
 4857.740 -1.0000 -1.0000
 4857.760 -1.0000 -1.0000
 4857.780 -1.0000 -1.0000
 4857.800 -1.0000 -1.0000
 4857.820  0.9643  0.9202
 4857.840  0.9665  0.9273
 4857.860  0.9672  0.9358
 4857.880  0.9667  0.9433
 4857.900  0.9687  0.9489
 4857.920  0.9728  0.9514
 4857.940  0.9740  0.9496
 4857.960  0.9720  0.9448
 4857.980  0.9703  0.9378
 4858.000  0.9687  0.9273
 4858.020  0.9664  0.9156
 4858.040  0.9643  0.9071
 4858.060  0.9646  0.9039
 4858.080  0.9668  0.9059
 4858.100  0.9674  0.9134
 4858.120  0.9653  0.9254
 4858.140  0.9640  0.9377
 4858.160  0.9652  0.9463
 4858.180  0.9672  0.9510
 4858.200  0.9690  0.9528
 4858.220  0.9706  0.9523
 4858.240  0.9719  0.9493
 4858.260  0.9722  0.9447
 4858.280  0.9728  0.9415
 4858.300  0.9748  0.9419
 4858.320  0.9763  0.9448
 4858.340  0.9729  0.9482
 4858.360  0.9648  0.9536
 4858.380  0.9582  0.9616
 4858.400  0.9562  0.9671
 4858.420  0.9545  0.9655
 4858.440  0.9500  0.9619
 4858.460  0.9462  0.9619
 4858.480  0.9475  0.9624
 4858.500  0.9531  0.9593
 4858.520  0.9602  0.9557
 4858.540  0.9675  0.9545
 4858.560  0.9743  0.9546
 4858.580  0.9762  0.9550
 4858.600  0.9697  0.9567
 4858.620  0.9583  0.9595
 4858.640  0.9492  0.9629
 4858.660  0.9442  0.9663
 4858.680  0.9380  0.9682
 4858.700  0.9265  0.9680
 4858.720  0.9086 -1.0000
 4858.740 -1.0000 -1.0000
 4858.760 -1.0000 -1.0000
 4858.780 -1.0000 -1.0000
 4858.800 -1.0000 -1.0000
 4858.820 -1.0000 -1.0000
 4858.840 -1.0000 -1.0000
 4858.860 -1.0000 -1.0000
 4858.880 -1.0000 -1.0000
 4858.900 -1.0000 -1.0000
 4858.920 -1.0000 -1.0000
 4858.940 -1.0000 -1.0000
 4858.960  0.0034 -1.0000
 4858.980 -1.0000 -1.0000
 4859.000 -1.0000 -1.0000
 4859.020 -1.0000 -1.0000
 4859.040 -1.0000 -1.0000
 4859.060 -1.0000 -1.0000
 4859.080 -1.0000 -1.0000
 4859.100 -1.0000 -1.0000
 4859.120 -1.0000 -1.0000
 4859.140 -1.0000 -1.0000
 4859.160 -1.0000 -1.0000
 4859.180 -1.0000 -1.0000
 4859.200 -1.0000 -1.0000
 4859.220 -1.0000 -1.0000
 4859.240  0.9426 -1.0000
 4859.260  0.9447  0.9655
 4859.280  0.9426  0.9612
 4859.300  0.9456  0.9548
 4859.320  0.9507  0.9479
 4859.340  0.9516  0.9435
 4859.360  0.9495  0.9415
 4859.380  0.9496  0.9382
 4859.400  0.9515  0.9336
 4859.420  0.9520  0.9320
 4859.440  0.9517  0.9345
 4859.460  0.9526  0.9390
 4859.480  0.9514  0.9455
 4859.500  0.9458  0.9527
 4859.520  0.9407  0.9555
 4859.540  0.9410  0.9526
 4859.560  0.9447  0.9499
 4859.580  0.9482  0.9517
 4859.600  0.9524  0.9552
 4859.620  0.9587  0.9577
 4859.640  0.9656  0.9584
 4859.660  0.9703  0.9561
 4859.680  0.9717  0.9506
 4859.700  0.9698  0.9441
 4859.720  0.9664  0.9382
 4859.740  0.9654  0.9351
 4859.760  0.9684  0.9375
 4859.780  0.9712  0.9443
 4859.800  0.9695  0.9501
 4859.820  0.9663  0.9529
 4859.840  0.9659  0.9547
 4859.860  0.9662  0.9553
 4859.880  0.9642  0.9555
 4859.900  0.9615  0.9591
 4859.920  0.9597  0.9671
 4859.940  0.9560  0.9732
 4859.960  0.9462  0.9696
 4859.980  0.9306  0.9538
 4860.000  0.9160  0.9332
 4860.020  0.9097  0.9220
 4860.040  0.9130  0.9262
 4860.060  0.9214  0.9388
 4860.080  0.9299  0.9509
 4860.100  0.9352  0.9579
 4860.120  0.9385  0.9573
 4860.140  0.9448  0.9518
 4860.160  0.9547  0.9473
 4860.180  0.9576 -1.0000
 4860.200 -1.0000 -1.0000
 4860.220 -1.0000 -1.0000
 4860.240 -1.0000 -1.0000
 4860.260 -1.0000 -1.0000
 4860.280 -1.0000 -1.0000
 4860.300 -1.0000 -1.0000
 4860.320 -1.0000 -1.0000
 4860.340 -1.0000 -1.0000
 4860.360 -1.0000 -1.0000
 4860.380 -1.0000 -1.0000
 4860.400 -1.0000 -1.0000
 4860.420 -1.0000 -1.0000
 4860.440 -1.0000 -1.0000
 4860.460 -1.0000 -1.0000
 4860.480 -1.0000 -1.0000
 4860.500 -1.0000 -1.0000
 4860.520 -1.0000 -1.0000
 4860.540 -1.0000 -1.0000
 4860.560 -1.0000 -1.0000
 4860.580 -1.0000 -1.0000
 4860.600 -1.0000 -1.0000
 4860.620 -1.0000 -1.0000
 4860.640 -1.0000 -1.0000
 4860.660 -1.0000 -1.0000
 4860.680 -1.0000 -1.0000
 4860.700 -1.0000 -1.0000
 4860.720 -1.0000 -1.0000
 4860.740  0.9277 -1.0000
 4860.760  0.9359 -1.0000
 4860.780  0.9392  0.9479
 4860.800  0.9401  0.9504
 4860.820  0.9380  0.9533
 4860.840  0.9369  0.9532
 4860.860  0.9422  0.9467
 4860.880  0.9525  0.9373
 4860.900  0.9596  0.9335
 4860.920  0.9608  0.9358
 4860.940  0.9662  0.9385
 4860.960  0.9810 -1.0000
 4860.980  0.9934 -1.0000
 4861.000  0.9890 -1.0000
 4861.020  0.9694 -1.0000
 4861.040  0.9542 -1.0000
 4861.060  0.9596 -1.0000
 4861.080  0.9752 -1.0000
 4861.100  0.9806 -1.0000
 4861.120  0.9774  0.9522
 4861.140  0.9774  0.9557
 4861.160  0.9785  0.9570
 4861.180  0.9733  0.9558
 4861.200  0.9655  0.9535
 4861.220  0.9621  0.9489
 4861.240  0.9611  0.9411
 4861.260  0.9575  0.9307
 4861.280  0.9524  0.9175
 4861.300  0.9467  0.9049
 4861.320  0.9387  0.9010
 4861.340  0.9324  0.9077
 4861.360  0.9342  0.9185
 4861.380  0.9417  0.9299
 4861.400  0.9485  0.9426
 4861.420  0.9531  0.9526
 4861.440  0.9565  0.9565
 4861.460  0.9564  0.9584
 4861.480  0.9510  0.9617
 4861.500  0.9441  0.9633
 4861.520  0.9413  0.9616
 4861.540  0.9440  0.9591
 4861.560  0.9501  0.9563
 4861.580  0.9577  0.9509
 4861.600  0.9646  0.9426
 4861.620  0.9684  0.9348
 4861.640  0.9646 -1.0000
 4861.660 -1.0000 -1.0000
 4861.680 -1.0000 -1.0000
 4861.700 -1.0000 -1.0000
 4861.720 -1.0000 -1.0000
 4861.740 -1.0000 -1.0000
 4861.760 -1.0000 -1.0000
 4861.780 -1.0000 -1.0000
 4861.800 -1.0000 -1.0000
 4861.820 -1.0000 -1.0000
 4861.840 -1.0000 -1.0000
 4861.860 -1.0000 -1.0000
 4861.880 -1.0000 -1.0000
 4861.900 -1.0000 -1.0000
 4861.920 -1.0000 -1.0000
 4861.940 -1.0000 -1.0000
 4861.960 -1.0000 -1.0000
 4861.980 -1.0000 -1.0000
 4862.000 -1.0000 -1.0000
 4862.020 -1.0000 -1.0000
 4862.040 -1.0000 -1.0000
 4862.060 -1.0000 -1.0000
 4862.080 -1.0000 -1.0000
 4862.100 -1.0000 -1.0000
 4862.120 -1.0000 -1.0000
 4862.140 -1.0000 -1.0000
 4862.160 -1.0000 -1.0000
 4862.180 -1.0000 -1.0000
 4862.200 -1.0000 -1.0000
 4862.220 -1.0000 -1.0000
 4862.240  0.9247 -1.0000
 4862.260  0.9209 -1.0000
 4862.280  0.9068 -1.0000
 4862.300  0.8893 -1.0000
 4862.320  0.8766 -1.0000
 4862.340  0.8771 -1.0000
 4862.360  0.8908 -1.0000
 4862.380  0.9110 -1.0000
 4862.400  0.9306 -1.0000
 4862.420  0.9456  0.9203
 4862.440  0.9552  0.9225
 4862.460  0.9599  0.9236
 4862.480  0.9620  0.9225
 4862.500  0.9642  0.9226
 4862.520  0.9669  0.9261
 4862.540  0.9678  0.9305
 4862.560  0.9653  0.9341
 4862.580  0.9618  0.9379
 4862.600  0.9611  0.9423
 4862.620  0.9612  0.9473
 4862.640  0.9572  0.9523
 4862.660  0.9513  0.9551
 4862.680  0.9473  0.9562
 4862.700  0.9434  0.9592
 4862.720  0.9385  0.9627
 4862.740  0.9377  0.9614
 4862.760  0.9442  0.9580
 4862.780  0.9539  0.9597
 4862.800  0.9621  0.9648
 4862.820  0.9687  0.9675
 4862.840  0.9698  0.9680
 4862.860  0.9598  0.9674
 4862.880  0.9446  0.9646
 4862.900 -1.0000 -1.0000
 4862.920 -1.0000 -1.0000
 4862.940 -1.0000 -1.0000
 4862.960 -1.0000 -1.0000
 4862.980 -1.0000 -1.0000
 4863.000 -1.0000 -1.0000
 4863.020 -1.0000 -1.0000
 4863.040 -1.0000 -1.0000
 4863.060  0.9252 -1.0000
 4863.080  0.9306 -1.0000
 4863.100  0.9326 -1.0000
 4863.120 -1.0000 -1.0000
 4863.140 -1.0000 -1.0000
 4863.160 -1.0000 -1.0000
 4863.180 -1.0000 -1.0000
 4863.200 -1.0000 -1.0000
 4863.220 -1.0000 -1.0000
 4863.240 -1.0000 -1.0000
 4863.260 -1.0000 -1.0000
 4863.280 -1.0000 -1.0000
 4863.300 -1.0000 -1.0000
 4863.320 -1.0000 -1.0000
 4863.340 -1.0000 -1.0000
 4863.360 -1.0000 -1.0000
 4863.380 -1.0000 -1.0000
 4863.400 -1.0000 -1.0000
 4863.420 -1.0000 -1.0000
 4863.440 -1.0000 -1.0000
 4863.460 -1.0000 -1.0000
 4863.480 -1.0000 -1.0000
 4863.500 -1.0000 -1.0000
 4863.520 -1.0000 -1.0000
 4863.540 -1.0000 -1.0000
 4863.560 -1.0000 -1.0000
 4863.580 -1.0000 -1.0000
 4863.600 -1.0000 -1.0000
 4863.620 -1.0000 -1.0000
 4863.640 -1.0000 -1.0000
 4863.660 -1.0000 -1.0000
 4863.680 -1.0000 -1.0000
 4863.700  0.9369 -1.0000
 4863.720  0.9354  0.9521
 4863.740  0.9314  0.9518
 4863.760  0.9326  0.9473
 4863.780  0.9382  0.9402
 4863.800  0.9467  0.9363
 4863.820  0.9551  0.9367
 4863.840  0.9592  0.9366
 4863.860  0.9594  0.9358
 4863.880  0.9621  0.9384
 4863.900  0.9683  0.9437
 4863.920  0.9716  0.9482
 4863.940  0.9698  0.9521
 4863.960  0.9667  0.9548
 4863.980  0.9645  0.9531
 4864.000  0.9606  0.9487
 4864.020  0.9538  0.9469
 4864.040  0.9476  0.9481
 4864.060  0.9448  0.9498
 4864.080  0.9428  0.9520
 4864.100  0.9368  0.9554
 4864.120  0.9255  0.9579
 4864.140  0.9123  0.9586
 4864.160  0.9031  0.9595
 4864.180  0.9034  0.9617
 4864.200  0.9142  0.9632
 4864.220  0.9304  0.9629
 4864.240  0.9465  0.9633
 4864.260  0.9599  0.9662
 4864.280  0.9682  0.9685
 4864.300  0.9690  0.9680
 4864.320  0.9651  0.9672
 4864.340  0.9627  0.9669
 4864.360  0.9642  0.9647
 4864.380  0.9676  0.9620
 4864.400  0.9692  0.9624
 4864.420  0.9660  0.9627
 4864.440  0.9580  0.9579
 4864.460  0.9501  0.9529
 4864.480  0.9469  0.9551
 4864.500  0.9469  0.9625
 4864.520  0.9461  0.9680
 4864.540  0.9391 -1.0000
 4864.560 -1.0000 -1.0000
 4864.580 -1.0000 -1.0000
 4864.600 -1.0000 -1.0000
 4864.620 -1.0000 -1.0000
 4864.640 -1.0000 -1.0000
 4864.660 -1.0000 -1.0000
 4864.680 -1.0000 -1.0000
 4864.700 -1.0000 -1.0000
 4864.720 -1.0000 -1.0000
 4864.740 -1.0000 -1.0000
 4864.760 -1.0000 -1.0000
 4864.780 -1.0000 -1.0000
 4864.800 -1.0000 -1.0000
 4864.820 -1.0000 -1.0000
 4864.840 -1.0000 -1.0000
 4864.860 -1.0000 -1.0000
 4864.880 -1.0000 -1.0000
 4864.900 -1.0000 -1.0000
 4864.920 -1.0000 -1.0000
 4864.940 -1.0000 -1.0000
 4864.960 -1.0000 -1.0000
 4864.980 -1.0000 -1.0000
 4865.000 -1.0000 -1.0000
 4865.020 -1.0000 -1.0000
 4865.040 -1.0000 -1.0000
 4865.060 -1.0000 -1.0000
 4865.080 -1.0000 -1.0000
 4865.100 -1.0000 -1.0000
 4865.120 -1.0000 -1.0000
 4865.140  0.9349 -1.0000
 4865.160  0.9393  0.9554
 4865.180  0.9416  0.9441
 4865.200  0.9461  0.9315
 4865.220  0.9526  0.9205
 4865.240  0.9601  0.9109
 4865.260  0.9660  0.9043
 4865.280  0.9692  0.9027
 4865.300  0.9716  0.9060
 4865.320  0.9732  0.9126
 4865.340  0.9710  0.9204
 4865.360  0.9659  0.9276
 4865.380  0.9643  0.9341
 4865.400  0.9684  0.9386
 4865.420  0.9727  0.9361
 4865.440  0.9714  0.9261
 4865.460  0.9652  0.9161
 4865.480  0.9587  0.9113
 4865.500  0.9560  0.9100
 4865.520  0.9582  0.9126
 4865.540  0.9639  0.9216
 4865.560  0.9679  0.9337
 4865.580  0.9658  0.9439
 4865.600  0.9584  0.9520
 4865.620  0.9498  0.9579
 4865.640  0.9432  0.9603
 4865.660  0.9407  0.9613
 4865.680  0.9437  0.9634
 4865.700  0.9516  0.9657
 4865.720  0.9611  0.9686
 4865.740  0.9665  0.9723
 4865.760  0.9646  0.9733
 4865.780  0.9583  0.9695
 4865.800  0.9547  0.9649
 4865.820  0.9553  0.9641
 4865.840  0.9564  0.9671
 4865.860  0.9541  0.9717
 4865.880  0.9453  0.9758
 4865.900  0.9311  0.9784
 4865.920  0.9164  0.9813
 4865.940  0.9061  0.9848
 4865.960  0.8969 -1.0000
 4865.980 -1.0000 -1.0000
 4866.000 -1.0000 -1.0000
 4866.020 -1.0000 -1.0000
 4866.040 -1.0000 -1.0000
 4866.060 -1.0000 -1.0000
 4866.080 -1.0000 -1.0000
 4866.100 -1.0000 -1.0000
 4866.120 -1.0000 -1.0000
 4866.140 -1.0000 -1.0000
 4866.160 -1.0000 -1.0000
 4866.180 -1.0000 -1.0000
 4866.200 -1.0000 -1.0000
 4866.220 -1.0000 -1.0000
 4866.240 -1.0000 -1.0000
 4866.260 -1.0000 -1.0000
 4866.280 -1.0000 -1.0000
 4866.300 -1.0000 -1.0000
 4866.320 -1.0000 -1.0000
 4866.340 -1.0000 -1.0000
 4866.360 -1.0000 -1.0000
 4866.380 -1.0000 -1.0000
 4866.400 -1.0000 -1.0000
 4866.420 -1.0000 -1.0000
 4866.440 -1.0000 -1.0000
 4866.460 -1.0000 -1.0000
 4866.480 -1.0000 -1.0000
 4866.500 -1.0000 -1.0000
 4866.520 -1.0000 -1.0000
 4866.540 -1.0000 -1.0000
 4866.560  0.9432 -1.0000
 4866.580  0.9550  0.9406
 4866.600  0.9573  0.9466
 4866.620  0.9559  0.9525
 4866.640  0.9575  0.9588
 4866.660  0.9607  0.9673
 4866.680  0.9605  0.9745
 4866.700 -1.0000 -1.0000
 4866.720 -1.0000 -1.0000
 4866.740 -1.0000 -1.0000
 4866.760 -1.0000 -1.0000
 4866.780 -1.0000 -1.0000
 4866.800 -1.0000 -1.0000
 4866.820 -1.0000 -1.0000
 4866.840 -1.0000 -1.0000
 4866.860 -1.0000 -1.0000
 4866.880  0.9498  0.9514
 4866.900  0.9594  0.9540
 4866.920  0.9652  0.9504
 4866.940  0.9606  0.9432
 4866.960  0.9531  0.9388
 4866.980  0.9525  0.9366
 4867.000  0.9572  0.9356
 4867.020  0.9621  0.9382
 4867.040  0.9670  0.9437
 4867.060  0.9695  0.9490
 4867.080  0.9666  0.9534
 4867.100  0.9622  0.9567
 4867.120  0.9614  0.9585
 4867.140  0.9617  0.9594
 4867.160  0.9574  0.9593
 4867.180  0.9499  0.9579
 4867.200  0.9444  0.9549
 4867.220  0.9434  0.9486
 4867.240  0.9460  0.9385
 4867.260  0.9505  0.9296
 4867.280  0.9560  0.9261
 4867.300  0.9630  0.9258
 4867.320  0.9714  0.9287
 4867.340  0.9776  0.9380
 4867.360  0.9761  0.9498
 4867.380  0.9636 -1.0000
 4867.400 -1.0000 -1.0000
 4867.420 -1.0000 -1.0000
 4867.440 -1.0000 -1.0000
 4867.460 -1.0000 -1.0000
 4867.480 -1.0000 -1.0000
 4867.500 -1.0000 -1.0000
 4867.520 -1.0000 -1.0000
 4867.540 -1.0000 -1.0000
 4867.560 -1.0000 -1.0000
 4867.580 -1.0000 -1.0000
 4867.600 -1.0000 -1.0000
 4867.620 -1.0000 -1.0000
 4867.640 -1.0000 -1.0000
 4867.660 -1.0000 -1.0000
 4867.680 -1.0000 -1.0000
 4867.700 -1.0000 -1.0000
 4867.720 -1.0000 -1.0000
 4867.740 -1.0000 -1.0000
 4867.760 -1.0000 -1.0000
 4867.780 -1.0000 -1.0000
 4867.800 -1.0000 -1.0000
 4867.820 -1.0000 -1.0000
 4867.840 -1.0000 -1.0000
 4867.860 -1.0000 -1.0000
 4867.880 -1.0000 -1.0000
 4867.900 -1.0000 -1.0000
 4867.920 -1.0000 -1.0000
 4867.940 -1.0000 -1.0000
 4867.960  0.9064 -1.0000
 4867.980  0.9087 -1.0000
 4868.000  0.9106 -1.0000
 4868.020  0.9166 -1.0000
 4868.040  0.9259 -1.0000
 4868.060  0.9387  0.9510
 4868.080  0.9509  0.9473
 4868.100  0.9554  0.9424
 4868.120  0.9526  0.9372
 4868.140  0.9501  0.9321
 4868.160  0.9492  0.9288
 4868.180  0.9466  0.9306
 4868.200  0.9435  0.9374
 4868.220  0.9432  0.9441
 4868.240  0.9439  0.9473
 4868.260  0.9441  0.9485
 4868.280  0.9473  0.9490
 4868.300  0.9549  0.9491
 4868.320  0.9605  0.9505
 4868.340  0.9596  0.9528
 4868.360  0.9561  0.9536
 4868.380  0.9546  0.9527
 4868.400  0.9574  0.9514
 4868.420  0.9657  0.9485
 4868.440  0.9747  0.9445
 4868.460  0.9758  0.9406
 4868.480  0.9705  0.9362
 4868.500  0.9681  0.9363
 4868.520  0.9698  0.9478
 4868.540  0.9699  0.9648
 4868.560 -1.0000 -1.0000
 4868.580 -1.0000 -1.0000
 4868.600 -1.0000 -1.0000
 4868.620 -1.0000 -1.0000
 4868.640 -1.0000 -1.0000
 4868.660 -1.0000 -1.0000
 4868.680 -1.0000 -1.0000
 4868.700 -1.0000 -1.0000
 4868.720 -1.0000 -1.0000
 4868.740 -1.0000 -1.0000
 4868.760 -1.0000 -1.0000
 4868.780 -1.0000 -1.0000
 4868.800 -1.0000 -1.0000
 4868.820 -1.0000 -1.0000
 4868.840 -1.0000 -1.0000
 4868.860 -1.0000 -1.0000
 4868.880 -1.0000 -1.0000
 4868.900 -1.0000 -1.0000
 4868.920 -1.0000 -1.0000
 4868.940 -1.0000 -1.0000
 4868.960 -1.0000 -1.0000
 4868.980 -1.0000 -1.0000
 4869.000 -1.0000 -1.0000
 4869.020 -1.0000 -1.0000
 4869.040 -1.0000 -1.0000
 4869.060 -1.0000 -1.0000
 4869.080 -1.0000 -1.0000
 4869.100 -1.0000 -1.0000
 4869.120 -1.0000 -1.0000
 4869.140 -1.0000 -1.0000
 4869.160 -1.0000 -1.0000
 4869.180 -1.0000 -1.0000
 4869.200 -1.0000 -1.0000
 4869.220 -1.0000 -1.0000
 4869.240 -1.0000 -1.0000
 4869.260 -1.0000 -1.0000
 4869.280 -1.0000 -1.0000
 4869.300 -1.0000 -1.0000
 4869.320 -1.0000 -1.0000
 4869.340  0.9440 -1.0000
 4869.360  0.9544  0.9335
 4869.380  0.9590  0.9240
 4869.400  0.9618  0.9165
 4869.420  0.9646  0.9175
 4869.440  0.9659  0.9252
 4869.460  0.9625  0.9338
 4869.480  0.9568  0.9418
 4869.500  0.9538  0.9492
 4869.520  0.9538  0.9529
 4869.540  0.9547  0.9496
 4869.560  0.9557  0.9418
 4869.580  0.9561  0.9362
 4869.600  0.9546  0.9359
 4869.620  0.9514  0.9379
 4869.640  0.9504  0.9373
 4869.660  0.9543  0.9336
 4869.680  0.9604  0.9311
 4869.700  0.9656  0.9336
 4869.720  0.9692  0.9408
 4869.740  0.9700  0.9495
 4869.760  0.9662  0.9550
 4869.780  0.9610  0.9557
 4869.800  0.9596  0.9555
 4869.820  0.9629  0.9579
 4869.840  0.9680  0.9616
 4869.860  0.9722  0.9640
 4869.880  0.9734  0.9664
 4869.900  0.9707  0.9716
 4869.920  0.9667  0.9773
 4869.940  0.9647  0.9783
 4869.960  0.9629  0.9744
 4869.980  0.9589  0.9709
 4870.000  0.9537  0.9705
 4870.020  0.9493  0.9711
 4870.040  0.9446  0.9721
 4870.060  0.9376  0.9742
 4870.080  0.9312  0.9759
 4870.100  0.9307  0.9739
 4870.120  0.9374  0.9696
 4870.140  0.9476 -1.0000
 4870.160  0.9512 -1.0000
 4870.180 -1.0000 -1.0000
 4870.200 -1.0000 -1.0000
 4870.220 -1.0000 -1.0000
 4870.240 -1.0000 -1.0000
 4870.260 -1.0000 -1.0000
 4870.280 -1.0000 -1.0000
 4870.300 -1.0000 -1.0000
 4870.320 -1.0000 -1.0000
 4870.340 -1.0000 -1.0000
 4870.360 -1.0000 -1.0000
 4870.380 -1.0000 -1.0000
 4870.400 -1.0000 -1.0000
 4870.420 -1.0000 -1.0000
 4870.440 -1.0000 -1.0000
 4870.460 -1.0000 -1.0000
 4870.480 -1.0000 -1.0000
 4870.500 -1.0000 -1.0000
 4870.520 -1.0000 -1.0000
 4870.540 -1.0000 -1.0000
 4870.560 -1.0000 -1.0000
 4870.580 -1.0000 -1.0000
 4870.600 -1.0000 -1.0000
 4870.620 -1.0000 -1.0000
 4870.640 -1.0000 -1.0000
 4870.660 -1.0000 -1.0000
 4870.680 -1.0000 -1.0000
 4870.700  0.9659 -1.0000
 4870.720  0.9669  0.9593
 4870.740  0.9635  0.9589
 4870.760  0.9642  0.9577
 4870.780  0.9664  0.9562
 4870.800  0.9660  0.9556
 4870.820  0.9645  0.9558
 4870.840  0.9653  0.9564
 4870.860  0.9671  0.9574
 4870.880  0.9672  0.9580
 4870.900  0.9663  0.9566
 4870.920  0.9660  0.9530
 4870.940  0.9659  0.9499
 4870.960  0.9659  0.9488
 4870.980  0.9667  0.9480
 4871.000  0.9684  0.9465
 4871.020  0.9700  0.9454
 4871.040  0.9693  0.9447
 4871.060  0.9663  0.9420
 4871.080  0.9636  0.9370
 4871.100  0.9632  0.9338
 4871.120  0.9641  0.9358
 4871.140  0.9644  0.9419
 4871.160  0.9639  0.9484
 4871.180  0.9632  0.9531
 4871.200  0.9623  0.9560
 4871.220  0.9607  0.9581
 4871.240  0.9598  0.9597
 4871.260  0.9612  0.9610
 4871.280  0.9649  0.9626
 4871.300  0.9702  0.9640
 4871.320  0.9769  0.9628
 4871.340  0.9816  0.9591
 4871.360  0.9791  0.9573
 4871.380  0.9723  0.9599
 4871.400  0.9696  0.9630
 4871.420  0.9727  0.9635
 4871.440  0.9750  0.9646
 4871.460  0.9741  0.9685
 4871.480  0.9749  0.9715
 4871.500  0.9780  0.9713
 4871.520  0.9798 -1.0000
 4871.540 -1.0000 -1.0000
 4871.560 -1.0000 -1.0000
 4871.580 -1.0000 -1.0000
 4871.600 -1.0000 -1.0000
 4871.620 -1.0000 -1.0000
 4871.640 -1.0000 -1.0000
 4871.660 -1.0000 -1.0000
 4871.680 -1.0000 -1.0000
 4871.700 -1.0000 -1.0000
 4871.720 -1.0000 -1.0000
 4871.740 -1.0000 -1.0000
 4871.760 -1.0000 -1.0000
 4871.780 -1.0000 -1.0000
 4871.800 -1.0000 -1.0000
 4871.820 -1.0000 -1.0000
 4871.840 -1.0000 -1.0000
 4871.860 -1.0000 -1.0000
 4871.880 -1.0000 -1.0000
 4871.900 -1.0000 -1.0000
 4871.920 -1.0000 -1.0000
 4871.940 -1.0000 -1.0000
 4871.960 -1.0000 -1.0000
 4871.980 -1.0000 -1.0000
 4872.000 -1.0000 -1.0000
 4872.020 -1.0000 -1.0000
 4872.040  0.9557 -1.0000
 4872.060  0.9543  0.9232
 4872.080  0.9572  0.9275
 4872.100  0.9621  0.9365
 4872.120  0.9642  0.9449
 4872.140  0.9668  0.9485
 4872.160  0.9719  0.9519
 4872.180  0.9723  0.9582
 4872.200  0.9654 -1.0000
 4872.220 -1.0000 -1.0000
 4872.240 -1.0000 -1.0000
 4872.260 -1.0000 -1.0000
 4872.280 -1.0000 -1.0000
 4872.300 -1.0000 -1.0000
 4872.320 -1.0000 -1.0000
 4872.340 -1.0000 -1.0000
 4872.360 -1.0000 -1.0000
 4872.380 -1.0000 -1.0000
 4872.400  0.9541  0.9524
 4872.420  0.9648  0.9568
 4872.440  0.9715  0.9560
 4872.460  0.9720  0.9544
 4872.480  0.9721  0.9559
 4872.500  0.9721  0.9540
 4872.520  0.9679  0.9459
 4872.540  0.9626  0.9376
 4872.560  0.9605  0.9340
 4872.580  0.9574  0.9381
 4872.600  0.9483  0.9487
 4872.620  0.9358  0.9569
 4872.640  0.9223  0.9565
 4872.660  0.9075  0.9544
 4872.680  0.8979  0.9574
 4872.700  0.9044  0.9626
 4872.720  0.9247  0.9649
 4872.740  0.9446  0.9633
 4872.760  0.9571  0.9584
 4872.780  0.9646  0.9557
 4872.800  0.9674  0.9604
 4872.820  0.9648  0.9677
 4872.840  0.9616  0.9685
 4872.860  0.9627  0.9640
 4872.880  0.9663 -1.0000
 4872.900 -1.0000 -1.0000
 4872.920 -1.0000 -1.0000
 4872.940 -1.0000 -1.0000
 4872.960 -1.0000 -1.0000
 4872.980 -1.0000 -1.0000
 4873.000 -1.0000 -1.0000
 4873.020 -1.0000 -1.0000
 4873.040 -1.0000 -1.0000
 4873.060 -1.0000 -1.0000
 4873.080 -1.0000 -1.0000
 4873.100 -1.0000 -1.0000
 4873.120 -1.0000 -1.0000
 4873.140 -1.0000 -1.0000
 4873.160 -1.0000 -1.0000
 4873.180 -1.0000 -1.0000
 4873.200 -1.0000 -1.0000
 4873.220 -1.0000 -1.0000
 4873.240 -1.0000 -1.0000
 4873.260 -1.0000 -1.0000
 4873.280 -1.0000 -1.0000
 4873.300 -1.0000 -1.0000
 4873.320 -1.0000 -1.0000
 4873.340 -1.0000 -1.0000
 4873.360  0.9682 -1.0000
 4873.380  0.9637  0.9579
 4873.400  0.9599  0.9553
 4873.420  0.9587  0.9528
 4873.440  0.9583  0.9519
 4873.460  0.9566  0.9531
 4873.480  0.9545  0.9555
 4873.500  0.9523  0.9566
 4873.520  0.9485  0.9538
 4873.540  0.9434  0.9483
 4873.560  0.9388  0.9450
 4873.580  0.9361  0.9458
 4873.600  0.9369  0.9470
 4873.620  0.9425  0.9448
 4873.640  0.9507  0.9396
 4873.660  0.9562  0.9320
 4873.680  0.9575  0.9213
 4873.700  0.9594  0.9077
 4873.720  0.9648  0.8961
 4873.740  0.9700  0.8938
 4873.760  0.9718  0.9027
 4873.780  0.9712  0.9164
 4873.800  0.9694  0.9285
 4873.820  0.9662  0.9369
 4873.840  0.9661  0.9419
 4873.860  0.9734  0.9449
 4873.880  0.9808  0.9477
 4873.900  0.9798  0.9495
 4873.920  0.9761  0.9487
 4873.940  0.9776  0.9473
 4873.960  0.9788  0.9470
 4873.980  0.9746  0.9467
 4874.000 -1.0000 -1.0000
 4874.020 -1.0000 -1.0000
 4874.040 -1.0000 -1.0000
 4874.060 -1.0000 -1.0000
 4874.080 -1.0000 -1.0000
 4874.100 -1.0000 -1.0000
 4874.120 -1.0000 -1.0000
 4874.140 -1.0000 -1.0000
 4874.160 -1.0000 -1.0000
 4874.180 -1.0000 -1.0000
 4874.200 -1.0000 -1.0000
 4874.220 -1.0000 -1.0000
 4874.240 -1.0000 -1.0000
 4874.260 -1.0000 -1.0000
 4874.280 -1.0000 -1.0000
 4874.300 -1.0000 -1.0000
 4874.320 -1.0000 -1.0000
 4874.340 -1.0000 -1.0000
 4874.360 -1.0000 -1.0000
 4874.380 -1.0000 -1.0000
 4874.400 -1.0000 -1.0000
 4874.420 -1.0000 -1.0000
 4874.440 -1.0000 -1.0000
 4874.460 -1.0000 -1.0000
 4874.480 -1.0000 -1.0000
 4874.500 -1.0000 -1.0000
 4874.520 -1.0000 -1.0000
 4874.540 -1.0000 -1.0000
 4874.560 -1.0000 -1.0000
 4874.580 -1.0000 -1.0000
 4874.600 -1.0000 -1.0000
 4874.620 -1.0000 -1.0000
 4874.640 -1.0000 -1.0000
 4874.660  0.9131 -1.0000
 4874.680  0.9151  0.9631
 4874.700  0.9187  0.9640
 4874.720  0.9214  0.9639
 4874.740  0.9206  0.9612
 4874.760  0.9180  0.9567
 4874.780  0.9187  0.9526
 4874.800  0.9252  0.9492
 4874.820  0.9343  0.9468
 4874.840  0.9424  0.9470
 4874.860  0.9493  0.9493
 4874.880  0.9560  0.9518
 4874.900  0.9608  0.9538
 4874.920  0.9625  0.9546
 4874.940  0.9640  0.9534
 4874.960  0.9671  0.9536
 4874.980  0.9684  0.9582
 4875.000  0.9661  0.9634
 4875.020  0.9648  0.9641
 4875.040  0.9688  0.9622
 4875.060  0.9749  0.9616
 4875.080  0.9751  0.9625
 4875.100  0.9687  0.9641
 4875.120  0.9620  0.9656
 4875.140  0.9599  0.9647
 4875.160  0.9619  0.9618
 4875.180  0.9660  0.9598
 4875.200  0.9704  0.9591
 4875.220  0.9734  0.9589
 4875.240  0.9743  0.9613
 4875.260  0.9735  0.9647
 4875.280  0.9717  0.9655
 4875.300  0.9713  0.9649
 4875.320  0.9737  0.9660
 4875.340  0.9761  0.9677
 4875.360  0.9744  0.9697
 4875.380  0.9711  0.9735
 4875.400  0.9709  0.9781
 4875.420  0.9733  0.9806
 4875.440  0.9748  0.9800
 4875.460  0.9751  0.9768
 4875.480  0.9769  0.9729
 4875.500  0.9799  0.9726
 4875.520  0.9818  0.9759
 4875.540 -1.0000 -1.0000
 4875.560 -1.0000 -1.0000
 4875.580 -1.0000 -1.0000
 4875.600 -1.0000 -1.0000
 4875.620 -1.0000 -1.0000
 4875.640 -1.0000 -1.0000
 4875.660 -1.0000 -1.0000
 4875.680 -1.0000 -1.0000
 4875.700 -1.0000 -1.0000
 4875.720 -1.0000 -1.0000
 4875.740 -1.0000 -1.0000
 4875.760 -1.0000 -1.0000
 4875.780 -1.0000 -1.0000
 4875.800 -1.0000 -1.0000
 4875.820 -1.0000 -1.0000
 4875.840 -1.0000 -1.0000
 4875.860 -1.0000 -1.0000
 4875.880 -1.0000 -1.0000
 4875.900 -1.0000 -1.0000
 4875.920 -1.0000 -1.0000
 4875.940 -1.0000 -1.0000
 4875.960 -1.0000 -1.0000
 4875.980  0.9646 -1.0000
 4876.000  0.9641  0.9417
 4876.020  0.9669  0.9363
 4876.040  0.9700  0.9299
 4876.060  0.9677  0.9228
 4876.080  0.9627  0.9138
 4876.100  0.9628  0.9035
 4876.120  0.9663  0.8972
 4876.140  0.9673  0.9006
 4876.160  0.9675  0.9112
 4876.180  0.9698  0.9225
 4876.200  0.9712  0.9329
 4876.220  0.9687  0.9412
 4876.240  0.9661  0.9443
 4876.260  0.9667  0.9435
 4876.280  0.9672  0.9437
 4876.300  0.9656  0.9454
 4876.320  0.9653  0.9462
 4876.340  0.9661  0.9464
 4876.360  0.9625  0.9480
 4876.380  0.9558  0.9513
 4876.400  0.9537  0.9546
 4876.420  0.9567  0.9567
 4876.440  0.9580  0.9574
 4876.460  0.9555  0.9576
 4876.480  0.9529  0.9571
 4876.500  0.9503  0.9554
 4876.520  0.9439  0.9533
 4876.540  0.9347  0.9536
 4876.560  0.9298  0.9573
 4876.580  0.9341  0.9609
 4876.600  0.9458  0.9612
 4876.620  0.9591  0.9597
 4876.640  0.9657  0.9592
 4876.660  0.9604  0.9615
 4876.680  0.9485  0.9673
 4876.700  0.9383  0.9741
 4876.720  0.9305 -1.0000
 4876.740  0.9229 -1.0000
 4876.760  0.9169 -1.0000
 4876.780  0.9149 -1.0000
 4876.800  0.9167 -1.0000
 4876.820  0.9192 -1.0000
 4876.840 -1.0000 -1.0000
 4876.860 -1.0000 -1.0000
 4876.880 -1.0000 -1.0000
 4876.900 -1.0000 -1.0000
 4876.920 -1.0000 -1.0000
 4876.940 -1.0000 -1.0000
 4876.960 -1.0000 -1.0000
 4876.980 -1.0000 -1.0000
 4877.000 -1.0000 -1.0000
 4877.020 -1.0000 -1.0000
 4877.040 -1.0000 -1.0000
 4877.060 -1.0000 -1.0000
 4877.080 -1.0000 -1.0000
 4877.100 -1.0000 -1.0000
 4877.120 -1.0000 -1.0000
 4877.140 -1.0000 -1.0000
 4877.160 -1.0000 -1.0000
 4877.180 -1.0000 -1.0000
 4877.200 -1.0000 -1.0000
 4877.220  0.9647 -1.0000
 4877.240  0.9619  0.9484
 4877.260  0.9613  0.9490
 4877.280  0.9653  0.9459
 4877.300  0.9706  0.9382
 4877.320  0.9726  0.9254
 4877.340  0.9713  0.9086
 4877.360  0.9670  0.8940
 4877.380  0.9576  0.8856
 4877.400  0.9467  0.8828
 4877.420  0.9415  0.8898
 4877.440  0.9389  0.9090
 4877.460  0.9318  0.9295
 4877.480  0.9225 -1.0000
 4877.500 -1.0000 -1.0000
 4877.520 -1.0000 -1.0000
 4877.540 -1.0000 -1.0000
 4877.560 -1.0000 -1.0000
 4877.580 -1.0000 -1.0000
 4877.600 -1.0000 -1.0000
 4877.620 -1.0000 -1.0000
 4877.640 -1.0000 -1.0000
 4877.660  0.8799 -1.0000
 4877.680  0.8809  0.9586
 4877.700  0.8877  0.9562
 4877.720  0.8968  0.9500
 4877.740  0.9074  0.9466
 4877.760  0.9231  0.9447
 4877.780  0.9411  0.9360
 4877.800  0.9542  0.9215
 4877.820  0.9608  0.9073
 4877.840  0.9636  0.8966
 4877.860  0.9634  0.8944
 4877.880  0.9612  0.9020
 4877.900  0.9601  0.9113
 4877.920  0.9600  0.9196
 4877.940  0.9564  0.9334
 4877.960 -1.0000 -1.0000
 4877.980 -1.0000 -1.0000
 4878.000 -1.0000 -1.0000
 4847.000  0.0000  0.0000
 4847.020  0.0000  0.0000
 4847.040  0.0088 -0.0381
 4847.060  0.0106 -0.0366
 4847.080  0.0129 -0.0408
 4847.100  0.0153 -0.0513
 4847.120  0.0160 -0.0633
 4847.140  0.0068 -0.1013
 4847.160 -0.0180 -0.2204
 4847.180 -0.0357 -0.3774
 4847.200 -0.0249 -0.4367
 4847.220 -0.0061 -0.3847
 4847.240 -0.0003 -0.3146
 4847.260 -0.0015 -0.2447
 4847.280 -0.0032 -0.1546
 4847.300 -0.0107 -0.0848
 4847.320 -0.0259 -0.0676
 4847.340 -0.0350 -0.0661
 4847.360 -0.0271 -0.0494
 4847.380 -0.0131 -0.0305
 4847.400 -0.0081 -0.0251
 4847.420 -0.0098 -0.0315
 4847.440 -0.0084 -0.0390
 4847.460 -0.0029 -0.0401
 4847.480  0.0002 -0.0368
 4847.500 -0.0018 -0.0343
 4847.520 -0.0045 -0.0334
 4847.540 -0.0038 -0.0325
 4847.560 -0.0004 -0.0320
 4847.580  0.0018 -0.0324
 4847.600  0.0008 -0.0329
 4847.620 -0.0010 -0.0341
 4847.640 -0.0004 -0.0362
 4847.660  0.0019 -0.0375
 4847.680  0.0028 -0.0373
 4847.700  0.0019 -0.0371
 4847.720  0.0019 -0.0365
 4847.740  0.0032 -0.0345
 4847.760  0.0026 -0.0322
 4847.780 -0.0006 -0.0315
 4847.800 -0.0029 -0.0310
 4847.820 -0.0018 -0.0292
 4847.840  0.0008 -0.0273
 4847.860  0.0025 -0.0275
 4847.880  0.0038 -0.0303
 4847.900  0.0052 -0.0342
 4847.920  0.0060 -0.0367
 4847.940  0.0052 -0.0369
 4847.960  0.0034 -0.0366
 4847.980  0.0008 -0.0375
 4848.000 -0.0024 -0.0368
 4848.020 -0.0046 -0.0322
 4848.040 -0.0035 -0.0271
 4848.060  0.0013 -0.0259
 4848.080  0.0063 -0.0272
 4848.100  0.0073 -0.0262
 4848.120  0.0033 -0.0228
 4848.140 -0.0020 -0.0197
 4848.160 -0.0043 -0.0180
 4848.180 -0.0035 -0.0174
 4848.200 -0.0021 -0.0184
 4848.220 -0.0005 -0.0199
 4848.240  0.0011 -0.0191
 4848.260  0.0002 -0.0162
 4848.280 -0.0049 -0.0140
 4848.300 -0.0098 -0.0135
 4848.320 -0.0084 -0.0145
 4848.340 -0.0029 -0.0172
 4848.360 -0.0008 -0.0197
 4848.380 -0.0042 -0.0197
 4848.400 -0.0081 -0.0194
 4848.420 -0.0099 -0.0207
 4848.440 -0.0111 -0.0207
 4848.460 -0.0112 -0.0191
 4848.480 -0.0072 -0.0208
 4848.500 -0.0014 -0.0259
 4848.520  0.0001 -0.0285
 4848.540 -0.0042 -0.0280
 4848.560 -0.0088 -0.0283
 4848.580 -0.0095 -0.0289
 4848.600 -0.0077 -0.0285
 4848.620 -0.0057 -0.0311
 4848.640 -0.0028 -0.0378
 4848.660  0.0022 -0.0430
 4848.680  0.0088 -0.0443
 4848.700  0.0142 -0.0456
 4848.720  0.0163 -0.0490
 4848.740  0.0158 -0.0539
 4848.760  0.0171 -0.0626
 4848.780  0.0209 -0.0812
 4848.800  0.0198 -0.1281
 4848.820  0.0113 -0.2036
 4848.840  0.0035 -0.2347
 4848.860  0.0011 -0.1734
 4848.880 -0.0008 -0.0983
 4848.900 -0.0086 -0.0799
 4848.920 -0.0206 -0.0826
 4848.940 -0.0266 -0.0687
 4848.960 -0.0222 -0.0539
 4848.980 -0.0133 -0.0499
 4849.000 -0.0061 -0.0472
 4849.020 -0.0027 -0.0421
 4849.040 -0.0034 -0.0382
 4849.060 -0.0064 -0.0368
 4849.080 -0.0091 -0.0368
 4849.100 -0.0089 -0.0364
 4849.120 -0.0047 -0.0341
 4849.140  0.0025 -0.0309
 4849.160  0.0088 -0.0292
 4849.180  0.0092 -0.0299
 4849.200  0.0036 -0.0325
 4849.220 -0.0030 -0.0354
 4849.240 -0.0061 -0.0360
 4849.260 -0.0065 -0.0356
 4849.280 -0.0067 -0.0374
 4849.300 -0.0063 -0.0409
 4849.320 -0.0037 -0.0418
 4849.340 -0.0005 -0.0402
 4849.360  0.0003 -0.0395
 4849.380 -0.0013 -0.0394
 4849.400 -0.0027 -0.0381
 4849.420 -0.0024 -0.0372
 4849.440 -0.0007 -0.0384
 4849.460  0.0020 -0.0394
 4849.480  0.0049 -0.0383
 4849.500  0.0061 -0.0365
 4849.520  0.0040 -0.0359
 4849.540  0.0009 -0.0364
 4849.560  0.0000 -0.0372
 4849.580  0.0007 -0.0367
 4849.600 -0.0007 -0.0340
 4849.620 -0.0046 -0.0294
 4849.640 -0.0073 -0.0252
 4849.660 -0.0058 -0.0233
 4849.680 -0.0015 -0.0242
 4849.700  0.0021 -0.0254
 4849.720  0.0029 -0.0248
 4849.740  0.0008 -0.0235
 4849.760 -0.0028 -0.0225
 4849.780 -0.0054 -0.0210
 4849.800 -0.0055 -0.0194
 4849.820 -0.0038 -0.0198
 4849.840 -0.0017 -0.0209
 4849.860 -0.0001 -0.0198
 4849.880 -0.0001 -0.0176
 4849.900 -0.0020 -0.0172
 4849.920 -0.0040 -0.0177
 4849.940 -0.0039 -0.0173
 4849.960 -0.0026 -0.0168
 4849.980 -0.0018 -0.0169
 4850.000 -0.0007 -0.0168
 4850.020  0.0010 -0.0161
 4850.040  0.0004 -0.0162
 4850.060 -0.0040 -0.0184
 4850.080 -0.0070 -0.0214
 4850.100 -0.0036 -0.0234
 4850.120  0.0020 -0.0237
 4850.140  0.0025 -0.0236
 4850.160 -0.0015 -0.0243
 4850.180 -0.0039 -0.0256
 4850.200 -0.0035 -0.0284
 4850.220 -0.0034 -0.0333
 4850.240 -0.0033 -0.0380
 4850.260 -0.0009 -0.0389
 4850.280  0.0026 -0.0374
 4850.300  0.0043 -0.0389
 4850.320  0.0045 -0.0460
 4850.340  0.0031 -0.0566
 4850.360 -0.0017 -0.0670
 4850.380 -0.0074 -0.0779
 4850.400 -0.0080 -0.1069
 4850.420 -0.0032 -0.1628
 4850.440  0.0004 -0.1854
 4850.460  0.0005 -0.1231
 4850.480  0.0015 -0.0496
 4850.500  0.0066 -0.0466
 4850.520  0.0089 -0.0723
 4850.540  0.0034 -0.0650
 4850.560 -0.0018 -0.0400
 4850.580 -0.0004 -0.0292
 4850.600  0.0028 -0.0300
 4850.620  0.0033 -0.0319
 4850.640  0.0011 -0.0340
 4850.660 -0.0030 -0.0368
 4850.680 -0.0073 -0.0380
 4850.700 -0.0089 -0.0374
 4850.720 -0.0073 -0.0370
 4850.740 -0.0041 -0.0369
 4850.760 -0.0008 -0.0356
 4850.780  0.0028 -0.0339
 4850.800  0.0051 -0.0339
 4850.820  0.0033 -0.0348
 4850.840 -0.0019 -0.0346
 4850.860 -0.0062 -0.0344
 4850.880 -0.0061 -0.0365
 4850.900 -0.0024 -0.0402
 4850.920  0.0014 -0.0422
 4850.940  0.0027 -0.0407
 4850.960  0.0010 -0.0376
 4850.980 -0.0022 -0.0360
 4851.000 -0.0044 -0.0355
 4851.020 -0.0050 -0.0328
 4851.040 -0.0044 -0.0283
 4851.060 -0.0034 -0.0263
 4851.080 -0.0024 -0.0277
 4851.100 -0.0019 -0.0304
 4851.120 -0.0015 -0.0336
 4851.140 -0.0005 -0.0374
 4851.160  0.0002 -0.0387
 4851.180 -0.0005 -0.0359
 4851.200 -0.0014 -0.0321
 4851.220 -0.0003 -0.0295
 4851.240  0.0019 -0.0269
 4851.260  0.0023 -0.0247
 4851.280  0.0006 -0.0235
 4851.300 -0.0014 -0.0205
 4851.320 -0.0029 -0.0149
 4851.340 -0.0032 -0.0121
 4851.360 -0.0015 -0.0148
 4851.380  0.0009 -0.0180
 4851.400  0.0016 -0.0188
 4851.420  0.0016 -0.0205
 4851.440  0.0045 -0.0249
 4851.460  0.0088 -0.0280
 4851.480  0.0084 -0.0276
 4851.500  0.0020 -0.0251
 4851.520 -0.0034 -0.0219
 4851.540 -0.0032 -0.0186
 4851.560 -0.0007 -0.0160
 4851.580 -0.0007 -0.0143
 4851.600 -0.0025 -0.0146
 4851.620 -0.0025 -0.0180
 4851.640 -0.0003 -0.0222
 4851.660  0.0022 -0.0226
 4851.680  0.0029 -0.0207
 4851.700  0.0013 -0.0231
 4851.720 -0.0012 -0.0291
 4851.740 -0.0022 -0.0320
 4851.760 -0.0020 -0.0313
 4851.780 -0.0027 -0.0327
 4851.800 -0.0037 -0.0354
 4851.820 -0.0013 -0.0347
 4851.840  0.0045 -0.0325
 4851.860  0.0085 -0.0332
 4851.880  0.0073 -0.0343
 4851.900  0.0039 -0.0332
 4851.920  0.0033 -0.0345
 4851.940  0.0071 -0.0407
 4851.960  0.0122 -0.0455
 4851.980  0.0144 -0.0432
 4852.000  0.0113 -0.0393
 4852.020  0.0053 -0.0469
 4852.040 -0.0002 -0.0690
 4852.060 -0.0080 -0.0832
 4852.080 -0.0189 -0.0710
 4852.100 -0.0254 -0.0476
 4852.120 -0.0236 -0.0336
 4852.140 -0.0177 -0.0288
 4852.160 -0.0116 -0.0267
 4852.180 -0.0054 -0.0261
 4852.200 -0.0008 -0.0289
 4852.220 -0.0012 -0.0339
 4852.240 -0.0061 -0.0371
 4852.260 -0.0097 -0.0358
 4852.280 -0.0082 -0.0312
 4852.300 -0.0036 -0.0273
 4852.320 -0.0004 -0.0276
 4852.340  0.0005 -0.0306
 4852.360  0.0002 -0.0328
 4852.380 -0.0006 -0.0335
 4852.400 -0.0019 -0.0345
 4852.420 -0.0034 -0.0355
 4852.440 -0.0041 -0.0353
 4852.460 -0.0031 -0.0354
 4852.480 -0.0010 -0.0372
 4852.500 -0.0001 -0.0378
 4852.520 -0.0019 -0.0352
 4852.540 -0.0048 -0.0323
 4852.560 -0.0062 -0.0316
 4852.580 -0.0061 -0.0311
 4852.600 -0.0051 -0.0293
 4852.620 -0.0017 -0.0289
 4852.640  0.0041 -0.0320
 4852.660  0.0084 -0.0351
 4852.680  0.0082 -0.0344
 4852.700  0.0061 -0.0304
 4852.720  0.0051 -0.0263
 4852.740  0.0042 -0.0241
 4852.760  0.0029 -0.0252
 4852.780  0.0037 -0.0281
 4852.800  0.0066 -0.0284
 4852.820  0.0068 -0.0248
 4852.840  0.0027 -0.0219
 4852.860 -0.0012 -0.0230
 4852.880 -0.0022 -0.0255
 4852.900 -0.0036 -0.0253
 4852.920 -0.0067 -0.0230
 4852.940 -0.0075 -0.0216
 4852.960 -0.0048 -0.0234
 4852.980 -0.0029 -0.0268
 4853.000 -0.0038 -0.0267
 4853.020 -0.0033 -0.0208
 4853.040  0.0011 -0.0150
 4853.060  0.0053 -0.0154
 4853.080  0.0059 -0.0193
 4853.100  0.0048 -0.0225
 4853.120  0.0054 -0.0261
 4853.140  0.0066 -0.0306
 4853.160  0.0050 -0.0322
 4853.180 -0.0001 -0.0310
 4853.200 -0.0048 -0.0302
 4853.220 -0.0041 -0.0285
 4853.240  0.0018 -0.0253
 4853.260  0.0074 -0.0259
 4853.280  0.0076 -0.0324
 4853.300  0.0031 -0.0376
 4853.320 -0.0018 -0.0371
 4853.340 -0.0043 -0.0346
 4853.360 -0.0034 -0.0332
 4853.380  0.0006 -0.0316
 4853.400  0.0041 -0.0298
 4853.420  0.0020 -0.0281
 4853.440 -0.0053 -0.0268
 4853.460 -0.0108 -0.0280
 4853.480 -0.0102 -0.0313
 4853.500 -0.0073 -0.0323
 4853.520 -0.0072 -0.0301
 4853.540 -0.0082 -0.0294
 4853.560 -0.0057 -0.0314
 4853.580 -0.0003 -0.0314
 4853.600  0.0029 -0.0281
 4853.620  0.0014 -0.0258
 4853.640 -0.0019 -0.0263
 4853.660 -0.0037 -0.0282
 4853.680 -0.0031 -0.0301
 4853.700 -0.0012 -0.0314
 4853.720  0.0014 -0.0311
 4853.740  0.0040 -0.0297
 4853.760  0.0050 -0.0286
 4853.780  0.0026 -0.0273
 4853.800 -0.0023 -0.0253
 4853.820 -0.0063 -0.0240
 4853.840 -0.0077 -0.0233
 4853.860 -0.0080 -0.0220
 4853.880 -0.0081 -0.0207
 4853.900 -0.0070 -0.0215
 4853.920 -0.0038 -0.0234
 4853.940 -0.0003 -0.0241
 4853.960  0.0010 -0.0232
 4853.980 -0.0001 -0.0226
 4854.000 -0.0014 -0.0241
 4854.020 -0.0015 -0.0277
 4854.040 -0.0009 -0.0308
 4854.060 -0.0005 -0.0313
 4854.080 -0.0001 -0.0303
 4854.100  0.0008 -0.0303
 4854.120  0.0016 -0.0303
 4854.140  0.0014 -0.0283
 4854.160  0.0003 -0.0262
 4854.180 -0.0002 -0.0264
 4854.200  0.0000 -0.0281
 4854.220  0.0000 -0.0292
 4854.240 -0.0009 -0.0306
 4854.260 -0.0027 -0.0332
 4854.280 -0.0044 -0.0358
 4854.300 -0.0048 -0.0374
 4854.320 -0.0022 -0.0366
 4854.340  0.0014 -0.0325
 4854.360 -0.0018 -0.0312
 4854.380 -0.0144 -0.0441
 4854.400 -0.0233 -0.0643
 4854.420 -0.0174 -0.0697
 4854.440 -0.0060 -0.0561
 4854.460 -0.0014 -0.0390
 4854.480 -0.0016 -0.0296
 4854.500 -0.0009 -0.0288
 4854.520  0.0000 -0.0320
 4854.540 -0.0011 -0.0335
 4854.560 -0.0020 -0.0327
 4854.580  0.0001 -0.0322
 4854.600  0.0031 -0.0323
 4854.620  0.0027 -0.0313
 4854.640 -0.0007 -0.0303
 4854.660 -0.0035 -0.0313
 4854.680 -0.0036 -0.0337
 4854.700 -0.0020 -0.0354
 4854.720  0.0005 -0.0346
 4854.740  0.0027 -0.0310
 4854.760  0.0027 -0.0274
 4854.780  0.0003 -0.0275
 4854.800 -0.0020 -0.0308
 4854.820 -0.0015 -0.0344
 4854.840  0.0002 -0.0368
 4854.860  0.0003 -0.0379
 4854.880 -0.0009 -0.0371
 4854.900 -0.0007 -0.0348
 4854.920  0.0010 -0.0327
 4854.940  0.0015 -0.0312
 4854.960 -0.0003 -0.0298
 4854.980 -0.0007 -0.0286
 4855.000  0.0030 -0.0282
 4855.020  0.0077 -0.0276
 4855.040  0.0077 -0.0260
 4855.060  0.0028 -0.0238
 4855.080 -0.0014 -0.0220
 4855.100 -0.0012 -0.0222
 4855.120  0.0005 -0.0246
 4855.140  0.0000 -0.0263
 4855.160 -0.0022 -0.0243
 4855.180 -0.0027 -0.0209
 4855.200 -0.0005 -0.0200
 4855.220  0.0021 -0.0208
 4855.240  0.0026 -0.0202
 4855.260  0.0009 -0.0183
 4855.280 -0.0013 -0.0179
 4855.300 -0.0023 -0.0200
 4855.320 -0.0021 -0.0228
 4855.340 -0.0014 -0.0239
 4855.360 -0.0014 -0.0235
 4855.380 -0.0024 -0.0239
 4855.400 -0.0041 -0.0258
 4855.420 -0.0063 -0.0270
 4855.440 -0.0081 -0.0261
 4855.460 -0.0083 -0.0255
 4855.480 -0.0057 -0.0268
 4855.500 -0.0016 -0.0280
 4855.520  0.0016 -0.0271
 4855.540  0.0021 -0.0261
 4855.560 -0.0001 -0.0272
 4855.580 -0.0040 -0.0288
 4855.600 -0.0088 -0.0291
 4855.620 -0.0123 -0.0299
 4855.640 -0.0121 -0.0332
 4855.660 -0.0072 -0.0369
 4855.680 -0.0001 -0.0383
 4855.700  0.0054 -0.0385
 4855.720  0.0073 -0.0386
 4855.740  0.0071 -0.0379
 4855.760  0.0072 -0.0371
 4855.780  0.0088 -0.0391
 4855.800  0.0095 -0.0431
 4855.820  0.0056 -0.0452
 4855.840 -0.0029 -0.0438
 4855.860 -0.0095 -0.0442
 4855.880 -0.0085 -0.0664
 4855.900 -0.0023 -0.1430
 4855.920  0.0026 -0.2427
 4855.940  0.0033 -0.2445
 4855.960 -0.0002 -0.1290
 4855.980 -0.0079 -0.0302
 4856.000 -0.0159 -0.0089
 4856.020 -0.0166 -0.0161
 4856.040 -0.0084 -0.0234
 4856.060  0.0012 -0.0307
 4856.080  0.0048 -0.0353
 4856.100  0.0018 -0.0367
 4856.120 -0.0040 -0.0370
 4856.140 -0.0091 -0.0370
 4856.160 -0.0107 -0.0372
 4856.180 -0.0076 -0.0386
 4856.200 -0.0027 -0.0408
 4856.220 -0.0008 -0.0418
 4856.240 -0.0020 -0.0411
 4856.260 -0.0024 -0.0398
 4856.280 -0.0003 -0.0381
 4856.300  0.0021 -0.0360
 4856.320  0.0029 -0.0345
 4856.340  0.0024 -0.0341
 4856.360  0.0009 -0.0342
 4856.380 -0.0011 -0.0343
 4856.400 -0.0012 -0.0343
 4856.420  0.0011 -0.0332
 4856.440  0.0031 -0.0295
 4856.460  0.0027 -0.0236
 4856.480  0.0022 -0.0177
 4856.500  0.0031 -0.0151
 4856.520  0.0032 -0.0170
 4856.540  0.0013 -0.0206
 4856.560  0.0011 -0.0228
 4856.580  0.0041 -0.0234
 4856.600  0.0061 -0.0234
 4856.620  0.0042 -0.0233
 4856.640  0.0018 -0.0235
 4856.660  0.0014 -0.0235
 4856.680 -0.0004 -0.0225
 4856.700 -0.0058 -0.0214
 4856.720 -0.0101 -0.0210
 4856.740 -0.0079 -0.0199
 4856.760 -0.0016 -0.0178
 4856.780  0.0032 -0.0177
 4856.800  0.0049 -0.0201
 4856.820  0.0054 -0.0202
 4856.840  0.0052 -0.0167
 4856.860  0.0037 -0.0142
 4856.880  0.0020 -0.0139
 4856.900  0.0006 -0.0131
 4856.920 -0.0016 -0.0130
 4856.940 -0.0041 -0.0174
 4856.960 -0.0037 -0.0232
 4856.980  0.0000 -0.0250
 4857.000  0.0020 -0.0235
 4857.020 -0.0012 -0.0224
 4857.040 -0.0063 -0.0217
 4857.060 -0.0079 -0.0205
 4857.080 -0.0064 -0.0200
 4857.100 -0.0057 -0.0213
 4857.120 -0.0061 -0.0233
 4857.140 -0.0044 -0.0252
 4857.160 -0.0010 -0.0270
 4857.180  0.0008 -0.0284
 4857.200 -0.0005 -0.0290
 4857.220 -0.0025 -0.0292
 4857.240 -0.0029 -0.0304
 4857.260 -0.0024 -0.0330
 4857.280 -0.0014 -0.0353
 4857.300  0.0010 -0.0369
 4857.320  0.0051 -0.0415
 4857.340  0.0109 -0.0527
 4857.360  0.0231 -0.0698
 4857.380  0.0424 -0.0958
 4857.400  0.0488 -0.1264
 4857.420  0.0304 -0.1231
 4857.440  0.0088 -0.0723
 4857.460  0.0001 -0.0461
 4857.480 -0.0022 -0.1008
 4857.500 -0.0022 -0.1637
 4857.520  0.0011 -0.1418
 4857.540  0.0043 -0.0722
 4857.560  0.0045 -0.0344
 4857.580  0.0026 -0.0298
 4857.600 -0.0007 -0.0293
 4857.620 -0.0051 -0.0268
 4857.640 -0.0093 -0.0270
 4857.660 -0.0106 -0.0295
 4857.680 -0.0072 -0.0303
 4857.700 -0.0013 -0.0296
 4857.720  0.0023 -0.0304
 4857.740  0.0015 -0.0324
 4857.760 -0.0001 -0.0339
 4857.780  0.0006 -0.0361
 4857.800  0.0021 -0.0381
 4857.820  0.0015 -0.0379
 4857.840  0.0005 -0.0373
 4857.860  0.0025 -0.0392
 4857.880  0.0060 -0.0418
 4857.900  0.0059 -0.0420
 4857.920  0.0011 -0.0410
 4857.940 -0.0035 -0.0410
 4857.960 -0.0042 -0.0411
 4857.980 -0.0014 -0.0398
 4858.000  0.0021 -0.0373
 4858.020  0.0045 -0.0349
 4858.040  0.0046 -0.0333
 4858.060  0.0022 -0.0321
 4858.080 -0.0007 -0.0308
 4858.100 -0.0018 -0.0299
 4858.120 -0.0013 -0.0301
 4858.140 -0.0013 -0.0298
 4858.160 -0.0018 -0.0274
 4858.180 -0.0009 -0.0246
 4858.200  0.0018 -0.0235
 4858.220  0.0045 -0.0223
 4858.240  0.0049 -0.0196
 4858.260  0.0028 -0.0179
 4858.280 -0.0008 -0.0197
 4858.300 -0.0042 -0.0226
 4858.320 -0.0049 -0.0227
 4858.340 -0.0024 -0.0198
 4858.360  0.0014 -0.0166
 4858.380  0.0040 -0.0154
 4858.400  0.0048 -0.0157
 4858.420  0.0045 -0.0153
 4858.440  0.0033 -0.0144
 4858.460  0.0014 -0.0151
 4858.480 -0.0010 -0.0175
 4858.500 -0.0039 -0.0197
 4858.520 -0.0070 -0.0201
 4858.540 -0.0084 -0.0191
 4858.560 -0.0062 -0.0179
 4858.580 -0.0018 -0.0174
 4858.600  0.0009 -0.0169
 4858.620 -0.0003 -0.0148
 4858.640 -0.0044 -0.0123
 4858.660 -0.0088 -0.0128
 4858.680 -0.0121 -0.0160
 4858.700 -0.0128 -0.0194
 4858.720 -0.0101 -0.0221
 4858.740 -0.0054 -0.0236
 4858.760 -0.0011 -0.0217
 4858.780  0.0028 -0.0177
 4858.800  0.0082 -0.0183
 4858.820  0.0154 -0.0470
 4858.840  0.0190 -0.1410
 4858.860  0.0093 -0.2727
 4858.880 -0.0059 -0.3395
 4858.900 -0.0079 -0.2862
 4858.920 -0.0007 -0.1565
 4858.940  0.0017 -0.0376
 4858.960 -0.0009  0.0223
 4858.980 -0.0037  0.0321
 4859.000 -0.0024 -0.0023
 4859.020  0.0065 -0.0677
 4859.040  0.0167 -0.1068
 4859.060  0.0157 -0.0912
 4859.080  0.0032 -0.0582
 4859.100 -0.0072 -0.0414
 4859.120 -0.0074 -0.0380
 4859.140 -0.0007 -0.0377
 4859.160  0.0057 -0.0369
 4859.180  0.0082 -0.0344
 4859.200  0.0074 -0.0297
 4859.220  0.0048 -0.0248
 4859.240  0.0006 -0.0231
 4859.260 -0.0047 -0.0251
 4859.280 -0.0083 -0.0283
 4859.300 -0.0078 -0.0305
 4859.320 -0.0045 -0.0325
 4859.340 -0.0020 -0.0365
 4859.360 -0.0016 -0.0411
 4859.380 -0.0011 -0.0432
 4859.400  0.0007 -0.0416
 4859.420  0.0023 -0.0394
 4859.440  0.0025 -0.0395
 4859.460  0.0032 -0.0424
 4859.480  0.0054 -0.0463
 4859.500  0.0066 -0.0479
 4859.520  0.0042 -0.0446
 4859.540 -0.0003 -0.0384
 4859.560 -0.0030 -0.0348
 4859.580 -0.0027 -0.0350
 4859.600 -0.0007 -0.0347
 4859.620  0.0009 -0.0322
 4859.640  0.0009 -0.0306
 4859.660 -0.0014 -0.0295
 4859.680 -0.0050 -0.0260
 4859.700 -0.0067 -0.0224
 4859.720 -0.0046 -0.0244
 4859.740 -0.0007 -0.0296
 4859.760  0.0013 -0.0307
 4859.780  0.0003 -0.0263
 4859.800 -0.0013 -0.0217
 4859.820 -0.0016 -0.0202
 4859.840 -0.0020 -0.0212
 4859.860 -0.0046 -0.0225
 4859.880 -0.0081 -0.0230
 4859.900 -0.0078 -0.0228
 4859.920 -0.0023 -0.0228
 4859.940  0.0033 -0.0232
 4859.960  0.0031 -0.0226
 4859.980 -0.0013 -0.0204
 4860.000 -0.0036 -0.0158
 4860.020 -0.0022 -0.0096
 4860.040 -0.0013 -0.0059
 4860.060 -0.0038 -0.0079
 4860.080 -0.0073 -0.0129
 4860.100 -0.0085 -0.0157
 4860.120 -0.0069 -0.0157
 4860.140 -0.0037 -0.0153
 4860.160 -0.0005 -0.0147
 4860.180  0.0021 -0.0144
 4860.200  0.0042 -0.0171
 4860.220  0.0054 -0.0230
 4860.240  0.0038 -0.0272
 4860.260 -0.0008 -0.0275
 4860.280 -0.0040 -0.0288
 4860.300 -0.0026 -0.0355
 4860.320 -0.0077 -0.0523
 4860.340 -0.0302 -0.0792
 4860.360 -0.0451 -0.0939
 4860.380 -0.0273 -0.1044
 4860.400 -0.0007 -0.1614
 4860.420  0.0085 -0.2317
 4860.440  0.0065 -0.2164
 4860.460  0.0028 -0.1337
 4860.480 -0.0003 -0.1059
 4860.500 -0.0024 -0.1595
 4860.520 -0.0032 -0.1874
 4860.540 -0.0027 -0.1348
 4860.560 -0.0048 -0.0676
 4860.580 -0.0120 -0.0378
 4860.600 -0.0177 -0.0319
 4860.620 -0.0156 -0.0305
 4860.640 -0.0091 -0.0284
 4860.660 -0.0042 -0.0264
 4860.680 -0.0028 -0.0286
 4860.700 -0.0038 -0.0348
 4860.720 -0.0050 -0.0381
 4860.740 -0.0032 -0.0349
 4860.760  0.0017 -0.0301
 4860.780  0.0054 -0.0284
 4860.800  0.0051 -0.0285
 4860.820  0.0033 -0.0291
 4860.840  0.0028 -0.0314
 4860.860  0.0027 -0.0346
 4860.880  0.0021 -0.0369
 4860.900  0.0022 -0.0385
 4860.920  0.0026 -0.0398
 4860.940  0.0007 -0.0400
 4860.960 -0.0022 -0.0389
 4860.980 -0.0019 -0.0375
 4861.000  0.0003 -0.0362
 4861.020 -0.0011 -0.0352
 4861.040 -0.0056 -0.0351
 4861.060 -0.0061 -0.0343
 4861.080 -0.0013 -0.0316
 4861.100  0.0022 -0.0292
 4861.120  0.0010 -0.0295
 4861.140 -0.0013 -0.0315
 4861.160 -0.0014 -0.0326
 4861.180 -0.0006 -0.0323
 4861.200 -0.0003 -0.0319
 4861.220  0.0000 -0.0314
 4861.240  0.0001 -0.0293
 4861.260 -0.0017 -0.0251
 4861.280 -0.0054 -0.0217
 4861.300 -0.0082 -0.0235
 4861.320 -0.0076 -0.0286
 4861.340 -0.0044 -0.0303
 4861.360 -0.0021 -0.0263
 4861.380 -0.0024 -0.0218
 4861.400 -0.0045 -0.0210
 4861.420 -0.0064 -0.0224
 4861.440 -0.0074 -0.0229
 4861.460 -0.0072 -0.0220
 4861.480 -0.0058 -0.0207
 4861.500 -0.0048 -0.0200
 4861.520 -0.0067 -0.0202
 4861.540 -0.0102 -0.0213
 4861.560 -0.0102 -0.0215
 4861.580 -0.0046 -0.0182
 4861.600  0.0013 -0.0130
 4861.620  0.0026 -0.0109
 4861.640  0.0008 -0.0131
 4861.660 -0.0004 -0.0154
 4861.680 -0.0005 -0.0164
 4861.700  0.0000 -0.0186
 4861.720  0.0018 -0.0207
 4861.740  0.0025 -0.0183
 4861.760 -0.0023 -0.0138
 4861.780 -0.0087 -0.0114
 4861.800  0.0055 -0.0084
 4861.820  0.0518 -0.0081
 4861.840  0.0822 -0.0214
 4861.860  0.0568 -0.0296
 4861.880  0.0174 -0.0200
 4861.900  0.0029 -0.0443
 4861.920  0.0006 -0.1145
 4861.940 -0.0010 -0.1396
 4861.960 -0.0011 -0.0890
 4861.980 -0.0055 -0.0465
 4862.000 -0.0235 -0.0463
 4862.020 -0.0447 -0.0482
 4862.040 -0.0447 -0.0431
 4862.060 -0.0239 -0.0442
 4862.080 -0.0046 -0.0449
 4862.100  0.0027 -0.0404
 4862.120  0.0023 -0.0372
 4862.140  0.0014 -0.0389
 4862.160  0.0027 -0.0418
 4862.180  0.0041 -0.0418
 4862.200  0.0026 -0.0386
 4862.220 -0.0009 -0.0362
 4862.240 -0.0021 -0.0377
 4862.260  0.0010 -0.0414
 4862.280  0.0050 -0.0436
 4862.300  0.0057 -0.0436
 4862.320  0.0035 -0.0423
 4862.340  0.0012 -0.0400
 4862.360 -0.0004 -0.0371
 4862.380 -0.0020 -0.0347
 4862.400 -0.0034 -0.0338
 4862.420 -0.0028 -0.0346
 4862.440  0.0009 -0.0343
 4862.460  0.0054 -0.0297
 4862.480  0.0070 -0.0237
 4862.500  0.0048 -0.0228
 4862.520  0.0013 -0.0275
 4862.540 -0.0008 -0.0310
 4862.560 -0.0023 -0.0300
 4862.580 -0.0040 -0.0265
 4862.600 -0.0048 -0.0233
 4862.620 -0.0028 -0.0221
 4862.640  0.0010 -0.0238
 4862.660  0.0037 -0.0268
 4862.680  0.0037 -0.0287
 4862.700  0.0011 -0.0298
 4862.720 -0.0030 -0.0309
 4862.740 -0.0054 -0.0313
 4862.760 -0.0032 -0.0309
 4862.780  0.0025 -0.0306
 4862.800  0.0074 -0.0303
 4862.820  0.0086 -0.0299
 4862.840  0.0070 -0.0305
 4862.860  0.0043 -0.0312
 4862.880  0.0012 -0.0304
 4862.900 -0.0014 -0.0285
 4862.920 -0.0023 -0.0255
 4862.940 -0.0016 -0.0199
 4862.960 -0.0011 -0.0137
 4862.980 -0.0014 -0.0125
 4863.000 -0.0024 -0.0167
 4863.020 -0.0045 -0.0209
 4863.040 -0.0079 -0.0219
 4863.060 -0.0105 -0.0208
 4863.080 -0.0095 -0.0192
 4863.100 -0.0049 -0.0188
 4863.120  0.0004 -0.0208
 4863.140  0.0033 -0.0255
 4863.160  0.0033 -0.0326
 4863.180  0.0016 -0.0414
 4863.200  0.0009 -0.0481
 4863.220  0.0073 -0.0671
 4863.240  0.0330 -0.1261
 4863.260  0.0799 -0.1844
 4863.280  0.1187 -0.1629
 4863.300  0.1085 -0.0883
 4863.320  0.0568 -0.0483
 4863.340  0.0149 -0.0580
 4863.360  0.0024 -0.0716
 4863.380  0.0012 -0.0482
 4863.400  0.0005  0.0185
 4863.420  0.0038  0.0922
 4863.440  0.0172  0.1186
 4863.460  0.0336  0.0786
 4863.480  0.0343  0.0113
 4863.500  0.0170 -0.0339
 4863.520 -0.0029 -0.0467
 4863.540 -0.0141 -0.0432
 4863.560 -0.0165 -0.0355
 4863.580 -0.0144 -0.0290
 4863.600 -0.0118 -0.0268
 4863.620 -0.0100 -0.0294
 4863.640 -0.0092 -0.0336
 4863.660 -0.0092 -0.0354
 4863.680 -0.0082 -0.0353
 4863.700 -0.0042 -0.0366
 4863.720  0.0010 -0.0389
 4863.740  0.0036 -0.0386
 4863.760  0.0034 -0.0362
 4863.780  0.0040 -0.0355
 4863.800  0.0062 -0.0364
 4863.820  0.0070 -0.0359
 4863.840  0.0056 -0.0337
 4863.860  0.0047 -0.0319
 4863.880  0.0053 -0.0307
 4863.900  0.0049 -0.0293
 4863.920  0.0031 -0.0294
 4863.940  0.0023 -0.0317
 4863.960  0.0029 -0.0326
 4863.980  0.0021 -0.0292
 4864.000 -0.0005 -0.0238
 4864.020 -0.0022 -0.0202
 4864.040 -0.0017 -0.0190
 4864.060 -0.0005 -0.0190
 4864.080  0.0003 -0.0197
 4864.100  0.0000 -0.0209
 4864.120 -0.0022 -0.0220
 4864.140 -0.0054 -0.0230
 4864.160 -0.0067 -0.0251
 4864.180 -0.0055 -0.0284
 4864.200 -0.0047 -0.0303
 4864.220 -0.0054 -0.0285
 4864.240 -0.0044 -0.0251
 4864.260 -0.0004 -0.0246
 4864.280  0.0019 -0.0271
 4864.300 -0.0009 -0.0282
 4864.320 -0.0066 -0.0265
 4864.340 -0.0098 -0.0247
 4864.360 -0.0086 -0.0248
 4864.380 -0.0047 -0.0259
 4864.400 -0.0015 -0.0272
 4864.420 -0.0022 -0.0274
 4864.440 -0.0061 -0.0264
 4864.460 -0.0086 -0.0262
 4864.480 -0.0072 -0.0268
 4864.500 -0.0045 -0.0241
 4864.520 -0.0029 -0.0178
 4864.540 -0.0011 -0.0156
 4864.560  0.0014 -0.0219
 4864.580  0.0019 -0.0306
 4864.600 -0.0013 -0.0348
 4864.620 -0.0052 -0.0335
 4864.640 -0.0060 -0.0286
 4864.660 -0.0022 -0.0242
 4864.680  0.0079 -0.0289
 4864.700  0.0269 -0.0496
 4864.720  0.0470 -0.1028
 4864.740  0.0489 -0.1950
 4864.760  0.0298 -0.2417
 4864.780  0.0110 -0.1543
 4864.800  0.0022 -0.0215
 4864.820 -0.0024  0.0229
 4864.840 -0.0047  0.0048
 4864.860 -0.0051 -0.0042
 4864.880 -0.0101 -0.0159
 4864.900 -0.0207 -0.0408
 4864.920 -0.0245 -0.0518
 4864.940 -0.0147 -0.0481
 4864.960 -0.0046 -0.0435
 4864.980 -0.0049 -0.0357
 4865.000 -0.0108 -0.0293
 4865.020 -0.0144 -0.0335
 4865.040 -0.0125 -0.0404
 4865.060 -0.0060 -0.0376
 4865.080  0.0002 -0.0293
 4865.100  0.0015 -0.0264
 4865.120 -0.0007 -0.0296
 4865.140 -0.0008 -0.0332
 4865.160  0.0025 -0.0348
 4865.180  0.0051 -0.0347
 4865.200  0.0050 -0.0334
 4865.220  0.0047 -0.0322
 4865.240  0.0046 -0.0317
 4865.260  0.0021 -0.0302
 4865.280 -0.0020 -0.0273
 4865.300 -0.0029 -0.0250
 4865.320  0.0006 -0.0253
 4865.340  0.0039 -0.0282
 4865.360  0.0046 -0.0313
 4865.380  0.0042 -0.0335
 4865.400  0.0035 -0.0356
 4865.420  0.0012 -0.0369
 4865.440 -0.0015 -0.0347
 4865.460 -0.0016 -0.0304
 4865.480  0.0004 -0.0290
 4865.500  0.0008 -0.0293
 4865.520 -0.0009 -0.0257
 4865.540 -0.0010 -0.0199
 4865.560  0.0021 -0.0190
 4865.580  0.0049 -0.0220
 4865.600  0.0041 -0.0231
 4865.620  0.0008 -0.0231
 4865.640 -0.0010 -0.0256
 4865.660  0.0001 -0.0291
 4865.680  0.0009 -0.0301
 4865.700 -0.0015 -0.0280
 4865.720 -0.0055 -0.0244
 4865.740 -0.0064 -0.0219
 4865.760 -0.0027 -0.0235
 4865.780  0.0021 -0.0280
 4865.800  0.0036 -0.0304
 4865.820  0.0002 -0.0288
 4865.840 -0.0066 -0.0257
 4865.860 -0.0122 -0.0224
 4865.880 -0.0117 -0.0179
 4865.900 -0.0057 -0.0133
 4865.920 -0.0015 -0.0121
 4865.940 -0.0033 -0.0158
 4865.960 -0.0060 -0.0218
 4865.980 -0.0033 -0.0248
 4866.000  0.0015 -0.0234
 4866.020  0.0008 -0.0200
 4866.040 -0.0050 -0.0168
 4866.060 -0.0089 -0.0151
 4866.080 -0.0067 -0.0186
 4866.100  0.0006 -0.0292
 4866.120  0.0104 -0.0538
 4866.140  0.0161 -0.0986
 4866.160  0.0134 -0.1243
 4866.180  0.0080 -0.0914
 4866.200  0.0055 -0.0663
 4866.220  0.0048 -0.1261
 4866.240  0.0043 -0.1967
 4866.260  0.0035 -0.1587
 4866.280  0.0023 -0.0595
 4866.300 -0.0082 -0.0375
 4866.320 -0.0357 -0.0861
 4866.340 -0.0511 -0.0947
 4866.360 -0.0263 -0.0514
 4866.380  0.0058 -0.0217
 4866.400  0.0099 -0.0212
 4866.420 -0.0005 -0.0269
 4866.440 -0.0063 -0.0296
 4866.460 -0.0081 -0.0296
 4866.480 -0.0093 -0.0287
 4866.500 -0.0067 -0.0297
 4866.520  0.0008 -0.0326
 4866.540  0.0061 -0.0342
 4866.560  0.0045 -0.0342
 4866.580  0.0015 -0.0350
 4866.600  0.0018 -0.0366
 4866.620  0.0017 -0.0375
 4866.640 -0.0021 -0.0378
 4866.660 -0.0041 -0.0381
 4866.680 -0.0001 -0.0382
 4866.700  0.0048 -0.0409
 4866.720  0.0045 -0.0470
 4866.740  0.0020 -0.0513
 4866.760  0.0021 -0.0487
 4866.780  0.0023 -0.0425
 4866.800 -0.0008 -0.0382
 4866.820 -0.0029 -0.0347
 4866.840 -0.0006 -0.0292
 4866.860  0.0019 -0.0244
 4866.880 -0.0004 -0.0239
 4866.900 -0.0051 -0.0259
 4866.920 -0.0067 -0.0263
 4866.940 -0.0038 -0.0245
 4866.960  0.0003 -0.0237
 4866.980  0.0023 -0.0261
 4867.000  0.0011 -0.0302
 4867.020 -0.0020 -0.0337
 4867.040 -0.0040 -0.0368
 4867.060 -0.0025 -0.0387
 4867.080  0.0015 -0.0374
 4867.100  0.0045 -0.0331
 4867.120  0.0044 -0.0295
 4867.140  0.0017 -0.0280
 4867.160 -0.0023 -0.0264
 4867.180 -0.0055 -0.0247
 4867.200 -0.0056 -0.0244
 4867.220 -0.0024 -0.0239
 4867.240  0.0015 -0.0202
 4867.260  0.0030 -0.0142
 4867.280  0.0024 -0.0100
 4867.300  0.0016 -0.0091
 4867.320  0.0003 -0.0091
 4867.340 -0.0035 -0.0078
 4867.360 -0.0090 -0.0068
 4867.380 -0.0112 -0.0088
 4867.400 -0.0075 -0.0130
 4867.420 -0.0022 -0.0166
 4867.440 -0.0012 -0.0200
 4867.460 -0.0033 -0.0243
 4867.480 -0.0014 -0.0276
 4867.500  0.0063 -0.0291
 4867.520  0.0117 -0.0465
 4867.540  0.0081 -0.1044
 4867.560  0.0016 -0.1774
 4867.580  0.0014 -0.2161
 4867.600  0.0047 -0.2081
 4867.620  0.0052 -0.1534
 4867.640  0.0028 -0.0958
 4867.660  0.0004 -0.1214
 4867.680 -0.0004 -0.2001
 4867.700 -0.0039 -0.2050
 4867.720 -0.0174 -0.1297
 4867.740 -0.0335 -0.0746
 4867.760 -0.0340 -0.0663
 4867.780 -0.0168 -0.0654
 4867.800  0.0031 -0.0597
 4867.820  0.0117 -0.0558
 4867.840  0.0063 -0.0500
 4867.860 -0.0047 -0.0398
 4867.880 -0.0108 -0.0327
 4867.900 -0.0105 -0.0339
 4867.920 -0.0085 -0.0391
 4867.940 -0.0060 -0.0427
 4867.960 -0.0009 -0.0450
 4867.980  0.0049 -0.0459
 4868.000  0.0064 -0.0423
 4868.020  0.0040 -0.0352
 4868.040  0.0028 -0.0310
 4868.060  0.0034 -0.0312
 4868.080  0.0025 -0.0315
 4868.100  0.0008 -0.0303
 4868.120  0.0017 -0.0297
 4868.140  0.0031 -0.0303
 4868.160 -0.0004 -0.0316
 4868.180 -0.0072 -0.0330
 4868.200 -0.0103 -0.0322
 4868.220 -0.0085 -0.0284
 4868.240 -0.0067 -0.0251
 4868.260 -0.0062 -0.0245
 4868.280 -0.0031 -0.0246
 4868.300  0.0018 -0.0243
 4868.320  0.0024 -0.0257
 4868.340 -0.0024 -0.0278
 4868.360 -0.0069 -0.0279
 4868.380 -0.0065 -0.0265
 4868.400 -0.0029 -0.0253
 4868.420  0.0007 -0.0246
 4868.440  0.0028 -0.0255
 4868.460  0.0031 -0.0283
 4868.480  0.0027 -0.0296
 4868.500  0.0037 -0.0272
 4868.520  0.0051 -0.0246
 4868.540  0.0032 -0.0248
 4868.560 -0.0023 -0.0264
 4868.580 -0.0056 -0.0275
 4868.600 -0.0038 -0.0271
 4868.620 -0.0019 -0.0226
 4868.640 -0.0049 -0.0146
 4868.660 -0.0091 -0.0096
 4868.680 -0.0088 -0.0116
 4868.700 -0.0056 -0.0166
 4868.720 -0.0039 -0.0201
 4868.740 -0.0041 -0.0212
 4868.760 -0.0049 -0.0200
 4868.780 -0.0068 -0.0178
 4868.800 -0.0105 -0.0178
 4868.820 -0.0134 -0.0206
 4868.840 -0.0118 -0.0235
 4868.860 -0.0041 -0.0245
 4868.880  0.0069 -0.0261
 4868.900  0.0165 -0.0310
 4868.920  0.0284 -0.0380
 4868.940  0.0482 -0.0505
 4868.960  0.0559 -0.0874
 4868.980  0.0342 -0.1538
 4869.000  0.0078 -0.1913
 4869.020 -0.0011 -0.1409
 4869.040 -0.0003 -0.0539
 4869.060  0.0018 -0.0025
 4869.080  0.0033  0.0389
 4869.100  0.0030  0.0856
 4869.120 -0.0025  0.0789
 4869.140 -0.0170  0.0165
 4869.160 -0.0300 -0.0319
 4869.180 -0.0258 -0.0423
 4869.200 -0.0122 -0.0385
 4869.220 -0.0058 -0.0334
 4869.240 -0.0047 -0.0288
 4869.260  0.0002 -0.0264
 4869.280  0.0072 -0.0269
 4869.300  0.0093 -0.0318
 4869.320  0.0064 -0.0399
 4869.340  0.0035 -0.0446
 4869.360  0.0022 -0.0419
 4869.380  0.0008 -0.0382
 4869.400  0.0007 -0.0392
 4869.420  0.0031 -0.0423
 4869.440  0.0050 -0.0425
 4869.460  0.0034 -0.0404
 4869.480  0.0003 -0.0383
 4869.500 -0.0011 -0.0365
 4869.520 -0.0010 -0.0348
 4869.540 -0.0005 -0.0328
 4869.560  0.0010 -0.0295
 4869.580  0.0024 -0.0256
 4869.600  0.0008 -0.0231
 4869.620 -0.0024 -0.0230
 4869.640 -0.0032 -0.0244
 4869.660 -0.0021 -0.0263
 4869.680 -0.0035 -0.0267
 4869.700 -0.0070 -0.0248
 4869.720 -0.0071 -0.0233
 4869.740 -0.0029 -0.0259
 4869.760  0.0010 -0.0319
 4869.780  0.0026 -0.0362
 4869.800  0.0038 -0.0355
 4869.820  0.0039 -0.0312
 4869.840  0.0005 -0.0264
 4869.860 -0.0044 -0.0232
 4869.880 -0.0062 -0.0225
 4869.900 -0.0047 -0.0239
 4869.920 -0.0026 -0.0258
 4869.940  0.0002 -0.0260
 4869.960  0.0044 -0.0247
 4869.980  0.0070 -0.0236
 4870.000  0.0045 -0.0239
 4870.020 -0.0014 -0.0241
 4870.040 -0.0063 -0.0213
 4870.060 -0.0090 -0.0153
 4870.080 -0.0105 -0.0119
 4870.100 -0.0097 -0.0157
 4870.120 -0.0060 -0.0216
 4870.140 -0.0022 -0.0221
 4870.160 -0.0005 -0.0179
 4870.180  0.0012 -0.0139
 4870.200  0.0051 -0.0113
 4870.220  0.0087 -0.0110
 4870.240  0.0072 -0.0141
 4870.260  0.0009 -0.0170
 4870.280 -0.0021 -0.0181
 4870.300  0.0230 -0.0325
 4870.320  0.1018 -0.0657
 4870.340  0.1829 -0.0802
 4870.360  0.1693 -0.0796
 4870.380  0.0796 -0.1161
 4870.400  0.0143 -0.1262
 4870.420 -0.0020 -0.0229
 4870.440 -0.0026  0.0905
 4870.460 -0.0021  0.0718
 4870.480  0.0014 -0.0438
 4870.500  0.0058 -0.1268
 4870.520  0.0014 -0.1241
 4870.540 -0.0134 -0.0782
 4870.560 -0.0220 -0.0430
 4870.580 -0.0166 -0.0331
 4870.600 -0.0089 -0.0383
 4870.620 -0.0079 -0.0450
 4870.640 -0.0099 -0.0469
 4870.660 -0.0092 -0.0449
 4870.680 -0.0062 -0.0424
 4870.700 -0.0049 -0.0414
 4870.720 -0.0068 -0.0406
 4870.740 -0.0087 -0.0371
 4870.760 -0.0078 -0.0329
 4870.780 -0.0053 -0.0313
 4870.800 -0.0035 -0.0297
 4870.820 -0.0023 -0.0253
 4870.840  0.0007 -0.0231
 4870.860  0.0045 -0.0270
 4870.880  0.0052 -0.0310
 4870.900  0.0014 -0.0292
 4870.920 -0.0029 -0.0252
 4870.940 -0.0036 -0.0246
 4870.960 -0.0017 -0.0269
 4870.980  0.0002 -0.0286
 4871.000  0.0012 -0.0285
 4871.020  0.0020 -0.0269
 4871.040  0.0032 -0.0241
 4871.060  0.0050 -0.0222
 4871.080  0.0066 -0.0246
 4871.100  0.0057 -0.0301
 4871.120  0.0028 -0.0330
 4871.140  0.0019 -0.0312
 4871.160  0.0058 -0.0294
 4871.180  0.0095 -0.0298
 4871.200  0.0071 -0.0288
 4871.220  0.0011 -0.0255
 4871.240 -0.0011 -0.0239
 4871.260  0.0014 -0.0258
 4871.280  0.0033 -0.0282
 4871.300  0.0019 -0.0284
 4871.320 -0.0010 -0.0251
 4871.340 -0.0045 -0.0195
 4871.360 -0.0089 -0.0163
 4871.380 -0.0122 -0.0186
 4871.400 -0.0118 -0.0213
 4871.420 -0.0099 -0.0189
 4871.440 -0.0096 -0.0146
 4871.460 -0.0090 -0.0132
 4871.480 -0.0051 -0.0133
 4871.500 -0.0011 -0.0129
 4871.520 -0.0014 -0.0134
 4871.540 -0.0036 -0.0163
 4871.560 -0.0024 -0.0193
 4871.580  0.0021 -0.0193
 4871.600  0.0059 -0.0167
 4871.620  0.0105 -0.0159
 4871.640  0.0190 -0.0232
 4871.660  0.0274 -0.0626
 4871.680  0.0280 -0.1550
 4871.700  0.0294 -0.2213
 4871.720  0.0514 -0.1647
 4871.740  0.0765 -0.0595
 4871.760  0.0712 -0.0337
 4871.780  0.0603 -0.0780
 4871.800  0.0709 -0.1176
 4871.820  0.0654 -0.1190
 4871.840  0.0222 -0.0844
 4871.860 -0.0195 -0.0376
 4871.880 -0.0280 -0.0103
 4871.900 -0.0159 -0.0090
 4871.920 -0.0060 -0.0170
 4871.940 -0.0039 -0.0251
 4871.960 -0.0047 -0.0327
 4871.980 -0.0063 -0.0367
 4872.000 -0.0095 -0.0352
 4872.020 -0.0119 -0.0313
 4872.040 -0.0096 -0.0289
 4872.060 -0.0043 -0.0282
 4872.080 -0.0012 -0.0287
 4872.100 -0.0014 -0.0301
 4872.120 -0.0012 -0.0308
 4872.140  0.0013 -0.0310
 4872.160  0.0037 -0.0324
 4872.180  0.0042 -0.0343
 4872.200  0.0037 -0.0340
 4872.220  0.0035 -0.0326
 4872.240  0.0040 -0.0330
 4872.260  0.0058 -0.0356
 4872.280  0.0070 -0.0386
 4872.300  0.0041 -0.0384
 4872.320 -0.0024 -0.0322
 4872.340 -0.0071 -0.0231
 4872.360 -0.0067 -0.0177
 4872.380 -0.0039 -0.0179
 4872.400 -0.0015 -0.0211
 4872.420  0.0023 -0.0256
 4872.440  0.0079 -0.0292
 4872.460  0.0108 -0.0301
 4872.480  0.0066 -0.0305
 4872.500 -0.0019 -0.0329
 4872.520 -0.0073 -0.0352
 4872.540 -0.0064 -0.0343
 4872.560 -0.0026 -0.0320
 4872.580 -0.0003 -0.0305
 4872.600  0.0001 -0.0292
 4872.620  0.0002 -0.0279
 4872.640  0.0000 -0.0257
 4872.660 -0.0017 -0.0213
 4872.680 -0.0041 -0.0181
 4872.700 -0.0042 -0.0211
 4872.720 -0.0010 -0.0273
 4872.740  0.0029 -0.0294
 4872.760  0.0040 -0.0265
 4872.780  0.0021 -0.0223
 4872.800 -0.0003 -0.0184
 4872.820 -0.0019 -0.0159
 4872.840 -0.0036 -0.0159
 4872.860 -0.0050 -0.0161
 4872.880 -0.0035 -0.0147
 4872.900  0.0026 -0.0146
 4872.920  0.0103 -0.0162
 4872.940  0.0146 -0.0171
 4872.960  0.0140 -0.0181
 4872.980  0.0119 -0.0225
 4873.000  0.0089 -0.0502
 4873.020  0.0009 -0.1327
 4873.040 -0.0038 -0.2112
 4873.060  0.0150 -0.1525
 4873.080  0.0660  0.0219
 4873.100  0.1328  0.1267
 4873.120  0.1490  0.0896
 4873.140  0.0744  0.0140
 4873.160 -0.0192 -0.0250
 4873.180 -0.0583 -0.0437
 4873.200 -0.0493 -0.0548
 4873.220 -0.0270 -0.0533
 4873.240 -0.0130 -0.0438
 4873.260 -0.0071 -0.0323
 4873.280 -0.0044 -0.0240
 4873.300 -0.0034 -0.0243
 4873.320 -0.0035 -0.0321
 4873.340 -0.0040 -0.0405
 4873.360 -0.0040 -0.0431
 4873.380 -0.0029 -0.0390
 4873.400 -0.0017 -0.0324
 4873.420 -0.0020 -0.0293
 4873.440 -0.0029 -0.0315
 4873.460 -0.0019 -0.0351
 4873.480  0.0004 -0.0365
 4873.500  0.0004 -0.0351
 4873.520 -0.0027 -0.0324
 4873.540 -0.0048 -0.0300
 4873.560 -0.0027 -0.0285
 4873.580  0.0007 -0.0263
 4873.600  0.0006 -0.0237
 4873.620 -0.0020 -0.0232
 4873.640 -0.0016 -0.0244
 4873.660  0.0018 -0.0241
 4873.680  0.0016 -0.0229
 4873.700 -0.0044 -0.0236
 4873.720 -0.0083 -0.0242
 4873.740 -0.0043 -0.0223
 4873.760  0.0020 -0.0211
 4873.780  0.0021 -0.0232
 4873.800 -0.0017 -0.0259
 4873.820 -0.0016 -0.0272
 4873.840  0.0020 -0.0283
 4873.860  0.0022 -0.0293
 4873.880 -0.0018 -0.0292
 4873.900 -0.0042 -0.0292
 4873.920 -0.0026 -0.0295
 4873.940 -0.0007 -0.0285
 4873.960 -0.0005 -0.0267
 4873.980 -0.0003 -0.0273
 4874.000  0.0005 -0.0304
 4874.020  0.0000 -0.0310
 4874.040 -0.0015 -0.0255
 4874.060 -0.0032 -0.0168
 4874.080 -0.0049 -0.0103
 4874.100 -0.0057 -0.0058
 4874.120 -0.0039 -0.0002
 4874.140 -0.0009  0.0031
 4874.160 -0.0001 -0.0023
 4874.180 -0.0019 -0.0123
 4874.200 -0.0027 -0.0168
 4874.220 -0.0018 -0.0153
 4874.240 -0.0009 -0.0160
 4874.260  0.0009 -0.0208
 4874.280  0.0066 -0.0240
 4874.300  0.0157 -0.0255
 4874.320  0.0405 -0.0518
 4874.340  0.0937 -0.1332
 4874.360  0.1236 -0.2120
 4874.380  0.0821 -0.2078
 4874.400  0.0235 -0.1751
 4874.420  0.0001 -0.1911
 4874.440 -0.0101 -0.2008
 4874.460 -0.0330 -0.1430
 4874.480 -0.0541 -0.1009
 4874.500 -0.0461 -0.1628
 4874.520 -0.0203 -0.2244
 4874.540 -0.0090 -0.1709
 4874.560 -0.0135 -0.0817
 4874.580 -0.0176 -0.0457
 4874.600 -0.0154 -0.0428
 4874.620 -0.0103 -0.0444
 4874.640 -0.0056 -0.0428
 4874.660 -0.0022 -0.0372
 4874.680 -0.0006 -0.0333
 4874.700 -0.0007 -0.0340
 4874.720  0.0001 -0.0357
 4874.740  0.0036 -0.0349
 4874.760  0.0074 -0.0331
 4874.780  0.0069 -0.0326
 4874.800  0.0019 -0.0325
 4874.820 -0.0024 -0.0307
 4874.840 -0.0021 -0.0276
 4874.860  0.0009 -0.0247
 4874.880  0.0028 -0.0233
 4874.900  0.0025 -0.0236
 4874.920  0.0011 -0.0252
 4874.940 -0.0017 -0.0279
 4874.960 -0.0066 -0.0305
 4874.980 -0.0107 -0.0307
 4875.000 -0.0098 -0.0275
 4875.020 -0.0042 -0.0230
 4875.040  0.0004 -0.0210
 4875.060  0.0004 -0.0227
 4875.080 -0.0016 -0.0266
 4875.100 -0.0022 -0.0304
 4875.120 -0.0025 -0.0325
 4875.140 -0.0046 -0.0323
 4875.160 -0.0062 -0.0304
 4875.180 -0.0031 -0.0294
 4875.200  0.0037 -0.0299
 4875.220  0.0080 -0.0292
 4875.240  0.0061 -0.0260
 4875.260  0.0010 -0.0232
 4875.280 -0.0020 -0.0231
 4875.300 -0.0017 -0.0235
 4875.320 -0.0014 -0.0222
 4875.340 -0.0040 -0.0213
 4875.360 -0.0081 -0.0234
 4875.380 -0.0098 -0.0269
 4875.400 -0.0075 -0.0278
 4875.420 -0.0033 -0.0244
 4875.440 -0.0003 -0.0200
 4875.460  0.0011 -0.0187
 4875.480  0.0021 -0.0198
 4875.500  0.0027 -0.0201
 4875.520  0.0008 -0.0199
 4875.540 -0.0043 -0.0208
 4875.560 -0.0087 -0.0196
 4875.580 -0.0061 -0.0150
 4875.600  0.0057 -0.0132
 4875.620  0.0224 -0.0162
 4875.640  0.0346 -0.0265
 4875.660  0.0328 -0.0813
 4875.680  0.0184 -0.2101
 4875.700  0.0044 -0.3189
 4875.720 -0.0017 -0.2742
 4875.740  0.0011 -0.1207
 4875.760  0.0122 -0.0189
 4875.780  0.0177 -0.0174
 4875.800  0.0070 -0.0505
 4875.820 -0.0066 -0.0672
 4875.840 -0.0131 -0.0640
 4875.860 -0.0187 -0.0531
 4875.880 -0.0234 -0.0458
 4875.900 -0.0214 -0.0450
 4875.920 -0.0150 -0.0448
 4875.940 -0.0112 -0.0423
 4875.960 -0.0097 -0.0391
 4875.980 -0.0049 -0.0365
 4876.000  0.0027 -0.0352
 4876.020  0.0059 -0.0352
 4876.040  0.0021 -0.0347
 4876.060 -0.0023 -0.0331
 4876.080 -0.0017 -0.0322
 4876.100  0.0015 -0.0319
 4876.120  0.0029 -0.0312
 4876.140  0.0033 -0.0317
 4876.160  0.0056 -0.0337
 4876.180  0.0095 -0.0348
 4876.200  0.0110 -0.0339
 4876.220  0.0077 -0.0329
 4876.240  0.0017 -0.0328
 4876.260 -0.0021 -0.0321
 4876.280 -0.0008 -0.0303
 4876.300  0.0029 -0.0281
 4876.320  0.0040 -0.0262
 4876.340  0.0014 -0.0245
 4876.360 -0.0016 -0.0230
 4876.380 -0.0020 -0.0223
 4876.400 -0.0004 -0.0237
 4876.420  0.0015 -0.0258
 4876.440  0.0029 -0.0255
 4876.460  0.0035 -0.0225
 4876.480  0.0034 -0.0210
 4876.500  0.0037 -0.0225
 4876.520  0.0044 -0.0237
 4876.540  0.0029 -0.0224
 4876.560 -0.0028 -0.0205
 4876.580 -0.0100 -0.0212
 4876.600 -0.0133 -0.0243
 4876.620 -0.0117 -0.0257
 4876.640 -0.0091 -0.0237
 4876.660 -0.0080 -0.0220
 4876.680 -0.0065 -0.0238
 4876.700 -0.0033 -0.0263
 4876.720 -0.0015 -0.0263
 4876.740 -0.0029 -0.0248
 4876.760 -0.0042 -0.0226
 4876.780 -0.0022 -0.0187
 4876.800  0.0002 -0.0149
 4876.820 -0.0007 -0.0146
 4876.840 -0.0032 -0.0168
 4876.860 -0.0026 -0.0190
 4876.880  0.0022 -0.0217
 4876.900  0.0100 -0.0258
 4876.920  0.0206 -0.0297
 4876.940  0.0304 -0.0328
 4876.960  0.0290 -0.0389
 4876.980  0.0157 -0.0519
 4877.000  0.0036 -0.0654
 4877.020 -0.0009 -0.0601
 4877.040 -0.0039 -0.0266
 4877.060 -0.0099  0.0057
 4877.080 -0.0146  0.0036
 4877.100 -0.0135 -0.0156
 4877.120 -0.0097 -0.0238
 4877.140 -0.0063 -0.0259
 4877.160 -0.0026 -0.0335
 4877.180 -0.0010 -0.0430
 4877.200 -0.0037 -0.0456
 4877.220 -0.0080 -0.0419
 4877.240 -0.0097 -0.0401
 4877.260 -0.0089 -0.0426
 4877.280 -0.0073 -0.0424
 4877.300 -0.0055 -0.0358
 4877.320 -0.0033 -0.0303
 4877.340 -0.0007 -0.0313
 4877.360  0.0027 -0.0325
 4877.380  0.0064 -0.0287
 4877.400  0.0076 -0.0251
 4877.420  0.0052 -0.0269
 4877.440  0.0020 -0.0317
 4877.460  0.0010 -0.0359
 4877.480  0.0009 -0.0379
 4877.500  0.0003 -0.0367
 4877.520  0.0013 -0.0346
 4877.540  0.0053 -0.0350
 4877.560  0.0080 -0.0344
 4877.580  0.0059 -0.0286
 4877.600  0.0019 -0.0231
 4877.620 -0.0010 -0.0238
 4877.640 -0.0045 -0.0272
 4877.660 -0.0095 -0.0291
 4877.680 -0.0121 -0.0306
 4877.700 -0.0101 -0.0326
 4877.720 -0.0066 -0.0334
 4877.740 -0.0047 -0.0321
 4877.760 -0.0034 -0.0282
 4877.780 -0.0004 -0.0233
 4877.800  0.0034 -0.0206
 4877.820  0.0049 -0.0208
 4877.840  0.0026 -0.0211
 4877.860 -0.0021 -0.0203
 4877.880 -0.0062 -0.0193
 4877.900 -0.0077 -0.0174
 4877.920 -0.0070 -0.0161
 4877.940 -0.0056 -0.0187
 4877.960 -0.0031 -0.0244
 4877.980  0.0000  0.0000
 4878.000  0.0000  0.0000
