           0.97    0.98  
          -1.03   -0.46  
 4772.000  1.0026  0.8765
 4772.020  1.0941  0.8507
 4772.040  1.1031  0.8382
 4772.060  1.0516  0.8194
 4772.080  0.9537  0.8022
 4772.100  0.8880  0.7906
 4772.120  0.8687  0.7842
 4772.140  0.8555  0.7812
 4772.160  0.8327  0.7799
 4772.180  0.8083  0.7802
 4772.200  0.7903  0.7881
 4772.220  0.7814  0.8080
 4772.240  0.7782  0.8366
 4772.260  0.7762  0.8707
 4772.280  0.7762  0.9070
 4772.300  0.7812  0.9377
 4772.320  0.7906  0.9579
 4772.340  0.8034  0.9647
 4772.360  0.8213  0.9551
 4772.380  0.8429  0.9355
 4772.400  0.8611  0.9191
 4772.420  0.8684  0.9122
 4772.440  0.8644  0.9136
 4772.460  0.8545  0.9204
 4772.480  0.8439  0.9294
 4772.500  0.8345  0.9401
 4772.520  0.8284  0.9523
 4772.540  0.8288  0.9626
 4772.560  0.8374  0.9688
 4772.580  0.8518  0.9714
 4772.600  0.8646  0.9711
 4772.620  0.8672  0.9706
 4772.640  0.8545  0.9720
 4772.660  0.8286  0.9740
 4772.680  0.7981  0.9752
 4772.700  0.7737  0.9713
 4772.720  0.7631  0.9552
 4772.740  0.7695  0.9275
 4772.760  0.7905  0.8980
 4772.780  0.8169  0.8744
 4772.800  0.8383  0.8562
 4772.820  0.8506  0.8377
 4772.840  0.8593  0.8163
 4772.860  0.8730  0.8008
 4772.880  0.8942  0.8044
 4772.900  0.9163  0.8283
 4772.920  0.9324  0.8583
 4772.940  0.9414  0.8815
 4772.960  0.9465  0.8964
 4772.980  0.9511  0.9071
 4773.000  0.9546  0.9186
 4773.020  0.9539  0.9332
 4773.040  0.9489  0.9454
 4773.060  0.9447  0.9480
 4773.080  0.9460  0.9430
 4773.100  0.9526  0.9432
 4773.120  0.9602  0.9559
 4773.140  0.9663  0.9716
 4773.160  0.9718  0.9771
 4773.180  0.9783  0.9737
 4773.200  0.9852  0.9728
 4773.220  0.9902  0.9807
 4773.240  0.9886  0.9899
 4773.260  0.9788  0.9849
 4773.280  0.9654  0.9640
 4773.300  0.9537  0.9451
 4773.320  0.9428  0.9411
 4773.340  0.9284  0.9495
 4773.360  0.9089  0.9644
 4773.380  0.8874  0.9789
 4773.400  0.8683  0.9825
 4773.420  0.8542  0.9721
 4773.440  0.8464  0.9542
 4773.460  0.8465  0.9337
 4773.480  0.8534  0.9117
 4773.500  0.8632  0.8894
 4773.520  0.8737  0.8730
 4773.540  0.8861  0.8672
 4773.560  0.9029  0.8645
 4773.580  0.9222  0.8546
 4773.600  0.9382  0.8383
 4773.620  0.9461  0.8229
 4773.640  0.9469  0.8123
 4773.660  0.9462  0.8059
 4773.680  0.9484  0.7998
 4773.700  0.9520  0.7918
 4773.720  0.9526  0.7873
 4773.740  0.9472  0.7965
 4773.760  0.9380  0.8216
 4773.780  0.9320  0.8510
 4773.800  0.9337  0.8721
 4773.820  0.9403  0.8824
 4773.840  0.9457  0.8867
 4773.860  0.9464  0.8913
 4773.880  0.9455  0.9017
 4773.900  0.9471  0.9167
 4773.920  0.9488  0.9251
 4773.940  0.9459  0.9209
 4773.960  0.9406  0.9126
 4773.980  0.9399  0.9093
 4774.000  0.9470  0.9122
 4774.020  0.9556  0.9214
 4774.040  0.9548  0.9361
 4774.060  0.9403  0.9528
 4774.080  0.9172  0.9684
 4774.100  0.8948  0.9763
 4774.120  0.8805  0.9672
 4774.140  0.8748  0.9425
 4774.160  0.8705  0.9157
 4774.180  0.8597  0.8998
 4774.200  0.8414  0.8963
 4774.220  0.8207  0.8987
 4774.240  0.8036  0.8991
 4774.260  0.7929  0.8933
 4774.280  0.7884  0.8844
 4774.300  0.7911  0.8818
 4774.320  0.8034  0.8923
 4774.340  0.8262  0.9139
 4774.360  0.8561  0.9393
 4774.380  0.8854  0.9609
 4774.400  0.9062  0.9727
 4774.420  0.9145  0.9733
 4774.440  0.9126  0.9665
 4774.460  0.9083  0.9599
 4774.480  0.9094  0.9598
 4774.500  0.9160  0.9665
 4774.520  0.9219  0.9775
 4774.540  0.9223  0.9839
 4774.560  0.9177  0.9768
 4774.580  0.9128  0.9622
 4774.600  0.9131  0.9522
 4774.620  0.9222  0.9505
 4774.640  0.9390  0.9556
 4774.660  0.9563  0.9628
 4774.680  0.9646  0.9635
 4774.700  0.9611  0.9568
 4774.720  0.9527  0.9535
 4774.740  0.9472  0.9581
 4774.760  0.9442  0.9618
 4774.780  0.9375  0.9576
 4774.800  0.9237  0.9504
 4774.820  0.9081  0.9488
 4774.840  0.9008  0.9526
 4774.860  0.9041  0.9557
 4774.880  0.9113  0.9546
 4774.900  0.9161  0.9497
 4774.920  0.9158  0.9425
 4774.940  0.9138  0.9339
 4774.960  0.9206  0.9245
 4774.980  0.9411  0.9168
 4775.000  0.9653  0.9121
 4775.020  0.9767  0.9073
 4775.040  0.9691  0.9011
 4775.060  0.9517  0.8948
 4775.080  0.9410  0.8852
 4775.100  0.9452  0.8666
 4775.120  0.9583  0.8357
 4775.140  0.9684  0.7914
 4775.160  0.9679  0.7402
 4775.180  0.9594  0.6961
 4775.200  0.9511  0.6708
 4775.220  0.9490  0.6681
 4775.240  0.9536  0.6803
 4775.260  0.9594  0.6960
 4775.280  0.9594  0.7149
 4775.300  0.9517  0.7447
 4775.320  0.9410  0.7853
 4775.340  0.9338  0.8257
 4775.360  0.9315  0.8590
 4775.380  0.9317  0.8870
 4775.400  0.9342  0.9122
 4775.420  0.9386  0.9320
 4775.440  0.9413  0.9421
 4775.460  0.9411  0.9418
 4775.480  0.9385  0.9377
 4775.500  0.9318  0.9359
 4775.520  0.9208  0.9337
 4775.540  0.9104  0.9284
 4775.560  0.9082  0.9263
 4775.580  0.9149  0.9341
 4775.600  0.9196  0.9505
 4775.620  0.9097  0.9656
 4775.640  0.8839  0.9726
 4775.660  0.8520  0.9745
 4775.680  0.8252 -1.0000
 4775.700  0.8052 -1.0000
 4775.720  0.7847 -1.0000
 4775.740  0.7575 -1.0000
 4775.760  0.7272 -1.0000
 4775.780  0.7042 -1.0000
 4775.800  0.6986 -1.0000
 4775.820  0.7130 -1.0000
 4775.840  0.7417 -1.0000
 4775.860  0.7722 -1.0000
 4775.880  0.7862 -1.0000
 4775.900  0.7849 -1.0000
 4775.920  0.7950  0.9713
 4775.940  0.8228  0.9577
 4775.960  0.8471  0.9290
 4775.980  0.8643  0.8904
 4776.000  0.8865  0.8542
 4776.020  0.9129  0.8343
 4776.040  0.9324  0.8379
 4776.060  0.9394  0.8581
 4776.080  0.9372  0.8823
 4776.100  0.9342  0.9009
 4776.120  0.9350  0.9088
 4776.140  0.9371  0.9061
 4776.160  0.9373  0.8998
 4776.180  0.9368  0.8969
 4776.200  0.9375  0.8985
 4776.220  0.9396  0.8992
 4776.240  0.9396  0.8933
 4776.260  0.9336  0.8800
 4776.280  0.9237  0.8636
 4776.300  0.9176  0.8536
 4776.320  0.9205  0.8566
 4776.340  0.9308  0.8664
 4776.360  0.9440  0.8739
 4776.380  0.9571  0.8773
 4776.400  0.9678  0.8796
 4776.420  0.9734  0.8831
 4776.440  0.9713  0.8917
 4776.460  0.9628  0.9104
 4776.480  0.9548  0.9349
 4776.500  0.9513  0.9520
 4776.520  0.9455  0.9561
 4776.540  0.9291  0.9528
 4776.560  0.9001  0.9478
 4776.580  0.8641  0.9446
 4776.600  0.8329  0.9457
 4776.620  0.8191  0.9525
 4776.640  0.8260  0.9623
 4776.660  0.8464  0.9695
 4776.680  0.8677  0.9696
 4776.700  0.8807  0.9645
 4776.720  0.8820  0.9597
 4776.740  0.8734  0.9577
 4776.760  0.8604  0.9575
 4776.780  0.8507  0.9560
 4776.800  0.8495  0.9465
 4776.820  0.8558  0.9230
 4776.840  0.8645  0.8883
 4776.860  0.8707  0.8558
 4776.880  0.8736  0.8426
 4776.900  0.8783  0.8544
 4776.920  0.8886  0.8836
 4776.940  0.9014  0.9198
 4776.960  0.9099  0.9510
 4776.980  0.9119  0.9675
 4777.000  0.9118  0.9713
 4777.020  0.9166  0.9708
 4777.040  0.9270  0.9677
 4777.060  0.9386  0.9582
 4777.080  0.9475  0.9449
 4777.100  0.9532  0.9378
 4777.120  0.9571  0.9424
 4777.140  0.9611  0.9556
 4777.160  0.9649  0.9708
 4777.180  0.9655  0.9778
 4777.200  0.9600  0.9729
 4777.220  0.9507  0.9672
 4777.240  0.9458  0.9677
 4777.260  0.9499  0.9677
 4777.280  0.9562  0.9624
 4777.300  0.9581  0.9537
 4777.320  0.9581  0.9452
 4777.340  0.9550  0.9348
 4777.360  0.9408  0.9162
 4777.380  0.9148  0.8913
 4777.400  0.8865  0.8667
 4777.420  0.8655  0.8415
 4777.440  0.8577  0.8131
 4777.460  0.8645  0.7846
 4777.480  0.8809  0.7629
 4777.500  0.8994  0.7564
 4777.520  0.9161  0.7677
 4777.540  0.9290  0.7872
 4777.560  0.9369  0.8040
 4777.580  0.9403  0.8139
 4777.600  0.9411  0.8178
 4777.620  0.9425  0.8183
 4777.640  0.9458  0.8165
 4777.660  0.9477  0.8131
 4777.680  0.9442  0.8122
 4777.700  0.9373  0.8219
 4777.720  0.9344  0.8489
 4777.740  0.9411  0.8865
 4777.760  0.9546  0.9168
 4777.780  0.9638  0.9248
 4777.800  0.9597  0.9087
 4777.820  0.9449  0.8812
 4777.840  0.9312  0.8575
 4777.860  0.9285  0.8444
 4777.880  0.9356  0.8453
 4777.900  0.9421  0.8601
 4777.920  0.9381  0.8845
 4777.940  0.9224  0.9125
 4777.960  0.9001  0.9369
 4777.980  0.8746  0.9533
 4778.000  0.8458  0.9602
 4778.020  0.8142  0.9609
 4778.040  0.7862  0.9636
 4778.060  0.7704  0.9676
 4778.080  0.7685  0.9656
 4778.100  0.7748  0.9600
 4778.120  0.7815  0.9557
 4778.140  0.7843  0.9503
 4778.160  0.7865  0.9394
 4778.180  0.7954  0.9249
 4778.200  0.8126  0.9147
 4778.220  0.8302  0.9146
 4778.240  0.8388  0.9238
 4778.260  0.8415  0.9380
 4778.280  0.8517  0.9543
 4778.300  0.8757  0.9718
 4778.320  0.9038  0.9860
 4778.340  0.9206  0.9909
 4778.360  0.9187  0.9851
 4778.380  0.9038  0.9724
 4778.400  0.8866  0.9620
 4778.420  0.8731  0.9602
 4778.440  0.8634  0.9622
 4778.460  0.8584  0.9601
 4778.480  0.8605  0.9515
 4778.500  0.8690  0.9373
 4778.520  0.8803  0.9208
 4778.540  0.8906  0.9052
 4778.560  0.8992  0.8924
 4778.580  0.9097  0.8861
 4778.600  0.9262  0.8921
 4778.620  0.9474  0.9104
 4778.640  0.9666  0.9333
 4778.660  0.9762  0.9518
 4778.680  0.9737  0.9585
 4778.700  0.9624  0.9526
 4778.720  0.9487  0.9414
 4778.740  0.9390  0.9335
 4778.760  0.9366  0.9354
 4778.780  0.9407  0.9473
 4778.800  0.9468  0.9562
 4778.820  0.9502  0.9485
 4778.840  0.9507  0.9300
 4778.860  0.9521  0.9185
 4778.880  0.9567  0.9229
 4778.900  0.9617  0.9392
 4778.920  0.9625  0.9537
 4778.940  0.9585  0.9516
 4778.960  0.9539  0.9387
 4778.980  0.9528  0.9384
 4779.000  0.9555  0.9587
 4779.020  0.9593  0.9873
 4779.040  0.9573  1.0116
 4779.060  0.9451  1.0219
 4779.080  0.9267  1.0111
 4779.100  0.9065  0.9889
 4779.120  0.8873  0.9762
 4779.140  0.8760  0.9810
 4779.160  0.8780  0.9926
 4779.180  0.8899  0.9937
 4779.200  0.9032  0.9791
 4779.220  0.9125  0.9615
 4779.240  0.9197  0.9542
 4779.260  0.9271  0.9572
 4779.280  0.9338  0.9606
 4779.300  0.9400  0.9580
 4779.320  0.9466  0.9521
 4779.340  0.9513  0.9481
 4779.360  0.9506  0.9479
 4779.380  0.9439  0.9503
 4779.400  0.9351  0.9531
 4779.420  0.9290  0.9566
 4779.440  0.9275  0.9650
 4779.460  0.9289  0.9795
 4779.480  0.9312  0.9932
 4779.500  0.9351  0.9983
 4779.520  0.9425  0.9937
 4779.540  0.9547  0.9822
 4779.560  0.9686  0.9676
 4779.580  0.9776  0.9535
 4779.600  0.9788  0.9432
 4779.620  0.9765  0.9403
 4779.640  0.9761  0.9464
 4779.660  0.9787  0.9561
 4779.680  0.9811  0.9567
 4779.700  0.9798  0.9412
 4779.720  0.9745  0.9165
 4779.740  0.9700  0.8923
 4779.760  0.9703  0.8694
 4779.780  0.9724  0.8427
 4779.800  0.9716  0.8075
 4779.820  0.9695  0.7633
 4779.840  0.9692  0.7128
 4779.860  0.9697  0.6625
 4779.880  0.9697  0.6230
 4779.900  0.9694  0.6038
 4779.920  0.9675  0.6108
 4779.940  0.9643  0.6419
 4779.960  0.9629  0.6859
 4779.980  0.9657  0.7345
 4780.000  0.9721  0.7862
 4780.020  0.9779  0.8388
 4780.040  0.9771  0.8882
 4780.060  0.9695  0.9271
 4780.080  0.9602  0.9470
 4780.100  0.9533  0.9460
 4780.120  0.9484  0.9335
 4780.140  0.9414  0.9233
 4780.160  0.9314  0.9233
 4780.180  0.9245  0.9316
 4780.200  0.9270  0.9407
 4780.220  0.9381  0.9462
 4780.240  0.9505  0.9533
 4780.260  0.9544  0.9677
 4780.280  0.9447  0.9844
 4780.300  0.9254  0.9905
 4780.320  0.9037  0.9800
 4780.340  0.8823  0.9603
 4780.360  0.8595  0.9427
 4780.380  0.8331  0.9314
 4780.400  0.8010  0.9221
 4780.420  0.7634  0.9099
 4780.440  0.7245  0.8965
 4780.460  0.6923  0.8931
 4780.480  0.6733  0.9074
 4780.500  0.6690  0.9277
 4780.520  0.6765  0.9372
 4780.540  0.6933  0.9354
 4780.560  0.7183  0.9314
 4780.580  0.7479  0.9308
 4780.600  0.7781  0.9378
 4780.620  0.8088  0.9510
 4780.640  0.8416  0.9609
 4780.660  0.8752  0.9602
 4780.680  0.9052  0.9482
 4780.700  0.9252  0.9328
 4780.720  0.9312  0.9244
 4780.740  0.9261  0.9246
 4780.760  0.9202  0.9297
 4780.780  0.9228  0.9363
 4780.800  0.9335  0.9362
 4780.820  0.9427  0.9235
 4780.840  0.9414  0.9102
 4780.860  0.9321  0.9151
 4780.880  0.9248  0.9352
 4780.900  0.9221  0.9458
 4780.920  0.9192  0.9314
 4780.940  0.9172  0.9068
 4780.960  0.9201  0.8959
 4780.980  0.9236  0.9018
 4781.000  0.9182  0.9160
 4781.020  0.9038  0.9344
 4781.040  0.8935  0.9530
 4781.060  0.8996  0.9650
 4781.080  0.9185  0.9697
 4781.100  0.9356  0.9703
 4781.120  0.9440  0.9695
 4781.140  0.9453  0.9702
 4781.160  0.9457  0.9753
 4781.180  0.9543  0.9844
 4781.200  0.9711  0.9929
 4781.220  0.9831  0.9960
 4781.240  0.9783  0.9931
 4781.260  0.9590  0.9883
 4781.280  0.9408  0.9830
 4781.300  0.9387  0.9747
 4781.320  0.9492  0.9682
 4781.340  0.9548  0.9695
 4781.360  0.9441  0.9751
 4781.380  0.9201  0.9788
 4781.400  0.8980  0.9758
 4781.420  0.8929  0.9622
 4781.440  0.9038  0.9405
 4781.460  0.9165  0.9199
 4781.480  0.9220  0.9116
 4781.500  0.9219  0.9175
 4781.520  0.9213  0.9272
 4781.540  0.9218  0.9292
 4781.560  0.9209  0.9205
 4781.580  0.9182  0.9093
 4781.600  0.9203  0.9059
 4781.620  0.9316  0.9119
 4781.640  0.9472  0.9224
 4781.660  0.9589  0.9315
 4781.680  0.9637  0.9373
 4781.700  0.9653  0.9436
 4781.720  0.9677  0.9509
 4781.740  0.9689  0.9535
 4781.760  0.9645  0.9491
 4781.780  0.9570  0.9405
 4781.800  0.9534  0.9288
 4781.820  0.9577  0.9136
 4781.840  0.9671  0.8977
 4781.860  0.9736  0.8863
 4781.880  0.9716  0.8856
 4781.900  0.9642  0.8985
 4781.920  0.9599  0.9200
 4781.940  0.9622  0.9416
 4781.960  0.9677  0.9556
 4781.980  0.9704  0.9588
 4782.000  0.9671  0.9551
 4782.020  0.9600  0.9494
 4782.040  0.9521  0.9441
 4782.060  0.9432  0.9385
 4782.080  0.9327  0.9277
 4782.100  0.9217  0.9119
 4782.120  0.9128  0.8988
 4782.140  0.9103  0.8877
 4782.160  0.9147  0.8689
 4782.180  0.9193  0.8353
 4782.200  0.9187  0.7927
 4782.220  0.9179  0.7587
 4782.240  0.9247  0.7480
 4782.260  0.9379  0.7635
 4782.280  0.9489  0.7992
 4782.300  0.9511  0.8429
 4782.320  0.9449  0.8832
 4782.340  0.9377  0.9124
 4782.360  0.9358  0.9260
 4782.380  0.9380  0.9253
 4782.400  0.9366  0.9155
 4782.420  0.9260  0.9025
 4782.440  0.9095  0.8903
 4782.460  0.8968  0.8798
 4782.480  0.8962  0.8684
 4782.500  0.9064  0.8465
 4782.520  0.9178  0.8076
 4782.540  0.9236  0.7595
 4782.560  0.9252  0.7176
 4782.580  0.9287  0.6957
 4782.600  0.9364  0.6975
 4782.620  0.9409  0.7164
 4782.640  0.9331  0.7513
 4782.660  0.9159  0.7985
 4782.680  0.8970  0.8395
 4782.700  0.8753  0.8640
 4782.720  0.8502  0.8792
 4782.740  0.8271  0.8948
 4782.760  0.8086  0.9150
 4782.780  0.7940  0.9332
 4782.800  0.7848  0.9408
 4782.820  0.7847  0.9436
 4782.840  0.7937  0.9478
 4782.860  0.8060  0.9491
 4782.880  0.8164  0.9478
 4782.900  0.8264  0.9521
 4782.920  0.8394  0.9620
 4782.940  0.8537  0.9668
 4782.960  0.8654  0.9625
 4782.980  0.8759  0.9550
 4783.000  0.8859  0.9459
 4783.020  0.8878  0.9330
 4783.040  0.8735  0.9201
 4783.060  0.8459  0.9108
 4783.080  0.8174  0.9017
 4783.100  0.7975  0.8920
 4783.120  0.7833  0.8863
 4783.140  0.7661  0.8890
 4783.160  0.7436  0.9007
 4783.180  0.7250  0.9185
 4783.200  0.7237  0.9352
 4783.220  0.7455  0.9377
 4783.240  0.7821  0.9212
 4783.260  0.8187  0.8980
 4783.280  0.8455  0.8793
 4783.300  0.8631  0.8611
 4783.320  0.8791  0.8337
 4783.340  0.8998  0.7971
 4783.360  0.9252  0.7626
 4783.380  0.9501  0.7453
 4783.400  0.9672  0.7536
 4783.420  0.9712  0.7825
 4783.440  0.9640  0.8172
 4783.460  0.9553  0.8449
 4783.480  0.9547  0.8662
 4783.500  0.9630  0.8886
 4783.520  0.9705  0.9122
 4783.540  0.9656  0.9319
 4783.560  0.9460  0.9438
 4783.580  0.9230  0.9433
 4783.600  0.9098  0.9302
 4783.620  0.9093  0.9128
 4783.640  0.9137  0.8980
 4783.660  0.9127  0.8844
 4783.680  0.9022  0.8679
 4783.700  0.8873  0.8515
 4783.720  0.8758  0.8438
 4783.740  0.8707  0.8473
 4783.760  0.8717  0.8589
 4783.780  0.8804  0.8739
 4783.800  0.8968  0.8887
 4783.820  0.9108  0.9000
 4783.840  0.9065  0.9076
 4783.860  0.8778  0.9160
 4783.880  0.8361  0.9302
 4783.900  0.8017  0.9490
 4783.920  0.7879  0.9633
 4783.940  0.7935  0.9657
 4783.960  0.8068  0.9569
 4783.980  0.8164  0.9426
 4784.000  0.8209  0.9286
 4784.020  0.8272  0.9186
 4784.040  0.8428  0.9152
 4784.060  0.8679  0.9208
 4784.080  0.8945  0.9329
 4784.100  0.9133  0.9438
 4784.120  0.9205  0.9459
 4784.140  0.9186  0.9342
 4784.160  0.9121  0.9117
 4784.180  0.9054  0.8884
 4784.200  0.8999  0.8676
 4784.220  0.8941  0.8446
 4784.240  0.8865  0.8205
 4784.260  0.8772  0.8020
 4784.280  0.8658  0.7935
 4784.300  0.8530  0.7929
 4784.320  0.8427  0.7965
 4784.340  0.8423  0.8086
 4784.360  0.8569  0.8360
 4784.380  0.8815  0.8731
 4784.400  0.9033  0.9081
 4784.420  0.9139  0.9386
 4784.440  0.9162  0.9625
 4784.460  0.9168  0.9710
 4784.480  0.9151  0.9666
 4784.500  0.9115 -1.0000
 4784.520  0.9132 -1.0000
 4784.540  0.9201 -1.0000
 4784.560  0.9251 -1.0000
 4784.580  0.9260 -1.0000
 4784.600  0.9236 -1.0000
 4784.620  0.9172 -1.0000
 4784.640  0.9109  0.9169
 4784.660  0.9116  0.9085
 4784.680  0.9193  0.9101
 4784.700  0.9256  0.9213
 4784.720  0.9183  0.9311
 4784.740  0.8928  0.9354
 4784.760  0.8616  0.9376
 4784.780  0.8396  0.9342
 4784.800  0.8287  0.9201
 4784.820  0.8252  0.9001
 4784.840  0.8227  0.8770
 4784.860  0.8155  0.8433
 4784.880  0.8084  0.8002
 4784.900  0.8126  0.7654
 4784.920  0.8301  0.7535
 4784.940  0.8536  0.7646
 4784.960  0.8764  0.7917
 4784.980  0.8972  0.8272
 4785.000  0.9170  0.8659
 4785.020  0.9333  0.9016
 4785.040  0.9407  0.9239
 4785.060  0.9392  0.9270
 4785.080  0.9360  0.9161
 4785.100  0.9359  0.9009
 4785.120  0.9355  0.8905
 4785.140  0.9273  0.8889
 4785.160  0.9101  0.8917
 4785.180  0.8945  0.8975
 4785.200  0.8935  0.9125
 4785.220  0.9073  0.9328
 4785.240  0.9237  0.9478
 4785.260  0.9328  0.9590
 4785.280  0.9344  0.9731
 4785.300  0.9329  0.9868
 4785.320  0.9300  0.9940
 4785.340  0.9251  0.9934
 4785.360  0.9176  0.9884
 4785.380  0.9055  0.9840
 4785.400  0.8847  0.9806
 4785.420  0.8534  0.9758
 4785.440  0.8169  0.9685
 4785.460  0.7864  0.9594
 4785.480  0.7714  0.9506
 4785.500  0.7744  0.9452
 4785.520  0.7896  0.9446
 4785.540  0.8085  0.9471
 4785.560  0.8291  0.9505
 4785.580  0.8544  0.9540
 4785.600  0.8837  0.9569
 4785.620  0.9094  0.9552
 4785.640  0.9206  0.9454
 4785.660  0.9154  0.9283
 4785.680  0.9055  0.9084
 4785.700  0.9041  0.8882
 4785.720  0.9112  0.8669
 4785.740  0.9176  0.8420
 4785.760  0.9172  0.8131
 4785.780  0.9142  0.7883
 4785.800  0.9195  0.7800
 4785.820  0.9359  0.7923
 4785.840  0.9529  0.8162
 4785.860  0.9602  0.8385
 4785.880  0.9576  0.8512
 4785.900  0.9521  0.8543
 4785.920  0.9499  0.8540
 4785.940  0.9490  0.8583
 4785.960  0.9435  0.8669
 4785.980  0.9342  0.8713
 4786.000  0.9280  0.8649
 4786.020  0.9289  0.8498
 4786.040  0.9326  0.8358
 4786.060  0.9304  0.8299
 4786.080  0.9196  0.8324
 4786.100  0.9114  0.8478
 4786.120  0.9195  0.8797
 4786.140  0.9379  0.9145
 4786.160  0.9456  0.9383
 4786.180  0.9314  0.9583
 4786.200  0.9069  0.9834
 4786.220  0.8920  1.0044
 4786.240  0.8898  1.0050
 4786.260  0.8892  0.9889
 4786.280  0.8839  0.9758
 4786.300  0.8692  0.9755
 4786.320  0.8417  0.9812
 4786.340  0.8099  0.9837
 4786.360  0.7907  0.9812
 4786.380  0.7937  0.9770
 4786.400  0.8138  0.9744
 4786.420  0.8367  0.9701
 4786.440  0.8518  0.9537
 4786.460  0.8582  0.9270
 4786.480  0.8630  0.9141
 4786.500  0.8710  0.9324
 4786.520  0.8763  0.9655
 4786.540  0.8689  0.9888
 4786.560  0.8485  1.0005
 4786.580  0.8285  1.0040
 4786.600  0.8221  0.9977
 4786.620  0.8293  0.9873
 4786.640  0.8446  0.9804
 4786.660  0.8646  0.9792
 4786.680  0.8814  0.9826
 4786.700  0.8901  0.9860
 4786.720  0.8988  0.9867
 4786.740  0.9182  0.9848
 4786.760  0.9466  0.9771
 4786.780  0.9714  0.9593
 4786.800  0.9831  0.9307
 4786.820  0.9840  0.8893
 4786.840  0.9811  0.8333
 4786.860  0.9793  0.7682
 4786.880  0.9797  0.7054
 4786.900  0.9797  0.6536
 4786.920  0.9754  0.6147
 4786.940  0.9672  0.5906
 4786.960  0.9608  0.5872
 4786.980  0.9608  0.6091
 4787.000  0.9661  0.6565
 4787.020  0.9724  0.7227
 4787.040  0.9770  0.7932
 4787.060  0.9800  0.8539
 4787.080  0.9813  0.8972
 4787.100  0.9796  0.9228
 4787.120  0.9744  0.9398
 4787.140  0.9687  0.9571
 4787.160  0.9654  0.9708
 4787.180  0.9649  0.9733
 4787.200  0.9655  0.9645
 4787.220  0.9653  0.9491
 4787.240  0.9669  0.9344
 4787.260  0.9733  0.9321
 4787.280  0.9806  0.9463
 4787.300  0.9788  0.9640
 4787.320  0.9624  0.9704
 4787.340  0.9360  0.9663
 4787.360  0.9115  0.9613
 4787.380  0.8936  0.9628
 4787.400  0.8717  0.9706
 4787.420  0.8314  0.9730
 4787.440  0.7722  0.9607
 4787.460  0.7098  0.9427
 4787.480  0.6642  0.9363
 4787.500  0.6419  0.9453
 4787.520  0.6339  0.9567
 4787.540  0.6315  0.9553
 4787.560  0.6380  0.9385
 4787.580  0.6643  0.9163
 4787.600  0.7136  0.8989
 4787.620  0.7721  0.8876
 4787.640  0.8214  0.8749
 4787.660  0.8546  0.8554
 4787.680  0.8765  0.8372
 4787.700  0.8955  0.8336
 4787.720  0.9160  0.8489
 4787.740  0.9335  0.8777
 4787.760  0.9412  0.9086
 4787.780  0.9400  0.9306
 4787.800  0.9371  0.9400
 4787.820  0.9379  0.9380
 4787.840  0.9423  0.9258
 4787.860  0.9467  0.9096
 4787.880  0.9472  0.8969
 4787.900  0.9413  0.8900
 4787.920  0.9296  0.8970
 4787.940  0.9198  0.9180
 4787.960  0.9194  0.9332
 4787.980  0.9225  0.9321
 4788.000  0.9210  0.9265
 4788.020  0.9218  0.9290
 4788.040  0.9336  0.9422
 4788.060  0.9502  0.9620
 4788.080  0.9615  0.9786
 4788.100  0.9664  0.9848
 4788.120  0.9669  0.9852
 4788.140  0.9614  0.9851
 4788.160  0.9457  0.9798
 4788.180  0.9195  0.9692
 4788.200  0.8886  0.9633
 4788.220  0.8613  0.9645
 4788.240  0.8446  0.9614
 4788.260  0.8420  0.9455
 4788.280  0.8507  0.9304
 4788.300  0.8634  0.9390
 4788.320  0.8725  0.9633
 4788.340  0.8745  0.9772
 4788.360  0.8724  0.9810
 4788.380  0.8775  0.9803
 4788.400  0.8934  0.9673
 4788.420  0.9048  0.9461
 4788.440  0.8998  0.9280
 4788.460  0.8881  0.9176
 4788.480  0.8829  0.9136
 4788.500  0.8848  0.9072
 4788.520  0.8887  0.8874
 4788.540  0.8930  0.8507
 4788.560  0.8987  0.8016
 4788.580  0.9071  0.7523
 4788.600  0.9166  0.7171
 4788.620  0.9230  0.7035
 4788.640  0.9247  0.7136
 4788.660  0.9247  0.7469
 4788.680  0.9268  0.7957
 4788.700  0.9319  0.8475
 4788.720  0.9383  0.8922
 4788.740  0.9428  0.9237
 4788.760  0.9438  0.9403
 4788.780  0.9438  0.9427
 4788.800  0.9461  0.9369
 4788.820  0.9519  0.9311
 4788.840  0.9599  0.9193
 4788.860  0.9664  0.8902
 4788.880  0.9670  0.8521
 4788.900  0.9591  0.8219
 4788.920  0.9450  0.8050
 4788.940  0.9337  0.8005
 4788.960  0.9362  0.8067
 4788.980  0.9524  0.8177
 4789.000  0.9692  0.8306
 4789.020  0.9713  0.8503
 4789.040  0.9514  0.8761
 4789.060  0.9154  0.8975
 4789.080  0.8803  0.9083
 4789.100  0.8565  0.9132
 4789.120  0.8379  0.9203
 4789.140  0.8140  0.9315
 4789.160  0.7844  0.9384
 4789.180  0.7578  0.9347
 4789.200  0.7454  0.9283
 4789.220  0.7522  0.9303
 4789.240  0.7735  0.9413
 4789.260  0.8028  0.9548
 4789.280  0.8366  0.9617
 4789.300  0.8704  0.9579
 4789.320  0.8984  0.9494
 4789.340  0.9158  0.9454
 4789.360  0.9220  0.9467
 4789.380  0.9214  0.9464
 4789.400  0.9186  0.9386
 4789.420  0.9110  0.9213
 4789.440  0.8922  0.8954
 4789.460  0.8621  0.8628
 4789.480  0.8293  0.8288
 4789.500  0.8036  0.8007
 4789.520  0.7892  0.7805
 4789.540  0.7840  0.7644
 4789.560  0.7874  0.7512
 4789.580  0.8031  0.7478
 4789.600  0.8316  0.7592
 4789.620  0.8641  0.7730
 4789.640  0.8869  0.7757
 4789.660  0.8950  0.7728
 4789.680  0.8995  0.7696
 4789.700  0.9089  0.7625
 4789.720  0.9167  0.7546
 4789.740  0.9199  0.7508
 4789.760  0.9274  0.7496
 4789.780  0.9406  0.7522
 4789.800  0.9489  0.7647
 4789.820  0.9461  0.7908
 4789.840  0.9373  0.8300
 4789.860  0.9313  0.8738
 4789.880  0.9328  0.9088
 4789.900  0.9391  0.9305
 4789.920  0.9425  0.9470
 4789.940  0.9367  0.9657
 4789.960  0.9223  0.9834
 4789.980  0.9058  0.9910
 4790.000  0.8922  0.9847
 4790.020  0.8800  0.9663
 4790.040  0.8630  0.9406
 4790.060  0.8401  0.9225
 4790.080  0.8174  0.9309
 4790.100  0.8005  0.9567
 4790.120  0.7875  0.9687
 4790.140  0.7705  0.9620
 4790.160  0.7494  0.9567
 4790.180  0.7368  0.9558
 4790.200  0.7398  0.9499
 4790.220  0.7552  0.9441
 4790.240  0.7784  0.9478
 4790.260  0.7961  0.9592
 4790.280  0.7924  0.9695
 4790.300  0.7716  0.9730
 4790.320  0.7561  0.9710
 4790.340  0.7630  0.9680
 4790.360  0.7890  0.9667
 4790.380  0.8167  0.9678
 4790.400  0.8342  0.9697
 4790.420  0.8457  0.9712
 4790.440  0.8627  0.9719
 4790.460  0.8902  0.9679
 4790.480  0.9230  0.9596
 4790.500  0.9502  0.9533
 4790.520  0.9662  0.9547
 4790.540  0.9724  0.9649
 4790.560  0.9719  0.9751
 4790.580  0.9654  0.9732
 4790.600  0.9552  0.9578
 4790.620  0.9480  0.9338
 4790.640  0.9503  0.9043
 4790.660  0.9616  0.8720
 4790.680  0.9754  0.8376
 4790.700  0.9850  0.7999
 4790.720  0.9896  0.7630
 4790.740  0.9910  0.7399
 4790.760  0.9890  0.7397
 4790.780  0.9821  0.7591
 4790.800  0.9712  0.7909
 4790.820  0.9615  0.8326
 4790.840  0.9587  0.8820
 4790.860  0.9637  0.9280
 4790.880  0.9715  0.9555
 4790.900  0.9745  0.9605
 4790.920  0.9688  0.9509
 4790.940  0.9577  0.9375
 4790.960  0.9489  0.9309
 4790.980  0.9479  0.9337
 4791.000  0.9526  0.9411
 4791.020  0.9564  0.9474
 4791.040  0.9551  0.9476
 4791.060  0.9491  0.9402
 4791.080  0.9421  0.9287
 4791.100  0.9377  0.9142
 4791.120  0.9373  0.8951
 4791.140  0.9388  0.8711
 4791.160  0.9379  0.8409
 4791.180  0.9301  0.8045
 4791.200  0.9154  0.7715
 4791.220  0.8960  0.7529
 4791.240  0.8716  0.7468
 4791.260  0.8403  0.7467
 4791.280  0.8057  0.7567
 4791.300  0.7776  0.7881
 4791.320  0.7660  0.8416
 4791.340  0.7709  0.8906
 4791.360  0.7805  0.9118
 4791.380  0.7855  0.9128
 4791.400  0.7903  0.9010
 4791.420  0.8002  0.8757
 4791.440  0.8197  0.8493
 4791.460  0.8559  0.8395
 4791.480  0.9030  0.8538
 4791.500  0.9378  0.8844
 4791.520  0.9448  0.9166
 4791.540  0.9310  0.9435
 4791.560  0.9182  0.9631
 4791.580  0.9194  0.9720
 4791.600  0.9289  0.9725
 4791.620  0.9346  0.9715
 4791.640  0.9322  0.9710
 4791.660  0.9247  0.9665
 4791.680  0.9142  0.9514
 4791.700  0.8946  0.9271
 4791.720  0.8592  0.9059
 4791.740  0.8145  0.8977
 4791.760  0.7779  0.9011
 4791.780  0.7616  0.9049
 4791.800  0.7621  0.8941
 4791.820  0.7674  0.8654
 4791.840  0.7717  0.8412
 4791.860  0.7830  0.8480
 4791.880  0.8077  0.8713
 4791.900  0.8365  0.8804
 4791.920  0.8559  0.8770
 4791.940  0.8613  0.8650
 4791.960  0.8530  0.8338
 4791.980  0.8423  0.7924
 4792.000  0.8489  0.7652
 4792.020  0.8760  0.7670
 4792.040  0.9039  0.7949
 4792.060  0.9130  0.8362
 4792.080  0.9052  0.8814
 4792.100  0.8987  0.9233
 4792.120  0.9038  0.9531
 4792.140  0.9145  0.9674
 4792.160  0.9235  0.9718
 4792.180  0.9297  0.9709
 4792.200  0.9358  0.9642
 4792.220  0.9415  0.9559
 4792.240  0.9398  0.9553
 4792.260  0.9240  0.9635
 4792.280  0.8988  0.9745
 4792.300  0.8777  0.9839
 4792.320  0.8698  0.9871
 4792.340  0.8730  0.9809
 4792.360  0.8796  0.9681
 4792.380  0.8859  0.9579
 4792.400  0.8949  0.9552
 4792.420  0.9080  0.9550
 4792.440  0.9187  0.9528
 4792.460  0.9187  0.9534
 4792.480  0.9043  0.9593
 4792.500  0.8784  0.9678
 4792.520  0.8484  0.9775
 4792.540  0.8208  0.9797
 4792.560  0.7992  0.9672
 4792.580  0.7898  0.9520
 4792.600  0.7992  0.9498
 4792.620  0.8253  0.9611
 4792.640  0.8573  0.9735
 4792.660  0.8838  0.9689
 4792.680  0.9001  0.9388
 4792.700  0.9117  0.8927
 4792.720  0.9257  0.8469
 4792.740  0.9416  0.8139
 4792.760  0.9553  0.8007
 4792.780  0.9643  0.8077
 4792.800  0.9679  0.8334
 4792.820  0.9676  0.8718
 4792.840  0.9651  0.9069
 4792.860  0.9596  0.9276
 4792.880  0.9532  0.9420
 4792.900  0.9515  0.9626
 4792.920  0.9539  0.9896
 4792.940  0.9518  1.0124
 4792.960  0.9387  1.0148
 4792.980  0.9191  0.9888
 4793.000  0.9081  0.9584
 4793.020  0.9176  0.9543
 4793.040  0.9380  0.9646
 4793.060  0.9472  0.9676
 4793.080  0.9383  0.9753
 4793.100  0.9247  0.9924
 4793.120  0.9188  1.0005
 4793.140  0.9194  0.9947
 4793.160  0.9230  0.9831
 4793.180  0.9299  0.9702
 4793.200  0.9358  0.9565
 4793.220  0.9332  0.9442
 4793.240  0.9234  0.9379
 4793.260  0.9127  0.9410
 4793.280  0.9014  0.9542
 4793.300  0.8874  0.9741
 4793.320  0.8712  0.9937
 4793.340  0.8567  1.0056
 4793.360  0.8494  1.0041
 4793.380  0.8521  0.9925
 4793.400  0.8631  0.9816
 4793.420  0.8798  0.9746
 4793.440  0.8990  0.9627
 4793.460  0.9167  0.9395
 4793.480  0.9309  0.9075
 4793.500  0.9399  0.8749
 4793.520  0.9412  0.8508
 4793.540  0.9345  0.8389
 4793.560  0.9262  0.8360
 4793.580  0.9269  0.8445
 4793.600  0.9416  0.8728
 4793.620  0.9646  0.9082
 4793.640  0.9815  0.9260
 4793.660  0.9802  0.9263
 4793.680  0.9653  0.9160
 4793.700  0.9497  0.8870
 4793.720  0.9358  0.8395
 4793.740  0.9265  0.7981
 4793.760  0.9333  0.7899
 4793.780  0.9533  0.8171
 4793.800  0.9684  0.8607
 4793.820  0.9701  0.9008
 4793.840  0.9654  0.9276
 4793.860  0.9624  0.9426
 4793.880  0.9615  0.9516
 4793.900  0.9587  0.9557
 4793.920  0.9541  0.9528
 4793.940  0.9513  0.9407
 4793.960  0.9498  0.9164
 4793.980  0.9448  0.8784
 4794.000  0.9335  0.8312
 4794.020  0.9180  0.7860
 4794.040  0.9028  0.7579
 4794.060  0.8904  0.7527
 4794.080  0.8790  0.7600
 4794.100  0.8662  0.7669
 4794.120  0.8541  0.7704
 4794.140  0.8467  0.7719
 4794.160  0.8465  0.7759
 4794.180  0.8525  0.7892
 4794.200  0.8608  0.8121
 4794.220  0.8680  0.8356
 4794.240  0.8726  0.8519
 4794.260  0.8730  0.8627
 4794.280  0.8672  0.8709
 4794.300  0.8552  0.8745
 4794.320  0.8410  0.8739
 4794.340  0.8334  0.8742
 4794.360  0.8391  0.8813
 4794.380  0.8575  0.8991
 4794.400  0.8810  0.9258
 4794.420  0.9008  0.9535
 4794.440  0.9127  0.9736
 4794.460  0.9189  0.9862
 4794.480  0.9224  0.9954
 4794.500  0.9211  0.9992
 4794.520  0.9094  0.9942
 4794.540  0.8847  0.9843
 4794.560  0.8521  0.9779
 4794.580  0.8231  0.9791
 4794.600  0.8072  0.9867
 4794.620  0.8048  0.9919
 4794.640  0.8054  0.9763
 4794.660  0.7967  0.9327
 4794.680  0.7783  0.8885
 4794.700  0.7621  0.8763
 4794.720  0.7581  0.8894
 4794.740  0.7652  0.9065
 4794.760  0.7756  0.9266
 4794.780  0.7854  0.9443
 4794.800  0.7956  0.9452
 4794.820  0.8021  0.9315
 4794.840  0.8061  0.9167
 4794.860  0.8195  0.9076
 4794.880  0.8401  0.9030
 4794.900  0.8538  0.8990
 4794.920  0.8603  0.8932
 4794.940  0.8702  0.8866
 4794.960  0.8881  0.8773
 4794.980  0.9092  0.8574
 4795.000  0.9252  0.8197
 4795.020  0.9327  0.7696
 4795.040  0.9357  0.7251
 4795.060  0.9371  0.6996
 4795.080  0.9362  0.6941
 4795.100  0.9357  0.7026
 4795.120  0.9421  0.7125
 4795.140  0.9592  0.7115
 4795.160  0.9805  0.7022
 4795.180  0.9901  0.7008
 4795.200  0.9768  0.7222
 4795.220  0.9495  0.7718
 4795.240  0.9265  0.8382
 4795.260  0.9134  0.8954
 4795.280  0.9044  0.9218
 4795.300  0.8939  0.9164
 4795.320  0.8837  0.9087
 4795.340  0.8810  0.9271
 4795.360  0.8865  0.9526
 4795.380  0.8905  0.9571
 4795.400  0.8905  0.9555
 4795.420  0.8929  0.9680
 4795.440  0.8937  0.9872
 4795.460  0.8849  1.0011
 4795.480  0.8699  1.0028
 4795.500  0.8538  0.9919
 4795.520  0.8366  0.9800
 4795.540  0.8213  0.9832
 4795.560  0.8136  1.0045
 4795.580  0.8117  1.0242
 4795.600  0.8009  1.0193
 4795.620  0.7693  0.9929
 4795.640  0.7263  0.9668
 4795.660  0.6931  0.9545
 4795.680  0.6835  0.9534
 4795.700  0.6950  0.9525
 4795.720  0.7116  0.9407
 4795.740  0.7211  0.9175
 4795.760  0.7278  0.8927
 4795.780  0.7419  0.8707
 4795.800  0.7663  0.8428
 4795.820  0.7979  0.8057
 4795.840  0.8314  0.7778
 4795.860  0.8630  0.7795
 4795.880  0.8912  0.8069
 4795.900  0.9129  0.8405
 4795.920  0.9238  0.8685
 4795.940  0.9251  0.8881
 4795.960  0.9251  0.8983
 4795.980  0.9330  0.9040
 4796.000  0.9499  0.9071
 4796.020  0.9666  0.8962
 4796.040  0.9739  0.8629
 4796.060  0.9726  0.8176
 4796.080  0.9703  0.7762
 4796.100  0.9723  0.7449
 4796.120  0.9782  0.7247
 4796.140  0.9823  0.7236
 4796.160  0.9795  0.7495
 4796.180  0.9692  0.7958
 4796.200  0.9550  0.8497
 4796.220  0.9436  0.9031
 4796.240  0.9394  0.9521
 4796.260  0.9400  0.9943
 4796.280  0.9366  1.0245
 4796.300  0.9210  1.0434
 4796.320  0.8944  1.0585
 4796.340  0.8687 -1.0000
 4796.360  0.8527 -1.0000
 4796.380  0.8369 -1.0000
 4796.400  0.8089 -1.0000
 4796.420  0.7758 -1.0000
 4796.440  0.7549 -1.0000
 4796.460  0.7587 -1.0000
 4796.480  0.7845 -1.0000
 4796.500  0.8142 -1.0000
 4796.520  0.8362 -1.0000
 4796.540  0.8522 -1.0000
 4796.560  0.8613 -1.0000
 4796.580  0.8636 -1.0000
 4796.600  0.8658 -1.0000
 4796.620  0.8648 -1.0000
 4796.640  0.8469 -1.0000
 4796.660  0.8112 -1.0000
 4796.680  0.7732  0.8451
 4796.700  0.7488  0.8785
 4796.720  0.7463  0.9136
 4796.740  0.7627  0.9325
 4796.760  0.7854  0.9360
 4796.780  0.8027  0.9345
 4796.800  0.8144  0.9367
 4796.820  0.8320  0.9479
 4796.840  0.8649  0.9636
 4796.860  0.9057  0.9723
 4796.880  0.9371  0.9672
 4796.900  0.9477  0.9556
 4796.920  0.9407  0.9558
 4796.940  0.9299  0.9755
 4796.960  0.9236  0.9985
 4796.980  0.9130  1.0053
 4797.000  0.8906  0.9967
 4797.020  0.8664  0.9899
 4797.040  0.8559  0.9958
 4797.060  0.8602  1.0012
 4797.080  0.8634  0.9932
 4797.100  0.8474  0.9863
 4797.120  0.8087  0.9926
 4797.140  0.7567  0.9948
 4797.160  0.7053  0.9782
 4797.180  0.6749  0.9527
 4797.200  0.6815  0.9309
 4797.220  0.7163  0.9144
 4797.240  0.7557  0.8973
 4797.260  0.7866  0.8758
 4797.280  0.8113  0.8519
 4797.300  0.8365  0.8273
 4797.320  0.8633  0.8005
 4797.340  0.8885  0.7686
 4797.360  0.9085  0.7311
 4797.380  0.9217  0.6916
 4797.400  0.9288  0.6550
 4797.420  0.9309  0.6284
 4797.440  0.9286  0.6189
 4797.460  0.9224  0.6285
 4797.480  0.9157  0.6561
 4797.500  0.9142  0.6946
 4797.520  0.9208  0.7325
 4797.540  0.9312  0.7628
 4797.560  0.9385  0.7833
 4797.580  0.9386  0.7982
 4797.600  0.9343  0.8191
 4797.620  0.9351  0.8535
 4797.640  0.9481  0.8950
 4797.660  0.9687  0.9287
 4797.680  0.9833  0.9474
 4797.700  0.9809  0.9563
 4797.720  0.9619  0.9594
 4797.740  0.9354  0.9569
 4797.760  0.9120  0.9508
 4797.780  0.8966  0.9473
 4797.800  0.8873  0.9515
 4797.820  0.8784  0.9612
 4797.840  0.8665  0.9704
 4797.860  0.8521  0.9759
 4797.880  0.8338  0.9785
 4797.900  0.8068  0.9818
 4797.920  0.7714  0.9913
 4797.940  0.7354  1.0050
 4797.960  0.7060  1.0092
 4797.980  0.6841  0.9929
 4798.000  0.6672  0.9663
 4798.020  0.6549  0.9551
 4798.040  0.6529  0.9652
 4798.060  0.6648  0.9776
 4798.080  0.6826  0.9867
 4798.100  0.6974  1.0031
 4798.120  0.7083  1.0197
 4798.140  0.7164  1.0185
 4798.160  0.7328  1.0018
 4798.180  0.7758  0.9866
 4798.200  0.8384  0.9813
 4798.220  0.8895  0.9833
 4798.240  0.9106  0.9869
 4798.260  0.9093  0.9868
 4798.280  0.9063  0.9813
 4798.300  0.9154  0.9738
 4798.320  0.9341  0.9690
 4798.340  0.9509  0.9673
 4798.360  0.9588  0.9655
 4798.380  0.9578  0.9669
 4798.400  0.9520  0.9743
 4798.420  0.9449  0.9791
 4798.440  0.9375  0.9748
 4798.460  0.9328  0.9656
 4798.480  0.9331  0.9558
 4798.500  0.9325  0.9450
 4798.520  0.9252  0.9313
 4798.540  0.9177  0.9181
 4798.560  0.9207  0.9133
 4798.580  0.9345  0.9199
 4798.600  0.9485  0.9350
 4798.620  0.9516  0.9549
 4798.640  0.9440  0.9722
 4798.660  0.9394  0.9754
 4798.680  0.9484  0.9572
 4798.700  0.9652  0.9261
 4798.720  0.9755  0.9047
 4798.740  0.9718  0.9025
 4798.760  0.9573  0.9067
 4798.780  0.9412  0.9125
 4798.800  0.9308  0.9265
 4798.820  0.9254  0.9383
 4798.840  0.9162  0.9304
 4798.860  0.9011  0.9040
 4798.880  0.8974  0.8729
 4798.900  0.9197  0.8540
 4798.920  0.9514  0.8565
 4798.940  0.9641  0.8729
 4798.960  0.9540  0.8912
 4798.980  0.9398  0.9057
 4799.000  0.9352  0.9104
 4799.020  0.9375  0.8945
 4799.040  0.9365  0.8547
 4799.060  0.9281  0.8071
 4799.080  0.9199  0.7723
 4799.100  0.9177  0.7558
 4799.120  0.9166  0.7518
 4799.140  0.9137  0.7551
 4799.160  0.9152  0.7634
 4799.180  0.9242  0.7766
 4799.200  0.9346  0.7956
 4799.220  0.9390  0.8212
 4799.240  0.9337  0.8486
 4799.260  0.9210  0.8729
 4799.280  0.9092  0.8975
 4799.300  0.9039  0.9245
 4799.320  0.9022  0.9478
 4799.340  0.9001  0.9610
 4799.360  0.8967  0.9650
 4799.380  0.8919  0.9685
 4799.400  0.8846  0.9763
 4799.420  0.8747  0.9811
 4799.440  0.8655  0.9755
 4799.460  0.8638  0.9590
 4799.480  0.8715  0.9308
 4799.500  0.8800  0.8903
 4799.520  0.8810  0.8432
 4799.540  0.8741  0.7994
 4799.560  0.8651  0.7707
 4799.580  0.8579  0.7682
 4799.600  0.8484  0.7917
 4799.620  0.8278  0.8239
 4799.640  0.7969  0.8536
 4799.660  0.7676  0.8910
 4799.680  0.7512  0.9356
 4799.700  0.7470  0.9640
 4799.720  0.7434  0.9761
 4799.740  0.7375  0.9930
 4799.760  0.7434  1.0078
 4799.780  0.7677  1.0023
 4799.800  0.7995  0.9835
 4799.820  0.8329  0.9698
 4799.840  0.8680  0.9687
 4799.860  0.8983  0.9752
 4799.880  0.9182  0.9794
 4799.900  0.9282  0.9756
 4799.920  0.9283  0.9656
 4799.940  0.9197  0.9530
 4799.960  0.9104  0.9383
 4799.980  0.9101  0.9199
 4800.000  0.9205  0.8997
 4800.020  0.9315  0.8829
 4800.040  0.9292  0.8777
 4800.060  0.9097  0.8908
 4800.080  0.8799  0.9143
 4800.100  0.8470  0.9341
 4800.120  0.8144  0.9420
 4800.140  0.7848  0.9328
 4800.160  0.7648  0.9075
 4800.180  0.7666  0.8810
 4800.200  0.7958  0.8682
 4800.220  0.8415  0.8660
 4800.240  0.8856  0.8617
 4800.260  0.9174  0.8513
 4800.280  0.9368  0.8378
 4800.300  0.9483  0.8287
 4800.320  0.9551  0.8343
 4800.340  0.9549  0.8506
 4800.360  0.9471  0.8555
 4800.380  0.9393  0.8420
 4800.400  0.9408  0.8290
 4800.420  0.9521  0.8228
 4800.440  0.9622  0.8171
 4800.460  0.9565  0.8184
 4800.480  0.9348  0.8350
 4800.500  0.9093  0.8631
 4800.520  0.8860  0.8917
 4800.540  0.8677  0.9143
 4800.560  0.8654  0.9319
 4800.580  0.8822  0.9429
 4800.600  0.9028  0.9437
 4800.620  0.9129  0.9378
 4800.640  0.9114  0.9351
 4800.660  0.9035  0.9453
 4800.680  0.8940  0.9695
 4800.700  0.8866  0.9967
 4800.720  0.8840  1.0103
 4800.740  0.8871  1.0040
 4800.760  0.8926  0.9888
 4800.780  0.8935  0.9812
 4800.800  0.8827  0.9843
 4800.820  0.8601  0.9884
 4800.840  0.8348  0.9854
 4800.860  0.8182  0.9794
 4800.880  0.8153  0.9788
 4800.900  0.8208  0.9836
 4800.920  0.8258  0.9898
 4800.940  0.8276  0.9896
 4800.960  0.8309  0.9719
 4800.980  0.8405  0.9366
 4801.000  0.8551  0.9009
 4801.020  0.8650  0.8846
 4801.040  0.8630  0.8851
 4801.060  0.8535  0.8820
 4801.080  0.8483  0.8694
 4801.100  0.8566  0.8569
 4801.120  0.8751  0.8516
 4801.140  0.8890  0.8604
 4801.160  0.8932  0.8823
 4801.180  0.8989  0.9036
 4801.200  0.9140  0.9208
 4801.220  0.9330  0.9425
 4801.240  0.9482  0.9638
 4801.260  0.9599  0.9734
 4801.280  0.9727  0.9795
 4801.300  0.9863  0.9928
 4801.320  0.9908  0.9988
 4801.340  0.9782  0.9887
 4801.360  0.9569  0.9842
 4801.380  0.9469  0.9951
 4801.400  0.9536  1.0023
 4801.420  0.9623  0.9957
 4801.440  0.9643  0.9873
 4801.460  0.9664  0.9840
 4801.480  0.9715  0.9813
 4801.500  0.9728  0.9771
 4801.520  0.9662  0.9754
 4801.540  0.9541  0.9806
 4801.560  0.9411  0.9931
 4801.580  0.9275  1.0060
 4801.600  0.9081  1.0063
 4801.620  0.8789  0.9871
 4801.640  0.8448  0.9573
 4801.660  0.8194  0.9373
 4801.680  0.8144  0.9408
 4801.700  0.8292  0.9612
 4801.720  0.8523  0.9812
 4801.740  0.8730  0.9941
 4801.760  0.8885  0.9993
 4801.780  0.9010  0.9934
 4801.800  0.9107  0.9805
 4801.820  0.9177  0.9715
 4801.840  0.9259  0.9719
 4801.860  0.9386  0.9788
 4801.880  0.9529  0.9807
 4801.900  0.9631  0.9662
 4801.920  0.9653  0.9410
 4801.940  0.9597  0.9230
 4801.960  0.9488  0.9195
 4801.980  0.9364  0.9198
 4802.000  0.9265  0.9085
 4802.020  0.9210  0.8842
 4802.040  0.9226  0.8641
 4802.060  0.9328  0.8616
 4802.080  0.9467  0.8673
 4802.100  0.9547  0.8661
 4802.120  0.9515  0.8589
 4802.140  0.9399  0.8514
 4802.160  0.9238  0.8435
 4802.180  0.9069  0.8383
 4802.200  0.8990  0.8441
 4802.220  0.9090  0.8620
 4802.240  0.9283  0.8846
 4802.260  0.9397  0.9053
 4802.280  0.9397  0.9210
 4802.300  0.9368  0.9324
 4802.320  0.9390  0.9392
 4802.340  0.9465  0.9354
 4802.360  0.9524  0.9130
 4802.380  0.9501  0.8741
 4802.400  0.9397  0.8319
 4802.420  0.9283  0.7926
 4802.440  0.9213  0.7562
 4802.460  0.9173  0.7302
 4802.480  0.9139  0.7256
 4802.500  0.9134  0.7506
 4802.520  0.9167  0.8005
 4802.540  0.9210  0.8541
 4802.560  0.9245  0.8927
 4802.580  0.9264  0.9162
 4802.600  0.9225  0.9328
 4802.620  0.9082  0.9429
 4802.640  0.8853  0.9400
 4802.660  0.8619  0.9281
 4802.680  0.8465  0.9218
 4802.700  0.8419  0.9287
 4802.720  0.8439  0.9463
 4802.740  0.8459  0.9676
 4802.760  0.8452  0.9815
 4802.780  0.8466  0.9861
 4802.800  0.8559  0.9928
 4802.820  0.8727  1.0064
 4802.840  0.8919  1.0107
 4802.860  0.9085  0.9876
 4802.880  0.9191  0.9468
 4802.900  0.9226  0.9173
 4802.920  0.9174  0.9067
 4802.940  0.8988  0.9026
 4802.960  0.8648  0.9046
 4802.980 -1.0000 -1.0000
 4803.000 -1.0000 -1.0000
 4772.000  0.0000  0.0000
 4772.020  0.0000  0.0000
 4772.040 -0.0038  0.0026
 4772.060 -0.0114 -0.0008
 4772.080 -0.0170  0.0037
 4772.100 -0.0163  0.0108
 4772.120 -0.0098  0.0131
 4772.140 -0.0014  0.0079
 4772.160  0.0041 -0.0018
 4772.180  0.0044 -0.0105
 4772.200  0.0003 -0.0126
 4772.220 -0.0059 -0.0061
 4772.240 -0.0120  0.0059
 4772.260 -0.0163  0.0165
 4772.280 -0.0171  0.0179
 4772.300 -0.0135  0.0091
 4772.320 -0.0067 -0.0038
 4772.340  0.0004 -0.0137
 4772.360  0.0052 -0.0181
 4772.380  0.0069 -0.0183
 4772.400  0.0072 -0.0167
 4772.420  0.0071 -0.0137
 4772.440  0.0064 -0.0075
 4772.460  0.0040  0.0019
 4772.480  0.0001  0.0077
 4772.500 -0.0036  0.0024
 4772.520 -0.0052 -0.0120
 4772.540 -0.0039 -0.0255
 4772.560 -0.0012 -0.0299
 4772.580  0.0004 -0.0240
 4772.600 -0.0013 -0.0117
 4772.620 -0.0063  0.0018
 4772.640 -0.0120  0.0133
 4772.660 -0.0149  0.0240
 4772.680 -0.0133  0.0330
 4772.700 -0.0096  0.0336
 4772.720 -0.0084  0.0218
 4772.740 -0.0119  0.0041
 4772.760 -0.0171 -0.0082
 4772.780 -0.0171 -0.0101
 4772.800 -0.0088 -0.0053
 4772.820  0.0025 -0.0011
 4772.840  0.0074 -0.0033
 4772.860  0.0006 -0.0101
 4772.880 -0.0136 -0.0136
 4772.900 -0.0242 -0.0103
 4772.920 -0.0235 -0.0047
 4772.940 -0.0132 -0.0023
 4772.960 -0.0021 -0.0027
 4772.980  0.0022 -0.0021
 4773.000 -0.0011  0.0023
 4773.020 -0.0066  0.0087
 4773.040 -0.0082  0.0110
 4773.060 -0.0043  0.0038
 4773.080  0.0022 -0.0093
 4773.100  0.0065 -0.0192
 4773.120  0.0055 -0.0205
 4773.140  0.0002 -0.0153
 4773.160 -0.0052 -0.0101
 4773.180 -0.0066 -0.0112
 4773.200 -0.0031 -0.0175
 4773.220  0.0017 -0.0205
 4773.240  0.0024 -0.0137
 4773.260 -0.0028  0.0001
 4773.280 -0.0101  0.0123
 4773.300 -0.0144  0.0161
 4773.320 -0.0140  0.0110
 4773.340 -0.0117  0.0042
 4773.360 -0.0120  0.0042
 4773.380 -0.0162  0.0117
 4773.400 -0.0221  0.0200
 4773.420 -0.0276  0.0222
 4773.440 -0.0323  0.0159
 4773.460 -0.0359  0.0042
 4773.480 -0.0354 -0.0056
 4773.500 -0.0270 -0.0081
 4773.520 -0.0111 -0.0033
 4773.540  0.0037  0.0043
 4773.560  0.0074  0.0100
 4773.580 -0.0016  0.0112
 4773.600 -0.0135  0.0093
 4773.620 -0.0149  0.0069
 4773.640 -0.0012  0.0043
 4773.660  0.0168  0.0006
 4773.680  0.0243 -0.0040
 4773.700  0.0162 -0.0077
 4773.720 -0.0001 -0.0075
 4773.740 -0.0121 -0.0027
 4773.760 -0.0147  0.0017
 4773.780 -0.0145 -0.0029
 4773.800 -0.0202 -0.0187
 4773.820 -0.0327 -0.0364
 4773.840 -0.0435 -0.0445
 4773.860 -0.0424 -0.0380
 4773.880 -0.0290 -0.0212
 4773.900 -0.0129 -0.0045
 4773.920 -0.0050  0.0038
 4773.940 -0.0086  0.0059
 4773.960 -0.0160  0.0095
 4773.980 -0.0166  0.0166
 4774.000 -0.0065  0.0224
 4774.020  0.0083  0.0228
 4774.040  0.0173  0.0178
 4774.060  0.0137  0.0098
 4774.080 -0.0003  0.0015
 4774.100 -0.0165 -0.0061
 4774.120 -0.0261 -0.0144
 4774.140 -0.0248 -0.0222
 4774.160 -0.0140 -0.0239
 4774.180  0.0008 -0.0160
 4774.200  0.0132 -0.0035
 4774.220  0.0197  0.0042
 4774.240  0.0205  0.0015
 4774.260  0.0188 -0.0100
 4774.280  0.0166 -0.0221
 4774.300  0.0127 -0.0259
 4774.320  0.0047 -0.0196
 4774.340 -0.0062 -0.0097
 4774.360 -0.0144 -0.0044
 4774.380 -0.0135 -0.0070
 4774.400 -0.0033 -0.0141
 4774.420  0.0067 -0.0175
 4774.440  0.0063 -0.0124
 4774.460 -0.0052 -0.0036
 4774.480 -0.0181  0.0002
 4774.500 -0.0207 -0.0063
 4774.520 -0.0107 -0.0210
 4774.540  0.0006 -0.0352
 4774.560  0.0011 -0.0399
 4774.580 -0.0104 -0.0347
 4774.600 -0.0240 -0.0264
 4774.620 -0.0291 -0.0197
 4774.640 -0.0253 -0.0128
 4774.660 -0.0215 -0.0017
 4774.680 -0.0229  0.0152
 4774.700 -0.0259  0.0335
 4774.720 -0.0227  0.0429
 4774.740 -0.0123  0.0369
 4774.760 -0.0036  0.0206
 4774.780 -0.0066  0.0060
 4774.800 -0.0188  0.0024
 4774.820 -0.0278  0.0108
 4774.840 -0.0239  0.0232
 4774.860 -0.0094  0.0289
 4774.880  0.0017  0.0236
 4774.900 -0.0007  0.0120
 4774.920 -0.0121  0.0017
 4774.940 -0.0197 -0.0021
 4774.960 -0.0160 -0.0006
 4774.980 -0.0041  0.0000
 4775.000  0.0064 -0.0043
 4775.020  0.0095 -0.0103
 4775.040  0.0077 -0.0121
 4775.060  0.0058 -0.0078
 4775.080  0.0054  0.0001
 4775.100  0.0040  0.0059
 4775.120 -0.0009  0.0059
 4775.140 -0.0076  0.0022
 4775.160 -0.0118  0.0004
 4775.180 -0.0107  0.0017
 4775.200 -0.0055  0.0018
 4775.220  0.0002 -0.0023
 4775.240  0.0025 -0.0089
 4775.260 -0.0006 -0.0129
 4775.280 -0.0085 -0.0094
 4775.300 -0.0179  0.0009
 4775.320 -0.0242  0.0101
 4775.340 -0.0240  0.0110
 4775.360 -0.0178  0.0046
 4775.380 -0.0106 -0.0029
 4775.400 -0.0074 -0.0072
 4775.420 -0.0089 -0.0079
 4775.440 -0.0112 -0.0081
 4775.460 -0.0091 -0.0107
 4775.480 -0.0014 -0.0148
 4775.500  0.0079 -0.0161
 4775.520  0.0121 -0.0122
 4775.540  0.0066 -0.0053
 4775.560 -0.0073  0.0003
 4775.580 -0.0228  0.0010
 4775.600 -0.0305 -0.0030
 4775.620 -0.0255 -0.0077
 4775.640 -0.0116 -0.0091
 4775.660  0.0014 -0.0073
 4775.680  0.0045 -0.0049
 4775.700 -0.0030 -0.0033
 4775.720 -0.0125 -0.0022
 4775.740 -0.0156 -0.0008
 4775.760 -0.0118  0.0010
 4775.780 -0.0066  0.0023
 4775.800 -0.0048  0.0022
 4775.820 -0.0053 -0.0002
 4775.840 -0.0035 -0.0051
 4775.860  0.0007 -0.0121
 4775.880  0.0016 -0.0203
 4775.900 -0.0044 -0.0252
 4775.920 -0.0127 -0.0188
 4775.940 -0.0144  0.0014
 4775.960 -0.0061  0.0261
 4775.980  0.0042  0.0402
 4776.000  0.0040  0.0346
 4776.020 -0.0089  0.0111
 4776.040 -0.0246 -0.0166
 4776.060 -0.0300 -0.0313
 4776.080 -0.0204 -0.0266
 4776.100 -0.0043 -0.0100
 4776.120  0.0070  0.0052
 4776.140  0.0115  0.0094
 4776.160  0.0142  0.0009
 4776.180  0.0184 -0.0135
 4776.200  0.0206 -0.0254
 4776.220  0.0135 -0.0305
 4776.240 -0.0040 -0.0297
 4776.260 -0.0218 -0.0264
 4776.280 -0.0277 -0.0224
 4776.300 -0.0178 -0.0158
 4776.320 -0.0006 -0.0035
 4776.340  0.0098  0.0135
 4776.360  0.0056  0.0286
 4776.380 -0.0086  0.0349
 4776.400 -0.0199  0.0290
 4776.420 -0.0173  0.0155
 4776.440 -0.0006  0.0056
 4776.460  0.0200  0.0060
 4776.480  0.0314  0.0119
 4776.500  0.0268  0.0146
 4776.520  0.0107  0.0111
 4776.540 -0.0061  0.0046
 4776.560 -0.0165  0.0007
 4776.580 -0.0206  0.0033
 4776.600 -0.0234  0.0102
 4776.620 -0.0280  0.0157
 4776.640 -0.0316  0.0178
 4776.660 -0.0300  0.0190
 4776.680 -0.0227  0.0213
 4776.700 -0.0132  0.0235
 4776.720 -0.0061  0.0235
 4776.740 -0.0031  0.0208
 4776.760 -0.0025  0.0162
 4776.780 -0.0032  0.0107
 4776.800 -0.0053  0.0050
 4776.820 -0.0089 -0.0009
 4776.840 -0.0130 -0.0070
 4776.860 -0.0164 -0.0116
 4776.880 -0.0191 -0.0128
 4776.900 -0.0229 -0.0091
 4776.920 -0.0277 -0.0007
 4776.940 -0.0295  0.0099
 4776.960 -0.0242  0.0187
 4776.980 -0.0127  0.0225
 4777.000 -0.0016  0.0199
 4777.020  0.0011  0.0133
 4777.040 -0.0059  0.0075
 4777.060 -0.0155  0.0055
 4777.080 -0.0187  0.0063
 4777.100 -0.0124  0.0078
 4777.120 -0.0013  0.0104
 4777.140  0.0065  0.0151
 4777.160  0.0069  0.0200
 4777.180  0.0025  0.0206
 4777.200 -0.0023  0.0136
 4777.220 -0.0065 -0.0002
 4777.240 -0.0135 -0.0151
 4777.260 -0.0255 -0.0244
 4777.280 -0.0373 -0.0263
 4777.300 -0.0389 -0.0250
 4777.320 -0.0256 -0.0240
 4777.340 -0.0042 -0.0221
 4777.360  0.0095 -0.0174
 4777.380  0.0047 -0.0119
 4777.400 -0.0140 -0.0087
 4777.420 -0.0314 -0.0080
 4777.440 -0.0344 -0.0076
 4777.460 -0.0230 -0.0051
 4777.480 -0.0097 -0.0001
 4777.500 -0.0066  0.0035
 4777.520 -0.0141  0.0011
 4777.540 -0.0237 -0.0061
 4777.560 -0.0271 -0.0104
 4777.580 -0.0244 -0.0072
 4777.600 -0.0214  0.0011
 4777.620 -0.0208  0.0095
 4777.640 -0.0190  0.0156
 4777.660 -0.0125  0.0192
 4777.680 -0.0030  0.0198
 4777.700  0.0036  0.0165
 4777.720  0.0037  0.0079
 4777.740  0.0009 -0.0047
 4777.760  0.0016 -0.0149
 4777.780  0.0072 -0.0158
 4777.800  0.0138 -0.0080
 4777.820  0.0167  0.0003
 4777.840  0.0134  0.0032
 4777.860  0.0046  0.0008
 4777.880 -0.0081 -0.0038
 4777.900 -0.0227 -0.0084
 4777.920 -0.0342 -0.0133
 4777.940 -0.0363 -0.0206
 4777.960 -0.0277 -0.0298
 4777.980 -0.0156 -0.0340
 4778.000 -0.0102 -0.0263
 4778.020 -0.0154 -0.0074
 4778.040 -0.0241  0.0149
 4778.060 -0.0245  0.0313
 4778.080 -0.0131  0.0352
 4778.100  0.0026  0.0263
 4778.120  0.0120  0.0097
 4778.140  0.0100 -0.0084
 4778.160  0.0013 -0.0227
 4778.180 -0.0063 -0.0307
 4778.200 -0.0097 -0.0331
 4778.220 -0.0098 -0.0319
 4778.240 -0.0070 -0.0289
 4778.260 -0.0012 -0.0238
 4778.280  0.0065 -0.0147
 4778.300  0.0130 -0.0011
 4778.320  0.0150  0.0125
 4778.340  0.0122  0.0194
 4778.360  0.0076  0.0167
 4778.380  0.0030  0.0062
 4778.400 -0.0024 -0.0062
 4778.420 -0.0092 -0.0141
 4778.440 -0.0154 -0.0148
 4778.460 -0.0183 -0.0105
 4778.480 -0.0174 -0.0059
 4778.500 -0.0151 -0.0047
 4778.520 -0.0135 -0.0078
 4778.540 -0.0102 -0.0126
 4778.560 -0.0030 -0.0152
 4778.580  0.0045 -0.0129
 4778.600  0.0052 -0.0061
 4778.620 -0.0044  0.0014
 4778.640 -0.0185  0.0045
 4778.660 -0.0244  0.0011
 4778.680 -0.0156 -0.0065
 4778.700 -0.0005 -0.0132
 4778.720  0.0061 -0.0136
 4778.740 -0.0029 -0.0074
 4778.760 -0.0215  0.0000
 4778.780 -0.0349  0.0014
 4778.800 -0.0336 -0.0066
 4778.820 -0.0196 -0.0208
 4778.840 -0.0020 -0.0318
 4778.860  0.0109 -0.0315
 4778.880  0.0148 -0.0205
 4778.900  0.0095 -0.0067
 4778.920 -0.0031  0.0013
 4778.940 -0.0179 -0.0002
 4778.960 -0.0273 -0.0070
 4778.980 -0.0261 -0.0109
 4779.000 -0.0171 -0.0079
 4779.020 -0.0087 -0.0017
 4779.040 -0.0076  0.0033
 4779.060 -0.0135  0.0064
 4779.080 -0.0189  0.0085
 4779.100 -0.0172  0.0093
 4779.120 -0.0093  0.0081
 4779.140 -0.0019  0.0050
 4779.160 -0.0011  0.0016
 4779.180 -0.0073  0.0016
 4779.200 -0.0151  0.0062
 4779.220 -0.0179  0.0106
 4779.240 -0.0126  0.0087
 4779.260 -0.0017  0.0013
 4779.280  0.0091 -0.0042
 4779.300  0.0136 -0.0037
 4779.320  0.0093 -0.0002
 4779.340 -0.0017  0.0007
 4779.360 -0.0144 -0.0038
 4779.380 -0.0248 -0.0111
 4779.400 -0.0309 -0.0143
 4779.420 -0.0324 -0.0106
 4779.440 -0.0296 -0.0075
 4779.460 -0.0237 -0.0126
 4779.480 -0.0166 -0.0216
 4779.500 -0.0109 -0.0239
 4779.520 -0.0062 -0.0157
 4779.540  0.0011 -0.0024
 4779.560  0.0130  0.0073
 4779.580  0.0257  0.0080
 4779.600  0.0320  0.0040
 4779.620  0.0268  0.0068
 4779.640  0.0129  0.0202
 4779.660 -0.0016  0.0338
 4779.680 -0.0112  0.0347
 4779.700 -0.0169  0.0207
 4779.720 -0.0213 -0.0004
 4779.740 -0.0236 -0.0170
 4779.760 -0.0199 -0.0225
 4779.780 -0.0090 -0.0201
 4779.800  0.0017 -0.0176
 4779.820  0.0033 -0.0176
 4779.840 -0.0045 -0.0166
 4779.860 -0.0131 -0.0112
 4779.880 -0.0139 -0.0015
 4779.900 -0.0072  0.0079
 4779.920 -0.0023  0.0114
 4779.940 -0.0057  0.0082
 4779.960 -0.0118  0.0047
 4779.980 -0.0105  0.0066
 4780.000  0.0012  0.0124
 4780.020  0.0155  0.0166
 4780.040  0.0202  0.0154
 4780.060  0.0118  0.0093
 4780.080 -0.0019  0.0028
 4780.100 -0.0111  0.0002
 4780.120 -0.0120 -0.0005
 4780.140 -0.0071 -0.0043
 4780.160  0.0000 -0.0106
 4780.180  0.0088 -0.0134
 4780.200  0.0179 -0.0101
 4780.220  0.0201 -0.0063
 4780.240  0.0082 -0.0071
 4780.260 -0.0158 -0.0109
 4780.280 -0.0397 -0.0113
 4780.300 -0.0490 -0.0017
 4780.320 -0.0396  0.0166
 4780.340 -0.0224  0.0307
 4780.360 -0.0124  0.0292
 4780.380 -0.0149  0.0169
 4780.400 -0.0245  0.0083
 4780.420 -0.0317  0.0086
 4780.440 -0.0331  0.0109
 4780.460 -0.0325  0.0088
 4780.480 -0.0336  0.0026
 4780.500 -0.0354 -0.0023
 4780.520 -0.0343 -0.0014
 4780.540 -0.0290  0.0029
 4780.560 -0.0225  0.0016
 4780.580 -0.0178 -0.0081
 4780.600 -0.0134 -0.0147
 4780.620 -0.0052 -0.0082
 4780.640  0.0077  0.0031
 4780.660  0.0209  0.0042
 4780.680  0.0279 -0.0059
 4780.700  0.0255 -0.0152
 4780.720  0.0173 -0.0143
 4780.740  0.0091 -0.0045
 4780.760  0.0029  0.0034
 4780.780 -0.0032 -0.0033
 4780.800 -0.0114 -0.0220
 4780.820 -0.0209 -0.0331
 4780.840 -0.0272 -0.0253
 4780.860 -0.0274 -0.0136
 4780.880 -0.0229 -0.0151
 4780.900 -0.0182 -0.0257
 4780.920 -0.0163 -0.0303
 4780.940 -0.0155 -0.0208
 4780.960 -0.0109 -0.0012
 4780.980 -0.0007  0.0151
 4781.000  0.0111  0.0168
 4781.020  0.0168  0.0070
 4781.040  0.0111 -0.0006
 4781.060 -0.0032 -0.0011
 4781.080 -0.0165 -0.0031
 4781.100 -0.0204 -0.0110
 4781.120 -0.0141 -0.0166
 4781.140 -0.0041 -0.0114
 4781.160  0.0031  0.0020
 4781.180  0.0064  0.0141
 4781.200  0.0081  0.0172
 4781.220  0.0093  0.0108
 4781.240  0.0083  0.0020
 4781.260  0.0028 -0.0022
 4781.280 -0.0054 -0.0037
 4781.300 -0.0102 -0.0099
 4781.320 -0.0064 -0.0208
 4781.340  0.0049 -0.0279
 4781.360  0.0167 -0.0262
 4781.380  0.0213 -0.0199
 4781.400  0.0156 -0.0163
 4781.420  0.0029 -0.0186
 4781.440 -0.0119 -0.0226
 4781.460 -0.0239 -0.0184
 4781.480 -0.0293 -0.0015
 4781.500 -0.0264  0.0185
 4781.520 -0.0174  0.0267
 4781.540 -0.0081  0.0178
 4781.560 -0.0056 -0.0009
 4781.580 -0.0113 -0.0141
 4781.600 -0.0185 -0.0099
 4781.620 -0.0192  0.0080
 4781.640 -0.0114  0.0227
 4781.660 -0.0010  0.0217
 4781.680  0.0038  0.0070
 4781.700  0.0000 -0.0095
 4781.720 -0.0079 -0.0161
 4781.740 -0.0145 -0.0113
 4781.760 -0.0181 -0.0073
 4781.780 -0.0197 -0.0147
 4781.800 -0.0203 -0.0278
 4781.820 -0.0194 -0.0330
 4781.840 -0.0170 -0.0249
 4781.860 -0.0156 -0.0084
 4781.880 -0.0176  0.0082
 4781.900 -0.0202  0.0188
 4781.920 -0.0184  0.0228
 4781.940 -0.0100  0.0239
 4781.960  0.0010  0.0221
 4781.980  0.0073  0.0126
 4782.000  0.0053 -0.0036
 4782.020 -0.0012 -0.0145
 4782.040 -0.0072 -0.0098
 4782.060 -0.0120  0.0069
 4782.080 -0.0178  0.0222
 4782.100 -0.0247  0.0242
 4782.120 -0.0288  0.0100
 4782.140 -0.0253 -0.0120
 4782.160 -0.0149 -0.0288
 4782.180 -0.0039 -0.0334
 4782.200  0.0022 -0.0278
 4782.220  0.0023 -0.0182
 4782.240 -0.0012 -0.0103
 4782.260 -0.0055 -0.0067
 4782.280 -0.0093 -0.0065
 4782.300 -0.0118 -0.0061
 4782.320 -0.0118 -0.0025
 4782.340 -0.0106  0.0045
 4782.360 -0.0131  0.0102
 4782.380 -0.0223  0.0105
 4782.400 -0.0335  0.0065
 4782.420 -0.0378  0.0020
 4782.440 -0.0305 -0.0011
 4782.460 -0.0165 -0.0038
 4782.480 -0.0075 -0.0062
 4782.500 -0.0083 -0.0068
 4782.520 -0.0114 -0.0035
 4782.540 -0.0077  0.0043
 4782.560  0.0033  0.0119
 4782.580  0.0117  0.0111
 4782.600  0.0080  0.0002
 4782.620 -0.0038 -0.0097
 4782.640 -0.0099 -0.0080
 4782.660 -0.0027  0.0020
 4782.680  0.0114  0.0093
 4782.700  0.0177  0.0063
 4782.720  0.0090 -0.0065
 4782.740 -0.0048 -0.0215
 4782.760 -0.0090 -0.0289
 4782.780  0.0001 -0.0259
 4782.800  0.0143 -0.0175
 4782.820  0.0223 -0.0093
 4782.840  0.0182 -0.0031
 4782.860  0.0051  0.0001
 4782.880 -0.0096 -0.0017
 4782.900 -0.0199 -0.0077
 4782.920 -0.0228 -0.0124
 4782.940 -0.0178 -0.0104
 4782.960 -0.0075 -0.0016
 4782.980  0.0041  0.0091
 4783.000  0.0142  0.0145
 4783.020  0.0218  0.0103
 4783.040  0.0248 -0.0007
 4783.060  0.0200 -0.0106
 4783.080  0.0062 -0.0139
 4783.100 -0.0121 -0.0108
 4783.120 -0.0245 -0.0036
 4783.140 -0.0231  0.0053
 4783.160 -0.0110  0.0134
 4783.180  0.0008  0.0180
 4783.200  0.0033  0.0172
 4783.220 -0.0035  0.0117
 4783.240 -0.0107  0.0050
 4783.260 -0.0109  0.0022
 4783.280 -0.0049  0.0055
 4783.300  0.0018  0.0107
 4783.320  0.0062  0.0108
 4783.340  0.0073  0.0039
 4783.360  0.0044 -0.0054
 4783.380 -0.0044 -0.0095
 4783.400 -0.0187 -0.0038
 4783.420 -0.0324  0.0091
 4783.440 -0.0371  0.0195
 4783.460 -0.0315  0.0204
 4783.480 -0.0225  0.0148
 4783.500 -0.0180  0.0098
 4783.520 -0.0188  0.0090
 4783.540 -0.0182  0.0104
 4783.560 -0.0108  0.0076
 4783.580 -0.0011 -0.0036
 4783.600  0.0024 -0.0189
 4783.620 -0.0019 -0.0289
 4783.640 -0.0084 -0.0293
 4783.660 -0.0098 -0.0226
 4783.680 -0.0052 -0.0142
 4783.700  0.0001 -0.0075
 4783.720  0.0022 -0.0028
 4783.740  0.0038  0.0017
 4783.760  0.0074  0.0064
 4783.780  0.0106  0.0084
 4783.800  0.0084  0.0050
 4783.820  0.0004 -0.0028
 4783.840 -0.0072 -0.0118
 4783.860 -0.0070 -0.0194
 4783.880 -0.0005 -0.0245
 4783.900  0.0034 -0.0263
 4783.920 -0.0009 -0.0251
 4783.940 -0.0103 -0.0226
 4783.960 -0.0156 -0.0208
 4783.980 -0.0118 -0.0193
 4784.000 -0.0044 -0.0150
 4784.020 -0.0022 -0.0059
 4784.040 -0.0070  0.0058
 4784.060 -0.0130  0.0149
 4784.080 -0.0136  0.0160
 4784.100 -0.0080  0.0083
 4784.120 -0.0024 -0.0017
 4784.140 -0.0028 -0.0066
 4784.160 -0.0098 -0.0052
 4784.180 -0.0196 -0.0013
 4784.200 -0.0278  0.0024
 4784.220 -0.0323  0.0057
 4784.240 -0.0325  0.0088
 4784.260 -0.0289  0.0107
 4784.280 -0.0226  0.0092
 4784.300 -0.0155  0.0025
 4784.320 -0.0096 -0.0075
 4784.340 -0.0052 -0.0142
 4784.360 -0.0005 -0.0124
 4784.380  0.0070 -0.0048
 4784.400  0.0180  0.0025
 4784.420  0.0300  0.0063
 4784.440  0.0380  0.0078
 4784.460  0.0370  0.0097
 4784.480  0.0251  0.0139
 4784.500  0.0063  0.0194
 4784.520 -0.0114  0.0229
 4784.540 -0.0210  0.0221
 4784.560 -0.0189  0.0172
 4784.580 -0.0060  0.0093
 4784.600  0.0122 -0.0002
 4784.620  0.0264 -0.0100
 4784.640  0.0272 -0.0180
 4784.660  0.0113 -0.0217
 4784.680 -0.0126 -0.0177
 4784.700 -0.0277 -0.0056
 4784.720 -0.0219  0.0093
 4784.740  0.0024  0.0198
 4784.760  0.0279  0.0217
 4784.780  0.0360  0.0148
 4784.800  0.0244  0.0041
 4784.820  0.0068 -0.0039
 4784.840 -0.0012 -0.0062
 4784.860  0.0031 -0.0054
 4784.880  0.0089 -0.0064
 4784.900  0.0060 -0.0128
 4784.920 -0.0039 -0.0225
 4784.940 -0.0124 -0.0280
 4784.960 -0.0139 -0.0227
 4784.980 -0.0099 -0.0077
 4785.000 -0.0064  0.0095
 4785.020 -0.0062  0.0190
 4785.040 -0.0078  0.0152
 4785.060 -0.0097  0.0018
 4785.080 -0.0138 -0.0111
 4785.100 -0.0212 -0.0159
 4785.120 -0.0295 -0.0116
 4785.140 -0.0338 -0.0035
 4785.160 -0.0307  0.0012
 4785.180 -0.0223  0.0001
 4785.200 -0.0134 -0.0018
 4785.220 -0.0072 -0.0001
 4785.240 -0.0055  0.0040
 4785.260 -0.0115  0.0067
 4785.280 -0.0258  0.0068
 4785.300 -0.0424  0.0063
 4785.320 -0.0512  0.0088
 4785.340 -0.0455  0.0155
 4785.360 -0.0308  0.0225
 4785.380 -0.0224  0.0231
 4785.400 -0.0287  0.0160
 4785.420 -0.0428  0.0056
 4785.440 -0.0494 -0.0034
 4785.460 -0.0397 -0.0094
 4785.480 -0.0205 -0.0121
 4785.500 -0.0065 -0.0114
 4785.520 -0.0045 -0.0070
 4785.540 -0.0079  0.0006
 4785.560 -0.0078  0.0088
 4785.580 -0.0021  0.0134
 4785.600  0.0025  0.0118
 4785.620 -0.0004  0.0061
 4785.640 -0.0081  0.0003
 4785.660 -0.0132 -0.0054
 4785.680 -0.0128 -0.0129
 4785.700 -0.0093 -0.0213
 4785.720 -0.0064 -0.0260
 4785.740 -0.0047 -0.0238
 4785.760 -0.0025 -0.0158
 4785.780  0.0009 -0.0071
 4785.800  0.0034 -0.0038
 4785.820  0.0047 -0.0077
 4785.840  0.0074 -0.0127
 4785.860  0.0130 -0.0123
 4785.880  0.0180 -0.0068
 4785.900  0.0167 -0.0004
 4785.920  0.0064  0.0036
 4785.940 -0.0082  0.0047
 4785.960 -0.0188  0.0028
 4785.980 -0.0223 -0.0010
 4786.000 -0.0213 -0.0031
 4786.020 -0.0198  0.0011
 4786.040 -0.0189  0.0125
 4786.060 -0.0169  0.0261
 4786.080 -0.0136  0.0321
 4786.100 -0.0124  0.0199
 4786.120 -0.0162 -0.0091
 4786.140 -0.0223 -0.0334
 4786.160 -0.0254 -0.0336
 4786.180 -0.0223 -0.0155
 4786.200 -0.0140  0.0000
 4786.220 -0.0051 -0.0001
 4786.240  0.0008 -0.0137
 4786.260  0.0030 -0.0265
 4786.280  0.0023 -0.0235
 4786.300 -0.0008 -0.0061
 4786.320 -0.0054  0.0080
 4786.340 -0.0093  0.0065
 4786.360 -0.0107 -0.0061
 4786.380 -0.0102 -0.0192
 4786.400 -0.0115 -0.0277
 4786.420 -0.0184 -0.0321
 4786.440 -0.0297 -0.0352
 4786.460 -0.0390 -0.0371
 4786.480 -0.0388 -0.0316
 4786.500 -0.0261 -0.0140
 4786.520 -0.0056  0.0073
 4786.540  0.0134  0.0178
 4786.560  0.0222  0.0136
 4786.580  0.0178  0.0034
 4786.600  0.0048 -0.0056
 4786.620 -0.0077 -0.0125
 4786.640 -0.0126 -0.0174
 4786.660 -0.0093 -0.0180
 4786.680 -0.0029 -0.0129
 4786.700  0.0004 -0.0043
 4786.720 -0.0029  0.0020
 4786.740 -0.0130 -0.0009
 4786.760 -0.0267 -0.0129
 4786.780 -0.0379 -0.0224
 4786.800 -0.0403 -0.0177
 4786.820 -0.0316 -0.0023
 4786.840 -0.0157  0.0092
 4786.860 -0.0018  0.0089
 4786.880  0.0023  0.0006
 4786.900 -0.0028 -0.0066
 4786.920 -0.0108 -0.0062
 4786.940 -0.0156  0.0007
 4786.960 -0.0165  0.0058
 4786.980 -0.0180  0.0034
 4787.000 -0.0224 -0.0029
 4787.020 -0.0261 -0.0074
 4787.040 -0.0250 -0.0103
 4787.060 -0.0197 -0.0138
 4787.080 -0.0152 -0.0154
 4787.100 -0.0152 -0.0103
 4787.120 -0.0176  0.0015
 4787.140 -0.0166  0.0148
 4787.160 -0.0111  0.0227
 4787.180 -0.0061  0.0207
 4787.200 -0.0070  0.0096
 4787.220 -0.0138 -0.0045
 4787.240 -0.0203 -0.0152
 4787.260 -0.0206 -0.0188
 4787.280 -0.0161 -0.0154
 4787.300 -0.0130 -0.0081
 4787.320 -0.0143 -0.0027
 4787.340 -0.0176 -0.0057
 4787.360 -0.0177 -0.0188
 4787.380 -0.0131 -0.0342
 4787.400 -0.0083 -0.0414
 4787.420 -0.0092 -0.0382
 4787.440 -0.0166 -0.0309
 4787.460 -0.0260 -0.0259
 4787.480 -0.0309 -0.0235
 4787.500 -0.0274 -0.0200
 4787.520 -0.0167 -0.0116
 4787.540 -0.0038  0.0002
 4787.560  0.0062  0.0076
 4787.580  0.0105  0.0065
 4787.600  0.0094  0.0028
 4787.620  0.0061  0.0047
 4787.640  0.0040  0.0121
 4787.660  0.0055  0.0196
 4787.680  0.0100  0.0236
 4787.700  0.0151  0.0240
 4787.720  0.0169  0.0220
 4787.740  0.0116  0.0190
 4787.760 -0.0010  0.0150
 4787.780 -0.0157  0.0096
 4787.800 -0.0248  0.0045
 4787.820 -0.0229  0.0034
 4787.840 -0.0127  0.0057
 4787.860 -0.0036  0.0031
 4787.880 -0.0030 -0.0096
 4787.900 -0.0095 -0.0251
 4787.920 -0.0154 -0.0328
 4787.940 -0.0149 -0.0301
 4787.960 -0.0111 -0.0211
 4787.980 -0.0125 -0.0122
 4788.000 -0.0210 -0.0090
 4788.020 -0.0287 -0.0126
 4788.040 -0.0269 -0.0189
 4788.060 -0.0159 -0.0226
 4788.080 -0.0059 -0.0199
 4788.100 -0.0067 -0.0118
 4788.120 -0.0161 -0.0034
 4788.140 -0.0226 -0.0008
 4788.160 -0.0159 -0.0068
 4788.180  0.0027 -0.0184
 4788.200  0.0200 -0.0271
 4788.220  0.0225 -0.0263
 4788.240  0.0082 -0.0187
 4788.260 -0.0136 -0.0124
 4788.280 -0.0296 -0.0131
 4788.300 -0.0318 -0.0203
 4788.320 -0.0224 -0.0285
 4788.340 -0.0105 -0.0315
 4788.360 -0.0053 -0.0274
 4788.380 -0.0100 -0.0184
 4788.400 -0.0201 -0.0071
 4788.420 -0.0265  0.0046
 4788.440 -0.0237  0.0143
 4788.460 -0.0141  0.0189
 4788.480 -0.0044  0.0182
 4788.500  0.0000  0.0164
 4788.520 -0.0016  0.0170
 4788.540 -0.0072  0.0170
 4788.560 -0.0136  0.0111
 4788.580 -0.0181 -0.0007
 4788.600 -0.0193 -0.0124
 4788.620 -0.0174 -0.0164
 4788.640 -0.0149 -0.0099
 4788.660 -0.0150  0.0019
 4788.680 -0.0195  0.0080
 4788.700 -0.0264  0.0031
 4788.720 -0.0327 -0.0075
 4788.740 -0.0362 -0.0153
 4788.760 -0.0366 -0.0172
 4788.780 -0.0342 -0.0155
 4788.800 -0.0285 -0.0145
 4788.820 -0.0188 -0.0164
 4788.840 -0.0077 -0.0176
 4788.860 -0.0004 -0.0133
 4788.880 -0.0003 -0.0043
 4788.900 -0.0063  0.0038
 4788.920 -0.0137  0.0061
 4788.940 -0.0187  0.0025
 4788.960 -0.0212 -0.0014
 4788.980 -0.0224  0.0017
 4789.000 -0.0214  0.0126
 4789.020 -0.0177  0.0227
 4789.040 -0.0144  0.0233
 4789.060 -0.0160  0.0146
 4789.080 -0.0238  0.0045
 4789.100 -0.0319  0.0013
 4789.120 -0.0302  0.0070
 4789.140 -0.0160  0.0133
 4789.160  0.0011  0.0102
 4789.180  0.0091 -0.0022
 4789.200  0.0045 -0.0135
 4789.220 -0.0045 -0.0166
 4789.240 -0.0066 -0.0128
 4789.260 -0.0001 -0.0085
 4789.280  0.0065 -0.0098
 4789.300  0.0054 -0.0162
 4789.320 -0.0024 -0.0200
 4789.340 -0.0079 -0.0152
 4789.360 -0.0037 -0.0050
 4789.380  0.0076  0.0038
 4789.400  0.0176  0.0086
 4789.420  0.0204  0.0098
 4789.440  0.0169  0.0064
 4789.460  0.0121 -0.0025
 4789.480  0.0101 -0.0140
 4789.500  0.0109 -0.0216
 4789.520  0.0110 -0.0197
 4789.540  0.0072 -0.0073
 4789.560 -0.0005  0.0094
 4789.580 -0.0087  0.0187
 4789.600 -0.0124  0.0139
 4789.620 -0.0095  0.0013
 4789.640 -0.0043 -0.0084
 4789.660 -0.0048 -0.0128
 4789.680 -0.0145 -0.0160
 4789.700 -0.0272 -0.0208
 4789.720 -0.0315 -0.0263
 4789.740 -0.0233 -0.0288
 4789.760 -0.0128 -0.0248
 4789.780 -0.0131 -0.0159
 4789.800 -0.0253 -0.0076
 4789.820 -0.0391 -0.0036
 4789.840 -0.0425 -0.0033
 4789.860 -0.0326 -0.0045
 4789.880 -0.0175 -0.0050
 4789.900 -0.0060 -0.0038
 4789.920  0.0015 -0.0008
 4789.940  0.0083  0.0027
 4789.960  0.0134  0.0039
 4789.980  0.0117  0.0003
 4790.000  0.0004 -0.0086
 4790.020 -0.0144 -0.0196
 4790.040 -0.0201 -0.0273
 4790.060 -0.0105 -0.0267
 4790.080  0.0072 -0.0179
 4790.100  0.0195 -0.0069
 4790.120  0.0173 -0.0013
 4790.140  0.0035 -0.0048
 4790.160 -0.0113 -0.0133
 4790.180 -0.0191 -0.0178
 4790.200 -0.0184 -0.0117
 4790.220 -0.0127  0.0040
 4790.240 -0.0065  0.0227
 4790.260 -0.0028  0.0358
 4790.280 -0.0025  0.0380
 4790.300 -0.0068  0.0304
 4790.320 -0.0149  0.0180
 4790.340 -0.0230  0.0049
 4790.360 -0.0261 -0.0066
 4790.380 -0.0216 -0.0133
 4790.400 -0.0106 -0.0116
 4790.420  0.0018 -0.0018
 4790.440  0.0087  0.0103
 4790.460  0.0058  0.0159
 4790.480 -0.0055  0.0082
 4790.500 -0.0184 -0.0103
 4790.520 -0.0245 -0.0260
 4790.540 -0.0208 -0.0274
 4790.560 -0.0125 -0.0170
 4790.580 -0.0088 -0.0060
 4790.600 -0.0140 -0.0031
 4790.620 -0.0241 -0.0078
 4790.640 -0.0302 -0.0120
 4790.660 -0.0257 -0.0070
 4790.680 -0.0122  0.0056
 4790.700  0.0031  0.0140
 4790.720  0.0131  0.0102
 4790.740  0.0142 -0.0023
 4790.760  0.0067 -0.0148
 4790.780 -0.0050 -0.0201
 4790.800 -0.0140 -0.0169
 4790.820 -0.0138 -0.0090
 4790.840 -0.0032 -0.0013
 4790.860  0.0117  0.0058
 4790.880  0.0203  0.0131
 4790.900  0.0157  0.0174
 4790.920  0.0009  0.0143
 4790.940 -0.0139  0.0039
 4790.960 -0.0193 -0.0078
 4790.980 -0.0137 -0.0141
 4791.000 -0.0035 -0.0116
 4791.020  0.0033 -0.0026
 4791.040  0.0023  0.0054
 4791.060 -0.0051  0.0064
 4791.080 -0.0140  0.0001
 4791.100 -0.0192 -0.0094
 4791.120 -0.0182 -0.0172
 4791.140 -0.0118 -0.0198
 4791.160 -0.0035 -0.0157
 4791.180  0.0028 -0.0065
 4791.200  0.0047  0.0049
 4791.220  0.0022  0.0143
 4791.240 -0.0043  0.0171
 4791.260 -0.0139  0.0108
 4791.280 -0.0243 -0.0033
 4791.300 -0.0314 -0.0188
 4791.320 -0.0313 -0.0261
 4791.340 -0.0235 -0.0177
 4791.360 -0.0133  0.0021
 4791.380 -0.0064  0.0165
 4791.400 -0.0032  0.0133
 4791.420  0.0014 -0.0049
 4791.440  0.0110 -0.0258
 4791.460  0.0222 -0.0366
 4791.480  0.0259 -0.0322
 4791.500  0.0171 -0.0203
 4791.520  0.0011 -0.0141
 4791.540 -0.0125 -0.0177
 4791.560 -0.0190 -0.0236
 4791.580 -0.0209 -0.0230
 4791.600 -0.0246 -0.0138
 4791.620 -0.0325 -0.0003
 4791.640 -0.0399  0.0102
 4791.660 -0.0412  0.0138
 4791.680 -0.0362  0.0133
 4791.700 -0.0284  0.0123
 4791.720 -0.0212  0.0081
 4791.740 -0.0145 -0.0027
 4791.760 -0.0070 -0.0162
 4791.780 -0.0007 -0.0246
 4791.800  0.0002 -0.0233
 4791.820 -0.0057 -0.0136
 4791.840 -0.0146 -0.0013
 4791.860 -0.0202  0.0064
 4791.880 -0.0195  0.0062
 4791.900 -0.0159  0.0018
 4791.920 -0.0150 -0.0018
 4791.940 -0.0178 -0.0032
 4791.960 -0.0203 -0.0032
 4791.980 -0.0181 -0.0024
 4792.000 -0.0121 -0.0008
 4792.020 -0.0074  0.0009
 4792.040 -0.0076  0.0017
 4792.060 -0.0109  0.0007
 4792.080 -0.0133 -0.0035
 4792.100 -0.0124 -0.0124
 4792.120 -0.0083 -0.0260
 4792.140 -0.0034 -0.0382
 4792.160 -0.0007 -0.0401
 4792.180 -0.0021 -0.0283
 4792.200 -0.0077 -0.0086
 4792.220 -0.0156  0.0083
 4792.240 -0.0216  0.0137
 4792.260 -0.0216  0.0076
 4792.280 -0.0152 -0.0002
 4792.300 -0.0057 -0.0010
 4792.320  0.0020  0.0019
 4792.340  0.0055 -0.0001
 4792.360  0.0060 -0.0087
 4792.380  0.0052 -0.0181
 4792.400  0.0023 -0.0212
 4792.420 -0.0047 -0.0152
 4792.440 -0.0154 -0.0046
 4792.460 -0.0254  0.0015
 4792.480 -0.0294 -0.0014
 4792.500 -0.0263 -0.0095
 4792.520 -0.0206 -0.0161
 4792.540 -0.0181 -0.0178
 4792.560 -0.0195 -0.0136
 4792.580 -0.0203 -0.0037
 4792.600 -0.0148  0.0096
 4792.620 -0.0030  0.0212
 4792.640  0.0090  0.0264
 4792.660  0.0141  0.0241
 4792.680  0.0098  0.0165
 4792.700  0.0008  0.0067
 4792.720 -0.0056 -0.0034
 4792.740 -0.0053 -0.0126
 4792.760 -0.0002 -0.0199
 4792.780  0.0044 -0.0227
 4792.800  0.0045 -0.0175
 4792.820  0.0009 -0.0056
 4792.840 -0.0028  0.0047
 4792.860 -0.0043  0.0050
 4792.880 -0.0049 -0.0053
 4792.900 -0.0079 -0.0199
 4792.920 -0.0139 -0.0301
 4792.940 -0.0197 -0.0299
 4792.960 -0.0219 -0.0209
 4792.980 -0.0210 -0.0105
 4793.000 -0.0216 -0.0071
 4793.020 -0.0265 -0.0143
 4793.040 -0.0315 -0.0265
 4793.060 -0.0285 -0.0324
 4793.080 -0.0141 -0.0264
 4793.100  0.0066 -0.0122
 4793.120  0.0227  0.0030
 4793.140  0.0269  0.0120
 4793.160  0.0232  0.0124
 4793.180  0.0190  0.0080
 4793.200  0.0140  0.0037
 4793.220  0.0040 -0.0011
 4793.240 -0.0096 -0.0093
 4793.260 -0.0196 -0.0193
 4793.280 -0.0188 -0.0252
 4793.300 -0.0103 -0.0225
 4793.320 -0.0065 -0.0122
 4793.340 -0.0145 -0.0010
 4793.360 -0.0272  0.0022
 4793.380 -0.0320 -0.0039
 4793.400 -0.0245 -0.0107
 4793.420 -0.0140 -0.0097
 4793.440 -0.0136 -0.0022
 4793.460 -0.0232  0.0053
 4793.480 -0.0300  0.0081
 4793.500 -0.0251  0.0055
 4793.520 -0.0129  0.0007
 4793.540 -0.0073 -0.0018
 4793.560 -0.0163  0.0001
 4793.580 -0.0312  0.0047
 4793.600 -0.0381  0.0071
 4793.620 -0.0338  0.0019
 4793.640 -0.0256 -0.0116
 4793.660 -0.0222 -0.0279
 4793.680 -0.0249 -0.0388
 4793.700 -0.0273 -0.0373
 4793.720 -0.0245 -0.0227
 4793.740 -0.0189 -0.0025
 4793.760 -0.0130  0.0129
 4793.780 -0.0051  0.0171
 4793.800  0.0040  0.0101
 4793.820  0.0073 -0.0032
 4793.840 -0.0027 -0.0164
 4793.860 -0.0239 -0.0255
 4793.880 -0.0404 -0.0302
 4793.900 -0.0360 -0.0309
 4793.920 -0.0128 -0.0274
 4793.940  0.0113 -0.0200
 4793.960  0.0198 -0.0098
 4793.980  0.0108  0.0000
 4794.000 -0.0033  0.0051
 4794.020 -0.0113  0.0033
 4794.040 -0.0153 -0.0022
 4794.060 -0.0216 -0.0064
 4794.080 -0.0277 -0.0061
 4794.100 -0.0263 -0.0019
 4794.120 -0.0149  0.0020
 4794.140 -0.0004  0.0015
 4794.160  0.0064 -0.0031
 4794.180  0.0032 -0.0072
 4794.200 -0.0017 -0.0083
 4794.220 -0.0032 -0.0072
 4794.240 -0.0056 -0.0059
 4794.260 -0.0144 -0.0050
 4794.280 -0.0273 -0.0049
 4794.300 -0.0331 -0.0063
 4794.320 -0.0242 -0.0096
 4794.340 -0.0084 -0.0138
 4794.360 -0.0008 -0.0159
 4794.380 -0.0059 -0.0118
 4794.400 -0.0148 -0.0008
 4794.420 -0.0150  0.0103
 4794.440 -0.0033  0.0126
 4794.460  0.0094  0.0049
 4794.480  0.0123 -0.0053
 4794.500  0.0064 -0.0104
 4794.520 -0.0016 -0.0080
 4794.540 -0.0090  0.0002
 4794.560 -0.0164  0.0102
 4794.580 -0.0234  0.0192
 4794.600 -0.0249  0.0266
 4794.620 -0.0160  0.0302
 4794.640 -0.0007  0.0232
 4794.660  0.0088  0.0015
 4794.680  0.0065 -0.0290
 4794.700 -0.0023 -0.0530
 4794.720 -0.0074 -0.0567
 4794.740 -0.0045 -0.0386
 4794.760 -0.0006 -0.0111
 4794.780 -0.0048  0.0110
 4794.800 -0.0145  0.0202
 4794.820 -0.0186  0.0163
 4794.840 -0.0119  0.0026
 4794.860  0.0000 -0.0163
 4794.880  0.0076 -0.0331
 4794.900  0.0085 -0.0396
 4794.920  0.0083 -0.0322
 4794.940  0.0102 -0.0166
 4794.960  0.0093 -0.0025
 4794.980  0.0000  0.0028
 4795.000 -0.0152 -0.0011
 4795.020 -0.0271 -0.0079
 4795.040 -0.0274 -0.0094
 4795.060 -0.0172 -0.0038
 4795.080 -0.0054  0.0025
 4795.100  0.0015  0.0011
 4795.120  0.0037 -0.0111
 4795.140  0.0047 -0.0279
 4795.160  0.0053 -0.0356
 4795.180  0.0031 -0.0264
 4795.200 -0.0047 -0.0072
 4795.220 -0.0159  0.0066
 4795.240 -0.0255  0.0034
 4795.260 -0.0300 -0.0175
 4795.280 -0.0284 -0.0438
 4795.300 -0.0214 -0.0590
 4795.320 -0.0112 -0.0560
 4795.340 -0.0016 -0.0398
 4795.360  0.0026 -0.0184
 4795.380 -0.0022  0.0022
 4795.400 -0.0136  0.0179
 4795.420 -0.0224  0.0254
 4795.440 -0.0201  0.0236
 4795.460 -0.0072  0.0131
 4795.480  0.0063 -0.0014
 4795.500  0.0104 -0.0115
 4795.520  0.0045 -0.0119
 4795.540 -0.0041 -0.0067
 4795.560 -0.0078 -0.0040
 4795.580 -0.0046 -0.0070
 4795.600  0.0018 -0.0124
 4795.620  0.0063 -0.0148
 4795.640  0.0076 -0.0105
 4795.660  0.0077  0.0002
 4795.680  0.0085  0.0134
 4795.700  0.0090  0.0232
 4795.720  0.0062  0.0239
 4795.740 -0.0011  0.0145
 4795.760 -0.0093 -0.0005
 4795.780 -0.0132 -0.0134
 4795.800 -0.0101 -0.0174
 4795.820 -0.0020 -0.0104
 4795.840  0.0056  0.0023
 4795.860  0.0089  0.0122
 4795.880  0.0078  0.0142
 4795.900  0.0042  0.0080
 4795.920 -0.0006 -0.0036
 4795.940 -0.0062 -0.0160
 4795.960 -0.0118 -0.0219
 4795.980 -0.0155 -0.0151
 4796.000 -0.0159  0.0024
 4796.020 -0.0146  0.0198
 4796.040 -0.0150  0.0269
 4796.060 -0.0182  0.0222
 4796.080 -0.0218  0.0118
 4796.100 -0.0223  0.0050
 4796.120 -0.0195  0.0062
 4796.140 -0.0180  0.0085
 4796.160 -0.0220  0.0029
 4796.180 -0.0298 -0.0088
 4796.200 -0.0353 -0.0157
 4796.220 -0.0335 -0.0119
 4796.240 -0.0245 -0.0018
 4796.260 -0.0128  0.0050
 4796.280 -0.0024  0.0005
 4796.300  0.0060 -0.0148
 4796.320  0.0119 -0.0308
 4796.340  0.0128 -0.0375
 4796.360  0.0066 -0.0338
 4796.380 -0.0048 -0.0232
 4796.400 -0.0141 -0.0082
 4796.420 -0.0139  0.0067
 4796.440 -0.0039  0.0124
 4796.460  0.0089  0.0020
 4796.480  0.0149 -0.0193
 4796.500  0.0104 -0.0284
 4796.520  0.0012  0.0018
 4796.540 -0.0056  0.0671
 4796.560 -0.0100  0.1195
 4796.580 -0.0155  0.1148
 4796.600 -0.0233  0.0611
 4796.620 -0.0300 -0.0008
 4796.640 -0.0303 -0.0404
 4796.660 -0.0241 -0.0482
 4796.680 -0.0169 -0.0294
 4796.700 -0.0128 -0.0010
 4796.720 -0.0098  0.0181
 4796.740 -0.0032  0.0184
 4796.760  0.0089  0.0028
 4796.780  0.0207 -0.0169
 4796.800  0.0235 -0.0276
 4796.820  0.0135 -0.0256
 4796.840 -0.0033 -0.0171
 4796.860 -0.0155 -0.0094
 4796.880 -0.0152 -0.0053
 4796.900 -0.0053 -0.0037
 4796.920  0.0052 -0.0025
 4796.940  0.0102 -0.0017
 4796.960  0.0098 -0.0044
 4796.980  0.0085 -0.0128
 4797.000  0.0081 -0.0229
 4797.020  0.0054 -0.0275
 4797.040 -0.0027 -0.0231
 4797.060 -0.0132 -0.0120
 4797.080 -0.0203 -0.0019
 4797.100 -0.0210  0.0004
 4797.120 -0.0182 -0.0047
 4797.140 -0.0172 -0.0107
 4797.160 -0.0171 -0.0109
 4797.180 -0.0120 -0.0024
 4797.200  0.0004  0.0100
 4797.220  0.0149  0.0155
 4797.240  0.0230  0.0074
 4797.260  0.0198 -0.0083
 4797.280  0.0093 -0.0200
 4797.300 -0.0006 -0.0200
 4797.320 -0.0057 -0.0100
 4797.340 -0.0069  0.0005
 4797.360 -0.0065  0.0020
 4797.380 -0.0045 -0.0045
 4797.400  0.0006 -0.0090
 4797.420  0.0073 -0.0067
 4797.440  0.0101 -0.0026
 4797.460  0.0053 -0.0023
 4797.480 -0.0038 -0.0048
 4797.500 -0.0104 -0.0060
 4797.520 -0.0102 -0.0027
 4797.540 -0.0059  0.0034
 4797.560 -0.0041  0.0056
 4797.580 -0.0072 -0.0006
 4797.600 -0.0109 -0.0106
 4797.620 -0.0105 -0.0161
 4797.640 -0.0060 -0.0162
 4797.660 -0.0025 -0.0162
 4797.680 -0.0038 -0.0195
 4797.700 -0.0079 -0.0242
 4797.720 -0.0097 -0.0267
 4797.740 -0.0085 -0.0250
 4797.760 -0.0080 -0.0181
 4797.780 -0.0124 -0.0061
 4797.800 -0.0209  0.0097
 4797.820 -0.0271  0.0262
 4797.840 -0.0269  0.0383
 4797.860 -0.0240  0.0400
 4797.880 -0.0248  0.0294
 4797.900 -0.0308  0.0138
 4797.920 -0.0358  0.0033
 4797.940 -0.0317  0.0010
 4797.960 -0.0186  0.0020
 4797.980 -0.0063  0.0016
 4798.000 -0.0042 -0.0012
 4798.020 -0.0127 -0.0063
 4798.040 -0.0224 -0.0135
 4798.060 -0.0236 -0.0214
 4798.080 -0.0173 -0.0267
 4798.100 -0.0125 -0.0263
 4798.120 -0.0139 -0.0172
 4798.140 -0.0152 -0.0017
 4798.160 -0.0049  0.0102
 4798.180  0.0183  0.0090
 4798.200  0.0403 -0.0036
 4798.220  0.0454 -0.0184
 4798.240  0.0317 -0.0281
 4798.260  0.0101 -0.0310
 4798.280 -0.0051 -0.0270
 4798.300 -0.0066 -0.0163
 4798.320  0.0013 -0.0016
 4798.340  0.0109  0.0115
 4798.360  0.0179  0.0157
 4798.380  0.0201  0.0060
 4798.400  0.0153 -0.0137
 4798.420  0.0021 -0.0289
 4798.440 -0.0157 -0.0280
 4798.460 -0.0280 -0.0143
 4798.480 -0.0264 -0.0010
 4798.500 -0.0140  0.0023
 4798.520 -0.0024 -0.0055
 4798.540 -0.0013 -0.0169
 4798.560 -0.0097 -0.0224
 4798.580 -0.0163 -0.0190
 4798.600 -0.0117 -0.0119
 4798.620  0.0012 -0.0077
 4798.640  0.0117 -0.0079
 4798.660  0.0123 -0.0096
 4798.680  0.0036 -0.0080
 4798.700 -0.0079 -0.0015
 4798.720 -0.0165  0.0049
 4798.740 -0.0218  0.0047
 4798.760 -0.0240 -0.0025
 4798.780 -0.0219 -0.0109
 4798.800 -0.0150 -0.0139
 4798.820 -0.0067 -0.0096
 4798.840 -0.0033 -0.0034
 4798.860 -0.0085 -0.0026
 4798.880 -0.0181 -0.0069
 4798.900 -0.0238 -0.0075
 4798.920 -0.0219  0.0004
 4798.940 -0.0152  0.0115
 4798.960 -0.0088  0.0158
 4798.980 -0.0058  0.0074
 4799.000 -0.0042 -0.0092
 4799.020 -0.0014 -0.0189
 4799.040  0.0017 -0.0107
 4799.060  0.0017  0.0070
 4799.080 -0.0040  0.0171
 4799.100 -0.0134  0.0124
 4799.120 -0.0211 -0.0007
 4799.140 -0.0228 -0.0111
 4799.160 -0.0192 -0.0111
 4799.180 -0.0142 -0.0026
 4799.200 -0.0110  0.0050
 4799.220 -0.0089  0.0055
 4799.240 -0.0047  0.0020
 4799.260  0.0020 -0.0004
 4799.280  0.0077 -0.0015
 4799.300  0.0074 -0.0035
 4799.320  0.0000 -0.0065
 4799.340 -0.0091 -0.0095
 4799.360 -0.0133 -0.0115
 4799.380 -0.0107 -0.0122
 4799.400 -0.0050 -0.0121
 4799.420 -0.0012 -0.0111
 4799.440 -0.0008 -0.0080
 4799.460 -0.0014 -0.0016
 4799.480 -0.0008  0.0057
 4799.500 -0.0012  0.0086
 4799.520 -0.0052  0.0037
 4799.540 -0.0112 -0.0062
 4799.560 -0.0150 -0.0153
 4799.580 -0.0135 -0.0188
 4799.600 -0.0089 -0.0158
 4799.620 -0.0063 -0.0110
 4799.640 -0.0074 -0.0102
 4799.660 -0.0098 -0.0155
 4799.680 -0.0118 -0.0238
 4799.700 -0.0158 -0.0295
 4799.720 -0.0245 -0.0295
 4799.740 -0.0357 -0.0251
 4799.760 -0.0391 -0.0186
 4799.780 -0.0263 -0.0108
 4799.800 -0.0047 -0.0020
 4799.820  0.0082  0.0056
 4799.840  0.0026  0.0071
 4799.860 -0.0147  0.0008
 4799.880 -0.0280 -0.0085
 4799.900 -0.0276 -0.0128
 4799.920 -0.0192 -0.0078
 4799.940 -0.0144  0.0044
 4799.960 -0.0178  0.0140
 4799.980 -0.0235  0.0117
 4800.000 -0.0219 -0.0017
 4800.020 -0.0100 -0.0156
 4800.040  0.0040 -0.0207
 4800.060  0.0095 -0.0153
 4800.080  0.0024 -0.0048
 4800.100 -0.0125  0.0016
 4800.120 -0.0257 -0.0007
 4800.140 -0.0300 -0.0080
 4800.160 -0.0253 -0.0136
 4800.180 -0.0173 -0.0154
 4800.200 -0.0127 -0.0139
 4800.220 -0.0144 -0.0087
 4800.240 -0.0191  0.0006
 4800.260 -0.0205  0.0117
 4800.280 -0.0145  0.0195
 4800.300 -0.0041  0.0180
 4800.320  0.0038  0.0049
 4800.340  0.0046 -0.0131
 4800.360 -0.0006 -0.0217
 4800.380 -0.0053 -0.0121
 4800.400 -0.0040  0.0095
 4800.420  0.0037  0.0273
 4800.440  0.0126  0.0277
 4800.460  0.0162  0.0113
 4800.480  0.0105 -0.0080
 4800.500 -0.0020 -0.0166
 4800.520 -0.0125 -0.0132
 4800.540 -0.0125 -0.0043
 4800.560 -0.0016  0.0032
 4800.580  0.0113  0.0055
 4800.600  0.0153  0.0016
 4800.620  0.0062 -0.0072
 4800.640 -0.0083 -0.0183
 4800.660 -0.0168 -0.0276
 4800.680 -0.0142 -0.0312
 4800.700 -0.0062 -0.0263
 4800.720 -0.0033 -0.0148
 4800.740 -0.0102 -0.0038
 4800.760 -0.0208  0.0001
 4800.780 -0.0266 -0.0022
 4800.800 -0.0260 -0.0056
 4800.820 -0.0228 -0.0065
 4800.840 -0.0196 -0.0044
 4800.860 -0.0142 -0.0001
 4800.880 -0.0036  0.0045
 4800.900  0.0090  0.0080
 4800.920  0.0145  0.0090
 4800.940  0.0085  0.0062
 4800.960 -0.0039 -0.0012
 4800.980 -0.0122 -0.0116
 4801.000 -0.0099 -0.0202
 4801.020 -0.0012 -0.0240
 4801.040  0.0048 -0.0244
 4801.060  0.0039 -0.0235
 4801.080 -0.0018 -0.0199
 4801.100 -0.0089 -0.0122
 4801.120 -0.0151 -0.0029
 4801.140 -0.0199  0.0034
 4801.160 -0.0230  0.0043
 4801.180 -0.0229  0.0012
 4801.200 -0.0200 -0.0022
 4801.220 -0.0174 -0.0023
 4801.240 -0.0162  0.0018
 4801.260 -0.0145  0.0080
 4801.280 -0.0111  0.0127
 4801.300 -0.0086  0.0133
 4801.320 -0.0123  0.0068
 4801.340 -0.0238 -0.0092
 4801.360 -0.0368 -0.0306
 4801.380 -0.0407 -0.0452
 4801.400 -0.0328 -0.0430
 4801.420 -0.0197 -0.0274
 4801.440 -0.0105 -0.0111
 4801.460 -0.0069 -0.0041
 4801.480 -0.0031 -0.0068
 4801.500  0.0052 -0.0118
 4801.520  0.0125 -0.0092
 4801.540  0.0105  0.0016
 4801.560 -0.0013  0.0101
 4801.580 -0.0158  0.0086
 4801.600 -0.0240  0.0023
 4801.620 -0.0225 -0.0006
 4801.640 -0.0159  0.0006
 4801.660 -0.0106  0.0018
 4801.680 -0.0098  0.0010
 4801.700 -0.0136 -0.0001
 4801.720 -0.0208  0.0010
 4801.740 -0.0283  0.0055
 4801.760 -0.0320  0.0099
 4801.780 -0.0277  0.0090
 4801.800 -0.0162  0.0044
 4801.820 -0.0043  0.0032
 4801.840 -0.0002  0.0081
 4801.860 -0.0051  0.0124
 4801.880 -0.0140  0.0097
 4801.900 -0.0201  0.0018
 4801.920 -0.0197 -0.0052
 4801.940 -0.0133 -0.0086
 4801.960 -0.0036 -0.0095
 4801.980  0.0068 -0.0113
 4802.000  0.0142 -0.0157
 4802.020  0.0147 -0.0196
 4802.040  0.0084 -0.0181
 4802.060  0.0014 -0.0118
 4802.080 -0.0002 -0.0064
 4802.100  0.0037 -0.0044
 4802.120  0.0058 -0.0023
 4802.140 -0.0011  0.0028
 4802.160 -0.0141  0.0084
 4802.180 -0.0214  0.0109
 4802.200 -0.0160  0.0098
 4802.220 -0.0042  0.0068
 4802.240  0.0016  0.0046
 4802.260 -0.0048  0.0036
 4802.280 -0.0164  0.0006
 4802.300 -0.0223 -0.0076
 4802.320 -0.0200 -0.0203
 4802.340 -0.0160 -0.0318
 4802.360 -0.0178 -0.0359
 4802.380 -0.0250 -0.0296
 4802.400 -0.0293 -0.0145
 4802.420 -0.0246  0.0041
 4802.440 -0.0148  0.0186
 4802.460 -0.0078  0.0219
 4802.480 -0.0073  0.0127
 4802.500 -0.0102 -0.0011
 4802.520 -0.0112 -0.0099
 4802.540 -0.0093 -0.0112
 4802.560 -0.0084 -0.0086
 4802.580 -0.0108 -0.0075
 4802.600 -0.0143 -0.0103
 4802.620 -0.0156 -0.0136
 4802.640 -0.0143 -0.0114
 4802.660 -0.0133 -0.0039
 4802.680 -0.0142  0.0022
 4802.700 -0.0144  0.0009
 4802.720 -0.0099 -0.0073
 4802.740 -0.0020 -0.0172
 4802.760  0.0032 -0.0226
 4802.780  0.0005 -0.0206
 4802.800 -0.0081 -0.0139
 4802.820 -0.0133 -0.0081
 4802.840 -0.0079 -0.0078
 4802.860  0.0047 -0.0138
 4802.880  0.0131 -0.0214
 4802.900  0.0072 -0.0238
 4802.920 -0.0120 -0.0182
 4802.940 -0.0328 -0.0077
 4802.960 -0.0421  0.0020
 4802.980  0.0000  0.0000
 4803.000  0.0000  0.0000
