           0.97    1.03  
          -1.04   -0.46  
 4822.000  0.7309  0.7649
 4822.020  0.7431  0.8017
 4822.040  0.7474  0.8011
 4822.060  0.7352  0.7884
 4822.080  0.7104  0.7762
 4822.100  0.7042  0.7869
 4822.120  0.7237  0.8163
 4822.140  0.7476  0.8370
 4822.160  0.7605  0.8311
 4822.180  0.7614  0.8089
 4822.200  0.7597  0.7849
 4822.220  0.7621  0.7646
 4822.240  0.7716  0.7586
 4822.260  0.7965  0.7793
 4822.280  0.8339  0.8224
 4822.300  0.8640  0.8664
 4822.320  0.8762  0.8926
 4822.340  0.8802  0.9008
 4822.360  0.8903  0.8972
 4822.380  0.9079  0.8834
 4822.400  0.9201  0.8617
 4822.420  0.9184  0.8358
 4822.440  0.9101  0.8116
 4822.460  0.9047  0.7976
 4822.480  0.9006  0.7981
 4822.500  0.8860  0.8067
 4822.520  0.8539  0.8131
 4822.540  0.8126  0.8154
 4822.560  0.7809  0.8230
 4822.580  0.7700  0.8444
 4822.600  0.7758  0.8818
 4822.620  0.7855  0.9304
 4822.640  0.7895  0.9743
 4822.660  0.7876  0.9977
 4822.680  0.7852  1.0050
 4822.700  0.7842  1.0098
 4822.720  0.7811  1.0134
 4822.740  0.7738  1.0096
 4822.760  0.7636  0.9990
 4822.780  0.7528  0.9871
 4822.800  0.7444 -1.0000
 4822.820  0.7443 -1.0000
 4822.840  0.7573 -1.0000
 4822.860  0.7800 -1.0000
 4822.880  0.8005 -1.0000
 4822.900 -1.0000 -1.0000
 4822.920 -1.0000 -1.0000
 4822.940 -1.0000 -1.0000
 4822.960 -1.0000 -1.0000
 4822.980 -1.0000 -1.0000
 4823.000 -1.0000 -1.0000
 4823.020 -1.0000 -1.0000
 4823.040 -1.0000  0.8562
 4823.060 -1.0000  0.8658
 4823.080 -1.0000  0.8733
 4823.100 -1.0000  0.8789
 4823.120  0.7457  0.8920
 4823.140  0.7639  0.9165
 4823.160  0.7980  0.9427
 4823.180  0.8387  0.9552
 4823.200  0.8694  0.9443
 4823.220  0.8852  0.9241
 4823.240  0.8986  0.9295
 4823.260  0.9170  0.9648
 4823.280  0.9303  0.9964
 4823.300  0.9302  1.0083
 4823.320  0.9227  1.0050
 4823.340  0.9146  0.9915
 4823.360  0.9075  0.9782
 4823.380  0.9030 -1.0000
 4823.400  0.9020 -1.0000
 4823.420  0.8988 -1.0000
 4823.440  0.8861 -1.0000
 4823.460  0.8673 -1.0000
 4823.480  0.8496 -1.0000
 4823.500  0.8313 -1.0000
 4823.520  0.8134  1.0267
 4823.540  0.8077  1.0192
 4823.560  0.8161  0.9996
 4823.580  0.8289  0.9722
 4823.600  0.8425  0.9451
 4823.620  0.8536  0.9247
 4823.640  0.8558  0.9157
 4823.660  0.8536  0.9191
 4823.680  0.8568  0.9327
 4823.700  0.8674  0.9527
 4823.720  0.8801  0.9695
 4823.740  0.8906  0.9756
 4823.760  0.8996  0.9741
 4823.780  0.9117  0.9712
 4823.800  0.9277  0.9718
 4823.820  0.9409  0.9794
 4823.840  0.9432  0.9895
 4823.860  0.9334  0.9946
 4823.880  0.9182  0.9936
 4823.900  0.9063  0.9912
 4823.920  0.9033  0.9914
 4823.940  0.9104  0.9946
 4823.960  0.9251  0.9978
 4823.980  0.9406  0.9967
 4824.000  0.9474  0.9894
 4824.020  0.9433  0.9755
 4824.040  0.9377  0.9532
 4824.060  0.9424  0.9216
 4824.080  0.9579  0.8828
 4824.100  0.9724  0.8410
 4824.120  0.9727  0.8043
 4824.140  0.9583  0.7816
 4824.160  0.9409  0.7761
 4824.180  0.9294  0.7820
 4824.200  0.9225  0.7921
 4824.220  0.9138  0.8077
 4824.240  0.9013  0.8344
 4824.260  0.8917  0.8714
 4824.280  0.8939  0.9085
 4824.300  0.9071  0.9359
 4824.320  0.9218  0.9506
 4824.340  0.9301  0.9553
 4824.360  0.9323  0.9586
 4824.380  0.9345  0.9693
 4824.400  0.9405  0.9870
 4824.420  0.9464  1.0036
 4824.440  0.9463  1.0105
 4824.460  0.9403  1.0045
 4824.480  0.9338  0.9930
 4824.500  0.9339  0.9847
 4824.520  0.9425  0.9782
 4824.540  0.9526  0.9659
 4824.560  0.9527  0.9457
 4824.580  0.9351  0.9256
 4824.600  0.9048 -1.0000
 4824.620  0.8765 -1.0000
 4824.640  0.8588 -1.0000
 4824.660  0.8481 -1.0000
 4824.680  0.8407 -1.0000
 4824.700 -1.0000 -1.0000
 4824.720 -1.0000 -1.0000
 4824.740 -1.0000 -1.0000
 4824.760 -1.0000 -1.0000
 4824.780 -1.0000 -1.0000
 4824.800 -1.0000 -1.0000
 4824.820 -1.0000 -1.0000
 4824.840 -1.0000 -1.0000
 4824.860 -1.0000 -1.0000
 4824.880 -1.0000 -1.0000
 4824.900 -1.0000  0.8994
 4824.920 -1.0000  0.8739
 4824.940 -1.0000  0.8506
 4824.960 -1.0000  0.8508
 4824.980 -1.0000  0.8770
 4825.000  0.9055  0.9114
 4825.020  0.8986  0.9392
 4825.040  0.8962  0.9564
 4825.060  0.9044  0.9641
 4825.080  0.9197  0.9663
 4825.100  0.9308  0.9654
 4825.120  0.9266  0.9599
 4825.140  0.9072  0.9475
 4825.160  0.8815  0.9338
 4825.180  0.8557  0.9287
 4825.200  0.8287  0.9361
 4825.220  0.7976  0.9533
 4825.240  0.7650  0.9731
 4825.260  0.7402  0.9864
 4825.280  0.7293  0.9908
 4825.300  0.7296  0.9889
 4825.320  0.7356  0.9810
 4825.340  0.7449  0.9716
 4825.360  0.7581  0.9690
 4825.380  0.7740  0.9736
 4825.400  0.7897  0.9807
 4825.420  0.8026  0.9848
 4825.440  0.8123  0.9790
 4825.460  0.8205  0.9625
 4825.480  0.8286  0.9435
 4825.500  0.8350  0.9320
 4825.520  0.8376  0.9342
 4825.540  0.8386  0.9491
 4825.560  0.8436  0.9674
 4825.580  0.8559  0.9805
 4825.600  0.8734  0.9873
 4825.620  0.8915  0.9916
 4825.640  0.9085  0.9952
 4825.660  0.9241  0.9972
 4825.680  0.9360  0.9955
 4825.700  0.9421  0.9889
 4825.720  0.9428  0.9789
 4825.740  0.9417  0.9688
 4825.760  0.9414  0.9619
 4825.780  0.9396  0.9594
 4825.800  0.9314  0.9589
 4825.820  0.9187  0.9570
 4825.840  0.9124  0.9532
 4825.860  0.9219  0.9496
 4825.880  0.9438  0.9519
 4825.900  0.9622  0.9651
 4825.920  0.9634  0.9850
 4825.940  0.9527  0.9949
 4825.960  0.9478  0.9841
 4825.980  0.9579  0.9619
 4826.000  0.9747 -1.0000
 4826.020  0.9806 -1.0000
 4826.040  0.9646 -1.0000
 4826.060  0.9351 -1.0000
 4826.080  0.9109 -1.0000
 4826.100  0.8995 -1.0000
 4826.120  0.8910 -1.0000
 4826.140  0.8800  0.7651
 4826.160  0.8795  0.8003
 4826.180  0.8989  0.8432
 4826.200  0.9289  0.8816
 4826.220  0.9539  0.9102
 4826.240  0.9643  0.9267
 4826.260  0.9591  0.9354
 4826.280  0.9461  0.9357
 4826.300  0.9330  0.9193
 4826.320  0.9202  0.8879
 4826.340  0.9055  0.8559
 4826.360  0.8919  0.8364
 4826.380  0.8871  0.8330
 4826.400  0.8941  0.8456
 4826.420  0.9069  0.8713
 4826.440  0.9172  0.8985
 4826.460  0.9239 -1.0000
 4826.480  0.9322 -1.0000
 4826.500  0.9439 -1.0000
 4826.520  0.9526 -1.0000
 4826.540  0.9538 -1.0000
 4826.560 -1.0000 -1.0000
 4826.580 -1.0000 -1.0000
 4826.600 -1.0000 -1.0000
 4826.620 -1.0000 -1.0000
 4826.640 -1.0000 -1.0000
 4826.660 -1.0000 -1.0000
 4826.680 -1.0000 -1.0000
 4826.700 -1.0000 -1.0000
 4826.720 -1.0000 -1.0000
 4826.740 -1.0000  1.0037
 4826.760 -1.0000  1.0038
 4826.780 -1.0000  1.0084
 4826.800 -1.0000  1.0133
 4826.820 -1.0000  1.0073
 4826.840  0.8505  0.9851
 4826.860  0.8535  0.9513
 4826.880  0.8534  0.9140
 4826.900  0.8428  0.8766
 4826.920  0.8212  0.8412
 4826.940  0.7973  0.8127
 4826.960  0.7816  0.7954
 4826.980  0.7783  0.7892
 4827.000  0.7854  0.7912
 4827.020  0.7980  0.7964
 4827.040  0.8131  0.7975
 4827.060  0.8306  0.7907
 4827.080  0.8494  0.7831
 4827.100  0.8649  0.7860
 4827.120  0.8734  0.8046
 4827.140  0.8759  0.8355
 4827.160  0.8766  0.8680
 4827.180  0.8776  0.8897
 4827.200  0.8767  0.8959
 4827.220  0.8716  0.8960
 4827.240  0.8671  0.9050
 4827.260  0.8726  0.9286
 4827.280  0.8909  0.9569
 4827.300  0.9128  0.9738
 4827.320  0.9248  0.9721
 4827.340  0.9215  0.9583
 4827.360  0.9111  0.9468
 4827.380  0.9027  0.9501
 4827.400  0.8947  0.9638
 4827.420  0.8789  0.9734
 4827.440  0.8501  0.9763
 4827.460  0.8181  0.9754
 4827.480  0.8026  0.9717
 4827.500  0.8048  0.9711
 4827.520  0.8051  0.9777
 4827.540  0.7911  0.9868
 4827.560  0.7668  0.9923
 4827.580  0.7452  0.9931
 4827.600  0.7400  0.9925
 4827.620  0.7531  0.9923
 4827.640  0.7732  0.9902
 4827.660  0.7898  0.9848
 4827.680  0.8011  0.9765
 4827.700  0.8115  0.9647
 4827.720  0.8245  0.9521
 4827.740  0.8382  0.9421
 4827.760  0.8500  0.9340
 4827.780  0.8631  0.9250
 4827.800  0.8801  0.9112
 4827.820  0.8964  0.8911
 4827.840  0.9058  0.8653
 4827.860  0.9077  0.8363
 4827.880  0.9085  0.8158
 4827.900  0.9166  0.8178
 4827.920  0.9310  0.8423
 4827.940  0.9404  0.8758
 4827.960  0.9368  0.8999
 4827.980  0.9240  0.9014
 4828.000  0.9133  0.8845
 4828.020  0.9126  0.8665
 4828.040  0.9181  0.8578
 4828.060  0.9223  0.8569
 4828.080  0.9254  0.8605
 4828.100  0.9331  0.8649
 4828.120  0.9466  0.8675
 4828.140  0.9604  0.8683
 4828.160  0.9656  0.8650
 4828.180  0.9592  0.8520
 4828.200  0.9494  0.8351
 4828.220  0.9453  0.8337
 4828.240  0.9452  0.8504
 4828.260  0.9416 -1.0000
 4828.280  0.9314 -1.0000
 4828.300  0.9178 -1.0000
 4828.320  0.9051 -1.0000
 4828.340  0.8963 -1.0000
 4828.360 -1.0000 -1.0000
 4828.380 -1.0000 -1.0000
 4828.400 -1.0000 -1.0000
 4828.420 -1.0000 -1.0000
 4828.440 -1.0000 -1.0000
 4828.460 -1.0000 -1.0000
 4828.480 -1.0000 -1.0000
 4828.500 -1.0000 -1.0000
 4828.520 -1.0000 -1.0000
 4828.540 -1.0000 -1.0000
 4828.560 -1.0000 -1.0000
 4828.580 -1.0000  0.8857
 4828.600 -1.0000  0.9272
 4828.620 -1.0000  0.9628
 4828.640 -1.0000  0.9707
 4828.660  0.8760  0.9588
 4828.680  0.8471  0.9429
 4828.700  0.8129  0.9294
 4828.720  0.7925  0.9289
 4828.740  0.7980  0.9485
 4828.760  0.8196  0.9781
 4828.780  0.8327  1.0049
 4828.800  0.8285  1.0228
 4828.820  0.8175  1.0272
 4828.840  0.8087  1.0192
 4828.860  0.8084  1.0143
 4828.880  0.8242  1.0284
 4828.900  0.8543  1.0516
 4828.920  0.8859  1.0595
 4828.940  0.9065  1.0484
 4828.960  0.9094  1.0363
 4828.980  0.8950  1.0374
 4829.000  0.8703  1.0477
 4829.020  0.8459  1.0576
 4829.040  0.8297  1.0614
 4829.060  0.8222  1.0545
 4829.080  0.8171  1.0413
 4829.100  0.8100  1.0327
 4829.120  0.8038 -1.0000
 4829.140  0.8047 -1.0000
 4829.160  0.8165 -1.0000
 4829.180  0.8368 -1.0000
 4829.200  0.8593 -1.0000
 4829.220  0.8807 -1.0000
 4829.240  0.9012 -1.0000
 4829.260  0.9194 -1.0000
 4829.280  0.9303  0.9343
 4829.300  0.9297  0.9292
 4829.320  0.9239  0.9264
 4829.340  0.9224  0.9234
 4829.360  0.9249  0.9181
 4829.380  0.9251  0.9137
 4829.400  0.9227  0.9134
 4829.420  0.9265  0.9167
 4829.440  0.9421  0.9199
 4829.460  0.9640  0.9150
 4829.480  0.9791  0.8981
 4829.500  0.9776  0.8757
 4829.520  0.9620  0.8546
 4829.540  0.9461  0.8342
 4829.560  0.9430  0.8144
 4829.580  0.9528  0.7965
 4829.600  0.9635  0.7805
 4829.620  0.9625  0.7707
 4829.640  0.9467  0.7745
 4829.660  0.9242  0.7916
 4829.680  0.9073  0.8135
 4829.700  0.9050  0.8323
 4829.720  0.9159  0.8457
 4829.740  0.9296  0.8537
 4829.760  0.9343  0.8562
 4829.780  0.9254  0.8577
 4829.800  0.9090  0.8681
 4829.820  0.8955  0.8915
 4829.840  0.8891  0.9191
 4829.860  0.8842  0.9423
 4829.880  0.8731  0.9624
 4829.900  0.8563  0.9795
 4829.920  0.8423  0.9888
 4829.940  0.8362  0.9925
 4829.960  0.8396  0.9956
 4829.980  0.8530  0.9963
 4830.000  0.8687  0.9915
 4830.020  0.8767 -1.0000
 4830.040  0.8762 -1.0000
 4830.060  0.8721 -1.0000
 4830.080  0.8652 -1.0000
 4830.100  0.8574 -1.0000
 4830.120 -1.0000 -1.0000
 4830.140 -1.0000 -1.0000
 4830.160 -1.0000 -1.0000
 4830.180 -1.0000 -1.0000
 4830.200 -1.0000 -1.0000
 4830.220 -1.0000 -1.0000
 4830.240 -1.0000 -1.0000
 4830.260 -1.0000 -1.0000
 4830.280 -1.0000 -1.0000
 4830.300 -1.0000 -1.0000
 4830.320 -1.0000 -1.0000
 4830.340 -1.0000 -1.0000
 4830.360 -1.0000 -1.0000
 4830.380 -1.0000  0.6575
 4830.400 -1.0000  0.6276
 4830.420 -1.0000  0.6007
 4830.440 -1.0000  0.5912
 4830.460 -1.0000  0.6044
 4830.480  0.9570  0.6430
 4830.500  0.9643  0.7056
 4830.520  0.9633  0.7816
 4830.540  0.9507  0.8525
 4830.560  0.9356  0.9032
 4830.580  0.9285  0.9311
 4830.600  0.9317  0.9462
 4830.620  0.9386  0.9600
 4830.640  0.9413  0.9704
 4830.660  0.9376  0.9657
 4830.680  0.9322  0.9444
 4830.700  0.9307  0.9165
 4830.720  0.9337  0.8891
 4830.740  0.9367  0.8638
 4830.760  0.9354  0.8448
 4830.780  0.9297  0.8412
 4830.800  0.9226  0.8591
 4830.820  0.9137  0.8911
 4830.840  0.8960  0.9222
 4830.860  0.8620  0.9428
 4830.880  0.8113  0.9511
 4830.900  0.7560  0.9540
 4830.920  0.7123  0.9608
 4830.940  0.6855  0.9741
 4830.960  0.6665  0.9877
 4830.980  0.6440  0.9931
 4831.000  0.6171  0.9914
 4831.020  0.5996  0.9931
 4831.040  0.6057  1.0022
 4831.060  0.6340  1.0111
 4831.080  0.6709  1.0109
 4831.100  0.7046  0.9988
 4831.120  0.7331  0.9784
 4831.140  0.7624  0.9609
 4831.160  0.7958  0.9584
 4831.180  0.8312  0.9713
 4831.200  0.8661  0.9863
 4831.220  0.8954  0.9839
 4831.240  0.9117  0.9557
 4831.260  0.9111  0.9185
 4831.280  0.8956  0.8989
 4831.300  0.8716  0.9015
 4831.320  0.8490  0.9099
 4831.340  0.8359  0.9143
 4831.360  0.8329  0.9169
 4831.380  0.8344  0.9174
 4831.400  0.8351  0.9152
 4831.420  0.8371  0.9143
 4831.440  0.8509  0.9099
 4831.460  0.8823  0.8905
 4831.480  0.9183  0.8632
 4831.500  0.9400  0.8509
 4831.520  0.9444  0.8649
 4831.540  0.9418  0.8961
 4831.560  0.9403  0.9231
 4831.580  0.9413  0.9236
 4831.600  0.9433  0.8963
 4831.620  0.9455  0.8648
 4831.640  0.9467  0.8470
 4831.660  0.9440  0.8373
 4831.680  0.9356  0.8214
 4831.700  0.9247  0.7965
 4831.720  0.9183  0.7697
 4831.740  0.9205  0.7432
 4831.760  0.9272  0.7177
 4831.780  0.9299  0.7004
 4831.800  0.9253 -1.0000
 4831.820  0.9185 -1.0000
 4831.840  0.9147 -1.0000
 4831.860  0.9115 -1.0000
 4831.880  0.9039 -1.0000
 4831.900  0.8937 -1.0000
 4831.920 -1.0000 -1.0000
 4831.940 -1.0000 -1.0000
 4831.960 -1.0000 -1.0000
 4831.980 -1.0000 -1.0000
 4832.000 -1.0000 -1.0000
 4832.020 -1.0000 -1.0000
 4832.040 -1.0000 -1.0000
 4832.060 -1.0000 -1.0000
 4832.080 -1.0000 -1.0000
 4832.100 -1.0000 -1.0000
 4832.120 -1.0000 -1.0000
 4832.140 -1.0000 -1.0000
 4832.160 -1.0000 -1.0000
 4832.180 -1.0000  0.8969
 4832.200 -1.0000  0.8803
 4832.220 -1.0000  0.8629
 4832.240 -1.0000  0.8485
 4832.260  0.7380  0.8362
 4832.280  0.7430  0.8326
 4832.300  0.7437  0.8451
 4832.320  0.7314  0.8729
 4832.340  0.7072  0.9082
 4832.360  0.6873  0.9399
 4832.380  0.6885  0.9602
 4832.400  0.7090  0.9707
 4832.420  0.7352  0.9760
 4832.440  0.7607  0.9783
 4832.460  0.7903  0.9783
 4832.480  0.8278  0.9765
 4832.500  0.8661  0.9739
 4832.520  0.8924  0.9709
 4832.540  0.9041  0.9707
 4832.560  0.9104  0.9781
 4832.580  0.9186  0.9877
 4832.600  0.9269  0.9874
 4832.620  0.9279  0.9762
 4832.640  0.9171  0.9659
 4832.660  0.8991  0.9695
 4832.680  0.8839  0.9844
 4832.700  0.8758  0.9945
 4832.720  0.8713  0.9971
 4832.740  0.8669  1.0020
 4832.760  0.8612  1.0081
 4832.780  0.8526  1.0072
 4832.800  0.8414  0.9963
 4832.820  0.8312  0.9789
 4832.840  0.8246  0.9635
 4832.860  0.8225  0.9579
 4832.880  0.8264  0.9638
 4832.900  0.8398  0.9764
 4832.920  0.8627  0.9868
 4832.940  0.8894  0.9880
 4832.960  0.9130  0.9769
 4832.980  0.9299  0.9530
 4833.000  0.9398  0.9214
 4833.020  0.9434  0.8938
 4833.040  0.9409  0.8804
 4833.060  0.9335  0.8854
 4833.080  0.9263  0.9044
 4833.100  0.9254  0.9241
 4833.120  0.9339  0.9311
 4833.140  0.9500  0.9228
 4833.160  0.9662  0.9063
 4833.180  0.9740  0.8890
 4833.200  0.9716  0.8747
 4833.220  0.9641  0.8664
 4833.240  0.9580  0.8630
 4833.260  0.9545  0.8582
 4833.280  0.9497  0.8490
 4833.300  0.9399  0.8411
 4833.320  0.9267  0.8419
 4833.340  0.9175  0.8513
 4833.360  0.9193  0.8669
 4833.380  0.9309  0.8907
 4833.400  0.9414  0.9208
 4833.420  0.9411  0.9412
 4833.440  0.9288  0.9432
 4833.460  0.9116  0.9396
 4833.480  0.8984  0.9428
 4833.500  0.8913  0.9552
 4833.520  0.8854  0.9745
 4833.540  0.8765  0.9917
 4833.560  0.8655 -1.0000
 4833.580  0.8553 -1.0000
 4833.600  0.8476 -1.0000
 4833.620  0.8461 -1.0000
 4833.640  0.8539 -1.0000
 4833.660  0.8653 -1.0000
 4833.680 -1.0000 -1.0000
 4833.700 -1.0000 -1.0000
 4833.720 -1.0000 -1.0000
 4833.740 -1.0000 -1.0000
 4833.760 -1.0000 -1.0000
 4833.780 -1.0000 -1.0000
 4833.800 -1.0000 -1.0000
 4833.820 -1.0000 -1.0000
 4833.840 -1.0000 -1.0000
 4833.860 -1.0000 -1.0000
 4833.880 -1.0000 -1.0000
 4833.900 -1.0000 -1.0000
 4833.920 -1.0000 -1.0000
 4833.940 -1.0000 -1.0000
 4833.960 -1.0000  0.9064
 4833.980 -1.0000  0.8905
 4834.000 -1.0000  0.8599
 4834.020 -1.0000  0.8275
 4834.040  0.8197  0.8066
 4834.060  0.8361  0.8060
 4834.080  0.8606  0.8269
 4834.100  0.8865  0.8556
 4834.120  0.9044  0.8751
 4834.140  0.9097  0.8785
 4834.160  0.9089  0.8700
 4834.180  0.9111  0.8590
 4834.200  0.9190  0.8502
 4834.220  0.9277  0.8410
 4834.240  0.9314  0.8300
 4834.260  0.9270  0.8221
 4834.280  0.9134  0.8214
 4834.300  0.8890  0.8294
 4834.320  0.8574  0.8463
 4834.340  0.8283  0.8685
 4834.360  0.8122  0.8919
 4834.380  0.8139  0.9178
 4834.400  0.8281  0.9510
 4834.420  0.8429  0.9936
 4834.440  0.8501  1.0344
 4834.460  0.8516  1.0515
 4834.480  0.8530  1.0406
 4834.500  0.8550  1.0209
 4834.520  0.8521  1.0071
 4834.540  0.8394  0.9995
 4834.560  0.8217  0.9929
 4834.580  0.8096  0.9854
 4834.600  0.8073  0.9798
 4834.620  0.8100  0.9751
 4834.640  0.8101  0.9684
 4834.660  0.8036  0.9645
 4834.680  0.7963  0.9677
 4834.700  0.7986  0.9725
 4834.720  0.8126  0.9729
 4834.740  0.8286  0.9704
 4834.760  0.8348  0.9699
 4834.780  0.8267  0.9773
 4834.800  0.8090  0.9965
 4834.820  0.7904  1.0202
 4834.840  0.7787  1.0282
 4834.860  0.7782  1.0120
 4834.880  0.7883  0.9900
 4834.900  0.8030  0.9836
 4834.920  0.8150  0.9960
 4834.940  0.8251  1.0148
 4834.960  0.8417  1.0227
 4834.980  0.8700  1.0150
 4835.000  0.9044  1.0026
 4835.020  0.9320  0.9988
 4835.040  0.9430  1.0040
 4835.060  0.9396  1.0064
 4835.080  0.9326  1.0031
 4835.100  0.9309  1.0036
 4835.120  0.9337  1.0078
 4835.140  0.9325  1.0085
 4835.160  0.9251  1.0062
 4835.180  0.9201  1.0065
 4835.200  0.9270  1.0118
 4835.220  0.9451  1.0199
 4835.240  0.9629  1.0221
 4835.260  0.9675  1.0144
 4835.280  0.9576 -1.0000
 4835.300  0.9440 -1.0000
 4835.320  0.9342 -1.0000
 4835.340  0.9261 -1.0000
 4835.360  0.9171 -1.0000
 4835.380  0.9012 -1.0000
 4835.400 -1.0000 -1.0000
 4835.420 -1.0000 -1.0000
 4835.440 -1.0000 -1.0000
 4835.460 -1.0000 -1.0000
 4835.480 -1.0000 -1.0000
 4835.500 -1.0000 -1.0000
 4835.520 -1.0000 -1.0000
 4835.540 -1.0000 -1.0000
 4835.560  0.0055 -1.0000
 4835.580 -0.0042 -1.0000
 4835.600  0.0025 -1.0000
 4835.620 -1.0000 -1.0000
 4835.640 -1.0000 -1.0000
 4835.660 -1.0000 -1.0000
 4835.680 -1.0000 -1.0000
 4835.700 -1.0000 -1.0000
 4835.720 -1.0000  0.8434
 4835.740 -1.0000  0.8226
 4835.760 -1.0000  0.8019
 4835.780 -1.0000  0.7971
 4835.800  0.9207  0.8105
 4835.820  0.9186  0.8348
 4835.840  0.9017  0.8624
 4835.860  0.8800  0.8858
 4835.880  0.8578  0.9047
 4835.900  0.8371  0.9279
 4835.920  0.8162  0.9609
 4835.940  0.7959  0.9972
 4835.960  0.7819  1.0247
 4835.980  0.7795  1.0321
 4836.000  0.7879  1.0170
 4836.020  0.8025  0.9911
 4836.040  0.8195  0.9716
 4836.060  0.8394  0.9651
 4836.080  0.8637  0.9669
 4836.100  0.8896  0.9687
 4836.120  0.9102  0.9635
 4836.140  0.9219  0.9490
 4836.160  0.9273  0.9318
 4836.180  0.9325  0.9206
 4836.200  0.9383  0.9175
 4836.220  0.9387  0.9217
 4836.240  0.9274  0.9313
 4836.260  0.9033  0.9375
 4836.280  0.8713  0.9335
 4836.300  0.8402  0.9201
 4836.320  0.8175  0.9007
 4836.340  0.8058  0.8799
 4836.360  0.8025  0.8616
 4836.380  0.8031  0.8477
 4836.400  0.8047  0.8424
 4836.420  0.8089  0.8532
 4836.440  0.8204  0.8812
 4836.460  0.8415  0.9161
 4836.480  0.8682  0.9412
 4836.500  0.8931  0.9487
 4836.520  0.9116  0.9432
 4836.540  0.9246  0.9312
 4836.560  0.9345  0.9179
 4836.580  0.9408  0.9098
 4836.600  0.9411  0.9118
 4836.620  0.9352  0.9237
 4836.640  0.9249  0.9394
 4836.660  0.9129  0.9489
 4836.680  0.9035  0.9462
 4836.700  0.8980  0.9372
 4836.720  0.8937  0.9354
 4836.740  0.8892  0.9480
 4836.760  0.8884  0.9663
 4836.780  0.8945  0.9781
 4836.800  0.9038  0.9819
 4836.820  0.9073  0.9818
 4836.840  0.8994  0.9801
 4836.860  0.8844  0.9787
 4836.880  0.8695  0.9763
 4836.900  0.8570  0.9693
 4836.920  0.8469  0.9585
 4836.940  0.8404  0.9524
 4836.960  0.8395  0.9574
 4836.980  0.8472  0.9705
 4837.000  0.8641  0.9832
 4837.020  0.8841 -1.0000
 4837.040  0.8984 -1.0000
 4837.060  0.9026 -1.0000
 4837.080  0.8983 -1.0000
 4837.100  0.8912 -1.0000
 4837.120  0.8786 -1.0000
 4837.140 -1.0000 -1.0000
 4837.160 -1.0000 -1.0000
 4837.180 -1.0000 -1.0000
 4837.200 -1.0000 -1.0000
 4837.220 -1.0000 -1.0000
 4837.240 -1.0000 -1.0000
 4837.260 -1.0000 -1.0000
 4837.280 -1.0000 -1.0000
 4837.300  0.0196 -1.0000
 4837.320 -1.0000 -1.0000
 4837.340 -1.0000 -1.0000
 4837.360 -1.0000 -1.0000
 4837.380 -1.0000 -1.0000
 4837.400 -1.0000 -1.0000
 4837.420 -1.0000 -1.0000
 4837.440 -1.0000  0.8699
 4837.460 -1.0000  0.8782
 4837.480 -1.0000  0.8839
 4837.500 -1.0000  0.8930
 4837.520  0.9079  0.9130
 4837.540  0.9213  0.9395
 4837.560  0.9224  0.9636
 4837.580  0.9176  0.9807
 4837.600  0.9145  0.9904
 4837.620  0.9162  0.9951
 4837.640  0.9197  0.9954
 4837.660  0.9197  0.9901
 4837.680  0.9112  0.9796
 4837.700  0.8914  0.9655
 4837.720  0.8631  0.9492
 4837.740  0.8345  0.9356
 4837.760  0.8127  0.9285
 4837.780  0.7989  0.9252
 4837.800  0.7888  0.9235
 4837.820  0.7777  0.9265
 4837.840  0.7665  0.9354
 4837.860  0.7608  0.9450
 4837.880  0.7653  0.9497
 4837.900  0.7786  0.9501
 4837.920  0.7933  0.9503
 4837.940  0.8022  0.9524
 4837.960  0.8051  0.9570
 4837.980  0.8076  0.9647
 4838.000  0.8132  0.9742
 4838.020  0.8192  0.9806
 4838.040  0.8226  0.9779
 4838.060  0.8259  0.9625
 4838.080  0.8362  0.9368
 4838.100  0.8570  0.9102
 4838.120  0.8818  0.8911
 4838.140  0.9006  0.8761
 4838.160  0.9091  0.8567
 4838.180  0.9105  0.8335
 4838.200  0.9106  0.8174
 4838.220  0.9115  0.8213
 4838.240  0.9115  0.8506
 4838.260  0.9108  0.8962
 4838.280  0.9135  0.9384
 4838.300  0.9197  0.9603
 4838.320  0.9232  0.9626
 4838.340  0.9173  0.9575
 4838.360  0.9024  0.9526
 4838.380  0.8883  0.9492
 4838.400  0.8875  0.9458
 4838.420  0.9022  0.9428
 4838.440  0.9217  0.9479
 4838.460  0.9331  0.9677
 4838.480  0.9311  0.9941
 4838.500  0.9215  1.0128
 4838.520  0.9158  1.0171
 4838.540  0.9201  1.0082
 4838.560  0.9317  0.9917
 4838.580  0.9409  0.9752
 4838.600  0.9388  0.9664
 4838.620  0.9239  0.9671
 4838.640  0.9039  0.9725
 4838.660  0.8881  0.9801
 4838.680  0.8774  0.9914
 4838.700  0.8627  1.0021
 4838.720  0.8374  1.0054
 4838.740  0.8073 -1.0000
 4838.760  0.7863 -1.0000
 4838.780  0.7845 -1.0000
 4838.800  0.7984 -1.0000
 4838.820  0.8060 -1.0000
 4838.840 -1.0000 -1.0000
 4838.860 -1.0000 -1.0000
 4838.880 -1.0000 -1.0000
 4838.900 -1.0000 -1.0000
 4838.920 -1.0000 -1.0000
 4838.940 -1.0000 -1.0000
 4838.960 -1.0000 -1.0000
 4838.980 -1.0000 -1.0000
 4839.000 -0.0284 -1.0000
 4839.020 -0.0283 -1.0000
 4839.040 -0.0124 -1.0000
 4839.060 -1.0000 -1.0000
 4839.080 -1.0000 -1.0000
 4839.100 -1.0000 -1.0000
 4839.120 -1.0000 -1.0000
 4839.140 -1.0000 -1.0000
 4839.160 -1.0000  0.9200
 4839.180 -1.0000  0.9201
 4839.200 -1.0000  0.9293
 4839.220 -1.0000  0.9471
 4839.240  0.8800  0.9695
 4839.260  0.8940  0.9888
 4839.280  0.9055  0.9958
 4839.300  0.9204  0.9911
 4839.320  0.9352  0.9819
 4839.340  0.9429  0.9718
 4839.360  0.9401  0.9637
 4839.380  0.9338  0.9581
 4839.400  0.9338  0.9556
 4839.420  0.9430  0.9580
 4839.440  0.9568  0.9627
 4839.460  0.9670  0.9683
 4839.480  0.9691  0.9751
 4839.500  0.9649  0.9819
 4839.520  0.9585  0.9879
 4839.540  0.9533  0.9891
 4839.560  0.9502  0.9797
 4839.580  0.9494  0.9628
 4839.600  0.9516  0.9477
 4839.620  0.9546  0.9417
 4839.640  0.9528  0.9462
 4839.660  0.9404  0.9567
 4839.680  0.9165  0.9672
 4839.700  0.8887  0.9711
 4839.720  0.8693  0.9604
 4839.740  0.8648  0.9343
 4839.760  0.8723  0.8972
 4839.780  0.8830  0.8505
 4839.800  0.8900  0.7981
 4839.820  0.8929  0.7507
 4839.840  0.8955  0.7216
 4839.860  0.9009  0.7193
 4839.880  0.9072  0.7427
 4839.900  0.9089  0.7805
 4839.920  0.9033  0.8158
 4839.940  0.8942 -1.0000
 4839.960  0.8888 -1.0000
 4839.980  0.8913 -1.0000
 4840.000  0.8998 -1.0000
 4840.020  0.9093 -1.0000
 4840.040  0.9174 -1.0000
 4840.060  0.9251 -1.0000
 4840.080  0.9341 -1.0000
 4840.100  0.9426 -1.0000
 4840.120  0.9433 -1.0000
 4840.140  0.9325  0.9811
 4840.160  0.9174  0.9635
 4840.180  0.9093  0.9418
 4840.200  0.9111  0.9281
 4840.220  0.9163  0.9274
 4840.240  0.9192  0.9341
 4840.260  0.9199  0.9413
 4840.280  0.9192  0.9440
 4840.300  0.9140  0.9380
 4840.320  0.8998  0.9272
 4840.340  0.8735  0.9193
 4840.360  0.8372  0.9141
 4840.380  0.7978  0.9077
 4840.400  0.7630  0.9009
 4840.420  0.7364 -1.0000
 4840.440  0.7187 -1.0000
 4840.460  0.7113 -1.0000
 4840.480  0.7135 -1.0000
 4840.500  0.7146 -1.0000
 4840.520 -1.0000 -1.0000
 4840.540 -1.0000 -1.0000
 4840.560 -1.0000 -1.0000
 4840.580 -1.0000 -1.0000
 4840.600 -1.0000 -1.0000
 4840.620 -1.0000 -1.0000
 4840.640 -1.0000 -1.0000
 4840.660 -1.0000 -1.0000
 4840.680 -1.0000 -1.0000
 4840.700 -1.0000 -1.0000
 4840.720 -0.0073 -1.0000
 4840.740 -1.0000 -1.0000
 4840.760 -1.0000 -1.0000
 4840.780 -1.0000 -1.0000
 4840.800 -1.0000 -1.0000
 4840.820 -1.0000 -1.0000
 4840.840 -1.0000 -1.0000
 4840.860 -1.0000  0.9701
 4840.880 -1.0000  0.9840
 4840.900 -1.0000  1.0045
 4840.920 -1.0000  1.0201
 4840.940  0.8499  1.0242
 4840.960  0.8597  1.0199
 4840.980  0.8564  1.0158
 4841.000  0.8439  1.0171
 4841.020  0.8319  1.0182
 4841.040  0.8334  1.0128
 4841.060  0.8536  1.0063
 4841.080  0.8851  1.0074
 4841.100  0.9125  1.0162
 4841.120  0.9245  1.0285
 4841.140  0.9230  1.0393
 4841.160  0.9188  1.0430
 4841.180  0.9223  1.0414
 4841.200  0.9336  1.0417
 4841.220  0.9429  1.0454
 4841.240  0.9433  1.0483
 4841.260  0.9395  1.0465
 4841.280  0.9405  1.0362
 4841.300  0.9489  1.0185
 4841.320  0.9580  0.9986
 4841.340  0.9578  0.9777
 4841.360  0.9460  0.9553
 4841.380  0.9319  0.9358
 4841.400  0.9269  0.9248
 4841.420  0.9335  0.9226
 4841.440  0.9439  0.9267
 4841.460  0.9485  0.9368
 4841.480  0.9462  0.9502
 4841.500  0.9421  0.9600
 4841.520  0.9411  0.9631
 4841.540  0.9437  0.9630
 4841.560  0.9486  0.9628
 4841.580  0.9537  0.9646
 4841.600  0.9568  0.9706
 4841.620  0.9553  0.9801
 4841.640  0.9496  0.9913
 4841.660  0.9478  1.0038
 4841.680  0.9589  1.0144
 4841.700  0.9792  1.0163
 4841.720  0.9929  1.0046
 4841.740  0.9875  0.9778
 4841.760  0.9650  0.9423
 4841.780  0.9437  0.9107
 4841.800  0.9417  0.8879
 4841.820  0.9589  0.8652
 4841.840  0.9780  0.8340
 4841.860  0.9803  0.7987
 4841.880  0.9605  0.7746
 4841.900  0.9328  0.7732
 4841.920  0.9150  0.7917
 4841.940  0.9085  0.8197
 4841.960  0.9027  0.8442
 4841.980  0.8910  0.8535
 4842.000  0.8778  0.8474
 4842.020  0.8751  0.8346
 4842.040  0.8881  0.8223
 4842.060  0.9086  0.8162
 4842.080  0.9243  0.8171
 4842.100  0.9283 -1.0000
 4842.120  0.9220 -1.0000
 4842.140  0.9125 -1.0000
 4842.160  0.9058 -1.0000
 4842.180  0.8957 -1.0000
 4842.200 -1.0000 -1.0000
 4842.220 -1.0000 -1.0000
 4842.240 -1.0000 -1.0000
 4842.260 -1.0000 -1.0000
 4842.280 -1.0000 -1.0000
 4842.300 -1.0000 -1.0000
 4842.320 -1.0000 -1.0000
 4842.340 -1.0000 -1.0000
 4842.360 -1.0000 -1.0000
 4842.380  0.0034 -1.0000
 4842.400  0.0001 -1.0000
 4842.420 -1.0000 -1.0000
 4842.440 -1.0000 -1.0000
 4842.460 -1.0000 -1.0000
 4842.480 -1.0000 -1.0000
 4842.500 -1.0000 -1.0000
 4842.520 -1.0000 -1.0000
 4842.540 -1.0000  1.0270
 4842.560 -1.0000  1.0147
 4842.580 -1.0000  0.9865
 4842.600 -1.0000  0.9404
 4842.620  0.7461  0.8871
 4842.640  0.7442  0.8454
 4842.660  0.7429  0.8251
 4842.680  0.7560  0.8230
 4842.700  0.7821  0.8309
 4842.720  0.8105  0.8344
 4842.740  0.8305  0.8187
 4842.760  0.8413  0.7848
 4842.780  0.8521  0.7502
 4842.800  0.8704  0.7316
 4842.820  0.8940  0.7304
 4842.840  0.9144  0.7373
 4842.860  0.9237  0.7471
 4842.880  0.9220  0.7631
 4842.900  0.9178  0.7920
 4842.920  0.9197  0.8335
 4842.940  0.9291  0.8762
 4842.960  0.9407  0.9073
 4842.980  0.9477  0.9222
 4843.000  0.9477  0.9256
 4843.020  0.9425  0.9238
 4843.040  0.9353  0.9138
 4843.060  0.9279  0.8893
 4843.080  0.9231  0.8543
 4843.100  0.9241  0.8179
 4843.120  0.9299  0.7865
 4843.140  0.9330  0.7656
 4843.160  0.9246  0.7609
 4843.180  0.9008  0.7747
 4843.200  0.8679  0.8019
 4843.220  0.8375  0.8316
 4843.240  0.8177  0.8529
 4843.260  0.8074  0.8617
 4843.280  0.7986  0.8636
 4843.300  0.7851  0.8682
 4843.320  0.7681  0.8796
 4843.340  0.7522  0.8893
 4843.360  0.7393  0.8832
 4843.380  0.7265  0.8610
 4843.400  0.7126  0.8364
 4843.420  0.7044  0.8225
 4843.440  0.7121  0.8215
 4843.460  0.7389  0.8224
 4843.480  0.7759  0.8162
 4843.500  0.8074  0.8100
 4843.520  0.8250  0.8153
 4843.540  0.8345  0.8338
 4843.560  0.8470  0.8621
 4843.580  0.8637  0.8955
 4843.600  0.8760  0.9295
 4843.620  0.8756  0.9631
 4843.640  0.8632  0.9942
 4843.660  0.8463  1.0183
 4843.680  0.8292  1.0304
 4843.700  0.8080  1.0269
 4843.720  0.7803  1.0151
 4843.740  0.7535  1.0075
 4843.760  0.7412 -1.0000
 4843.780  0.7515 -1.0000
 4843.800  0.7775 -1.0000
 4843.820  0.8006 -1.0000
 4843.840  0.8039 -1.0000
 4843.860 -1.0000 -1.0000
 4843.880 -1.0000 -1.0000
 4843.900 -1.0000 -1.0000
 4843.920 -1.0000 -1.0000
 4843.940 -1.0000 -1.0000
 4843.960 -1.0000 -1.0000
 4843.980 -1.0000 -1.0000
 4844.000 -1.0000 -1.0000
 4844.020 -1.0000 -1.0000
 4844.040 -0.0116 -1.0000
 4844.060 -0.0113 -1.0000
 4844.080 -1.0000 -1.0000
 4844.100 -1.0000 -1.0000
 4844.120 -1.0000 -1.0000
 4844.140 -1.0000 -1.0000
 4844.160 -1.0000 -1.0000
 4844.180 -1.0000 -1.0000
 4844.200 -1.0000  1.0315
 4844.220 -1.0000  1.0270
 4844.240 -1.0000  1.0245
 4844.260 -1.0000  1.0285
 4844.280  0.8956  1.0365
 4844.300  0.9231  1.0435
 4844.320  0.9454  1.0412
 4844.340  0.9547  1.0157
 4844.360  0.9479  0.9663
 4844.380  0.9360  0.9112
 4844.400  0.9322  0.8661
 4844.420  0.9379  0.8343
 4844.440  0.9455  0.8130
 4844.460  0.9471  0.7988
 4844.480  0.9418  0.7948
 4844.500  0.9379  0.8086
 4844.520  0.9427  0.8386
 4844.540  0.9529  0.8750
 4844.560  0.9626  0.9105
 4844.580  0.9691  0.9396
 4844.600  0.9717  0.9579
 4844.620  0.9701  0.9665
 4844.640  0.9653  0.9674
 4844.660  0.9580  0.9625
 4844.680  0.9507  0.9547
 4844.700  0.9471  0.9461
 4844.720  0.9480  0.9362
 4844.740  0.9523  0.9236
 4844.760  0.9587  0.9091
 4844.780  0.9645  0.8939
 4844.800  0.9652  0.8784
 4844.820  0.9590  0.8651
 4844.840  0.9510  0.8548
 4844.860  0.9497  0.8404
 4844.880  0.9581  0.8146
 4844.900  0.9685  0.7805
 4844.920  0.9652  0.7525
 4844.940  0.9380  0.7441
 4844.960  0.8923  0.7554
 4844.980  0.8435  0.7741
 4845.000  0.8066  0.7853
 4845.020  0.7883  0.7789
 4845.040  0.7852  0.7625
 4845.060  0.7916  0.7614
 4845.080  0.8040  0.7917
 4845.100  0.8212  0.8408
 4845.120  0.8426  0.8830
 4845.140  0.8679  0.8998
 4845.160  0.8948  0.8862
 4845.180  0.9192  0.8560
 4845.200  0.9345  0.8319
 4845.220  0.9340  0.8249
 4845.240  0.9177  0.8326
 4845.260  0.8964  0.8474
 4845.280  0.8820  0.8630
 4845.300  0.8766  0.8785
 4845.320  0.8712  0.8940
 4845.340  0.8544  0.9080
 4845.360  0.8246  0.9203
 4845.380  0.7937  0.9297
 4845.400  0.7749  0.9351
 4845.420  0.7713 -1.0000
 4845.440  0.7748 -1.0000
 4845.460  0.7741 -1.0000
 4845.480  0.7661 -1.0000
 4845.500  0.7506 -1.0000
 4845.520 -1.0000 -1.0000
 4845.540 -1.0000 -1.0000
 4845.560 -1.0000 -1.0000
 4845.580 -1.0000 -1.0000
 4845.600 -1.0000 -1.0000
 4845.620 -1.0000 -1.0000
 4845.640 -1.0000 -1.0000
 4845.660 -1.0000 -1.0000
 4845.680 -0.0103 -1.0000
 4845.700 -0.0243 -1.0000
 4845.720 -0.0221 -1.0000
 4845.740 -1.0000 -1.0000
 4845.760 -1.0000 -1.0000
 4845.780 -1.0000 -1.0000
 4845.800 -1.0000 -1.0000
 4845.820 -1.0000 -1.0000
 4845.840 -1.0000 -1.0000
 4845.860 -1.0000 -1.0000
 4845.880 -1.0000  1.0013
 4845.900 -1.0000  1.0175
 4845.920  0.8557  1.0313
 4845.940  0.8695  1.0364
 4845.960  0.8637  1.0346
 4845.980  0.8444  1.0294
 4846.000  0.8233  1.0234
 4846.020  0.8133  1.0185
 4846.040  0.8192  1.0131
 4846.060  0.8318  1.0060
 4846.080  0.8343  0.9995
 4846.100  0.8170  0.9961
 4846.120  0.7820  0.9934
 4846.140  0.7392  0.9865
 4846.160  0.6991  0.9768
 4846.180  0.6679  0.9682
 4846.200  0.6493  0.9610
 4846.220  0.6465  0.9574
 4846.240  0.6610  0.9615
 4846.260  0.6890  0.9708
 4846.280  0.7241  0.9777
 4846.300  0.7612  0.9762
 4846.320  0.7952  0.9630
 4846.340  0.8210  0.9351
 4846.360  0.8373  0.8945
 4846.380  0.8480  0.8510
 4846.400  0.8571  0.8111
 4846.420  0.8656  0.7723
 4846.440  0.8715  0.7309
 4846.460  0.8740  0.6868
 4846.480  0.8774  0.6406
 4846.500  0.8884  0.5983
 4846.520  0.9089  0.5710
 4846.540  0.9320  0.5641
 4846.560  0.9482  0.5744
 4846.580  0.9557  0.5978
 4846.600  0.9604  0.6319
 4846.620  0.9661  0.6768
 4846.640  0.9698  0.7339
 4846.660  0.9649  0.8001
 4846.680  0.9479  0.8626
 4846.700  0.9248  0.9066
 4846.720  0.9094  0.9320
 4846.740  0.9125  0.9510
 4846.760  0.9314  0.9676
 4846.780  0.9488  0.9755
 4846.800  0.9490  0.9653
 4846.820  0.9319  0.9280
 4846.840  0.9101  0.8700
 4846.860  0.8958  0.8132
 4846.880  0.8915  0.7711
 4846.900  0.8889  0.7390
 4846.920  0.8783  0.7059
 4846.940  0.8575  0.6711
 4846.960  0.8311  0.6472
 4846.980  0.8034  0.6486
 4847.000  0.7734  0.6764
 4847.020  0.7356  0.7108
 4847.040  0.6877 -1.0000
 4847.060  0.6345 -1.0000
 4847.080  0.5858 -1.0000
 4847.100  0.5514 -1.0000
 4847.120  0.5343 -1.0000
 4847.140  0.5246 -1.0000
 4847.160 -1.0000 -1.0000
 4847.180 -1.0000 -1.0000
 4847.200 -1.0000 -1.0000
 4847.220 -1.0000 -1.0000
 4847.240 -1.0000 -1.0000
 4847.260 -1.0000 -1.0000
 4847.280 -1.0000 -1.0000
 4847.300 -1.0000 -1.0000
 4847.320 -0.0068 -1.0000
 4847.340 -1.0000 -1.0000
 4847.360 -1.0000 -1.0000
 4847.380 -1.0000 -1.0000
 4847.400 -1.0000 -1.0000
 4847.420 -1.0000 -1.0000
 4847.440 -1.0000 -1.0000
 4847.460 -1.0000 -1.0000
 4847.480 -1.0000 -1.0000
 4847.500 -1.0000 -1.0000
 4847.520 -1.0000 -1.0000
 4847.540  0.6402 -1.0000
 4847.560  0.6588  1.0030
 4847.580  0.6778  0.9938
 4847.600  0.7006  0.9877
 4847.620  0.7322  0.9934
 4847.640  0.7733  1.0091
 4847.660  0.8163  1.0287
 4847.680  0.8517  1.0418
 4847.700  0.8739  1.0400
 4847.720  0.8841  1.0272
 4847.740  0.8893  1.0156
 4847.760  0.8970  1.0123
 4847.780  0.9099  1.0165
 4847.800  0.9256  1.0230
 4847.820  0.9369  1.0306
 4847.840  0.9365  1.0382
 4847.860  0.9237  1.0409
 4847.880  0.9048  1.0382
 4847.900  0.8883  1.0321
 4847.920  0.8774  1.0211
 4847.940  0.8690  1.0084
 4847.960  0.8591 -1.0000
 4847.980  0.8470 -1.0000
 4848.000  0.8365 -1.0000
 4848.020  0.8335 -1.0000
 4848.040  0.8414 -1.0000
 4848.060  0.8593 -1.0000
 4848.080  0.8809  1.0353
 4848.100  0.8967  1.0476
 4848.120  0.9024  1.0510
 4848.140  0.9024  1.0430
 4848.160  0.9039  1.0301
 4848.180  0.9111  1.0175
 4848.200  0.9260  1.0099
 4848.220  0.9466  1.0084
 4848.240  0.9644  1.0082
 4848.260  0.9702  1.0076
 4848.280  0.9612  1.0081
 4848.300  0.9444  1.0077
 4848.320  0.9339  1.0020
 4848.340  0.9413  0.9898
 4848.360  0.9647  0.9762
 4848.380  0.9874  0.9696
 4848.400  0.9911  0.9739
 4848.420  0.9714  0.9871
 4848.440  0.9406  1.0076
 4848.460  0.9171  1.0276
 4848.480  0.9111  1.0337
 4848.500  0.9184  1.0221
 4848.520  0.9278  1.0040
 4848.540  0.9317  0.9926
 4848.560  0.9307  0.9940
 4848.580  0.9303  1.0030
 4848.600  0.9336  1.0093
 4848.620  0.9385  1.0097
 4848.640  0.9418  1.0087
 4848.660  0.9435  1.0101
 4848.680  0.9456 -1.0000
 4848.700  0.9473 -1.0000
 4848.720  0.9444 -1.0000
 4848.740  0.9344 -1.0000
 4848.760  0.9139 -1.0000
 4848.780 -1.0000 -1.0000
 4848.800 -1.0000 -1.0000
 4848.820 -1.0000 -1.0000
 4848.840 -1.0000 -1.0000
 4848.860 -1.0000 -1.0000
 4848.880 -1.0000 -1.0000
 4848.900 -1.0000 -1.0000
 4848.920 -1.0000 -1.0000
 4848.940  0.0093 -1.0000
 4848.960 -1.0000 -1.0000
 4848.980 -1.0000 -1.0000
 4849.000 -1.0000 -1.0000
 4849.020 -1.0000 -1.0000
 4849.040 -1.0000 -1.0000
 4849.060 -1.0000 -1.0000
 4849.080 -1.0000  0.9644
 4849.100 -1.0000  0.9785
 4849.120 -1.0000  0.9909
 4849.140  0.9128  0.9858
 4849.160  0.9286  0.9666
 4849.180  0.9328  0.9506
 4849.200  0.9275  0.9485
 4849.220  0.9202  0.9606
 4849.240  0.9229  0.9803
 4849.260  0.9348  0.9952
 4849.280  0.9421  0.9939
 4849.300  0.9308  0.9725
 4849.320  0.8994  0.9348
 4849.340  0.8624  0.8963
 4849.360  0.8385  0.8772
 4849.380  0.8341  0.8795
 4849.400  0.8417  0.8900
 4849.420  0.8511  0.9012
 4849.440  0.8585  0.9120
 4849.460  0.8687  0.9231
 4849.480  0.8885  0.9335
 4849.500  0.9170  0.9339
 4849.520  0.9444  0.9140
 4849.540  0.9596  0.8783
 4849.560  0.9576  0.8448
 4849.580  0.9429  0.8246
 4849.600  0.9271  0.8084
 4849.620  0.9199  0.7827
 4849.640  0.9207  0.7543
 4849.660  0.9210  0.7471
 4849.680  0.9138  0.7728
 4849.700  0.9002  0.8185
 4849.720  0.8872  0.8588
 4849.740  0.8827  0.8714
 4849.760  0.8884  0.8528
 4849.780  0.9002  0.8245
 4849.800  0.9122  0.8081
 4849.820  0.9193  0.8024
 4849.840  0.9197  0.7969
 4849.860  0.9144  0.7907
 4849.880  0.9038  0.7891
 4849.900  0.8883  0.7907
 4849.920  0.8703  0.7867
 4849.940  0.8530  0.7746
 4849.960  0.8389  0.7645
 4849.980  0.8299  0.7713
 4850.000  0.8277  0.8025
 4850.020  0.8333  0.8497
 4850.040  0.8444  0.8926
 4850.060  0.8540  0.9205
 4850.080  0.8553  0.9409
 4850.100  0.8459  0.9631
 4850.120  0.8291  0.9846
 4850.140  0.8111  0.9959
 4850.160  0.7965  0.9922
 4850.180  0.7838  0.9796
 4850.200  0.7705  0.9703
 4850.220  0.7577  0.9742
 4850.240  0.7504  0.9912
 4850.260  0.7531  1.0152
 4850.280  0.7635  1.0375
 4850.300  0.7725 -1.0000
 4850.320  0.7733 -1.0000
 4850.340  0.7687 -1.0000
 4850.360  0.7648 -1.0000
 4850.380  0.7556 -1.0000
 4850.400 -1.0000 -1.0000
 4850.420 -1.0000 -1.0000
 4850.440 -1.0000 -1.0000
 4850.460 -1.0000 -1.0000
 4850.480 -1.0000 -1.0000
 4850.500 -1.0000 -1.0000
 4850.520 -1.0000 -1.0000
 4850.540  0.0157 -1.0000
 4850.560 -1.0000 -1.0000
 4850.580 -1.0000 -1.0000
 4850.600 -1.0000 -1.0000
 4850.620 -1.0000  1.0525
 4850.640 -1.0000  1.0357
 4850.660 -1.0000  1.0136
 4850.680 -1.0000  1.0000
 4850.700 -1.0000  0.9991
 4850.720  0.9151  0.9996
 4850.740  0.9220  0.9865
 4850.760  0.9210  0.9533
 4850.780  0.9221  0.9055
 4850.800  0.9264  0.8562
 4850.820  0.9325  0.8231
 4850.840  0.9381  0.8133
 4850.860  0.9430  0.8144
 4850.880  0.9495  0.8147
 4850.900  0.9579  0.8207
 4850.920  0.9645  0.8416
 4850.940  0.9637  0.8723
 4850.960  0.9539  0.9014
 4850.980  0.9436  0.9220
 4851.000  0.9454  0.9360
 4851.020  0.9571  0.9493
 4851.040  0.9632  0.9649
 4851.060  0.9535  0.9819
 4851.080  0.9345  0.9971
 4851.100  0.9238  1.0058
 4851.120  0.9317  1.0079
 4851.140  0.9480  1.0073
 4851.160  0.9548  1.0059
 4851.180  0.9467  1.0043
 4851.200  0.9343  1.0041
 4851.220  0.9307  1.0055
 4851.240  0.9367  1.0079
 4851.260  0.9416  1.0105
 4851.280  0.9350  1.0110
 4851.300  0.9159  1.0072
 4851.320  0.8926  0.9970
 4851.340  0.8747  0.9821
 4851.360  0.8649  0.9721
 4851.380  0.8571  0.9763
 4851.400  0.8433  0.9905
 4851.420  0.8206  1.0028
 4851.440  0.7932  1.0092
 4851.460  0.7718  1.0105
 4851.480  0.7692  1.0083
 4851.500  0.7912  1.0100
 4851.520  0.8278  1.0176
 4851.540  0.8590  1.0233
 4851.560  0.8719  1.0178
 4851.580  0.8731  0.9955
 4851.600  0.8823  0.9617
 4851.620  0.9107  0.9308
 4851.640  0.9466  0.9119
 4851.660  0.9671 -1.0000
 4851.680  0.9607 -1.0000
 4851.700  0.9375 -1.0000
 4851.720  0.9200 -1.0000
 4851.740  0.9212 -1.0000
 4851.760  0.9344 -1.0000
 4851.780  0.9450 -1.0000
 4851.800  0.9484 -1.0000
 4851.820  0.9526 -1.0000
 4851.840  0.9636 -1.0000
 4851.860  0.9740 -1.0000
 4851.880  0.9744  0.9404
 4851.900  0.9678  0.9383
 4851.920  0.9624 -1.0000
 4851.940  0.9605 -1.0000
 4851.960  0.9587 -1.0000
 4851.980  0.9538 -1.0000
 4852.000  0.9473 -1.0000
 4852.020 -1.0000 -1.0000
 4852.040 -1.0000 -1.0000
 4852.060 -1.0000 -1.0000
 4852.080 -1.0000 -1.0000
 4852.100 -1.0000 -1.0000
 4852.120 -1.0000 -1.0000
 4852.140 -1.0000 -1.0000
 4852.160 -1.0000 -1.0000
 4852.180 -1.0000  0.9217
 4852.200 -1.0000  0.9299
 4852.220 -1.0000  0.9421
 4852.240 -1.0000  0.9511
 4852.260  0.7846  0.9546
 4852.280  0.7874  0.9565
 4852.300  0.7872  0.9604
 4852.320  0.7794  0.9682
 4852.340  0.7683  0.9812
 4852.360  0.7646  0.9992
 4852.380  0.7760  1.0158
 4852.400  0.8007  1.0226
 4852.420  0.8316  1.0179
 4852.440  0.8626  1.0086
 4852.460  0.8891  1.0012
 4852.480  0.9074  0.9967
 4852.500  0.9169  0.9934
 4852.520  0.9212  0.9900
 4852.540  0.9244  0.9878
 4852.560  0.9262  0.9917
 4852.580  0.9233  1.0029
 4852.600  0.9143  1.0117
 4852.620  0.9035  1.0053
 4852.640  0.8971  0.9829
 4852.660  0.8969  0.9571
 4852.680  0.8997  0.9378
 4852.700  0.9020  0.9215
 4852.720  0.9022  0.8980
 4852.740  0.9015  0.8611
 4852.760  0.8999  0.8149
 4852.780  0.8956  0.7716
 4852.800  0.8897  0.7404
 4852.820  0.8884  0.7227
 4852.840  0.8979  0.7163
 4852.860  0.9173  0.7209
 4852.880  0.9378  0.7402
 4852.900  0.9495  0.7760
 4852.920  0.9488  0.8213
 4852.940  0.9401  0.8676
 4852.960  0.9298  0.9126
 4852.980 -1.0000 -1.0000
 4853.000 -1.0000 -1.0000
 4822.000  0.0000  0.0000
 4822.020  0.0000  0.0000
 4822.040 -0.0092 -0.0259
 4822.060 -0.0159 -0.0345
 4822.080 -0.0241 -0.0343
 4822.100 -0.0270 -0.0250
 4822.120 -0.0220 -0.0109
 4822.140 -0.0122  0.0012
 4822.160 -0.0037  0.0064
 4822.180 -0.0028  0.0059
 4822.200 -0.0128  0.0041
 4822.220 -0.0286  0.0045
 4822.240 -0.0361  0.0072
 4822.260 -0.0243  0.0092
 4822.280  0.0042  0.0076
 4822.300  0.0342  0.0020
 4822.320  0.0475 -0.0046
 4822.340  0.0369 -0.0073
 4822.360  0.0138 -0.0045
 4822.380 -0.0035 -0.0014
 4822.400 -0.0061 -0.0028
 4822.420  0.0006 -0.0061
 4822.440  0.0045 -0.0062
 4822.460 -0.0001 -0.0041
 4822.480 -0.0066 -0.0045
 4822.500 -0.0076 -0.0095
 4822.520 -0.0046 -0.0152
 4822.540 -0.0048 -0.0147
 4822.560 -0.0122 -0.0035
 4822.580 -0.0204  0.0122
 4822.600 -0.0181  0.0172
 4822.620 -0.0028  0.0048
 4822.640  0.0155 -0.0124
 4822.660  0.0232 -0.0177
 4822.680  0.0142 -0.0072
 4822.700 -0.0048  0.0121
 4822.720 -0.0203  0.0303
 4822.740 -0.0234  0.0403
 4822.760 -0.0145  0.0412
 4822.780 -0.0016  0.0355
 4822.800  0.0061  0.0225
 4822.820  0.0040 -0.0010
 4822.840 -0.0056 -0.0311
 4822.860 -0.0157 -0.0217
 4822.880 -0.0213  0.0702
 4822.900 -0.0246  0.1476
 4822.920 -0.0369  0.0989
 4822.940 -0.0760  0.0076
 4822.960 -0.1492 -0.0197
 4822.980 -0.2212 -0.0050
 4823.000 -0.2264  0.0125
 4823.020 -0.1465  0.0238
 4823.040 -0.0458  0.0258
 4823.060  0.0079  0.0216
 4823.080  0.0154  0.0170
 4823.100  0.0101  0.0133
 4823.120  0.0045  0.0076
 4823.140 -0.0055 -0.0016
 4823.160 -0.0233 -0.0116
 4823.180 -0.0446 -0.0202
 4823.200 -0.0585 -0.0273
 4823.220 -0.0577 -0.0311
 4823.240 -0.0466 -0.0252
 4823.260 -0.0350 -0.0085
 4823.280 -0.0286  0.0083
 4823.300 -0.0251  0.0133
 4823.320 -0.0185  0.0061
 4823.340 -0.0087 -0.0048
 4823.360 -0.0037 -0.0094
 4823.380 -0.0084 -0.0026
 4823.400 -0.0172  0.0105
 4823.420 -0.0194  0.0176
 4823.440 -0.0104  0.0149
 4823.460  0.0016  0.0133
 4823.480  0.0028  0.0190
 4823.500 -0.0125  0.0225
 4823.520 -0.0363  0.0157
 4823.540 -0.0510  0.0040
 4823.560 -0.0444 -0.0038
 4823.580 -0.0224 -0.0047
 4823.600 -0.0015 -0.0008
 4823.620  0.0089  0.0035
 4823.640  0.0101  0.0060
 4823.660  0.0065  0.0103
 4823.680  0.0001  0.0203
 4823.700 -0.0096  0.0301
 4823.720 -0.0189  0.0270
 4823.740 -0.0191  0.0079
 4823.760 -0.0059 -0.0153
 4823.780  0.0132 -0.0283
 4823.800  0.0236 -0.0270
 4823.820  0.0152 -0.0174
 4823.840 -0.0054 -0.0108
 4823.860 -0.0207 -0.0141
 4823.880 -0.0182 -0.0235
 4823.900 -0.0008 -0.0298
 4823.920  0.0169 -0.0290
 4823.940  0.0223 -0.0230
 4823.960  0.0152 -0.0159
 4823.980  0.0044 -0.0107
 4824.000 -0.0030 -0.0080
 4824.020 -0.0053 -0.0067
 4824.040 -0.0038 -0.0055
 4824.060  0.0002 -0.0045
 4824.080  0.0060 -0.0049
 4824.100  0.0106 -0.0075
 4824.120  0.0088 -0.0102
 4824.140  0.0001 -0.0071
 4824.160 -0.0083  0.0046
 4824.180 -0.0071  0.0186
 4824.200  0.0057  0.0250
 4824.220  0.0224  0.0203
 4824.240  0.0303  0.0092
 4824.260  0.0229  0.0004
 4824.280  0.0039  0.0006
 4824.300 -0.0170  0.0073
 4824.320 -0.0310  0.0107
 4824.340 -0.0333  0.0062
 4824.360 -0.0247 -0.0001
 4824.380 -0.0100 -0.0018
 4824.400  0.0029 -0.0005
 4824.420  0.0062 -0.0008
 4824.440 -0.0022 -0.0033
 4824.460 -0.0153 -0.0040
 4824.480 -0.0233  0.0017
 4824.500 -0.0218  0.0139
 4824.520 -0.0149  0.0230
 4824.540 -0.0113  0.0175
 4824.560 -0.0145 -0.0012
 4824.580 -0.0193 -0.0186
 4824.600 -0.0180 -0.0198
 4824.620 -0.0082  0.0001
 4824.640  0.0045  0.0320
 4824.660  0.0110  0.0546
 4824.680  0.0059  0.0522
 4824.700 -0.0096  0.0334
 4824.720 -0.0291  0.0170
 4824.740 -0.0448  0.0119
 4824.760 -0.0522  0.0217
 4824.780 -0.0572  0.0448
 4824.800 -0.0672  0.0606
 4824.820 -0.0702  0.0550
 4824.840 -0.0534  0.0428
 4824.860 -0.0265  0.0352
 4824.880  0.0016  0.0239
 4824.900  0.0248  0.0046
 4824.920  0.0270 -0.0149
 4824.940  0.0065 -0.0246
 4824.960 -0.0164 -0.0191
 4824.980 -0.0251 -0.0020
 4825.000 -0.0178  0.0147
 4825.020 -0.0036  0.0205
 4825.040  0.0055  0.0156
 4825.060  0.0051  0.0065
 4825.080  0.0000 -0.0021
 4825.100 -0.0035 -0.0090
 4825.120 -0.0032 -0.0134
 4825.140 -0.0014 -0.0152
 4825.160 -0.0008 -0.0148
 4825.180 -0.0017 -0.0141
 4825.200 -0.0031 -0.0147
 4825.220 -0.0054 -0.0170
 4825.240 -0.0089 -0.0184
 4825.260 -0.0107 -0.0135
 4825.280 -0.0080 -0.0016
 4825.300 -0.0023  0.0103
 4825.320 -0.0001  0.0149
 4825.340 -0.0075  0.0125
 4825.360 -0.0229  0.0084
 4825.380 -0.0353  0.0054
 4825.400 -0.0351  0.0026
 4825.420 -0.0223 -0.0025
 4825.440 -0.0061 -0.0108
 4825.460  0.0034 -0.0194
 4825.480  0.0042 -0.0227
 4825.500  0.0021 -0.0185
 4825.520  0.0030 -0.0106
 4825.540  0.0070 -0.0045
 4825.560  0.0094 -0.0029
 4825.580  0.0063 -0.0052
 4825.600 -0.0017 -0.0087
 4825.620 -0.0097 -0.0098
 4825.640 -0.0136 -0.0055
 4825.660 -0.0127  0.0037
 4825.680 -0.0107  0.0118
 4825.700 -0.0126  0.0122
 4825.720 -0.0204  0.0042
 4825.740 -0.0298 -0.0058
 4825.760 -0.0319 -0.0099
 4825.780 -0.0215 -0.0041
 4825.800 -0.0028  0.0084
 4825.820  0.0131  0.0186
 4825.840  0.0170  0.0202
 4825.860  0.0101  0.0154
 4825.880  0.0021  0.0087
 4825.900  0.0014  0.0013
 4825.920  0.0073 -0.0077
 4825.940  0.0134 -0.0168
 4825.960  0.0143 -0.0229
 4825.980  0.0105 -0.0243
 4826.000  0.0055 -0.0218
 4826.020 -0.0009 -0.0184
 4826.040 -0.0109 -0.0171
 4826.060 -0.0229 -0.0174
 4826.080 -0.0314 -0.0145
 4826.100 -0.0305 -0.0056
 4826.120 -0.0198  0.0065
 4826.140 -0.0065  0.0173
 4826.160  0.0037  0.0249
 4826.180  0.0126  0.0273
 4826.200  0.0226  0.0212
 4826.220  0.0287  0.0063
 4826.240  0.0234 -0.0104
 4826.260  0.0047 -0.0188
 4826.280 -0.0186 -0.0136
 4826.300 -0.0329  0.0021
 4826.320 -0.0336  0.0178
 4826.340 -0.0284  0.0223
 4826.360 -0.0269  0.0133
 4826.380 -0.0308  0.0005
 4826.400 -0.0322 -0.0058
 4826.420 -0.0237 -0.0027
 4826.440 -0.0085  0.0059
 4826.460  0.0036  0.0131
 4826.480  0.0070  0.0118
 4826.500  0.0038 -1.0000
 4826.520 -0.0007 -1.0000
 4826.540 -0.0047 -1.0000
 4826.560 -0.0127 -1.0000
 4826.580 -0.0274 -1.0000
 4826.600 -0.0405 -1.0000
 4826.620 -0.0378 -1.0000
 4826.640 -0.0215 -1.0000
 4826.660 -0.0092  0.0454
 4826.680 -0.0121  0.0419
 4826.700 -0.0266  0.0131
 4826.720 -0.0302 -0.0161
 4826.740 -0.0065 -0.0347
 4826.760  0.0240 -0.0367
 4826.780  0.0379 -0.0236
 4826.800  0.0387 -0.0050
 4826.820  0.0350  0.0074
 4826.840  0.0291  0.0074
 4826.860  0.0200 -0.0023
 4826.880  0.0095 -0.0122
 4826.900  0.0036 -0.0119
 4826.920  0.0062  0.0003
 4826.940  0.0122  0.0163
 4826.960  0.0126  0.0266
 4826.980  0.0034  0.0263
 4827.000 -0.0095  0.0170
 4827.020 -0.0151  0.0049
 4827.040 -0.0092 -0.0039
 4827.060  0.0003 -0.0081
 4827.080  0.0033 -0.0092
 4827.100 -0.0021 -0.0093
 4827.120 -0.0083 -0.0098
 4827.140 -0.0071 -0.0128
 4827.160  0.0008 -0.0186
 4827.180  0.0068 -0.0242
 4827.200  0.0045 -0.0244
 4827.220 -0.0040 -0.0167
 4827.240 -0.0118 -0.0030
 4827.260 -0.0146  0.0111
 4827.280 -0.0145  0.0195
 4827.300 -0.0161  0.0202
 4827.320 -0.0197  0.0180
 4827.340 -0.0216  0.0190
 4827.360 -0.0197  0.0240
 4827.380 -0.0144  0.0287
 4827.400 -0.0088  0.0285
 4827.420 -0.0053  0.0222
 4827.440 -0.0041  0.0128
 4827.460 -0.0045  0.0047
 4827.480 -0.0055  0.0002
 4827.500 -0.0038 -0.0007
 4827.520  0.0040 -0.0014
 4827.540  0.0166 -0.0065
 4827.560  0.0267 -0.0170
 4827.580  0.0259 -0.0288
 4827.600  0.0115 -0.0348
 4827.620 -0.0090 -0.0298
 4827.640 -0.0237 -0.0154
 4827.660 -0.0265 -0.0016
 4827.680 -0.0199  0.0021
 4827.700 -0.0110 -0.0027
 4827.720 -0.0042 -0.0071
 4827.740  0.0010 -0.0054
 4827.760  0.0061  0.0012
 4827.780  0.0085  0.0061
 4827.800  0.0060  0.0021
 4827.820  0.0017 -0.0103
 4827.840  0.0013 -0.0220
 4827.860  0.0075 -0.0233
 4827.880  0.0151 -0.0110
 4827.900  0.0146  0.0111
 4827.920  0.0028  0.0340
 4827.940 -0.0121  0.0471
 4827.960 -0.0190  0.0413
 4827.980 -0.0141  0.0168
 4828.000 -0.0047 -0.0129
 4828.020 -0.0017 -0.0303
 4828.040 -0.0081 -0.0284
 4828.060 -0.0179 -0.0138
 4828.080 -0.0232  0.0005
 4828.100 -0.0223  0.0055
 4828.120 -0.0203  0.0043
 4828.140 -0.0230  0.0098
 4828.160 -0.0301  0.0267
 4828.180 -0.0358  0.0415
 4828.200 -0.0350  0.0394
 4828.220 -0.0271  0.0227
 4828.240 -0.0176  0.0048
 4828.260 -0.0137 -0.0013
 4828.280 -0.0197  0.0162
 4828.300 -0.0332  0.0398
 4828.320 -0.0454 -0.0179
 4828.340 -0.0477 -0.2195
 4828.360 -0.0387 -1.0000
 4828.380 -0.0371 -1.0000
 4828.400 -0.0852 -1.0000
 4828.420 -0.1994 -1.0000
 4828.440 -0.3276 -1.0000
 4828.460 -0.3812 -1.0590
 4828.480 -0.3143 -0.1690
 4828.500 -0.1905 -0.0649
 4828.520 -0.0944 -0.0264
 4828.540 -0.0098 -0.0175
 4828.560  0.0752 -0.0136
 4828.580  0.1075 -0.0080
 4828.600  0.0848 -0.0007
 4828.620  0.0471  0.0039
 4828.640  0.0143  0.0040
 4828.660  0.0020  0.0026
 4828.680  0.0171  0.0059
 4828.700  0.0424  0.0192
 4828.720  0.0527  0.0386
 4828.740  0.0388  0.0496
 4828.760  0.0135  0.0402
 4828.780 -0.0017  0.0133
 4828.800  0.0023 -0.0164
 4828.820  0.0157 -0.0325
 4828.840  0.0222 -0.0268
 4828.860  0.0155 -0.0050
 4828.880  0.0038  0.0192
 4828.900 -0.0005  0.0339
 4828.920  0.0040  0.0339
 4828.940  0.0088  0.0194
 4828.960  0.0052 -0.0044
 4828.980 -0.0076 -0.0285
 4829.000 -0.0216 -0.0420
 4829.020 -0.0275 -0.0374
 4829.040 -0.0230 -0.0150
 4829.060 -0.0126  0.0149
 4829.080 -0.0031  0.0342
 4829.100  0.0013  0.0306
 4829.120  0.0012  0.0098
 4829.140 -0.0009 -0.0110
 4829.160 -0.0036 -0.0152
 4829.180 -0.0078  0.0019
 4829.200 -0.0143  0.0256
 4829.220 -0.0209  0.0337
 4829.240 -0.0229  0.0219
 4829.260 -0.0171  0.0039
 4829.280 -0.0064 -0.0075
 4829.300  0.0007 -0.0085
 4829.320 -0.0031 -0.0023
 4829.340 -0.0160  0.0041
 4829.360 -0.0289  0.0036
 4829.380 -0.0324 -0.0070
 4829.400 -0.0240 -0.0238
 4829.420 -0.0099 -0.0372
 4829.440  0.0006 -0.0394
 4829.460  0.0019 -0.0323
 4829.480 -0.0051 -0.0242
 4829.500 -0.0150 -0.0200
 4829.520 -0.0212 -0.0181
 4829.540 -0.0195 -0.0126
 4829.560 -0.0102  0.0005
 4829.580  0.0019  0.0158
 4829.600  0.0102  0.0205
 4829.620  0.0107  0.0084
 4829.640  0.0050 -0.0120
 4829.660 -0.0014 -0.0262
 4829.680 -0.0043 -0.0244
 4829.700 -0.0040 -0.0068
 4829.720 -0.0041  0.0164
 4829.740 -0.0068  0.0328
 4829.760 -0.0113  0.0364
 4829.780 -0.0149  0.0285
 4829.800 -0.0173  0.0121
 4829.820 -0.0196 -0.0094
 4829.840 -0.0214 -0.0299
 4829.860 -0.0201 -0.0414
 4829.880 -0.0127 -0.0390
 4829.900  0.0001 -0.0237
 4829.920  0.0123 -0.0027
 4829.940  0.0166  0.0123
 4829.960  0.0103  0.0143
 4829.980 -0.0039  0.0065
 4830.000 -0.0200 -0.0023
 4830.020 -0.0325 -0.0065
 4830.040 -0.0381 -0.0066
 4830.060 -0.0360 -0.0308
 4830.080 -0.0282 -0.1354
 4830.100 -0.0206 -0.3059
 4830.120 -0.0201 -0.4185
 4830.140 -0.0299 -0.3838
 4830.160 -0.0614 -0.2316
 4830.180 -0.1263 -0.0465
 4830.200 -0.1698  0.0891
 4830.220 -0.1148  0.1178
 4830.240  0.0049  0.0442
 4830.260  0.0875 -0.0460
 4830.280  0.0868 -0.0737
 4830.300  0.0206 -0.0509
 4830.320 -0.0609 -0.0211
 4830.340 -0.0997  0.0008
 4830.360 -0.0713  0.0082
 4830.380 -0.0073 -0.0036
 4830.400  0.0423 -0.0248
 4830.420  0.0593 -0.0381
 4830.440  0.0532 -0.0346
 4830.460  0.0366 -0.0198
 4830.480  0.0192 -0.0050
 4830.500  0.0070  0.0008
 4830.520 -0.0010 -0.0043
 4830.540 -0.0095 -0.0147
 4830.560 -0.0199 -0.0226
 4830.580 -0.0287 -0.0246
 4830.600 -0.0311 -0.0204
 4830.620 -0.0260 -0.0099
 4830.640 -0.0179  0.0035
 4830.660 -0.0121  0.0107
 4830.680 -0.0092  0.0040
 4830.700 -0.0057 -0.0116
 4830.720  0.0005 -0.0221
 4830.740  0.0071 -0.0200
 4830.760  0.0075 -0.0097
 4830.780 -0.0018 -0.0009
 4830.800 -0.0163 -0.0007
 4830.820 -0.0269 -0.0067
 4830.840 -0.0274 -0.0062
 4830.860 -0.0201  0.0073
 4830.880 -0.0133  0.0210
 4830.900 -0.0136  0.0174
 4830.920 -0.0197 -0.0044
 4830.940 -0.0246 -0.0282
 4830.960 -0.0216 -0.0357
 4830.980 -0.0114 -0.0202
 4831.000 -0.0007  0.0075
 4831.020  0.0040  0.0273
 4831.040  0.0014  0.0275
 4831.060 -0.0029  0.0124
 4831.080 -0.0021 -0.0063
 4831.100  0.0062 -0.0192
 4831.120  0.0176 -0.0230
 4831.140  0.0240 -0.0196
 4831.160  0.0206 -0.0137
 4831.180  0.0105 -0.0096
 4831.200  0.0018 -0.0099
 4831.220  0.0002 -0.0134
 4831.240  0.0035 -0.0171
 4831.260  0.0044 -0.0181
 4831.280 -0.0010 -0.0154
 4831.300 -0.0081 -0.0105
 4831.320 -0.0080 -0.0062
 4831.340  0.0038 -0.0049
 4831.360  0.0212 -0.0065
 4831.380  0.0320 -0.0091
 4831.400  0.0305 -0.0101
 4831.420  0.0210 -0.0087
 4831.440  0.0123 -0.0056
 4831.460  0.0088 -0.0026
 4831.480  0.0057 -0.0006
 4831.500 -0.0023  0.0003
 4831.520 -0.0121  0.0005
 4831.540 -0.0169  0.0006
 4831.560 -0.0152  0.0011
 4831.580 -0.0121  0.0030
 4831.600 -0.0148  0.0094
 4831.620 -0.0235  0.0228
 4831.640 -0.0303  0.0378
 4831.660 -0.0283  0.0409
 4831.680 -0.0192  0.0253
 4831.700 -0.0101  0.0014
 4831.720 -0.0067 -0.0122
 4831.740 -0.0094 -0.0039
 4831.760 -0.0146  0.0219
 4831.780 -0.0201  0.0444
 4831.800 -0.0246  0.0436
 4831.820 -0.0245  0.0219
 4831.840 -0.0170  0.0007
 4831.860 -0.0066 -0.0004
 4831.880 -0.0033  0.0264
 4831.900 -0.0147 -1.0000
 4831.920 -0.0360 -1.0000
 4831.940 -0.0492 -1.0000
 4831.960 -0.0403 -1.0000
 4831.980 -0.0191 -1.0000
 4832.000 -0.0071 -1.0000
 4832.020 -0.0091 -1.0000
 4832.040 -0.0125 -1.0000
 4832.060 -0.0096 -0.0842
 4832.080 -0.0037 -0.1171
 4832.100 -0.0046 -0.0909
 4832.120 -0.0230 -0.0532
 4832.140 -0.0476 -0.0290
 4832.160 -0.0483 -0.0233
 4832.180 -0.0215 -0.0280
 4832.200  0.0029 -0.0321
 4832.220  0.0034 -0.0285
 4832.240 -0.0114 -0.0169
 4832.260 -0.0199 -0.0034
 4832.280 -0.0101  0.0054
 4832.300  0.0138  0.0081
 4832.320  0.0377  0.0060
 4832.340  0.0503 -0.0006
 4832.360  0.0520 -0.0111
 4832.380  0.0488 -0.0217
 4832.400  0.0435 -0.0270
 4832.420  0.0368 -0.0238
 4832.440  0.0314 -0.0129
 4832.460  0.0295 -0.0001
 4832.480  0.0291  0.0072
 4832.500  0.0248  0.0064
 4832.520  0.0135  0.0015
 4832.540  0.0009 -0.0027
 4832.560 -0.0031 -0.0040
 4832.580  0.0023 -0.0026
 4832.600  0.0057  0.0015
 4832.620 -0.0049  0.0079
 4832.640 -0.0295  0.0146
 4832.660 -0.0524  0.0177
 4832.680 -0.0571  0.0126
 4832.700 -0.0427 -0.0009
 4832.720 -0.0226 -0.0144
 4832.740 -0.0094 -0.0158
 4832.760 -0.0052 -0.0012
 4832.780 -0.0022  0.0218
 4832.800  0.0055  0.0394
 4832.820  0.0130  0.0399
 4832.840  0.0130  0.0218
 4832.860  0.0063 -0.0034
 4832.880  0.0005 -0.0215
 4832.900  0.0024 -0.0258
 4832.920  0.0109 -0.0186
 4832.940  0.0173 -0.0074
 4832.960  0.0144  0.0005
 4832.980  0.0024  0.0032
 4833.000 -0.0125  0.0035
 4833.020 -0.0233  0.0040
 4833.040 -0.0264  0.0051
 4833.060 -0.0230  0.0065
 4833.080 -0.0160  0.0080
 4833.100 -0.0083  0.0084
 4833.120 -0.0017  0.0053
 4833.140  0.0021 -0.0026
 4833.160  0.0020 -0.0143
 4833.180 -0.0023 -0.0251
 4833.200 -0.0092 -0.0276
 4833.220 -0.0149 -0.0197
 4833.240 -0.0153 -0.0094
 4833.260 -0.0095 -0.0078
 4833.280 -0.0014 -0.0167
 4833.300  0.0038 -0.0276
 4833.320  0.0041 -0.0291
 4833.340  0.0019 -0.0147
 4833.360  0.0012  0.0099
 4833.380  0.0024  0.0289
 4833.400  0.0015  0.0317
 4833.420 -0.0043  0.0209
 4833.440 -0.0131  0.0048
 4833.460 -0.0194 -0.0124
 4833.480 -0.0196 -0.0272
 4833.500 -0.0172 -0.0339
 4833.520 -0.0191 -0.0280
 4833.540 -0.0283 -0.0115
 4833.560 -0.0406  0.0078
 4833.580 -0.0476  0.0186
 4833.600 -0.0442  0.0119
 4833.620 -0.0336 -0.0090
 4833.640 -0.0243 -1.0000
 4833.660 -0.0228 -1.0000
 4833.680 -0.0286 -1.0000
 4833.700 -0.0332 -1.0000
 4833.720 -0.0269 -1.0000
 4833.740 -0.0100 -1.0000
 4833.760  0.0037 -1.0000
 4833.780  0.0026 -1.0000
 4833.800 -0.0087 -1.0000
 4833.820 -0.0191  0.5422
 4833.840 -0.0030  0.1619
 4833.860  0.0708  0.0081
 4833.880  0.1565 -0.0254
 4833.900  0.1702 -0.0179
 4833.920  0.1275  0.0023
 4833.940  0.0920  0.0147
 4833.960  0.0725  0.0106
 4833.980  0.0544 -0.0050
 4834.000  0.0355 -0.0217
 4834.020  0.0228 -0.0311
 4834.040  0.0257 -0.0306
 4834.060  0.0425 -0.0238
 4834.080  0.0570 -0.0170
 4834.100  0.0551 -0.0144
 4834.120  0.0385 -0.0162
 4834.140  0.0201 -0.0187
 4834.160  0.0109 -0.0165
 4834.180  0.0094 -0.0076
 4834.200  0.0054  0.0058
 4834.220 -0.0043  0.0176
 4834.240 -0.0123  0.0216
 4834.260 -0.0115  0.0168
 4834.280 -0.0050  0.0081
 4834.300 -0.0036  0.0011
 4834.320 -0.0127 -0.0022
 4834.340 -0.0233 -0.0026
 4834.360 -0.0224 -0.0014
 4834.380 -0.0107  0.0012
 4834.400 -0.0017  0.0070
 4834.420 -0.0068  0.0148
 4834.440 -0.0236  0.0171
 4834.460 -0.0363  0.0073
 4834.480 -0.0344 -0.0091
 4834.500 -0.0253 -0.0182
 4834.520 -0.0219 -0.0127
 4834.540 -0.0265  0.0022
 4834.560 -0.0313  0.0143
 4834.580 -0.0278  0.0124
 4834.600 -0.0193 -0.0031
 4834.620 -0.0176 -0.0170
 4834.640 -0.0282 -0.0170
 4834.660 -0.0432 -0.0070
 4834.680 -0.0513  0.0017
 4834.700 -0.0484  0.0033
 4834.720 -0.0401  0.0009
 4834.740 -0.0329  0.0022
 4834.760 -0.0263  0.0125
 4834.780 -0.0162  0.0268
 4834.800 -0.0039  0.0329
 4834.820  0.0043  0.0249
 4834.840  0.0041  0.0079
 4834.860 -0.0022 -0.0076
 4834.880 -0.0068 -0.0132
 4834.900 -0.0035 -0.0077
 4834.920  0.0067  0.0020
 4834.940  0.0185  0.0067
 4834.960  0.0274  0.0026
 4834.980  0.0307 -0.0074
 4835.000  0.0273 -0.0143
 4835.020  0.0193 -0.0110
 4835.040  0.0113 -0.0001
 4835.060  0.0077  0.0083
 4835.080  0.0092  0.0058
 4835.100  0.0106 -0.0082
 4835.120  0.0054 -0.0250
 4835.140 -0.0077 -0.0323
 4835.160 -0.0239 -0.0251
 4835.180 -0.0379 -0.0108
 4835.200 -0.0465  0.0012
 4835.220 -0.0491  0.0090
 4835.240 -0.0448  0.0155
 4835.260 -0.0332  0.0222
 4835.280 -0.0185  0.0282
 4835.300 -0.0117  0.0302
 4835.320 -0.0203  0.0265
 4835.340 -0.0396  0.0223
 4835.360 -0.0553  0.0329
 4835.380 -0.0553 -1.0000
 4835.400 -0.0415 -1.0000
 4835.420 -0.0286 -1.0000
 4835.440 -0.0279 -1.0000
 4835.460 -0.0356 -1.0000
 4835.480 -0.0380 -1.0000
 4835.500 -0.0244 -1.0000
 4835.520 -0.0020 -1.0000
 4835.540  0.0104 -1.0000
 4835.560  0.0067 -1.0000
 4835.580 -0.0032 -1.0000
 4835.600 -0.0086 -0.0873
 4835.620  0.0100 -0.0837
 4835.640  0.0692 -0.0506
 4835.660  0.1206 -0.0132
 4835.680  0.0966  0.0141
 4835.700  0.0241  0.0217
 4835.720 -0.0279  0.0106
 4835.740 -0.0371 -0.0078
 4835.760 -0.0112 -0.0216
 4835.780  0.0287 -0.0253
 4835.800  0.0523 -0.0197
 4835.820  0.0443 -0.0092
 4835.840  0.0163  0.0018
 4835.860 -0.0059  0.0123
 4835.880 -0.0053  0.0209
 4835.900  0.0111  0.0220
 4835.920  0.0213  0.0097
 4835.940  0.0131 -0.0138
 4835.960 -0.0052 -0.0387
 4835.980 -0.0148 -0.0543
 4836.000 -0.0062 -0.0549
 4836.020  0.0105 -0.0423
 4836.040  0.0179 -0.0247
 4836.060  0.0111 -0.0094
 4836.080 -0.0004  0.0019
 4836.100 -0.0043  0.0097
 4836.120  0.0021  0.0139
 4836.140  0.0093  0.0149
 4836.160  0.0067  0.0155
 4836.180 -0.0058  0.0183
 4836.200 -0.0210  0.0232
 4836.220 -0.0319  0.0273
 4836.240 -0.0357  0.0270
 4836.260 -0.0334  0.0199
 4836.280 -0.0265  0.0074
 4836.300 -0.0164 -0.0062
 4836.320 -0.0069 -0.0174
 4836.340 -0.0028 -0.0259
 4836.360 -0.0054 -0.0312
 4836.380 -0.0111 -0.0308
 4836.400 -0.0144 -0.0228
 4836.420 -0.0123 -0.0083
 4836.440 -0.0057  0.0094
 4836.460  0.0021  0.0257
 4836.480  0.0095  0.0364
 4836.500  0.0158  0.0388
 4836.520  0.0196  0.0329
 4836.540  0.0205  0.0206
 4836.560  0.0201  0.0050
 4836.580  0.0210 -0.0092
 4836.600  0.0242 -0.0171
 4836.620  0.0258 -0.0179
 4836.640  0.0194 -0.0158
 4836.660  0.0036 -0.0155
 4836.680 -0.0141 -0.0190
 4836.700 -0.0232 -0.0244
 4836.720 -0.0184 -0.0274
 4836.740 -0.0047 -0.0243
 4836.760  0.0069 -0.0151
 4836.780  0.0093 -0.0033
 4836.800  0.0035  0.0059
 4836.820 -0.0047  0.0085
 4836.840 -0.0107  0.0044
 4836.860 -0.0134 -0.0026
 4836.880 -0.0144 -0.0073
 4836.900 -0.0145 -0.0064
 4836.920 -0.0143 -0.0006
 4836.940 -0.0160  0.0050
 4836.960 -0.0207  0.0049
 4836.980 -0.0265 -0.0021
 4837.000 -0.0283 -0.0121
 4837.020 -0.0220 -0.0183
 4837.040 -0.0090 -0.0140
 4837.060  0.0029  0.0012
 4837.080  0.0054  0.0201
 4837.100 -0.0037  0.0132
 4837.120 -0.0201 -1.0000
 4837.140 -0.0372 -1.0000
 4837.160 -0.0515 -1.0000
 4837.180 -0.0650 -1.0000
 4837.200 -0.0994 -1.0000
 4837.220 -0.1656 -1.0000
 4837.240 -0.1930 -1.0000
 4837.260 -0.1312 -1.0000
 4837.280 -0.0584 -1.0000
 4837.300 -0.0341 -0.0631
 4837.320 -0.0109 -0.0246
 4837.340  0.0596 -0.0243
 4837.360  0.1409 -0.0478
 4837.380  0.1596 -0.0647
 4837.400  0.1193 -0.0630
 4837.420  0.0754 -0.0424
 4837.440  0.0499 -0.0121
 4837.460  0.0360  0.0142
 4837.480  0.0250  0.0271
 4837.500  0.0148  0.0262
 4837.520  0.0097  0.0146
 4837.540  0.0107 -0.0041
 4837.560  0.0120 -0.0233
 4837.580  0.0049 -0.0317
 4837.600 -0.0134 -0.0233
 4837.620 -0.0338 -0.0044
 4837.640 -0.0418  0.0117
 4837.660 -0.0300  0.0164
 4837.680 -0.0053  0.0106
 4837.700  0.0154  0.0030
 4837.720  0.0186  0.0036
 4837.740  0.0045  0.0129
 4837.760 -0.0149  0.0217
 4837.780 -0.0265  0.0217
 4837.800 -0.0253  0.0134
 4837.820 -0.0168  0.0015
 4837.840 -0.0104 -0.0099
 4837.860 -0.0102 -0.0180
 4837.880 -0.0137 -0.0211
 4837.900 -0.0152 -0.0196
 4837.920 -0.0122 -0.0165
 4837.940 -0.0074 -0.0148
 4837.960 -0.0054 -0.0151
 4837.980 -0.0077 -0.0150
 4838.000 -0.0106 -0.0115
 4838.020 -0.0090 -0.0037
 4838.040 -0.0030  0.0045
 4838.060  0.0019  0.0060
 4838.080 -0.0006 -0.0010
 4838.100 -0.0101 -0.0104
 4838.120 -0.0177 -0.0148
 4838.140 -0.0135 -0.0126
 4838.160  0.0029 -0.0058
 4838.180  0.0220  0.0030
 4838.200  0.0314  0.0119
 4838.220  0.0261  0.0192
 4838.240  0.0127  0.0233
 4838.260  0.0021  0.0223
 4838.280 -0.0010  0.0150
 4838.300  0.0006  0.0031
 4838.320  0.0006 -0.0093
 4838.340 -0.0033 -0.0185
 4838.360 -0.0075 -0.0227
 4838.380 -0.0066 -0.0211
 4838.400  0.0006 -0.0138
 4838.420  0.0111 -0.0037
 4838.440  0.0196  0.0023
 4838.460  0.0226 -0.0001
 4838.480  0.0187 -0.0078
 4838.500  0.0077 -0.0137
 4838.520 -0.0084 -0.0143
 4838.540 -0.0242 -0.0102
 4838.560 -0.0323 -0.0039
 4838.580 -0.0278  0.0027
 4838.600 -0.0127  0.0088
 4838.620  0.0040  0.0133
 4838.640  0.0117  0.0122
 4838.660  0.0068  0.0003
 4838.680 -0.0071 -0.0184
 4838.700 -0.0225 -0.0278
 4838.720 -0.0342 -0.0158
 4838.740 -0.0423  0.0112
 4838.760 -0.0485  0.0353
 4838.780 -0.0525  0.0399
 4838.800 -0.0527 -0.0023
 4838.820 -0.0484 -1.0000
 4838.840 -0.0421 -1.0000
 4838.860 -0.0383 -1.0000
 4838.880 -0.0411 -1.0000
 4838.900 -0.0710 -1.0000
 4838.920 -0.1398 -1.0000
 4838.940 -0.1765 -1.0000
 4838.960 -0.1244 -1.0000
 4838.980 -0.0542 -1.0000
 4839.000 -0.0253 -1.0000
 4839.020 -0.0124 -1.0000
 4839.040  0.0015 -0.0141
 4839.060  0.0116  0.0270
 4839.080  0.0159  0.0350
 4839.100  0.0096  0.0219
 4839.120 -0.0022  0.0035
 4839.140 -0.0023 -0.0062
 4839.160  0.0114 -0.0081
 4839.180  0.0236 -0.0115
 4839.200  0.0258 -0.0168
 4839.220  0.0197 -0.0150
 4839.240  0.0112 -0.0031
 4839.260  0.0053  0.0096
 4839.280  0.0043  0.0117
 4839.300  0.0069  0.0003
 4839.320  0.0106 -0.0171
 4839.340  0.0129 -0.0260
 4839.360  0.0132 -0.0182
 4839.380  0.0122 -0.0015
 4839.400  0.0104  0.0100
 4839.420  0.0069  0.0120
 4839.440  0.0014  0.0101
 4839.460 -0.0036  0.0098
 4839.480 -0.0042  0.0113
 4839.500  0.0019  0.0108
 4839.520  0.0114  0.0040
 4839.540  0.0176 -0.0093
 4839.560  0.0165 -0.0232
 4839.580  0.0114 -0.0307
 4839.600  0.0081 -0.0283
 4839.620  0.0091 -0.0170
 4839.640  0.0109 -0.0019
 4839.660  0.0088  0.0101
 4839.680  0.0043  0.0126
 4839.700  0.0040  0.0037
 4839.720  0.0105 -0.0111
 4839.740  0.0183 -0.0224
 4839.760  0.0180 -0.0250
 4839.780  0.0062 -0.0203
 4839.800 -0.0094 -0.0134
 4839.820 -0.0178 -0.0096
 4839.840 -0.0164 -0.0116
 4839.860 -0.0117 -0.0185
 4839.880 -0.0115 -0.0263
 4839.900 -0.0172 -0.0292
 4839.920 -0.0224 -0.0232
 4839.940 -0.0220 -0.0078
 4839.960 -0.0191  0.0107
 4839.980 -0.0194  0.0186
 4840.000 -0.0242  0.0036
 4840.020 -0.0292 -0.0270
 4840.040 -0.0285 -0.0482
 4840.060 -0.0217 -0.0442
 4840.080 -0.0142 -0.0232
 4840.100 -0.0108 -0.0029
 4840.120 -0.0121  0.0063
 4840.140 -0.0156  0.0065
 4840.160 -0.0194  0.0074
 4840.180 -0.0240  0.0136
 4840.200 -0.0309  0.0173
 4840.220 -0.0383  0.0092
 4840.240 -0.0426 -0.0092
 4840.260 -0.0403 -0.0281
 4840.280 -0.0319 -0.0356
 4840.300 -0.0223 -0.0259
 4840.320 -0.0185 -0.0034
 4840.340 -0.0243  0.0195
 4840.360 -0.0365  0.0325
 4840.380 -0.0456  0.0337
 4840.400 -0.0440  0.0280
 4840.420 -0.0330  0.0232
 4840.440 -0.0228  0.0244
 4840.460 -0.0240  0.0291
 4840.480 -0.0360  0.0289
 4840.500 -0.0465  0.0031
 4840.520 -0.0443 -0.0733
 4840.540 -0.0304 -1.0000
 4840.560 -0.0206 -1.0000
 4840.580 -0.0321 -1.0000
 4840.600 -0.0785 -1.0000
 4840.620 -0.1530 -1.0000
 4840.640 -0.1870 -1.0000
 4840.660 -0.1267 -1.0000
 4840.680 -0.0357 -1.0000
 4840.700  0.0102 -1.0000
 4840.720  0.0197  0.2804
 4840.740  0.0329  0.0981
 4840.760  0.0719  0.0119
 4840.780  0.1025  0.0066
 4840.800  0.0768  0.0263
 4840.820  0.0256  0.0392
 4840.840  0.0033  0.0349
 4840.860  0.0059  0.0180
 4840.880  0.0087  0.0005
 4840.900  0.0070 -0.0077
 4840.920  0.0072 -0.0087
 4840.940  0.0126 -0.0121
 4840.960  0.0194 -0.0205
 4840.980  0.0215 -0.0262
 4841.000  0.0174 -0.0225
 4841.020  0.0138 -0.0111
 4841.040  0.0172  0.0004
 4841.060  0.0259  0.0039
 4841.080  0.0313 -0.0023
 4841.100  0.0276 -0.0097
 4841.120  0.0177 -0.0103
 4841.140  0.0123 -0.0063
 4841.160  0.0172 -0.0058
 4841.180  0.0258 -0.0122
 4841.200  0.0251 -0.0216
 4841.220  0.0080 -0.0261
 4841.240 -0.0188 -0.0204
 4841.260 -0.0383 -0.0066
 4841.280 -0.0382  0.0065
 4841.300 -0.0217  0.0124
 4841.320 -0.0048  0.0130
 4841.340 -0.0027  0.0127
 4841.360 -0.0167  0.0126
 4841.380 -0.0336  0.0106
 4841.400 -0.0381  0.0036
 4841.420 -0.0259 -0.0083
 4841.440 -0.0067 -0.0191
 4841.460  0.0051 -0.0216
 4841.480  0.0043 -0.0149
 4841.500 -0.0034 -0.0051
 4841.520 -0.0076  0.0004
 4841.540 -0.0035 -0.0019
 4841.560  0.0040 -0.0085
 4841.580  0.0072 -0.0112
 4841.600  0.0046 -0.0047
 4841.620  0.0010  0.0077
 4841.640  0.0023  0.0181
 4841.660  0.0090  0.0193
 4841.680  0.0147  0.0097
 4841.700  0.0124 -0.0049
 4841.720  0.0004 -0.0156
 4841.740 -0.0161 -0.0173
 4841.760 -0.0293 -0.0108
 4841.780 -0.0340 -0.0016
 4841.800 -0.0305  0.0041
 4841.820 -0.0223  0.0038
 4841.840 -0.0129  0.0002
 4841.860 -0.0050 -0.0013
 4841.880 -0.0001  0.0035
 4841.900 -0.0007  0.0133
 4841.920 -0.0070  0.0216
 4841.940 -0.0159  0.0231
 4841.960 -0.0221  0.0197
 4841.980 -0.0228  0.0158
 4842.000 -0.0197  0.0136
 4842.020 -0.0177  0.0107
 4842.040 -0.0179  0.0025
 4842.060 -0.0158 -0.0125
 4842.080 -0.0081 -0.0263
 4842.100  0.0003 -0.0259
 4842.120 -0.0016  0.0049
 4842.140 -0.0210  0.0726
 4842.160 -0.0493  0.1164
 4842.180 -0.0667  0.0405
 4842.200 -0.0609 -1.0000
 4842.220 -0.0483 -1.0000
 4842.240 -0.0860 -1.0000
 4842.260 -0.2217 -1.0000
 4842.280 -0.4045 -1.0000
 4842.300 -0.4919 -1.0000
 4842.320 -0.3893 -1.0000
 4842.340 -0.1837 -1.0000
 4842.360 -0.0437 -1.0000
 4842.380 -0.0042 -1.0000
 4842.400  0.0022 -0.1084
 4842.420  0.0088 -0.1180
 4842.440  0.0050 -0.0930
 4842.460 -0.0271 -0.0517
 4842.480 -0.0666 -0.0129
 4842.500 -0.0666  0.0110
 4842.520 -0.0312  0.0200
 4842.540 -0.0016  0.0187
 4842.560  0.0041  0.0095
 4842.580 -0.0049 -0.0037
 4842.600 -0.0118 -0.0135
 4842.620 -0.0088 -0.0141
 4842.640 -0.0002 -0.0087
 4842.660  0.0065 -0.0057
 4842.680  0.0090 -0.0098
 4842.700  0.0107 -0.0183
 4842.720  0.0135 -0.0228
 4842.740  0.0107 -0.0158
 4842.760 -0.0022 -0.0004
 4842.780 -0.0182  0.0097
 4842.800 -0.0243  0.0060
 4842.820 -0.0146 -0.0035
 4842.840  0.0033 -0.0072
 4842.860  0.0137 -0.0039
 4842.880  0.0084 -0.0005
 4842.900 -0.0053 -0.0026
 4842.920 -0.0153 -0.0091
 4842.940 -0.0156 -0.0110
 4842.960 -0.0084  0.0004
 4842.980  0.0012  0.0201
 4843.000  0.0097  0.0320
 4843.020  0.0148  0.0269
 4843.040  0.0119  0.0109
 4843.060 -0.0017 -0.0048
 4843.080 -0.0200 -0.0133
 4843.100 -0.0314 -0.0145
 4843.120 -0.0299 -0.0141
 4843.140 -0.0202 -0.0165
 4843.160 -0.0148 -0.0196
 4843.180 -0.0205 -0.0193
 4843.200 -0.0306 -0.0152
 4843.220 -0.0345 -0.0104
 4843.240 -0.0298 -0.0063
 4843.260 -0.0215 -0.0023
 4843.280 -0.0145  0.0026
 4843.300 -0.0089  0.0083
 4843.320 -0.0020  0.0124
 4843.340  0.0038  0.0116
 4843.360  0.0019  0.0044
 4843.380 -0.0086 -0.0070
 4843.400 -0.0194 -0.0157
 4843.420 -0.0214 -0.0133
 4843.440 -0.0141  0.0021
 4843.460 -0.0068  0.0193
 4843.480 -0.0079  0.0245
 4843.500 -0.0133  0.0144
 4843.520 -0.0125 -0.0021
 4843.540 -0.0030 -0.0113
 4843.560  0.0059 -0.0042
 4843.580  0.0018  0.0141
 4843.600 -0.0174  0.0280
 4843.620 -0.0388  0.0282
 4843.640 -0.0482  0.0201
 4843.660 -0.0444  0.0124
 4843.680 -0.0368  0.0069
 4843.700 -0.0339  0.0011
 4843.720 -0.0352 -0.0051
 4843.740 -0.0316 -0.0100
 4843.760 -0.0169 -0.0112
 4843.780  0.0052 -0.0100
 4843.800  0.0233 -0.0146
 4843.820  0.0271 -0.0560
 4843.840  0.0144 -0.1672
 4843.860 -0.0079 -1.0000
 4843.880 -0.0300 -1.0000
 4843.900 -0.0470 -1.0000
 4843.920 -0.0848 -1.0000
 4843.940 -0.1923 -1.0000
 4843.960 -0.3143 -1.0000
 4843.980 -0.2992 -1.0000
 4844.000 -0.1522 -1.0000
 4844.020 -0.0316 -1.0000
 4844.040  0.0058 -1.0000
 4844.060  0.0081 -0.1048
 4844.080  0.0033 -0.0745
 4844.100  0.0071 -0.0362
 4844.120  0.0445 -0.0216
 4844.140  0.1025 -0.0228
 4844.160  0.1291 -0.0192
 4844.180  0.1087 -0.0066
 4844.200  0.0715  0.0026
 4844.220  0.0405  0.0000
 4844.240  0.0198 -0.0094
 4844.260  0.0067 -0.0159
 4844.280 -0.0026 -0.0140
 4844.300 -0.0080 -0.0065
 4844.320 -0.0082 -0.0027
 4844.340 -0.0060 -0.0070
 4844.360 -0.0060 -0.0095
 4844.380 -0.0094  0.0013
 4844.400 -0.0133  0.0198
 4844.420 -0.0138  0.0288
 4844.440 -0.0106  0.0206
 4844.460 -0.0079  0.0030
 4844.480 -0.0085 -0.0120
 4844.500 -0.0103 -0.0184
 4844.520 -0.0099 -0.0185
 4844.540 -0.0067 -0.0200
 4844.560 -0.0029 -0.0243
 4844.580  0.0001 -0.0220
 4844.600  0.0029 -0.0075
 4844.620  0.0072  0.0072
 4844.640  0.0107  0.0063
 4844.660  0.0087 -0.0107
 4844.680 -0.0007 -0.0302
 4844.700 -0.0143 -0.0379
 4844.720 -0.0261 -0.0284
 4844.740 -0.0329 -0.0082
 4844.760 -0.0351  0.0090
 4844.780 -0.0343  0.0164
 4844.800 -0.0298  0.0184
 4844.820 -0.0208  0.0201
 4844.840 -0.0110  0.0192
 4844.860 -0.0063  0.0120
 4844.880 -0.0094  0.0003
 4844.900 -0.0163 -0.0101
 4844.920 -0.0194 -0.0143
 4844.940 -0.0152 -0.0120
 4844.960 -0.0088 -0.0081
 4844.980 -0.0070 -0.0087
 4845.000 -0.0104 -0.0134
 4845.020 -0.0129 -0.0163
 4845.040 -0.0075 -0.0130
 4845.060  0.0052 -0.0049
 4845.080  0.0157  0.0024
 4845.100  0.0151  0.0033
 4845.120  0.0023 -0.0031
 4845.140 -0.0140 -0.0106
 4845.160 -0.0237 -0.0120
 4845.180 -0.0234 -0.0048
 4845.200 -0.0175  0.0072
 4845.220 -0.0118  0.0158
 4845.240 -0.0084  0.0139
 4845.260 -0.0043  0.0019
 4845.280  0.0022 -0.0133
 4845.300  0.0070 -0.0232
 4845.320  0.0045 -0.0230
 4845.340 -0.0056 -0.0151
 4845.360 -0.0166 -0.0076
 4845.380 -0.0197 -0.0071
 4845.400 -0.0132 -0.0134
 4845.420 -0.0053 -0.0207
 4845.440 -0.0035 -0.0202
 4845.460 -0.0074 -0.0069
 4845.480 -0.0092  0.0224
 4845.500 -0.0042 -1.0000
 4845.520  0.0004 -1.0000
 4845.540 -0.0096 -1.0000
 4845.560 -0.0388 -1.0000
 4845.580 -0.0862 -1.0000
 4845.600 -0.1383 -1.0000
 4845.620 -0.1415 -1.0000
 4845.640 -0.0772 -1.0000
 4845.660 -0.0147 -1.0000
 4845.680  0.0045 -1.0000
 4845.700  0.0068 -1.0000
 4845.720  0.0103 -0.0886
 4845.740  0.0039 -0.0807
 4845.760 -0.0327 -0.0702
 4845.780 -0.0907 -0.0579
 4845.800 -0.1238 -0.0420
 4845.820 -0.1088 -0.0232
 4845.840 -0.0683 -0.0045
 4845.860 -0.0297  0.0097
 4845.880 -0.0036  0.0146
 4845.900  0.0111  0.0088
 4845.920  0.0185 -0.0047
 4845.940  0.0205 -0.0186
 4845.960  0.0182 -0.0241
 4845.980  0.0157 -0.0172
 4846.000  0.0179 -0.0015
 4846.020  0.0246  0.0149
 4846.040  0.0304  0.0238
 4846.060  0.0297  0.0209
 4846.080  0.0218  0.0073
 4846.100  0.0128 -0.0110
 4846.120  0.0087 -0.0256
 4846.140  0.0091 -0.0306
 4846.160  0.0107 -0.0259
 4846.180  0.0117 -0.0165
 4846.200  0.0127 -0.0070
 4846.220  0.0141  0.0006
 4846.240  0.0135  0.0074
 4846.260  0.0069  0.0150
 4846.280 -0.0060  0.0208
 4846.300 -0.0209  0.0169
 4846.320 -0.0321  0.0001
 4846.340 -0.0368 -0.0209
 4846.360 -0.0339 -0.0339
 4846.380 -0.0241 -0.0330
 4846.400 -0.0101 -0.0219
 4846.420  0.0027 -0.0114
 4846.440  0.0079 -0.0111
 4846.460  0.0034 -0.0197
 4846.480 -0.0049 -0.0274
 4846.500 -0.0092 -0.0267
 4846.520 -0.0082 -0.0181
 4846.540 -0.0067 -0.0069
 4846.560 -0.0104  0.0015
 4846.580 -0.0178  0.0033
 4846.600 -0.0203 -0.0022
 4846.620 -0.0120 -0.0120
 4846.640  0.0030 -0.0199
 4846.660  0.0146 -0.0201
 4846.680  0.0147 -0.0104
 4846.700  0.0029  0.0061
 4846.720 -0.0147  0.0206
 4846.740 -0.0303  0.0244
 4846.760 -0.0373  0.0165
 4846.780 -0.0300  0.0031
 4846.800 -0.0076 -0.0090
 4846.820  0.0211 -0.0177
 4846.840  0.0409 -0.0236
 4846.860  0.0399 -0.0282
 4846.880  0.0191 -0.0308
 4846.900 -0.0069 -0.0277
 4846.920 -0.0229 -0.0178
 4846.940 -0.0262 -0.0057
 4846.960 -0.0249  0.0018
 4846.980 -0.0271  0.0015
 4847.000 -0.0341 -0.0047
 4847.020 -0.0405 -0.0120
 4847.040 -0.0417 -0.0149
 4847.060 -0.0385 -0.0112
 4847.080 -0.0327 -0.0014
 4847.100 -0.0238  0.0136
 4847.120 -0.0132  0.0462
 4847.140 -0.0065 -1.0000
 4847.160 -0.0111 -1.0000
 4847.180 -0.0278 -1.0000
 4847.200 -0.0426 -1.0000
 4847.220 -0.0200 -1.0000
 4847.240  0.0549 -1.0000
 4847.260  0.1112 -1.0000
 4847.280  0.0845 -1.0000
 4847.300  0.0266 -1.0000
 4847.320 -0.0022 -0.1644
 4847.340 -0.0097 -0.0429
 4847.360 -0.0080 -0.0051
 4847.380  0.0041 -0.0224
 4847.400  0.0163 -0.0484
 4847.420  0.0149 -0.0631
 4847.440  0.0070 -0.0543
 4847.460  0.0049 -0.0211
 4847.480  0.0066  0.0221
 4847.500  0.0062  0.0527
 4847.520  0.0040  0.0573
 4847.540  0.0026  0.0416
 4847.560  0.0032  0.0203
 4847.580  0.0040  0.0057
 4847.600  0.0028  0.0025
 4847.620  0.0007  0.0069
 4847.640  0.0014  0.0105
 4847.660  0.0070  0.0093
 4847.680  0.0147  0.0051
 4847.700  0.0186  0.0015
 4847.720  0.0150 -0.0007
 4847.740  0.0071 -0.0034
 4847.760  0.0017 -0.0094
 4847.780  0.0026 -0.0178
 4847.800  0.0074 -0.0218
 4847.820  0.0089 -0.0158
 4847.840  0.0033 -0.0033
 4847.860 -0.0053  0.0070
 4847.880 -0.0101  0.0090
 4847.900 -0.0083  0.0023
 4847.920 -0.0045 -0.0071
 4847.940 -0.0057 -0.0119
 4847.960 -0.0134 -0.0119
 4847.980 -0.0208 -0.0148
 4848.000 -0.0204 -0.0250
 4848.020 -0.0108 -0.0364
 4848.040  0.0011 -0.0396
 4848.060  0.0062 -0.0318
 4848.080  0.0022 -0.0169
 4848.100 -0.0054 -0.0020
 4848.120 -0.0086  0.0076
 4848.140 -0.0038  0.0115
 4848.160  0.0050  0.0119
 4848.180  0.0100  0.0101
 4848.200  0.0058  0.0060
 4848.220 -0.0073  0.0009
 4848.240 -0.0234 -0.0034
 4848.260 -0.0347 -0.0046
 4848.280 -0.0374 -0.0017
 4848.300 -0.0337  0.0048
 4848.320 -0.0298  0.0125
 4848.340 -0.0296  0.0172
 4848.360 -0.0307  0.0139
 4848.380 -0.0281  0.0024
 4848.400 -0.0202 -0.0108
 4848.420 -0.0120 -0.0168
 4848.440 -0.0102 -0.0120
 4848.460 -0.0156  0.0004
 4848.480 -0.0214  0.0108
 4848.500 -0.0202  0.0111
 4848.520 -0.0110  0.0039
 4848.540 -0.0008 -0.0005
 4848.560  0.0027  0.0029
 4848.580 -0.0010  0.0089
 4848.600 -0.0068  0.0099
 4848.620 -0.0104  0.0028
 4848.640 -0.0109 -0.0098
 4848.660 -0.0100 -0.0205
 4848.680 -0.0086 -0.0229
 4848.700 -0.0053 -0.0158
 4848.720 -0.0005 -0.0032
 4848.740  0.0015  0.0102
 4848.760 -0.0028 -1.0000
 4848.780 -0.0127 -1.0000
 4848.800 -0.0238 -1.0000
 4848.820 -0.0334 -1.0000
 4848.840 -0.0454 -1.0000
 4848.860 -0.0598 -1.0000
 4848.880 -0.0596 -1.0000
 4848.900 -0.0382 -1.0000
 4848.920 -0.0163 -1.0000
 4848.940 -0.0062 -0.1799
 4848.960  0.0001 -0.0557
 4848.980  0.0139 -0.0078
 4849.000  0.0375 -0.0030
 4849.020  0.0552 -0.0136
 4849.040  0.0487 -0.0179
 4849.060  0.0221 -0.0049
 4849.080 -0.0048  0.0149
 4849.100 -0.0153  0.0220
 4849.120 -0.0047  0.0115
 4849.140  0.0169 -0.0050
 4849.160  0.0315 -0.0143
 4849.180  0.0306 -0.0117
 4849.200  0.0213 -0.0017
 4849.220  0.0175  0.0065
 4849.240  0.0247  0.0068
 4849.260  0.0334  0.0011
 4849.280  0.0297 -0.0065
 4849.300  0.0121 -0.0172
 4849.320 -0.0063 -0.0315
 4849.340 -0.0113 -0.0432
 4849.360 -0.0019 -0.0432
 4849.380  0.0068 -0.0288
 4849.400  0.0004 -0.0061
 4849.420 -0.0182  0.0146
 4849.440 -0.0334  0.0244
 4849.460 -0.0324  0.0215
 4849.480 -0.0169  0.0120
 4849.500 -0.0018  0.0036
 4849.520  0.0014  0.0003
 4849.540 -0.0053  0.0019
 4849.560 -0.0124  0.0054
 4849.580 -0.0145  0.0072
 4849.600 -0.0133  0.0060
 4849.620 -0.0131  0.0025
 4849.640 -0.0133 -0.0010
 4849.660 -0.0091 -0.0027
 4849.680 -0.0008 -0.0029
 4849.700  0.0052 -0.0032
 4849.720  0.0025 -0.0025
 4849.740 -0.0080  0.0019
 4849.760 -0.0173  0.0091
 4849.780 -0.0173  0.0122
 4849.800 -0.0094  0.0062
 4849.820 -0.0003 -0.0072
 4849.840  0.0059 -0.0211
 4849.860  0.0100 -0.0282
 4849.880  0.0137 -0.0255
 4849.900  0.0164 -0.0170
 4849.920  0.0143 -0.0090
 4849.940  0.0072 -0.0033
 4849.960  0.0003  0.0017
 4849.980 -0.0025  0.0047
 4850.000 -0.0031  0.0028
 4850.020 -0.0062 -0.0024
 4850.040 -0.0135 -0.0044
 4850.060 -0.0210  0.0008
 4850.080 -0.0241  0.0101
 4850.100 -0.0237  0.0175
 4850.120 -0.0247  0.0198
 4850.140 -0.0285  0.0174
 4850.160 -0.0303  0.0136
 4850.180 -0.0254  0.0098
 4850.200 -0.0147  0.0024
 4850.220 -0.0061 -0.0115
 4850.240 -0.0055 -0.0244
 4850.260 -0.0092 -0.0246
 4850.280 -0.0100 -0.0130
 4850.300 -0.0064 -0.0033
 4850.320 -0.0038 -0.0078
 4850.340 -0.0090 -0.0268
 4850.360 -0.0233 -1.0000
 4850.380 -0.0411 -1.0000
 4850.400 -0.0561 -1.0000
 4850.420 -0.0653 -1.0000
 4850.440 -0.0636 -1.0000
 4850.460 -0.0457 -1.0000
 4850.480 -0.0182 -1.0000
 4850.500  0.0038 -1.0000
 4850.520  0.0131 -1.0000
 4850.540  0.0121  0.0390
 4850.560  0.0226  0.0294
 4850.580  0.0742  0.0266
 4850.600  0.1377  0.0219
 4850.620  0.1447  0.0088
 4850.640  0.0915 -0.0123
 4850.660  0.0306 -0.0332
 4850.680 -0.0021 -0.0413
 4850.700 -0.0024 -0.0319
 4850.720  0.0109 -0.0145
 4850.740  0.0167 -0.0015
 4850.760  0.0118  0.0044
 4850.780  0.0067  0.0060
 4850.800  0.0116  0.0028
 4850.820  0.0225 -0.0068
 4850.840  0.0250 -0.0192
 4850.860  0.0124 -0.0264
 4850.880 -0.0054 -0.0227
 4850.900 -0.0138 -0.0092
 4850.920 -0.0079  0.0062
 4850.940  0.0038  0.0142
 4850.960  0.0096  0.0117
 4850.980  0.0076  0.0057
 4851.000  0.0047  0.0023
 4851.020  0.0038 -0.0015
 4851.040  0.0014 -0.0095
 4851.060 -0.0064 -0.0178
 4851.080 -0.0178 -0.0189
 4851.100 -0.0246 -0.0113
 4851.120 -0.0212 -0.0002
 4851.140 -0.0122  0.0066
 4851.160 -0.0052  0.0038
 4851.180 -0.0025 -0.0058
 4851.200 -0.0011 -0.0134
 4851.220  0.0020 -0.0143
 4851.240  0.0046 -0.0122
 4851.260  0.0008 -0.0105
 4851.280 -0.0115 -0.0067
 4851.300 -0.0273  0.0015
 4851.320 -0.0389  0.0099
 4851.340 -0.0415  0.0116
 4851.360 -0.0352  0.0039
 4851.380 -0.0233 -0.0091
 4851.400 -0.0104 -0.0171
 4851.420 -0.0008 -0.0118
 4851.440  0.0014  0.0036
 4851.460 -0.0049  0.0167
 4851.480 -0.0157  0.0195
 4851.500 -0.0240  0.0150
 4851.520 -0.0247  0.0106
 4851.540 -0.0179  0.0116
 4851.560 -0.0084  0.0157
 4851.580 -0.0014  0.0137
 4851.600  0.0012 -0.0011
 4851.620  0.0007 -0.0238
 4851.640 -0.0014 -0.0421
 4851.660 -0.0042 -0.0459
 4851.680 -0.0079 -0.0308
 4851.700 -0.0127  0.0005
 4851.720 -0.0175  0.0379
 4851.740 -0.0198  0.0678
 4851.760 -0.0174  0.0781
 4851.780 -0.0111  0.0653
 4851.800 -0.0048  0.0369
 4851.820 -0.0036  0.0055
 4851.840 -0.0090 -0.0193
 4851.860 -0.0163 -0.0340
 4851.880 -0.0194 -0.0391
 4851.900 -0.0181 -0.0378
 4851.920 -0.0181 -0.0350
 4851.940 -0.0250 -0.0351
 4851.960 -0.0381 -1.0000
 4851.980 -0.0494 -1.0000
 4852.000 -0.0530 -1.0000
 4852.020 -0.0527 -1.0000
 4852.040 -0.0575 -1.0000
 4852.060 -0.0659 -1.0000
 4852.080 -0.0590 -1.0000
 4852.100 -0.0307  0.0237
 4852.120  0.0036  0.0026
 4852.140  0.0353 -0.0081
 4852.160  0.0477 -0.0140
 4852.180  0.0248 -0.0159
 4852.200 -0.0052 -0.0138
 4852.220 -0.0094 -0.0073
 4852.240  0.0039  0.0020
 4852.260  0.0118  0.0104
 4852.280  0.0061  0.0136
 4852.300 -0.0055  0.0104
 4852.320 -0.0078  0.0040
 4852.340  0.0065  0.0010
 4852.360  0.0280  0.0071
 4852.380  0.0401  0.0205
 4852.400  0.0342  0.0318
 4852.420  0.0153  0.0321
 4852.440 -0.0031  0.0205
 4852.460 -0.0108  0.0036
 4852.480 -0.0086 -0.0094
 4852.500 -0.0047 -0.0119
 4852.520 -0.0052 -0.0046
 4852.540 -0.0091  0.0062
 4852.560 -0.0107  0.0136
 4852.580 -0.0077  0.0127
 4852.600 -0.0038  0.0031
 4852.620 -0.0048 -0.0103
 4852.640 -0.0112 -0.0183
 4852.660 -0.0161 -0.0133
 4852.680 -0.0119  0.0018
 4852.700  0.0012  0.0134
 4852.720  0.0143  0.0102
 4852.740  0.0170 -0.0053
 4852.760  0.0071 -0.0209
 4852.780 -0.0061 -0.0226
 4852.800 -0.0119 -0.0072
 4852.820 -0.0082  0.0118
 4852.840 -0.0019  0.0169
 4852.860 -0.0018  0.0052
 4852.880 -0.0101 -0.0128
 4852.900 -0.0206 -0.0273
 4852.920 -0.0267 -0.0346
 4852.940 -0.0277 -0.0350
 4852.960 -0.0273 -0.0302
 4852.980  0.0000  0.0000
 4853.000  0.0000  0.0000
