# File generated by CMD 2.8 (http://stev.oapd.inaf.it/cmd) on Wed Nov 23 18:45:42 CET 2016
# PARSEC isochrones, release v1.2S
# Basic references: Bressan et al. (2012), MNRAS, 427, 127 + Chen et al. (2014, 2015), MNRAS, 444, 2525 + MNRAS, 452, 1068 + Tang et al. (2014), MNRAS, 445, 4287
# Warning: you choose not to include the TP-AGB phase!
# Photometric system: HST/ACS HRC
# Using NBC version of bolometric corrections as in Chen et al. (2014), MNRAS, 444, 2525
# BCs of Carbon stars derive from Aringer et al. (2009, A&A 503, 913)
# O-rich circumstellar dust ignored
# C-rich circumstellar dust ignored
# IMF: Chabrier (2001) lognormal 
# On RGB, assumed Reimers mass loss with efficiency eta=0.2
# Kind of output: SSP integrated magnitudes
#	Z	Age		mbol    F220W   F250W   F330W   F344N   F435W   F475W   F550M   F555W   F606W   F625W   F658N   F660N   F775W   F814W   F850LP  F892N
	0.0080	3.98e+06	-0.595	-0.468	-0.104	0.451	0.510	1.688	1.778	1.845	1.824	1.835	1.852	1.751	1.804	1.866	1.872	1.893	1.893
	0.0080	4.47e+06	-0.571	-0.452	-0.084	0.475	0.532	1.710	1.724	1.629	1.657	1.584	1.515	1.348	1.403	1.337	1.305	1.234	1.246
	0.0080	5.01e+06	-0.519	-0.415	-0.049	0.492	0.542	1.593	1.555	1.392	1.436	1.341	1.251	1.078	1.129	1.045	1.005	0.919	0.932
	0.0080	5.62e+06	-0.463	-0.377	-0.013	0.519	0.566	1.585	1.540	1.372	1.417	1.323	1.233	1.062	1.111	1.031	0.991	0.906	0.918
	0.0080	6.31e+06	-0.397	-0.327	0.034	0.567	0.618	1.627	1.589	1.415	1.464	1.359	1.260	1.082	1.134	1.030	0.985	0.886	0.897
	0.0080	7.08e+06	-0.320	-0.280	0.074	0.607	0.663	1.718	1.745	1.651	1.684	1.599	1.521	1.360	1.408	1.245	1.179	1.034	1.044
	0.0080	7.94e+06	-0.240	-0.228	0.114	0.624	0.678	1.662	1.705	1.651	1.671	1.608	1.550	1.406	1.454	1.328	1.270	1.141	1.146
	0.0080	8.91e+06	-0.155	-0.174	0.156	0.652	0.705	1.703	1.743	1.690	1.709	1.650	1.595	1.452	1.501	1.393	1.343	1.231	1.236
	0.0080	1.00e+07	-0.057	-0.121	0.199	0.686	0.737	1.758	1.795	1.752	1.766	1.719	1.675	1.537	1.589	1.534	1.503	1.434	1.439
	0.0080	1.12e+07	0.035	-0.092	0.217	0.708	0.763	1.858	1.942	1.985	1.976	1.967	1.963	1.851	1.904	1.896	1.878	1.840	1.839
	0.0080	1.26e+07	0.131	-0.012	0.292	0.782	0.837	1.950	2.037	2.083	2.072	2.064	2.060	1.947	1.999	1.985	1.966	1.923	1.925
	0.0080	1.41e+07	0.227	0.087	0.381	0.856	0.910	1.993	2.072	2.097	2.094	2.071	2.053	1.931	1.983	1.938	1.908	1.841	1.842
	0.0080	1.58e+07	0.335	0.238	0.521	0.961	1.011	1.966	2.020	2.002	2.012	1.969	1.931	1.798	1.849	1.774	1.733	1.642	1.643
	0.0080	1.78e+07	0.432	0.401	0.692	1.138	1.184	2.118	2.115	1.989	2.030	1.933	1.843	1.677	1.726	1.582	1.522	1.388	1.394
	0.0080	2.00e+07	0.537	0.495	0.782	1.245	1.298	2.316	2.341	2.215	2.263	2.144	2.036	1.852	1.904	1.703	1.623	1.447	1.450
	0.0080	2.24e+07	0.639	0.588	0.866	1.315	1.367	2.360	2.381	2.256	2.303	2.187	2.081	1.899	1.951	1.758	1.681	1.510	1.513
	0.0080	2.51e+07	0.740	0.683	0.954	1.389	1.439	2.403	2.419	2.290	2.338	2.222	2.116	1.936	1.989	1.803	1.728	1.564	1.566
	0.0080	2.82e+07	0.835	0.778	1.035	1.433	1.474	2.349	2.342	2.207	2.251	2.150	2.056	1.888	1.939	1.796	1.738	1.609	1.616
	0.0080	3.16e+07	0.927	0.841	1.080	1.450	1.493	2.259	2.287	2.224	2.248	2.183	2.122	1.984	2.033	1.928	1.878	1.766	1.766
	0.0080	3.55e+07	1.025	0.936	1.165	1.517	1.558	2.298	2.322	2.258	2.282	2.219	2.158	2.022	2.071	1.970	1.922	1.815	1.816
	0.0080	3.98e+07	1.131	1.034	1.254	1.592	1.631	2.348	2.372	2.312	2.334	2.275	2.219	2.087	2.136	2.042	1.997	1.897	1.898
	0.0080	4.47e+07	1.233	1.138	1.350	1.672	1.710	2.405	2.424	2.360	2.384	2.323	2.266	2.135	2.183	2.089	2.045	1.947	1.949
	0.0080	5.01e+07	1.341	1.245	1.449	1.756	1.791	2.465	2.482	2.417	2.440	2.380	2.323	2.195	2.243	2.151	2.108	2.014	2.017
	0.0080	5.62e+07	1.439	1.352	1.545	1.832	1.865	2.502	2.515	2.447	2.471	2.411	2.354	2.228	2.276	2.186	2.145	2.053	2.057
	0.0080	6.31e+07	1.534	1.461	1.643	1.908	1.939	2.532	2.540	2.469	2.494	2.435	2.378	2.255	2.302	2.215	2.175	2.087	2.091
	0.0080	7.08e+07	1.642	1.578	1.750	1.999	2.028	2.603	2.607	2.531	2.557	2.496	2.438	2.315	2.361	2.272	2.233	2.145	2.150
	0.0080	7.94e+07	1.744	1.696	1.858	2.088	2.115	2.667	2.664	2.581	2.608	2.545	2.484	2.362	2.408	2.313	2.274	2.185	2.191
	0.0080	8.91e+07	1.845	1.816	1.967	2.175	2.201	2.727	2.719	2.630	2.658	2.594	2.532	2.410	2.455	2.357	2.317	2.227	2.235
	0.0080	1.00e+08	1.951	1.939	2.079	2.266	2.290	2.794	2.781	2.685	2.716	2.649	2.585	2.463	2.508	2.409	2.370	2.282	2.290
	0.0080	1.12e+08	2.053	2.066	2.194	2.358	2.379	2.862	2.842	2.738	2.770	2.701	2.634	2.511	2.556	2.454	2.415	2.327	2.337
	0.0080	1.26e+08	2.158	2.196	2.312	2.454	2.473	2.937	2.910	2.797	2.832	2.759	2.689	2.564	2.609	2.502	2.464	2.376	2.386
	0.0080	1.41e+08	2.262	2.331	2.436	2.554	2.572	3.017	2.983	2.861	2.897	2.820	2.746	2.617	2.663	2.551	2.512	2.422	2.434
	0.0080	1.58e+08	2.368	2.470	2.565	2.660	2.673	3.099	3.059	2.928	2.967	2.885	2.807	2.676	2.720	2.604	2.563	2.471	2.483
	0.0080	1.78e+08	2.474	2.613	2.699	2.775	2.788	3.181	3.136	2.997	3.038	2.954	2.873	2.740	2.784	2.661	2.619	2.523	2.537
	0.0080	2.00e+08	2.581	2.761	2.835	2.892	2.906	3.259	3.210	3.068	3.109	3.023	2.941	2.809	2.853	2.724	2.680	2.581	2.595
	0.0080	2.24e+08	2.691	2.913	2.974	3.010	3.023	3.334	3.283	3.139	3.181	3.095	3.013	2.883	2.926	2.794	2.749	2.649	2.663
	0.0080	2.51e+08	2.802	3.073	3.120	3.132	3.144	3.410	3.357	3.211	3.254	3.167	3.085	2.957	2.999	2.865	2.820	2.718	2.732
	0.0080	2.82e+08	2.913	3.239	3.270	3.256	3.266	3.488	3.431	3.284	3.327	3.240	3.157	3.032	3.073	2.936	2.890	2.787	2.801
	0.0080	3.16e+08	3.025	3.413	3.425	3.381	3.390	3.567	3.506	3.355	3.399	3.312	3.228	3.106	3.146	3.007	2.961	2.858	2.873
	0.0080	3.55e+08	3.139	3.592	3.585	3.508	3.515	3.649	3.584	3.429	3.474	3.386	3.302	3.182	3.220	3.081	3.036	2.934	2.949
	0.0080	3.98e+08	3.256	3.779	3.749	3.636	3.642	3.734	3.664	3.504	3.550	3.461	3.376	3.258	3.296	3.157	3.113	3.013	3.028
	0.0080	4.47e+08	3.369	3.972	3.916	3.763	3.767	3.820	3.743	3.577	3.624	3.533	3.445	3.329	3.366	3.227	3.184	3.085	3.101
	0.0080	5.01e+08	3.480	4.175	4.089	3.892	3.894	3.912	3.827	3.650	3.700	3.606	3.515	3.398	3.435	3.294	3.251	3.153	3.169
	0.0080	5.62e+08	3.590	4.386	4.267	4.022	4.022	4.011	3.915	3.726	3.779	3.679	3.584	3.465	3.502	3.360	3.317	3.219	3.235
	0.0080	6.31e+08	3.699	4.604	4.449	4.152	4.151	4.117	4.010	3.806	3.862	3.758	3.657	3.535	3.573	3.427	3.384	3.286	3.304
	0.0080	7.08e+08	3.804	4.824	4.629	4.280	4.277	4.227	4.108	3.887	3.948	3.837	3.731	3.604	3.643	3.493	3.449	3.349	3.368
	0.0080	7.94e+08	3.904	5.051	4.814	4.411	4.407	4.346	4.214	3.973	4.039	3.919	3.805	3.673	3.712	3.556	3.511	3.408	3.428
	0.0080	8.91e+08	4.018	5.287	5.002	4.543	4.538	4.477	4.331	4.072	4.142	4.015	3.895	3.756	3.797	3.638	3.593	3.489	3.510
	0.0080	1.00e+09	4.113	5.528	5.187	4.669	4.664	4.608	4.447	4.163	4.239	4.102	3.973	3.824	3.867	3.701	3.654	3.547	3.569
	0.0080	1.12e+09	4.215	5.779	5.375	4.797	4.792	4.749	4.571	4.265	4.346	4.198	4.061	3.902	3.947	3.776	3.727	3.617	3.640
	0.0080	1.26e+09	4.303	6.038	5.563	4.917	4.913	4.883	4.688	4.356	4.444	4.285	4.139	3.968	4.016	3.838	3.788	3.674	3.697
	0.0080	1.41e+09	4.359	6.313	5.759	5.039	5.036	5.009	4.792	4.428	4.523	4.348	4.190	4.005	4.056	3.868	3.813	3.691	3.715
	0.0080	1.58e+09	4.274	6.592	5.950	5.145	5.143	5.088	4.835	4.412	4.523	4.317	4.136	3.927	3.982	3.763	3.697	3.552	3.576
	0.0080	1.78e+09	4.482	6.889	6.201	5.396	5.385	5.359	5.103	4.666	4.782	4.567	4.380	4.167	4.221	3.983	3.911	3.754	3.778
	0.0080	2.00e+09	4.556	7.184	6.412	5.547	5.535	5.509	5.235	4.772	4.895	4.668	4.471	4.250	4.305	4.051	3.975	3.808	3.833
	0.0080	2.24e+09	4.663	7.476	6.625	5.709	5.696	5.672	5.386	4.904	5.032	4.797	4.595	4.368	4.424	4.156	4.076	3.902	3.928
	0.0080	2.51e+09	4.760	7.767	6.835	5.865	5.852	5.821	5.522	5.022	5.154	4.911	4.703	4.471	4.527	4.250	4.166	3.986	4.013
	0.0080	2.82e+09	4.727	8.096	7.076	6.016	6.009	5.918	5.585	5.043	5.185	4.922	4.702	4.459	4.516	4.214	4.123	3.929	3.957
	0.0080	3.16e+09	4.859	8.332	7.269	6.176	6.169	6.071	5.733	5.184	5.328	5.063	4.841	4.597	4.654	4.346	4.254	4.057	4.085
	0.0080	3.55e+09	4.983	8.512	7.416	6.301	6.295	6.197	5.857	5.308	5.452	5.188	4.966	4.721	4.778	4.469	4.377	4.180	4.208
	0.0080	3.98e+09	5.078	8.734	7.588	6.438	6.432	6.323	5.975	5.416	5.562	5.294	5.069	4.822	4.879	4.564	4.470	4.269	4.298
	0.0080	4.47e+09	5.198	8.961	7.763	6.584	6.577	6.462	6.109	5.545	5.693	5.422	5.196	4.947	5.005	4.685	4.589	4.387	4.416
	0.0080	5.01e+09	5.354	9.193	7.943	6.736	6.727	6.618	6.263	5.700	5.847	5.576	5.351	5.102	5.159	4.839	4.744	4.540	4.570
	0.0080	5.62e+09	5.426	9.452	8.130	6.870	6.862	6.732	6.368	5.792	5.943	5.667	5.438	5.186	5.243	4.913	4.815	4.607	4.637
	0.0080	6.31e+09	5.517	9.722	8.323	7.005	6.997	6.849	6.476	5.891	6.044	5.764	5.533	5.279	5.336	5.003	4.903	4.692	4.723
	0.0080	7.08e+09	5.606	10.000	8.525	7.153	7.145	6.976	6.595	6.000	6.155	5.871	5.636	5.380	5.437	5.095	4.993	4.778	4.809
	0.0080	7.94e+09	5.698	10.281	8.726	7.298	7.291	7.100	6.710	6.106	6.264	5.975	5.737	5.478	5.535	5.188	5.084	4.865	4.897
	0.0080	8.91e+09	5.783	10.559	8.925	7.446	7.443	7.224	6.825	6.210	6.371	6.078	5.837	5.576	5.632	5.277	5.170	4.946	4.979
	0.0080	1.00e+10	5.882	10.832	9.121	7.600	7.604	7.353	6.947	6.324	6.487	6.189	5.947	5.683	5.740	5.378	5.270	5.042	5.076
	0.0080	1.12e+10	5.969	11.104	9.315	7.752	7.764	7.475	7.061	6.428	6.594	6.292	6.046	5.780	5.837	5.469	5.358	5.126	5.161
	0.0080	1.26e+10	6.046	11.374	9.503	7.899	7.919	7.588	7.166	6.524	6.692	6.386	6.138	5.869	5.927	5.550	5.437	5.201	5.237
