           1.15  
           1.08
 4172.000  0.8428
 4172.020  0.8461
 4172.040  0.7199
 4172.060  0.5897
 4172.080  0.4646
 4172.100  0.3840
 4172.120  0.3506
 4172.140  0.3444
 4172.160 -1.0000
 4172.180 -1.0000
 4172.200 -1.0000
 4172.220 -1.0000
 4172.240 -1.0000
 4172.260 -1.0000
 4172.280 -1.0000
 4172.300 -1.0000
 4172.320 -1.0000
 4172.340 -1.0000
 4172.360 -1.0000
 4172.380 -1.0000
 4172.400 -1.0000
 4172.420 -1.0000
 4172.440 -1.0000
 4172.460 -1.0000
 4172.480 -1.0000
 4172.500 -1.0000
 4172.520 -1.0000
 4172.540  0.7913
 4172.560  0.7788
 4172.580  0.7323
 4172.600  0.6586
 4172.620  0.5753
 4172.640  0.4991
 4172.660  0.4378
 4172.680  0.3941
 4172.700  0.3753
 4172.720  0.3965
 4172.740  0.4588
 4172.760  0.5344
 4172.780  0.5966
 4172.800  0.6402
 4172.820  0.6657
 4172.840  0.6769
 4172.860  0.6829
 4172.880  0.6825
 4172.900  0.6680
 4172.920  0.6435
 4172.940  0.6229
 4172.960  0.6230
 4172.980  0.6569
 4173.000  0.7200
 4173.020  0.7918
 4173.040  0.8582
 4173.060  0.9162
 4173.080  0.9621
 4173.100  0.9920
 4173.120  1.0040
 4173.140  0.9940
 4173.160  0.9595
 4173.180  0.9078
 4173.200  0.8497
 4173.220  0.7863
 4173.240  0.7187
 4173.260  0.6623
 4173.280  0.6306
 4173.300  0.6167
 4173.320  0.6010
 4173.340  0.5687
 4173.360  0.5162
 4173.380  0.4505
 4173.400  0.3874
 4173.420  0.3414
 4173.440  0.3183
 4173.460  0.3161
 4173.480  0.3333
 4173.500  0.3672
 4173.520  0.4078
 4173.540  0.4412
 4173.560  0.4589
 4173.580  0.4627
 4173.600  0.4620
 4173.620  0.4640
 4173.640  0.4706
 4173.660  0.4910
 4173.680  0.5449
 4173.700  0.6411
 4173.720  0.7606
 4173.740  0.8641
 4173.760  0.9134
 4173.780  0.8877
 4173.800  0.7921
 4173.820  0.6541
 4173.840  0.5107
 4173.860  0.3924
 4173.880  0.3134
 4173.900  0.2722
 4173.920  0.2576
 4173.940  0.2533
 4173.960  0.2447
 4173.980  0.2307
 4174.000  0.2219
 4174.020  0.2245
 4174.040  0.2354
 4174.060  0.2539
 4174.080  0.2904
 4174.100  0.3569
 4174.120  0.4461
 4174.140  0.5285
 4174.160  0.5790
 4174.180  0.5945
 4174.200  0.5836
 4174.220  0.5537
 4174.240  0.5097
 4174.260  0.4614
 4174.280  0.4277
 4174.300  0.4248
 4174.320  0.4520
 4174.340  0.4979
 4174.360  0.5515
 4174.380  0.5988
 4174.400  0.6206
 4174.420  0.6035
 4174.440  0.5492
 4174.460  0.4751
 4174.480  0.4098
 4174.500  0.3813
 4174.520  0.4041
 4174.540  0.4682
 4174.560  0.5431
 4174.580  0.6005
 4174.600  0.6340
 4174.620  0.6550
 4174.640  0.6775
 4174.660  0.7072
 4174.680  0.7347
 4174.700  0.7396
 4174.720  0.7087
 4174.740  0.6528
 4174.760  0.5970
 4174.780  0.5628
 4174.800  0.5625
 4174.820  0.6009
 4174.840  0.6720
 4174.860  0.7600
 4174.880  0.8478
 4174.900  0.9232
 4174.920  0.9760
 4174.940  0.9946
 4174.960  0.9664
 4174.980  0.8863
 4175.000  0.7657
 4175.020  0.6297
 4175.040  0.5032
 4175.060  0.4030
 4175.080  0.3412
 4175.100  0.3202
 4175.120  0.3287
 4175.140  0.3574
 4175.160  0.4057
 4175.180  0.4572
 4175.200  0.4810
 4175.220  0.4759
 4175.240  0.4734
 4175.260  0.5053
 4175.280  0.5886
 4175.300  0.7112
 4175.320  0.8281
 4175.340  0.8982
 4175.360  0.9120
 4175.380  0.8766
 4175.400  0.8022
 4175.420  0.7091
 4175.440  0.6283
 4175.460  0.5884
 4175.480  0.6032
 4175.500  0.6690
 4175.520  0.7693
 4175.540  0.8846
 4175.560  0.9971
 4175.580  1.0870
 4175.600  1.1323
 4175.620  1.1252
 4175.640  1.0850
 4175.660  1.0356
 4175.680  0.9835
 4175.700  0.9449
 4175.720  0.9443
 4175.740  0.9705
 4175.760  0.9973
 4175.780  1.0253
 4175.800  1.0581
 4175.820  1.0816
 4175.840  1.0868
 4175.860  1.0803
 4175.880  1.0670
 4175.900  1.0459
 4175.920  1.0201
 4175.940  0.9947
 4175.960  0.9643
 4175.980  0.9146
 4176.000  0.8382
 4176.020  0.7435
 4176.040  0.6478
 4176.060  0.5653
 4176.080  0.5015
 4176.100  0.4581
 4176.120  0.4377
 4176.140  0.4371
 4176.160  0.4457
 4176.180  0.4596
 4176.200  0.4851
 4176.220  0.5184
 4176.240  0.5430
 4176.260  0.5546
 4176.280  0.5676
 4176.300  0.5928
 4176.320  0.6295
 4176.340  0.6752
 4176.360  0.7247
 4176.380  0.7646
 4176.400  0.7773
 4176.420  0.7529
 4176.440  0.6996
 4176.460  0.6415
 4176.480  0.6054
 4176.500  0.6088
 4176.520  0.6484
 4176.540  0.6934
 4176.560 -1.0000
 4176.580 -1.0000
 4176.600 -1.0000
 4176.620 -1.0000
 4176.640 -1.0000
 4176.660 -1.0000
 4176.680 -1.0000
 4176.700 -1.0000
 4176.720 -1.0000
 4176.740  0.5614
 4176.760  0.6253
 4176.780  0.7054
 4176.800  0.7703
 4176.820  0.8053
 4176.840  0.8113
 4176.860  0.7951
 4176.880  0.7644
 4176.900  0.7303
 4176.920  0.7102
 4176.940  0.7170
 4176.960  0.7498
 4176.980  0.8006
 4177.000  0.8618
 4177.020  0.9213
 4177.040  0.9594
 4177.060  0.9558
 4177.080  0.9022
 4177.100  0.8078
 4177.120  0.6958
 4177.140  0.5934
 4177.160  0.5234
 4177.180  0.4980
 4177.200  0.5188
 4177.220  0.5791
 4177.240  0.6648
 4177.260  0.7554
 4177.280  0.8317
 4177.300  0.8828
 4177.320  0.9114
 4177.340  0.9316
 4177.360  0.9502
 4177.380  0.9529
 4177.400  0.9189
 4177.420  0.8423
 4177.440  0.7311
 4177.460  0.6033
 4177.480  0.4838
 4177.500  0.3959
 4177.520  0.3516
 4177.540  0.3507
 4177.560  0.3839
 4177.580  0.4379
 4177.600  0.4965
 4177.620  0.5436
 4177.640  0.5650
 4177.660  0.5541
 4177.680  0.5146
 4177.700  0.4559
 4177.720  0.3907
 4177.740  0.3384
 4177.760  0.3189
 4177.780  0.3346
 4177.800  0.3678
 4177.820  0.3982
 4177.840  0.4150
 4177.860  0.4156
 4177.880  0.4047
 4177.900  0.3979
 4177.920  0.4160
 4177.940  0.4709
 4177.960  0.5556
 4177.980  0.6455
 4178.000  0.7096
 4178.020  0.7286
 4178.040  0.7035
 4178.060  0.6502
 4178.080  0.5895
 4178.100  0.5424
 4178.120  0.5288
 4178.140  0.5625
 4178.160  0.6350
 4178.180  0.7138
 4178.200  0.7708
 4178.220  0.7931
 4178.240  0.7695
 4178.260  0.7086
 4178.280  0.6472
 4178.300  0.6109
 4178.320  0.6061
 4178.340  0.6400
 4178.360  0.7077
 4178.380  0.7830
 4178.400  0.8385
 4178.420  0.8639
 4178.440  0.8626
 4178.460 -1.0000
 4178.480 -1.0000
 4178.500 -1.0000
 4178.520 -1.0000
 4178.540 -1.0000
 4178.560 -1.0000
 4178.580 -1.0000
 4178.600  0.3524
 4178.620  0.3329
 4178.640  0.3311
 4178.660  0.3558
 4178.680  0.4040
 4178.700  0.4625
 4178.720  0.5222
 4178.740  0.5868
 4178.760  0.6648
 4178.780  0.7501
 4178.800  0.8202
 4178.820  0.8541
 4178.840  0.8450
 4178.860  0.7963
 4178.880  0.7130
 4178.900  0.6030
 4178.920  0.4831
 4178.940  0.3757
 4178.960  0.2975
 4178.980  0.2515
 4179.000  0.2315
 4179.020  0.2282
 4179.040  0.2312
 4179.060  0.2325
 4179.080  0.2316
 4179.100  0.2329
 4179.120  0.2384
 4179.140  0.2503
 4179.160  0.2834
 4179.180  0.3568
 4179.200  0.4618
 4179.220  0.5617
 4179.240  0.6297
 4179.260  0.6690
 4179.280  0.7005
 4179.300  0.7394
 4179.320  0.7798
 4179.340  0.7993
 4179.360  0.7787
 4179.380  0.7144
 4179.400  0.6243
 4179.420  0.5414
 4179.440  0.4937
 4179.460  0.4902
 4179.480  0.5197
 4179.500  0.5639
 4179.520  0.6068
 4179.540  0.6330
 4179.560  0.6306
 4179.580  0.6032
 4179.600  0.5688
 4179.620  0.5415
 4179.640  0.5219
 4179.660  0.5025
 4179.680  0.4793
 4179.700  0.4587
 4179.720  0.4502
 4179.740  0.4526
 4179.760  0.4545
 4179.780  0.4465
 4179.800  0.4300
 4179.820  0.4199
 4179.840  0.4312
 4179.860  0.4599
 4179.880  0.4833
 4179.900  0.4778
 4179.920  0.4390
 4179.940  0.3877
 4179.960  0.3530
 4179.980  0.3521
 4180.000  0.3851
 4180.020  0.4393
 4180.040  0.4973
 4180.060  0.5439
 4180.080  0.5690
 4180.100  0.5654
 4180.120  0.5277
 4180.140  0.4605
 4180.160  0.3867
 4180.180  0.3351
 4180.200  0.3196
 4180.220  0.3345
 4180.240  0.3641
 4180.260  0.3941
 4180.280  0.4148
 4180.300  0.4190
 4180.320  0.4054
 4180.340  0.3858
 4180.360  0.3783
 4180.380  0.3916
 4180.400  0.4217
 4180.420  0.4622
 4180.440  0.5102
 4180.460  0.5631
 4180.480  0.6147
 4180.500  0.6590
 4180.520  0.6937
 4180.540  0.7194
 4180.560  0.7355
 4180.580  0.7392
 4180.600  0.7297
 4180.620  0.7111
 4180.640  0.6877
 4180.660  0.6581
 4180.680  0.6163
 4180.700  0.5600
 4180.720  0.4965
 4180.740  0.4405
 4180.760  0.4040
 4180.780  0.3908
 4180.800  0.4035
 4180.820  0.4432
 4180.840  0.4977
 4180.860  0.5453
 4180.880  0.5734
 4180.900  0.5850
 4180.920  0.5892
 4180.940  0.5908
 4180.960  0.5892
 4180.980  0.5867
 4181.000  0.5970
 4181.020  0.6325
 4181.040  0.6874
 4181.060  0.7436
 4181.080  0.7878
 4181.100  0.8137
 4181.120  0.8166
 4181.140  0.7941
 4181.160  0.7501
 4181.180  0.6961
 4181.200  0.6462
 4181.220  0.6097
 4181.240 -1.0000
 4181.260 -1.0000
 4181.280 -1.0000
 4181.300 -1.0000
 4181.320 -1.0000
 4181.340 -1.0000
 4181.360 -1.0000
 4181.380 -1.0000
 4181.400 -1.0000
 4181.420 -1.0000
 4181.440 -1.0000
 4181.460 -1.0000
 4181.480 -1.0000
 4181.500 -1.0000
 4181.520 -1.0000
 4181.540 -1.0000
 4181.560 -1.0000
 4181.580 -1.0000
 4181.600 -1.0000
 4181.620 -1.0000
 4181.640 -1.0000
 4181.660 -1.0000
 4181.680  0.5587
 4181.700  0.5983
 4181.720  0.6423
 4181.740 -1.0000
 4181.760 -1.0000
 4181.780 -1.0000
 4181.800 -1.0000
 4181.820 -1.0000
 4181.840 -1.0000
 4181.860 -1.0000
 4181.880 -1.0000
 4181.900  0.4057
 4181.920  0.3445
 4181.940  0.2922
 4181.960  0.2692
 4181.980  0.2730
 4182.000  0.2990
 4182.020  0.3423
 4182.040  0.3930
 4182.060  0.4411
 4182.080  0.4799
 4182.100  0.5072
 4182.120  0.5289
 4182.140  0.5561
 4182.160  0.5921
 4182.180  0.6240
 4182.200  0.6366
 4182.220  0.6327
 4182.240  0.6256
 4182.260 -1.0000
 4182.280 -1.0000
 4182.300 -1.0000
 4182.320 -1.0000
 4182.340 -1.0000
 4182.360 -1.0000
 4182.380 -1.0000
 4182.400 -1.0000
 4182.420  0.5574
 4182.440  0.5741
 4182.460  0.5984
 4182.480  0.6300
 4182.500  0.6694
 4182.520  0.7070
 4182.540  0.7285
 4182.560  0.7320
 4182.580  0.7289
 4182.600  0.7239
 4182.620  0.7122
 4182.640  0.6958
 4182.660  0.6867
 4182.680  0.6954
 4182.700  0.7243
 4182.720  0.7696
 4182.740  0.8229
 4182.760  0.8698
 4182.780  0.8910
 4182.800  0.8727
 4182.820  0.8181
 4182.840  0.7458
 4182.860  0.6773
 4182.880  0.6259
 4182.900  0.5954
 4182.920  0.5871
 4182.940  0.6046
 4182.960  0.6474
 4182.980  0.7001
 4183.000  0.7371
 4183.020  0.7400
 4183.040  0.7094
 4183.060  0.6645
 4183.080  0.6272
 4183.100  0.6071
 4183.120  0.6030
 4183.140  0.6122
 4183.160  0.6313
 4183.180  0.6566
 4183.200  0.6895
 4183.220  0.7375
 4183.240  0.8025
 4183.260  0.8728
 4183.280  0.9327
 4183.300  0.9748
 4183.320  1.0019
 4183.340  1.0193
 4183.360  1.0267
 4183.380  1.0207
 4183.400  1.0028
 4183.420  0.9802
 4183.440  0.9592
 4183.460  0.9397
 4183.480  0.9137
 4183.500  0.8729
 4183.520  0.8168
 4183.540  0.7577
 4183.560  0.7212
 4183.580  0.7240
 4183.600  0.7514
 4183.620  0.7735
 4183.640  0.7723
 4183.660  0.7451
 4183.680  0.7002
 4183.700  0.6556
 4183.720  0.6259
 4183.740 -1.0000
 4183.760 -1.0000
 4183.780 -1.0000
 4183.800 -1.0000
 4183.820 -1.0000
 4183.840 -1.0000
 4183.860 -1.0000
 4183.880 -1.0000
 4183.900 -1.0000
 4183.920  0.3620
 4183.940  0.3290
 4183.960  0.3043
 4183.980  0.2864
 4184.000  0.2627
 4184.020  0.2368
 4184.040  0.2188
 4184.060  0.2057
 4184.080  0.1937
 4184.100  0.1887
 4184.120  0.1937
 4184.140  0.2053
 4184.160  0.2284
 4184.180  0.2818
 4184.200  0.3788
 4184.220  0.5065
 4184.240  0.6255
 4184.260  0.7000
 4184.280  0.7294
 4184.300  0.7350
 4184.320 -1.0000
 4184.340 -1.0000
 4184.360 -1.0000
 4184.380 -1.0000
 4184.400 -1.0000
 4184.420 -1.0000
 4184.440 -1.0000
 4184.460  0.6098
 4184.480  0.6586
 4184.500  0.7251
 4184.520  0.7850
 4184.540  0.8103
 4184.560  0.7957
 4184.580  0.7613
 4184.600  0.7111
 4184.620  0.6446
 4184.640  0.5892
 4184.660  0.5806
 4184.680  0.6312
 4184.700  0.7278
 4184.720  0.8399
 4184.740  0.9296
 4184.760  0.9616
 4184.780  0.9152
 4184.800  0.7986
 4184.820  0.6512
 4184.840  0.5180
 4184.860  0.4245
 4184.880  0.3797
 4184.900  0.3853
 4184.920  0.4284
 4184.940  0.4816
 4184.960  0.5215
 4184.980  0.5410
 4185.000  0.5424
 4185.020  0.5354
 4185.040  0.5435
 4185.060  0.5914
 4185.080  0.6793
 4185.100  0.7760
 4185.120  0.8396
 4185.140  0.8469
 4185.160  0.8091
 4185.180  0.7581
 4185.200  0.7157
 4185.220  0.6822
 4185.240  0.6499
 4185.260  0.6242
 4185.280  0.6196
 4185.300  0.6400
 4185.320  0.6734
 4185.340  0.7068
 4185.360  0.7354
 4185.380  0.7621
 4185.400  0.7924
 4185.420  0.8229
 4185.440  0.8428
 4185.460  0.8459
 4185.480  0.8343
 4185.500  0.8105
 4185.520  0.7788
 4185.540  0.7514
 4185.560  0.7450
 4185.580  0.7674
 4185.600  0.8050
 4185.620  0.8236
 4185.640  0.7938
 4185.660  0.7155
 4185.680  0.6110
 4185.700  0.5044
 4185.720  0.4119
 4185.740  0.3420
 4185.760  0.3029
 4185.780  0.3040
 4185.800  0.3454
 4185.820  0.4112
 4185.840  0.4759
 4185.860  0.5170
 4185.880  0.5240
 4185.900  0.4993
 4185.920  0.4527
 4185.940  0.3996
 4185.960  0.3591
 4185.980  0.3427
 4186.000  0.3439
 4186.020  0.3454
 4186.040  0.3347
 4186.060  0.3123
 4186.080  0.2901
 4186.100  0.2796
 4186.120  0.2804
 4186.140  0.2807
 4186.160  0.2678
 4186.180  0.2415
 4186.200  0.2164
 4186.220  0.2092
 4186.240  0.2258
 4186.260  0.2591
 4186.280  0.2965
 4186.300  0.3302
 4186.320  0.3621
 4186.340  0.3994
 4186.360  0.4501
 4186.380  0.5186
 4186.400  0.5997
 4186.420  0.6749
 4186.440  0.7224
 4186.460  0.7314
 4186.480  0.7080
 4186.500  0.6693
 4186.520  0.6329
 4186.540  0.6103
 4186.560  0.6090
 4186.580  0.6323
 4186.600  0.6775
 4186.620  0.7367
 4186.640  0.8022
 4186.660  0.8665
 4186.680  0.9210
 4186.700  0.9584
 4186.720  0.9750
 4186.740  0.9712
 4186.760  0.9509
 4186.780  0.9202
 4186.800  0.8820
 4186.820  0.8349
 4186.840  0.7759
 4186.860  0.7045
 4186.880  0.6254
 4186.900  0.5445
 4186.920  0.4659
 4186.940  0.3966
 4186.960  0.3499
 4186.980  0.3357
 4187.000  0.3547
 4187.020  0.4010
 4187.040  0.4632
 4187.060  0.5227
 4187.080  0.5634
 4187.100  0.5855
 4187.120  0.6043
 4187.140  0.6331
 4187.160  0.6715
 4187.180  0.7056
 4187.200 -1.0000
 4187.220 -1.0000
 4187.240 -1.0000
 4187.260 -1.0000
 4187.280 -1.0000
 4187.300 -1.0000
 4187.320 -1.0000
 4187.340 -1.0000
 4187.360 -1.0000
 4187.380 -1.0000
 4187.400 -1.0000
 4187.420 -1.0000
 4187.440  0.8733
 4187.460  0.8682
 4187.480  0.8474
 4187.500  0.8222
 4187.520  0.8031
 4187.540  0.7777
 4187.560  0.7264
 4187.580  0.6498
 4187.600  0.5684
 4187.620  0.5005
 4187.640  0.4512
 4187.660  0.4197
 4187.680  0.4029
 4187.700  0.3964
 4187.720  0.3958
 4187.740  0.3972
 4187.760  0.3998
 4187.780  0.4082
 4187.800  0.4296
 4187.820  0.4647
 4187.840  0.5033
 4187.860  0.5297
 4187.880  0.5319
 4187.900  0.5077
 4187.920  0.4671
 4187.940  0.4259
 4187.960  0.3979
 4187.980  0.3938
 4188.000  0.4184
 4188.020  0.4660
 4188.040  0.5219
 4188.060  0.5716
 4188.080  0.6079
 4188.100  0.6291
 4188.120  0.6371
 4188.140  0.6376
 4188.160  0.6409
 4188.180  0.6578
 4188.200  0.6870
 4188.220  0.7094
 4188.240  0.7083
 4188.260  0.6889
 4188.280 -1.0000
 4188.300 -1.0000
 4188.320 -1.0000
 4188.340 -1.0000
 4188.360 -1.0000
 4188.380 -1.0000
 4188.400 -1.0000
 4188.420 -1.0000
 4188.440  0.3738
 4188.460  0.4020
 4188.480  0.4460
 4188.500  0.4889
 4188.520  0.5265
 4188.540  0.5659
 4188.560  0.6089
 4188.580  0.6449
 4188.600  0.6610
 4188.620  0.6553
 4188.640  0.6298
 4188.660  0.5854
 4188.680  0.5350
 4188.700  0.5009
 4188.720  0.4964
 4188.740  0.5274
 4188.760  0.5929
 4188.780  0.6693
 4188.800  0.7177
 4188.820  0.7150
 4188.840  0.6658
 4188.860  0.5869
 4188.880  0.4948
 4188.900  0.4041
 4188.920  0.3284
 4188.940  0.2782
 4188.960  0.2545
 4188.980  0.2463
 4189.000  0.2397
 4189.020  0.2293
 4189.040  0.2183
 4189.060  0.2113
 4189.080  0.2086
 4189.100  0.2107
 4189.120  0.2314
 4189.140  0.2932
 4189.160  0.4006
 4189.180  0.5293
 4189.200  0.6432
 4189.220  0.7154
 4189.240  0.7396
 4189.260  0.7201
 4189.280  0.6574
 4189.300  0.5568
 4189.320  0.4434
 4189.340  0.3502
 4189.360  0.2951
 4189.380  0.2784
 4189.400  0.2924
 4189.420  0.3297
 4189.440  0.3838
 4189.460  0.4437
 4189.480  0.4940
 4189.500  0.5259
 4189.520  0.5426
 4189.540  0.5483
 4189.560  0.5462
 4189.580  0.5454
 4189.600  0.5577
 4189.620  0.5832
 4189.640  0.6115
 4189.660  0.6367
 4189.680  0.6618
 4189.700  0.6897
 4189.720  0.7190
 4189.740  0.7380
 4189.760  0.7236
 4189.780  0.6713
 4189.800  0.6132
 4189.820 -1.0000
 4189.840 -1.0000
 4189.860 -1.0000
 4189.880 -1.0000
 4189.900 -1.0000
 4189.920 -1.0000
 4189.940 -1.0000
 4189.960 -1.0000
 4189.980  0.3695
 4190.000  0.3297
 4190.020  0.3023
 4190.040  0.3084
 4190.060  0.3400
 4190.080  0.3713
 4190.100  0.3846
 4190.120  0.3836
 4190.140  0.3841
 4190.160  0.3933
 4190.180  0.4017
 4190.200  0.3949
 4190.220  0.3723
 4190.240  0.3507
 4190.260  0.3468
 4190.280  0.3632
 4190.300  0.3894
 4190.320  0.4131
 4190.340  0.4315
 4190.360  0.4478
 4190.380 -1.0000
 4190.400 -1.0000
 4190.420 -1.0000
 4190.440 -1.0000
 4190.460 -1.0000
 4190.480 -1.0000
 4190.500 -1.0000
 4190.520 -1.0000
 4190.540 -1.0000
 4190.560  0.6561
 4190.580  0.7265
 4190.600  0.8142
 4190.620  0.8891
 4190.640  0.9293
 4190.660  0.9228
 4190.680  0.8681
 4190.700  0.7728
 4190.720  0.6528
 4190.740  0.5402
 4190.760  0.4712
 4190.780  0.4604
 4190.800  0.4968
 4190.820  0.5594
 4190.840  0.6286
 4190.860  0.6863
 4190.880  0.7229
 4190.900  0.7399
 4190.920  0.7403
 4190.940  0.7213
 4190.960  0.6759
 4190.980  0.6024
 4191.000  0.5131
 4191.020  0.4321
 4191.040  0.3836
 4191.060  0.3657
 4191.080 -1.0000
 4191.100 -1.0000
 4191.120 -1.0000
 4191.140 -1.0000
 4191.160 -1.0000
 4191.180 -1.0000
 4191.200 -1.0000
 4191.220 -1.0000
 4191.240 -1.0000
 4191.260 -1.0000
 4191.280 -1.0000
 4191.300  0.7440
 4191.320  0.7383
 4191.340  0.7276
 4191.360  0.7254
 4191.380  0.7355
 4191.400  0.7528
 4191.420  0.7671
 4191.440  0.7683
 4191.460  0.7523
 4191.480  0.7217
 4191.500  0.6806
 4191.520  0.6338
 4191.540  0.5903
 4191.560  0.5611
 4191.580  0.5549
 4191.600  0.5726
 4191.620  0.6066
 4191.640  0.6488
 4191.660  0.6944
 4191.680  0.7362
 4191.700  0.7621
 4191.720  0.7637
 4191.740  0.7397
 4191.760  0.6906
 4191.780  0.6210
 4191.800  0.5461
 4191.820  0.4910
 4191.840  0.4809
 4191.860  0.5259
 4191.880  0.6136
 4191.900  0.7161
 4191.920  0.8049
 4191.940  0.8603
 4191.960  0.8757
 4191.980  0.8570
 4192.000  0.8111
 4192.020  0.7353
 4192.040  0.6270
 4192.060  0.5025
 4192.080  0.3936
 4192.100  0.3265
 4192.120  0.3129
 4192.140  0.3560
 4192.160  0.4507
 4192.180  0.5764
 4192.200  0.6967
 4192.220  0.7721
 4192.240  0.7798
 4192.260  0.7270
 4192.280  0.6450
 4192.300  0.5722
 4192.320  0.5378
 4192.340  0.5509
 4192.360  0.5979
 4192.380  0.6496
 4192.400  0.6807
 4192.420  0.6824
 4192.440  0.6566
 4192.460  0.6064
 4192.480  0.5368
 4192.500  0.4574
 4192.520  0.3834
 4192.540  0.3298
 4192.560  0.3046
 4192.580  0.3058
 4192.600  0.3244
 4192.620  0.3519
 4192.640  0.3831
 4192.660  0.4133
 4192.680  0.4339
 4192.700  0.4396
 4192.720  0.4362
 4192.740  0.4380
 4192.760  0.4558
 4192.780  0.4829
 4192.800  0.4942
 4192.820  0.4722
 4192.840  0.4255
 4192.860  0.3757
 4192.880  0.3390
 4192.900  0.3261
 4192.920  0.3462
 4192.940  0.4022
 4192.960  0.4843
 4192.980  0.5685
 4193.000  0.6308
 4193.020  0.6638
 4193.040  0.6730
 4193.060  0.6615
 4193.080  0.6293
 4193.100  0.5801
 4193.120  0.5252
 4193.140  0.4803
 4193.160  0.4547
 4193.180  0.4421
 4193.200  0.4256
 4193.220  0.3928
 4193.240  0.3516
 4193.260  0.3230
 4193.280  0.3161
 4193.300  0.3234
 4193.320  0.3352
 4193.340  0.3460
 4193.360  0.3528
 4193.380  0.3567
 4193.400  0.3624
 4193.420  0.3754
 4193.440  0.4031
 4193.460  0.4555
 4193.480  0.5389
 4193.500  0.6434
 4193.520  0.7377
 4193.540  0.7841
 4193.560  0.7663
 4193.580  0.7023
 4193.600  0.6256
 4193.620  0.5595
 4193.640  0.5164
 4193.660  0.4997
 4193.680  0.4985
 4193.700  0.4995
 4193.720  0.4984
 4193.740  0.4897
 4193.760  0.4616
 4193.780  0.4093
 4193.800  0.3427
 4193.820  0.2823
 4193.840  0.2448
 4193.860  0.2288
 4193.880  0.2230
 4193.900  0.2213
 4193.920  0.2236
 4193.940  0.2300
 4193.960  0.2409
 4193.980  0.2602
 4194.000  0.2952
 4194.020  0.3521
 4194.040  0.4258
 4194.060  0.4990
 4194.080  0.5547
 4194.100  0.5865
 4194.120  0.5963
 4194.140  0.5885
 4194.160  0.5657
 4194.180  0.5280
 4194.200  0.4793
 4194.220  0.4318
 4194.240  0.4030
 4194.260  0.4051
 4194.280  0.4354
 4194.300  0.4771
 4194.320  0.5113
 4194.340  0.5290
 4194.360  0.5342
 4194.380 -1.0000
 4194.400 -1.0000
 4194.420 -1.0000
 4194.440 -1.0000
 4194.460 -1.0000
 4194.480 -1.0000
 4194.500 -1.0000
 4194.520 -1.0000
 4194.540 -1.0000
 4194.560 -1.0000
 4194.580 -1.0000
 4194.600 -1.0000
 4194.620 -1.0000
 4194.640 -1.0000
 4194.660 -1.0000
 4194.680 -1.0000
 4194.700 -1.0000
 4194.720 -1.0000
 4194.740 -1.0000
 4194.760 -1.0000
 4194.780 -1.0000
 4194.800 -1.0000
 4194.820 -1.0000
 4194.840 -1.0000
 4194.860  0.6554
 4194.880  0.6537
 4194.900  0.6387
 4194.920  0.6122
 4194.940  0.5910
 4194.960  0.5876
 4194.980  0.5931
 4195.000  0.5844
 4195.020  0.5454
 4195.040  0.4807
 4195.060  0.4129
 4195.080  0.3661
 4195.100  0.3513
 4195.120  0.3616
 4195.140  0.3805
 4195.160  0.3952
 4195.180  0.4022
 4195.200  0.4036
 4195.220  0.4022
 4195.240  0.4041
 4195.260  0.4199
 4195.280  0.4579
 4195.300  0.5129
 4195.320  0.5671
 4195.340  0.6059
 4195.360  0.6290
 4195.380  0.6467
 4195.400  0.6689
 4195.420  0.6966
 4195.440  0.7249
 4195.460  0.7469
 4195.480  0.7524
 4195.500  0.7322
 4195.520  0.6903
 4195.540  0.6496
 4195.560 -1.0000
 4195.580 -1.0000
 4195.600 -1.0000
 4195.620 -1.0000
 4195.640 -1.0000
 4195.660 -1.0000
 4195.680 -1.0000
 4195.700 -1.0000
 4195.720 -1.0000
 4195.740 -1.0000
 4195.760 -1.0000
 4195.780 -1.0000
 4195.800 -1.0000
 4195.820 -1.0000
 4195.840 -1.0000
 4195.860 -1.0000
 4195.880 -1.0000
 4195.900 -1.0000
 4195.920 -1.0000
 4195.940 -1.0000
 4195.960 -1.0000
 4195.980 -1.0000
 4196.000 -1.0000
 4196.020 -1.0000
 4196.040 -1.0000
 4196.060  0.7670
 4196.080  0.7719
 4196.100  0.7660
 4196.120  0.7354
 4196.140  0.6773
 4196.160  0.6040
 4196.180  0.5325
 4196.200  0.4738
 4196.220  0.4337
 4196.240  0.4200
 4196.260  0.4373
 4196.280  0.4702
 4196.300 -1.0000
 4196.320 -1.0000
 4196.340 -1.0000
 4196.360 -1.0000
 4196.380 -1.0000
 4196.400 -1.0000
 4196.420 -1.0000
 4196.440 -1.0000
 4196.460 -1.0000
 4196.480 -1.0000
 4196.500  0.7162
 4196.520  0.7856
 4196.540  0.8734
 4196.560  0.9462
 4196.580  0.9800
 4196.600  0.9638
 4196.620  0.9011
 4196.640  0.8161
 4196.660  0.7397
 4196.680  0.6821
 4196.700  0.6321
 4196.720  0.5821
 4196.740  0.5389
 4196.760  0.5131
 4196.780  0.5132
 4196.800  0.5454
 4196.820  0.6091
 4196.840  0.6904
 4196.860  0.7713
 4196.880  0.8417
 4196.900  0.9004
 4196.920  0.9475
 4196.940  0.9749
 4196.960  0.9685
 4196.980  0.9282
 4197.000  0.8773
 4197.020  0.8401
 4197.040  0.8240
 4197.060  0.8206
 4197.080  0.8139
 4197.100  0.7916
 4197.120  0.7558
 4197.140  0.7183
 4197.160  0.6928
 4197.180  0.6934
 4197.200  0.7287
 4197.220  0.7918
 4197.240  0.8629
 4197.260  0.9224
 4197.280  0.9554
 4197.300  0.9522
 4197.320  0.9132
 4197.340  0.8499
 4197.360  0.7836
 4197.380  0.7385
 4197.400  0.7192
 4197.420  0.7021
 4197.440  0.6645
 4197.460  0.6094
 4197.480  0.5538
 4197.500  0.5089
 4197.520  0.4735
 4197.540  0.4423
 4197.560  0.4204
 4197.580  0.4191
 4197.600  0.4377
 4197.620  0.4646
 4197.640  0.4939
 4197.660  0.5277
 4197.680  0.5673
 4197.700  0.6109
 4197.720  0.6577
 4197.740  0.7056
 4197.760  0.7480
 4197.780  0.7770
 4197.800  0.7890
 4197.820  0.7799
 4197.840  0.7450
 4197.860  0.6874
 4197.880  0.6240
 4197.900  0.5791
 4197.920  0.5723
 4197.940  0.6083
 4197.960  0.6768
 4197.980  0.7614
 4198.000  0.8411
 4198.020  0.8872
 4198.040  0.8766
 4198.060  0.8122
 4198.080  0.7169
 4198.100  0.6135
 4198.120  0.5190
 4198.140  0.4485
 4198.160  0.4132
 4198.180  0.4172
 4198.200  0.4563
 4198.220  0.5192
 4198.240  0.5869
 4198.260  0.6366
 4198.280  0.6543
 4198.300  0.6431
 4198.320  0.6192
 4198.340  0.6018
 4198.360  0.6030
 4198.380  0.6207
 4198.400  0.6430
 4198.420  0.6529
 4198.440  0.6334
 4198.460  0.5793
 4198.480  0.5050
 4198.500  0.4316
 4198.520  0.3705
 4198.540  0.3260
 4198.560  0.3032
 4198.580  0.2982
 4198.600  0.2930
 4198.620  0.2717
 4198.640  0.2366
 4198.660  0.2022
 4198.680  0.1805
 4198.700  0.1734
 4198.720  0.1765
 4198.740  0.1874
 4198.760  0.2061
 4198.780  0.2282
 4198.800  0.2473
 4198.820  0.2649
 4198.840  0.2857
 4198.860  0.3046
 4198.880  0.3110
 4198.900  0.3039
 4198.920  0.2922
 4198.940  0.2849
 4198.960  0.2844
 4198.980  0.2862
 4199.000  0.2863
 4199.020  0.2856
 4199.040  0.2858
 4199.060  0.2879
 4199.080  0.3052
 4199.100  0.3613
 4199.120  0.4644
 4199.140  0.5899
 4199.160  0.6931
 4199.180  0.7416
 4199.200  0.7408
 4199.220  0.7230
 4199.240  0.7129
 4199.260  0.7167
 4199.280  0.7359
 4199.300  0.7692
 4199.320  0.8107
 4199.340  0.8559
 4199.360  0.9029
 4199.380  0.9474
 4199.400  0.9851
 4199.420  1.0106
 4199.440  1.0183
 4199.460  1.0074
 4199.480  0.9790
 4199.500  0.9321
 4199.520  0.8678
 4199.540  0.7923
 4199.560  0.7178
 4199.580  0.6596
 4199.600  0.6318
 4199.620  0.6419
 4199.640  0.6879
 4199.660  0.7592
 4199.680  0.8394
 4199.700  0.9103
 4199.720  0.9562
 4199.740  0.9696
 4199.760  0.9572
 4199.780  0.9373
 4199.800  0.9232
 4199.820  0.9101
 4199.840  0.8848
 4199.860  0.8416
 4199.880  0.7878
 4199.900  0.7395
 4199.920  0.7122
 4199.940  0.7106
 4199.960  0.7311
 4199.980  0.7688
 4200.000  0.8144
 4200.020  0.8548
 4200.040  0.8849
 4200.060  0.9086
 4200.080  0.9283
 4200.100  0.9423
 4200.120  0.9475
 4200.140  0.9350
 4200.160  0.8936
 4200.180  0.8233
 4200.200  0.7356
 4200.220  0.6412
 4200.240  0.5505
 4200.260  0.4810
 4200.280  0.4477
 4200.300  0.4534
 4200.320  0.4923
 4200.340  0.5498
 4200.360  0.6038
 4200.380  0.6352
 4200.400  0.6385
 4200.420  0.6209
 4200.440  0.5954
 4200.460  0.5733
 4200.480  0.5624
 4200.500  0.5662
 4200.520  0.5807
 4200.540  0.5976
 4200.560  0.6150
 4200.580  0.6447
 4200.600  0.7021
 4200.620  0.7913
 4200.640  0.8948
 4200.660  0.9773
 4200.680  1.0212
 4200.700  1.0452
 4200.720  1.0620
 4200.740 -1.0000
 4200.760 -1.0000
 4200.780 -1.0000
 4200.800 -1.0000
 4200.820 -1.0000
 4200.840 -1.0000
 4200.860 -1.0000
 4200.880 -1.0000
 4200.900 -1.0000
 4200.920  0.5182
 4200.940  0.5368
 4200.960  0.5855
 4200.980  0.6617
 4201.000  0.7584
 4201.020  0.8544
 4201.040  0.9149
 4201.060  0.9129
 4201.080  0.8490
 4201.100  0.7474
 4201.120  0.6373
 4201.140  0.5394
 4201.160  0.4603
 4201.180  0.3969
 4201.200  0.3455
 4201.220  0.3097
 4201.240  0.2999
 4201.260  0.3283
 4201.280  0.3911
 4201.300  0.4546
 4201.320 -1.0000
 4201.340 -1.0000
 4201.360 -1.0000
 4201.380 -1.0000
 4201.400 -1.0000
 4201.420 -1.0000
 4201.440 -1.0000
 4201.460 -1.0000
 4201.480  0.4082
 4201.500  0.4068
 4201.520  0.4354
 4201.540  0.4840
 4201.560  0.5224
 4201.580  0.5346
 4201.600  0.5215
 4201.620  0.4911
 4201.640  0.4606
 4201.660  0.4478
 4201.680  0.4491
 4201.700  0.4438
 4201.720  0.4255
 4201.740  0.4095
 4201.760  0.4067
 4201.780 -1.0000
 4201.800 -1.0000
 4201.820 -1.0000
 4201.840 -1.0000
 4201.860 -1.0000
 4201.880 -1.0000
 4201.900 -1.0000
 4201.920 -1.0000
 4201.940  0.5364
 4201.960  0.4955
 4201.980  0.4507
 4202.000  0.4212
 4202.020  0.4148
 4202.040  0.4360
 4202.060  0.4815
 4202.080  0.5376
 4202.100  0.5902
 4202.120  0.6332
 4202.140  0.6670
 4202.160  0.6913
 4202.180  0.7015
 4202.200  0.6976
 4202.220  0.6857
 4202.240  0.6672
 4202.260  0.6456
 4202.280  0.6283
 4202.300  0.6072
 4202.320  0.5663
 4202.340  0.5068
 4202.360  0.4442
 4202.380  0.3940
 4202.400  0.3701
 4202.420  0.3798
 4202.440  0.4141
 4202.460  0.4519
 4202.480  0.4724
 4202.500  0.4647
 4202.520  0.4349
 4202.540  0.4024
 4202.560  0.3870
 4202.580  0.3980
 4202.600  0.4326
 4202.620  0.4812
 4202.640  0.5358
 4202.660  0.5943
 4202.680  0.6579
 4202.700  0.7216
 4202.720  0.7690
 4202.740  0.7873
 4202.760  0.7824
 4202.780  0.7659
 4202.800  0.7399
 4202.820  0.7062
 4202.840  0.6736
 4202.860  0.6459
 4202.880  0.6146
 4202.900  0.5700
 4202.920  0.5166
 4202.940  0.4754
 4202.960 -1.0000
 4202.980 -1.0000
 4203.000 -1.0000
 4172.000  0.0000
 4172.020  0.0000
 4172.040  0.0015
 4172.060  0.0039
 4172.080  0.0006
 4172.100 -0.0081
 4172.120 -0.0167
 4172.140 -0.0186
 4172.160 -0.0115
 4172.180  0.0006
 4172.200  0.0093
 4172.220  0.0082
 4172.240 -0.0014
 4172.260 -0.0087
 4172.280 -0.0058
 4172.300  0.0019
 4172.320  0.0046
 4172.340  0.0003
 4172.360 -0.0019
 4172.380  0.0096
 4172.400  0.0276
 4172.420  0.0302
 4172.440  0.0153
 4172.460  0.0018
 4172.480 -0.0008
 4172.500  0.0021
 4172.520  0.0034
 4172.540  0.0014
 4172.560 -0.0007
 4172.580  0.0005
 4172.600  0.0048
 4172.620  0.0091
 4172.640  0.0101
 4172.660  0.0067
 4172.680 -0.0001
 4172.700 -0.0067
 4172.720 -0.0088
 4172.740 -0.0054
 4172.760 -0.0015
 4172.780 -0.0016
 4172.800 -0.0046
 4172.820 -0.0065
 4172.840 -0.0057
 4172.860 -0.0031
 4172.880 -0.0006
 4172.900  0.0011
 4172.920  0.0022
 4172.940  0.0028
 4172.960  0.0026
 4172.980  0.0008
 4173.000 -0.0023
 4173.020 -0.0051
 4173.040 -0.0054
 4173.060 -0.0029
 4173.080  0.0007
 4173.100  0.0033
 4173.120  0.0040
 4173.140  0.0041
 4173.160  0.0047
 4173.180  0.0048
 4173.200  0.0025
 4173.220 -0.0024
 4173.240 -0.0078
 4173.260 -0.0106
 4173.280 -0.0084
 4173.300 -0.0011
 4173.320  0.0080
 4173.340  0.0144
 4173.360  0.0166
 4173.380  0.0157
 4173.400  0.0126
 4173.420  0.0069
 4173.440  0.0000
 4173.460 -0.0050
 4173.480 -0.0070
 4173.500 -0.0067
 4173.520 -0.0046
 4173.540 -0.0012
 4173.560  0.0027
 4173.580  0.0053
 4173.600  0.0050
 4173.620  0.0030
 4173.640  0.0025
 4173.660  0.0049
 4173.680  0.0072
 4173.700  0.0067
 4173.720  0.0043
 4173.740  0.0020
 4173.760  0.0004
 4173.780  0.0001
 4173.800  0.0016
 4173.820  0.0040
 4173.840  0.0058
 4173.860  0.0066
 4173.880  0.0067
 4173.900  0.0041
 4173.920 -0.0024
 4173.940 -0.0096
 4173.960 -0.0115
 4173.980 -0.0054
 4174.000  0.0049
 4174.020  0.0120
 4174.040  0.0121
 4174.060  0.0079
 4174.080  0.0034
 4174.100  0.0001
 4174.120 -0.0013
 4174.140  0.0001
 4174.160  0.0029
 4174.180  0.0028
 4174.200 -0.0014
 4174.220 -0.0066
 4174.240 -0.0084
 4174.260 -0.0056
 4174.280 -0.0015
 4174.300  0.0001
 4174.320 -0.0011
 4174.340 -0.0028
 4174.360 -0.0047
 4174.380 -0.0074
 4174.400 -0.0093
 4174.420 -0.0079
 4174.440 -0.0036
 4174.460  0.0000
 4174.480 -0.0014
 4174.500 -0.0066
 4174.520 -0.0090
 4174.540 -0.0052
 4174.560  0.0015
 4174.580  0.0071
 4174.600  0.0099
 4174.620  0.0105
 4174.640  0.0093
 4174.660  0.0069
 4174.680  0.0035
 4174.700 -0.0006
 4174.720 -0.0040
 4174.740 -0.0050
 4174.760 -0.0024
 4174.780  0.0026
 4174.800  0.0064
 4174.820  0.0053
 4174.840 -0.0003
 4174.860 -0.0049
 4174.880 -0.0051
 4174.900 -0.0038
 4174.920 -0.0042
 4174.940 -0.0049
 4174.960 -0.0024
 4174.980  0.0037
 4175.000  0.0098
 4175.020  0.0114
 4175.040  0.0083
 4175.060  0.0041
 4175.080  0.0020
 4175.100  0.0019
 4175.120  0.0022
 4175.140  0.0026
 4175.160  0.0056
 4175.180  0.0111
 4175.200  0.0140
 4175.220  0.0107
 4175.240  0.0051
 4175.260  0.0029
 4175.280  0.0056
 4175.300  0.0086
 4175.320  0.0052
 4175.340 -0.0038
 4175.360 -0.0097
 4175.380 -0.0078
 4175.400 -0.0033
 4175.420 -0.0018
 4175.440 -0.0027
 4175.460 -0.0024
 4175.480  0.0006
 4175.500  0.0033
 4175.520  0.0019
 4175.540 -0.0028
 4175.560 -0.0062
 4175.580 -0.0049
 4175.600  0.0010
 4175.620  0.0088
 4175.640  0.0151
 4175.660  0.0169
 4175.680  0.0128
 4175.700  0.0046
 4175.720 -0.0038
 4175.740 -0.0095
 4175.760 -0.0105
 4175.780 -0.0061
 4175.800  0.0018
 4175.820  0.0091
 4175.840  0.0138
 4175.860  0.0160
 4175.880  0.0147
 4175.900  0.0085
 4175.920 -0.0009
 4175.940 -0.0083
 4175.960 -0.0100
 4175.980 -0.0061
 4176.000 -0.0006
 4176.020  0.0028
 4176.040  0.0041
 4176.060  0.0050
 4176.080  0.0059
 4176.100  0.0049
 4176.120  0.0005
 4176.140 -0.0055
 4176.160 -0.0082
 4176.180 -0.0054
 4176.200 -0.0011
 4176.220 -0.0006
 4176.240 -0.0048
 4176.260 -0.0101
 4176.280 -0.0115
 4176.300 -0.0084
 4176.320 -0.0037
 4176.340  0.0003
 4176.360  0.0033
 4176.380  0.0037
 4176.400  0.0014
 4176.420  0.0005
 4176.440  0.0035
 4176.460  0.0056
 4176.480  0.0018
 4176.500 -0.0053
 4176.520 -0.0091
 4176.540 -0.0065
 4176.560 -0.0003
 4176.580  0.0034
 4176.600  0.0008
 4176.620 -0.0064
 4176.640 -0.0124
 4176.660 -0.0138
 4176.680 -0.0112
 4176.700 -0.0073
 4176.720 -0.0037
 4176.740 -0.0008
 4176.760  0.0019
 4176.780  0.0040
 4176.800  0.0037
 4176.820  0.0003
 4176.840 -0.0022
 4176.860  0.0000
 4176.880  0.0049
 4176.900  0.0074
 4176.920  0.0061
 4176.940  0.0027
 4176.960 -0.0001
 4176.980 -0.0004
 4177.000  0.0017
 4177.020  0.0051
 4177.040  0.0081
 4177.060  0.0095
 4177.080  0.0094
 4177.100  0.0090
 4177.120  0.0093
 4177.140  0.0091
 4177.160  0.0064
 4177.180  0.0013
 4177.200 -0.0044
 4177.220 -0.0086
 4177.240 -0.0100
 4177.260 -0.0079
 4177.280 -0.0033
 4177.300  0.0009
 4177.320  0.0023
 4177.340  0.0009
 4177.360 -0.0021
 4177.380 -0.0059
 4177.400 -0.0092
 4177.420 -0.0098
 4177.440 -0.0077
 4177.460 -0.0055
 4177.480 -0.0041
 4177.500 -0.0016
 4177.520  0.0028
 4177.540  0.0070
 4177.560  0.0089
 4177.580  0.0079
 4177.600  0.0052
 4177.620  0.0023
 4177.640 -0.0001
 4177.660 -0.0012
 4177.680 -0.0001
 4177.700  0.0019
 4177.720  0.0004
 4177.740 -0.0061
 4177.760 -0.0118
 4177.780 -0.0112
 4177.800 -0.0059
 4177.820  0.0000
 4177.840  0.0048
 4177.860  0.0077
 4177.880  0.0066
 4177.900  0.0019
 4177.920 -0.0019
 4177.940 -0.0010
 4177.960  0.0051
 4177.980  0.0124
 4178.000  0.0169
 4178.020  0.0182
 4178.040  0.0181
 4178.060  0.0162
 4178.080  0.0109
 4178.100  0.0037
 4178.120 -0.0014
 4178.140 -0.0022
 4178.160  0.0008
 4178.180  0.0056
 4178.200  0.0099
 4178.220  0.0118
 4178.240  0.0112
 4178.260  0.0102
 4178.280  0.0097
 4178.300  0.0088
 4178.320  0.0065
 4178.340  0.0038
 4178.360  0.0019
 4178.380  0.0006
 4178.400 -0.0008
 4178.420 -0.0021
 4178.440 -0.0020
 4178.460  0.0011
 4178.480  0.0070
 4178.500  0.0130
 4178.520  0.0156
 4178.540  0.0126
 4178.560  0.0055
 4178.580 -0.0014
 4178.600 -0.0045
 4178.620 -0.0028
 4178.640  0.0019
 4178.660  0.0059
 4178.680  0.0069
 4178.700  0.0051
 4178.720  0.0028
 4178.740  0.0011
 4178.760 -0.0004
 4178.780 -0.0013
 4178.800 -0.0006
 4178.820  0.0011
 4178.840  0.0009
 4178.860 -0.0022
 4178.880 -0.0057
 4178.900 -0.0053
 4178.920  0.0002
 4178.940  0.0055
 4178.960  0.0059
 4178.980  0.0036
 4179.000  0.0029
 4179.020  0.0042
 4179.040  0.0046
 4179.060  0.0029
 4179.080  0.0000
 4179.100 -0.0025
 4179.120 -0.0029
 4179.140 -0.0007
 4179.160  0.0028
 4179.180  0.0053
 4179.200  0.0055
 4179.220  0.0045
 4179.240  0.0047
 4179.260  0.0064
 4179.280  0.0067
 4179.300  0.0031
 4179.320 -0.0006
 4179.340  0.0004
 4179.360  0.0045
 4179.380  0.0068
 4179.400  0.0061
 4179.420  0.0040
 4179.440  0.0011
 4179.460 -0.0031
 4179.480 -0.0079
 4179.500 -0.0111
 4179.520 -0.0102
 4179.540 -0.0047
 4179.560  0.0029
 4179.580  0.0091
 4179.600  0.0111
 4179.620  0.0088
 4179.640  0.0043
 4179.660  0.0007
 4179.680 -0.0004
 4179.700 -0.0006
 4179.720 -0.0022
 4179.740 -0.0045
 4179.760 -0.0050
 4179.780 -0.0031
 4179.800  0.0000
 4179.820  0.0031
 4179.840  0.0051
 4179.860  0.0047
 4179.880  0.0024
 4179.900  0.0014
 4179.920  0.0031
 4179.940  0.0053
 4179.960  0.0045
 4179.980  0.0000
 4180.000 -0.0054
 4180.020 -0.0074
 4180.040 -0.0038
 4180.060  0.0029
 4180.080  0.0080
 4180.100  0.0086
 4180.120  0.0060
 4180.140  0.0038
 4180.160  0.0033
 4180.180  0.0031
 4180.200  0.0017
 4180.220 -0.0001
 4180.240  0.0002
 4180.260  0.0032
 4180.280  0.0060
 4180.300  0.0061
 4180.320  0.0049
 4180.340  0.0040
 4180.360  0.0023
 4180.380  0.0008
 4180.400  0.0027
 4180.420  0.0078
 4180.440  0.0115
 4180.460  0.0118
 4180.480  0.0104
 4180.500  0.0094
 4180.520  0.0080
 4180.540  0.0039
 4180.560 -0.0024
 4180.580 -0.0057
 4180.600 -0.0017
 4180.620  0.0062
 4180.640  0.0114
 4180.660  0.0121
 4180.680  0.0096
 4180.700  0.0054
 4180.720  0.0014
 4180.740  0.0005
 4180.760  0.0029
 4180.780  0.0054
 4180.800  0.0048
 4180.820  0.0019
 4180.840 -0.0006
 4180.860 -0.0003
 4180.880  0.0028
 4180.900  0.0071
 4180.920  0.0101
 4180.940  0.0099
 4180.960  0.0062
 4180.980  0.0011
 4181.000 -0.0016
 4181.020  0.0001
 4181.040  0.0041
 4181.060  0.0069
 4181.080  0.0075
 4181.100  0.0061
 4181.120  0.0022
 4181.140 -0.0020
 4181.160 -0.0008
 4181.180  0.0079
 4181.200  0.0177
 4181.220  0.0197
 4181.240  0.0102
 4181.260 -0.0045
 4181.280 -0.0126
 4181.300 -0.0092
 4181.320 -0.0009
 4181.340  0.0034
 4181.360  0.0020
 4181.380  0.0006
 4181.400  0.0027
 4181.420  0.0054
 4181.440  0.0046
 4181.460 -0.0007
 4181.480 -0.0081
 4181.500 -0.0133
 4181.520 -0.0128
 4181.540 -0.0073
 4181.560 -0.0005
 4181.580  0.0033
 4181.600  0.0048
 4181.620  0.0086
 4181.640  0.0167
 4181.660  0.0250
 4181.680  0.0280
 4181.700  0.0237
 4181.720  0.0138
 4181.740  0.0035
 4181.760  0.0001
 4181.780  0.0085
 4181.800  0.0235
 4181.820  0.0319
 4181.840  0.0268
 4181.860  0.0146
 4181.880  0.0054
 4181.900  0.0024
 4181.920  0.0022
 4181.940  0.0015
 4181.960  0.0014
 4181.980  0.0033
 4182.000  0.0060
 4182.020  0.0081
 4182.040  0.0097
 4182.060  0.0111
 4182.080  0.0117
 4182.100  0.0116
 4182.120  0.0120
 4182.140  0.0128
 4182.160  0.0119
 4182.180  0.0077
 4182.200  0.0011
 4182.220 -0.0036
 4182.240 -0.0031
 4182.260  0.0009
 4182.280  0.0045
 4182.300  0.0071
 4182.320  0.0095
 4182.340  0.0102
 4182.360  0.0073
 4182.380  0.0015
 4182.400 -0.0044
 4182.420 -0.0076
 4182.440 -0.0061
 4182.460 -0.0007
 4182.480  0.0054
 4182.500  0.0080
 4182.520  0.0056
 4182.540  0.0004
 4182.560 -0.0028
 4182.580 -0.0011
 4182.600  0.0042
 4182.620  0.0085
 4182.640  0.0087
 4182.660  0.0054
 4182.680  0.0031
 4182.700  0.0049
 4182.720  0.0084
 4182.740  0.0088
 4182.760  0.0041
 4182.780 -0.0026
 4182.800 -0.0055
 4182.820 -0.0028
 4182.840  0.0009
 4182.860  0.0017
 4182.880  0.0006
 4182.900  0.0005
 4182.920  0.0019
 4182.940  0.0021
 4182.960 -0.0001
 4182.980 -0.0026
 4183.000 -0.0016
 4183.020  0.0024
 4183.040  0.0050
 4183.060  0.0032
 4183.080 -0.0014
 4183.100 -0.0052
 4183.120 -0.0059
 4183.140 -0.0051
 4183.160 -0.0048
 4183.180 -0.0037
 4183.200 -0.0004
 4183.220  0.0031
 4183.240  0.0040
 4183.260  0.0019
 4183.280 -0.0017
 4183.300 -0.0044
 4183.320 -0.0042
 4183.340 -0.0006
 4183.360  0.0043
 4183.380  0.0071
 4183.400  0.0056
 4183.420  0.0008
 4183.440 -0.0035
 4183.460 -0.0040
 4183.480 -0.0014
 4183.500  0.0021
 4183.520  0.0059
 4183.540  0.0092
 4183.560  0.0085
 4183.580  0.0022
 4183.600 -0.0054
 4183.620 -0.0090
 4183.640 -0.0079
 4183.660 -0.0045
 4183.680 -0.0013
 4183.700  0.0004
 4183.720 -0.0001
 4183.740 -0.0026
 4183.760 -0.0055
 4183.780 -0.0051
 4183.800  0.0009
 4183.820  0.0072
 4183.840  0.0064
 4183.860  0.0013
 4183.880 -0.0003
 4183.900  0.0032
 4183.920  0.0075
 4183.940  0.0100
 4183.960  0.0099
 4183.980  0.0066
 4184.000  0.0006
 4184.020 -0.0060
 4184.040 -0.0103
 4184.060 -0.0105
 4184.080 -0.0065
 4184.100  0.0000
 4184.120  0.0062
 4184.140  0.0093
 4184.160  0.0082
 4184.180  0.0038
 4184.200 -0.0016
 4184.220 -0.0052
 4184.240 -0.0049
 4184.260 -0.0008
 4184.280  0.0036
 4184.300  0.0043
 4184.320  0.0004
 4184.340 -0.0052
 4184.360 -0.0079
 4184.380 -0.0052
 4184.400 -0.0002
 4184.420  0.0034
 4184.440  0.0060
 4184.460  0.0081
 4184.480  0.0061
 4184.500  0.0001
 4184.520 -0.0028
 4184.540  0.0016
 4184.560  0.0078
 4184.580  0.0089
 4184.600  0.0047
 4184.620  0.0003
 4184.640 -0.0008
 4184.660  0.0000
 4184.680 -0.0006
 4184.700 -0.0019
 4184.720 -0.0006
 4184.740  0.0036
 4184.760  0.0076
 4184.780  0.0091
 4184.800  0.0084
 4184.820  0.0066
 4184.840  0.0038
 4184.860 -0.0013
 4184.880 -0.0090
 4184.900 -0.0168
 4184.920 -0.0204
 4184.940 -0.0179
 4184.960 -0.0112
 4184.980 -0.0047
 4185.000 -0.0013
 4185.020 -0.0002
 4185.040  0.0009
 4185.060  0.0034
 4185.080  0.0068
 4185.100  0.0091
 4185.120  0.0083
 4185.140  0.0049
 4185.160  0.0032
 4185.180  0.0061
 4185.200  0.0105
 4185.220  0.0110
 4185.240  0.0066
 4185.260  0.0011
 4185.280 -0.0012
 4185.300 -0.0003
 4185.320  0.0000
 4185.340 -0.0022
 4185.360 -0.0041
 4185.380 -0.0030
 4185.400 -0.0001
 4185.420  0.0031
 4185.440  0.0065
 4185.460  0.0091
 4185.480  0.0090
 4185.500  0.0060
 4185.520  0.0019
 4185.540 -0.0015
 4185.560 -0.0041
 4185.580 -0.0069
 4185.600 -0.0100
 4185.620 -0.0110
 4185.640 -0.0079
 4185.660 -0.0019
 4185.680  0.0038
 4185.700  0.0069
 4185.720  0.0073
 4185.740  0.0063
 4185.760  0.0047
 4185.780  0.0016
 4185.800 -0.0028
 4185.820 -0.0066
 4185.840 -0.0066
 4185.860 -0.0015
 4185.880  0.0061
 4185.900  0.0117
 4185.920  0.0125
 4185.940  0.0092
 4185.960  0.0037
 4185.980 -0.0016
 4186.000 -0.0037
 4186.020 -0.0015
 4186.040  0.0033
 4186.060  0.0073
 4186.080  0.0089
 4186.100  0.0080
 4186.120  0.0056
 4186.140  0.0040
 4186.160  0.0056
 4186.180  0.0102
 4186.200  0.0146
 4186.220  0.0147
 4186.240  0.0098
 4186.260  0.0032
 4186.280 -0.0004
 4186.300  0.0001
 4186.320  0.0023
 4186.340  0.0036
 4186.360  0.0037
 4186.380  0.0034
 4186.400  0.0031
 4186.420  0.0026
 4186.440  0.0016
 4186.460  0.0008
 4186.480  0.0009
 4186.500  0.0013
 4186.520  0.0011
 4186.540  0.0007
 4186.560  0.0016
 4186.580  0.0050
 4186.600  0.0084
 4186.620  0.0072
 4186.640  0.0017
 4186.660 -0.0023
 4186.680 -0.0019
 4186.700 -0.0001
 4186.720  0.0002
 4186.740 -0.0002
 4186.760  0.0009
 4186.780  0.0041
 4186.800  0.0066
 4186.820  0.0059
 4186.840  0.0035
 4186.860  0.0018
 4186.880  0.0006
 4186.900 -0.0006
 4186.920  0.0004
 4186.940  0.0046
 4186.960  0.0082
 4186.980  0.0075
 4187.000  0.0041
 4187.020  0.0012
 4187.040  0.0007
 4187.060  0.0025
 4187.080  0.0054
 4187.100  0.0076
 4187.120  0.0071
 4187.140  0.0048
 4187.160  0.0035
 4187.180  0.0047
 4187.200  0.0071
 4187.220  0.0108
 4187.240  0.0238
 4187.260  0.0555
 4187.280  0.0893
 4187.300  0.0771
 4187.320  0.0085
 4187.340 -0.0490
 4187.360 -0.0448
 4187.380 -0.0118
 4187.400  0.0082
 4187.420  0.0148
 4187.440  0.0163
 4187.460  0.0135
 4187.480  0.0077
 4187.500  0.0024
 4187.520  0.0009
 4187.540  0.0038
 4187.560  0.0085
 4187.580  0.0109
 4187.600  0.0092
 4187.620  0.0047
 4187.640  0.0006
 4187.660 -0.0006
 4187.680  0.0013
 4187.700  0.0042
 4187.720  0.0062
 4187.740  0.0063
 4187.760  0.0052
 4187.780  0.0035
 4187.800  0.0012
 4187.820 -0.0015
 4187.840 -0.0030
 4187.860 -0.0027
 4187.880 -0.0020
 4187.900 -0.0006
 4187.920  0.0026
 4187.940  0.0055
 4187.960  0.0046
 4187.980  0.0015
 4188.000  0.0012
 4188.020  0.0048
 4188.040  0.0073
 4188.060  0.0048
 4188.080 -0.0014
 4188.100 -0.0051
 4188.120 -0.0027
 4188.140  0.0012
 4188.160  0.0012
 4188.180 -0.0009
 4188.200 -0.0009
 4188.220  0.0012
 4188.240  0.0032
 4188.260  0.0045
 4188.280  0.0054
 4188.300  0.0059
 4188.320  0.0061
 4188.340  0.0060
 4188.360  0.0052
 4188.380  0.0036
 4188.400  0.0030
 4188.420  0.0051
 4188.440  0.0093
 4188.460  0.0122
 4188.480  0.0097
 4188.500  0.0013
 4188.520 -0.0069
 4188.540 -0.0086
 4188.560 -0.0030
 4188.580  0.0061
 4188.600  0.0150
 4188.620  0.0203
 4188.640  0.0188
 4188.660  0.0107
 4188.680  0.0009
 4188.700 -0.0058
 4188.720 -0.0084
 4188.740 -0.0076
 4188.760 -0.0038
 4188.780  0.0020
 4188.800  0.0083
 4188.820  0.0137
 4188.840  0.0172
 4188.860  0.0185
 4188.880  0.0172
 4188.900  0.0127
 4188.920  0.0061
 4188.940  0.0008
 4188.960 -0.0006
 4188.980  0.0006
 4189.000  0.0020
 4189.020  0.0031
 4189.040  0.0051
 4189.060  0.0081
 4189.080  0.0102
 4189.100  0.0089
 4189.120  0.0045
 4189.140  0.0005
 4189.160 -0.0014
 4189.180 -0.0023
 4189.200 -0.0028
 4189.220 -0.0022
 4189.240 -0.0008
 4189.260 -0.0001
 4189.280 -0.0009
 4189.300 -0.0018
 4189.320 -0.0004
 4189.340  0.0029
 4189.360  0.0044
 4189.380  0.0019
 4189.400 -0.0015
 4189.420 -0.0014
 4189.440  0.0021
 4189.460  0.0047
 4189.480  0.0031
 4189.500 -0.0023
 4189.520 -0.0071
 4189.540 -0.0070
 4189.560 -0.0020
 4189.580  0.0040
 4189.600  0.0063
 4189.620  0.0037
 4189.640 -0.0006
 4189.660 -0.0026
 4189.680 -0.0014
 4189.700  0.0004
 4189.720 -0.0002
 4189.740 -0.0024
 4189.760 -0.0028
 4189.780 -0.0001
 4189.800  0.0048
 4189.820  0.0104
 4189.840  0.0154
 4189.860  0.0163
 4189.880  0.0085
 4189.900 -0.0062
 4189.920 -0.0175
 4189.940 -0.0172
 4189.960 -0.0076
 4189.980  0.0032
 4190.000  0.0092
 4190.020  0.0090
 4190.040  0.0055
 4190.060  0.0020
 4190.080 -0.0004
 4190.100 -0.0027
 4190.120 -0.0050
 4190.140 -0.0059
 4190.160 -0.0050
 4190.180 -0.0030
 4190.200  0.0003
 4190.220  0.0041
 4190.240  0.0065
 4190.260  0.0059
 4190.280  0.0037
 4190.300  0.0026
 4190.320  0.0040
 4190.340  0.0063
 4190.360  0.0064
 4190.380  0.0054
 4190.400  0.0087
 4190.420  0.0176
 4190.440  0.0247
 4190.460  0.0243
 4190.480  0.0196
 4190.500  0.0161
 4190.520  0.0134
 4190.540  0.0084
 4190.560  0.0016
 4190.580 -0.0024
 4190.600 -0.0003
 4190.620  0.0037
 4190.640  0.0044
 4190.660  0.0024
 4190.680  0.0016
 4190.700  0.0028
 4190.720  0.0042
 4190.740  0.0035
 4190.760 -0.0001
 4190.780 -0.0051
 4190.800 -0.0086
 4190.820 -0.0092
 4190.840 -0.0077
 4190.860 -0.0061
 4190.880 -0.0050
 4190.900 -0.0032
 4190.920  0.0000
 4190.940  0.0041
 4190.960  0.0069
 4190.980  0.0065
 4191.000  0.0031
 4191.020 -0.0022
 4191.040 -0.0080
 4191.060 -0.0123
 4191.080 -0.0114
 4191.100 -0.0053
 4191.120  0.0014
 4191.140  0.0041
 4191.160  0.0035
 4191.180  0.0028
 4191.200  0.0032
 4191.220  0.0039
 4191.240  0.0040
 4191.260  0.0039
 4191.280  0.0039
 4191.300  0.0045
 4191.320  0.0056
 4191.340  0.0068
 4191.360  0.0078
 4191.380  0.0085
 4191.400  0.0086
 4191.420  0.0083
 4191.440  0.0082
 4191.460  0.0089
 4191.480  0.0100
 4191.500  0.0105
 4191.520  0.0096
 4191.540  0.0086
 4191.560  0.0088
 4191.580  0.0094
 4191.600  0.0091
 4191.620  0.0072
 4191.640  0.0050
 4191.660  0.0040
 4191.680  0.0034
 4191.700  0.0019
 4191.720  0.0007
 4191.740  0.0022
 4191.760  0.0052
 4191.780  0.0060
 4191.800  0.0037
 4191.820  0.0007
 4191.840 -0.0009
 4191.860 -0.0016
 4191.880 -0.0032
 4191.900 -0.0057
 4191.920 -0.0068
 4191.940 -0.0055
 4191.960 -0.0038
 4191.980 -0.0039
 4192.000 -0.0045
 4192.020 -0.0033
 4192.040  0.0000
 4192.060  0.0048
 4192.080  0.0098
 4192.100  0.0122
 4192.120  0.0096
 4192.140  0.0041
 4192.160  0.0002
 4192.180 -0.0010
 4192.200 -0.0011
 4192.220 -0.0013
 4192.240 -0.0001
 4192.260  0.0037
 4192.280  0.0089
 4192.300  0.0114
 4192.320  0.0086
 4192.340  0.0024
 4192.360 -0.0038
 4192.380 -0.0085
 4192.400 -0.0106
 4192.420 -0.0089
 4192.440 -0.0048
 4192.460 -0.0013
 4192.480  0.0004
 4192.500  0.0026
 4192.520  0.0048
 4192.540  0.0039
 4192.560 -0.0007
 4192.580 -0.0053
 4192.600 -0.0058
 4192.620 -0.0015
 4192.640  0.0046
 4192.660  0.0094
 4192.680  0.0127
 4192.700  0.0146
 4192.720  0.0124
 4192.740  0.0050
 4192.760 -0.0030
 4192.780 -0.0058
 4192.800 -0.0023
 4192.820  0.0032
 4192.840  0.0050
 4192.860  0.0017
 4192.880 -0.0030
 4192.900 -0.0044
 4192.920 -0.0021
 4192.940  0.0006
 4192.960  0.0006
 4192.980 -0.0008
 4193.000 -0.0006
 4193.020  0.0011
 4193.040  0.0011
 4193.060 -0.0002
 4193.080 -0.0003
 4193.100  0.0011
 4193.120  0.0018
 4193.140  0.0003
 4193.160 -0.0017
 4193.180 -0.0009
 4193.200  0.0032
 4193.220  0.0063
 4193.240  0.0050
 4193.260  0.0005
 4193.280 -0.0048
 4193.300 -0.0101
 4193.320 -0.0134
 4193.340 -0.0117
 4193.360 -0.0054
 4193.380  0.0010
 4193.400  0.0044
 4193.420  0.0044
 4193.440  0.0022
 4193.460 -0.0013
 4193.480 -0.0050
 4193.500 -0.0070
 4193.520 -0.0053
 4193.540 -0.0003
 4193.560  0.0036
 4193.580  0.0031
 4193.600 -0.0003
 4193.620 -0.0033
 4193.640 -0.0053
 4193.660 -0.0066
 4193.680 -0.0064
 4193.700 -0.0047
 4193.720 -0.0033
 4193.740 -0.0036
 4193.760 -0.0050
 4193.780 -0.0056
 4193.800 -0.0043
 4193.820 -0.0026
 4193.840 -0.0028
 4193.860 -0.0049
 4193.880 -0.0064
 4193.900 -0.0049
 4193.920 -0.0010
 4193.940  0.0023
 4193.960  0.0031
 4193.980  0.0027
 4194.000  0.0029
 4194.020  0.0021
 4194.040 -0.0013
 4194.060 -0.0059
 4194.080 -0.0085
 4194.100 -0.0068
 4194.120 -0.0023
 4194.140  0.0009
 4194.160  0.0006
 4194.180 -0.0020
 4194.200 -0.0052
 4194.220 -0.0079
 4194.240 -0.0083
 4194.260 -0.0046
 4194.280  0.0016
 4194.300  0.0060
 4194.320  0.0045
 4194.340 -0.0031
 4194.360 -0.0125
 4194.380 -0.0178
 4194.400 -0.0223
 4194.420 -0.0448
 4194.440 -0.0991
 4194.460 -0.1553
 4194.480 -0.1538
 4194.500 -0.0832
 4194.520 -0.0122
 4194.540 -0.0079
 4194.560 -0.0592
 4194.580 -0.0983
 4194.600 -0.0822
 4194.620 -0.0404
 4194.640 -0.0191
 4194.660 -0.0170
 4194.680 -0.0146
 4194.700 -0.0107
 4194.720 -0.0098
 4194.740 -0.0092
 4194.760 -0.0046
 4194.780  0.0025
 4194.800  0.0067
 4194.820  0.0064
 4194.840  0.0036
 4194.860  0.0015
 4194.880  0.0018
 4194.900  0.0036
 4194.920  0.0047
 4194.940  0.0037
 4194.960  0.0000
 4194.980 -0.0052
 4195.000 -0.0085
 4195.020 -0.0071
 4195.040 -0.0025
 4195.060  0.0003
 4195.080 -0.0005
 4195.100 -0.0023
 4195.120 -0.0026
 4195.140 -0.0006
 4195.160  0.0033
 4195.180  0.0076
 4195.200  0.0103
 4195.220  0.0097
 4195.240  0.0056
 4195.260  0.0005
 4195.280 -0.0022
 4195.300 -0.0016
 4195.320 -0.0001
 4195.340  0.0000
 4195.360 -0.0002
 4195.380  0.0004
 4195.400  0.0011
 4195.420  0.0009
 4195.440 -0.0006
 4195.460 -0.0027
 4195.480 -0.0046
 4195.500 -0.0065
 4195.520 -0.0090
 4195.540 -0.0116
 4195.560 -0.0122
 4195.580 -0.0084
 4195.600  0.0092
 4195.620  0.0530
 4195.640  0.0984
 4195.660  0.0924
 4195.680  0.0233
 4195.700 -0.0714
 4195.720 -0.1487
 4195.740 -0.1720
 4195.760 -0.1291
 4195.780 -0.0582
 4195.800 -0.0121
 4195.820  0.0013
 4195.840  0.0037
 4195.860  0.0058
 4195.880  0.0069
 4195.900  0.0055
 4195.920  0.0034
 4195.940  0.0043
 4195.960  0.0079
 4195.980  0.0099
 4196.000  0.0087
 4196.020  0.0062
 4196.040  0.0040
 4196.060  0.0028
 4196.080  0.0035
 4196.100  0.0060
 4196.120  0.0085
 4196.140  0.0085
 4196.160  0.0056
 4196.180  0.0017
 4196.200 -0.0012
 4196.220 -0.0036
 4196.240 -0.0072
 4196.260 -0.0100
 4196.280 -0.0069
 4196.300  0.0016
 4196.320  0.0084
 4196.340  0.0090
 4196.360  0.0050
 4196.380  0.0010
 4196.400  0.0005
 4196.420  0.0028
 4196.440  0.0054
 4196.460  0.0072
 4196.480  0.0080
 4196.500  0.0064
 4196.520  0.0030
 4196.540  0.0017
 4196.560  0.0034
 4196.580  0.0048
 4196.600  0.0038
 4196.620  0.0033
 4196.640  0.0054
 4196.660  0.0076
 4196.680  0.0075
 4196.700  0.0055
 4196.720  0.0028
 4196.740  0.0010
 4196.760  0.0018
 4196.780  0.0061
 4196.800  0.0110
 4196.820  0.0129
 4196.840  0.0111
 4196.860  0.0085
 4196.880  0.0077
 4196.900  0.0079
 4196.920  0.0044
 4196.940 -0.0028
 4196.960 -0.0066
 4196.980 -0.0040
 4197.000 -0.0019
 4197.020 -0.0051
 4197.040 -0.0083
 4197.060 -0.0062
 4197.080 -0.0014
 4197.100 -0.0012
 4197.120 -0.0079
 4197.140 -0.0132
 4197.160 -0.0072
 4197.180  0.0075
 4197.200  0.0186
 4197.220  0.0179
 4197.240  0.0078
 4197.260 -0.0024
 4197.280 -0.0059
 4197.300 -0.0045
 4197.320 -0.0043
 4197.340 -0.0075
 4197.360 -0.0118
 4197.380 -0.0139
 4197.400 -0.0118
 4197.420 -0.0058
 4197.440  0.0024
 4197.460  0.0103
 4197.480  0.0146
 4197.500  0.0138
 4197.520  0.0111
 4197.540  0.0117
 4197.560  0.0155
 4197.580  0.0183
 4197.600  0.0187
 4197.620  0.0182
 4197.640  0.0155
 4197.660  0.0093
 4197.680  0.0047
 4197.700  0.0065
 4197.720  0.0123
 4197.740  0.0148
 4197.760  0.0112
 4197.780  0.0063
 4197.800  0.0078
 4197.820  0.0134
 4197.840  0.0114
 4197.860  0.0007
 4197.880 -0.0041
 4197.900  0.0035
 4197.920  0.0126
 4197.940  0.0126
 4197.960  0.0055
 4197.980  0.0002
 4198.000  0.0015
 4198.020  0.0052
 4198.040  0.0046
 4198.060  0.0003
 4198.080 -0.0029
 4198.100 -0.0037
 4198.120 -0.0038
 4198.140 -0.0029
 4198.160 -0.0002
 4198.180  0.0027
 4198.200  0.0041
 4198.220  0.0052
 4198.240  0.0066
 4198.260  0.0067
 4198.280  0.0053
 4198.300  0.0051
 4198.320  0.0061
 4198.340  0.0060
 4198.360  0.0044
 4198.380  0.0043
 4198.400  0.0076
 4198.420  0.0122
 4198.440  0.0142
 4198.460  0.0121
 4198.480  0.0100
 4198.500  0.0115
 4198.520  0.0136
 4198.540  0.0108
 4198.560  0.0035
 4198.580 -0.0028
 4198.600 -0.0030
 4198.620  0.0021
 4198.640  0.0065
 4198.660  0.0056
 4198.680  0.0008
 4198.700 -0.0026
 4198.720 -0.0013
 4198.740  0.0024
 4198.760  0.0040
 4198.780  0.0041
 4198.800  0.0074
 4198.820  0.0132
 4198.840  0.0152
 4198.860  0.0089
 4198.880 -0.0028
 4198.900 -0.0115
 4198.920 -0.0113
 4198.940 -0.0043
 4198.960  0.0030
 4198.980  0.0057
 4199.000  0.0033
 4199.020 -0.0019
 4199.040 -0.0052
 4199.060 -0.0027
 4199.080  0.0051
 4199.100  0.0119
 4199.120  0.0119
 4199.140  0.0049
 4199.160 -0.0027
 4199.180 -0.0045
 4199.200  0.0004
 4199.220  0.0069
 4199.240  0.0102
 4199.260  0.0098
 4199.280  0.0076
 4199.300  0.0049
 4199.320  0.0008
 4199.340 -0.0043
 4199.360 -0.0061
 4199.380 -0.0013
 4199.400  0.0068
 4199.420  0.0123
 4199.440  0.0127
 4199.460  0.0093
 4199.480  0.0044
 4199.500 -0.0001
 4199.520 -0.0036
 4199.540 -0.0056
 4199.560 -0.0054
 4199.580 -0.0035
 4199.600 -0.0014
 4199.620 -0.0010
 4199.640 -0.0029
 4199.660 -0.0060
 4199.680 -0.0080
 4199.700 -0.0068
 4199.720 -0.0017
 4199.740  0.0055
 4199.760  0.0115
 4199.780  0.0138
 4199.800  0.0110
 4199.820  0.0032
 4199.840 -0.0059
 4199.860 -0.0104
 4199.880 -0.0083
 4199.900 -0.0042
 4199.920 -0.0033
 4199.940 -0.0052
 4199.960 -0.0066
 4199.980 -0.0053
 4200.000 -0.0015
 4200.020  0.0025
 4200.040  0.0043
 4200.060  0.0025
 4200.080 -0.0022
 4200.100 -0.0070
 4200.120 -0.0085
 4200.140 -0.0061
 4200.160 -0.0041
 4200.180 -0.0061
 4200.200 -0.0082
 4200.220 -0.0057
 4200.240 -0.0021
 4200.260 -0.0027
 4200.280 -0.0064
 4200.300 -0.0082
 4200.320 -0.0058
 4200.340 -0.0005
 4200.360  0.0038
 4200.380  0.0050
 4200.400  0.0038
 4200.420  0.0017
 4200.440 -0.0006
 4200.460 -0.0019
 4200.480 -0.0016
 4200.500 -0.0016
 4200.520 -0.0036
 4200.540 -0.0059
 4200.560 -0.0051
 4200.580 -0.0001
 4200.600  0.0060
 4200.620  0.0092
 4200.640  0.0080
 4200.660  0.0045
 4200.680  0.0020
 4200.700  0.0026
 4200.720  0.0058
 4200.740  0.0102
 4200.760  0.0137
 4200.780  0.0133
 4200.800  0.0043
 4200.820 -0.0107
 4200.840 -0.0203
 4200.860 -0.0176
 4200.880 -0.0090
 4200.900 -0.0030
 4200.920 -0.0016
 4200.940 -0.0021
 4200.960 -0.0022
 4200.980 -0.0021
 4201.000 -0.0031
 4201.020 -0.0050
 4201.040 -0.0046
 4201.060 -0.0013
 4201.080 -0.0001
 4201.100 -0.0038
 4201.120 -0.0075
 4201.140 -0.0058
 4201.160  0.0001
 4201.180  0.0055
 4201.200  0.0076
 4201.220  0.0079
 4201.240  0.0088
 4201.260  0.0093
 4201.280  0.0057
 4201.300 -0.0014
 4201.320 -0.0064
 4201.340 -0.0040
 4201.360  0.0051
 4201.380  0.0134
 4201.400  0.0130
 4201.420  0.0062
 4201.440  0.0017
 4201.460  0.0020
 4201.480  0.0032
 4201.500  0.0022
 4201.520 -0.0006
 4201.540 -0.0019
 4201.560 -0.0008
 4201.580 -0.0002
 4201.600 -0.0020
 4201.620 -0.0040
 4201.640 -0.0041
 4201.660 -0.0033
 4201.680 -0.0033
 4201.700 -0.0042
 4201.720 -0.0046
 4201.740 -0.0028
 4201.760  0.0016
 4201.780  0.0078
 4201.800  0.0145
 4201.820  0.0189
 4201.840  0.0170
 4201.860  0.0091
 4201.880  0.0014
 4201.900 -0.0024
 4201.920 -0.0051
 4201.940 -0.0084
 4201.960 -0.0088
 4201.980 -0.0039
 4202.000  0.0026
 4202.020  0.0049
 4202.040  0.0013
 4202.060 -0.0045
 4202.080 -0.0067
 4202.100 -0.0036
 4202.120  0.0017
 4202.140  0.0066
 4202.160  0.0113
 4202.180  0.0155
 4202.200  0.0174
 4202.220  0.0147
 4202.240  0.0077
 4202.260  0.0001
 4202.280 -0.0040
 4202.300 -0.0052
 4202.320 -0.0055
 4202.340 -0.0045
 4202.360 -0.0012
 4202.380  0.0030
 4202.400  0.0047
 4202.420  0.0018
 4202.440 -0.0038
 4202.460 -0.0074
 4202.480 -0.0070
 4202.500 -0.0052
 4202.520 -0.0030
 4202.540  0.0011
 4202.560  0.0068
 4202.580  0.0104
 4202.600  0.0085
 4202.620  0.0020
 4202.640 -0.0033
 4202.660 -0.0031
 4202.680  0.0000
 4202.700  0.0012
 4202.720  0.0005
 4202.740  0.0012
 4202.760  0.0040
 4202.780  0.0073
 4202.800  0.0096
 4202.820  0.0101
 4202.840  0.0086
 4202.860  0.0049
 4202.880  0.0002
 4202.900 -0.0022
 4202.920  0.0008
 4202.940  0.0071
 4202.960  0.0103
 4202.980  0.0000
 4203.000  0.0000
