           0.97  
           1.23
 4772.000  0.5341
 4772.020  0.5510
 4772.040  0.6193
 4772.060  0.6885
 4772.080  0.7590
 4772.100  0.8101
 4772.120  0.8277
 4772.140  0.8097
 4772.160  0.7644
 4772.180  0.7070
 4772.200  0.6546
 4772.220  0.6165
 4772.240  0.5901
 4772.260  0.5720
 4772.280  0.5680
 4772.300  0.5882
 4772.320  0.6348
 4772.340  0.6995
 4772.360  0.7707
 4772.380  0.8392
 4772.400  0.8931
 4772.420  0.9194
 4772.440  0.9159
 4772.460  0.8917
 4772.480  0.8597
 4772.500  0.8282
 4772.520  0.7970
 4772.540  0.7613
 4772.560  0.7207
 4772.580  0.6801
 4772.600  0.6462
 4772.620  0.6256
 4772.640  0.6232
 4772.660  0.6393
 4772.680  0.6689
 4772.700  0.7022
 4772.720  0.7295
 4772.740  0.7474
 4772.760  0.7594
 4772.780  0.7684
 4772.800  0.7725
 4772.820  0.7714
 4772.840  0.7708
 4772.860  0.7805
 4772.880  0.8053
 4772.900  0.8390
 4772.920  0.8696
 4772.940  0.8884
 4772.960  0.8945
 4772.980  0.8946
 4773.000  0.8945
 4773.020  0.8901
 4773.040  0.8734
 4773.060  0.8418
 4773.080  0.7954
 4773.100  0.7382
 4773.120  0.6791
 4773.140  0.6267
 4773.160  0.5846
 4773.180  0.5532
 4773.200  0.5324
 4773.220  0.5233
 4773.240  0.5287
 4773.260  0.5492
 4773.280  0.5802
 4773.300  0.6124
 4773.320  0.6390
 4773.340  0.6558
 4773.360  0.6600
 4773.380  0.6491
 4773.400  0.6217
 4773.420  0.5802
 4773.440  0.5351
 4773.460  0.4984
 4773.480  0.4762
 4773.500  0.4692
 4773.520  0.4783
 4773.540  0.5051
 4773.560  0.5488
 4773.580  0.6049
 4773.600  0.6661
 4773.620  0.7220
 4773.640  0.7615
 4773.660  0.7772
 4773.680  0.7667
 4773.700  0.7341
 4773.720  0.6904
 4773.740  0.6510
 4773.760  0.6298
 4773.780  0.6326
 4773.800  0.6594
 4773.820  0.7076
 4773.840  0.7701
 4773.860  0.8354
 4773.880  0.8914
 4773.900  0.9283
 4773.920  0.9420
 4773.940  0.9373
 4773.960  0.9219
 4773.980  0.8971
 4774.000  0.8618
 4774.020  0.8199
 4774.040  0.7801
 4774.060  0.7509
 4774.080  0.7376
 4774.100  0.7390
 4774.120  0.7492
 4774.140  0.7593
 4774.160  0.7585
 4774.180  0.7372
 4774.200  0.6908
 4774.220  0.6208
 4774.240  0.5355
 4774.260  0.4486
 4774.280  0.3751
 4774.300  0.3243
 4774.320  0.2965
 4774.340  0.2877
 4774.360  0.2968
 4774.380  0.3246
 4774.400  0.3696
 4774.420  0.4273
 4774.440  0.4917
 4774.460  0.5586
 4774.480  0.6259
 4774.500  0.6917
 4774.520  0.7504
 4774.540  0.7916
 4774.560  0.8076
 4774.580  0.7983
 4774.600  0.7706
 4774.620  0.7350
 4774.640  0.7042
 4774.660  0.6879
 4774.680  0.6897
 4774.700  0.7072
 4774.720  0.7372
 4774.740  0.7800
 4774.760  0.8336
 4774.780  0.8876
 4774.800  0.9274
 4774.820  0.9415
 4774.840  0.9223
 4774.860  0.8692
 4774.880  0.7893
 4774.900  0.6967
 4774.920  0.6116
 4774.940  0.5558
 4774.960  0.5407
 4774.980  0.5635
 4775.000  0.6127
 4775.020  0.6721
 4775.040  0.7241
 4775.060  0.7540
 4775.080  0.7566
 4775.100  0.7403
 4775.120  0.7239
 4775.140  0.7227
 4775.160  0.7366
 4775.180  0.7530
 4775.200  0.7585
 4775.220  0.7482
 4775.240  0.7273
 4775.260  0.7081
 4775.280  0.7008
 4775.300  0.7062
 4775.320  0.7201
 4775.340  0.7421
 4775.360  0.7734
 4775.380  0.8116
 4775.400  0.8511
 4775.420  0.8847
 4775.440  0.9076
 4775.460  0.9197
 4775.480  0.9226
 4775.500  0.9155
 4775.520  0.8966
 4775.540  0.8648
 4775.560  0.8165
 4775.580  0.7455
 4775.600  0.6510
 4775.620  0.5471
 4775.640  0.4565
 4775.660  0.3943
 4775.680  0.3665
 4775.700  0.3758
 4775.720  0.4217
 4775.740  0.4989
 4775.760  0.5991
 4775.780  0.6992
 4775.800  0.7569
 4775.820  0.7588
 4775.840  0.7445
 4775.860  0.7381
 4775.880  0.7228
 4775.900  0.6949
 4775.920  0.6714
 4775.940  0.6650
 4775.960  0.6808
 4775.980  0.7159
 4776.000  0.7569
 4776.020  0.7902
 4776.040  0.8108
 4776.060  0.8192
 4776.080  0.8156
 4776.100  0.7995
 4776.120  0.7744
 4776.140  0.7486
 4776.160  0.7319
 4776.180  0.7300
 4776.200  0.7430
 4776.220  0.7654
 4776.240  0.7882
 4776.260  0.8044
 4776.280  0.8130
 4776.300  0.8176
 4776.320  0.8227
 4776.340  0.8295
 4776.360  0.8343
 4776.380  0.8289
 4776.400  0.8096
 4776.420  0.7822
 4776.440  0.7571
 4776.460  0.7466
 4776.480  0.7581
 4776.500  0.7862
 4776.520  0.8207
 4776.540  0.8569
 4776.560  0.8916
 4776.580  0.9191
 4776.600  0.9382
 4776.620  0.9522
 4776.640  0.9598
 4776.660  0.9538
 4776.680  0.9295
 4776.700  0.8904
 4776.720  0.8444
 4776.740  0.7993
 4776.760  0.7594
 4776.780  0.7262
 4776.800  0.7003
 4776.820  0.6844
 4776.840  0.6818
 4776.860  0.6935
 4776.880  0.7173
 4776.900  0.7489
 4776.920  0.7848
 4776.940  0.8214
 4776.960  0.8539
 4776.980  0.8773
 4777.000  0.8890
 4777.020  0.8888
 4777.040  0.8797
 4777.060  0.8672
 4777.080  0.8583
 4777.100  0.8575
 4777.120  0.8608
 4777.140  0.8583
 4777.160  0.8483
 4777.180  0.8408
 4777.200  0.8415
 4777.220  0.8489
 4777.240  0.8586
 4777.260  0.8575
 4777.280  0.8318
 4777.300  0.7865
 4777.320  0.7382
 4777.340  0.6991
 4777.360  0.6779
 4777.380  0.6806
 4777.400  0.7045
 4777.420  0.7395
 4777.440  0.7759
 4777.460  0.8090
 4777.480  0.8359
 4777.500  0.8550
 4777.520  0.8646
 4777.540  0.8633
 4777.560  0.8513
 4777.580  0.8322
 4777.600  0.8146
 4777.620  0.8065
 4777.640  0.8081
 4777.660  0.8148
 4777.680  0.8253
 4777.700  0.8389
 4777.720  0.8497
 4777.740  0.8471
 4777.760  0.8224
 4777.780  0.7776
 4777.800  0.7253
 4777.820  0.6777
 4777.840  0.6392
 4777.860  0.6127
 4777.880  0.6027
 4777.900  0.6093
 4777.920  0.6293
 4777.940  0.6610
 4777.960  0.7033
 4777.980  0.7514
 4778.000  0.7938
 4778.020  0.8175
 4778.040  0.8171
 4778.060  0.7960
 4778.080  0.7589
 4778.100  0.7120
 4778.120  0.6657
 4778.140  0.6274
 4778.160  0.5995
 4778.180  0.5860
 4778.200  0.5908
 4778.220  0.6122
 4778.240  0.6451
 4778.260  0.6831
 4778.280  0.7197
 4778.300  0.7476
 4778.320  0.7596
 4778.340  0.7509
 4778.360  0.7223
 4778.380  0.6794
 4778.400  0.6290
 4778.420  0.5781
 4778.440  0.5382
 4778.460  0.5223
 4778.480  0.5366
 4778.500  0.5767
 4778.520  0.6320
 4778.540  0.6908
 4778.560  0.7443
 4778.580  0.7867
 4778.600  0.8149
 4778.620  0.8267
 4778.640  0.8206
 4778.660  0.7968
 4778.680  0.7576
 4778.700  0.7109
 4778.720  0.6699
 4778.740  0.6471
 4778.760  0.6463
 4778.780  0.6582
 4778.800  0.6665
 4778.820  0.6602
 4778.840  0.6408
 4778.860  0.6192
 4778.880  0.6036
 4778.900  0.5933
 4778.920  0.5826
 4778.940  0.5675
 4778.960  0.5483
 4778.980  0.5328
 4779.000  0.5330
 4779.020  0.5556
 4779.040  0.5963
 4779.060  0.6468
 4779.080  0.7019
 4779.100  0.7555
 4779.120  0.7951
 4779.140  0.8141
 4779.160  0.8194
 4779.180  0.8186
 4779.200  0.8128
 4779.220  0.8018
 4779.240  0.7867
 4779.260  0.7707
 4779.280  0.7581
 4779.300  0.7509
 4779.320  0.7485
 4779.340  0.7512
 4779.360  0.7598
 4779.380  0.7702
 4779.400  0.7729
 4779.420  0.7619
 4779.440  0.7433
 4779.460  0.7324
 4779.480  0.7398
 4779.500  0.7596
 4779.520  0.7748
 4779.540  0.7698
 4779.560  0.7391
 4779.580  0.6898
 4779.600  0.6382
 4779.620  0.6010
 4779.640  0.5887
 4779.660  0.6034
 4779.680  0.6427
 4779.700  0.7019
 4779.720  0.7723
 4779.740  0.8401
 4779.760  0.8930
 4779.780  0.9255
 4779.800  0.9395
 4779.820  0.9392
 4779.840  0.9238
 4779.860  0.8902
 4779.880  0.8432
 4779.900  0.7962
 4779.920  0.7620
 4779.940  0.7457
 4779.960  0.7462
 4779.980  0.7596
 4780.000  0.7786
 4780.020  0.7963
 4780.040  0.8112
 4780.060  0.8245
 4780.080  0.8361
 4780.100  0.8428
 4780.120  0.8392
 4780.140  0.8218
 4780.160  0.7936
 4780.180  0.7623
 4780.200  0.7366
 4780.220  0.7255
 4780.240  0.7332
 4780.260  0.7537
 4780.280  0.7749
 4780.300  0.7885
 4780.320  0.7900
 4780.340  0.7724
 4780.360  0.7308
 4780.380  0.6735
 4780.400  0.6199
 4780.420  0.5862
 4780.440  0.5777
 4780.460  0.5921
 4780.480  0.6262
 4780.500  0.6768
 4780.520  0.7394
 4780.540  0.8070
 4780.560  0.8712
 4780.580  0.9232
 4780.600  0.9529
 4780.620  0.9494
 4780.640  0.9083
 4780.660  0.8380
 4780.680  0.7558
 4780.700  0.6811
 4780.720  0.6268
 4780.740  0.5941
 4780.760  0.5761
 4780.780  0.5677
 4780.800  0.5710
 4780.820  0.5882
 4780.840  0.6166
 4780.860  0.6544
 4780.880  0.7005
 4780.900  0.7466
 4780.920  0.7803
 4780.940  0.7963
 4780.960  0.7987
 4780.980  0.7960
 4781.000  0.7963
 4781.020  0.8034
 4781.040  0.8133
 4781.060  0.8185
 4781.080  0.8184
 4781.100  0.8217
 4781.120  0.8384
 4781.140  0.8681
 4781.160  0.8995
 4781.180  0.9215
 4781.200  0.9319
 4781.220  0.9313
 4781.240  0.9187
 4781.260  0.8949
 4781.280  0.8625
 4781.300  0.8209
 4781.320  0.7677
 4781.340  0.7029
 4781.360  0.6317
 4781.380  0.5662
 4781.400  0.5233
 4781.420  0.5172
 4781.440  0.5486
 4781.460  0.6013
 4781.480  0.6563
 4781.500  0.7042
 4781.520  0.7419
 4781.540  0.7672
 4781.560  0.7797
 4781.580  0.7831
 4781.600  0.7828
 4781.620  0.7819
 4781.640  0.7796
 4781.660  0.7735
 4781.680  0.7665
 4781.700  0.7650
 4781.720  0.7701
 4781.740  0.7795
 4781.760  0.7935
 4781.780  0.8115
 4781.800  0.8254
 4781.820  0.8247
 4781.840  0.8047
 4781.860  0.7687
 4781.880  0.7246
 4781.900  0.6812
 4781.920  0.6450
 4781.940  0.6209
 4781.960  0.6114
 4781.980  0.6185
 4782.000  0.6429
 4782.020  0.6811
 4782.040  0.7263
 4782.060  0.7748
 4782.080  0.8242
 4782.100  0.8668
 4782.120  0.8921
 4782.140  0.8966
 4782.160  0.8851
 4782.180  0.8645
 4782.200  0.8379
 4782.220  0.8018
 4782.240  0.7504
 4782.260  0.6846
 4782.280  0.6132
 4782.300  0.5483
 4782.320  0.5032
 4782.340  0.4866
 4782.360  0.4975
 4782.380  0.5259
 4782.400  0.5615
 4782.420  0.5991
 4782.440  0.6357
 4782.460  0.6678
 4782.480  0.6926
 4782.500  0.7124
 4782.520  0.7374
 4782.540  0.7703
 4782.560  0.7947
 4782.580  0.7920
 4782.600  0.7576
 4782.620  0.6953
 4782.640  0.6191
 4782.660  0.5522
 4782.680  0.5081
 4782.700  0.4883
 4782.720  0.4952
 4782.740  0.5310
 4782.760  0.5897
 4782.780  0.6587
 4782.800  0.7240
 4782.820  0.7700
 4782.840  0.7791
 4782.860  0.7403
 4782.880  0.6611
 4782.900  0.5636
 4782.920  0.4694
 4782.940  0.3925
 4782.960  0.3443
 4782.980  0.3365
 4783.000  0.3742
 4783.020  0.4483
 4783.040  0.5382
 4783.060  0.6212
 4783.080  0.6800
 4783.100  0.7072
 4783.120  0.7080
 4783.140  0.6968
 4783.160  0.6862
 4783.180  0.6813
 4783.200  0.6846
 4783.220  0.6990
 4783.240  0.7251
 4783.260  0.7573
 4783.280  0.7872
 4783.300  0.8109
 4783.320  0.8280
 4783.340  0.8392
 4783.360  0.8430
 4783.380  0.8359
 4783.400  0.8130
 4783.420  0.7748
 4783.440  0.7295
 4783.460  0.6890
 4783.480  0.6655
 4783.500  0.6643
 4783.520  0.6803
 4783.540  0.7037
 4783.560  0.7262
 4783.580  0.7424
 4783.600  0.7493
 4783.620  0.7445
 4783.640  0.7253
 4783.660  0.6919
 4783.680  0.6499
 4783.700  0.6107
 4783.720  0.5843
 4783.740  0.5705
 4783.760  0.5623
 4783.780  0.5577
 4783.800  0.5570
 4783.820  0.5546
 4783.840  0.5441
 4783.860  0.5277
 4783.880  0.5147
 4783.900  0.5127
 4783.920  0.5227
 4783.940  0.5425
 4783.960  0.5709
 4783.980  0.6089
 4784.000  0.6554
 4784.020  0.7052
 4784.040  0.7510
 4784.060  0.7866
 4784.080  0.8103
 4784.100  0.8250
 4784.120  0.8331
 4784.140  0.8317
 4784.160  0.8179
 4784.180  0.7951
 4784.200  0.7742
 4784.220  0.7635
 4784.240  0.7599
 4784.260  0.7563
 4784.280  0.7537
 4784.300  0.7543
 4784.320  0.7523
 4784.340  0.7432
 4784.360  0.7309
 4784.380  0.7200
 4784.400  0.7107
 4784.420  0.7049
 4784.440  0.7047
 4784.460  0.7038
 4784.480  0.6955
 4784.500  0.6866
 4784.520  0.6918
 4784.540  0.7195
 4784.560  0.7672
 4784.580  0.8232
 4784.600  0.8734
 4784.620  0.9100
 4784.640  0.9311
 4784.660  0.9350
 4784.680  0.9257
 4784.700  0.9133
 4784.720  0.8996
 4784.740  0.8751
 4784.760  0.8311
 4784.780  0.7657
 4784.800  0.6850
 4784.820  0.6036
 4784.840  0.5325
 4784.860  0.4736
 4784.880  0.4301
 4784.900  0.4090
 4784.920  0.4088
 4784.940  0.4198
 4784.960  0.4375
 4784.980  0.4646
 4785.000  0.4984
 4785.020  0.5325
 4785.040  0.5669
 4785.060  0.6067
 4785.080  0.6507
 4785.100  0.6889
 4785.120  0.7093
 4785.140  0.7060
 4785.160  0.6836
 4785.180  0.6541
 4785.200  0.6286
 4785.220  0.6110
 4785.240  0.6016
 4785.260  0.6000
 4785.280  0.6061
 4785.300  0.6252
 4785.320  0.6657
 4785.340  0.7267
 4785.360  0.7944
 4785.380  0.8511
 4785.400  0.8831
 4785.420  0.8867
 4785.440  0.8680
 4785.460  0.8381
 4785.480  0.8066
 4785.500  0.7792
 4785.520  0.7573
 4785.540  0.7399
 4785.560  0.7269
 4785.580  0.7204
 4785.600  0.7216
 4785.620  0.7294
 4785.640  0.7427
 4785.660  0.7617
 4785.680  0.7837
 4785.700  0.8028
 4785.720  0.8156
 4785.740  0.8233
 4785.760  0.8288
 4785.780  0.8337
 4785.800  0.8371
 4785.820  0.8360
 4785.840  0.8273
 4785.860  0.8098
 4785.880  0.7843
 4785.900  0.7518
 4785.920  0.7138
 4785.940  0.6749
 4785.960  0.6433
 4785.980  0.6268
 4786.000  0.6292
 4786.020  0.6501
 4786.040  0.6874
 4786.060  0.7331
 4786.080  0.7732
 4786.100  0.7953
 4786.120  0.7957
 4786.140  0.7806
 4786.160  0.7598
 4786.180  0.7423
 4786.200  0.7347
 4786.220  0.7323
 4786.240  0.7223
 4786.260  0.7048
 4786.280  0.6928
 4786.300  0.6917
 4786.320  0.6965
 4786.340  0.6995
 4786.360  0.6936
 4786.380  0.6710
 4786.400  0.6335
 4786.420  0.5980
 4786.440  0.5820
 4786.460  0.5884
 4786.480  0.6122
 4786.500  0.6468
 4786.520  0.6811
 4786.540  0.7042
 4786.560  0.7176
 4786.580  0.7334
 4786.600  0.7571
 4786.620  0.7815
 4786.640  0.7941
 4786.660  0.7854
 4786.680  0.7532
 4786.700  0.7078
 4786.720  0.6708
 4786.740  0.6594
 4786.760  0.6723
 4786.780  0.6935
 4786.800  0.7061
 4786.820  0.7033
 4786.840  0.6890
 4786.860  0.6718
 4786.880  0.6613
 4786.900  0.6643
 4786.920  0.6790
 4786.940  0.6948
 4786.960  0.6985
 4786.980  0.6822
 4787.000  0.6502
 4787.020  0.6185
 4787.040  0.6049
 4787.060  0.6162
 4787.080  0.6444
 4787.100  0.6744
 4787.120  0.6925
 4787.140  0.6912
 4787.160  0.6752
 4787.180  0.6612
 4787.200  0.6640
 4787.220  0.6842
 4787.240  0.7103
 4787.260  0.7291
 4787.280  0.7357
 4787.300  0.7361
 4787.320  0.7403
 4787.340  0.7537
 4787.360  0.7765
 4787.380  0.8062
 4787.400  0.8377
 4787.420  0.8657
 4787.440  0.8885
 4787.460  0.9042
 4787.480  0.9062
 4787.500  0.8896
 4787.520  0.8568
 4787.540  0.8128
 4787.560  0.7576
 4787.580  0.6872
 4787.600  0.6008
 4787.620  0.5105
 4787.640  0.4403
 4787.660  0.4092
 4787.680  0.4182
 4787.700  0.4588
 4787.720  0.5229
 4787.740  0.5980
 4787.760  0.6667
 4787.780  0.7176
 4787.800  0.7507
 4787.820  0.7670
 4787.840  0.7651
 4787.860  0.7494
 4787.880  0.7271
 4787.900  0.6968
 4787.920  0.6575
 4787.940  0.6191
 4787.960  0.5928
 4787.980  0.5847
 4788.000  0.5974
 4788.020  0.6290
 4788.040  0.6754
 4788.060  0.7331
 4788.080  0.7978
 4788.100  0.8618
 4788.120  0.9142
 4788.140  0.9451
 4788.160  0.9540
 4788.180  0.9489
 4788.200  0.9346
 4788.220  0.9105
 4788.240  0.8805
 4788.260  0.8511
 4788.280  0.8231
 4788.300  0.7965
 4788.320  0.7742
 4788.340  0.7552
 4788.360  0.7406
 4788.380  0.7386
 4788.400  0.7478
 4788.420  0.7581
 4788.440  0.7704
 4788.460  0.7907
 4788.480  0.8132
 4788.500  0.8307
 4788.520  0.8453
 4788.540  0.8588
 4788.560  0.8644
 4788.580  0.8529
 4788.600  0.8201
 4788.620  0.7709
 4788.640  0.7169
 4788.660  0.6683
 4788.680  0.6313
 4788.700  0.6135
 4788.720  0.6218
 4788.740  0.6549
 4788.760  0.7043
 4788.780  0.7610
 4788.800  0.8165
 4788.820  0.8589
 4788.840  0.8770
 4788.860  0.8685
 4788.880  0.8376
 4788.900  0.7871
 4788.920  0.7228
 4788.940  0.6579
 4788.960  0.6058
 4788.980  0.5749
 4789.000  0.5713
 4789.020  0.5976
 4789.040  0.6501
 4789.060  0.7165
 4789.080  0.7720
 4789.100  0.7851
 4789.120  0.7399
 4789.140  0.6461
 4789.160  0.5290
 4789.180  0.4158
 4789.200  0.3253
 4789.220  0.2660
 4789.240  0.2413
 4789.260  0.2533
 4789.280  0.3000
 4789.300  0.3720
 4789.320  0.4519
 4789.340  0.5210
 4789.360  0.5675
 4789.380  0.5892
 4789.400  0.5914
 4789.420  0.5823
 4789.440  0.5693
 4789.460  0.5578
 4789.480  0.5527
 4789.500  0.5610
 4789.520  0.5889
 4789.540  0.6344
 4789.560  0.6847
 4789.580  0.7236
 4789.600  0.7455
 4789.620  0.7546
 4789.640  0.7508
 4789.660  0.7316
 4789.680  0.7007
 4789.700  0.6571
 4789.720  0.5962
 4789.740  0.5263
 4789.760  0.4634
 4789.780  0.4134
 4789.800  0.3755
 4789.820  0.3519
 4789.840  0.3479
 4789.860  0.3686
 4789.880  0.4159
 4789.900  0.4874
 4789.920  0.5755
 4789.940  0.6663
 4789.960  0.7412
 4789.980  0.7847
 4790.000  0.7934
 4790.020  0.7752
 4790.040  0.7409
 4790.060  0.7003
 4790.080  0.6630
 4790.100  0.6376
 4790.120  0.6249
 4790.140  0.6178
 4790.160  0.6089
 4790.180  0.5930
 4790.200  0.5680
 4790.220  0.5391
 4790.240  0.5205
 4790.260  0.5251
 4790.280  0.5555
 4790.300  0.6067
 4790.320  0.6695
 4790.340  0.7275
 4790.360  0.7637
 4790.380  0.7751
 4790.400  0.7714
 4790.420  0.7641
 4790.440  0.7596
 4790.460  0.7590
 4790.480  0.7599
 4790.500  0.7582
 4790.520  0.7540
 4790.540  0.7560
 4790.560  0.7707
 4790.580  0.7926
 4790.600  0.8093
 4790.620  0.8101
 4790.640  0.7907
 4790.660  0.7533
 4790.680  0.7039
 4790.700  0.6506
 4790.720  0.6029
 4790.740  0.5677
 4790.760  0.5442
 4790.780  0.5305
 4790.800  0.5327
 4790.820  0.5594
 4790.840  0.6094
 4790.860  0.6715
 4790.880  0.7360
 4790.900  0.7974
 4790.920  0.8497
 4790.940  0.8859
 4790.960  0.9025
 4790.980  0.8994
 4791.000  0.8786
 4791.020  0.8407
 4791.040  0.7859
 4791.060  0.7224
 4791.080  0.6672
 4791.100  0.6345
 4791.120  0.6300
 4791.140  0.6541
 4791.160  0.7008
 4791.180  0.7545
 4791.200  0.7945
 4791.220  0.8052
 4791.240  0.7850
 4791.260  0.7457
 4791.280  0.7026
 4791.300  0.6683
 4791.320  0.6520
 4791.340  0.6546
 4791.360  0.6710
 4791.380  0.7013
 4791.400  0.7487
 4791.420  0.8059
 4791.440  0.8583
 4791.460  0.8957
 4791.480  0.9140
 4791.500  0.9109
 4791.520  0.8925
 4791.540  0.8719
 4791.560  0.8537
 4791.580  0.8352
 4791.600  0.8179
 4791.620  0.8084
 4791.640  0.8085
 4791.660  0.8122
 4791.680  0.8103
 4791.700  0.7976
 4791.720  0.7743
 4791.740  0.7441
 4791.760  0.7147
 4791.780  0.6980
 4791.800  0.7051
 4791.820  0.7345
 4791.840  0.7730
 4791.860  0.8122
 4791.880  0.8463
 4791.900  0.8619
 4791.920  0.8549
 4791.940  0.8310
 4791.960  0.7887
 4791.980  0.7282
 4792.000  0.6662
 4792.020  0.6201
 4792.040  0.5925
 4792.060  0.5793
 4792.080  0.5801
 4792.100  0.5966
 4792.120  0.6290
 4792.140  0.6737
 4792.160  0.7245
 4792.180  0.7743
 4792.200  0.8158
 4792.220  0.8432
 4792.240  0.8526
 4792.260  0.8421
 4792.280  0.8180
 4792.300  0.7943
 4792.320  0.7800
 4792.340  0.7719
 4792.360  0.7617
 4792.380  0.7449
 4792.400  0.7239
 4792.420  0.7055
 4792.440  0.6969
 4792.460  0.7020
 4792.480  0.7212
 4792.500  0.7516
 4792.520  0.7849
 4792.540  0.8097
 4792.560  0.8209
 4792.580  0.8214
 4792.600  0.8149
 4792.620  0.7982
 4792.640  0.7612
 4792.660  0.6987
 4792.680  0.6214
 4792.700  0.5490
 4792.720  0.4955
 4792.740  0.4646
 4792.760  0.4518
 4792.780  0.4517
 4792.800  0.4630
 4792.820  0.4843
 4792.840  0.5111
 4792.860  0.5403
 4792.880  0.5710
 4792.900  0.5995
 4792.920  0.6213
 4792.940  0.6356
 4792.960  0.6425
 4792.980  0.6390
 4793.000  0.6274
 4793.020  0.6155
 4793.040  0.6060
 4793.060  0.6020
 4793.080  0.6147
 4793.100  0.6487
 4793.120  0.6960
 4793.140  0.7474
 4793.160  0.7919
 4793.180  0.8154
 4793.200  0.8104
 4793.220  0.7830
 4793.240  0.7482
 4793.260  0.7181
 4793.280  0.6935
 4793.300  0.6650
 4793.320  0.6257
 4793.340  0.5788
 4793.360  0.5334
 4793.380  0.5000
 4793.400  0.4884
 4793.420  0.5062
 4793.440  0.5556
 4793.460  0.6300
 4793.480  0.7139
 4793.500  0.7922
 4793.520  0.8568
 4793.540  0.9055
 4793.560  0.9372
 4793.580  0.9483
 4793.600  0.9355
 4793.620  0.8952
 4793.640  0.8232
 4793.660  0.7284
 4793.680  0.6359
 4793.700  0.5610
 4793.720  0.5008
 4793.740  0.4540
 4793.760  0.4281
 4793.780  0.4274
 4793.800  0.4506
 4793.820  0.4958
 4793.840  0.5613
 4793.860  0.6432
 4793.880  0.7325
 4793.900  0.8167
 4793.920  0.8822
 4793.940  0.9177
 4793.960  0.9220
 4793.980  0.9053
 4794.000  0.8738
 4794.020  0.8212
 4794.040  0.7440
 4794.060  0.6522
 4794.080  0.5623
 4794.100  0.4877
 4794.120  0.4369
 4794.140  0.4151
 4794.160  0.4257
 4794.180  0.4679
 4794.200  0.5334
 4794.220  0.6077
 4794.240  0.6767
 4794.260  0.7302
 4794.280  0.7627
 4794.300  0.7750
 4794.320  0.7739
 4794.340  0.7629
 4794.360  0.7388
 4794.380  0.7025
 4794.400  0.6642
 4794.420  0.6351
 4794.440  0.6197
 4794.460  0.6203
 4794.480  0.6381
 4794.500  0.6697
 4794.520  0.7076
 4794.540  0.7450
 4794.560  0.7760
 4794.580  0.7956
 4794.600  0.8022
 4794.620  0.8005
 4794.640  0.7954
 4794.660  0.7873
 4794.680  0.7749
 4794.700  0.7562
 4794.720  0.7255
 4794.740  0.6818
 4794.760  0.6368
 4794.780  0.6030
 4794.800  0.5813
 4794.820  0.5699
 4794.840  0.5737
 4794.860  0.5978
 4794.880  0.6385
 4794.900  0.6848
 4794.920  0.7284
 4794.940  0.7672
 4794.960  0.7999
 4794.980  0.8230
 4795.000  0.8345
 4795.020  0.8350
 4795.040  0.8271
 4795.060  0.8156
 4795.080  0.8050
 4795.100  0.7915
 4795.120  0.7610
 4795.140  0.7070
 4795.160  0.6424
 4795.180  0.5873
 4795.200  0.5560
 4795.220  0.5510
 4795.240  0.5633
 4795.260  0.5818
 4795.280  0.6004
 4795.300  0.6142
 4795.320  0.6247
 4795.340  0.6453
 4795.360  0.6817
 4795.380  0.7228
 4795.400  0.7580
 4795.420  0.7773
 4795.440  0.7697
 4795.460  0.7415
 4795.480  0.7143
 4795.500  0.7000
 4795.520  0.6969
 4795.540  0.7011
 4795.560  0.7094
 4795.580  0.7157
 4795.600  0.7151
 4795.620  0.7086
 4795.640  0.7008
 4795.660  0.6979
 4795.680  0.7024
 4795.700  0.7087
 4795.720  0.7076
 4795.740  0.6936
 4795.760  0.6674
 4795.780  0.6374
 4795.800  0.6188
 4795.820  0.6263
 4795.840  0.6626
 4795.860  0.7176
 4795.880  0.7764
 4795.900  0.8247
 4795.920  0.8491
 4795.940  0.8408
 4795.960  0.8025
 4795.980  0.7477
 4796.000  0.6901
 4796.020  0.6418
 4796.040  0.6138
 4796.060  0.6118
 4796.080  0.6326
 4796.100  0.6698
 4796.120  0.7166
 4796.140  0.7650
 4796.160  0.8056
 4796.180  0.8306
 4796.200  0.8375
 4796.220  0.8300
 4796.240  0.8126
 4796.260  0.7844
 4796.280  0.7440
 4796.300  0.6964
 4796.320  0.6555
 4796.340  0.6344
 4796.360  0.6355
 4796.380  0.6603
 4796.400  0.7016
 4796.420  0.7376
 4796.440  0.7537
 4796.460  0.7449
 4796.480  0.7094
 4796.500  0.6588
 4796.520  0.6101
 4796.540  0.5672
 4796.560  0.5306
 4796.580  0.5144
 4796.600  0.5341
 4796.620  0.5877
 4796.640  0.6569
 4796.660  0.7174
 4796.680  0.7467
 4796.700  0.7346
 4796.720  0.6910
 4796.740  0.6386
 4796.760  0.5997
 4796.780  0.5873
 4796.800  0.6044
 4796.820  0.6453
 4796.840  0.6986
 4796.860  0.7540
 4796.880  0.8054
 4796.900  0.8471
 4796.920  0.8765
 4796.940  0.8995
 4796.960  0.9202
 4796.980  0.9288
 4797.000  0.9140
 4797.020  0.8776
 4797.040  0.8329
 4797.060  0.7914
 4797.080  0.7460
 4797.100  0.6808
 4797.120  0.5969
 4797.140  0.5078
 4797.160  0.4273
 4797.180  0.3753
 4797.200  0.3675
 4797.220  0.3990
 4797.240  0.4524
 4797.260  0.5150
 4797.280  0.5756
 4797.300  0.6215
 4797.320  0.6453
 4797.340  0.6500
 4797.360  0.6437
 4797.380  0.6336
 4797.400  0.6239
 4797.420  0.6185
 4797.440  0.6223
 4797.460  0.6399
 4797.480  0.6728
 4797.500  0.7159
 4797.520  0.7580
 4797.540  0.7897
 4797.560  0.8081
 4797.580  0.8151
 4797.600  0.8105
 4797.620  0.7928
 4797.640  0.7615
 4797.660  0.7167
 4797.680  0.6645
 4797.700  0.6171
 4797.720  0.5820
 4797.740  0.5591
 4797.760  0.5462
 4797.780  0.5412
 4797.800  0.5421
 4797.820  0.5500
 4797.840  0.5677
 4797.860  0.5939
 4797.880  0.6200
 4797.900  0.6355
 4797.920  0.6385
 4797.940  0.6406
 4797.960  0.6554
 4797.980  0.6822
 4798.000  0.7097
 4798.020  0.7357
 4798.040  0.7655
 4798.060  0.7914
 4798.080  0.7988
 4798.100  0.7893
 4798.120  0.7743
 4798.140  0.7592
 4798.160  0.7485
 4798.180  0.7485
 4798.200  0.7577
 4798.220  0.7655
 4798.240  0.7639
 4798.260  0.7499
 4798.280  0.7199
 4798.300  0.6707
 4798.320  0.6075
 4798.340  0.5405
 4798.360  0.4762
 4798.380  0.4200
 4798.400  0.3781
 4798.420  0.3533
 4798.440  0.3453
 4798.460  0.3515
 4798.480  0.3674
 4798.500  0.3897
 4798.520  0.4204
 4798.540  0.4640
 4798.560  0.5236
 4798.580  0.5998
 4798.600  0.6891
 4798.620  0.7766
 4798.640  0.8415
 4798.660  0.8753
 4798.680  0.8842
 4798.700  0.8742
 4798.720  0.8508
 4798.740  0.8243
 4798.760  0.7955
 4798.780  0.7588
 4798.800  0.7234
 4798.820  0.7008
 4798.840  0.6905
 4798.860  0.6943
 4798.880  0.7174
 4798.900  0.7524
 4798.920  0.7856
 4798.940  0.8112
 4798.960  0.8270
 4798.980  0.8283
 4799.000  0.8150
 4799.020  0.7927
 4799.040  0.7665
 4799.060  0.7443
 4799.080  0.7357
 4799.100  0.7438
 4799.120  0.7684
 4799.140  0.8092
 4799.160  0.8578
 4799.180  0.8978
 4799.200  0.9220
 4799.220  0.9346
 4799.240  0.9378
 4799.260  0.9285
 4799.280  0.9024
 4799.300  0.8531
 4799.320  0.7762
 4799.340  0.6803
 4799.360  0.5878
 4799.380  0.5207
 4799.400  0.4893
 4799.420  0.4934
 4799.440  0.5281
 4799.460  0.5852
 4799.480  0.6538
 4799.500  0.7222
 4799.520  0.7811
 4799.540  0.8232
 4799.560  0.8414
 4799.580  0.8303
 4799.600  0.7911
 4799.620  0.7317
 4799.640  0.6622
 4799.660  0.5959
 4799.680  0.5505
 4799.700  0.5387
 4799.720  0.5554
 4799.740  0.5823
 4799.760  0.6051
 4799.780  0.6182
 4799.800  0.6212
 4799.820  0.6196
 4799.840  0.6200
 4799.860  0.6255
 4799.880  0.6389
 4799.900  0.6647
 4799.920  0.7024
 4799.940  0.7460
 4799.960  0.7904
 4799.980  0.8327
 4800.000  0.8667
 4800.020  0.8799
 4800.040  0.8587
 4800.060  0.7947
 4800.080  0.6908
 4800.100  0.5645
 4800.120  0.4424
 4800.140  0.3460
 4800.160  0.2843
 4800.180  0.2572
 4800.200  0.2613
 4800.220  0.2932
 4800.240  0.3493
 4800.260  0.4235
 4800.280  0.5050
 4800.300  0.5818
 4800.320  0.6455
 4800.340  0.6948
 4800.360  0.7297
 4800.380  0.7456
 4800.400  0.7430
 4800.420  0.7343
 4800.440  0.7282
 4800.460  0.7262
 4800.480  0.7352
 4800.500  0.7550
 4800.520  0.7738
 4800.540  0.7896
 4800.560  0.8057
 4800.580  0.8115
 4800.600  0.7944
 4800.620  0.7579
 4800.640  0.7167
 4800.660  0.6834
 4800.680  0.6640
 4800.700  0.6596
 4800.720  0.6714
 4800.740  0.6998
 4800.760  0.7411
 4800.780  0.7875
 4800.800  0.8304
 4800.820  0.8630
 4800.840  0.8786
 4800.860  0.8695
 4800.880  0.8305
 4800.900  0.7667
 4800.920  0.6975
 4800.940  0.6493
 4800.960  0.6427
 4800.980  0.6790
 4801.000  0.7383
 4801.020  0.7989
 4801.040  0.8473
 4801.060  0.8720
 4801.080  0.8702
 4801.100  0.8510
 4801.120  0.8214
 4801.140  0.7822
 4801.160  0.7346
 4801.180  0.6819
 4801.200  0.6311
 4801.220  0.5974
 4801.240  0.5962
 4801.260  0.6277
 4801.280  0.6829
 4801.300  0.7551
 4801.320  0.8300
 4801.340  0.8839
 4801.360  0.9054
 4801.380  0.8976
 4801.400  0.8643
 4801.420  0.8126
 4801.440  0.7522
 4801.460  0.6866
 4801.480  0.6190
 4801.500  0.5593
 4801.520  0.5197
 4801.540  0.5071
 4801.560  0.5194
 4801.580  0.5498
 4801.600  0.5944
 4801.620  0.6500
 4801.640  0.7057
 4801.660  0.7485
 4801.680  0.7770
 4801.700  0.7999
 4801.720  0.8228
 4801.740  0.8451
 4801.760  0.8619
 4801.780  0.8668
 4801.800  0.8578
 4801.820  0.8369
 4801.840  0.8053
 4801.860  0.7634
 4801.880  0.7146
 4801.900  0.6690
 4801.920  0.6409
 4801.940  0.6350
 4801.960  0.6424
 4801.980  0.6510
 4802.000  0.6536
 4802.020  0.6474
 4802.040  0.6378
 4802.060  0.6380
 4802.080  0.6530
 4802.100  0.6724
 4802.120  0.6831
 4802.140  0.6745
 4802.160  0.6385
 4802.180  0.5802
 4802.200  0.5187
 4802.220  0.4712
 4802.240  0.4474
 4802.260  0.4525
 4802.280  0.4862
 4802.300  0.5425
 4802.320  0.6132
 4802.340  0.6893
 4802.360  0.7582
 4802.380  0.8023
 4802.400  0.8101
 4802.420  0.7845
 4802.440  0.7325
 4802.460  0.6583
 4802.480  0.5700
 4802.500  0.4829
 4802.520  0.4137
 4802.540  0.3724
 4802.560  0.3582
 4802.580  0.3651
 4802.600  0.3895
 4802.620  0.4299
 4802.640  0.4816
 4802.660  0.5402
 4802.680  0.6051
 4802.700  0.6704
 4802.720  0.7210
 4802.740  0.7427
 4802.760  0.7341
 4802.780  0.7062
 4802.800  0.6728
 4802.820  0.6419
 4802.840  0.6152
 4802.860  0.5931
 4802.880  0.5798
 4802.900  0.5842
 4802.920  0.6129
 4802.940  0.6608
 4802.960 -1.0000
 4802.980 -1.0000
 4803.000 -1.0000
 4772.000  0.0000
 4772.020  0.0000
 4772.040  0.0095
 4772.060  0.0079
 4772.080  0.0038
 4772.100  0.0008
 4772.120  0.0025
 4772.140  0.0077
 4772.160  0.0124
 4772.180  0.0143
 4772.200  0.0139
 4772.220  0.0121
 4772.240  0.0099
 4772.260  0.0080
 4772.280  0.0073
 4772.300  0.0082
 4772.320  0.0092
 4772.340  0.0081
 4772.360  0.0054
 4772.380  0.0043
 4772.400  0.0059
 4772.420  0.0082
 4772.440  0.0098
 4772.460  0.0118
 4772.480  0.0135
 4772.500  0.0124
 4772.520  0.0070
 4772.540 -0.0002
 4772.560 -0.0041
 4772.580 -0.0023
 4772.600  0.0009
 4772.620  0.0005
 4772.640 -0.0018
 4772.660 -0.0018
 4772.680  0.0008
 4772.700  0.0036
 4772.720  0.0057
 4772.740  0.0073
 4772.760  0.0080
 4772.780  0.0070
 4772.800  0.0039
 4772.820  0.0003
 4772.840 -0.0013
 4772.860  0.0000
 4772.880  0.0032
 4772.900  0.0063
 4772.920  0.0083
 4772.940  0.0086
 4772.960  0.0075
 4772.980  0.0057
 4773.000  0.0035
 4773.020  0.0006
 4773.040 -0.0021
 4773.060 -0.0020
 4773.080  0.0014
 4773.100  0.0040
 4773.120  0.0027
 4773.140 -0.0008
 4773.160 -0.0017
 4773.180  0.0024
 4773.200  0.0097
 4773.220  0.0152
 4773.240  0.0149
 4773.260  0.0088
 4773.280  0.0028
 4773.300  0.0030
 4773.320  0.0092
 4773.340  0.0147
 4773.360  0.0137
 4773.380  0.0068
 4773.400  0.0002
 4773.420 -0.0012
 4773.440  0.0004
 4773.460  0.0017
 4773.480  0.0038
 4773.500  0.0086
 4773.520  0.0128
 4773.540  0.0131
 4773.560  0.0112
 4773.580  0.0094
 4773.600  0.0075
 4773.620  0.0047
 4773.640  0.0019
 4773.660  0.0010
 4773.680  0.0029
 4773.700  0.0057
 4773.720  0.0071
 4773.740  0.0066
 4773.760  0.0060
 4773.780  0.0057
 4773.800  0.0052
 4773.820  0.0052
 4773.840  0.0063
 4773.860  0.0072
 4773.880  0.0069
 4773.900  0.0074
 4773.920  0.0104
 4773.940  0.0135
 4773.960  0.0137
 4773.980  0.0114
 4774.000  0.0089
 4774.020  0.0082
 4774.040  0.0095
 4774.060  0.0109
 4774.080  0.0105
 4774.100  0.0077
 4774.120  0.0035
 4774.140  0.0001
 4774.160 -0.0001
 4774.180  0.0029
 4774.200  0.0061
 4774.220  0.0060
 4774.240  0.0030
 4774.260  0.0002
 4774.280 -0.0002
 4774.300  0.0015
 4774.320  0.0030
 4774.340  0.0030
 4774.360  0.0024
 4774.380  0.0030
 4774.400  0.0048
 4774.420  0.0067
 4774.440  0.0075
 4774.460  0.0075
 4774.480  0.0081
 4774.500  0.0094
 4774.520  0.0103
 4774.540  0.0099
 4774.560  0.0083
 4774.580  0.0064
 4774.600  0.0050
 4774.620  0.0058
 4774.640  0.0086
 4774.660  0.0101
 4774.680  0.0078
 4774.700  0.0035
 4774.720  0.0012
 4774.740  0.0021
 4774.760  0.0039
 4774.780  0.0045
 4774.800  0.0044
 4774.820  0.0063
 4774.840  0.0094
 4774.860  0.0087
 4774.880  0.0034
 4774.900 -0.0009
 4774.920 -0.0003
 4774.940  0.0030
 4774.960  0.0049
 4774.980  0.0039
 4775.000  0.0015
 4775.020  0.0001
 4775.040  0.0008
 4775.060  0.0033
 4775.080  0.0068
 4775.100  0.0106
 4775.120  0.0128
 4775.140  0.0126
 4775.160  0.0108
 4775.180  0.0084
 4775.200  0.0055
 4775.220  0.0026
 4775.240  0.0014
 4775.260  0.0020
 4775.280  0.0024
 4775.300  0.0014
 4775.320  0.0003
 4775.340  0.0012
 4775.360  0.0040
 4775.380  0.0066
 4775.400  0.0069
 4775.420  0.0058
 4775.440  0.0058
 4775.460  0.0071
 4775.480  0.0073
 4775.500  0.0036
 4775.520 -0.0034
 4775.540 -0.0076
 4775.560 -0.0043
 4775.580  0.0050
 4775.600  0.0133
 4775.620  0.0153
 4775.640  0.0109
 4775.660  0.0047
 4775.680  0.0009
 4775.700 -0.0007
 4775.720 -0.0012
 4775.740 -0.0005
 4775.760  0.0013
 4775.780  0.0030
 4775.800  0.0037
 4775.820  0.0042
 4775.840  0.0055
 4775.860  0.0078
 4775.880  0.0095
 4775.900  0.0090
 4775.920  0.0067
 4775.940  0.0042
 4775.960  0.0026
 4775.980  0.0021
 4776.000  0.0016
 4776.020  0.0008
 4776.040  0.0012
 4776.060  0.0037
 4776.080  0.0074
 4776.100  0.0103
 4776.120  0.0109
 4776.140  0.0096
 4776.160  0.0075
 4776.180  0.0052
 4776.200  0.0026
 4776.220  0.0005
 4776.240  0.0006
 4776.260  0.0036
 4776.280  0.0082
 4776.300  0.0121
 4776.320  0.0138
 4776.340  0.0130
 4776.360  0.0104
 4776.380  0.0078
 4776.400  0.0060
 4776.420  0.0053
 4776.440  0.0047
 4776.460  0.0033
 4776.480  0.0014
 4776.500 -0.0001
 4776.520 -0.0002
 4776.540  0.0006
 4776.560  0.0019
 4776.580  0.0034
 4776.600  0.0049
 4776.620  0.0057
 4776.640  0.0053
 4776.660  0.0037
 4776.680  0.0028
 4776.700  0.0042
 4776.720  0.0072
 4776.740  0.0091
 4776.760  0.0083
 4776.780  0.0055
 4776.800  0.0030
 4776.820  0.0025
 4776.840  0.0036
 4776.860  0.0047
 4776.880  0.0048
 4776.900  0.0039
 4776.920  0.0028
 4776.940  0.0023
 4776.960  0.0028
 4776.980  0.0041
 4777.000  0.0064
 4777.020  0.0096
 4777.040  0.0122
 4777.060  0.0123
 4777.080  0.0092
 4777.100  0.0059
 4777.120  0.0058
 4777.140  0.0075
 4777.160  0.0076
 4777.180  0.0059
 4777.200  0.0047
 4777.220  0.0050
 4777.240  0.0055
 4777.260  0.0047
 4777.280  0.0029
 4777.300  0.0023
 4777.320  0.0031
 4777.340  0.0024
 4777.360 -0.0006
 4777.380 -0.0034
 4777.400 -0.0038
 4777.420 -0.0020
 4777.440  0.0013
 4777.460  0.0053
 4777.480  0.0074
 4777.500  0.0051
 4777.520 -0.0002
 4777.540 -0.0038
 4777.560 -0.0023
 4777.580  0.0036
 4777.600  0.0102
 4777.620  0.0137
 4777.640  0.0134
 4777.660  0.0102
 4777.680  0.0055
 4777.700  0.0016
 4777.720  0.0015
 4777.740  0.0047
 4777.760  0.0073
 4777.780  0.0072
 4777.800  0.0067
 4777.820  0.0076
 4777.840  0.0088
 4777.860  0.0092
 4777.880  0.0090
 4777.900  0.0091
 4777.920  0.0088
 4777.940  0.0061
 4777.960  0.0008
 4777.980 -0.0034
 4778.000 -0.0024
 4778.020  0.0027
 4778.040  0.0074
 4778.060  0.0087
 4778.080  0.0063
 4778.100  0.0022
 4778.120 -0.0006
 4778.140 -0.0001
 4778.160  0.0033
 4778.180  0.0069
 4778.200  0.0081
 4778.220  0.0068
 4778.240  0.0041
 4778.260  0.0019
 4778.280  0.0005
 4778.300  0.0000
 4778.320  0.0012
 4778.340  0.0051
 4778.360  0.0101
 4778.380  0.0131
 4778.400  0.0126
 4778.420  0.0101
 4778.440  0.0084
 4778.460  0.0090
 4778.480  0.0101
 4778.500  0.0095
 4778.520  0.0077
 4778.540  0.0064
 4778.560  0.0055
 4778.580  0.0048
 4778.600  0.0050
 4778.620  0.0070
 4778.640  0.0108
 4778.660  0.0148
 4778.680  0.0167
 4778.700  0.0155
 4778.720  0.0120
 4778.740  0.0073
 4778.760  0.0029
 4778.780  0.0003
 4778.800  0.0007
 4778.820  0.0028
 4778.840  0.0048
 4778.860  0.0064
 4778.880  0.0072
 4778.900  0.0056
 4778.920  0.0020
 4778.940  0.0004
 4778.960  0.0029
 4778.980  0.0065
 4779.000  0.0067
 4779.020  0.0035
 4779.040  0.0022
 4779.060  0.0073
 4779.080  0.0154
 4779.100  0.0177
 4779.120  0.0133
 4779.140  0.0095
 4779.160  0.0105
 4779.180  0.0131
 4779.200  0.0136
 4779.220  0.0118
 4779.240  0.0099
 4779.260  0.0086
 4779.280  0.0060
 4779.300  0.0015
 4779.320 -0.0009
 4779.340  0.0020
 4779.360  0.0074
 4779.380  0.0112
 4779.400  0.0120
 4779.420  0.0109
 4779.440  0.0083
 4779.460  0.0050
 4779.480  0.0023
 4779.500  0.0008
 4779.520  0.0003
 4779.540 -0.0001
 4779.560 -0.0003
 4779.580  0.0008
 4779.600  0.0036
 4779.620  0.0063
 4779.640  0.0069
 4779.660  0.0055
 4779.680  0.0042
 4779.700  0.0046
 4779.720  0.0062
 4779.740  0.0073
 4779.760  0.0066
 4779.780  0.0043
 4779.800  0.0022
 4779.820  0.0024
 4779.840  0.0053
 4779.860  0.0090
 4779.880  0.0113
 4779.900  0.0115
 4779.920  0.0096
 4779.940  0.0067
 4779.960  0.0045
 4779.980  0.0049
 4780.000  0.0081
 4780.020  0.0120
 4780.040  0.0134
 4780.060  0.0104
 4780.080  0.0055
 4780.100  0.0025
 4780.120  0.0027
 4780.140  0.0044
 4780.160  0.0057
 4780.180  0.0056
 4780.200  0.0050
 4780.220  0.0047
 4780.240  0.0049
 4780.260  0.0055
 4780.280  0.0068
 4780.300  0.0087
 4780.320  0.0102
 4780.340  0.0102
 4780.360  0.0083
 4780.380  0.0055
 4780.400  0.0040
 4780.420  0.0050
 4780.440  0.0080
 4780.460  0.0110
 4780.480  0.0118
 4780.500  0.0096
 4780.520  0.0055
 4780.540  0.0015
 4780.560 -0.0009
 4780.580 -0.0012
 4780.600  0.0008
 4780.620  0.0049
 4780.640  0.0097
 4780.660  0.0121
 4780.680  0.0100
 4780.700  0.0042
 4780.720 -0.0016
 4780.740 -0.0034
 4780.760 -0.0009
 4780.780  0.0028
 4780.800  0.0040
 4780.820  0.0020
 4780.840  0.0000
 4780.860  0.0015
 4780.880  0.0067
 4780.900  0.0124
 4780.920  0.0148
 4780.940  0.0131
 4780.960  0.0096
 4780.980  0.0071
 4781.000  0.0053
 4781.020  0.0029
 4781.040 -0.0003
 4781.060 -0.0018
 4781.080  0.0010
 4781.100  0.0065
 4781.120  0.0096
 4781.140  0.0070
 4781.160  0.0014
 4781.180 -0.0015
 4781.200  0.0007
 4781.220  0.0044
 4781.240  0.0039
 4781.260 -0.0005
 4781.280 -0.0039
 4781.300 -0.0039
 4781.320 -0.0022
 4781.340 -0.0011
 4781.360 -0.0004
 4781.380  0.0025
 4781.400  0.0076
 4781.420  0.0104
 4781.440  0.0080
 4781.460  0.0042
 4781.480  0.0038
 4781.500  0.0069
 4781.520  0.0097
 4781.540  0.0084
 4781.560  0.0034
 4781.580 -0.0016
 4781.600 -0.0030
 4781.620 -0.0007
 4781.640  0.0026
 4781.660  0.0039
 4781.680  0.0026
 4781.700  0.0010
 4781.720  0.0024
 4781.740  0.0076
 4781.760  0.0131
 4781.780  0.0140
 4781.800  0.0083
 4781.820 -0.0006
 4781.840 -0.0061
 4781.860 -0.0044
 4781.880  0.0018
 4781.900  0.0063
 4781.920  0.0060
 4781.940  0.0027
 4781.960  0.0012
 4781.980  0.0037
 4782.000  0.0080
 4782.020  0.0107
 4782.040  0.0104
 4782.060  0.0077
 4782.080  0.0046
 4782.100  0.0039
 4782.120  0.0066
 4782.140  0.0098
 4782.160  0.0092
 4782.180  0.0039
 4782.200 -0.0025
 4782.220 -0.0054
 4782.240 -0.0030
 4782.260  0.0012
 4782.280  0.0031
 4782.300  0.0027
 4782.320  0.0025
 4782.340  0.0042
 4782.360  0.0082
 4782.380  0.0125
 4782.400  0.0142
 4782.420  0.0113
 4782.440  0.0055
 4782.460  0.0009
 4782.480 -0.0001
 4782.500  0.0010
 4782.520  0.0015
 4782.540  0.0000
 4782.560 -0.0022
 4782.580 -0.0022
 4782.600  0.0016
 4782.620  0.0079
 4782.640  0.0136
 4782.660  0.0154
 4782.680  0.0125
 4782.700  0.0067
 4782.720  0.0014
 4782.740 -0.0014
 4782.760 -0.0025
 4782.780 -0.0029
 4782.800 -0.0023
 4782.820 -0.0008
 4782.840  0.0008
 4782.860  0.0016
 4782.880  0.0018
 4782.900  0.0025
 4782.920  0.0041
 4782.940  0.0055
 4782.960  0.0051
 4782.980  0.0029
 4783.000  0.0006
 4783.020 -0.0001
 4783.040  0.0012
 4783.060  0.0030
 4783.080  0.0043
 4783.100  0.0058
 4783.120  0.0080
 4783.140  0.0094
 4783.160  0.0083
 4783.180  0.0053
 4783.200  0.0029
 4783.220  0.0036
 4783.240  0.0063
 4783.260  0.0077
 4783.280  0.0062
 4783.300  0.0040
 4783.320  0.0048
 4783.340  0.0098
 4783.360  0.0163
 4783.380  0.0198
 4783.400  0.0175
 4783.420  0.0109
 4783.440  0.0039
 4783.460 -0.0002
 4783.480 -0.0015
 4783.500 -0.0017
 4783.520 -0.0012
 4783.540  0.0010
 4783.560  0.0048
 4783.580  0.0091
 4783.600  0.0120
 4783.620  0.0119
 4783.640  0.0088
 4783.660  0.0055
 4783.680  0.0055
 4783.700  0.0091
 4783.720  0.0127
 4783.740  0.0120
 4783.760  0.0057
 4783.780 -0.0022
 4783.800 -0.0066
 4783.820 -0.0063
 4783.840 -0.0034
 4783.860  0.0004
 4783.880  0.0043
 4783.900  0.0069
 4783.920  0.0079
 4783.940  0.0081
 4783.960  0.0077
 4783.980  0.0055
 4784.000  0.0020
 4784.020  0.0005
 4784.040  0.0030
 4784.060  0.0074
 4784.080  0.0092
 4784.100  0.0064
 4784.120  0.0029
 4784.140  0.0038
 4784.160  0.0080
 4784.180  0.0099
 4784.200  0.0082
 4784.220  0.0062
 4784.240  0.0061
 4784.260  0.0071
 4784.280  0.0073
 4784.300  0.0063
 4784.320  0.0055
 4784.340  0.0050
 4784.360  0.0031
 4784.380  0.0004
 4784.400  0.0015
 4784.420  0.0073
 4784.440  0.0120
 4784.460  0.0106
 4784.480  0.0044
 4784.500 -0.0010
 4784.520 -0.0018
 4784.540 -0.0002
 4784.560 -0.0011
 4784.580 -0.0034
 4784.600 -0.0022
 4784.620  0.0038
 4784.640  0.0104
 4784.660  0.0131
 4784.680  0.0108
 4784.700  0.0070
 4784.720  0.0052
 4784.740  0.0052
 4784.760  0.0055
 4784.780  0.0066
 4784.800  0.0092
 4784.820  0.0116
 4784.840  0.0123
 4784.860  0.0115
 4784.880  0.0103
 4784.900  0.0095
 4784.920  0.0083
 4784.940  0.0058
 4784.960  0.0022
 4784.980 -0.0006
 4785.000 -0.0001
 4785.020  0.0040
 4785.040  0.0089
 4785.060  0.0111
 4785.080  0.0094
 4785.100  0.0054
 4785.120  0.0024
 4785.140  0.0027
 4785.160  0.0063
 4785.180  0.0108
 4785.200  0.0125
 4785.220  0.0093
 4785.240  0.0024
 4785.260 -0.0034
 4785.280 -0.0038
 4785.300  0.0009
 4785.320  0.0058
 4785.340  0.0074
 4785.360  0.0063
 4785.380  0.0049
 4785.400  0.0044
 4785.420  0.0041
 4785.440  0.0030
 4785.460  0.0017
 4785.480  0.0018
 4785.500  0.0037
 4785.520  0.0059
 4785.540  0.0064
 4785.560  0.0047
 4785.580  0.0027
 4785.600  0.0029
 4785.620  0.0055
 4785.640  0.0083
 4785.660  0.0088
 4785.680  0.0061
 4785.700  0.0023
 4785.720  0.0001
 4785.740  0.0007
 4785.760  0.0034
 4785.780  0.0061
 4785.800  0.0067
 4785.820  0.0048
 4785.840  0.0030
 4785.860  0.0039
 4785.880  0.0068
 4785.900  0.0090
 4785.920  0.0087
 4785.940  0.0068
 4785.960  0.0051
 4785.980  0.0044
 4786.000  0.0028
 4786.020 -0.0007
 4786.040 -0.0036
 4786.060 -0.0031
 4786.080  0.0008
 4786.100  0.0047
 4786.120  0.0051
 4786.140  0.0025
 4786.160  0.0010
 4786.180  0.0026
 4786.200  0.0053
 4786.220  0.0069
 4786.240  0.0078
 4786.260  0.0094
 4786.280  0.0120
 4786.300  0.0142
 4786.320  0.0145
 4786.340  0.0136
 4786.360  0.0121
 4786.380  0.0088
 4786.400  0.0030
 4786.420 -0.0025
 4786.440 -0.0048
 4786.460 -0.0034
 4786.480  0.0005
 4786.500  0.0056
 4786.520  0.0106
 4786.540  0.0133
 4786.560  0.0131
 4786.580  0.0110
 4786.600  0.0084
 4786.620  0.0057
 4786.640  0.0036
 4786.660  0.0026
 4786.680  0.0029
 4786.700  0.0033
 4786.720  0.0020
 4786.740 -0.0011
 4786.760 -0.0027
 4786.780 -0.0006
 4786.800  0.0030
 4786.820  0.0047
 4786.840  0.0045
 4786.860  0.0044
 4786.880  0.0048
 4786.900  0.0048
 4786.920  0.0033
 4786.940  0.0006
 4786.960 -0.0018
 4786.980 -0.0022
 4787.000 -0.0003
 4787.020  0.0021
 4787.040  0.0029
 4787.060  0.0017
 4787.080  0.0001
 4787.100 -0.0006
 4787.120 -0.0002
 4787.140  0.0011
 4787.160  0.0027
 4787.180  0.0048
 4787.200  0.0066
 4787.220  0.0071
 4787.240  0.0064
 4787.260  0.0071
 4787.280  0.0100
 4787.300  0.0121
 4787.320  0.0116
 4787.340  0.0108
 4787.360  0.0117
 4787.380  0.0135
 4787.400  0.0138
 4787.420  0.0120
 4787.440  0.0090
 4787.460  0.0062
 4787.480  0.0050
 4787.500  0.0055
 4787.520  0.0057
 4787.540  0.0038
 4787.560  0.0007
 4787.580 -0.0007
 4787.600  0.0012
 4787.620  0.0050
 4787.640  0.0064
 4787.660  0.0048
 4787.680  0.0049
 4787.700  0.0096
 4787.720  0.0143
 4787.740  0.0144
 4787.760  0.0116
 4787.780  0.0096
 4787.800  0.0097
 4787.820  0.0106
 4787.840  0.0107
 4787.860  0.0088
 4787.880  0.0052
 4787.900  0.0011
 4787.920 -0.0015
 4787.940 -0.0010
 4787.960  0.0014
 4787.980  0.0029
 4788.000  0.0021
 4788.020  0.0012
 4788.040  0.0024
 4788.060  0.0039
 4788.080  0.0036
 4788.100  0.0031
 4788.120  0.0044
 4788.140  0.0070
 4788.160  0.0086
 4788.180  0.0075
 4788.200  0.0037
 4788.220 -0.0014
 4788.240 -0.0053
 4788.260 -0.0058
 4788.280 -0.0018
 4788.300  0.0054
 4788.320  0.0130
 4788.340  0.0184
 4788.360  0.0205
 4788.380  0.0202
 4788.400  0.0177
 4788.420  0.0129
 4788.440  0.0079
 4788.460  0.0050
 4788.480  0.0050
 4788.500  0.0063
 4788.520  0.0072
 4788.540  0.0064
 4788.560  0.0039
 4788.580  0.0008
 4788.600 -0.0018
 4788.620 -0.0028
 4788.640 -0.0018
 4788.660  0.0009
 4788.680  0.0044
 4788.700  0.0078
 4788.720  0.0102
 4788.740  0.0115
 4788.760  0.0114
 4788.780  0.0086
 4788.800  0.0025
 4788.820 -0.0039
 4788.840 -0.0068
 4788.860 -0.0054
 4788.880 -0.0020
 4788.900  0.0006
 4788.920  0.0016
 4788.940  0.0027
 4788.960  0.0051
 4788.980  0.0079
 4789.000  0.0091
 4789.020  0.0081
 4789.040  0.0055
 4789.060  0.0031
 4789.080  0.0024
 4789.100  0.0035
 4789.120  0.0040
 4789.140  0.0023
 4789.160 -0.0002
 4789.180 -0.0006
 4789.200  0.0008
 4789.220  0.0014
 4789.240  0.0010
 4789.260  0.0014
 4789.280  0.0031
 4789.300  0.0054
 4789.320  0.0072
 4789.340  0.0085
 4789.360  0.0098
 4789.380  0.0105
 4789.400  0.0085
 4789.420  0.0042
 4789.440  0.0004
 4789.460 -0.0017
 4789.480 -0.0036
 4789.500 -0.0062
 4789.520 -0.0081
 4789.540 -0.0084
 4789.560 -0.0077
 4789.580 -0.0053
 4789.600  0.0007
 4789.620  0.0086
 4789.640  0.0133
 4789.660  0.0113
 4789.680  0.0052
 4789.700  0.0024
 4789.720  0.0057
 4789.740  0.0095
 4789.760  0.0080
 4789.780  0.0033
 4789.800  0.0005
 4789.820  0.0017
 4789.840  0.0047
 4789.860  0.0059
 4789.880  0.0052
 4789.900  0.0056
 4789.920  0.0082
 4789.940  0.0110
 4789.960  0.0121
 4789.980  0.0117
 4790.000  0.0116
 4790.020  0.0119
 4790.040  0.0111
 4790.060  0.0075
 4790.080  0.0020
 4790.100 -0.0026
 4790.120 -0.0045
 4790.140 -0.0032
 4790.160  0.0004
 4790.180  0.0054
 4790.200  0.0109
 4790.220  0.0154
 4790.240  0.0171
 4790.260  0.0152
 4790.280  0.0109
 4790.300  0.0061
 4790.320  0.0024
 4790.340  0.0007
 4790.360  0.0014
 4790.380  0.0034
 4790.400  0.0050
 4790.420  0.0039
 4790.440  0.0005
 4790.460 -0.0021
 4790.480 -0.0007
 4790.500  0.0042
 4790.520  0.0089
 4790.540  0.0108
 4790.560  0.0100
 4790.580  0.0082
 4790.600  0.0064
 4790.620  0.0037
 4790.640  0.0001
 4790.660 -0.0027
 4790.680 -0.0032
 4790.700 -0.0021
 4790.720 -0.0001
 4790.740  0.0025
 4790.760  0.0049
 4790.780  0.0058
 4790.800  0.0050
 4790.820  0.0037
 4790.840  0.0038
 4790.860  0.0058
 4790.880  0.0080
 4790.900  0.0082
 4790.920  0.0069
 4790.940  0.0062
 4790.960  0.0073
 4790.980  0.0088
 4791.000  0.0082
 4791.020  0.0050
 4791.040  0.0023
 4791.060  0.0031
 4791.080  0.0059
 4791.100  0.0067
 4791.120  0.0027
 4791.140 -0.0025
 4791.160 -0.0026
 4791.180  0.0031
 4791.200  0.0085
 4791.220  0.0088
 4791.240  0.0053
 4791.260  0.0024
 4791.280  0.0030
 4791.300  0.0054
 4791.320  0.0064
 4791.340  0.0059
 4791.360  0.0053
 4791.380  0.0047
 4791.400  0.0031
 4791.420  0.0013
 4791.440  0.0001
 4791.460 -0.0011
 4791.480 -0.0021
 4791.500 -0.0013
 4791.520  0.0020
 4791.540  0.0063
 4791.560  0.0084
 4791.580  0.0066
 4791.600  0.0017
 4791.620 -0.0032
 4791.640 -0.0054
 4791.660 -0.0042
 4791.680 -0.0002
 4791.700  0.0042
 4791.720  0.0068
 4791.740  0.0067
 4791.760  0.0057
 4791.780  0.0062
 4791.800  0.0081
 4791.820  0.0100
 4791.840  0.0112
 4791.860  0.0129
 4791.880  0.0165
 4791.900  0.0204
 4791.920  0.0204
 4791.940  0.0149
 4791.960  0.0072
 4791.980  0.0018
 4792.000  0.0010
 4792.020  0.0035
 4792.040  0.0059
 4792.060  0.0060
 4792.080  0.0038
 4792.100 -0.0001
 4792.120 -0.0044
 4792.140 -0.0060
 4792.160 -0.0025
 4792.180  0.0036
 4792.200  0.0075
 4792.220  0.0069
 4792.240  0.0032
 4792.260  0.0007
 4792.280  0.0013
 4792.300  0.0027
 4792.320  0.0025
 4792.340  0.0013
 4792.360  0.0003
 4792.380 -0.0004
 4792.400 -0.0011
 4792.420 -0.0010
 4792.440  0.0003
 4792.460  0.0025
 4792.480  0.0045
 4792.500  0.0057
 4792.520  0.0058
 4792.540  0.0054
 4792.560  0.0060
 4792.580  0.0079
 4792.600  0.0095
 4792.620  0.0083
 4792.640  0.0037
 4792.660 -0.0014
 4792.680 -0.0026
 4792.700  0.0011
 4792.720  0.0060
 4792.740  0.0080
 4792.760  0.0070
 4792.780  0.0049
 4792.800  0.0030
 4792.820  0.0021
 4792.840  0.0024
 4792.860  0.0031
 4792.880  0.0025
 4792.900  0.0005
 4792.920 -0.0016
 4792.940 -0.0021
 4792.960 -0.0011
 4792.980  0.0002
 4793.000  0.0010
 4793.020  0.0017
 4793.040  0.0033
 4793.060  0.0046
 4793.080  0.0051
 4793.100  0.0058
 4793.120  0.0073
 4793.140  0.0074
 4793.160  0.0048
 4793.180  0.0011
 4793.200 -0.0016
 4793.220 -0.0026
 4793.240 -0.0018
 4793.260  0.0003
 4793.280  0.0026
 4793.300  0.0037
 4793.320  0.0030
 4793.340  0.0015
 4793.360  0.0002
 4793.380 -0.0004
 4793.400 -0.0017
 4793.420 -0.0045
 4793.440 -0.0077
 4793.460 -0.0092
 4793.480 -0.0087
 4793.500 -0.0064
 4793.520 -0.0020
 4793.540  0.0042
 4793.560  0.0106
 4793.580  0.0155
 4793.600  0.0179
 4793.620  0.0175
 4793.640  0.0139
 4793.660  0.0091
 4793.680  0.0059
 4793.700  0.0050
 4793.720  0.0047
 4793.740  0.0045
 4793.760  0.0045
 4793.780  0.0042
 4793.800  0.0026
 4793.820  0.0003
 4793.840 -0.0007
 4793.860  0.0012
 4793.880  0.0043
 4793.900  0.0044
 4793.920  0.0004
 4793.940 -0.0023
 4793.960  0.0006
 4793.980  0.0065
 4794.000  0.0099
 4794.020  0.0086
 4794.040  0.0043
 4794.060  0.0006
 4794.080  0.0001
 4794.100  0.0028
 4794.120  0.0060
 4794.140  0.0066
 4794.160  0.0047
 4794.180  0.0031
 4794.200  0.0040
 4794.220  0.0065
 4794.240  0.0076
 4794.260  0.0064
 4794.280  0.0053
 4794.300  0.0063
 4794.320  0.0069
 4794.340  0.0051
 4794.360  0.0042
 4794.380  0.0064
 4794.400  0.0082
 4794.420  0.0068
 4794.440  0.0040
 4794.460  0.0022
 4794.480  0.0003
 4794.500 -0.0034
 4794.520 -0.0077
 4794.540 -0.0090
 4794.560 -0.0049
 4794.580  0.0011
 4794.600  0.0040
 4794.620  0.0038
 4794.640  0.0036
 4794.660  0.0030
 4794.680  0.0009
 4794.700  0.0011
 4794.720  0.0062
 4794.740  0.0107
 4794.760  0.0089
 4794.780  0.0049
 4794.800  0.0052
 4794.820  0.0109
 4794.840  0.0171
 4794.860  0.0184
 4794.880  0.0153
 4794.900  0.0123
 4794.920  0.0104
 4794.940  0.0058
 4794.960 -0.0013
 4794.980 -0.0059
 4795.000 -0.0051
 4795.020 -0.0010
 4795.040  0.0028
 4795.060  0.0043
 4795.080  0.0049
 4795.100  0.0064
 4795.120  0.0084
 4795.140  0.0094
 4795.160  0.0088
 4795.180  0.0077
 4795.200  0.0070
 4795.220  0.0064
 4795.240  0.0045
 4795.260  0.0016
 4795.280  0.0001
 4795.300  0.0019
 4795.320  0.0056
 4795.340  0.0078
 4795.360  0.0060
 4795.380  0.0015
 4795.400 -0.0015
 4795.420 -0.0007
 4795.440  0.0023
 4795.460  0.0050
 4795.480  0.0058
 4795.500  0.0054
 4795.520  0.0055
 4795.540  0.0067
 4795.560  0.0078
 4795.580  0.0059
 4795.600  0.0013
 4795.620 -0.0013
 4795.640  0.0012
 4795.660  0.0064
 4795.680  0.0101
 4795.700  0.0108
 4795.720  0.0085
 4795.740  0.0041
 4795.760 -0.0010
 4795.780 -0.0048
 4795.800 -0.0051
 4795.820 -0.0016
 4795.840  0.0024
 4795.860  0.0035
 4795.880  0.0025
 4795.900  0.0027
 4795.920  0.0039
 4795.940  0.0038
 4795.960  0.0019
 4795.980  0.0000
 4796.000 -0.0002
 4796.020  0.0012
 4796.040  0.0023
 4796.060  0.0022
 4796.080  0.0026
 4796.100  0.0036
 4796.120  0.0031
 4796.140  0.0004
 4796.160 -0.0018
 4796.180  0.0000
 4796.200  0.0057
 4796.220  0.0107
 4796.240  0.0101
 4796.260  0.0061
 4796.280  0.0041
 4796.300  0.0051
 4796.320  0.0060
 4796.340  0.0062
 4796.360  0.0078
 4796.380  0.0106
 4796.400  0.0113
 4796.420  0.0061
 4796.440 -0.0018
 4796.460 -0.0035
 4796.480  0.0036
 4796.500  0.0118
 4796.520  0.0145
 4796.540  0.0126
 4796.560  0.0108
 4796.580  0.0107
 4796.600  0.0108
 4796.620  0.0085
 4796.640  0.0031
 4796.660 -0.0026
 4796.680 -0.0043
 4796.700  0.0003
 4796.720  0.0081
 4796.740  0.0131
 4796.760  0.0117
 4796.780  0.0058
 4796.800  0.0017
 4796.820  0.0027
 4796.840  0.0057
 4796.860  0.0069
 4796.880  0.0070
 4796.900  0.0079
 4796.920  0.0084
 4796.940  0.0064
 4796.960  0.0023
 4796.980 -0.0014
 4797.000 -0.0025
 4797.020 -0.0013
 4797.040  0.0002
 4797.060  0.0020
 4797.080  0.0056
 4797.100  0.0099
 4797.120  0.0122
 4797.140  0.0118
 4797.160  0.0106
 4797.180  0.0105
 4797.200  0.0114
 4797.220  0.0101
 4797.240  0.0050
 4797.260 -0.0011
 4797.280 -0.0036
 4797.300 -0.0010
 4797.320  0.0049
 4797.340  0.0101
 4797.360  0.0116
 4797.380  0.0088
 4797.400  0.0047
 4797.420  0.0034
 4797.440  0.0063
 4797.460  0.0101
 4797.480  0.0099
 4797.500  0.0042
 4797.520 -0.0014
 4797.540 -0.0010
 4797.560  0.0036
 4797.580  0.0062
 4797.600  0.0049
 4797.620  0.0024
 4797.640  0.0018
 4797.660  0.0030
 4797.680  0.0035
 4797.700  0.0021
 4797.720 -0.0001
 4797.740 -0.0011
 4797.760 -0.0002
 4797.780  0.0024
 4797.800  0.0059
 4797.820  0.0088
 4797.840  0.0090
 4797.860  0.0078
 4797.880  0.0081
 4797.900  0.0105
 4797.920  0.0127
 4797.940  0.0129
 4797.960  0.0108
 4797.980  0.0071
 4798.000  0.0029
 4798.020 -0.0009
 4798.040 -0.0036
 4798.060 -0.0055
 4798.080 -0.0064
 4798.100 -0.0055
 4798.120 -0.0021
 4798.140  0.0025
 4798.160  0.0060
 4798.180  0.0066
 4798.200  0.0055
 4798.220  0.0053
 4798.240  0.0059
 4798.260  0.0044
 4798.280  0.0002
 4798.300 -0.0037
 4798.320 -0.0049
 4798.340 -0.0040
 4798.360 -0.0029
 4798.380 -0.0022
 4798.400 -0.0003
 4798.420  0.0038
 4798.440  0.0075
 4798.460  0.0083
 4798.480  0.0073
 4798.500  0.0071
 4798.520  0.0072
 4798.540  0.0056
 4798.560  0.0021
 4798.580 -0.0011
 4798.600 -0.0016
 4798.620  0.0006
 4798.640  0.0024
 4798.660  0.0026
 4798.680  0.0022
 4798.700  0.0011
 4798.720 -0.0017
 4798.740 -0.0036
 4798.760 -0.0003
 4798.780  0.0061
 4798.800  0.0093
 4798.820  0.0067
 4798.840  0.0020
 4798.860  0.0003
 4798.880  0.0028
 4798.900  0.0044
 4798.920  0.0010
 4798.940 -0.0044
 4798.960 -0.0073
 4798.980 -0.0064
 4799.000 -0.0028
 4799.020  0.0020
 4799.040  0.0052
 4799.060  0.0035
 4799.080 -0.0015
 4799.100 -0.0041
 4799.120 -0.0017
 4799.140  0.0032
 4799.160  0.0065
 4799.180  0.0064
 4799.200  0.0044
 4799.220  0.0022
 4799.240 -0.0004
 4799.260 -0.0039
 4799.280 -0.0057
 4799.300 -0.0034
 4799.320  0.0024
 4799.340  0.0081
 4799.360  0.0109
 4799.380  0.0093
 4799.400  0.0033
 4799.420 -0.0038
 4799.440 -0.0073
 4799.460 -0.0058
 4799.480 -0.0028
 4799.500 -0.0010
 4799.520 -0.0001
 4799.540  0.0022
 4799.560  0.0063
 4799.580  0.0103
 4799.600  0.0117
 4799.620  0.0107
 4799.640  0.0093
 4799.660  0.0089
 4799.680  0.0086
 4799.700  0.0061
 4799.720  0.0013
 4799.740 -0.0022
 4799.760 -0.0012
 4799.780  0.0040
 4799.800  0.0108
 4799.820  0.0165
 4799.840  0.0191
 4799.860  0.0183
 4799.880  0.0141
 4799.900  0.0072
 4799.920 -0.0003
 4799.940 -0.0053
 4799.960 -0.0071
 4799.980 -0.0071
 4800.000 -0.0061
 4800.020 -0.0039
 4800.040 -0.0010
 4800.060  0.0020
 4800.080  0.0058
 4800.100  0.0107
 4800.120  0.0139
 4800.140  0.0131
 4800.160  0.0097
 4800.180  0.0063
 4800.200  0.0032
 4800.220 -0.0008
 4800.240 -0.0058
 4800.260 -0.0087
 4800.280 -0.0054
 4800.300  0.0033
 4800.320  0.0106
 4800.340  0.0123
 4800.360  0.0101
 4800.380  0.0089
 4800.400  0.0114
 4800.420  0.0157
 4800.440  0.0167
 4800.460  0.0111
 4800.480  0.0021
 4800.500 -0.0025
 4800.520  0.0008
 4800.540  0.0062
 4800.560  0.0074
 4800.580  0.0060
 4800.600  0.0067
 4800.620  0.0094
 4800.640  0.0107
 4800.660  0.0085
 4800.680  0.0057
 4800.700  0.0072
 4800.720  0.0120
 4800.740  0.0134
 4800.760  0.0092
 4800.780  0.0042
 4800.800  0.0021
 4800.820  0.0020
 4800.840  0.0026
 4800.860  0.0046
 4800.880  0.0086
 4800.900  0.0135
 4800.920  0.0171
 4800.940  0.0171
 4800.960  0.0130
 4800.980  0.0066
 4801.000  0.0009
 4801.020 -0.0015
 4801.040 -0.0005
 4801.060  0.0018
 4801.080  0.0036
 4801.100  0.0051
 4801.120  0.0078
 4801.140  0.0111
 4801.160  0.0125
 4801.180  0.0112
 4801.200  0.0094
 4801.220  0.0086
 4801.240  0.0082
 4801.260  0.0079
 4801.280  0.0076
 4801.300  0.0068
 4801.320  0.0053
 4801.340  0.0034
 4801.360  0.0020
 4801.380  0.0007
 4801.400 -0.0009
 4801.420 -0.0020
 4801.440 -0.0018
 4801.460 -0.0003
 4801.480  0.0011
 4801.500  0.0011
 4801.520 -0.0008
 4801.540 -0.0034
 4801.560 -0.0052
 4801.580 -0.0054
 4801.600 -0.0036
 4801.620 -0.0002
 4801.640  0.0032
 4801.660  0.0047
 4801.680  0.0031
 4801.700 -0.0008
 4801.720 -0.0052
 4801.740 -0.0077
 4801.760 -0.0064
 4801.780 -0.0015
 4801.800  0.0046
 4801.820  0.0090
 4801.840  0.0108
 4801.860  0.0109
 4801.880  0.0106
 4801.900  0.0096
 4801.920  0.0065
 4801.940  0.0019
 4801.960 -0.0010
 4801.980  0.0002
 4802.000  0.0047
 4802.020  0.0089
 4802.040  0.0094
 4802.060  0.0060
 4802.080  0.0011
 4802.100 -0.0032
 4802.120 -0.0058
 4802.140 -0.0053
 4802.160 -0.0010
 4802.180  0.0048
 4802.200  0.0092
 4802.220  0.0113
 4802.240  0.0114
 4802.260  0.0097
 4802.280  0.0064
 4802.300  0.0020
 4802.320 -0.0018
 4802.340 -0.0039
 4802.360 -0.0041
 4802.380 -0.0035
 4802.400 -0.0028
 4802.420 -0.0019
 4802.440 -0.0019
 4802.460 -0.0035
 4802.480 -0.0047
 4802.500 -0.0031
 4802.520 -0.0001
 4802.540  0.0017
 4802.560  0.0035
 4802.580  0.0075
 4802.600  0.0112
 4802.620  0.0098
 4802.640  0.0027
 4802.660 -0.0055
 4802.680 -0.0092
 4802.700 -0.0059
 4802.720  0.0011
 4802.740  0.0076
 4802.760  0.0112
 4802.780  0.0109
 4802.800  0.0065
 4802.820  0.0021
 4802.840  0.0026
 4802.860  0.0059
 4802.880  0.0055
 4802.900  0.0010
 4802.920 -0.0015
 4802.940  0.0007
 4802.960  0.0042
 4802.980  0.0000
 4803.000  0.0000
