           1.0000
           1.27
 4897.000  0.2019
 4897.020  0.1992
 4897.040  0.2092
 4897.060  0.2197
 4897.080  0.2341
 4897.100  0.2566
 4897.120  0.2924
 4897.140  0.3405
 4897.160  0.3951
 4897.180  0.4452
 4897.200  0.4795
 4897.220  0.4990
 4897.240  0.5143
 4897.260  0.5286
 4897.280  0.5366
 4897.300  0.5373
 4897.320  0.5372
 4897.340  0.5424
 4897.360  0.5550
 4897.380  0.5729
 4897.400  0.5900
 4897.420  0.6003
 4897.440  0.6015
 4897.460  0.5948
 4897.480  0.5833
 4897.500  0.5704
 4897.520  0.5544
 4897.540  0.5325
 4897.560  0.5072
 4897.580  0.4847
 4897.600  0.4685
 4897.620  0.4592
 4897.640  0.4561
 4897.660  0.4613
 4897.680  0.4784
 4897.700  0.5068
 4897.720  0.5390
 4897.740  0.5654
 4897.760  0.5800
 4897.780  0.5806
 4897.800  0.5705
 4897.820  0.5559
 4897.840  0.5440
 4897.860  0.5430
 4897.880  0.5580
 4897.900  0.5871
 4897.920  0.6213
 4897.940  0.6494
 4897.960  0.6695
 4897.980  0.6904
 4898.000  0.7201
 4898.020  0.7619
 4898.040  0.8124
 4898.060  0.8591
 4898.080  0.8896
 4898.100  0.9049
 4898.120  0.9112
 4898.140  0.9078
 4898.160  0.8964
 4898.180  0.8872
 4898.200  0.8805
 4898.220 -1.0000
 4898.240 -1.0000
 4898.260 -1.0000
 4898.280 -1.0000
 4898.300 -1.0000
 4898.320 -1.0000
 4898.340 -1.0000
 4898.360  0.3308
 4898.380  0.3345
 4898.400  0.3558
 4898.420  0.3860
 4898.440  0.4192
 4898.460  0.4504
 4898.480  0.4757
 4898.500  0.4948
 4898.520  0.5118
 4898.540  0.5280
 4898.560  0.5378
 4898.580  0.5356
 4898.600  0.5221
 4898.620  0.5032
 4898.640  0.4862
 4898.660  0.4890
 4898.680  0.5267
 4898.700  0.5716
 4898.720  0.5882
 4898.740  0.5901
 4898.760  0.5918
 4898.780  0.5814
 4898.800  0.5593
 4898.820  0.5389
 4898.840  0.5299
 4898.860  0.5401
 4898.880  0.5730
 4898.900  0.6221
 4898.920  0.6709
 4898.940  0.6989
 4898.960  0.6898
 4898.980  0.6393
 4899.000  0.5578
 4899.020  0.4661
 4899.040  0.3838
 4899.060  0.3215
 4899.080  0.2821
 4899.100  0.2630
 4899.120  0.2603
 4899.140  0.2717
 4899.160  0.2962
 4899.180  0.3297
 4899.200  0.3629
 4899.220  0.3886
 4899.240  0.4096
 4899.260  0.4306
 4899.280  0.4491
 4899.300  0.4560
 4899.320  0.4433
 4899.340  0.4125
 4899.360  0.3756
 4899.380  0.3448
 4899.400  0.3274
 4899.420  0.3333
 4899.440  0.3726
 4899.460  0.4376
 4899.480  0.5067
 4899.500  0.5655
 4899.520  0.6085
 4899.540 -1.0000
 4899.560 -1.0000
 4899.580 -1.0000
 4899.600 -1.0000
 4899.620 -1.0000
 4899.640 -1.0000
 4899.660 -1.0000
 4899.680 -1.0000
 4899.700  0.7599
 4899.720  0.7172
 4899.740  0.6566
 4899.760  0.5942
 4899.780  0.5414
 4899.800  0.5068
 4899.820  0.4935
 4899.840  0.4984
 4899.860  0.5158
 4899.880  0.5408
 4899.900  0.5690
 4899.920  0.5935
 4899.940  0.6071
 4899.960  0.6110
 4899.980  0.6147
 4900.000  0.6276
 4900.020  0.6548
 4900.040  0.6976
 4900.060  0.7495
 4900.080  0.7941
 4900.100  0.8182
 4900.120  0.8234
 4900.140  0.8182
 4900.160  0.8058
 4900.180  0.7851
 4900.200  0.7558
 4900.220  0.7185
 4900.240  0.6755
 4900.260  0.6269
 4900.280  0.5712
 4900.300  0.5146
 4900.320  0.4685
 4900.340  0.4365
 4900.360  0.4172
 4900.380  0.4097
 4900.400  0.4120
 4900.420  0.4220
 4900.440  0.4405
 4900.460  0.4683
 4900.480  0.5047
 4900.500  0.5477
 4900.520  0.5933
 4900.540  0.6346
 4900.560  0.6612
 4900.580  0.6626
 4900.600  0.6364
 4900.620  0.5922
 4900.640  0.5471
 4900.660  0.5181
 4900.680  0.5151
 4900.700  0.5380
 4900.720  0.5821
 4900.740  0.6386
 4900.760  0.6890
 4900.780  0.7126
 4900.800  0.7025
 4900.820  0.6695
 4900.840  0.6363
 4900.860 -1.0000
 4900.880 -1.0000
 4900.900 -1.0000
 4900.920 -1.0000
 4900.940 -1.0000
 4900.960 -1.0000
 4900.980 -1.0000
 4901.000  0.6428
 4901.020  0.6728
 4901.040  0.7143
 4901.060  0.7557
 4901.080  0.7826
 4901.100  0.7797
 4901.120  0.7405
 4901.140  0.6741
 4901.160  0.5992
 4901.180  0.5342
 4901.200  0.4893
 4901.220  0.4631
 4901.240  0.4487
 4901.260  0.4455
 4901.280  0.4593
 4901.300  0.4913
 4901.320  0.5343
 4901.340  0.5817
 4901.360  0.6294
 4901.380  0.6693
 4901.400  0.6903
 4901.420  0.6845
 4901.440  0.6490
 4901.460  0.5899
 4901.480  0.5199
 4901.500  0.4489
 4901.520  0.3809
 4901.540  0.3186
 4901.560  0.2646
 4901.580  0.2221
 4901.600  0.1936
 4901.620  0.1795
 4901.640  0.1759
 4901.660  0.1786
 4901.680  0.1887
 4901.700  0.2092
 4901.720  0.2379
 4901.740  0.2730
 4901.760  0.3192
 4901.780  0.3750
 4901.800  0.4234
 4901.820  0.4464
 4901.840  0.4395
 4901.860  0.4066
 4901.880  0.3574
 4901.900  0.3091
 4901.920  0.2792
 4901.940  0.2769
 4901.960  0.3029
 4901.980  0.3553
 4902.000  0.4303
 4902.020  0.5195
 4902.040  0.6079
 4902.060  0.6791
 4902.080  0.7251
 4902.100  0.7516
 4902.120  0.7638
 4902.140 -1.0000
 4902.160 -1.0000
 4902.180 -1.0000
 4902.200 -1.0000
 4902.220 -1.0000
 4902.240 -1.0000
 4902.260 -1.0000
 4902.280  0.4629
 4902.300  0.4928
 4902.320  0.5548
 4902.340  0.6309
 4902.360  0.7000
 4902.380  0.7468
 4902.400  0.7571
 4902.420  0.7180
 4902.440  0.6337
 4902.460  0.5296
 4902.480  0.4358
 4902.500  0.3704
 4902.520  0.3354
 4902.540  0.3238
 4902.560  0.3300
 4902.580  0.3514
 4902.600  0.3833
 4902.620  0.4185
 4902.640  0.4541
 4902.660  0.4942
 4902.680  0.5435
 4902.700  0.6009
 4902.720  0.6584
 4902.740  0.7076
 4902.760  0.7435
 4902.780  0.7664
 4902.800  0.7820
 4902.820  0.7942
 4902.840  0.8006
 4902.860  0.7966
 4902.880  0.7837
 4902.900  0.7705
 4902.920  0.7665
 4902.940  0.7738
 4902.960  0.7853
 4902.980  0.7869
 4903.000  0.7657
 4903.020  0.7187
 4903.040  0.6561
 4903.060  0.5965
 4903.080  0.5577
 4903.100  0.5492
 4903.120  0.5712
 4903.140  0.6164
 4903.160  0.6727
 4903.180  0.7252
 4903.200  0.7573
 4903.220  0.7565
 4903.240  0.7226
 4903.260  0.6666
 4903.280  0.6028
 4903.300  0.5417
 4903.320  0.4895
 4903.340  0.4517
 4903.360  0.4322
 4903.380  0.4252
 4903.400  0.4151
 4903.420  0.3969
 4903.440  0.3791
 4903.460  0.3638
 4903.480  0.3514
 4903.500  0.3526
 4903.520  0.3702
 4903.540  0.3971
 4903.560  0.4320
 4903.580  0.4730
 4903.600  0.5086
 4903.620  0.5325
 4903.640  0.5508
 4903.660  0.5717
 4903.680  0.5982
 4903.700  0.6311
 4903.720  0.6681
 4903.740  0.7008
 4903.760  0.7174
 4903.780  0.7110
 4903.800  0.6851
 4903.820  0.6509
 4903.840  0.6210
 4903.860  0.6043
 4903.880  0.6050
 4903.900  0.6218
 4903.920  0.6517
 4903.940  0.6921
 4903.960  0.7394
 4903.980  0.7862
 4904.000  0.8216
 4904.020  0.8356
 4904.040  0.8246
 4904.060  0.7916
 4904.080  0.7417
 4904.100  0.6821
 4904.120  0.6254
 4904.140  0.5867
 4904.160  0.5763
 4904.180  0.5945
 4904.200  0.6322
 4904.220  0.6760
 4904.240  0.7138
 4904.260  0.7369
 4904.280  0.7386
 4904.300  0.7133
 4904.320  0.6585
 4904.340  0.5803
 4904.360  0.4950
 4904.380  0.4193
 4904.400  0.3600
 4904.420  0.3150
 4904.440  0.2795
 4904.460  0.2555
 4904.480  0.2505
 4904.500  0.2658
 4904.520  0.2930
 4904.540  0.3240
 4904.560  0.3565
 4904.580  0.3918
 4904.600  0.4276
 4904.620  0.4593
 4904.640  0.4952
 4904.660  0.5476
 4904.680  0.6020
 4904.700  0.6406
 4904.720  0.6759
 4904.740  0.7152
 4904.760  0.7433
 4904.780  0.7553
 4904.800  0.7585
 4904.820  0.7537
 4904.840  0.7372
 4904.860  0.7096
 4904.880  0.6765
 4904.900  0.6469
 4904.920  0.6301
 4904.940  0.6317
 4904.960  0.6530
 4904.980  0.6890
 4905.000  0.7270
 4905.020  0.7549
 4905.040  0.7693
 4905.060  0.7711
 4905.080  0.7589
 4905.100  0.7343
 4905.120  0.7076
 4905.140  0.6908
 4905.160  0.6876
 4905.180  0.6939
 4905.200  0.7020
 4905.220  0.7043
 4905.240  0.6994
 4905.260  0.6955
 4905.280  0.7055
 4905.300  0.7335
 4905.320  0.7702
 4905.340  0.8011
 4905.360  0.8157
 4905.380  0.8136
 4905.400  0.8022
 4905.420  0.7920
 4905.440  0.7932
 4905.460  0.8107
 4905.480  0.8377
 4905.500  0.8574
 4905.520  0.8565
 4905.540  0.8342
 4905.560  0.7922
 4905.580  0.7246
 4905.600  0.6303
 4905.620  0.5250
 4905.640  0.4289
 4905.660  0.3531
 4905.680  0.3023
 4905.700  0.2799
 4905.720  0.2842
 4905.740  0.3113
 4905.760  0.3634
 4905.780  0.4438
 4905.800  0.5404
 4905.820  0.6276
 4905.840  0.6905
 4905.860  0.7327
 4905.880  0.7603
 4905.900  0.7782
 4905.920  0.7878
 4905.940  0.7831
 4905.960  0.7663
 4905.980  0.7500
 4906.000  0.7392
 4906.020  0.7232
 4906.040  0.6844
 4906.060  0.6149
 4906.080  0.5260
 4906.100  0.4403
 4906.120  0.3776
 4906.140  0.3464
 4906.160  0.3428
 4906.180  0.3593
 4906.200  0.3919
 4906.220  0.4430
 4906.240  0.5140
 4906.260  0.5971
 4906.280  0.6797
 4906.300  0.7529
 4906.320  0.8048
 4906.340  0.8200
 4906.360  0.7921
 4906.380  0.7316
 4906.400  0.6602
 4906.420  0.6010
 4906.440  0.5679
 4906.460  0.5599
 4906.480  0.5663
 4906.500  0.5759
 4906.520  0.5811
 4906.540  0.5775
 4906.560  0.5640
 4906.580  0.5426
 4906.600  0.5179
 4906.620  0.4942
 4906.640  0.4722
 4906.660  0.4506
 4906.680  0.4300
 4906.700  0.4128
 4906.720  0.3984
 4906.740  0.3842
 4906.760  0.3720
 4906.780  0.3698
 4906.800  0.3861
 4906.820  0.4236
 4906.840  0.4772
 4906.860  0.5362
 4906.880  0.5877
 4906.900  0.6195
 4906.920  0.6253
 4906.940  0.6121
 4906.960  0.5942
 4906.980  0.5769
 4907.000  0.5627
 4907.020  0.5650
 4907.040  0.5916
 4907.060  0.6340
 4907.080  0.6830
 4907.100  0.7280
 4907.120  0.7524
 4907.140  0.7513
 4907.160  0.7368
 4907.180  0.7223
 4907.200  0.7115
 4907.220  0.7018
 4907.240  0.6916
 4907.260  0.6824
 4907.280  0.6784
 4907.300  0.6829
 4907.320  0.6943
 4907.340  0.7064
 4907.360  0.7174
 4907.380  0.7306
 4907.400  0.7461
 4907.420  0.7580
 4907.440  0.7597
 4907.460  0.7500
 4907.480  0.7358
 4907.500  0.7259
 4907.520  0.7251
 4907.540  0.7329
 4907.560  0.7453
 4907.580  0.7563
 4907.600  0.7592
 4907.620  0.7506
 4907.640  0.7312
 4907.660  0.7003
 4907.680  0.6553
 4907.700  0.5967
 4907.720  0.5308
 4907.740  0.4687
 4907.760  0.4270
 4907.780  0.4217
 4907.800  0.4582
 4907.820  0.5314
 4907.840  0.6293
 4907.860  0.7343
 4907.880  0.8258
 4907.900  0.8891
 4907.920  0.9185
 4907.940  0.9164
 4907.960  0.8896
 4907.980  0.8457
 4908.000  0.7932
 4908.020  0.7429
 4908.040  0.7048
 4908.060  0.6847
 4908.080  0.6848
 4908.100  0.7035
 4908.120  0.7306
 4908.140  0.7542
 4908.160  0.7773
 4908.180  0.8055
 4908.200  0.8283
 4908.220  0.8372
 4908.240  0.8352
 4908.260  0.8224
 4908.280  0.8035
 4908.300  0.7946
 4908.320  0.8049
 4908.340  0.8300
 4908.360  0.8646
 4908.380  0.9043
 4908.400  0.9412
 4908.420  0.9649
 4908.440  0.9681
 4908.460  0.9465
 4908.480  0.8957
 4908.500  0.8140
 4908.520  0.7137
 4908.540  0.6211
 4908.560  0.5630
 4908.580  0.5496
 4908.600  0.5721
 4908.620  0.6173
 4908.640  0.6759
 4908.660  0.7346
 4908.680  0.7758
 4908.700  0.7926
 4908.720  0.7934
 4908.740  0.7911
 4908.760  0.7928
 4908.780  0.7975
 4908.800  0.7981
 4908.820  0.7848
 4908.840  0.7524
 4908.860  0.7049
 4908.880  0.6494
 4908.900  0.5904
 4908.920  0.5338
 4908.940  0.4889
 4908.960  0.4601
 4908.980  0.4425
 4909.000  0.4289
 4909.020  0.4169
 4909.040  0.4058
 4909.060  0.3920
 4909.080  0.3714
 4909.100  0.3460
 4909.120  0.3262
 4909.140  0.3198
 4909.160  0.3243
 4909.180  0.3329
 4909.200  0.3421
 4909.220  0.3479
 4909.240  0.3422
 4909.260  0.3234
 4909.280  0.3017
 4909.300  0.2898
 4909.320  0.2977
 4909.340  0.3285
 4909.360  0.3716
 4909.380  0.4094
 4909.400  0.4320
 4909.420  0.4408
 4909.440  0.4422
 4909.460  0.4417
 4909.480  0.4427
 4909.500  0.4477
 4909.520  0.4575
 4909.540  0.4688
 4909.560  0.4753
 4909.580  0.4711
 4909.600  0.4556
 4909.620  0.4353
 4909.640  0.4207
 4909.660  0.4196
 4909.680  0.4358
 4909.700  0.4718
 4909.720  0.5272
 4909.740  0.5962
 4909.760  0.6671
 4909.780  0.7309
 4909.800  0.7888
 4909.820  0.8406
 4909.840  0.8760
 4909.860  0.8872
 4909.880  0.8739
 4909.900  0.8362
 4909.920  0.7794
 4909.940  0.7149
 4909.960  0.6482
 4909.980  0.5785
 4910.000  0.5120
 4910.020  0.4627
 4910.040  0.4412
 4910.060  0.4502
 4910.080  0.4863
 4910.100  0.5387
 4910.120  0.5894
 4910.140  0.6216
 4910.160  0.6270
 4910.180  0.6078
 4910.200  0.5719
 4910.220  0.5276
 4910.240  0.4806
 4910.260  0.4349
 4910.280  0.3916
 4910.300  0.3500
 4910.320  0.3107
 4910.340  0.2773
 4910.360  0.2536
 4910.380  0.2384
 4910.400  0.2293
 4910.420  0.2291
 4910.440  0.2396
 4910.460  0.2537
 4910.480  0.2649
 4910.500  0.2760
 4910.520  0.2909
 4910.540  0.3037
 4910.560  0.3065
 4910.580  0.2978
 4910.600  0.2821
 4910.620  0.2660
 4910.640  0.2556
 4910.660  0.2520
 4910.680  0.2520
 4910.700  0.2538
 4910.720  0.2568
 4910.740  0.2621
 4910.760  0.2733
 4910.780  0.2926
 4910.800  0.3132
 4910.820  0.3245
 4910.840  0.3261
 4910.860  0.3260
 4910.880  0.3284
 4910.900  0.3313
 4910.920  0.3332
 4910.940  0.3363
 4910.960  0.3453
 4910.980  0.3661
 4911.000  0.4042
 4911.020  0.4600
 4911.040  0.5245
 4911.060  0.5815
 4911.080  0.6129
 4911.100  0.6067
 4911.120  0.5634
 4911.140  0.4993
 4911.160  0.4400
 4911.180  0.4058
 4911.200  0.4035
 4911.220  0.4277
 4911.240  0.4645
 4911.260  0.4999
 4911.280  0.5246
 4911.300  0.5307
 4911.320  0.5174
 4911.340  0.4974
 4911.360  0.4868
 4911.380  0.4930
 4911.400  0.5199
 4911.420  0.5697
 4911.440  0.6336
 4911.460  0.6952
 4911.480  0.7392
 4911.500  0.7494
 4911.520  0.7134
 4911.540  0.6373
 4911.560  0.5452
 4911.580  0.4655
 4911.600  0.4151
 4911.620  0.3948
 4911.640  0.3952
 4911.660  0.4046
 4911.680  0.4138
 4911.700  0.4162
 4911.720  0.4077
 4911.740  0.3901
 4911.760  0.3743
 4911.780  0.3722
 4911.800  0.3898
 4911.820  0.4312
 4911.840  0.4969
 4911.860  0.5728
 4911.880  0.6394
 4911.900  0.6890
 4911.920  0.7204
 4911.940  0.7328
 4911.960  0.7311
 4911.980  0.7218
 4912.000  0.7093
 4912.020  0.6985
 4912.040  0.6936
 4912.060  0.6939
 4912.080  0.6966
 4912.100  0.7016
 4912.120  0.7100
 4912.140  0.7197
 4912.160  0.7256
 4912.180  0.7235
 4912.200  0.7114
 4912.220  0.6887
 4912.240  0.6596
 4912.260  0.6311
 4912.280  0.6084
 4912.300  0.5921
 4912.320  0.5796
 4912.340  0.5688
 4912.360  0.5600
 4912.380  0.5554
 4912.400  0.5555
 4912.420  0.5605
 4912.440  0.5737
 4912.460  0.5988
 4912.480  0.6378
 4912.500  0.6874
 4912.520  0.7330
 4912.540  0.7595
 4912.560  0.7685
 4912.580  0.7696
 4912.600  0.7678
 4912.620  0.7673
 4912.640  0.7726
 4912.660  0.7836
 4912.680  0.7953
 4912.700  0.8038
 4912.720  0.8065
 4912.740  0.7941
 4912.760  0.7520
 4912.780  0.6747
 4912.800  0.5747
 4912.820  0.4731
 4912.840  0.3864
 4912.860  0.3193
 4912.880  0.2695
 4912.900  0.2387
 4912.920  0.2316
 4912.940  0.2457
 4912.960  0.2724
 4912.980  0.3034
 4913.000  0.3325
 4913.020  0.3546
 4913.040  0.3685
 4913.060  0.3794
 4913.080  0.3932
 4913.100  0.4103
 4913.120  0.4241
 4913.140  0.4256
 4913.160  0.4131
 4913.180  0.3985
 4913.200  0.4007
 4913.220  0.4284
 4913.240  0.4738
 4913.260  0.5235
 4913.280  0.5732
 4913.300  0.6267
 4913.320  0.6839
 4913.340  0.7388
 4913.360  0.7869
 4913.380  0.8257
 4913.400  0.8499
 4913.420  0.8546
 4913.440  0.8401
 4913.460  0.8117
 4913.480  0.7833
 4913.500  0.7710
 4913.520  0.7754
 4913.540  0.7804
 4913.560  0.7689
 4913.580  0.7326
 4913.600  0.6765
 4913.620  0.6179
 4913.640  0.5790
 4913.660  0.5746
 4913.680  0.6066
 4913.700  0.6682
 4913.720  0.7470
 4913.740  0.8274
 4913.760  0.8960
 4913.780  0.9486
 4913.800  0.9866
 4913.820  1.0051
 4913.840  0.9945
 4913.860  0.9512
 4913.880  0.8775
 4913.900  0.7841
 4913.920  0.6955
 4913.940  0.6394
 4913.960  0.6254
 4913.980  0.6361
 4914.000  0.6444
 4914.020  0.6330
 4914.040  0.5950
 4914.060  0.5332
 4914.080  0.4608
 4914.100  0.3951
 4914.120  0.3459
 4914.140  0.3119
 4914.160  0.2879
 4914.180  0.2715
 4914.200  0.2640
 4914.220  0.2655
 4914.240  0.2709
 4914.260  0.2744
 4914.280  0.2760
 4914.300  0.2817
 4914.320  0.2992
 4914.340  0.3330
 4914.360  0.3795
 4914.380  0.4267
 4914.400  0.4605
 4914.420  0.4790
 4914.440  0.4918
 4914.460  0.5065
 4914.480  0.5266
 4914.500  0.5565
 4914.520  0.5975
 4914.540  0.6493
 4914.560  0.7148
 4914.580  0.7920
 4914.600  0.8652
 4914.620  0.9098
 4914.640  0.9110
 4914.660  0.8774
 4914.680  0.8266
 4914.700  0.7657
 4914.720  0.6966
 4914.740  0.6269
 4914.760  0.5659
 4914.780  0.5178
 4914.800  0.4787
 4914.820  0.4408
 4914.840  0.4040
 4914.860  0.3766
 4914.880  0.3643
 4914.900  0.3654
 4914.920  0.3764
 4914.940  0.3943
 4914.960  0.4150
 4914.980  0.4372
 4915.000  0.4663
 4915.020  0.5069
 4915.040  0.5532
 4915.060  0.5983
 4915.080  0.6407
 4915.100  0.6707
 4915.120  0.6761
 4915.140  0.6569
 4915.160  0.6159
 4915.180  0.5581
 4915.200  0.5045
 4915.220  0.4753
 4915.240  0.4722
 4915.260  0.4892
 4915.280  0.5231
 4915.300  0.5646
 4915.320  0.5968
 4915.340  0.6063
 4915.360  0.5906
 4915.380  0.5545
 4915.400  0.5069
 4915.420  0.4551
 4915.440  0.4058
 4915.460  0.3689
 4915.480  0.3514
 4915.500  0.3480
 4915.520  0.3486
 4915.540  0.3504
 4915.560  0.3540
 4915.580  0.3574
 4915.600  0.3619
 4915.620  0.3751
 4915.640  0.4005
 4915.660  0.4354
 4915.680  0.4795
 4915.700  0.5343
 4915.720  0.5941
 4915.740  0.6481
 4915.760  0.6915
 4915.780  0.7247
 4915.800  0.7458
 4915.820  0.7519
 4915.840  0.7464
 4915.860  0.7375
 4915.880  0.7317
 4915.900  0.7324
 4915.920  0.7411
 4915.940  0.7536
 4915.960  0.7588
 4915.980  0.7452
 4916.000  0.7094
 4916.020  0.6567
 4916.040  0.5972
 4916.060  0.5426
 4916.080  0.5005
 4916.100  0.4694
 4916.120  0.4411
 4916.140  0.4122
 4916.160  0.3875
 4916.180  0.3709
 4916.200  0.3620
 4916.220  0.3614
 4916.240  0.3753
 4916.260  0.4135
 4916.280  0.4758
 4916.300  0.5462
 4916.320  0.6123
 4916.340  0.6742
 4916.360  0.7299
 4916.380  0.7737
 4916.400  0.8062
 4916.420  0.8256
 4916.440  0.8259
 4916.460  0.8114
 4916.480  0.7939
 4916.500  0.7789
 4916.520  0.7673
 4916.540  0.7607
 4916.560  0.7582
 4916.580  0.7542
 4916.600  0.7416
 4916.620  0.7161
 4916.640  0.6802
 4916.660  0.6402
 4916.680  0.6044
 4916.700  0.5784
 4916.720  0.5598
 4916.740  0.5430
 4916.760  0.5266
 4916.780  0.5120
 4916.800  0.4990
 4916.820  0.4862
 4916.840  0.4728
 4916.860  0.4598
 4916.880  0.4491
 4916.900  0.4392
 4916.920  0.4270
 4916.940  0.4135
 4916.960  0.4010
 4916.980  0.3903
 4917.000  0.3874
 4917.020  0.4037
 4917.040  0.4460
 4917.060  0.5114
 4917.080  0.5877
 4917.100  0.6546
 4917.120  0.6974
 4917.140  0.7199
 4917.160  0.7348
 4917.180  0.7456
 4917.200  0.7452
 4917.220  0.7249
 4917.240  0.6817
 4917.260  0.6219
 4917.280  0.5604
 4917.300  0.5151
 4917.320  0.4983
 4917.340  0.5114
 4917.360  0.5466
 4917.380  0.5923
 4917.400  0.6393
 4917.420  0.6836
 4917.440  0.7232
 4917.460  0.7565
 4917.480  0.7864
 4917.500  0.8149
 4917.520  0.8321
 4917.540  0.8234
 4917.560  0.7802
 4917.580  0.7009
 4917.600  0.6003
 4917.620  0.5045
 4917.640  0.4227
 4917.660  0.3506
 4917.680  0.2939
 4917.700  0.2640
 4917.720  0.2636
 4917.740  0.2919
 4917.760  0.3477
 4917.780  0.4224
 4917.800  0.4965
 4917.820  0.5514
 4917.840  0.5788
 4917.860  0.5806
 4917.880  0.5653
 4917.900  0.5470
 4917.920  0.5401
 4917.940  0.5523
 4917.960  0.5835
 4917.980  0.6310
 4918.000  0.6893
 4918.020  0.7482
 4918.040  0.7978
 4918.060  0.8294
 4918.080  0.8350
 4918.100  0.8143
 4918.120  0.7751
 4918.140  0.7252
 4918.160  0.6732
 4918.180  0.6333
 4918.200  0.6171
 4918.220  0.6236
 4918.240  0.6396
 4918.260  0.6461
 4918.280  0.6302
 4918.300  0.5914
 4918.320  0.5385
 4918.340  0.4875
 4918.360  0.4587
 4918.380  0.4635
 4918.400  0.4950
 4918.420  0.5391
 4918.440  0.5894
 4918.460  0.6421
 4918.480  0.6852
 4918.500  0.7043
 4918.520  0.6926
 4918.540  0.6493
 4918.560  0.5791
 4918.580  0.4950
 4918.600  0.4149
 4918.620  0.3505
 4918.640  0.3043
 4918.660  0.2788
 4918.680  0.2778
 4918.700  0.2985
 4918.720  0.3344
 4918.740  0.3861
 4918.760  0.4567
 4918.780  0.5395
 4918.800  0.6208
 4918.820  0.6900
 4918.840  0.7415
 4918.860  0.7756
 4918.880  0.7966
 4918.900  0.8063
 4918.920  0.8031
 4918.940  0.7878
 4918.960  0.7635
 4918.980  0.7331
 4919.000  0.6979
 4919.020  0.6592
 4919.040  0.6180
 4919.060  0.5771
 4919.080  0.5430
 4919.100  0.5236
 4919.120  0.5245
 4919.140  0.5471
 4919.160  0.5880
 4919.180  0.6394
 4919.200  0.6918
 4919.220  0.7406
 4919.240  0.7856
 4919.260  0.8221
 4919.280  0.8409
 4919.300  0.8366
 4919.320  0.8151
 4919.340  0.7902
 4919.360  0.7695
 4919.380  0.7534
 4919.400  0.7434
 4919.420  0.7366
 4919.440  0.7198
 4919.460  0.6817
 4919.480  0.6241
 4919.500  0.5572
 4919.520  0.4929
 4919.540  0.4445
 4919.560  0.4245
 4919.580  0.4383
 4919.600  0.4820
 4919.620  0.5468
 4919.640  0.6211
 4919.660  0.6920
 4919.680  0.7497
 4919.700  0.7901
 4919.720  0.8149
 4919.740  0.8268
 4919.760  0.8215
 4919.780  0.7910
 4919.800  0.7343
 4919.820  0.6587
 4919.840  0.5754
 4919.860  0.4971
 4919.880  0.4306
 4919.900  0.3780
 4919.920  0.3447
 4919.940  0.3386
 4919.960  0.3645
 4919.980  0.4240
 4920.000  0.5126
 4920.020  0.6158
 4920.040  0.7145
 4920.060  0.7934
 4920.080  0.8410
 4920.100  0.8524
 4920.120  0.8329
 4920.140  0.7920
 4920.160  0.7368
 4920.180  0.6761
 4920.200  0.6230
 4920.220  0.5886
 4920.240  0.5762
 4920.260  0.5801
 4920.280  0.5923
 4920.300  0.6111
 4920.320  0.6379
 4920.340  0.6683
 4920.360  0.6905
 4920.380  0.6943
 4920.400  0.6757
 4920.420  0.6377
 4920.440  0.5891
 4920.460  0.5379
 4920.480  0.4898
 4920.500  0.4566
 4920.520  0.4503
 4920.540  0.4701
 4920.560  0.5108
 4920.580  0.5687
 4920.600  0.6333
 4920.620  0.6884
 4920.640  0.7241
 4920.660  0.7428
 4920.680  0.7540
 4920.700  0.7665
 4920.720  0.7832
 4920.740  0.8022
 4920.760  0.8203
 4920.780  0.8367
 4920.800  0.8533
 4920.820  0.8715
 4920.840  0.8902
 4920.860  0.9058
 4920.880  0.9130
 4920.900  0.9087
 4920.920  0.8956
 4920.940  0.8803
 4920.960  0.8658
 4920.980  0.8534
 4921.000  0.8441
 4921.020  0.8311
 4921.040  0.8028
 4921.060  0.7590
 4921.080  0.7128
 4921.100  0.6782
 4921.120  0.6656
 4921.140  0.6794
 4921.160  0.7119
 4921.180  0.7496
 4921.200  0.7810
 4921.220  0.7937
 4921.240  0.7760
 4921.260  0.7302
 4921.280  0.6711
 4921.300  0.6113
 4921.320  0.5573
 4921.340  0.5142
 4921.360  0.4828
 4921.380  0.4562
 4921.400  0.4287
 4921.420  0.4010
 4921.440  0.3770
 4921.460  0.3585
 4921.480  0.3448
 4921.500  0.3348
 4921.520  0.3290
 4921.540  0.3283
 4921.560  0.3330
 4921.580  0.3427
 4921.600  0.3590
 4921.620  0.3836
 4921.640  0.4113
 4921.660  0.4295
 4921.680  0.4315
 4921.700  0.4233
 4921.720  0.4113
 4921.740  0.3964
 4921.760  0.3789
 4921.780  0.3600
 4921.800  0.3428
 4921.820  0.3370
 4921.840  0.3565
 4921.860  0.4075
 4921.880  0.4821
 4921.900  0.5651
 4921.920  0.6449
 4921.940  0.7177
 4921.960  0.7812
 4921.980  0.8266
 4922.000  0.8441
 4922.020  0.8349
 4922.040  0.8105
 4922.060  0.7848
 4922.080  0.7675
 4922.100  0.7601
 4922.120  0.7572
 4922.140  0.7518
 4922.160  0.7417
 4922.180  0.7311
 4922.200  0.7194
 4922.220  0.6997
 4922.240  0.6686
 4922.260  0.6246
 4922.280  0.5656
 4922.300  0.4963
 4922.320  0.4278
 4922.340  0.3697
 4922.360  0.3255
 4922.380  0.2937
 4922.400  0.2722
 4922.420  0.2595
 4922.440  0.2516
 4922.460  0.2435
 4922.480  0.2354
 4922.500  0.2295
 4922.520  0.2233
 4922.540  0.2134
 4922.560  0.2039
 4922.580  0.2024
 4922.600  0.2127
 4922.620  0.2340
 4922.640  0.2655
 4922.660  0.3076
 4922.680  0.3601
 4922.700  0.4167
 4922.720  0.4674
 4922.740  0.5088
 4922.760  0.5439
 4922.780  0.5705
 4922.800  0.5828
 4922.820  0.5829
 4922.840  0.5776
 4922.860  0.5666
 4922.880  0.5446
 4922.900  0.5105
 4922.920  0.4675
 4922.940  0.4201
 4922.960  0.3730
 4922.980  0.3291
 4923.000  0.2877
 4923.020  0.2470
 4923.040  0.2104
 4923.060  0.1876
 4923.080  0.1834
 4923.100  0.1896
 4923.120  0.1964
 4923.140  0.2035
 4923.160  0.2147
 4923.180  0.2306
 4923.200  0.2538
 4923.220  0.2920
 4923.240  0.3529
 4923.260  0.4361
 4923.280  0.5248
 4923.300  0.5910
 4923.320  0.6210
 4923.340  0.6285
 4923.360  0.6384
 4923.380  0.6650
 4923.400  0.7079
 4923.420  0.7559
 4923.440  0.7924
 4923.460  0.8010
 4923.480  0.7721
 4923.500  0.7055
 4923.520  0.6129
 4923.540  0.5144
 4923.560  0.4290
 4923.580  0.3652
 4923.600  0.3232
 4923.620  0.3054
 4923.640  0.3171
 4923.660  0.3599
 4923.680  0.4274
 4923.700  0.5051
 4923.720  0.5778
 4923.740  0.6359
 4923.760  0.6746
 4923.780  0.6925
 4923.800  0.6915
 4923.820  0.6705
 4923.840  0.6259
 4923.860  0.5654
 4923.880  0.5059
 4923.900  0.4557
 4923.920  0.4117
 4923.940  0.3733
 4923.960  0.3477
 4923.980  0.3456
 4924.000  0.3714
 4924.020  0.4195
 4924.040  0.4788
 4924.060  0.5366
 4924.080  0.5821
 4924.100  0.6075
 4924.120  0.6094
 4924.140  0.5903
 4924.160  0.5583
 4924.180  0.5249
 4924.200  0.5003
 4924.220  0.4874
 4924.240  0.4807
 4924.260  0.4722
 4924.280  0.4583
 4924.300  0.4386
 4924.320  0.4146
 4924.340  0.3912
 4924.360  0.3769
 4924.380  0.3818
 4924.400  0.4139
 4924.420  0.4730
 4924.440  0.5477
 4924.460  0.6219
 4924.480  0.6842
 4924.500  0.7274
 4924.520  0.7499
 4924.540  0.7582
 4924.560  0.7629
 4924.580  0.7684
 4924.600  0.7704
 4924.620  0.7604
 4924.640  0.7325
 4924.660  0.6871
 4924.680  0.6348
 4924.700  0.5910
 4924.720  0.5619
 4924.740  0.5387
 4924.760  0.5136
 4924.780  0.4874
 4924.800  0.4646
 4924.820  0.4479
 4924.840  0.4396
 4924.860  0.4422
 4924.880  0.4563
 4924.900  0.4790
 4924.920  0.5055
 4924.940  0.5333
 4924.960  0.5662
 4924.980  0.6094
 4925.000  0.6635
 4925.020  0.7236
 4925.040  0.7805
 4925.060  0.8202
 4925.080  0.8312
 4925.100  0.8183
 4925.120  0.8008
 4925.140  0.7927
 4925.160 -1.0000
 4925.180 -1.0000
 4925.200 -1.0000
 4925.220 -1.0000
 4925.240 -1.0000
 4925.260 -1.0000
 4925.280 -1.0000
 4925.300  0.8835
 4925.320  0.8873
 4925.340  0.8892
 4925.360  0.8870
 4925.380  0.8815
 4925.400  0.8755
 4925.420  0.8715
 4925.440  0.8667
 4925.460  0.8489
 4925.480  0.8064
 4925.500  0.7404
 4925.520  0.6592
 4925.540  0.5724
 4925.560  0.4908
 4925.580  0.4243
 4925.600  0.3798
 4925.620  0.3614
 4925.640  0.3713
 4925.660  0.4067
 4925.680  0.4541
 4925.700  0.4952
 4925.720  0.5218
 4925.740  0.5344
 4925.760  0.5314
 4925.780  0.5134
 4925.800  0.4881
 4925.820  0.4624
 4925.840  0.4360
 4925.860  0.4056
 4925.880  0.3744
 4925.900  0.3500
 4925.920  0.3362
 4925.940  0.3312
 4925.960  0.3304
 4925.980  0.3301
 4926.000  0.3305
 4926.020  0.3306
 4926.040  0.3245
 4926.060  0.3059
 4926.080  0.2753
 4926.100  0.2400
 4926.120  0.2098
 4926.140  0.1907
 4926.160  0.1828
 4926.180  0.1821
 4926.200  0.1845
 4926.220  0.1892
 4926.240  0.1991
 4926.260  0.2197
 4926.280  0.2568
 4926.300  0.3130
 4926.320  0.3789
 4926.340  0.4322
 4926.360  0.4542
 4926.380  0.4442
 4926.400  0.4116
 4926.420  0.3666
 4926.440  0.3187
 4926.460  0.2744
 4926.480  0.2396
 4926.500  0.2220
 4926.520  0.2265
 4926.540  0.2503
 4926.560  0.2873
 4926.580  0.3313
 4926.600  0.3757
 4926.620  0.4135
 4926.640  0.4391
 4926.660  0.4488
 4926.680  0.4414
 4926.700  0.4175
 4926.720  0.3804
 4926.740  0.3369
 4926.760  0.2960
 4926.780  0.2659
 4926.800  0.2502
 4926.820  0.2476
 4926.840  0.2543
 4926.860  0.2693
 4926.880  0.2955
 4926.900  0.3350
 4926.920  0.3841
 4926.940  0.4377
 4926.960  0.4925
 4926.980  0.5462
 4927.000  0.5949
 4927.020  0.6339
 4927.040  0.6594
 4927.060  0.6672
 4927.080  0.6537
 4927.100  0.6213
 4927.120  0.5790
 4927.140  0.5317
 4927.160  0.4763
 4927.180  0.4174
 4927.200  0.3677
 4927.220  0.3333
 4927.240  0.3154
 4927.260  0.3190
 4927.280  0.3496
 4927.300  0.4043
 4927.320  0.4708
 4927.340  0.5342
 4927.360  0.5839
 4927.380  0.6134
 4927.400  0.6182
 4927.420  0.6014
 4927.440  0.5771
 4927.460 -1.0000
 4927.480 -1.0000
 4927.500 -1.0000
 4927.520 -1.0000
 4927.540 -1.0000
 4927.560 -1.0000
 4927.580 -1.0000
 4927.600 -1.0000
 4927.620 -1.0000
 4927.640  0.3274
 4927.660  0.3348
 4927.680  0.3515
 4927.700  0.3744
 4927.720  0.4020
 4927.740  0.4330
 4927.760  0.4674
 4927.780  0.5100
 4927.800  0.5661
 4927.820  0.6310
 4927.840  0.6887
 4927.860  0.7239
 4927.880  0.7317
 4927.900  0.7197
 4927.920  0.7010
 4927.940  0.6835
 4927.960 -1.0000
 4927.980 -1.0000
 4928.000 -1.0000
 4897.000  0.0000
 4897.020  0.0000
 4897.040  0.0122
 4897.060  0.0111
 4897.080  0.0067
 4897.100  0.0037
 4897.120  0.0055
 4897.140  0.0097
 4897.160  0.0114
 4897.180  0.0088
 4897.200  0.0040
 4897.220  0.0003
 4897.240 -0.0006
 4897.260  0.0005
 4897.280  0.0023
 4897.300  0.0048
 4897.320  0.0082
 4897.340  0.0111
 4897.360  0.0110
 4897.380  0.0071
 4897.400  0.0024
 4897.420  0.0014
 4897.440  0.0043
 4897.460  0.0067
 4897.480  0.0059
 4897.500  0.0031
 4897.520  0.0016
 4897.540  0.0026
 4897.560  0.0040
 4897.580  0.0035
 4897.600  0.0023
 4897.620  0.0029
 4897.640  0.0049
 4897.660  0.0058
 4897.680  0.0041
 4897.700  0.0012
 4897.720  0.0010
 4897.740  0.0045
 4897.760  0.0087
 4897.780  0.0097
 4897.800  0.0068
 4897.820  0.0017
 4897.840 -0.0028
 4897.860 -0.0046
 4897.880 -0.0027
 4897.900  0.0020
 4897.920  0.0072
 4897.940  0.0107
 4897.960  0.0116
 4897.980  0.0108
 4898.000  0.0094
 4898.020  0.0082
 4898.040  0.0079
 4898.060  0.0095
 4898.080  0.0117
 4898.100  0.0105
 4898.120  0.0046
 4898.140 -0.0017
 4898.160 -0.0046
 4898.180 -0.0052
 4898.200 -0.0053
 4898.220 -0.0036
 4898.240  0.0023
 4898.260  0.0118
 4898.280  0.0179
 4898.300  0.0151
 4898.320  0.0075
 4898.340  0.0016
 4898.360 -0.0024
 4898.380 -0.0061
 4898.400 -0.0070
 4898.420 -0.0026
 4898.440  0.0042
 4898.460  0.0083
 4898.480  0.0083
 4898.500  0.0065
 4898.520  0.0056
 4898.540  0.0063
 4898.560  0.0074
 4898.580  0.0077
 4898.600  0.0071
 4898.620  0.0060
 4898.640  0.0039
 4898.660  0.0010
 4898.680 -0.0010
 4898.700 -0.0009
 4898.720  0.0014
 4898.740  0.0046
 4898.760  0.0073
 4898.780  0.0101
 4898.800  0.0134
 4898.820  0.0158
 4898.840  0.0157
 4898.860  0.0127
 4898.880  0.0085
 4898.900  0.0054
 4898.920  0.0043
 4898.940  0.0047
 4898.960  0.0052
 4898.980  0.0052
 4899.000  0.0044
 4899.020  0.0036
 4899.040  0.0049
 4899.060  0.0091
 4899.080  0.0125
 4899.100  0.0100
 4899.120  0.0039
 4899.140  0.0013
 4899.160  0.0041
 4899.180  0.0075
 4899.200  0.0080
 4899.220  0.0067
 4899.240  0.0066
 4899.260  0.0084
 4899.280  0.0086
 4899.300  0.0054
 4899.320  0.0024
 4899.340  0.0025
 4899.360  0.0033
 4899.380  0.0032
 4899.400  0.0047
 4899.420  0.0070
 4899.440  0.0042
 4899.460 -0.0045
 4899.480 -0.0116
 4899.500 -0.0102
 4899.520 -0.0018
 4899.540  0.0057
 4899.560  0.0049
 4899.580 -0.0033
 4899.600 -0.0110
 4899.620 -0.0137
 4899.640 -0.0125
 4899.660 -0.0089
 4899.680 -0.0037
 4899.700 -0.0007
 4899.720 -0.0014
 4899.740 -0.0021
 4899.760  0.0008
 4899.780  0.0053
 4899.800  0.0075
 4899.820  0.0065
 4899.840  0.0040
 4899.860  0.0017
 4899.880  0.0006
 4899.900  0.0007
 4899.920  0.0018
 4899.940  0.0037
 4899.960  0.0061
 4899.980  0.0085
 4900.000  0.0106
 4900.020  0.0116
 4900.040  0.0094
 4900.060  0.0037
 4900.080 -0.0012
 4900.100 -0.0014
 4900.120  0.0017
 4900.140  0.0034
 4900.160  0.0013
 4900.180 -0.0027
 4900.200 -0.0042
 4900.220 -0.0017
 4900.240  0.0016
 4900.260  0.0025
 4900.280  0.0015
 4900.300  0.0009
 4900.320  0.0021
 4900.340  0.0046
 4900.360  0.0072
 4900.380  0.0096
 4900.400  0.0121
 4900.420  0.0130
 4900.440  0.0108
 4900.460  0.0068
 4900.480  0.0038
 4900.500  0.0018
 4900.520 -0.0004
 4900.540 -0.0021
 4900.560 -0.0018
 4900.580  0.0004
 4900.600  0.0028
 4900.620  0.0037
 4900.640  0.0035
 4900.660  0.0035
 4900.680  0.0033
 4900.700  0.0013
 4900.720 -0.0010
 4900.740  0.0002
 4900.760  0.0040
 4900.780  0.0058
 4900.800  0.0044
 4900.820  0.0035
 4900.840  0.0050
 4900.860  0.0070
 4900.880  0.0075
 4900.900  0.0063
 4900.920  0.0049
 4900.940  0.0042
 4900.960  0.0026
 4900.980  0.0002
 4901.000  0.0012
 4901.020  0.0068
 4901.040  0.0127
 4901.060  0.0149
 4901.080  0.0144
 4901.100  0.0129
 4901.120  0.0102
 4901.140  0.0065
 4901.160  0.0038
 4901.180  0.0028
 4901.200  0.0027
 4901.220  0.0025
 4901.240  0.0024
 4901.260  0.0025
 4901.280  0.0024
 4901.300  0.0018
 4901.320  0.0010
 4901.340  0.0010
 4901.360  0.0016
 4901.380  0.0004
 4901.400 -0.0029
 4901.420 -0.0048
 4901.440 -0.0033
 4901.460 -0.0009
 4901.480 -0.0008
 4901.500 -0.0027
 4901.520 -0.0050
 4901.540 -0.0073
 4901.560 -0.0092
 4901.580 -0.0094
 4901.600 -0.0062
 4901.620  0.0004
 4901.640  0.0078
 4901.660  0.0124
 4901.680  0.0133
 4901.700  0.0117
 4901.720  0.0089
 4901.740  0.0053
 4901.760  0.0018
 4901.780  0.0001
 4901.800  0.0007
 4901.820  0.0028
 4901.840  0.0040
 4901.860  0.0030
 4901.880  0.0006
 4901.900 -0.0005
 4901.920  0.0010
 4901.940  0.0042
 4901.960  0.0064
 4901.980  0.0066
 4902.000  0.0062
 4902.020  0.0054
 4902.040  0.0033
 4902.060  0.0007
 4902.080  0.0002
 4902.100  0.0033
 4902.120  0.0090
 4902.140  0.0156
 4902.160  0.0215
 4902.180  0.0251
 4902.200  0.0233
 4902.220  0.0156
 4902.240  0.0070
 4902.260  0.0031
 4902.280  0.0036
 4902.300  0.0040
 4902.320  0.0023
 4902.340  0.0010
 4902.360  0.0018
 4902.380  0.0031
 4902.400  0.0034
 4902.420  0.0034
 4902.440  0.0043
 4902.460  0.0059
 4902.480  0.0065
 4902.500  0.0046
 4902.520  0.0008
 4902.540 -0.0028
 4902.560 -0.0048
 4902.580 -0.0046
 4902.600 -0.0019
 4902.620  0.0028
 4902.640  0.0071
 4902.660  0.0088
 4902.680  0.0071
 4902.700  0.0035
 4902.720 -0.0003
 4902.740 -0.0023
 4902.760 -0.0021
 4902.780 -0.0012
 4902.800 -0.0019
 4902.820 -0.0033
 4902.840 -0.0018
 4902.860  0.0032
 4902.880  0.0089
 4902.900  0.0123
 4902.920  0.0129
 4902.940  0.0115
 4902.960  0.0089
 4902.980  0.0048
 4903.000  0.0003
 4903.020 -0.0005
 4903.040  0.0040
 4903.060  0.0092
 4903.080  0.0096
 4903.100  0.0049
 4903.120 -0.0011
 4903.140 -0.0049
 4903.160 -0.0043
 4903.180  0.0007
 4903.200  0.0084
 4903.220  0.0151
 4903.240  0.0173
 4903.260  0.0138
 4903.280  0.0087
 4903.300  0.0071
 4903.320  0.0084
 4903.340  0.0078
 4903.360  0.0028
 4903.380 -0.0034
 4903.400 -0.0046
 4903.420 -0.0001
 4903.440  0.0015
 4903.460 -0.0055
 4903.480 -0.0126
 4903.500 -0.0101
 4903.520 -0.0006
 4903.540  0.0079
 4903.560  0.0108
 4903.580  0.0089
 4903.600  0.0064
 4903.620  0.0053
 4903.640  0.0048
 4903.660  0.0045
 4903.680  0.0055
 4903.700  0.0070
 4903.720  0.0073
 4903.740  0.0076
 4903.760  0.0101
 4903.780  0.0128
 4903.800  0.0124
 4903.820  0.0093
 4903.840  0.0068
 4903.860  0.0065
 4903.880  0.0072
 4903.900  0.0072
 4903.920  0.0058
 4903.940  0.0049
 4903.960  0.0054
 4903.980  0.0065
 4904.000  0.0074
 4904.020  0.0077
 4904.040  0.0061
 4904.060  0.0014
 4904.080 -0.0039
 4904.100 -0.0050
 4904.120 -0.0019
 4904.140  0.0009
 4904.160  0.0014
 4904.180  0.0012
 4904.200  0.0014
 4904.220  0.0019
 4904.240  0.0027
 4904.260  0.0041
 4904.280  0.0053
 4904.300  0.0054
 4904.320  0.0044
 4904.340  0.0041
 4904.360  0.0063
 4904.380  0.0094
 4904.400  0.0085
 4904.420  0.0036
 4904.440  0.0005
 4904.460  0.0022
 4904.480  0.0049
 4904.500  0.0052
 4904.520  0.0045
 4904.540  0.0048
 4904.560  0.0058
 4904.580  0.0049
 4904.600  0.0012
 4904.620 -0.0025
 4904.640 -0.0019
 4904.660  0.0045
 4904.680  0.0127
 4904.700  0.0172
 4904.720  0.0157
 4904.740  0.0099
 4904.760  0.0034
 4904.780  0.0008
 4904.800  0.0036
 4904.820  0.0086
 4904.840  0.0121
 4904.860  0.0127
 4904.880  0.0110
 4904.900  0.0085
 4904.920  0.0067
 4904.940  0.0066
 4904.960  0.0076
 4904.980  0.0080
 4905.000  0.0067
 4905.020  0.0037
 4905.040  0.0004
 4905.060 -0.0016
 4905.080 -0.0021
 4905.100 -0.0017
 4905.120 -0.0016
 4905.140 -0.0021
 4905.160 -0.0028
 4905.180 -0.0029
 4905.200 -0.0021
 4905.220 -0.0011
 4905.240 -0.0012
 4905.260 -0.0023
 4905.280 -0.0029
 4905.300 -0.0021
 4905.320 -0.0007
 4905.340 -0.0001
 4905.360 -0.0006
 4905.380 -0.0003
 4905.400  0.0029
 4905.420  0.0085
 4905.440  0.0130
 4905.460  0.0129
 4905.480  0.0078
 4905.500  0.0019
 4905.520 -0.0002
 4905.540  0.0017
 4905.560  0.0048
 4905.580  0.0063
 4905.600  0.0053
 4905.620  0.0026
 4905.640  0.0000
 4905.660 -0.0004
 4905.680  0.0010
 4905.700  0.0022
 4905.720  0.0011
 4905.740 -0.0018
 4905.760 -0.0042
 4905.780 -0.0037
 4905.800  0.0000
 4905.820  0.0058
 4905.840  0.0128
 4905.860  0.0192
 4905.880  0.0200
 4905.900  0.0142
 4905.920  0.0083
 4905.940  0.0079
 4905.960  0.0103
 4905.980  0.0103
 4906.000  0.0072
 4906.020  0.0036
 4906.040  0.0020
 4906.060  0.0028
 4906.080  0.0031
 4906.100  0.0014
 4906.120 -0.0017
 4906.140 -0.0047
 4906.160 -0.0064
 4906.180 -0.0050
 4906.200  0.0008
 4906.220  0.0087
 4906.240  0.0141
 4906.260  0.0147
 4906.280  0.0113
 4906.300  0.0067
 4906.320  0.0028
 4906.340  0.0006
 4906.360 -0.0008
 4906.380 -0.0025
 4906.400 -0.0051
 4906.420 -0.0074
 4906.440 -0.0081
 4906.460 -0.0067
 4906.480 -0.0043
 4906.500 -0.0018
 4906.520  0.0006
 4906.540  0.0035
 4906.560  0.0061
 4906.580  0.0069
 4906.600  0.0055
 4906.620  0.0031
 4906.640  0.0004
 4906.660 -0.0024
 4906.680 -0.0037
 4906.700 -0.0022
 4906.720  0.0009
 4906.740  0.0031
 4906.760  0.0036
 4906.780  0.0033
 4906.800  0.0035
 4906.820  0.0035
 4906.840  0.0019
 4906.860 -0.0009
 4906.880 -0.0011
 4906.900  0.0032
 4906.920  0.0093
 4906.940  0.0129
 4906.960  0.0124
 4906.980  0.0097
 4907.000  0.0078
 4907.020  0.0069
 4907.040  0.0043
 4907.060 -0.0002
 4907.080 -0.0034
 4907.100 -0.0015
 4907.120  0.0051
 4907.140  0.0110
 4907.160  0.0118
 4907.180  0.0085
 4907.200  0.0062
 4907.220  0.0079
 4907.240  0.0123
 4907.260  0.0152
 4907.280  0.0139
 4907.300  0.0093
 4907.320  0.0044
 4907.340  0.0012
 4907.360  0.0010
 4907.380  0.0035
 4907.400  0.0065
 4907.420  0.0069
 4907.440  0.0042
 4907.460  0.0013
 4907.480  0.0012
 4907.500  0.0045
 4907.520  0.0083
 4907.540  0.0096
 4907.560  0.0080
 4907.580  0.0053
 4907.600  0.0031
 4907.620  0.0018
 4907.640  0.0014
 4907.660  0.0024
 4907.680  0.0058
 4907.700  0.0108
 4907.720  0.0143
 4907.740  0.0133
 4907.760  0.0077
 4907.780  0.0007
 4907.800 -0.0044
 4907.820 -0.0063
 4907.840 -0.0058
 4907.860 -0.0034
 4907.880  0.0004
 4907.900  0.0040
 4907.920  0.0055
 4907.940  0.0059
 4907.960  0.0072
 4907.980  0.0092
 4908.000  0.0100
 4908.020  0.0086
 4908.040  0.0057
 4908.060  0.0035
 4908.080  0.0026
 4908.100  0.0014
 4908.120  0.0003
 4908.140  0.0024
 4908.160  0.0078
 4908.180  0.0110
 4908.200  0.0073
 4908.220 -0.0005
 4908.240 -0.0057
 4908.260 -0.0045
 4908.280  0.0011
 4908.300  0.0058
 4908.320  0.0064
 4908.340  0.0042
 4908.360  0.0025
 4908.380  0.0037
 4908.400  0.0073
 4908.420  0.0100
 4908.440  0.0088
 4908.460  0.0042
 4908.480  0.0010
 4908.500  0.0023
 4908.520  0.0054
 4908.540  0.0059
 4908.560  0.0021
 4908.580 -0.0038
 4908.600 -0.0077
 4908.620 -0.0076
 4908.640 -0.0047
 4908.660 -0.0014
 4908.680  0.0007
 4908.700  0.0005
 4908.720 -0.0023
 4908.740 -0.0055
 4908.760 -0.0062
 4908.780 -0.0033
 4908.800  0.0018
 4908.820  0.0068
 4908.840  0.0095
 4908.860  0.0089
 4908.880  0.0054
 4908.900  0.0000
 4908.920 -0.0053
 4908.940 -0.0084
 4908.960 -0.0083
 4908.980 -0.0057
 4909.000 -0.0010
 4909.020  0.0050
 4909.040  0.0102
 4909.060  0.0115
 4909.080  0.0078
 4909.100  0.0022
 4909.120 -0.0011
 4909.140  0.0005
 4909.160  0.0053
 4909.180  0.0094
 4909.200  0.0099
 4909.220  0.0072
 4909.240  0.0046
 4909.260  0.0049
 4909.280  0.0074
 4909.300  0.0090
 4909.320  0.0079
 4909.340  0.0056
 4909.360  0.0049
 4909.380  0.0059
 4909.400  0.0057
 4909.420  0.0030
 4909.440  0.0006
 4909.460  0.0007
 4909.480  0.0023
 4909.500  0.0026
 4909.520  0.0007
 4909.540 -0.0021
 4909.560 -0.0031
 4909.580 -0.0016
 4909.600  0.0004
 4909.620  0.0000
 4909.640 -0.0033
 4909.660 -0.0057
 4909.680 -0.0034
 4909.700  0.0029
 4909.720  0.0084
 4909.740  0.0085
 4909.760  0.0044
 4909.780  0.0020
 4909.800  0.0041
 4909.820  0.0059
 4909.840  0.0037
 4909.860  0.0006
 4909.880  0.0008
 4909.900  0.0043
 4909.920  0.0071
 4909.940  0.0064
 4909.960  0.0035
 4909.980  0.0017
 4910.000  0.0015
 4910.020  0.0010
 4910.040  0.0006
 4910.060  0.0017
 4910.080  0.0034
 4910.100  0.0035
 4910.120  0.0020
 4910.140  0.0007
 4910.160  0.0014
 4910.180  0.0033
 4910.200  0.0041
 4910.220  0.0028
 4910.240  0.0011
 4910.260  0.0011
 4910.280  0.0022
 4910.300  0.0029
 4910.320  0.0020
 4910.340 -0.0005
 4910.360 -0.0030
 4910.380 -0.0035
 4910.400 -0.0005
 4910.420  0.0039
 4910.440  0.0068
 4910.460  0.0065
 4910.480  0.0052
 4910.500  0.0065
 4910.520  0.0111
 4910.540  0.0142
 4910.560  0.0122
 4910.580  0.0083
 4910.600  0.0074
 4910.620  0.0100
 4910.640  0.0134
 4910.660  0.0152
 4910.680  0.0154
 4910.700  0.0154
 4910.720  0.0147
 4910.740  0.0121
 4910.760  0.0085
 4910.780  0.0068
 4910.800  0.0070
 4910.820  0.0067
 4910.840  0.0044
 4910.860  0.0018
 4910.880  0.0009
 4910.900  0.0031
 4910.920  0.0082
 4910.940  0.0139
 4910.960  0.0160
 4910.980  0.0124
 4911.000  0.0061
 4911.020  0.0015
 4911.040  0.0001
 4911.060  0.0001
 4911.080 -0.0007
 4911.100 -0.0012
 4911.120  0.0019
 4911.140  0.0091
 4911.160  0.0162
 4911.180  0.0184
 4911.200  0.0148
 4911.220  0.0083
 4911.240  0.0031
 4911.260  0.0020
 4911.280  0.0042
 4911.300  0.0061
 4911.320  0.0053
 4911.340  0.0049
 4911.360  0.0081
 4911.380  0.0130
 4911.400  0.0149
 4911.420  0.0118
 4911.440  0.0057
 4911.460  0.0004
 4911.480 -0.0024
 4911.500 -0.0037
 4911.520 -0.0034
 4911.540 -0.0001
 4911.560  0.0046
 4911.580  0.0066
 4911.600  0.0046
 4911.620  0.0015
 4911.640  0.0000
 4911.660  0.0000
 4911.680  0.0003
 4911.700 -0.0001
 4911.720 -0.0012
 4911.740 -0.0020
 4911.760 -0.0010
 4911.780  0.0021
 4911.800  0.0054
 4911.820  0.0069
 4911.840  0.0066
 4911.860  0.0057
 4911.880  0.0052
 4911.900  0.0049
 4911.920  0.0042
 4911.940  0.0036
 4911.960  0.0044
 4911.980  0.0065
 4912.000  0.0077
 4912.020  0.0070
 4912.040  0.0055
 4912.060  0.0039
 4912.080  0.0025
 4912.100  0.0008
 4912.120 -0.0009
 4912.140 -0.0019
 4912.160 -0.0013
 4912.180  0.0010
 4912.200  0.0036
 4912.220  0.0036
 4912.240  0.0006
 4912.260 -0.0020
 4912.280 -0.0010
 4912.300  0.0032
 4912.320  0.0067
 4912.340  0.0067
 4912.360  0.0038
 4912.380  0.0018
 4912.400  0.0024
 4912.420  0.0045
 4912.440  0.0058
 4912.460  0.0066
 4912.480  0.0090
 4912.500  0.0138
 4912.520  0.0176
 4912.540  0.0163
 4912.560  0.0097
 4912.580  0.0020
 4912.600 -0.0021
 4912.620 -0.0004
 4912.640  0.0046
 4912.660  0.0088
 4912.680  0.0095
 4912.700  0.0061
 4912.720 -0.0002
 4912.740 -0.0055
 4912.760 -0.0057
 4912.780 -0.0013
 4912.800  0.0028
 4912.820  0.0033
 4912.840  0.0014
 4912.860  0.0007
 4912.880  0.0026
 4912.900  0.0048
 4912.920  0.0043
 4912.940  0.0009
 4912.960 -0.0020
 4912.980 -0.0009
 4913.000  0.0052
 4913.020  0.0138
 4913.040  0.0206
 4913.060  0.0223
 4913.080  0.0192
 4913.100  0.0148
 4913.120  0.0118
 4913.140  0.0090
 4913.160  0.0057
 4913.180  0.0039
 4913.200  0.0053
 4913.220  0.0083
 4913.240  0.0104
 4913.260  0.0110
 4913.280  0.0109
 4913.300  0.0114
 4913.320  0.0125
 4913.340  0.0131
 4913.360  0.0118
 4913.380  0.0087
 4913.400  0.0054
 4913.420  0.0040
 4913.440  0.0049
 4913.460  0.0063
 4913.480  0.0060
 4913.500  0.0036
 4913.520  0.0010
 4913.540 -0.0002
 4913.560 -0.0004
 4913.580  0.0006
 4913.600  0.0039
 4913.620  0.0085
 4913.640  0.0103
 4913.660  0.0072
 4913.680  0.0021
 4913.700 -0.0003
 4913.720  0.0028
 4913.740  0.0091
 4913.760  0.0131
 4913.780  0.0110
 4913.800  0.0042
 4913.820 -0.0019
 4913.840 -0.0028
 4913.860  0.0010
 4913.880  0.0055
 4913.900  0.0073
 4913.920  0.0051
 4913.940 -0.0004
 4913.960 -0.0062
 4913.980 -0.0083
 4914.000 -0.0049
 4914.020  0.0014
 4914.040  0.0056
 4914.060  0.0044
 4914.080  0.0014
 4914.100  0.0022
 4914.120  0.0066
 4914.140  0.0086
 4914.160  0.0055
 4914.180  0.0003
 4914.200 -0.0026
 4914.220 -0.0018
 4914.240  0.0008
 4914.260  0.0030
 4914.280  0.0056
 4914.300  0.0095
 4914.320  0.0134
 4914.340  0.0145
 4914.360  0.0112
 4914.380  0.0052
 4914.400  0.0007
 4914.420  0.0011
 4914.440  0.0060
 4914.460  0.0100
 4914.480  0.0082
 4914.500  0.0029
 4914.520  0.0000
 4914.540  0.0010
 4914.560  0.0022
 4914.580  0.0013
 4914.600 -0.0005
 4914.620 -0.0009
 4914.640  0.0009
 4914.660  0.0028
 4914.680  0.0026
 4914.700  0.0007
 4914.720 -0.0016
 4914.740 -0.0040
 4914.760 -0.0069
 4914.780 -0.0095
 4914.800 -0.0107
 4914.820 -0.0098
 4914.840 -0.0075
 4914.860 -0.0050
 4914.880 -0.0020
 4914.900  0.0018
 4914.920  0.0052
 4914.940  0.0059
 4914.960  0.0034
 4914.980  0.0004
 4915.000  0.0006
 4915.020  0.0044
 4915.040  0.0077
 4915.060  0.0065
 4915.080  0.0020
 4915.100 -0.0011
 4915.120 -0.0009
 4915.140  0.0012
 4915.160  0.0029
 4915.180  0.0035
 4915.200  0.0041
 4915.220  0.0060
 4915.240  0.0089
 4915.260  0.0106
 4915.280  0.0086
 4915.300  0.0035
 4915.320 -0.0010
 4915.340 -0.0025
 4915.360 -0.0014
 4915.380  0.0006
 4915.400  0.0023
 4915.420  0.0046
 4915.440  0.0078
 4915.460  0.0104
 4915.480  0.0103
 4915.500  0.0084
 4915.520  0.0067
 4915.540  0.0056
 4915.560  0.0046
 4915.580  0.0039
 4915.600  0.0037
 4915.620  0.0025
 4915.640  0.0001
 4915.660 -0.0018
 4915.680 -0.0017
 4915.700 -0.0003
 4915.720  0.0010
 4915.740  0.0023
 4915.760  0.0046
 4915.780  0.0082
 4915.800  0.0115
 4915.820  0.0126
 4915.840  0.0116
 4915.860  0.0100
 4915.880  0.0084
 4915.900  0.0064
 4915.920  0.0038
 4915.940  0.0011
 4915.960 -0.0007
 4915.980 -0.0010
 4916.000  0.0005
 4916.020  0.0024
 4916.040  0.0025
 4916.060 -0.0001
 4916.080 -0.0031
 4916.100 -0.0037
 4916.120 -0.0007
 4916.140  0.0042
 4916.160  0.0081
 4916.180  0.0093
 4916.200  0.0085
 4916.220  0.0077
 4916.240  0.0078
 4916.260  0.0073
 4916.280  0.0045
 4916.300  0.0007
 4916.320 -0.0009
 4916.340  0.0007
 4916.360  0.0038
 4916.380  0.0056
 4916.400  0.0050
 4916.420  0.0037
 4916.440  0.0032
 4916.460  0.0035
 4916.480  0.0040
 4916.500  0.0048
 4916.520  0.0057
 4916.540  0.0060
 4916.560  0.0058
 4916.580  0.0055
 4916.600  0.0046
 4916.620  0.0023
 4916.640 -0.0007
 4916.660 -0.0023
 4916.680 -0.0012
 4916.700  0.0021
 4916.720  0.0061
 4916.740  0.0091
 4916.760  0.0094
 4916.780  0.0066
 4916.800  0.0024
 4916.820 -0.0012
 4916.840 -0.0031
 4916.860 -0.0038
 4916.880 -0.0040
 4916.900 -0.0041
 4916.920 -0.0034
 4916.940 -0.0022
 4916.960 -0.0009
 4916.980  0.0006
 4917.000  0.0026
 4917.020  0.0041
 4917.040  0.0032
 4917.060  0.0006
 4917.080 -0.0007
 4917.100  0.0022
 4917.120  0.0090
 4917.140  0.0161
 4917.160  0.0190
 4917.180  0.0162
 4917.200  0.0100
 4917.220  0.0047
 4917.240  0.0028
 4917.260  0.0029
 4917.280  0.0027
 4917.300  0.0018
 4917.320  0.0000
 4917.340 -0.0038
 4917.360 -0.0089
 4917.380 -0.0123
 4917.400 -0.0101
 4917.420 -0.0016
 4917.440  0.0082
 4917.460  0.0126
 4917.480  0.0095
 4917.500  0.0025
 4917.520 -0.0025
 4917.540 -0.0024
 4917.560  0.0025
 4917.580  0.0085
 4917.600  0.0121
 4917.620  0.0126
 4917.640  0.0114
 4917.660  0.0098
 4917.680  0.0076
 4917.700  0.0052
 4917.720  0.0043
 4917.740  0.0049
 4917.760  0.0049
 4917.780  0.0036
 4917.800  0.0030
 4917.820  0.0044
 4917.840  0.0063
 4917.860  0.0071
 4917.880  0.0074
 4917.900  0.0089
 4917.920  0.0118
 4917.940  0.0126
 4917.960  0.0089
 4917.980  0.0043
 4918.000  0.0041
 4918.020  0.0082
 4918.040  0.0120
 4918.060  0.0120
 4918.080  0.0084
 4918.100  0.0046
 4918.120  0.0031
 4918.140  0.0025
 4918.160 -0.0002
 4918.180 -0.0059
 4918.200 -0.0108
 4918.220 -0.0101
 4918.240 -0.0037
 4918.260  0.0038
 4918.280  0.0089
 4918.300  0.0122
 4918.320  0.0149
 4918.340  0.0167
 4918.360  0.0154
 4918.380  0.0103
 4918.400  0.0046
 4918.420  0.0020
 4918.440  0.0025
 4918.460  0.0044
 4918.480  0.0068
 4918.500  0.0089
 4918.520  0.0096
 4918.540  0.0083
 4918.560  0.0065
 4918.580  0.0049
 4918.600  0.0026
 4918.620  0.0003
 4918.640 -0.0001
 4918.660  0.0018
 4918.680  0.0044
 4918.700  0.0062
 4918.720  0.0078
 4918.740  0.0102
 4918.760  0.0128
 4918.780  0.0128
 4918.800  0.0085
 4918.820  0.0020
 4918.840 -0.0026
 4918.860 -0.0030
 4918.880  0.0003
 4918.900  0.0052
 4918.920  0.0090
 4918.940  0.0104
 4918.960  0.0092
 4918.980  0.0063
 4919.000  0.0023
 4919.020 -0.0013
 4919.040 -0.0027
 4919.060 -0.0007
 4919.080  0.0029
 4919.100  0.0047
 4919.120  0.0046
 4919.140  0.0047
 4919.160  0.0052
 4919.180  0.0040
 4919.200  0.0010
 4919.220 -0.0018
 4919.240 -0.0027
 4919.260 -0.0016
 4919.280  0.0007
 4919.300  0.0035
 4919.320  0.0068
 4919.340  0.0092
 4919.360  0.0081
 4919.380  0.0040
 4919.400  0.0020
 4919.420  0.0048
 4919.440  0.0095
 4919.460  0.0108
 4919.480  0.0058
 4919.500 -0.0035
 4919.520 -0.0118
 4919.540 -0.0139
 4919.560 -0.0091
 4919.580 -0.0022
 4919.600  0.0013
 4919.620  0.0020
 4919.640  0.0037
 4919.660  0.0072
 4919.680  0.0097
 4919.700  0.0082
 4919.720  0.0029
 4919.740 -0.0023
 4919.760 -0.0042
 4919.780 -0.0038
 4919.800 -0.0039
 4919.820 -0.0055
 4919.840 -0.0074
 4919.860 -0.0077
 4919.880 -0.0052
 4919.900 -0.0002
 4919.920  0.0045
 4919.940  0.0065
 4919.960  0.0064
 4919.980  0.0066
 4920.000  0.0070
 4920.020  0.0057
 4920.040  0.0025
 4920.060  0.0001
 4920.080  0.0008
 4920.100  0.0036
 4920.120  0.0038
 4920.140 -0.0008
 4920.160 -0.0059
 4920.180 -0.0059
 4920.200 -0.0006
 4920.220  0.0050
 4920.240  0.0061
 4920.260  0.0031
 4920.280  0.0008
 4920.300  0.0017
 4920.320  0.0033
 4920.340  0.0039
 4920.360  0.0045
 4920.380  0.0057
 4920.400  0.0068
 4920.420  0.0068
 4920.440  0.0062
 4920.460  0.0062
 4920.480  0.0062
 4920.500  0.0044
 4920.520  0.0002
 4920.540 -0.0025
 4920.560 -0.0006
 4920.580  0.0049
 4920.600  0.0111
 4920.620  0.0158
 4920.640  0.0168
 4920.660  0.0126
 4920.680  0.0056
 4920.700  0.0011
 4920.720  0.0007
 4920.740  0.0012
 4920.760  0.0011
 4920.780  0.0020
 4920.800  0.0036
 4920.820  0.0034
 4920.840  0.0014
 4920.860  0.0001
 4920.880  0.0012
 4920.900  0.0030
 4920.920  0.0021
 4920.940 -0.0009
 4920.960  0.0002
 4920.980  0.0077
 4921.000  0.0141
 4921.020  0.0134
 4921.040  0.0097
 4921.060  0.0073
 4921.080  0.0039
 4921.100 -0.0019
 4921.120 -0.0059
 4921.140 -0.0041
 4921.160  0.0021
 4921.180  0.0075
 4921.200  0.0083
 4921.220  0.0051
 4921.240  0.0009
 4921.260 -0.0029
 4921.280 -0.0060
 4921.300 -0.0067
 4921.320 -0.0034
 4921.340  0.0012
 4921.360  0.0030
 4921.380  0.0015
 4921.400 -0.0013
 4921.420 -0.0034
 4921.440 -0.0032
 4921.460  0.0003
 4921.480  0.0043
 4921.500  0.0041
 4921.520 -0.0006
 4921.540 -0.0048
 4921.560 -0.0045
 4921.580 -0.0011
 4921.600  0.0016
 4921.620  0.0020
 4921.640  0.0006
 4921.660 -0.0007
 4921.680 -0.0014
 4921.700 -0.0019
 4921.720 -0.0014
 4921.740  0.0007
 4921.760  0.0039
 4921.780  0.0074
 4921.800  0.0118
 4921.820  0.0160
 4921.840  0.0169
 4921.860  0.0128
 4921.880  0.0068
 4921.900  0.0024
 4921.920  0.0003
 4921.940 -0.0002
 4921.960  0.0004
 4921.980  0.0025
 4922.000  0.0060
 4922.020  0.0096
 4922.040  0.0112
 4922.060  0.0098
 4922.080  0.0062
 4922.100  0.0026
 4922.120  0.0003
 4922.140 -0.0018
 4922.160 -0.0049
 4922.180 -0.0071
 4922.200 -0.0059
 4922.220 -0.0016
 4922.240  0.0027
 4922.260  0.0051
 4922.280  0.0059
 4922.300  0.0067
 4922.320  0.0080
 4922.340  0.0085
 4922.360  0.0070
 4922.380  0.0035
 4922.400 -0.0012
 4922.420 -0.0054
 4922.440 -0.0060
 4922.460 -0.0006
 4922.480  0.0083
 4922.500  0.0151
 4922.520  0.0161
 4922.540  0.0114
 4922.560  0.0040
 4922.580 -0.0018
 4922.600 -0.0010
 4922.620  0.0060
 4922.640  0.0115
 4922.660  0.0094
 4922.680  0.0021
 4922.700 -0.0037
 4922.720 -0.0044
 4922.740 -0.0019
 4922.760 -0.0005
 4922.780 -0.0001
 4922.800  0.0028
 4922.820  0.0075
 4922.840  0.0083
 4922.860  0.0041
 4922.880  0.0002
 4922.900  0.0006
 4922.920  0.0035
 4922.940  0.0059
 4922.960  0.0065
 4922.980  0.0060
 4923.000  0.0058
 4923.020  0.0067
 4923.040  0.0075
 4923.060  0.0057
 4923.080  0.0021
 4923.100  0.0019
 4923.120  0.0069
 4923.140  0.0116
 4923.160  0.0109
 4923.180  0.0066
 4923.200  0.0047
 4923.220  0.0081
 4923.240  0.0129
 4923.260  0.0126
 4923.280  0.0083
 4923.300  0.0068
 4923.320  0.0096
 4923.340  0.0121
 4923.360  0.0120
 4923.380  0.0100
 4923.400  0.0068
 4923.420  0.0024
 4923.440 -0.0014
 4923.460 -0.0035
 4923.480 -0.0046
 4923.500 -0.0049
 4923.520 -0.0029
 4923.540  0.0020
 4923.560  0.0066
 4923.580  0.0067
 4923.600  0.0016
 4923.620 -0.0046
 4923.640 -0.0064
 4923.660 -0.0040
 4923.680 -0.0015
 4923.700  0.0003
 4923.720  0.0037
 4923.740  0.0072
 4923.760  0.0072
 4923.780  0.0044
 4923.800  0.0029
 4923.820  0.0036
 4923.840  0.0040
 4923.860  0.0019
 4923.880 -0.0017
 4923.900 -0.0039
 4923.920 -0.0029
 4923.940 -0.0003
 4923.960  0.0013
 4923.980  0.0009
 4924.000 -0.0006
 4924.020 -0.0014
 4924.040 -0.0004
 4924.060  0.0021
 4924.080  0.0040
 4924.100  0.0041
 4924.120  0.0049
 4924.140  0.0093
 4924.160  0.0142
 4924.180  0.0137
 4924.200  0.0066
 4924.220 -0.0024
 4924.240 -0.0079
 4924.260 -0.0083
 4924.280 -0.0065
 4924.300 -0.0047
 4924.320 -0.0019
 4924.340  0.0027
 4924.360  0.0056
 4924.380  0.0043
 4924.400  0.0008
 4924.420 -0.0012
 4924.440 -0.0004
 4924.460  0.0015
 4924.480  0.0022
 4924.500  0.0020
 4924.520  0.0025
 4924.540  0.0033
 4924.560  0.0028
 4924.580  0.0015
 4924.600  0.0015
 4924.620  0.0038
 4924.640  0.0066
 4924.660  0.0084
 4924.680  0.0083
 4924.700  0.0072
 4924.720  0.0057
 4924.740  0.0038
 4924.760  0.0017
 4924.780  0.0011
 4924.800  0.0019
 4924.820  0.0027
 4924.840  0.0024
 4924.860  0.0023
 4924.880  0.0030
 4924.900  0.0038
 4924.920  0.0041
 4924.940  0.0045
 4924.960  0.0051
 4924.980  0.0053
 4925.000  0.0047
 4925.020  0.0040
 4925.040  0.0048
 4925.060  0.0082
 4925.080  0.0120
 4925.100  0.0129
 4925.120  0.0089
 4925.140  0.0010
 4925.160 -0.0065
 4925.180 -0.0101
 4925.200 -0.0095
 4925.220 -0.0066
 4925.240 -0.0038
 4925.260 -0.0006
 4925.280  0.0046
 4925.300  0.0105
 4925.320  0.0129
 4925.340  0.0106
 4925.360  0.0071
 4925.380  0.0058
 4925.400  0.0072
 4925.420  0.0095
 4925.440  0.0100
 4925.460  0.0074
 4925.480  0.0026
 4925.500 -0.0029
 4925.520 -0.0072
 4925.540 -0.0083
 4925.560 -0.0053
 4925.580  0.0006
 4925.600  0.0060
 4925.620  0.0074
 4925.640  0.0045
 4925.660  0.0007
 4925.680 -0.0009
 4925.700 -0.0004
 4925.720  0.0006
 4925.740  0.0015
 4925.760  0.0033
 4925.780  0.0062
 4925.800  0.0071
 4925.820  0.0031
 4925.840 -0.0026
 4925.860 -0.0046
 4925.880 -0.0019
 4925.900  0.0022
 4925.920  0.0052
 4925.940  0.0072
 4925.960  0.0084
 4925.980  0.0086
 4926.000  0.0072
 4926.020  0.0049
 4926.040  0.0032
 4926.060  0.0028
 4926.080  0.0021
 4926.100  0.0007
 4926.120 -0.0001
 4926.140 -0.0007
 4926.160 -0.0029
 4926.180 -0.0047
 4926.200 -0.0018
 4926.220  0.0061
 4926.240  0.0136
 4926.260  0.0149
 4926.280  0.0092
 4926.300  0.0027
 4926.320  0.0018
 4926.340  0.0069
 4926.360  0.0131
 4926.380  0.0152
 4926.400  0.0117
 4926.420  0.0051
 4926.440  0.0000
 4926.460 -0.0012
 4926.480  0.0006
 4926.500  0.0023
 4926.520  0.0029
 4926.540  0.0037
 4926.560  0.0052
 4926.580  0.0054
 4926.600  0.0035
 4926.620  0.0011
 4926.640  0.0003
 4926.660  0.0013
 4926.680  0.0017
 4926.700  0.0000
 4926.720 -0.0015
 4926.740 -0.0004
 4926.760  0.0018
 4926.780  0.0021
 4926.800  0.0010
 4926.820  0.0008
 4926.840  0.0021
 4926.860  0.0035
 4926.880  0.0037
 4926.900  0.0023
 4926.920  0.0006
 4926.940 -0.0001
 4926.960  0.0006
 4926.980  0.0028
 4927.000  0.0060
 4927.020  0.0086
 4927.040  0.0088
 4927.060  0.0071
 4927.080  0.0049
 4927.100  0.0011
 4927.120 -0.0048
 4927.140 -0.0092
 4927.160 -0.0076
 4927.180 -0.0016
 4927.200  0.0031
 4927.220  0.0035
 4927.240  0.0015
 4927.260  0.0007
 4927.280  0.0017
 4927.300  0.0009
 4927.320 -0.0022
 4927.340 -0.0029
 4927.360  0.0013
 4927.380  0.0068
 4927.400  0.0092
 4927.420  0.0086
 4927.440  0.0078
 4927.460  0.0090
 4927.480  0.0097
 4927.500  0.0062
 4927.520 -0.0004
 4927.540 -0.0035
 4927.560  0.0006
 4927.580  0.0076
 4927.600  0.0107
 4927.620  0.0084
 4927.640  0.0049
 4927.660  0.0034
 4927.680  0.0032
 4927.700  0.0024
 4927.720  0.0009
 4927.740  0.0005
 4927.760  0.0029
 4927.780  0.0068
 4927.800  0.0093
 4927.820  0.0081
 4927.840  0.0048
 4927.860  0.0031
 4927.880  0.0057
 4927.900  0.0113
 4927.920  0.0147
 4927.940  0.0123
 4927.960  0.0050
 4927.980  0.0000
 4928.000  0.0000
