            0.10166E+01
            0.00000E+00
4173.01074  0.10085E+01
4173.02051  0.10162E+01
4173.02979  0.10222E+01
4173.03906  0.10136E+01
4173.04883  0.10141E+01
4173.05811  0.10173E+01
4173.06787  0.10133E+01
4173.07715  0.10143E+01
4173.08643  0.10168E+01
4173.09619  0.10119E+01
4173.10547  0.10106E+01
4173.11523  0.10129E+01
4173.12451  0.10096E+01
4173.13428  0.10100E+01
4173.14355  0.10161E+01
4173.15283  0.10146E+01
4173.16260  0.10114E+01
4173.17188  0.10152E+01
4173.18164  0.10154E+01
4173.19092  0.10122E+01
4173.20020  0.10156E+01
4173.20996  0.10120E+01
4173.21924  0.10051E+01
4173.22900  0.10094E+01
4173.23828  0.10112E+01
4173.24756  0.10192E+01
4173.25732  0.10162E+01
4173.26660  0.10124E+01
4173.27637  0.10148E+01
4173.28564  0.10136E+01
4173.29492  0.10114E+01
4173.30469  0.10131E+01
4173.31396  0.10138E+01
4173.32373  0.10127E+01
4173.33301  0.10131E+01
4173.34277  0.10131E+01
4173.35205  0.10125E+01
4173.36133  0.10123E+01
4173.37109  0.10112E+01
4173.38037  0.10110E+01
4173.39014  0.10126E+01
4173.39941  0.10127E+01
4173.40869  0.10109E+01
4173.41846  0.10105E+01
4173.42773  0.10106E+01
4173.43750  0.10095E+01
4173.44678  0.10094E+01
4173.45605  0.10095E+01
4173.46582  0.10081E+01
4173.47510  0.10078E+01
4173.48486  0.10087E+01
4173.49414  0.10074E+01
4173.50342  0.10053E+01
4173.51318  0.10045E+01
4173.52246  0.10029E+01
4173.53223  0.99960E+00
4173.54150  0.99646E+00
4173.55127  0.99314E+00
4173.56055  0.98762E+00
4173.56982  0.97910E+00
4173.57959  0.96731E+00
4173.58887  0.95238E+00
4173.59863  0.93482E+00
4173.60791  0.91500E+00
4173.61719  0.89482E+00
4173.62695  0.87835E+00
4173.63623  0.87064E+00
4173.64600  0.87520E+00
4173.65527  0.88999E+00
4173.66455  0.90941E+00
4173.67432  0.93053E+00
4173.68359  0.95096E+00
4173.69336  0.96668E+00
4173.70264  0.97812E+00
4173.71191  0.98807E+00
4173.72168  0.99435E+00
4173.73096  0.99721E+00
4173.74072  0.10013E+01
4173.75000  0.10044E+01
4173.75977  0.10040E+01
4173.76904  0.10061E+01
4173.77832  0.10105E+01
4173.78809  0.10095E+01
4173.79736  0.10076E+01
4173.80713  0.10097E+01
4173.81641  0.10090E+01
4173.82568  0.10069E+01
4173.83545  0.10103E+01
4173.84473  0.10116E+01
4173.85449  0.10081E+01
4173.86377  0.10106E+01
4173.87305  0.10129E+01
4173.88281  0.10073E+01
4173.89209  0.10070E+01
4173.90186  0.10102E+01
4173.91113  0.10030E+01
4173.92041  0.10028E+01
4173.93018  0.10121E+01
4173.93945  0.10010E+01
4173.94922  0.99719E+00
4173.95850  0.99711E+00
4173.96826  0.99672E+00
4173.97754  0.99280E+00
4173.98682  0.96205E+00
4173.99658  0.93523E+00
4174.00586  0.91152E+00
4174.01562  0.88662E+00
4174.02490  0.88599E+00
4174.03418  0.91066E+00
4174.04395  0.93767E+00
4174.05322  0.96263E+00
4174.06299  0.98416E+00
4174.07227  0.99318E+00
4174.08154  0.99424E+00
4174.09131  0.99451E+00
4174.10059  0.99134E+00
4174.11035  0.98800E+00
4174.11963  0.98820E+00
4174.12891  0.98586E+00
4174.13867  0.98281E+00
4174.14795  0.98687E+00
4174.15771  0.99287E+00
4174.16699  0.99521E+00
4174.17676  0.99881E+00
4174.18604  0.10030E+01
4174.19531  0.10032E+01
4174.20508  0.10046E+01
4174.21436  0.10088E+01
4174.22412  0.10093E+01
4174.23340  0.10076E+01
4174.24268  0.10091E+01
4174.25244  0.10104E+01
4174.26172  0.10101E+01
4174.27148  0.10109E+01
4174.28076  0.10088E+01
4174.29004  0.10078E+01
4174.29980  0.10068E+01
4174.30908  0.10115E+01
4174.31885  0.10135E+01
4174.32812  0.10031E+01
4174.33740  0.10011E+01
4174.34717  0.99829E+00
4174.35645  0.98170E+00
4174.36621  0.97541E+00
4174.37549  0.97936E+00
4174.38525  0.97361E+00
4174.39453  0.98098E+00
4174.40381  0.10022E+01
4174.41357  0.10070E+01
4174.42285  0.10025E+01
4174.43262  0.10144E+01
4174.44189  0.10138E+01
4174.45117  0.99901E+00
4174.46094  0.10192E+01
4174.47021 -0.10000E+01
4174.47998 -0.10000E+01
4174.48926 -0.10000E+01
4174.49854 -0.10000E+01
4174.50830 -0.10000E+01
4174.51758  0.10287E+01
4174.52734  0.10036E+01
4174.53662  0.10161E+01
4174.54590  0.10197E+01
4174.55566  0.10073E+01
4174.56494  0.10128E+01
4174.57471  0.10180E+01
4174.58398  0.10101E+01
4174.59375  0.10116E+01
4174.60303  0.10169E+01
4174.61230  0.10117E+01
4174.62207  0.10107E+01
4174.63135  0.10159E+01
4174.64111  0.10130E+01
4174.65039  0.10082E+01
4174.65967  0.10093E+01
4174.66943  0.10078E+01
4174.67871  0.10027E+01
4174.68848  0.99853E+00
4174.69775  0.99125E+00
4174.70703  0.97961E+00
4174.71680  0.96766E+00
4174.72607  0.95673E+00
4174.73584  0.95202E+00
4174.74512  0.96021E+00
4174.75439  0.97649E+00
4174.76416  0.99094E+00
4174.77344  0.10009E+01
4174.78320  0.10077E+01
4174.79248  0.10108E+01
4174.80225  0.10110E+01
4174.81152  0.10112E+01
4174.82080  0.10129E+01
4174.83057  0.10140E+01
4174.83984  0.10125E+01
4174.84961  0.10109E+01
4174.85889  0.10112E+01
4174.86816  0.10124E+01
4174.87793  0.10132E+01
4174.88721  0.10131E+01
4174.89697  0.10126E+01
4174.90625  0.10137E+01
4174.91553  0.10148E+01
4174.92529  0.10139E+01
4174.93457  0.10136E+01
4174.94434  0.10137E+01
4174.95361  0.10120E+01
4174.96289  0.10126E+01
4174.97266  0.10146E+01
4174.98193  0.10116E+01
4174.99170  0.10084E+01
4175.00098  0.10099E+01
4175.01074  0.10085E+01
4175.02002  0.10071E+01
4175.02930  0.10126E+01
4175.03906  0.10131E+01
4175.04834  0.10068E+01
4175.05811  0.10098E+01
4175.06738  0.10140E+01
4175.07666  0.10088E+01
4175.08643  0.10112E+01
4175.09570  0.10173E+01
4175.10547  0.10098E+01
4175.11475  0.10106E+01
4175.12402  0.10213E+01
4175.13379  0.10073E+01
4175.14307  0.99928E+00
4175.15283  0.10200E+01
4175.16211 -0.10000E+01
4175.17139 -0.10000E+01
4175.18115 -0.10000E+01
4175.19043 -0.10000E+01
4175.20020  0.97259E+00
4175.20947  0.96345E+00
4175.21924  0.96802E+00
4175.22852  0.10007E+01
4175.23779  0.10060E+01
4175.24756  0.10039E+01
4175.25684  0.10166E+01
4175.26660  0.10167E+01
4175.27588  0.10094E+01
4175.28516  0.10153E+01
4175.29492  0.10169E+01
4175.30420  0.10098E+01
4175.31396  0.10120E+01
4175.32324  0.10159E+01
4175.33252  0.10122E+01
4175.34229  0.10128E+01
4175.35156  0.10163E+01
4175.36133  0.10139E+01
4175.37061  0.10130E+01
4175.37988  0.10148E+01
4175.38965  0.10127E+01
4175.39893  0.10121E+01
4175.40869  0.10146E+01
4175.41797  0.10130E+01
4175.42773  0.10117E+01
4175.43701  0.10135E+01
4175.44629  0.10118E+01
4175.45605  0.10108E+01
4175.46533  0.10139E+01
4175.47510  0.10117E+01
4175.48438  0.10079E+01
4175.49365  0.10121E+01
4175.50342  0.10146E+01
4175.51270  0.10109E+01
4175.52246  0.10108E+01
4175.53174  0.10085E+01
4175.54102  0.99756E+00
4175.55078  0.98815E+00
4175.56006  0.97748E+00
4175.56982  0.96293E+00
4175.57910  0.96387E+00
4175.58838  0.97639E+00
4175.59814  0.98041E+00
4175.60742  0.99251E+00
4175.61719  0.10134E+01
4175.62646  0.10083E+01
4175.63623  0.10026E+01
4175.64551  0.10210E+01
4175.65479 -0.10000E+01
4175.66455 -0.10000E+01
4175.67383 -0.10000E+01
4175.68359 -0.10000E+01
4175.69287  0.10335E+01
4175.70215  0.10136E+01
4175.71191  0.10016E+01
4175.72119  0.10187E+01
4175.73096  0.10133E+01
4175.74023  0.10034E+01
4175.74951  0.10097E+01
4175.75928  0.10070E+01
4175.76855  0.99642E+00
4175.77832  0.98873E+00
4175.78760  0.96445E+00
4175.79688  0.92585E+00
4175.80664  0.90032E+00
4175.81592  0.89022E+00
4175.82568  0.89078E+00
4175.83496  0.91072E+00
4175.84473  0.94315E+00
4175.85400  0.96956E+00
4175.86328  0.98589E+00
4175.87305  0.99487E+00
4175.88232  0.99860E+00
4175.89209  0.10018E+01
4175.90137  0.10041E+01
4175.91064  0.10033E+01
4175.92041  0.10038E+01
4175.92969  0.10068E+01
4175.93945  0.10078E+01
4175.94873  0.10072E+01
4175.95801  0.10084E+01
4175.96777  0.10102E+01
4175.97705  0.10101E+01
4175.98682  0.10087E+01
4175.99609  0.10077E+01
4176.00537  0.10083E+01
4176.01514  0.10087E+01
4176.02441  0.10078E+01
4176.03418  0.10081E+01
4176.04346  0.10089E+01
4176.05322  0.10074E+01
4176.06250  0.10062E+01
4176.07178  0.10075E+01
4176.08154  0.10076E+01
4176.09082  0.10058E+01
4176.10059  0.10058E+01
4176.10986  0.10065E+01
4176.11914  0.10042E+01
4176.12891  0.99929E+00
4176.13818  0.99531E+00
4176.14795  0.99462E+00
4176.15723  0.99591E+00
4176.16650  0.99497E+00
4176.17627  0.98991E+00
4176.18555  0.98326E+00
4176.19531  0.97694E+00
4176.20459  0.97231E+00
4176.21387  0.97306E+00
4176.22363  0.98028E+00
4176.23291  0.98970E+00
4176.24268  0.99873E+00
4176.25195  0.10076E+01
4176.26172  0.10138E+01
4176.27100  0.10155E+01
4176.28027  0.10166E+01
4176.29004  0.10192E+01
4176.29932  0.10197E+01
4176.30908  0.10178E+01
4176.31836  0.10169E+01
4176.32764  0.10152E+01
4176.33740  0.10114E+01
4176.34668  0.10097E+01
4176.35645  0.10115E+01
4176.36572  0.10136E+01
4176.37500  0.10156E+01
4176.38477  0.10167E+01
4176.39404  0.10168E+01
4176.40381  0.10207E+01
4176.41309  0.10258E+01
4176.42236  0.10260E+01
4176.43213  0.10251E+01
4176.44141  0.10248E+01
4176.45117  0.10234E+01
4176.46045  0.10233E+01
4176.47021  0.10223E+01
4176.47949  0.10176E+01
4176.48877  0.10172E+01
4176.49854  0.10203E+01
4176.50781  0.10176E+01
4176.51758  0.10158E+01
4176.52686  0.10202E+01
4176.53613  0.10170E+01
4176.54590  0.10117E+01
4176.55518  0.10191E+01
4176.56494  0.10210E+01
4176.57422  0.10112E+01
4176.58350  0.10167E+01
4176.59326  0.10206E+01
4176.60254 -0.10000E+01
4176.61230 -0.10000E+01
4176.62158 -0.10000E+01
4176.63086 -0.10000E+01
4176.64062 -0.10000E+01
4176.64990 -0.10000E+01
4176.65967 -0.10000E+01
4176.66895 -0.10000E+01
4176.67871  0.10073E+01
4176.68799  0.10128E+01
4176.69727  0.10248E+01
4176.70703  0.10126E+01
4176.71631  0.10112E+01
4176.72607  0.10191E+01
4176.73535  0.10147E+01
4176.74463  0.10126E+01
4176.75439  0.10173E+01
4176.76367  0.10144E+01
4176.77344  0.10118E+01
4176.78271  0.10159E+01
4176.79199  0.10155E+01
4176.80176  0.10132E+01
4176.81104  0.10163E+01
4176.82080  0.10162E+01
4176.83008  0.10126E+01
4176.83936  0.10148E+01
4176.84912  0.10172E+01
4176.85840  0.10141E+01
4176.86816  0.10126E+01
4176.87744  0.10140E+01
4176.88721  0.10129E+01
4176.89648  0.10118E+01
4176.90576  0.10128E+01
4176.91553  0.10128E+01
4176.92480  0.10127E+01
4176.93457  0.10137E+01
4176.94385  0.10141E+01
4176.95312  0.10143E+01
4176.96289  0.10143E+01
4176.97217  0.10135E+01
4176.98193  0.10134E+01
4176.99121  0.10144E+01
4177.00049  0.10147E+01
4177.01025  0.10146E+01
4177.01953  0.10144E+01
4177.02930  0.10134E+01
4177.03857  0.10135E+01
4177.04785  0.10155E+01
4177.05762  0.10161E+01
4177.06689  0.10144E+01
4177.07666  0.10135E+01
4177.08594  0.10136E+01
4177.09570  0.10130E+01
4177.10498  0.10127E+01
4177.11426  0.10131E+01
4177.12402  0.10131E+01
4177.13330  0.10135E+01
4177.14307  0.10142E+01
4177.15234  0.10141E+01
4177.16162  0.10146E+01
4177.17139  0.10153E+01
4177.18066  0.10142E+01
4177.19043  0.10136E+01
4177.19971  0.10158E+01
4177.20898  0.10161E+01
4177.21875  0.10133E+01
4177.22803  0.10132E+01
4177.23779  0.10160E+01
4177.24707  0.10162E+01
4177.25635  0.10144E+01
4177.26611  0.10142E+01
4177.27539  0.10139E+01
4177.28516  0.10128E+01
4177.29443  0.10124E+01
4177.30420  0.10121E+01
4177.31348  0.10120E+01
4177.32275  0.10135E+01
4177.33252  0.10140E+01
4177.34180  0.10126E+01
4177.35156  0.10133E+01
4177.36084  0.10156E+01
4177.37012  0.10147E+01
4177.37988  0.10133E+01
4177.38916  0.10148E+01
4177.39893  0.10151E+01
4177.40820  0.10127E+01
4177.41748  0.10120E+01
4177.42725  0.10127E+01
4177.43652  0.10122E+01
4177.44629  0.10118E+01
4177.45557  0.10122E+01
4177.46484  0.10116E+01
4177.47461  0.10104E+01
4177.48389  0.10081E+01
4177.49365  0.10006E+01
4177.50293  0.98518E+00
4177.51270  0.96099E+00
4177.52197  0.92973E+00
4177.53125  0.90047E+00
4177.54102  0.88590E+00
4177.55029  0.89250E+00
4177.56006  0.91769E+00
4177.56934  0.95059E+00
4177.57861  0.97761E+00
4177.58838  0.99439E+00
4177.59766  0.10048E+01
4177.60742  0.10098E+01
4177.61670  0.10102E+01
4177.62598  0.10116E+01
4177.63574  0.10141E+01
4177.64502  0.10134E+01
4177.65479  0.10121E+01
4177.66406  0.10136E+01
4177.67334  0.10148E+01
4177.68311  0.10134E+01
4177.69238  0.10118E+01
4177.70215  0.10132E+01
4177.71143  0.10142E+01
4177.72119  0.10133E+01
4177.73047  0.10148E+01
4177.73975  0.10130E+01
4177.74951  0.10126E+01
4177.75879  0.10136E+01
4177.76855  0.10125E+01
4177.77783  0.10119E+01
4177.78711  0.10114E+01
4177.79688  0.10150E+01
4177.80615  0.10137E+01
4177.81592  0.10111E+01
4177.82520  0.10122E+01
4177.83447  0.10124E+01
4177.84424  0.10111E+01
4177.85352  0.10128E+01
4177.86328  0.10141E+01
4177.87256  0.10123E+01
4177.88184  0.10112E+01
4177.89160  0.10112E+01
4177.90088  0.10089E+01
4177.91064  0.10057E+01
4177.91992  0.10020E+01
4177.92969  0.99515E+00
4177.93896  0.98578E+00
4177.94824  0.97696E+00
4177.95801  0.96802E+00
4177.96729  0.96220E+00
4177.97705  0.96707E+00
4177.98633  0.97940E+00
4177.99561  0.98981E+00
4178.00537  0.99830E+00
4178.01465  0.10059E+01
4178.02441  0.10085E+01
4178.03369  0.10090E+01
4178.04297  0.10119E+01
4178.05273  0.10128E+01
4178.06201  0.10123E+01
4178.07178  0.10142E+01
4178.08105  0.10134E+01
4178.09033  0.10111E+01
4178.10010  0.10143E+01
4178.10938  0.10156E+01
4178.11914  0.10116E+01
4178.12842  0.10137E+01
4178.13818  0.10162E+01
4178.14746  0.10110E+01
4178.15674  0.10126E+01
4178.16650  0.10174E+01
4178.17578  0.10091E+01
4178.18555  0.10095E+01
4178.19482  0.10214E+01
4178.20410  0.10085E+01
4178.21387  0.10003E+01
4178.22314  0.10210E+01
4178.23291 -0.10000E+01
4178.24219 -0.10000E+01
4178.25146 -0.10000E+01
4178.26123 -0.10000E+01
4178.27051  0.10358E+01
4178.28027  0.10148E+01
4178.28955  0.10048E+01
4178.29883  0.10245E+01
4178.30859  0.10173E+01
4178.31787  0.10067E+01
4178.32764  0.10145E+01
4178.33691  0.10143E+01
4178.34668  0.10108E+01
4178.35596  0.10166E+01
4178.36523  0.10158E+01
4178.37500  0.10107E+01
4178.38428  0.10131E+01
4178.39404  0.10146E+01
4178.40332  0.10139E+01
4178.41260  0.10146E+01
4178.42236  0.10116E+01
4178.43164  0.10121E+01
4178.44141  0.10158E+01
4178.45068  0.10112E+01
4178.45996  0.10123E+01
4178.46973  0.10200E+01
4178.47900  0.10065E+01
4178.48877  0.10030E+01
4178.49805 -0.10000E+01
4178.50732 -0.10000E+01
4178.51709 -0.10000E+01
4178.52637 -0.10000E+01
4178.53613 -0.10000E+01
4178.54541  0.10282E+01
4178.55518  0.10126E+01
4178.56445  0.99738E+00
4178.57373  0.10127E+01
4178.58350  0.10072E+01
4178.59277  0.99468E+00
4178.60254  0.99753E+00
4178.61182  0.99314E+00
4178.62109  0.98027E+00
4178.63086  0.97306E+00
4178.64014  0.96070E+00
4178.64990  0.93905E+00
4178.65918  0.91846E+00
4178.66846  0.89795E+00
4178.67822  0.88026E+00
4178.68750  0.87741E+00
4178.69727  0.88772E+00
4178.70654  0.90301E+00
4178.71582  0.92174E+00
4178.72559  0.94011E+00
4178.73486  0.95477E+00
4178.74463  0.96790E+00
4178.75391  0.97839E+00
4178.76367  0.98507E+00
4178.77295  0.99140E+00
4178.78223  0.99597E+00
4178.79199  0.99574E+00
4178.80127  0.99509E+00
4178.81104  0.99508E+00
4178.82031  0.98943E+00
4178.82959  0.97794E+00
4178.83936  0.96636E+00
4178.84863  0.95792E+00
4178.85840  0.95541E+00
4178.86768  0.96135E+00
4178.87695  0.97284E+00
4178.88672  0.98516E+00
4178.89600  0.99649E+00
4178.90576  0.10054E+01
4178.91504  0.10104E+01
4178.92432  0.10115E+01
4178.93408  0.10104E+01
4178.94336  0.10093E+01
4178.95312  0.10098E+01
4178.96240  0.10106E+01
4178.97217  0.10088E+01
4178.98145  0.10041E+01
4178.99072  0.99664E+00
4179.00049  0.98614E+00
4179.00977  0.97328E+00
4179.01953  0.96234E+00
4179.02881  0.95855E+00
4179.03809  0.96278E+00
4179.04785  0.97205E+00
4179.05713  0.98380E+00
4179.06689  0.99576E+00
4179.07617  0.10045E+01
4179.08545  0.10081E+01
4179.09521  0.10087E+01
4179.10449  0.10095E+01
4179.11426  0.10105E+01
4179.12354  0.10093E+01
4179.13281  0.10054E+01
4179.14258  0.99899E+00
4179.15186  0.98630E+00
4179.16162  0.96284E+00
4179.17090  0.93197E+00
4179.18066  0.90382E+00
4179.18994  0.88738E+00
4179.19922  0.88914E+00
4179.20898  0.91130E+00
4179.21826  0.94457E+00
4179.22803  0.97372E+00
4179.23730  0.99331E+00
4179.24658  0.10056E+01
4179.25635  0.10103E+01
4179.26562  0.10111E+01
4179.27539  0.10138E+01
4179.28467  0.10163E+01
4179.29395  0.10171E+01
4179.30371  0.10155E+01
4179.31299  0.10153E+01
4179.32275  0.10158E+01
4179.33203  0.10145E+01
4179.34131  0.10144E+01
4179.35107  0.10156E+01
4179.36035  0.10135E+01
4179.37012  0.10122E+01
4179.37939  0.10146E+01
4179.38916  0.10153E+01
4179.39844  0.10154E+01
4179.40771  0.10160E+01
4179.41748  0.10167E+01
4179.42676  0.10164E+01
4179.43652  0.10160E+01
4179.44580  0.10160E+01
4179.45508  0.10150E+01
4179.46484  0.10139E+01
4179.47412  0.10145E+01
4179.48389  0.10158E+01
4179.49316  0.10160E+01
4179.50244  0.10157E+01
4179.51221  0.10152E+01
4179.52148  0.10143E+01
4179.53125  0.10138E+01
4179.54053  0.10142E+01
4179.54980  0.10148E+01
4179.55957  0.10151E+01
4179.56885  0.10151E+01
4179.57861  0.10143E+01
4179.58789  0.10117E+01
4179.59766  0.10072E+01
4179.60693  0.10009E+01
4179.61621  0.99252E+00
4179.62598  0.98225E+00
4179.63525  0.97214E+00
4179.64502  0.96653E+00
4179.65430  0.96980E+00
4179.66357  0.98146E+00
4179.67334  0.99478E+00
4179.68262  0.10035E+01
4179.69238  0.10085E+01
4179.70166  0.10131E+01
4179.71094  0.10166E+01
4179.72070  0.10174E+01
4179.72998  0.10172E+01
4179.73975  0.10168E+01
4179.74902  0.10152E+01
4179.75830  0.10131E+01
4179.76807  0.10106E+01
4179.77734  0.10060E+01
4179.78711  0.10008E+01
4179.79639  0.99916E+00
4179.80615  0.10014E+01
4179.81543  0.10057E+01
4179.82471  0.10109E+01
4179.83447  0.10142E+01
4179.84375  0.10148E+01
4179.85352  0.10151E+01
4179.86279  0.10157E+01
4179.87207  0.10159E+01
4179.88184  0.10165E+01
4179.89111  0.10168E+01
4179.90088  0.10148E+01
4179.91016  0.10132E+01
4179.91943  0.10139E+01
4179.92920  0.10139E+01
4179.93848  0.10130E+01
4179.94824  0.10146E+01
4179.95752  0.10164E+01
4179.96680  0.10148E+01
4179.97656  0.10139E+01
4179.98584  0.10166E+01
4179.99561  0.10174E+01
4180.00488  0.10150E+01
4180.01465  0.10146E+01
4180.02393  0.10163E+01
4180.03320  0.10159E+01
4180.04297  0.10143E+01
4180.05225  0.10137E+01
4180.06201  0.10134E+01
4180.07129  0.10136E+01
4180.08057  0.10155E+01
4180.09033  0.10170E+01
4180.09961  0.10158E+01
4180.10938  0.10149E+01
4180.11865  0.10164E+01
4180.12793  0.10166E+01
4180.13770  0.10138E+01
4180.14697  0.10124E+01
4180.15674  0.10141E+01
4180.16602  0.10157E+01
4180.17529  0.10165E+01
4180.18506  0.10173E+01
4180.19434  0.10165E+01
4180.20410  0.10139E+01
4180.21338  0.10125E+01
4180.22314  0.10111E+01
4180.23242  0.10051E+01
4180.24170  0.99315E+00
4180.25146  0.97760E+00
4180.26074  0.96185E+00
4180.27051  0.95211E+00
4180.27979  0.95331E+00
4180.28906  0.96342E+00
4180.29883  0.97731E+00
4180.30811  0.99149E+00
4180.31787  0.10029E+01
4180.32715  0.10089E+01
4180.33643  0.10107E+01
4180.34619  0.10113E+01
4180.35547  0.10127E+01
4180.36523  0.10142E+01
4180.37451  0.10145E+01
4180.38379  0.10140E+01
4180.39355  0.10139E+01
4180.40283  0.10137E+01
4180.41260  0.10140E+01
4180.42188  0.10160E+01
4180.43164  0.10172E+01
4180.44092  0.10153E+01
4180.45020  0.10140E+01
4180.45996  0.10155E+01
4180.46924  0.10166E+01
4180.47900  0.10158E+01
4180.48828  0.10160E+01
4180.49756  0.10170E+01
4180.50732  0.10172E+01
4180.51660  0.10169E+01
4180.52637  0.10160E+01
4180.53564  0.10149E+01
4180.54492  0.10155E+01
4180.55469  0.10166E+01
4180.56396  0.10158E+01
4180.57373  0.10157E+01
4180.58301  0.10171E+01
4180.59229  0.10161E+01
4180.60205  0.10139E+01
4180.61133  0.10151E+01
4180.62109  0.10178E+01
4180.63037  0.10180E+01
4180.64014  0.10184E+01
4180.64941  0.10196E+01
4180.65869  0.10185E+01
4180.66846  0.10170E+01
4180.67773  0.10171E+01
4180.68750  0.10160E+01
4180.69678  0.10138E+01
4180.70605  0.10124E+01
4180.71582  0.10074E+01
4180.72510  0.99470E+00
4180.73486  0.97559E+00
4180.74414  0.94852E+00
4180.75342  0.91473E+00
4180.76318  0.88942E+00
4180.77246  0.88710E+00
4180.78223  0.90484E+00
4180.79150  0.93290E+00
4180.80078  0.96466E+00
4180.81055  0.99077E+00
4180.81982  0.10039E+01
4180.82959  0.10087E+01
4180.83887  0.10128E+01
4180.84863  0.10151E+01
4180.85791  0.10143E+01
4180.86719  0.10137E+01
4180.87695  0.10139E+01
4180.88623  0.10138E+01
4180.89600  0.10140E+01
4180.90527  0.10146E+01
4180.91455  0.10150E+01
4180.92432  0.10152E+01
4180.93359  0.10147E+01
4180.94336  0.10137E+01
4180.95264  0.10151E+01
4180.96191  0.10181E+01
4180.97168  0.10173E+01
4180.98096  0.10147E+01
4180.99072  0.10166E+01
4181.00000  0.10198E+01
4181.00928  0.10188E+01
4181.01904  0.10174E+01
4181.02832  0.10189E+01
4181.03809  0.10200E+01
4181.04736  0.10189E+01
4181.05713  0.10187E+01
4181.06641  0.10198E+01
4181.07568  0.10210E+01
4181.08545  0.10220E+01
4181.09473  0.10222E+01
4181.10449  0.10228E+01
4181.11377  0.10247E+01
4181.12305  0.10257E+01
4181.13281  0.10248E+01
4181.14209  0.10247E+01
4181.15186  0.10251E+01
4181.16113  0.10244E+01
4181.17041  0.10240E+01
4181.18018  0.10248E+01
4181.18945  0.10244E+01
4181.19922  0.10199E+01
4181.20850  0.10103E+01
4181.21777  0.99820E+00
4181.22754  0.98802E+00
4181.23682  0.98136E+00
4181.24658 -0.10000E+01
4181.25586 -0.10000E+01
4181.26562 -0.10000E+01
4181.27490 -0.10000E+01
4181.28418 -0.10000E+01
4181.29395 -0.10000E+01
4181.30322 -0.10000E+01
4181.31299 -0.10000E+01
4181.32227 -0.10000E+01
4181.33154 -0.10000E+01
4181.34131 -0.10000E+01
4181.35059 -0.10000E+01
4181.36035 -0.10000E+01
4181.36963 -0.10000E+01
4181.37891 -0.10000E+01
4181.38867 -0.10000E+01
4181.39795 -0.10000E+01
4181.40771 -0.10000E+01
4181.41699 -0.10000E+01
4181.42627 -0.10000E+01
4181.43604 -0.10000E+01
4181.44531 -0.10000E+01
4181.45508 -0.10000E+01
4181.46436 -0.10000E+01
4181.47412 -0.10000E+01
4181.48340 -0.10000E+01
4181.49268 -0.10000E+01
4181.50244 -0.10000E+01
4181.51172 -0.10000E+01
4181.52148 -0.10000E+01
4181.53076 -0.10000E+01
4181.54004 -0.10000E+01
4181.54980 -0.10000E+01
4181.55908 -0.10000E+01
4181.56885 -0.10000E+01
4181.57812 -0.10000E+01
4181.58740 -0.10000E+01
4181.59717 -0.10000E+01
4181.60645 -0.10000E+01
4181.61621 -0.10000E+01
4181.62549 -0.10000E+01
4181.63477 -0.10000E+01
4181.64453 -0.10000E+01
4181.65381 -0.10000E+01
4181.66357 -0.10000E+01
4181.67285 -0.10000E+01
4181.68262 -0.10000E+01
4181.69189 -0.10000E+01
4181.70117  0.10215E+01
4181.71094  0.10113E+01
4181.72021  0.10142E+01
4181.72998  0.10236E+01
4181.73926  0.10133E+01
4181.74854  0.10102E+01
4181.75830  0.10249E+01
4181.76758 -0.10000E+01
4181.77734 -0.10000E+01
4181.78662 -0.10000E+01
4181.79590 -0.10000E+01
4181.80566 -0.10000E+01
4181.81494 -0.10000E+01
4181.82471 -0.10000E+01
4181.83398 -0.10000E+01
4181.84326 -0.10000E+01
4181.85303  0.99930E+00
4181.86230  0.10185E+01
4181.87207  0.10161E+01
4181.88135  0.10069E+01
4181.89111  0.10170E+01
4181.90039  0.10206E+01
4181.90967  0.10143E+01
4181.91943  0.10174E+01
4181.92871  0.10199E+01
4181.93848  0.10157E+01
4181.94775  0.10171E+01
4181.95703  0.10199E+01
4181.96680  0.10175E+01
4181.97607  0.10180E+01
4181.98584  0.10195E+01
4181.99512  0.10157E+01
4182.00439  0.10139E+01
4182.01416  0.10143E+01
4182.02344  0.10072E+01
4182.03320  0.99465E+00
4182.04248  0.98199E+00
4182.05176  0.96838E+00
4182.06152  0.95820E+00
4182.07080  0.95669E+00
4182.08057  0.96332E+00
4182.08984  0.97788E+00
4182.09961  0.99525E+00
4182.10889  0.10059E+01
4182.11816  0.10110E+01
4182.12793  0.10145E+01
4182.13721  0.10146E+01
4182.14697  0.10155E+01
4182.15625  0.10198E+01
4182.16553  0.10193E+01
4182.17529  0.10159E+01
4182.18457  0.10174E+01
4182.19434  0.10152E+01
4182.20361  0.10084E+01
4182.21289  0.10089E+01
4182.22266  0.10052E+01
4182.23193  0.98476E+00
4182.24170  0.96243E+00
4182.25098  0.93644E+00
4182.26025  0.89924E+00
4182.27002  0.88472E+00
4182.27930  0.90101E+00
4182.28906  0.91076E+00
4182.29834  0.93685E+00
4182.30811 -0.10000E+01
4182.31738 -0.10000E+01
4182.32666 -0.10000E+01
4182.33643 -0.10000E+01
4182.34570 -0.10000E+01
4182.35547 -0.10000E+01
4182.36475  0.10179E+01
4182.37402  0.10061E+01
4182.38379  0.10230E+01
4182.39307  0.10176E+01
4182.40283  0.10106E+01
4182.41211  0.10203E+01
4182.42139  0.10188E+01
4182.43115  0.10124E+01
4182.44043  0.10194E+01
4182.45020  0.10217E+01
4182.45947  0.10157E+01
4182.46875  0.10189E+01
4182.47852  0.10224E+01
4182.48779  0.10173E+01
4182.49756  0.10165E+01
4182.50684  0.10195E+01
4182.51660  0.10171E+01
4182.52588  0.10154E+01
4182.53516  0.10169E+01
4182.54492  0.10139E+01
4182.55420  0.10109E+01
4182.56396  0.10125E+01
4182.57324  0.10136E+01
4182.58252  0.10138E+01
4182.59229  0.10151E+01
4182.60156  0.10155E+01
4182.61133  0.10161E+01
4182.62061  0.10174E+01
4182.62988  0.10166E+01
4182.63965  0.10154E+01
4182.64893  0.10171E+01
4182.65869  0.10186E+01
4182.66797  0.10172E+01
4182.67725  0.10152E+01
4182.68701  0.10145E+01
4182.69629  0.10142E+01
4182.70605  0.10117E+01
4182.71533  0.10047E+01
4182.72510  0.99416E+00
4182.73438  0.98255E+00
4182.74365  0.97104E+00
4182.75342  0.96382E+00
4182.76270  0.96589E+00
4182.77246  0.97547E+00
4182.78174  0.98763E+00
4182.79102  0.99972E+00
4182.80078  0.10082E+01
4182.81006  0.10112E+01
4182.81982  0.10126E+01
4182.82910  0.10150E+01
4182.83838  0.10154E+01
4182.84814  0.10138E+01
4182.85742  0.10138E+01
4182.86719  0.10149E+01
4182.87646  0.10145E+01
4182.88574  0.10126E+01
4182.89551  0.10113E+01
4182.90479  0.10121E+01
4182.91455  0.10146E+01
4182.92383  0.10153E+01
4182.93359  0.10133E+01
4182.94287  0.10122E+01
4182.95215  0.10133E+01
4182.96191  0.10145E+01
4182.97119  0.10141E+01
4182.98096  0.10126E+01
4182.99023  0.10112E+01
4182.99951  0.10117E+01
4183.00928  0.10131E+01
4183.01855  0.10132E+01
4183.02832  0.10136E+01
4183.03760  0.10155E+01
4183.04688  0.10153E+01
4183.05664  0.10130E+01
4183.06592  0.10128E+01
4183.07568  0.10141E+01
4183.08496  0.10133E+01
4183.09424  0.10126E+01
4183.10400  0.10139E+01
4183.11328  0.10140E+01
4183.12305  0.10122E+01
4183.13232  0.10103E+01
4183.14209  0.10079E+01
4183.15137  0.10047E+01
4183.16064  0.10022E+01
4183.17041  0.10011E+01
4183.17969  0.10023E+01
4183.18945  0.10057E+01
4183.19873  0.10076E+01
4183.20801  0.10061E+01
4183.21777  0.10033E+01
4183.22705  0.99761E+00
4183.23682  0.98651E+00
4183.24609  0.97489E+00
4183.25537  0.97010E+00
4183.26514  0.97301E+00
4183.27441  0.98187E+00
4183.28418  0.99406E+00
4183.29346  0.10039E+01
4183.30273  0.10089E+01
4183.31250  0.10123E+01
4183.32178  0.10145E+01
4183.33154  0.10137E+01
4183.34082  0.10126E+01
4183.35059  0.10140E+01
4183.35986  0.10147E+01
4183.36914  0.10133E+01
4183.37891  0.10133E+01
4183.38818  0.10149E+01
4183.39795  0.10147E+01
4183.40723  0.10131E+01
4183.41650  0.10131E+01
4183.42627  0.10145E+01
4183.43555  0.10154E+01
4183.44531  0.10156E+01
4183.45459  0.10155E+01
4183.46387  0.10150E+01
4183.47363  0.10146E+01
4183.48291  0.10150E+01
4183.49268  0.10153E+01
4183.50195  0.10144E+01
4183.51123  0.10139E+01
4183.52100  0.10147E+01
4183.53027  0.10140E+01
4183.54004  0.10114E+01
4183.54932  0.10116E+01
4183.55908  0.10135E+01
4183.56836  0.10121E+01
4183.57764  0.10109E+01
4183.58740  0.10129E+01
4183.59668  0.10128E+01
4183.60645  0.10103E+01
4183.61572  0.10104E+01
4183.62500  0.10098E+01
4183.63477  0.10056E+01
4183.64404  0.10024E+01
4183.65381  0.99496E+00
4183.66309  0.97405E+00
4183.67236  0.94428E+00
4183.68213  0.91260E+00
4183.69141  0.88507E+00
4183.70117  0.87881E+00
4183.71045  0.89775E+00
4183.71973  0.92262E+00
4183.72949  0.94884E+00
4183.73877  0.97914E+00
4183.74854  0.99458E+00
4183.75781  0.99509E+00
4183.76758  0.10043E+01
4183.77686  0.10056E+01
4183.78613 -0.10000E+01
4183.79590 -0.10000E+01
4183.80518 -0.10000E+01
4183.81494 -0.10000E+01
4183.82422 -0.10000E+01
4183.83350 -0.10000E+01
4183.84326 -0.10000E+01
4183.85254 -0.10000E+01
4183.86230 -0.10000E+01
4183.87158  0.10112E+01
4183.88086  0.10207E+01
4183.89062  0.10141E+01
4183.89990  0.10158E+01
4183.90967  0.10189E+01
4183.91895  0.10134E+01
4183.92822  0.10133E+01
4183.93799  0.10175E+01
4183.94727  0.10151E+01
4183.95703  0.10134E+01
4183.96631  0.10160E+01
4183.97607  0.10158E+01
4183.98535  0.10149E+01
4183.99463  0.10154E+01
4184.00439  0.10132E+01
4184.01367  0.10129E+01
4184.02344  0.10165E+01
4184.03271  0.10157E+01
4184.04199  0.10122E+01
4184.05176  0.10136E+01
4184.06104  0.10145E+01
4184.07080  0.10123E+01
4184.08008  0.10140E+01
4184.08936  0.10168E+01
4184.09912  0.10138E+01
4184.10840  0.10123E+01
4184.11816  0.10150E+01
4184.12744  0.10133E+01
4184.13672  0.10081E+01
4184.14648  0.10053E+01
4184.15576  0.99883E+00
4184.16553  0.98574E+00
4184.17480  0.97310E+00
4184.18457  0.96328E+00
4184.19385  0.95883E+00
4184.20312  0.96629E+00
4184.21289  0.97898E+00
4184.22217  0.98642E+00
4184.23193  0.99248E+00
4184.24121  0.99760E+00
4184.25049  0.99742E+00
4184.26025  0.10017E+01
4184.26953  0.10104E+01
4184.27930  0.10089E+01
4184.28857  0.10073E+01
4184.29785  0.10160E+01
4184.30762  0.10144E+01
4184.31689  0.10076E+01
4184.32666  0.10182E+01
4184.33594  0.10162E+01
4184.34521  0.99628E+00
4184.35498 -0.10000E+01
4184.36426 -0.10000E+01
4184.37402 -0.10000E+01
4184.38330 -0.10000E+01
4184.39307 -0.10000E+01
4184.40234 -0.10000E+01
4184.41162  0.99841E+00
4184.42139  0.99872E+00
4184.43066  0.10154E+01
4184.44043  0.10179E+01
4184.44971  0.10081E+01
4184.45898  0.10176E+01
4184.46875  0.10137E+01
4184.47803  0.10049E+01
4184.48779  0.10200E+01
4184.49707  0.10154E+01
4184.50635  0.99770E+00
4184.51611  0.10192E+01
4184.52539 -0.10000E+01
4184.53516 -0.10000E+01
4184.54443 -0.10000E+01
4184.55371 -0.10000E+01
4184.56348  0.10346E+01
4184.57275  0.10236E+01
4184.58252  0.10064E+01
4184.59180  0.10234E+01
4184.60156  0.10216E+01
4184.61084  0.10117E+01
4184.62012  0.10182E+01
4184.62988  0.10173E+01
4184.63916  0.10098E+01
4184.64893  0.10136E+01
4184.65820  0.10144E+01
4184.66748  0.10084E+01
4184.67725  0.10122E+01
4184.68652  0.10169E+01
4184.69629  0.10110E+01
4184.70557  0.10082E+01
4184.71484  0.10114E+01
4184.72461  0.10097E+01
4184.73389  0.10074E+01
4184.74365  0.10096E+01
4184.75293  0.10092E+01
4184.76221  0.10069E+01
4184.77197  0.10081E+01
4184.78125  0.10084E+01
4184.79102  0.10054E+01
4184.80029  0.10047E+01
4184.81006  0.10064E+01
4184.81934  0.10056E+01
4184.82861  0.10034E+01
4184.83838  0.10022E+01
4184.84766  0.10017E+01
4184.85742  0.10013E+01
4184.86670  0.10011E+01
4184.87598  0.10019E+01
4184.88574  0.10042E+01
4184.89502  0.10062E+01
4184.90479  0.10064E+01
4184.91406  0.10077E+01
4184.92334  0.10106E+01
4184.93311  0.10114E+01
4184.94238  0.10100E+01
4184.95215  0.10105E+01
4184.96143  0.10120E+01
4184.97070  0.10113E+01
4184.98047  0.10100E+01
4184.98975  0.10090E+01
4184.99951  0.10035E+01
4185.00879  0.98924E+00
4185.01855  0.96736E+00
4185.02783  0.93923E+00
4185.03711  0.90853E+00
4185.04688  0.88679E+00
4185.05615  0.88609E+00
4185.06592  0.90642E+00
4185.07520  0.93692E+00
4185.08447  0.96687E+00
4185.09424  0.99055E+00
4185.10352  0.10050E+01
4185.11328  0.10101E+01
4185.12256  0.10112E+01
4185.13184  0.10128E+01
4185.14160  0.10133E+01
4185.15088  0.10102E+01
4185.16064  0.10060E+01
4185.16992  0.10005E+01
4185.17920  0.98736E+00
4185.18896  0.96756E+00
4185.19824  0.95189E+00
4185.20801  0.94698E+00
4185.21729  0.95144E+00
4185.22705  0.96364E+00
4185.23633  0.97912E+00
4185.24561  0.98795E+00
4185.25537  0.98570E+00
4185.26465  0.97715E+00
4185.27441  0.96630E+00
4185.28369  0.95598E+00
4185.29297  0.95413E+00
4185.30273  0.96528E+00
4185.31201  0.98216E+00
4185.32178  0.99575E+00
4185.33105  0.10049E+01
4185.34033  0.10110E+01
4185.35010  0.10140E+01
4185.35938  0.10152E+01
4185.36914  0.10158E+01
4185.37842  0.10165E+01
4185.38770  0.10171E+01
4185.39746  0.10173E+01
4185.40674  0.10162E+01
4185.41650  0.10153E+01
4185.42578  0.10168E+01
4185.43555  0.10175E+01
4185.44482  0.10146E+01
4185.45410  0.10125E+01
4185.46387  0.10143E+01
4185.47314  0.10155E+01
4185.48291  0.10128E+01
4185.49219  0.10097E+01
4185.50146  0.10069E+01
4185.51123  0.99918E+00
4185.52051  0.98556E+00
4185.53027  0.97131E+00
4185.53955  0.96111E+00
4185.54883  0.95907E+00
4185.55859  0.96812E+00
4185.56787  0.98310E+00
4185.57764  0.99510E+00
4185.58691  0.10032E+01
4185.59619  0.10106E+01
4185.60596  0.10153E+01
4185.61523  0.10155E+01
4185.62500  0.10150E+01
4185.63428  0.10158E+01
4185.64404  0.10162E+01
4185.65332  0.10160E+01
4185.66260  0.10159E+01
4185.67236  0.10156E+01
4185.68164  0.10150E+01
4185.69141  0.10142E+01
4185.70068  0.10131E+01
4185.70996  0.10130E+01
4185.71973  0.10145E+01
4185.72900  0.10147E+01
4185.73877  0.10138E+01
4185.74805  0.10149E+01
4185.75732  0.10167E+01
4185.76709  0.10156E+01
4185.77637  0.10143E+01
4185.78613  0.10161E+01
4185.79541  0.10174E+01
4185.80469  0.10155E+01
4185.81445  0.10145E+01
4185.82373  0.10164E+01
4185.83350  0.10176E+01
4185.84277  0.10162E+01
4185.85254  0.10150E+01
4185.86182  0.10155E+01
4185.87109  0.10161E+01
4185.88086  0.10159E+01
4185.89014  0.10152E+01
4185.89990  0.10150E+01
4185.90918  0.10149E+01
4185.91846  0.10149E+01
4185.92822  0.10151E+01
4185.93750  0.10152E+01
4185.94727  0.10145E+01
4185.95654  0.10138E+01
4185.96582  0.10140E+01
4185.97559  0.10144E+01
4185.98486  0.10148E+01
4185.99463  0.10159E+01
4186.00391  0.10170E+01
4186.01318  0.10162E+01
4186.02295  0.10144E+01
4186.03223  0.10142E+01
4186.04199  0.10154E+01
4186.05127  0.10170E+01
4186.06104  0.10179E+01
4186.07031  0.10171E+01
4186.07959  0.10156E+01
4186.08936  0.10165E+01
4186.09863  0.10191E+01
4186.10840  0.10191E+01
4186.11768  0.10168E+01
4186.12695  0.10156E+01
4186.13672  0.10164E+01
4186.14600  0.10177E+01
4186.15576  0.10185E+01
4186.16504  0.10182E+01
4186.17432  0.10173E+01
4186.18408  0.10172E+01
4186.19336  0.10170E+01
4186.20312  0.10160E+01
4186.21240  0.10153E+01
4186.22168  0.10161E+01
4186.23145  0.10169E+01
4186.24072  0.10171E+01
4186.25049  0.10171E+01
4186.25977  0.10155E+01
4186.26953  0.10106E+01
4186.27881  0.10023E+01
4186.28809  0.98896E+00
4186.29785  0.96673E+00
4186.30713  0.93631E+00
4186.31689  0.90597E+00
4186.32617  0.88753E+00
4186.33545  0.88938E+00
4186.34521  0.91079E+00
4186.35449  0.94235E+00
4186.36426  0.97244E+00
4186.37354  0.99391E+00
4186.38281  0.10059E+01
4186.39258  0.10113E+01
4186.40186  0.10126E+01
4186.41162  0.10111E+01
4186.42090  0.10082E+01
4186.43018  0.10054E+01
4186.43994  0.10027E+01
4186.44922  0.10011E+01
4186.45898  0.10027E+01
4186.46826  0.10061E+01
4186.47803  0.10086E+01
4186.48730  0.10111E+01
4186.49658  0.10150E+01
4186.50635  0.10165E+01
4186.51562  0.10146E+01
4186.52539  0.10141E+01
4186.53467  0.10163E+01
4186.54395  0.10165E+01
4186.55371  0.10149E+01
4186.56299  0.10159E+01
4186.57275  0.10170E+01
4186.58203  0.10154E+01
4186.59131  0.10145E+01
4186.60107  0.10166E+01
4186.61035  0.10188E+01
4186.62012  0.10177E+01
4186.62939  0.10159E+01
4186.63867  0.10156E+01
4186.64844  0.10151E+01
4186.65771  0.10152E+01
4186.66748  0.10161E+01
4186.67676  0.10149E+01
4186.68652  0.10121E+01
4186.69580  0.10119E+01
4186.70508  0.10136E+01
4186.71484  0.10128E+01
4186.72412  0.10106E+01
4186.73389  0.10109E+01
4186.74316  0.10128E+01
4186.75244  0.10134E+01
4186.76221  0.10118E+01
4186.77148  0.10077E+01
4186.78125  0.10010E+01
4186.79053  0.99165E+00
4186.79980  0.97879E+00
4186.80957  0.96394E+00
4186.81885  0.95591E+00
4186.82861  0.96076E+00
4186.83789  0.97274E+00
4186.84717  0.98483E+00
4186.85693  0.99747E+00
4186.86621  0.10090E+01
4186.87598  0.10144E+01
4186.88525  0.10158E+01
4186.89502  0.10185E+01
4186.90430  0.10197E+01
4186.91357  0.10170E+01
4186.92334  0.10164E+01
4186.93262  0.10196E+01
4186.94238  0.10205E+01
4186.95166  0.10188E+01
4186.96094  0.10188E+01
4186.97070  0.10203E+01
4186.97998  0.10208E+01
4186.98975  0.10213E+01
4186.99902  0.10219E+01
4187.00830  0.10206E+01
4187.01807  0.10189E+01
4187.02734  0.10205E+01
4187.03711  0.10240E+01
4187.04639  0.10243E+01
4187.05566  0.10227E+01
4187.06543  0.10235E+01
4187.07471  0.10256E+01
4187.08447  0.10256E+01
4187.09375  0.10248E+01
4187.10352  0.10254E+01
4187.11279  0.10263E+01
4187.12207  0.10275E+01
4187.13184  0.10296E+01
4187.14111  0.10308E+01
4187.15088  0.10311E+01
4187.16016  0.10333E+01
4187.16943  0.10357E+01
4187.17920  0.10372E+01
4187.18848 -0.10000E+01
4187.19824 -0.10000E+01
4187.20752 -0.10000E+01
4187.21680 -0.10000E+01
4187.22656 -0.10000E+01
4187.23584 -0.10000E+01
4187.24561 -0.10000E+01
4187.25488 -0.10000E+01
4187.26416 -0.10000E+01
4187.27393 -0.10000E+01
4187.28320 -0.10000E+01
4187.29297 -0.10000E+01
4187.30225 -0.10000E+01
4187.31201 -0.10000E+01
4187.32129 -0.10000E+01
4187.33057 -0.10000E+01
4187.34033 -0.10000E+01
4187.34961 -0.10000E+01
4187.35938 -0.10000E+01
4187.36865 -0.10000E+01
4187.37793 -0.10000E+01
4187.38770 -0.10000E+01
4187.39697 -0.10000E+01
4187.40674 -0.10000E+01
4187.41602 -0.10000E+01
4187.42529 -0.10000E+01
4187.43506 -0.10000E+01
4187.44434 -0.10000E+01
4187.45410 -0.10000E+01
4187.46338 -0.10000E+01
4187.47266 -0.10000E+01
4187.48242 -0.10000E+01
4187.49170 -0.10000E+01
4187.50146  0.98291E+00
4187.51074  0.94802E+00
4187.52051  0.91553E+00
4187.52979  0.89984E+00
4187.53906  0.90499E+00
4187.54883  0.92617E+00
4187.55811  0.95633E+00
4187.56787  0.98520E+00
4187.57715  0.10038E+01
4187.58643  0.10131E+01
4187.59619  0.10187E+01
4187.60547  0.10215E+01
4187.61523  0.10222E+01
4187.62451  0.10233E+01
4187.63379  0.10230E+01
4187.64355  0.10195E+01
4187.65283  0.10172E+01
4187.66260  0.10180E+01
4187.67188  0.10182E+01
4187.68115  0.10173E+01
4187.69092  0.10180E+01
4187.70020  0.10183E+01
4187.70996  0.10165E+01
4187.71924  0.10159E+01
4187.72900  0.10162E+01
4187.73828  0.10144E+01
4187.74756  0.10129E+01
4187.75732  0.10144E+01
4187.76660  0.10149E+01
4187.77637  0.10121E+01
4187.78564  0.10105E+01
4187.79492  0.10113E+01
4187.80469  0.10108E+01
4187.81396  0.10088E+01
4187.82373  0.10075E+01
4187.83301  0.10072E+01
4187.84229  0.10065E+01
4187.85205  0.10044E+01
4187.86133  0.10007E+01
4187.87109  0.99792E+00
4187.88037  0.99879E+00
4187.88965  0.10019E+01
4187.89941  0.10041E+01
4187.90869  0.10051E+01
4187.91846  0.10067E+01
4187.92773  0.10084E+01
4187.93750  0.10085E+01
4187.94678  0.10076E+01
4187.95605  0.10078E+01
4187.96582  0.10073E+01
4187.97510  0.10013E+01
4187.98486  0.98938E+00
4187.99414  0.97542E+00
4188.00342  0.96227E+00
4188.01318  0.95358E+00
4188.02246  0.95421E+00
4188.03223  0.96476E+00
4188.04150  0.98040E+00
4188.05078  0.99504E+00
4188.06055  0.10049E+01
4188.06982  0.10100E+01
4188.07959  0.10121E+01
4188.08887  0.10119E+01
4188.09814  0.10118E+01
4188.10791  0.10132E+01
4188.11719  0.10145E+01
4188.12695  0.10147E+01
4188.13623  0.10139E+01
4188.14600  0.10114E+01
4188.15527  0.10111E+01
4188.16455  0.10148E+01
4188.17432  0.10148E+01
4188.18359  0.10113E+01
4188.19336  0.10128E+01
4188.20264  0.10133E+01
4188.21191  0.10069E+01
4188.22168  0.10049E+01
4188.23096  0.10036E+01
4188.24072  0.98821E+00
4188.25000  0.97152E+00
4188.25928  0.96101E+00
4188.26904  0.94125E+00
4188.27832  0.93246E+00
4188.28809  0.95406E+00
4188.29736  0.96204E+00
4188.30664  0.95611E+00
4188.31641 -0.10000E+01
4188.32568 -0.10000E+01
4188.33545 -0.10000E+01
4188.34473 -0.10000E+01
4188.35449 -0.10000E+01
4188.36377 -0.10000E+01
4188.37305 -0.10000E+01
4188.38281  0.99961E+00
4188.39209  0.10146E+01
4188.40186  0.10211E+01
4188.41113  0.10085E+01
4188.42041  0.10094E+01
4188.43018  0.10137E+01
4188.43945  0.10095E+01
4188.44922  0.10095E+01
4188.45850  0.10132E+01
4188.46777  0.10124E+01
4188.47754  0.10104E+01
4188.48682  0.10106E+01
4188.49658  0.10124E+01
4188.50586  0.10126E+01
4188.51514  0.10099E+01
4188.52490  0.10097E+01
4188.53418  0.10092E+01
4188.54395  0.10048E+01
4188.55322  0.10074E+01
4188.56299  0.10131E+01
4188.57227  0.10069E+01
4188.58154  0.10054E+01
4188.59131  0.10121E+01
4188.60059  0.99746E+00
4188.61035  0.98509E+00
4188.61963  0.99241E+00
4188.62891 -0.10000E+01
4188.63867 -0.10000E+01
4188.64795 -0.10000E+01
4188.65771 -0.10000E+01
4188.66699  0.91170E+00
4188.67627  0.91420E+00
4188.68604  0.93353E+00
4188.69531  0.98127E+00
4188.70508  0.99488E+00
4188.71436  0.99516E+00
4188.72363  0.10094E+01
4188.73340  0.10112E+01
4188.74268  0.10032E+01
4188.75244  0.10067E+01
4188.76172  0.10084E+01
4188.77148  0.10038E+01
4188.78076  0.10073E+01
4188.79004  0.10103E+01
4188.79980  0.10050E+01
4188.80908  0.10040E+01
4188.81885  0.10074E+01
4188.82812  0.10058E+01
4188.83740  0.10042E+01
4188.84717  0.10047E+01
4188.85645  0.10017E+01
4188.86621  0.99935E+00
4188.87549  0.10007E+01
4188.88477  0.99979E+00
4188.89453  0.99690E+00
4188.90381  0.99578E+00
4188.91357  0.99331E+00
4188.92285  0.98879E+00
4188.93213  0.98609E+00
4188.94189  0.98381E+00
4188.95117  0.98010E+00
4188.96094  0.97859E+00
4188.97021  0.98037E+00
4188.97998  0.98213E+00
4188.98926  0.98355E+00
4188.99854  0.98642E+00
4189.00830  0.99013E+00
4189.01758  0.99344E+00
4189.02734  0.99600E+00
4189.03662  0.99752E+00
4189.04590  0.99861E+00
4189.05566  0.10000E+01
4189.06494  0.10005E+01
4189.07471  0.99871E+00
4189.08398  0.99499E+00
4189.09326  0.98832E+00
4189.10303  0.97637E+00
4189.11230  0.96044E+00
4189.12207  0.94620E+00
4189.13135  0.93976E+00
4189.14062  0.94475E+00
4189.15039  0.95921E+00
4189.15967  0.97511E+00
4189.16943  0.98555E+00
4189.17871  0.99038E+00
4189.18848  0.99196E+00
4189.19775  0.99025E+00
4189.20703  0.98512E+00
4189.21680  0.97893E+00
4189.22607  0.97416E+00
4189.23584  0.97136E+00
4189.24512  0.97099E+00
4189.25439  0.97427E+00
4189.26416  0.98043E+00
4189.27344  0.98573E+00
4189.28320  0.98833E+00
4189.29248  0.98993E+00
4189.30176  0.99197E+00
4189.31152  0.99434E+00
4189.32080  0.99693E+00
4189.33057  0.99912E+00
4189.33984  0.10001E+01
4189.34912  0.10008E+01
4189.35889  0.10017E+01
4189.36816  0.10004E+01
4189.37793  0.99777E+00
4189.38721  0.99754E+00
4189.39697  0.99836E+00
4189.40625  0.99687E+00
4189.41553  0.99512E+00
4189.42529  0.99542E+00
4189.43457  0.99506E+00
4189.44434  0.99318E+00
4189.45361  0.99323E+00
4189.46289  0.99556E+00
4189.47266  0.99652E+00
4189.48193  0.99607E+00
4189.49170  0.99746E+00
4189.50098  0.99967E+00
4189.51025  0.99922E+00
4189.52002  0.99817E+00
4189.52930  0.99930E+00
4189.53906  0.99885E+00
4189.54834  0.99612E+00
4189.55762  0.99649E+00
4189.56738  0.99826E+00
4189.57666  0.99682E+00
4189.58643  0.99646E+00
4189.59570  0.99710E+00
4189.60547  0.99242E+00
4189.61475  0.98786E+00
4189.62402  0.98798E+00
4189.63379  0.98350E+00
4189.64307  0.97602E+00
4189.65283  0.97476E+00
4189.66211  0.97016E+00
4189.67139  0.95690E+00
4189.68115  0.94306E+00
4189.69043  0.91821E+00
4189.70020  0.88220E+00
4189.70947  0.86766E+00
4189.71875  0.87446E+00
4189.72852  0.88041E+00
4189.73779  0.90882E+00
4189.74756  0.94923E+00
4189.75684 -0.10000E+01
4189.76611 -0.10000E+01
4189.77588 -0.10000E+01
4189.78516  0.96573E+00
4189.79492  0.98089E+00
4189.80420  0.97051E+00
4189.81396  0.97194E+00
4189.82324  0.96954E+00
4189.83252  0.96470E+00
4189.84229  0.96984E+00
4189.85156 -0.10000E+01
4189.86133 -0.10000E+01
4189.87061 -0.10000E+01
4189.87988 -0.10000E+01
4189.88965 -0.10000E+01
4189.89893 -0.10000E+01
4189.90869 -0.10000E+01
4189.91797 -0.10000E+01
4189.92725 -0.10000E+01
4189.93701  0.93307E+00
4189.94629  0.94352E+00
4189.95605  0.93014E+00
4189.96533  0.92093E+00
4189.97461  0.92214E+00
4189.98438  0.91177E+00
4189.99365  0.90047E+00
4190.00342  0.89712E+00
4190.01270  0.88728E+00
4190.02246  0.87346E+00
4190.03174  0.86426E+00
4190.04102  0.85074E+00
4190.05078  0.83166E+00
4190.06006  0.81613E+00
4190.06982  0.80155E+00
4190.07910  0.78413E+00
4190.08838  0.76857E+00
4190.09814  0.75727E+00
4190.10742  0.75232E+00
4190.11719  0.75772E+00
4190.12646  0.76857E+00
4190.13574  0.77867E+00
4190.14551  0.78929E+00
4190.15479  0.79991E+00
4190.16455  0.80928E+00
4190.17383  0.82336E+00
4190.18311  0.84522E+00
4190.19287  0.86540E+00
4190.20215  0.87653E+00
4190.21191  0.88201E+00
4190.22119  0.88515E+00
4190.23096  0.88812E+00
4190.24023  0.89667E+00
4190.24951  0.91142E+00
4190.25928  0.92787E+00
4190.26855  0.94495E+00
4190.27832  0.95842E+00
4190.28760  0.96290E+00
4190.29688  0.96546E+00
4190.30664  0.97001E+00
4190.31592  0.96908E+00
4190.32568  0.96844E+00
4190.33496  0.97472E+00
4190.34424  0.97384E+00
4190.35400  0.96899E+00
4190.36328  0.97828E+00
4190.37305  0.98434E+00
4190.38232  0.97714E+00
4190.39160  0.98509E+00
4190.40137  0.99262E+00
4190.41064 -0.10000E+01
4190.42041 -0.10000E+01
4190.42969 -0.10000E+01
4190.43945 -0.10000E+01
4190.44873 -0.10000E+01
4190.45801 -0.10000E+01
4190.46777 -0.10000E+01
4190.47705 -0.10000E+01
4190.48682 -0.10000E+01
4190.49609 -0.10000E+01
4190.50537 -0.10000E+01
4190.51514  0.10021E+01
4190.52441  0.99645E+00
4190.53418  0.10122E+01
4190.54346  0.10061E+01
4190.55273  0.10002E+01
4190.56250  0.10102E+01
4190.57178  0.10082E+01
4190.58154  0.10009E+01
4190.59082  0.10080E+01
4190.60010  0.10113E+01
4190.60986  0.10048E+01
4190.61914  0.10062E+01
4190.62891  0.10083E+01
4190.63818  0.99698E+00
4190.64795  0.98115E+00
4190.65723  0.96338E+00
4190.66650  0.93449E+00
4190.67627  0.90375E+00
4190.68555  0.88783E+00
4190.69531  0.88781E+00
4190.70459  0.90347E+00
4190.71387  0.93489E+00
4190.72363  0.96504E+00
4190.73291  0.98135E+00
4190.74268  0.99474E+00
4190.75195  0.10048E+01
4190.76123  0.99977E+00
4190.77100  0.99806E+00
4190.78027  0.10086E+01
4190.79004  0.99747E+00
4190.79932 -0.10000E+01
4190.80859 -0.10000E+01
4190.81836  0.98710E+00
4190.82764  0.10053E+01
4190.83740  0.99554E+00
4190.84668  0.99105E+00
4190.85645  0.10017E+01
4190.86572  0.10003E+01
4190.87500  0.99645E+00
4190.88477  0.10033E+01
4190.89404  0.10066E+01
4190.90381  0.10060E+01
4190.91309  0.10108E+01
4190.92236  0.10133E+01
4190.93213  0.10122E+01
4190.94141  0.10155E+01
4190.95117  0.10180E+01
4190.96045  0.10162E+01
4190.96973  0.10181E+01
4190.97949  0.10221E+01
4190.98877  0.10224E+01
4190.99854  0.10235E+01
4191.00781  0.10271E+01
4191.01709  0.10291E+01
4191.02686 -0.10000E+01
4191.03613 -0.10000E+01
4191.04590 -0.10000E+01
4191.05518 -0.10000E+01
4191.06494 -0.10000E+01
4191.07422 -0.10000E+01
4191.08350 -0.10000E+01
4191.09326 -0.10000E+01
4191.10254 -0.10000E+01
4191.11230 -0.10000E+01
4191.12158 -0.10000E+01
4191.13086 -0.10000E+01
4191.14062 -0.10000E+01
4191.14990 -0.10000E+01
4191.15967 -0.10000E+01
4191.16895 -0.10000E+01
4191.17822 -0.10000E+01
4191.18799 -0.10000E+01
4191.19727 -0.10000E+01
4191.20703 -0.10000E+01
4191.21631 -0.10000E+01
4191.22559 -0.10000E+01
4191.23535 -0.10000E+01
4191.24463 -0.10000E+01
4191.25439 -0.10000E+01
4191.26367 -0.10000E+01
4191.27344  0.94875E+00
4191.28271  0.95367E+00
4191.29199  0.96928E+00
4191.30176  0.98954E+00
4191.31104  0.10068E+01
4191.32080  0.10161E+01
4191.33008  0.10183E+01
4191.33936  0.10190E+01
4191.34912  0.10199E+01
4191.35840  0.10200E+01
4191.36816  0.10199E+01
4191.37744  0.10194E+01
4191.38672  0.10183E+01
4191.39648  0.10164E+01
4191.40576  0.10145E+01
4191.41553  0.10144E+01
4191.42480  0.10158E+01
4191.43408  0.10162E+01
4191.44385  0.10139E+01
4191.45312  0.10106E+01
4191.46289  0.10078E+01
4191.47217  0.10037E+01
4191.48193  0.99639E+00
4191.49121  0.98842E+00
4191.50049  0.98393E+00
4191.51025  0.98470E+00
4191.51953  0.98970E+00
4191.52930  0.99520E+00
4191.53857  0.99569E+00
4191.54785  0.98751E+00
4191.55762  0.96962E+00
4191.56689  0.94241E+00
4191.57666  0.91175E+00
4191.58594  0.89122E+00
4191.59521  0.89119E+00
4191.60498  0.90992E+00
4191.61426  0.93869E+00
4191.62402  0.96828E+00
4191.63330  0.99009E+00
4191.64258  0.10009E+01
4191.65234  0.10058E+01
4191.66162  0.10099E+01
4191.67139  0.10120E+01
4191.68066  0.10109E+01
4191.69043  0.10098E+01
4191.69971  0.10104E+01
4191.70898  0.10095E+01
4191.71875  0.10060E+01
4191.72803  0.10035E+01
4191.73779  0.10037E+01
4191.74707  0.10029E+01
4191.75635  0.99948E+00
4191.76611  0.99603E+00
4191.77539  0.99241E+00
4191.78516  0.98513E+00
4191.79443  0.97462E+00
4191.80371  0.96317E+00
4191.81348  0.94997E+00
4191.82275  0.93728E+00
4191.83252  0.93203E+00
4191.84180  0.93580E+00
4191.85107  0.94384E+00
4191.86084  0.95373E+00
4191.87012  0.96488E+00
4191.87988  0.97468E+00
4191.88916  0.98196E+00
4191.89893  0.98837E+00
4191.90820  0.99402E+00
4191.91748  0.99724E+00
4191.92725  0.99779E+00
4191.93652  0.99706E+00
4191.94629  0.99637E+00
4191.95557  0.99352E+00
4191.96484  0.98411E+00
4191.97461  0.96874E+00
4191.98389  0.95222E+00
4191.99365  0.93754E+00
4192.00293  0.92967E+00
4192.01221  0.93628E+00
4192.02197  0.95495E+00
4192.03125  0.97306E+00
4192.04102  0.98538E+00
4192.05029  0.99562E+00
4192.05957  0.10032E+01
4192.06934  0.10054E+01
4192.07861  0.10058E+01
4192.08838  0.10074E+01
4192.09766  0.10081E+01
4192.10742  0.10073E+01
4192.11670  0.10072E+01
4192.12598  0.10079E+01
4192.13574  0.10081E+01
4192.14502  0.10074E+01
4192.15479  0.10064E+01
4192.16406  0.10055E+01
4192.17334  0.10048E+01
4192.18311  0.10043E+01
4192.19238  0.10046E+01
4192.20215  0.10056E+01
4192.21143  0.10063E+01
4192.22070  0.10060E+01
4192.23047  0.10048E+01
4192.23975  0.10038E+01
4192.24951  0.10036E+01
4192.25879  0.10027E+01
4192.26807  0.10014E+01
4192.27783  0.10020E+01
4192.28711  0.10034E+01
4192.29688  0.10017E+01
4192.30615  0.99916E+00
4192.31592  0.10003E+01
4192.32520  0.10019E+01
4192.33447  0.99954E+00
4192.34424  0.99682E+00
4192.35352  0.99502E+00
4192.36328  0.98896E+00
4192.37256  0.97631E+00
4192.38184  0.95706E+00
4192.39160  0.92966E+00
4192.40088  0.89901E+00
4192.41064  0.87761E+00
4192.41992  0.87405E+00
4192.42920  0.88838E+00
4192.43896  0.91450E+00
4192.44824  0.94216E+00
4192.45801  0.96346E+00
4192.46729  0.97698E+00
4192.47656  0.98340E+00
4192.48633  0.98441E+00
4192.49561  0.98417E+00
4192.50537  0.98420E+00
4192.51465  0.98290E+00
4192.52441  0.98133E+00
4192.53369  0.98058E+00
4192.54297  0.97840E+00
4192.55273  0.97465E+00
4192.56201  0.97217E+00
4192.57178  0.97074E+00
4192.58105  0.96822E+00
4192.59033  0.96445E+00
4192.60010  0.96042E+00
4192.60938  0.95732E+00
4192.61914  0.95498E+00
4192.62842  0.95086E+00
4192.63770  0.94469E+00
4192.64746  0.93885E+00
4192.65674  0.93245E+00
4192.66650  0.92426E+00
4192.67578  0.91740E+00
4192.68506  0.91161E+00
4192.69482  0.90146E+00
4192.70410  0.88713E+00
4192.71387  0.87291E+00
4192.72314  0.85797E+00
4192.73291  0.84064E+00
4192.74219  0.82357E+00
4192.75146  0.80872E+00
4192.76123  0.79750E+00
4192.77051  0.79291E+00
4192.78027  0.79425E+00
4192.78955  0.79922E+00
4192.79883  0.81105E+00
4192.80859  0.83263E+00
4192.81787  0.85898E+00
4192.82764  0.88468E+00
4192.83691  0.90906E+00
4192.84619  0.92988E+00
4192.85596  0.94414E+00
4192.86523  0.95302E+00
4192.87500  0.95942E+00
4192.88428  0.96413E+00
4192.89355  0.96793E+00
4192.90332  0.97271E+00
4192.91260  0.97854E+00
4192.92236  0.98280E+00
4192.93164  0.98465E+00
4192.94141  0.98665E+00
4192.95068  0.98958E+00
4192.95996  0.99106E+00
4192.96973  0.99161E+00
4192.97900  0.99391E+00
4192.98877  0.99629E+00
4192.99805  0.99637E+00
4193.00732  0.99643E+00
4193.01709  0.99776E+00
4193.02637  0.99855E+00
4193.03613  0.99929E+00
4193.04541  0.10008E+01
4193.05469  0.10014E+01
4193.06445  0.10016E+01
4193.07373  0.10034E+01
4193.08350  0.10045E+01
4193.09277  0.10031E+01
4193.10205  0.10012E+01
4193.11182  0.99735E+00
4193.12109  0.98750E+00
4193.13086  0.96991E+00
4193.14014  0.94490E+00
4193.14990  0.91661E+00
4193.15918  0.89438E+00
4193.16846  0.88663E+00
4193.17822  0.89788E+00
4193.18750  0.92606E+00
4193.19727  0.95722E+00
4193.20654  0.97912E+00
4193.21582  0.99412E+00
4193.22559  0.10040E+01
4193.23486  0.10045E+01
4193.24463  0.10039E+01
4193.25391  0.10077E+01
4193.26318  0.10034E+01
4193.27295  0.10020E+01
4193.28223  0.10068E+01
4193.29199  0.10054E+01
4193.30127  0.10090E+01
4193.31055  0.10044E+01
4193.32031  0.10028E+01
4193.32959  0.10053E+01
4193.33936  0.10044E+01
4193.34863  0.10042E+01
4193.35840  0.10052E+01
4193.36768  0.10047E+01
4193.37695  0.10064E+01
4193.38672  0.10079E+01
4193.39600  0.10064E+01
4193.40576  0.10080E+01
4193.41504  0.10094E+01
4193.42432  0.10067E+01
4193.43408  0.10061E+01
4193.44336  0.10082E+01
4193.45312  0.10111E+01
4193.46240  0.10069E+01
4193.47168  0.10024E+01
4193.48145  0.99512E+00
4193.49072  0.97878E+00
4193.50049  0.95844E+00
4193.50977  0.94085E+00
4193.51904  0.93130E+00
4193.52881  0.93614E+00
4193.53809  0.95068E+00
4193.54785  0.96665E+00
4193.55713  0.98757E+00
4193.56689  0.99845E+00
4193.57617  0.99614E+00
4193.58545  0.10050E+01
4193.59521  0.10062E+01
4193.60449  0.98508E+00
4193.61426 -0.10000E+01
4193.62354  0.98538E+00
4193.63281  0.99578E+00
4193.64258  0.99788E+00
4193.65186  0.99054E+00
4193.66162  0.99421E+00
4193.67090  0.99404E+00
4193.68018  0.99442E+00
4193.68994  0.10005E+01
4193.69922  0.99947E+00
4193.70898  0.10019E+01
4193.71826  0.10069E+01
4193.72754  0.99565E+00
4193.73730  0.99581E+00
4193.74658  0.99677E+00
4193.75635  0.10038E+01
4193.76562  0.10039E+01
4193.77539  0.99738E+00
4193.78467  0.99558E+00
4193.79395  0.99768E+00
4193.80371  0.97690E+00
4193.81299  0.94862E+00
4193.82275  0.92232E+00
4193.83203  0.89886E+00
4193.84131  0.89102E+00
4193.85107  0.90164E+00
4193.86035  0.92342E+00
4193.87012  0.94843E+00
4193.87939  0.97019E+00
4193.88867  0.98835E+00
4193.89844  0.99999E+00
4193.90771  0.10034E+01
4193.91748  0.10016E+01
4193.92676  0.99901E+00
4193.93604  0.99777E+00
4193.94580  0.99503E+00
4193.95508  0.98956E+00
4193.96484  0.98491E+00
4193.97412  0.98211E+00
4193.98389  0.97875E+00
4193.99316  0.97396E+00
4194.00244  0.96840E+00
4194.01221  0.96173E+00
4194.02148  0.95286E+00
4194.03125  0.94311E+00
4194.04053  0.93534E+00
4194.04980  0.92936E+00
4194.05957  0.92413E+00
4194.06885  0.92246E+00
4194.07861  0.92611E+00
4194.08789  0.93297E+00
4194.09717  0.94180E+00
4194.10693  0.95115E+00
4194.11621  0.95607E+00
4194.12598  0.95347E+00
4194.13525  0.94383E+00
4194.14453  0.92792E+00
4194.15430  0.91027E+00
4194.16357  0.89808E+00
4194.17334  0.89280E+00
4194.18262  0.89246E+00
4194.19238  0.89823E+00
4194.20166  0.91137E+00
4194.21094  0.93115E+00
4194.22070  0.95580E+00
4194.22998  0.97959E+00
4194.23975  0.99632E+00
4194.24902  0.10063E+01
4194.25830  0.10118E+01
4194.26807  0.10131E+01
4194.27734  0.10134E+01
4194.28711  0.10160E+01
4194.29639  0.10175E+01
4194.30566  0.10163E+01
4194.31543  0.10157E+01
4194.32471  0.10174E+01
4194.33447  0.10197E+01
4194.34375  0.10215E+01
4194.35303  0.10231E+01
4194.36279  0.10263E+01
4194.37207  0.10295E+01
4194.38184  0.10276E+01
4194.39111  0.10195E+01
4194.40088 -0.10000E+01
4194.41016 -0.10000E+01
4194.41943 -0.10000E+01
4194.42920 -0.10000E+01
4194.43848 -0.10000E+01
4194.44824 -0.10000E+01
4194.45752 -0.10000E+01
4194.46680 -0.10000E+01
4194.47656 -0.10000E+01
4194.48584 -0.10000E+01
4194.49561 -0.10000E+01
4194.50488 -0.10000E+01
4194.51416 -0.10000E+01
4194.52393 -0.10000E+01
4194.53320 -0.10000E+01
4194.54297 -0.10000E+01
4194.55225 -0.10000E+01
4194.56152 -0.10000E+01
4194.57129 -0.10000E+01
4194.58057 -0.10000E+01
4194.59033 -0.10000E+01
4194.59961 -0.10000E+01
4194.60938 -0.10000E+01
4194.61865 -0.10000E+01
4194.62793 -0.10000E+01
4194.63770 -0.10000E+01
4194.64697 -0.10000E+01
4194.65674 -0.10000E+01
4194.66602 -0.10000E+01
4194.67529 -0.10000E+01
4194.68506 -0.10000E+01
4194.69434 -0.10000E+01
4194.70410 -0.10000E+01
4194.71338 -0.10000E+01
4194.72266 -0.10000E+01
4194.73242 -0.10000E+01
4194.74170 -0.10000E+01
4194.75146 -0.10000E+01
4194.76074 -0.10000E+01
4194.77002 -0.10000E+01
4194.77979 -0.10000E+01
4194.78906 -0.10000E+01
4194.79883 -0.10000E+01
4194.80811  0.10368E+01
4194.81787  0.10257E+01
4194.82715  0.10217E+01
4194.83643  0.10273E+01
4194.84619  0.10222E+01
4194.85547  0.10201E+01
4194.86523  0.10251E+01
4194.87451  0.10206E+01
4194.88379  0.10149E+01
4194.89355  0.10175E+01
4194.90283  0.10148E+01
4194.91260  0.10026E+01
4194.92188  0.98811E+00
4194.93115  0.96645E+00
4194.94092  0.93578E+00
4194.95020  0.91038E+00
4194.95996  0.90176E+00
4194.96924  0.91115E+00
4194.97852  0.93538E+00
4194.98828  0.96578E+00
4194.99756  0.99156E+00
4195.00732  0.10074E+01
4195.01660  0.10140E+01
4195.02637  0.10163E+01
4195.03564  0.10182E+01
4195.04492  0.10190E+01
4195.05469  0.10176E+01
4195.06396  0.10143E+01
4195.07373  0.10069E+01
4195.08301  0.99341E+00
4195.09229  0.97760E+00
4195.10205  0.96513E+00
4195.11133  0.96054E+00
4195.12109  0.96648E+00
4195.13037  0.97996E+00
4195.13965  0.99332E+00
4195.14941  0.10015E+01
4195.15869  0.10034E+01
4195.16846  0.99790E+00
4195.17773  0.98386E+00
4195.18701  0.96375E+00
4195.19678  0.94366E+00
4195.20605  0.93102E+00
4195.21582  0.93197E+00
4195.22510  0.94783E+00
4195.23486  0.97197E+00
4195.24414  0.99372E+00
4195.25342  0.10073E+01
4195.26318  0.10138E+01
4195.27246  0.10163E+01
4195.28223  0.10181E+01
4195.29150  0.10206E+01
4195.30078  0.10217E+01
4195.31055  0.10202E+01
4195.31982  0.10194E+01
4195.32959  0.10200E+01
4195.33887  0.10186E+01
4195.34814  0.10134E+01
4195.35791  0.10042E+01
4195.36719  0.98946E+00
4195.37695  0.96678E+00
4195.38623  0.93757E+00
4195.39551  0.91302E+00
4195.40527  0.90586E+00
4195.41455  0.91657E+00
4195.42432  0.93889E+00
4195.43359  0.96809E+00
4195.44336  0.99400E+00
4195.45264  0.10075E+01
4195.46191  0.10140E+01
4195.47168  0.10184E+01
4195.48096  0.10167E+01
4195.49072  0.10122E+01
4195.50000  0.10102E+01
4195.50928  0.10056E+01
4195.51904  0.10007E+01
4195.52832  0.10036E+01
4195.53809  0.10077E+01
4195.54736  0.10116E+01
4195.55664  0.10207E+01
4195.56641  0.10200E+01
4195.57568  0.10042E+01
4195.58545  0.99292E+00
4195.59473 -0.10000E+01
4195.60400 -0.10000E+01
4195.61377 -0.10000E+01
4195.62305 -0.10000E+01
4195.63281 -0.10000E+01
4195.64209 -0.10000E+01
4195.65186 -0.10000E+01
4195.66113 -0.10000E+01
4195.67041 -0.10000E+01
4195.68018 -0.10000E+01
4195.68945 -0.10000E+01
4195.69922 -0.10000E+01
4195.70850 -0.10000E+01
4195.71777 -0.10000E+01
4195.72754 -0.10000E+01
4195.73682 -0.10000E+01
4195.74658 -0.10000E+01
4195.75586 -0.10000E+01
4195.76514 -0.10000E+01
4195.77490 -0.10000E+01
4195.78418 -0.10000E+01
4195.79395 -0.10000E+01
4195.80322 -0.10000E+01
4195.81250 -0.10000E+01
4195.82227 -0.10000E+01
4195.83154 -0.10000E+01
4195.84131  0.10258E+01
4195.85059  0.10360E+01
4195.86035  0.10294E+01
4195.86963  0.10230E+01
4195.87891  0.10297E+01
4195.88867  0.10218E+01
4195.89795  0.10001E+01
4195.90771  0.99400E+00
4195.91699 -0.10000E+01
4195.92627 -0.10000E+01
4195.93604 -0.10000E+01
4195.94531 -0.10000E+01
4195.95508 -0.10000E+01
4195.96436 -0.10000E+01
4195.97363 -0.10000E+01
4195.98340 -0.10000E+01
4195.99268 -0.10000E+01
4196.00244 -0.10000E+01
4196.01172  0.10066E+01
4196.02100  0.10089E+01
4196.03076  0.98223E+00
4196.04004  0.95645E+00
4196.04980  0.93487E+00
4196.05908  0.91026E+00
4196.06885  0.90733E+00
4196.07812  0.92865E+00
4196.08740  0.95183E+00
4196.09717  0.97619E+00
4196.10645  0.10009E+01
4196.11621  0.10111E+01
4196.12549  0.10105E+01
4196.13477  0.10107E+01
4196.14453  0.10064E+01
4196.15381  0.99409E+00
4196.16357  0.97727E+00
4196.17285  0.95485E+00
4196.18213  0.93221E+00
4196.19189  0.92154E+00
4196.20117  0.92658E+00
4196.21094  0.94453E+00
4196.22021  0.96761E+00
4196.22949  0.98146E+00
4196.23926  0.97970E+00
4196.24854  0.96671E+00
4196.25830  0.94509E+00
4196.26758  0.92108E+00
4196.27734  0.90755E+00
4196.28662  0.91143E+00
4196.29590  0.93186E+00
4196.30566  0.95945E+00
4196.31494  0.97661E+00
4196.32471  0.97854E+00
4196.33398  0.97052E+00
4196.34326 -0.10000E+01
4196.35303 -0.10000E+01
4196.36230 -0.10000E+01
4196.37207 -0.10000E+01
4196.38135 -0.10000E+01
4196.39062 -0.10000E+01
4196.40039 -0.10000E+01
4196.40967 -0.10000E+01
4196.41943 -0.10000E+01
4196.42871 -0.10000E+01
4196.43799 -0.10000E+01
4196.44775  0.87276E+00
4196.45703  0.85305E+00
4196.46680  0.84582E+00
4196.47607  0.86007E+00
4196.48584  0.88745E+00
4196.49512  0.92354E+00
4196.50439  0.95913E+00
4196.51416  0.98466E+00
4196.52344  0.10021E+01
4196.53320  0.10138E+01
4196.54248  0.10177E+01
4196.55176  0.10172E+01
4196.56152  0.10177E+01
4196.57080  0.10188E+01
4196.58057  0.10194E+01
4196.58984  0.10197E+01
4196.59912  0.10198E+01
4196.60889  0.10204E+01
4196.61816  0.10214E+01
4196.62793  0.10207E+01
4196.63721  0.10193E+01
4196.64648  0.10194E+01
4196.65625  0.10207E+01
4196.66553  0.10214E+01
4196.67529  0.10210E+01
4196.68457  0.10194E+01
4196.69434  0.10178E+01
4196.70361  0.10184E+01
4196.71289  0.10197E+01
4196.72266  0.10182E+01
4196.73193  0.10157E+01
4196.74170  0.10161E+01
4196.75098  0.10183E+01
4196.76025  0.10189E+01
4196.77002  0.10181E+01
4196.77930  0.10181E+01
4196.78906  0.10183E+01
4196.79834  0.10179E+01
4196.80762  0.10176E+01
4196.81738  0.10178E+01
4196.82666  0.10173E+01
4196.83643  0.10162E+01
4196.84570  0.10162E+01
4196.85498  0.10170E+01
4196.86475  0.10170E+01
4196.87402  0.10161E+01
4196.88379  0.10162E+01
4196.89307  0.10173E+01
4196.90283  0.10173E+01
4196.91211  0.10168E+01
4196.92139  0.10179E+01
4196.93115  0.10188E+01
4196.94043  0.10171E+01
4196.95020  0.10161E+01
4196.95947  0.10177E+01
4196.96875  0.10178E+01
4196.97852  0.10158E+01
4196.98779  0.10152E+01
4196.99756  0.10134E+01
4197.00684  0.10052E+01
4197.01611  0.99130E+00
4197.02588  0.97255E+00
4197.03516  0.94928E+00
4197.04492  0.93073E+00
4197.05420  0.92827E+00
4197.06348  0.94108E+00
4197.07324  0.96144E+00
4197.08252  0.98481E+00
4197.09229  0.10050E+01
4197.10156  0.10149E+01
4197.11133  0.10179E+01
4197.12061  0.10219E+01
4197.12988  0.10258E+01
4197.13965  0.10265E+01
4197.14893  0.10250E+01
4197.15869  0.10236E+01
4197.16797  0.10225E+01
4197.17725  0.10216E+01
4197.18701  0.10216E+01
4197.19629  0.10215E+01
4197.20605  0.10201E+01
4197.21533  0.10188E+01
4197.22461  0.10192E+01
4197.23438  0.10199E+01
4197.24365  0.10186E+01
4197.25342  0.10165E+01
4197.26270  0.10159E+01
4197.27197  0.10163E+01
4197.28174  0.10175E+01
4197.29102  0.10192E+01
4197.30078  0.10203E+01
4197.31006  0.10199E+01
4197.31982  0.10192E+01
4197.32910  0.10187E+01
4197.33838  0.10181E+01
4197.34814  0.10182E+01
4197.35742  0.10187E+01
4197.36719  0.10181E+01
4197.37646  0.10179E+01
4197.38574  0.10188E+01
4197.39551  0.10184E+01
4197.40479  0.10166E+01
4197.41455  0.10167E+01
4197.42383  0.10181E+01
4197.43311  0.10176E+01
4197.44287  0.10161E+01
4197.45215  0.10158E+01
4197.46191  0.10163E+01
4197.47119  0.10162E+01
4197.48047  0.10148E+01
4197.49023  0.10130E+01
4197.49951  0.10126E+01
4197.50928  0.10132E+01
4197.51855  0.10122E+01
4197.52832  0.10106E+01
4197.53760  0.10111E+01
4197.54688  0.10119E+01
4197.55664  0.10101E+01
4197.56592  0.10072E+01
4197.57568  0.10056E+01
4197.58496  0.10062E+01
4197.59424  0.10084E+01
4197.60400  0.10098E+01
4197.61328  0.10102E+01
4197.62305  0.10111E+01
4197.63232  0.10125E+01
4197.64160  0.10128E+01
4197.65137  0.10134E+01
4197.66064  0.10149E+01
4197.67041  0.10155E+01
4197.67969  0.10155E+01
4197.68896  0.10165E+01
4197.69873  0.10170E+01
4197.70801  0.10163E+01
4197.71777  0.10171E+01
4197.72705  0.10189E+01
4197.73682  0.10186E+01
4197.74609  0.10168E+01
4197.75537  0.10165E+01
4197.76514  0.10180E+01
4197.77441  0.10186E+01
4197.78418  0.10164E+01
4197.79346  0.10145E+01
4197.80273  0.10165E+01
4197.81250  0.10196E+01
4197.82178  0.10191E+01
4197.83154  0.10175E+01
4197.84082  0.10185E+01
4197.85010  0.10194E+01
4197.85986  0.10175E+01
4197.86914  0.10157E+01
4197.87891  0.10160E+01
4197.88818  0.10156E+01
4197.89746  0.10138E+01
4197.90723  0.10128E+01
4197.91650  0.10130E+01
4197.92627  0.10136E+01
4197.93555  0.10144E+01
4197.94531  0.10156E+01
4197.95459  0.10167E+01
4197.96387  0.10174E+01
4197.97363  0.10174E+01
4197.98291  0.10169E+01
4197.99268  0.10170E+01
4198.00195  0.10177E+01
4198.01123  0.10179E+01
4198.02100  0.10166E+01
4198.03027  0.10155E+01
4198.04004  0.10165E+01
4198.04932  0.10184E+01
4198.05859  0.10181E+01
4198.06836  0.10156E+01
4198.07764  0.10145E+01
4198.08740  0.10159E+01
4198.09668  0.10164E+01
4198.10596  0.10144E+01
4198.11572  0.10136E+01
4198.12500  0.10158E+01
4198.13477  0.10165E+01
4198.14404  0.10133E+01
4198.15381  0.10116E+01
4198.16309  0.10145E+01
4198.17236  0.10171E+01
4198.18213  0.10163E+01
4198.19141  0.10155E+01
4198.20117  0.10163E+01
4198.21045  0.10163E+01
4198.21973  0.10159E+01
4198.22949  0.10166E+01
4198.23877  0.10175E+01
4198.24854  0.10175E+01
4198.25781  0.10175E+01
4198.26709  0.10171E+01
4198.27686  0.10156E+01
4198.28613  0.10149E+01
4198.29590  0.10160E+01
4198.30518  0.10171E+01
4198.31445  0.10170E+01
4198.32422  0.10167E+01
4198.33350  0.10169E+01
4198.34326  0.10173E+01
4198.35254  0.10170E+01
4198.36230  0.10158E+01
4198.37158  0.10156E+01
4198.38086  0.10174E+01
4198.39062  0.10188E+01
4198.39990  0.10178E+01
4198.40967  0.10168E+01
4198.41895  0.10175E+01
4198.42822  0.10175E+01
4198.43799  0.10167E+01
4198.44727  0.10174E+01
4198.45703  0.10183E+01
4198.46631  0.10177E+01
4198.47559  0.10173E+01
4198.48535  0.10176E+01
4198.49463  0.10174E+01
4198.50439  0.10169E+01
4198.51367  0.10174E+01
4198.52295  0.10189E+01
4198.53271  0.10189E+01
4198.54199  0.10188E+01
4198.55176  0.10187E+01
4198.56104  0.10169E+01
4198.57080  0.10163E+01
4198.58008  0.10189E+01
4198.58936  0.10201E+01
4198.59912  0.10181E+01
4198.60840  0.10159E+01
4198.61816  0.10156E+01
4198.62744  0.10159E+01
4198.63672  0.10157E+01
4198.64648  0.10153E+01
4198.65576  0.10155E+01
4198.66553  0.10161E+01
4198.67480  0.10153E+01
4198.68408  0.10132E+01
4198.69385  0.10120E+01
4198.70312  0.10107E+01
4198.71289  0.10067E+01
4198.72217  0.10017E+01
4198.73145  0.99831E+00
4198.74121  0.99594E+00
4198.75049  0.99519E+00
4198.76025  0.99825E+00
4198.76953  0.10041E+01
4198.77930  0.10095E+01
4198.78857  0.10129E+01
4198.79785  0.10147E+01
4198.80762  0.10159E+01
4198.81689  0.10170E+01
4198.82666  0.10178E+01
4198.83594  0.10175E+01
4198.84521  0.10164E+01
4198.85498  0.10155E+01
4198.86426  0.10157E+01
4198.87402  0.10167E+01
4198.88330  0.10174E+01
4198.89258  0.10171E+01
4198.90234  0.10172E+01
4198.91162  0.10174E+01
4198.92139  0.10157E+01
4198.93066  0.10149E+01
4198.93994  0.10168E+01
4198.94971  0.10174E+01
4198.95898  0.10146E+01
4198.96875  0.10134E+01
4198.97803  0.10167E+01
4198.98779  0.10185E+01
4198.99707  0.10184E+01
4199.00635  0.10190E+01
4199.01611  0.10194E+01
4199.02539  0.10189E+01
4199.03516  0.10181E+01
4199.04443  0.10171E+01
4199.05371  0.10164E+01
4199.06348  0.10170E+01
4199.07275  0.10179E+01
4199.08252  0.10177E+01
4199.09180  0.10178E+01
4199.10107  0.10193E+01
4199.11084  0.10194E+01
4199.12012  0.10178E+01
4199.12988  0.10169E+01
4199.13916  0.10176E+01
4199.14844  0.10177E+01
4199.15820  0.10175E+01
4199.16748  0.10178E+01
4199.17725  0.10174E+01
4199.18652  0.10162E+01
4199.19629  0.10165E+01
4199.20557  0.10171E+01
4199.21484  0.10167E+01
4199.22461  0.10172E+01
4199.23389  0.10183E+01
4199.24365  0.10183E+01
4199.25293  0.10190E+01
4199.26221  0.10195E+01
4199.27197  0.10185E+01
4199.28125  0.10192E+01
4199.29102  0.10210E+01
4199.30029  0.10178E+01
4199.30957  0.10158E+01
4199.31934  0.10171E+01
4199.32861  0.10183E+01
4199.33838  0.10206E+01
4199.34766  0.10187E+01
4199.35693  0.10169E+01
4199.36670  0.10173E+01
4199.37598  0.10174E+01
4199.38574  0.10172E+01
4199.39502  0.10172E+01
4199.40479  0.10173E+01
4199.41406  0.10186E+01
4199.42334  0.10181E+01
4199.43311  0.10136E+01
4199.44238  0.10098E+01
4199.45215  0.10088E+01
4199.46143  0.10049E+01
4199.47070  0.99931E+00
4199.48047  0.10001E+01
4199.48975  0.10056E+01
4199.49951  0.10090E+01
4199.50879  0.10108E+01
4199.51807  0.10136E+01
4199.52783  0.10156E+01
4199.53711  0.10168E+01
4199.54688  0.10184E+01
4199.55615  0.10186E+01
4199.56543  0.10174E+01
4199.57520  0.10174E+01
4199.58447  0.10179E+01
4199.59424  0.10169E+01
4199.60352  0.10165E+01
4199.61328  0.10182E+01
4199.62256  0.10192E+01
4199.63184  0.10186E+01
4199.64160  0.10179E+01
4199.65088  0.10179E+01
4199.66064  0.10179E+01
4199.66992  0.10180E+01
4199.67920  0.10173E+01
4199.68896  0.10160E+01
4199.69824  0.10161E+01
4199.70801  0.10176E+01
4199.71729  0.10182E+01
4199.72656  0.10180E+01
4199.73633  0.10178E+01
4199.74561  0.10174E+01
4199.75537  0.10164E+01
4199.76465  0.10160E+01
4199.77393  0.10147E+01
4199.78369  0.10091E+01
4199.79297  0.99783E+00
4199.80273  0.98035E+00
4199.81201  0.95650E+00
4199.82178  0.93268E+00
4199.83105  0.91995E+00
4199.84033  0.92339E+00
4199.85010  0.94022E+00
4199.85938  0.96409E+00
4199.86914  0.98501E+00
4199.87842  0.99427E+00
4199.88770  0.99228E+00
4199.89746  0.98348E+00
4199.90674  0.97039E+00
4199.91650  0.96014E+00
4199.92578  0.96181E+00
4199.93506  0.97344E+00
4199.94482  0.98656E+00
4199.95410  0.99849E+00
4199.96387  0.10088E+01
4199.97314  0.10142E+01
4199.98242  0.10163E+01
4199.99219  0.10195E+01
4200.00146  0.10222E+01
4200.01123  0.10211E+01
4200.02051  0.10189E+01
4200.03027  0.10192E+01
4200.03955  0.10201E+01
4200.04883  0.10210E+01
4200.05859  0.10226E+01
4200.06787  0.10223E+01
4200.07764  0.10202E+01
4200.08691  0.10211E+01
4200.09619  0.10238E+01
4200.10596  0.10243E+01
4200.11523  0.10250E+01
4200.12500  0.10271E+01
4200.13428  0.10255E+01
4200.14355  0.10237E+01
4200.15332  0.10252E+01
4200.16260  0.10259E+01
4200.17236  0.10267E+01
4200.18164  0.10277E+01
4200.19092  0.10291E+01
4200.20068  0.10291E+01
4200.20996  0.10274E+01
4200.21973  0.10253E+01
4200.22900  0.10238E+01
4200.23877  0.10245E+01
4200.24805  0.10267E+01
4200.25732  0.10291E+01
4200.26709  0.10304E+01
4200.27637  0.10298E+01
4200.28613  0.10278E+01
4200.29541  0.10255E+01
4200.30469  0.10242E+01
4200.31445  0.10233E+01
4200.32373  0.10222E+01
4200.33350  0.10223E+01
4200.34277  0.10235E+01
4200.35205  0.10229E+01
4200.36182  0.10215E+01
4200.37109  0.10220E+01
4200.38086  0.10217E+01
4200.39014  0.10188E+01
4200.39941  0.10184E+01
4200.40918  0.10208E+01
4200.41846  0.10206E+01
4200.42822  0.10185E+01
4200.43750  0.10187E+01
4200.44727  0.10193E+01
4200.45654  0.10186E+01
4200.46582  0.10189E+01
4200.47559  0.10194E+01
4200.48486  0.10187E+01
4200.49463  0.10185E+01
4200.50391  0.10193E+01
4200.51318  0.10190E+01
4200.52295  0.10179E+01
4200.53223  0.10180E+01
4200.54199  0.10192E+01
4200.55127  0.10207E+01
4200.56055  0.10207E+01
4200.57031  0.10192E+01
4200.57959  0.10191E+01
4200.58936  0.10204E+01
4200.59863  0.10204E+01
4200.60791  0.10198E+01
4200.61768  0.10199E+01
4200.62695  0.10193E+01
4200.63672  0.10186E+01
4200.64600  0.10186E+01
4200.65576  0.10186E+01
4200.66504  0.10194E+01
4200.67432  0.10197E+01
4200.68408  0.10176E+01
4200.69336  0.10165E+01
4200.70312  0.10171E+01
4200.71240  0.10145E+01
4200.72168  0.10134E+01
4200.73145  0.10173E+01
4200.74072  0.10158E+01
4200.75049  0.10115E+01
4200.75977  0.10147E+01
4200.76904 -0.10000E+01
4200.77881 -0.10000E+01
4200.78809 -0.10000E+01
4200.79785 -0.10000E+01
4200.80713 -0.10000E+01
4200.81641 -0.10000E+01
4200.82617 -0.10000E+01
4200.83545 -0.10000E+01
4200.84521 -0.10000E+01
4200.85449 -0.10000E+01
4200.86426 -0.10000E+01
4200.87354  0.10156E+01
4200.88281  0.10058E+01
4200.89258  0.10086E+01
4200.90186  0.10142E+01
4200.91162  0.10092E+01
4200.92090  0.10099E+01
4200.93018  0.10150E+01
4200.93994  0.10136E+01
4200.94922  0.10126E+01
4200.95898  0.10163E+01
4200.96826  0.10176E+01
4200.97754  0.10145E+01
4200.98730  0.10165E+01
4200.99658  0.10182E+01
4201.00635  0.10159E+01
4201.01562  0.10175E+01
4201.02490  0.10192E+01
4201.03467  0.10155E+01
4201.04395  0.10143E+01
4201.05371  0.10182E+01
4201.06299  0.10194E+01
4201.07275  0.10178E+01
4201.08203  0.10175E+01
4201.09131  0.10176E+01
4201.10107  0.10175E+01
4201.11035  0.10180E+01
4201.12012  0.10186E+01
4201.12939  0.10188E+01
4201.13867  0.10181E+01
4201.14844  0.10170E+01
4201.15771  0.10167E+01
4201.16748  0.10166E+01
4201.17676  0.10170E+01
4201.18604  0.10185E+01
4201.19580  0.10181E+01
4201.20508  0.10161E+01
4201.21484  0.10179E+01
4201.22412  0.10198E+01
4201.23340  0.10174E+01
4201.24316  0.10181E+01
4201.25244  0.10208E+01
4201.26221  0.10170E+01
4201.27148  0.10163E+01
4201.28125  0.10228E+01
4201.29053  0.10212E+01
4201.29980  0.10171E+01
4201.30957  0.10235E+01
4201.31885  0.10217E+01
4201.32861  0.10122E+01
4201.33789  0.10208E+01
4201.34717  0.10223E+01
4201.35693  0.99925E+00
4201.36621 -0.10000E+01
4201.37598 -0.10000E+01
4201.38525 -0.10000E+01
4201.39453 -0.10000E+01
4201.40430 -0.10000E+01
4201.41357 -0.10000E+01
4201.42334 -0.10000E+01
4201.43262  0.10108E+01
4201.44189  0.10181E+01
4201.45166  0.10301E+01
4201.46094  0.10167E+01
4201.47070  0.10147E+01
4201.47998  0.10222E+01
4201.48975  0.10174E+01
4201.49902  0.10155E+01
4201.50830  0.10211E+01
4201.51807  0.10189E+01
4201.52734  0.10149E+01
4201.53711  0.10173E+01
4201.54639  0.10172E+01
4201.55566  0.10141E+01
4201.56543  0.10136E+01
4201.57471  0.10107E+01
4201.58447  0.10030E+01
4201.59375  0.99731E+00
4201.60303  0.99520E+00
4201.61279  0.99280E+00
4201.62207  0.99239E+00
4201.63184  0.99805E+00
4201.64111  0.10048E+01
4201.65039  0.10071E+01
4201.66016  0.10087E+01
4201.66943  0.10116E+01
4201.67920  0.10119E+01
4201.68848  0.10136E+01
4201.69824  0.10178E+01
4201.70752  0.10158E+01
4201.71680  0.10125E+01
4201.72656  0.10169E+01
4201.73584  0.10171E+01
4201.74561  0.10128E+01
4201.75488  0.10191E+01
4201.76416  0.10207E+01
4201.77393  0.10092E+01
4201.78320  0.10152E+01
4201.79297  0.10255E+01
4201.80225  0.10058E+01
4201.81152 -0.10000E+01
4201.82129 -0.10000E+01
4201.83057 -0.10000E+01
4201.84033 -0.10000E+01
4201.84961 -0.10000E+01
4201.85889 -0.10000E+01
4201.86865 -0.10000E+01
4201.87793  0.10090E+01
4201.88770  0.10055E+01
4201.89697  0.10213E+01
4201.90674  0.10110E+01
4201.91602  0.10052E+01
4201.92529  0.10132E+01
4201.93506  0.10096E+01
4201.94434  0.10034E+01
4201.95410  0.10067E+01
4201.96338  0.10063E+01
4201.97266  0.10035E+01
4201.98242  0.10062E+01
4201.99170  0.10064E+01
4202.00146  0.10048E+01
4202.01074  0.10083E+01
