            0.12150E+01
            0.00000E+00
4873.00781 -0.10000E+01
4873.01758 -0.10000E+01
4873.02686 -0.10000E+01
4873.03613 -0.10000E+01
4873.04590 -0.10000E+01
4873.05518 -0.10000E+01
4873.06494 -0.10000E+01
4873.07422 -0.10000E+01
4873.08398 -0.10000E+01
4873.09326 -0.10000E+01
4873.10254 -0.10000E+01
4873.11230 -0.10000E+01
4873.12158 -0.10000E+01
4873.13135 -0.10000E+01
4873.14062 -0.10000E+01
4873.14990 -0.10000E+01
4873.15967 -0.10000E+01
4873.16895 -0.10000E+01
4873.17871 -0.10000E+01
4873.18799 -0.10000E+01
4873.19727 -0.10000E+01
4873.20703 -0.10000E+01
4873.21631 -0.10000E+01
4873.22607 -0.10000E+01
4873.23535 -0.10000E+01
4873.24463 -0.10000E+01
4873.25439 -0.10000E+01
4873.26367 -0.10000E+01
4873.27344 -0.10000E+01
4873.28271 -0.10000E+01
4873.29248 -0.10000E+01
4873.30176 -0.10000E+01
4873.31104 -0.10000E+01
4873.32080 -0.10000E+01
4873.33008  0.12079E+01
4873.33984  0.12067E+01
4873.34912  0.12092E+01
4873.35840  0.12076E+01
4873.36816  0.12032E+01
4873.37744  0.12040E+01
4873.38721  0.12082E+01
4873.39648  0.12090E+01
4873.40576  0.12072E+01
4873.41553  0.12067E+01
4873.42480  0.12079E+01
4873.43457  0.12087E+01
4873.44385  0.12078E+01
4873.45312  0.12061E+01
4873.46289  0.12059E+01
4873.47217  0.12068E+01
4873.48193  0.12068E+01
4873.49121  0.12063E+01
4873.50098  0.12067E+01
4873.51025  0.12081E+01
4873.51953  0.12086E+01
4873.52930  0.12068E+01
4873.53857  0.12049E+01
4873.54834  0.12050E+01
4873.55762  0.12055E+01
4873.56689  0.12054E+01
4873.57666  0.12069E+01
4873.58594  0.12085E+01
4873.59570  0.12070E+01
4873.60498  0.12052E+01
4873.61426  0.12057E+01
4873.62402  0.12063E+01
4873.63330  0.12065E+01
4873.64307  0.12076E+01
4873.65234  0.12074E+01
4873.66162  0.12057E+01
4873.67139  0.12060E+01
4873.68066  0.12079E+01
4873.69043  0.12090E+01
4873.69971  0.12088E+01
4873.70947  0.12069E+01
4873.71875  0.12047E+01
4873.72803  0.12048E+01
4873.73779  0.12059E+01
4873.74707  0.12060E+01
4873.75684  0.12069E+01
4873.76611  0.12078E+01
4873.77539  0.12070E+01
4873.78516  0.12070E+01
4873.79443  0.12077E+01
4873.80420  0.12076E+01
4873.81348  0.12086E+01
4873.82275  0.12088E+01
4873.83252  0.12072E+01
4873.84180  0.12074E+01
4873.85156  0.12072E+01
4873.86084  0.12038E+01
4873.87012  0.12051E+01
4873.87988  0.12088E+01
4873.88916  0.12049E+01
4873.89893  0.12037E+01
4873.90820  0.12091E+01
4873.91797  0.12039E+01
4873.92725  0.11960E+01
4873.93652  0.12017E+01
4873.94629  0.12021E+01
4873.95557  0.11933E+01
4873.96533  0.11990E+01
4873.97461  0.12041E+01
4873.98389  0.11958E+01
4873.99365  0.12026E+01
4874.00293  0.12115E+01
4874.01270  0.11975E+01
4874.02197  0.12030E+01
4874.03125  0.12186E+01
4874.04102 -0.10000E+01
4874.05029 -0.10000E+01
4874.06006 -0.10000E+01
4874.06934 -0.10000E+01
4874.07861 -0.10000E+01
4874.08838 -0.10000E+01
4874.09766 -0.10000E+01
4874.10742 -0.10000E+01
4874.11670 -0.10000E+01
4874.12646 -0.10000E+01
4874.13574 -0.10000E+01
4874.14502  0.12013E+01
4874.15479  0.11915E+01
4874.16406  0.12096E+01
4874.17383  0.12013E+01
4874.18311  0.11915E+01
4874.19238  0.12067E+01
4874.20215  0.12040E+01
4874.21143  0.11902E+01
4874.22119  0.11965E+01
4874.23047 -0.10000E+01
4874.23975 -0.10000E+01
4874.24951 -0.10000E+01
4874.25879 -0.10000E+01
4874.26855 -0.10000E+01
4874.27783 -0.10000E+01
4874.28711 -0.10000E+01
4874.29688 -0.10000E+01
4874.30615 -0.10000E+01
4874.31592 -0.10000E+01
4874.32520 -0.10000E+01
4874.33496 -0.10000E+01
4874.34424 -0.10000E+01
4874.35352 -0.10000E+01
4874.36328 -0.10000E+01
4874.37256 -0.10000E+01
4874.38232 -0.10000E+01
4874.39160 -0.10000E+01
4874.40088 -0.10000E+01
4874.41064 -0.10000E+01
4874.41992 -0.10000E+01
4874.42969 -0.10000E+01
4874.43896 -0.10000E+01
4874.44824 -0.10000E+01
4874.45801 -0.10000E+01
4874.46729 -0.10000E+01
4874.47705 -0.10000E+01
4874.48633 -0.10000E+01
4874.49561 -0.10000E+01
4874.50537 -0.10000E+01
4874.51465 -0.10000E+01
4874.52441 -0.10000E+01
4874.53369 -0.10000E+01
4874.54346 -0.10000E+01
4874.55273 -0.10000E+01
4874.56201 -0.10000E+01
4874.57178 -0.10000E+01
4874.58105 -0.10000E+01
4874.59082 -0.10000E+01
4874.60010 -0.10000E+01
4874.60938 -0.10000E+01
4874.61914 -0.10000E+01
4874.62842  0.12093E+01
4874.63818  0.12070E+01
4874.64746  0.12061E+01
4874.65674  0.12101E+01
4874.66650  0.12122E+01
4874.67578  0.12099E+01
4874.68555  0.12081E+01
4874.69482  0.12081E+01
4874.70410  0.12085E+01
4874.71387  0.12096E+01
4874.72314  0.12102E+01
4874.73291  0.12097E+01
4874.74219  0.12096E+01
4874.75195  0.12091E+01
4874.76123  0.12078E+01
4874.77051  0.12079E+01
4874.78027  0.12091E+01
4874.78955  0.12083E+01
4874.79932  0.12070E+01
4874.80859  0.12077E+01
4874.81787  0.12080E+01
4874.82764  0.12070E+01
4874.83691  0.12072E+01
4874.84668  0.12080E+01
4874.85596  0.12072E+01
4874.86523  0.12063E+01
4874.87500  0.12075E+01
4874.88428  0.12091E+01
4874.89404  0.12090E+01
4874.90332  0.12073E+01
4874.91260  0.12059E+01
4874.92236  0.12064E+01
4874.93164  0.12080E+01
4874.94141  0.12077E+01
4874.95068  0.12060E+01
4874.96045  0.12059E+01
4874.96973  0.12068E+01
4874.97900  0.12062E+01
4874.98877  0.12061E+01
4874.99805  0.12077E+01
4875.00781  0.12087E+01
4875.01709  0.12082E+01
4875.02637  0.12075E+01
4875.03613  0.12071E+01
4875.04541  0.12080E+01
4875.05518  0.12090E+01
4875.06445  0.12076E+01
4875.07373  0.12065E+01
4875.08350  0.12086E+01
4875.09277  0.12096E+01
4875.10254  0.12078E+01
4875.11182  0.12087E+01
4875.12109  0.12099E+01
4875.13086  0.12069E+01
4875.14014  0.12058E+01
4875.14990  0.12069E+01
4875.15918  0.12097E+01
4875.16895  0.12106E+01
4875.17822  0.12083E+01
4875.18750  0.12070E+01
4875.19727  0.12078E+01
4875.20654  0.12083E+01
4875.21631  0.12075E+01
4875.22559  0.12070E+01
4875.23486  0.12086E+01
4875.24463  0.12096E+01
4875.25391  0.12077E+01
4875.26367  0.12064E+01
4875.27295  0.12073E+01
4875.28223  0.12086E+01
4875.29199  0.12088E+01
4875.30127  0.12081E+01
4875.31104  0.12069E+01
4875.32031  0.12075E+01
4875.32959  0.12088E+01
4875.33936  0.12080E+01
4875.34863  0.12069E+01
4875.35840  0.12078E+01
4875.36768  0.12082E+01
4875.37744  0.12073E+01
4875.38672  0.12085E+01
4875.39600  0.12104E+01
4875.40576  0.12088E+01
4875.41504  0.12068E+01
4875.42480  0.12075E+01
4875.43408  0.12073E+01
4875.44336  0.12055E+01
4875.45312  0.12060E+01
4875.46240  0.12079E+01
4875.47217  0.12076E+01
4875.48145  0.12071E+01
4875.49072  0.12083E+01
4875.50049  0.12082E+01
4875.50977  0.12068E+01
4875.51953  0.12077E+01
4875.52881  0.12095E+01
4875.53809  0.12083E+01
4875.54785  0.12055E+01
4875.55713  0.12043E+01
4875.56689  0.12030E+01
4875.57617 -0.10000E+01
4875.58594 -0.10000E+01
4875.59521 -0.10000E+01
4875.60449 -0.10000E+01
4875.61426 -0.10000E+01
4875.62354 -0.10000E+01
4875.63330 -0.10000E+01
4875.64258 -0.10000E+01
4875.65186 -0.10000E+01
4875.66162 -0.10000E+01
4875.67090 -0.10000E+01
4875.68066 -0.10000E+01
4875.68994 -0.10000E+01
4875.69922 -0.10000E+01
4875.70898 -0.10000E+01
4875.71826 -0.10000E+01
4875.72803 -0.10000E+01
4875.73730 -0.10000E+01
4875.74658 -0.10000E+01
4875.75635 -0.10000E+01
4875.76562 -0.10000E+01
4875.77539 -0.10000E+01
4875.78467 -0.10000E+01
4875.79443 -0.10000E+01
4875.80371 -0.10000E+01
4875.81299 -0.10000E+01
4875.82275 -0.10000E+01
4875.83203 -0.10000E+01
4875.84180 -0.10000E+01
4875.85107 -0.10000E+01
4875.86035 -0.10000E+01
4875.87012 -0.10000E+01
4875.87939 -0.10000E+01
4875.88916 -0.10000E+01
4875.89844 -0.10000E+01
4875.90771 -0.10000E+01
4875.91748 -0.10000E+01
4875.92676 -0.10000E+01
4875.93652  0.11989E+01
4875.94580  0.12028E+01
4875.95508  0.12076E+01
4875.96484  0.12060E+01
4875.97412  0.12076E+01
4875.98389  0.12109E+01
4875.99316  0.12095E+01
4876.00293  0.12090E+01
4876.01221  0.12113E+01
4876.02148  0.12096E+01
4876.03125  0.12065E+01
4876.04053  0.12085E+01
4876.05029  0.12112E+01
4876.05957  0.12089E+01
4876.06885  0.12063E+01
4876.07861  0.12064E+01
4876.08789  0.12038E+01
4876.09766  0.12006E+01
4876.10693  0.12010E+01
4876.11621  0.12047E+01
4876.12598  0.12071E+01
4876.13525  0.12038E+01
4876.14502  0.12045E+01
4876.15430  0.12079E+01
4876.16357  0.12063E+01
4876.17334  0.12051E+01
4876.18262  0.12083E+01
4876.19238  0.12094E+01
4876.20166  0.12076E+01
4876.21143  0.12075E+01
4876.22070  0.12075E+01
4876.22998  0.12064E+01
4876.23975  0.12069E+01
4876.24902  0.12082E+01
4876.25879  0.12080E+01
4876.26807  0.12073E+01
4876.27734  0.12067E+01
4876.28711  0.12047E+01
4876.29639  0.12025E+01
4876.30615  0.12017E+01
4876.31543  0.12015E+01
4876.32471  0.12002E+01
4876.33447  0.11979E+01
4876.34375  0.11969E+01
4876.35352  0.11986E+01
4876.36279  0.12006E+01
4876.37207  0.12015E+01
4876.38184  0.12034E+01
4876.39111  0.12062E+01
4876.40088  0.12071E+01
4876.41016  0.12064E+01
4876.41992  0.12064E+01
4876.42920  0.12062E+01
4876.43848  0.12053E+01
4876.44824  0.12064E+01
4876.45752  0.12093E+01
4876.46729  0.12100E+01
4876.47656  0.12075E+01
4876.48584  0.12066E+01
4876.49561  0.12087E+01
4876.50488  0.12090E+01
4876.51465  0.12060E+01
4876.52393  0.12048E+01
4876.53320  0.12068E+01
4876.54297  0.12084E+01
4876.55225  0.12084E+01
4876.56201  0.12075E+01
4876.57129  0.12053E+01
4876.58057  0.12038E+01
4876.59033  0.12048E+01
4876.59961  0.12059E+01
4876.60938  0.12057E+01
4876.61865  0.12060E+01
4876.62842  0.12062E+01
4876.63770  0.12048E+01
4876.64697  0.12046E+01
4876.65674  0.12065E+01
4876.66602  0.12072E+01
4876.67578  0.12074E+01
4876.68506  0.12090E+01
4876.69434  0.12089E+01
4876.70410  0.12071E+01
4876.71338  0.12079E+01
4876.72314  0.12091E+01
4876.73242  0.12068E+01
4876.74170  0.12065E+01
4876.75146  0.12098E+01
4876.76074  0.12080E+01
4876.77051  0.12013E+01
4876.77979  0.11986E+01
4876.78906  0.12003E+01
4876.79883  0.12038E+01
4876.80811  0.12088E+01
4876.81787  0.12097E+01
4876.82715  0.12050E+01
4876.83691  0.12039E+01
4876.84619  0.12087E+01
4876.85547  0.12082E+01
4876.86523  0.12009E+01
4876.87451 -0.10000E+01
4876.88428 -0.10000E+01
4876.89355 -0.10000E+01
4876.90283 -0.10000E+01
4876.91260 -0.10000E+01
4876.92188 -0.10000E+01
4876.93164 -0.10000E+01
4876.94092 -0.10000E+01
4876.95020 -0.10000E+01
4876.95996 -0.10000E+01
4876.96924 -0.10000E+01
4876.97900 -0.10000E+01
4876.98828 -0.10000E+01
4876.99756 -0.10000E+01
4877.00732 -0.10000E+01
4877.01660 -0.10000E+01
4877.02637 -0.10000E+01
4877.03564 -0.10000E+01
4877.04541 -0.10000E+01
4877.05469 -0.10000E+01
4877.06396 -0.10000E+01
4877.07373 -0.10000E+01
4877.08301 -0.10000E+01
4877.09277 -0.10000E+01
4877.10205 -0.10000E+01
4877.11133 -0.10000E+01
4877.12109 -0.10000E+01
4877.13037 -0.10000E+01
4877.14014 -0.10000E+01
4877.14941 -0.10000E+01
4877.15869 -0.10000E+01
4877.16846 -0.10000E+01
4877.17773  0.11743E+01
4877.18750  0.11683E+01
4877.19678  0.11619E+01
4877.20605  0.11573E+01
4877.21582  0.11518E+01
4877.22510  0.11446E+01
4877.23486  0.11417E+01
4877.24414  0.11452E+01
4877.25391  0.11495E+01
4877.26318  0.11534E+01
4877.27246  0.11598E+01
4877.28223  0.11670E+01
4877.29150  0.11739E+01
4877.30127  0.11809E+01
4877.31055  0.11846E+01
4877.31982  0.11868E+01
4877.32959  0.11934E+01
4877.33887  0.11981E+01
4877.34863  0.11954E+01
4877.35791  0.11952E+01
4877.36719  0.11978E+01
4877.37695  0.11961E+01
4877.38623  0.11980E+01
4877.39600  0.12031E+01
4877.40527  0.11987E+01
4877.41455  0.11960E+01
4877.42432  0.12027E+01
4877.43359  0.11994E+01
4877.44336  0.11941E+01
4877.45264  0.12043E+01
4877.46240  0.12044E+01
4877.47168  0.11919E+01
4877.48096  0.11995E+01
4877.49072  0.12043E+01
4877.50000  0.11878E+01
4877.50977  0.11976E+01
4877.51904  0.12112E+01
4877.52832  0.11735E+01
4877.53809 -0.10000E+01
4877.54736 -0.10000E+01
4877.55713 -0.10000E+01
4877.56641 -0.10000E+01
4877.57568 -0.10000E+01
4877.58545 -0.10000E+01
4877.59473 -0.10000E+01
4877.60449  0.11707E+01
4877.61377  0.11735E+01
4877.62305  0.12024E+01
4877.63281  0.11838E+01
4877.64209  0.11805E+01
4877.65186  0.11990E+01
4877.66113  0.11924E+01
4877.67090  0.11868E+01
4877.68018  0.11988E+01
4877.68945  0.11977E+01
4877.69922  0.11929E+01
4877.70850  0.12011E+01
4877.71826  0.12012E+01
4877.72754  0.11961E+01
4877.73682  0.12028E+01
4877.74658  0.12043E+01
4877.75586  0.11971E+01
4877.76562  0.12005E+01
4877.77490  0.12057E+01
4877.78418  0.12007E+01
4877.79395  0.11992E+01
4877.80322  0.12029E+01
4877.81299  0.12017E+01
4877.82227  0.12017E+01
4877.83154  0.12040E+01
4877.84131  0.12004E+01
4877.85059  0.11975E+01
4877.86035  0.12004E+01
4877.86963  0.12003E+01
4877.87939  0.11993E+01
4877.88867  0.12027E+01
4877.89795  0.12028E+01
4877.90771  0.11993E+01
4877.91699  0.12006E+01
4877.92676  0.12019E+01
4877.93604  0.11983E+01
4877.94531  0.11979E+01
4877.95508  0.12008E+01
4877.96436  0.12006E+01
4877.97412  0.11998E+01
4877.98340  0.11977E+01
4877.99268  0.11909E+01
4878.00244  0.11894E+01
4878.01172  0.11898E+01
4878.02148  0.11928E+01
4878.03076  0.11912E+01
4878.04004  0.11864E+01
4878.04980  0.11870E+01
4878.05908  0.11886E+01
4878.06885  0.11876E+01
4878.07812  0.11886E+01
4878.08789  0.11917E+01
4878.09717  0.11915E+01
4878.10645  0.11876E+01
4878.11621  0.11867E+01
4878.12549  0.11918E+01
4878.13525  0.11947E+01
4878.14453  0.11912E+01
4878.15381  0.11904E+01
4878.16357 -0.10000E+01
4878.17285 -0.10000E+01
4878.18262 -0.10000E+01
4878.19189 -0.10000E+01
4878.20117 -0.10000E+01
4878.21094 -0.10000E+01
4878.22021 -0.10000E+01
4878.22998 -0.10000E+01
4878.23926 -0.10000E+01
4878.24854 -0.10000E+01
4878.25830 -0.10000E+01
4878.26758 -0.10000E+01
4878.27734 -0.10000E+01
4878.28662 -0.10000E+01
4878.29639 -0.10000E+01
4878.30566 -0.10000E+01
4878.31494 -0.10000E+01
4878.32471 -0.10000E+01
4878.33398 -0.10000E+01
4878.34375 -0.10000E+01
4878.35303 -0.10000E+01
4878.36230 -0.10000E+01
4878.37207 -0.10000E+01
4878.38135 -0.10000E+01
4878.39111 -0.10000E+01
4878.40039 -0.10000E+01
4878.40967 -0.10000E+01
4878.41943  0.11927E+01
4878.42871  0.11938E+01
4878.43848  0.11952E+01
4878.44775  0.11962E+01
4878.45703  0.11969E+01
4878.46680  0.11991E+01
4878.47607  0.12014E+01
4878.48584  0.12023E+01
4878.49512  0.12038E+01
4878.50488  0.12055E+01
4878.51416  0.12047E+01
4878.52344  0.12025E+01
4878.53320  0.12030E+01
4878.54248  0.12055E+01
4878.55225  0.12061E+01
4878.56152  0.12053E+01
4878.57080  0.12051E+01
4878.58057  0.12048E+01
4878.58984  0.12041E+01
4878.59961  0.12043E+01
4878.60889  0.12044E+01
4878.61816  0.12033E+01
4878.62793  0.12025E+01
4878.63721  0.12033E+01
4878.64697  0.12041E+01
4878.65625  0.12043E+01
4878.66553  0.12041E+01
4878.67529  0.12036E+01
4878.68457  0.12041E+01
4878.69434  0.12050E+01
4878.70361  0.12046E+01
4878.71338  0.12039E+01
4878.72266  0.12047E+01
4878.73193  0.12052E+01
4878.74170  0.12046E+01
4878.75098  0.12051E+01
4878.76074  0.12063E+01
4878.77002  0.12057E+01
4878.77930  0.12041E+01
4878.78906  0.12040E+01
4878.79834  0.12037E+01
4878.80811  0.12022E+01
4878.81738  0.12030E+01
4878.82666  0.12057E+01
4878.83643  0.12054E+01
4878.84570  0.12032E+01
4878.85547  0.12042E+01
4878.86475  0.12056E+01
4878.87402  0.12043E+01
4878.88379  0.12051E+01
4878.89307  0.12073E+01
4878.90283  0.12068E+01
4878.91211  0.12072E+01
4878.92188  0.12075E+01
4878.93115  0.12017E+01
4878.94043  0.12005E+01
4878.95020  0.12016E+01
4878.95947  0.12043E+01
4878.96924  0.12095E+01
4878.97852  0.12081E+01
4878.98779  0.12061E+01
4878.99756  0.12069E+01
4879.00684  0.12071E+01
4879.01660  0.12051E+01
4879.02588  0.12052E+01
4879.03516  0.12083E+01
4879.04492  0.12078E+01
4879.05420  0.12053E+01
4879.06396  0.12078E+01
4879.07324  0.12093E+01
4879.08252  0.12065E+01
4879.09229  0.12085E+01
4879.10156  0.12102E+01
4879.11133  0.12043E+01
4879.12061  0.12049E+01
4879.13037  0.12112E+01
4879.13965  0.12073E+01
4879.14893  0.12061E+01
4879.15869  0.12130E+01
4879.16797  0.12068E+01
4879.17773  0.12020E+01
4879.18701  0.12142E+01
4879.19629  0.12079E+01
4879.20605  0.11936E+01
4879.21533  0.12132E+01
4879.22510  0.12128E+01
4879.23438  0.11751E+01
4879.24365 -0.10000E+01
4879.25342 -0.10000E+01
4879.26270 -0.10000E+01
4879.27246 -0.10000E+01
4879.28174 -0.10000E+01
4879.29102 -0.10000E+01
4879.30078 -0.10000E+01
4879.31006 -0.10000E+01
4879.31982  0.12075E+01
4879.32910  0.12243E+01
4879.33887  0.12009E+01
4879.34814  0.12069E+01
4879.35742  0.12167E+01
4879.36719  0.11999E+01
4879.37646  0.12007E+01
4879.38623  0.12144E+01
4879.39551  0.12054E+01
4879.40479  0.11992E+01
4879.41455 -0.10000E+01
4879.42383 -0.10000E+01
4879.43359 -0.10000E+01
4879.44287 -0.10000E+01
4879.45215 -0.10000E+01
4879.46191 -0.10000E+01
4879.47119 -0.10000E+01
4879.48096 -0.10000E+01
4879.49023 -0.10000E+01
4879.49951 -0.10000E+01
4879.50928 -0.10000E+01
4879.51855 -0.10000E+01
4879.52832 -0.10000E+01
4879.53760 -0.10000E+01
4879.54736 -0.10000E+01
4879.55664 -0.10000E+01
4879.56592 -0.10000E+01
4879.57568 -0.10000E+01
4879.58496 -0.10000E+01
4879.59473 -0.10000E+01
4879.60400 -0.10000E+01
4879.61328 -0.10000E+01
4879.62305 -0.10000E+01
4879.63232 -0.10000E+01
4879.64209 -0.10000E+01
4879.65137  0.12022E+01
4879.66064  0.12101E+01
4879.67041  0.12130E+01
4879.67969  0.12095E+01
4879.68945  0.12077E+01
4879.69873  0.12093E+01
4879.70801  0.12091E+01
4879.71777  0.12083E+01
4879.72705  0.12102E+01
4879.73682  0.12105E+01
4879.74609  0.12074E+01
4879.75586  0.12075E+01
4879.76514  0.12101E+01
4879.77441  0.12086E+01
4879.78418  0.12069E+01
4879.79346  0.12092E+01
4879.80322  0.12089E+01
4879.81250  0.12071E+01
4879.82178  0.12092E+01
4879.83154  0.12085E+01
4879.84082  0.12036E+01
4879.85059  0.12048E+01
4879.85986  0.12062E+01
4879.86914  0.12007E+01
4879.87891  0.12012E+01
4879.88818  0.12019E+01
4879.89795  0.12078E+01
4879.90723  0.12055E+01
4879.91650  0.11995E+01
4879.92627  0.12003E+01
4879.93555  0.12005E+01
4879.94531  0.11979E+01
4879.95459  0.11973E+01
4879.96436  0.11970E+01
4879.97363  0.11963E+01
4879.98291  0.11976E+01
4879.99268  0.11994E+01
4880.00195  0.12001E+01
4880.01172  0.12003E+01
4880.02100  0.11999E+01
4880.03027  0.12005E+01
4880.04004  0.12031E+01
4880.04932  0.12036E+01
4880.05908  0.12013E+01
4880.06836  0.12005E+01
4880.07764  0.12008E+01
4880.08740  0.12005E+01
4880.09668  0.12012E+01
4880.10645  0.12018E+01
4880.11572  0.12007E+01
4880.12500  0.12011E+01
4880.13477  0.12035E+01
4880.14404  0.12037E+01
4880.15381  0.12031E+01
4880.16309  0.12042E+01
4880.17285  0.12038E+01
4880.18213  0.12014E+01
4880.19141  0.12005E+01
4880.20117  0.12004E+01
4880.21045  0.11995E+01
4880.22021  0.11988E+01
4880.22949  0.11980E+01
4880.23877  0.11970E+01
4880.24854  0.11964E+01
4880.25781  0.11943E+01
4880.26758  0.11902E+01
4880.27686  0.11884E+01
4880.28613  0.11876E+01
4880.29590  0.11836E+01
4880.30518  0.11798E+01
4880.31494  0.11800E+01
4880.32422  0.11803E+01
4880.33350  0.11789E+01
4880.34326  0.11797E+01
4880.35254  0.11830E+01
4880.36230  0.11863E+01
4880.37158  0.11895E+01
4880.38135  0.11927E+01
4880.39062  0.11941E+01
4880.39990  0.11948E+01
4880.40967  0.11975E+01
4880.41895  0.12000E+01
4880.42871  0.11997E+01
4880.43799  0.11990E+01
4880.44727  0.12002E+01
4880.45703  0.12021E+01
4880.46631  0.12034E+01
4880.47607  0.12043E+01
4880.48535  0.12039E+01
4880.49463  0.12034E+01
4880.50439  0.12054E+01
4880.51367  0.12069E+01
4880.52344  0.12047E+01
4880.53271  0.12036E+01
4880.54199  0.12062E+01
4880.55176  0.12073E+01
4880.56104  0.12060E+01
4880.57080  0.12069E+01
4880.58008  0.12089E+01
4880.58984  0.12078E+01
4880.59912  0.12062E+01
4880.60840  0.12073E+01
4880.61816  0.12078E+01
4880.62744  0.12036E+01
4880.63721  0.11991E+01
4880.64648  0.12002E+01
4880.65576 -0.10000E+01
4880.66553 -0.10000E+01
4880.67480 -0.10000E+01
4880.68457 -0.10000E+01
4880.69385 -0.10000E+01
4880.70312 -0.10000E+01
4880.71289 -0.10000E+01
4880.72217 -0.10000E+01
4880.73193 -0.10000E+01
4880.74121 -0.10000E+01
4880.75049 -0.10000E+01
4880.76025 -0.10000E+01
4880.76953 -0.10000E+01
4880.77930 -0.10000E+01
4880.78857 -0.10000E+01
4880.79834 -0.10000E+01
4880.80762 -0.10000E+01
4880.81689 -0.10000E+01
4880.82666 -0.10000E+01
4880.83594 -0.10000E+01
4880.84570 -0.10000E+01
4880.85498 -0.10000E+01
4880.86426 -0.10000E+01
4880.87402  0.12001E+01
4880.88330  0.11871E+01
4880.89307  0.12162E+01
4880.90234 -0.10000E+01
4880.91162 -0.10000E+01
4880.92139 -0.10000E+01
4880.93066 -0.10000E+01
4880.94043 -0.10000E+01
4880.94971 -0.10000E+01
4880.95898 -0.10000E+01
4880.96875 -0.10000E+01
4880.97803 -0.10000E+01
4880.98779  0.11916E+01
4880.99707  0.12175E+01
4881.00684  0.12182E+01
4881.01611  0.11989E+01
4881.02539  0.12104E+01
4881.03516  0.12161E+01
4881.04443  0.12031E+01
4881.05420  0.12070E+01
4881.06348  0.12138E+01
4881.07275  0.12057E+01
4881.08252  0.12054E+01
4881.09180  0.12088E+01
4881.10156  0.12012E+01
4881.11084  0.11992E+01
4881.12012  0.12061E+01
4881.12988  0.12044E+01
4881.13916  0.11994E+01
4881.14893  0.12016E+01
4881.15820  0.12037E+01
4881.16748  0.12041E+01
4881.17725  0.12054E+01
4881.18652  0.12039E+01
4881.19629  0.12023E+01
4881.20557  0.12041E+01
4881.21533  0.12043E+01
4881.22461  0.12025E+01
4881.23389  0.12034E+01
4881.24365  0.12037E+01
4881.25293  0.12018E+01
4881.26270  0.12022E+01
4881.27197  0.12040E+01
4881.28125  0.12036E+01
4881.29102  0.12029E+01
4881.30029  0.12042E+01
4881.31006  0.12067E+01
4881.31934  0.12077E+01
4881.32861  0.12064E+01
4881.33838  0.12058E+01
4881.34766  0.12074E+01
4881.35742  0.12076E+01
4881.36670  0.12060E+01
4881.37598  0.12070E+01
4881.38574  0.12087E+01
4881.39502  0.12070E+01
4881.40479  0.12052E+01
4881.41406  0.12061E+01
4881.42383  0.12063E+01
4881.43311  0.12044E+01
4881.44238  0.12038E+01
4881.45215  0.12049E+01
4881.46143  0.12051E+01
4881.47119  0.12043E+01
4881.48047  0.12053E+01
4881.48975  0.12069E+01
4881.49951  0.12063E+01
4881.50879  0.12061E+01
4881.51855  0.12083E+01
4881.52783  0.12092E+01
4881.53711  0.12077E+01
4881.54688  0.12071E+01
4881.55615  0.12070E+01
4881.56592  0.12070E+01
4881.57520  0.12082E+01
4881.58447  0.12080E+01
4881.59424  0.12052E+01
4881.60352  0.12054E+01
4881.61328  0.12071E+01
4881.62256  0.12050E+01
4881.63232  0.12053E+01
4881.64160  0.12091E+01
4881.65088  0.12081E+01
4881.66064  0.12062E+01
4881.66992  0.12101E+01
4881.67969  0.12086E+01
4881.68896  0.12028E+01
4881.69824  0.12093E+01
4881.70801  0.12127E+01
4881.71729  0.11986E+01
4881.72705  0.11956E+01
4881.73633  0.11976E+01
4881.74561  0.12060E+01
4881.75537  0.12094E+01
4881.76465  0.12056E+01
4881.77441  0.12051E+01
4881.78369  0.12045E+01
4881.79297  0.12029E+01
4881.80273  0.12034E+01
4881.81201  0.12039E+01
4881.82178  0.12031E+01
4881.83105  0.12012E+01
4881.84082  0.11972E+01
4881.85010  0.11941E+01
4881.85938  0.11920E+01
4881.86914  0.11882E+01
4881.87842 -0.10000E+01
4881.88818 -0.10000E+01
4881.89746 -0.10000E+01
4881.90674 -0.10000E+01
4881.91650 -0.10000E+01
4881.92578 -0.10000E+01
4881.93555 -0.10000E+01
4881.94482 -0.10000E+01
4881.95410 -0.10000E+01
4881.96387 -0.10000E+01
4881.97314 -0.10000E+01
4881.98291 -0.10000E+01
4881.99219 -0.10000E+01
4882.00146 -0.10000E+01
4882.01123 -0.10000E+01
4882.02051 -0.10000E+01
4882.03027 -0.10000E+01
4882.03955  0.12048E+01
4882.04932  0.12076E+01
4882.05859  0.12048E+01
4882.06787  0.12052E+01
4882.07764  0.12068E+01
4882.08691  0.12069E+01
4882.09668  0.12088E+01
4882.10596  0.12117E+01
4882.11523  0.12113E+01
4882.12500  0.12088E+01
4882.13428  0.12082E+01
4882.14404  0.12091E+01
4882.15332  0.12091E+01
4882.16260  0.12082E+01
4882.17236  0.12080E+01
4882.18164  0.12085E+01
4882.19141  0.12082E+01
4882.20068  0.12080E+01
4882.20996  0.12090E+01
4882.21973  0.12093E+01
4882.22900  0.12084E+01
4882.23877  0.12087E+01
4882.24805  0.12097E+01
4882.25781  0.12097E+01
4882.26709  0.12093E+01
4882.27637  0.12082E+01
4882.28613  0.12073E+01
4882.29541  0.12086E+01
4882.30518  0.12092E+01
4882.31445  0.12075E+01
4882.32373  0.12081E+01
4882.33350  0.12094E+01
4882.34277  0.12071E+01
4882.35254  0.12073E+01
4882.36182  0.12111E+01
4882.37109  0.12093E+01
4882.38086  0.12057E+01
4882.39014  0.12077E+01
4882.39990  0.12064E+01
4882.40918  0.12025E+01
4882.41846  0.12067E+01
4882.42822  0.12095E+01
4882.43750  0.12047E+01
4882.44727  0.12062E+01
4882.45654  0.12087E+01
4882.46631  0.12026E+01
4882.47559  0.12037E+01
4882.48486  0.12089E+01
4882.49463  0.12014E+01
4882.50391  0.12008E+01
4882.51367  0.12119E+01
4882.52295  0.12039E+01
4882.53223  0.11972E+01
4882.54199  0.12143E+01
4882.55127  0.12041E+01
4882.56104  0.11814E+01
4882.57031  0.12172E+01
4882.57959 -0.10000E+01
4882.58936 -0.10000E+01
4882.59863 -0.10000E+01
4882.60840 -0.10000E+01
4882.61768 -0.10000E+01
4882.62695  0.12116E+01
4882.63672  0.11758E+01
4882.64600  0.12017E+01
4882.65576  0.12091E+01
4882.66504  0.12032E+01
4882.67480  0.12089E+01
4882.68408  0.12123E+01
4882.69336  0.12060E+01
4882.70312  0.12070E+01
4882.71240  0.12091E+01
4882.72217  0.12048E+01
4882.73145  0.12062E+01
4882.74072  0.12106E+01
4882.75049  0.12081E+01
4882.75977  0.12057E+01
4882.76953  0.12065E+01
4882.77881  0.12051E+01
4882.78809  0.12052E+01
4882.79785  0.12070E+01
4882.80713  0.12043E+01
4882.81689  0.12009E+01
4882.82617  0.12012E+01
4882.83545  0.12006E+01
4882.84521  0.11980E+01
4882.85449  0.11950E+01
4882.86426  0.11904E+01
4882.87354  0.11864E+01
4882.88330  0.11844E+01
4882.89258  0.11808E+01
4882.90186  0.11768E+01
4882.91162  0.11769E+01
4882.92090  0.11797E+01
4882.93066  0.11825E+01
4882.93994  0.11870E+01
4882.94922  0.11933E+01
4882.95898  0.11986E+01
4882.96826  0.12002E+01
4882.97803  0.11991E+01
4882.98730  0.12012E+01
4882.99658  0.12062E+01
4883.00635  0.12056E+01
4883.01562  0.12027E+01
4883.02539  0.12055E+01
4883.03467  0.12070E+01
4883.04395  0.12038E+01
4883.05371  0.12051E+01
4883.06299  0.12050E+01
4883.07275  0.11955E+01
4883.08203 -0.10000E+01
4883.09180 -0.10000E+01
4883.10107 -0.10000E+01
4883.11035 -0.10000E+01
4883.12012 -0.10000E+01
4883.12939 -0.10000E+01
4883.13916 -0.10000E+01
4883.14844 -0.10000E+01
4883.15771 -0.10000E+01
4883.16748 -0.10000E+01
4883.17676 -0.10000E+01
4883.18652 -0.10000E+01
4883.19580 -0.10000E+01
4883.20508 -0.10000E+01
4883.21484  0.12013E+01
4883.22412  0.12099E+01
4883.23389  0.12100E+01
4883.24316  0.12049E+01
4883.25244  0.12075E+01
4883.26221  0.12097E+01
4883.27148  0.12067E+01
4883.28125  0.12071E+01
4883.29053  0.12092E+01
4883.30029  0.12080E+01
4883.30957  0.12078E+01
4883.31885  0.12084E+01
4883.32861  0.12061E+01
4883.33789  0.12054E+01
4883.34766  0.12083E+01
4883.35693  0.12093E+01
4883.36621  0.12080E+01
4883.37598  0.12073E+01
4883.38525  0.12055E+01
4883.39502  0.12043E+01
4883.40430  0.12055E+01
4883.41357  0.12047E+01
4883.42334  0.12031E+01
4883.43262  0.12059E+01
4883.44238  0.12076E+01
4883.45166  0.12057E+01
4883.46094  0.12077E+01
4883.47070  0.12101E+01
4883.47998  0.12068E+01
4883.48975  0.12072E+01
4883.49902  0.12108E+01
4883.50879  0.12068E+01
4883.51807  0.12065E+01
4883.52734  0.12135E+01
4883.53711  0.12058E+01
4883.54639  0.12000E+01
4883.55615  0.12027E+01
4883.56543  0.12064E+01
4883.57471  0.12152E+01
4883.58447  0.12086E+01
4883.59375  0.12068E+01
4883.60352  0.12112E+01
4883.61279  0.12100E+01
4883.62207  0.12088E+01
4883.63184  0.12098E+01
4883.64111  0.12076E+01
4883.65088  0.12077E+01
4883.66016  0.12108E+01
4883.66943  0.12090E+01
4883.67920  0.12062E+01
4883.68848  0.12084E+01
4883.69824  0.12091E+01
4883.70752  0.12067E+01
4883.71729  0.12071E+01
4883.72656  0.12076E+01
4883.73584  0.12051E+01
4883.74561  0.12045E+01
4883.75488  0.12069E+01
4883.76465  0.12074E+01
4883.77393  0.12067E+01
4883.78320  0.12073E+01
4883.79297  0.12073E+01
4883.80225  0.12056E+01
4883.81201  0.12039E+01
4883.82129  0.12038E+01
4883.83057  0.12047E+01
4883.84033  0.12032E+01
4883.84961  0.11993E+01
4883.85938  0.11972E+01
4883.86865  0.11975E+01
4883.87793  0.11971E+01
4883.88770  0.11973E+01
4883.89697  0.11992E+01
4883.90674  0.12008E+01
4883.91602  0.12017E+01
4883.92578  0.12024E+01
4883.93506  0.12014E+01
4883.94434  0.12005E+01
4883.95410  0.12007E+01
4883.96338  0.12005E+01
4883.97314  0.12013E+01
4883.98242  0.12029E+01
4883.99170  0.12019E+01
4884.00146  0.12027E+01
4884.01074  0.12067E+01
4884.02051  0.12056E+01
4884.02979  0.12034E+01
4884.03906  0.12083E+01
4884.04883  0.12097E+01
4884.05811  0.12056E+01
4884.06787  0.12101E+01
4884.07715  0.12135E+01
4884.08643  0.12055E+01
4884.09619  0.12058E+01
4884.10547  0.12120E+01
4884.11523  0.12046E+01
4884.12451  0.12037E+01
4884.13428  0.12147E+01
4884.14355  0.12063E+01
4884.15283  0.11987E+01
4884.16260  0.12159E+01
4884.17188  0.12085E+01
4884.18164  0.11862E+01
4884.19092  0.12125E+01
4884.20020 -0.10000E+01
4884.20996 -0.10000E+01
4884.21924 -0.10000E+01
4884.22900 -0.10000E+01
4884.23828 -0.10000E+01
4884.24756 -0.10000E+01
4884.25732 -0.10000E+01
4884.26660 -0.10000E+01
4884.27637 -0.10000E+01
4884.28564 -0.10000E+01
4884.29492 -0.10000E+01
4884.30469 -0.10000E+01
4884.31396 -0.10000E+01
4884.32373 -0.10000E+01
4884.33301 -0.10000E+01
4884.34277 -0.10000E+01
4884.35205 -0.10000E+01
4884.36133  0.12026E+01
4884.37109  0.11837E+01
4884.38037  0.11791E+01
4884.39014  0.11825E+01
4884.39941  0.11706E+01
4884.40869  0.11598E+01
4884.41846  0.11611E+01
4884.42773  0.11613E+01
4884.43750  0.11524E+01
4884.44678  0.11526E+01
4884.45605  0.11616E+01
4884.46582  0.11715E+01
4884.47510  0.11977E+01
4884.48486  0.11977E+01
4884.49414  0.11944E+01
4884.50342  0.12047E+01
4884.51318  0.12054E+01
4884.52246  0.12015E+01
4884.53223  0.12076E+01
4884.54150  0.12090E+01
4884.55127  0.12046E+01
4884.56055  0.12085E+01
4884.56982  0.12115E+01
4884.57959  0.12059E+01
4884.58887  0.12048E+01
4884.59863  0.12089E+01
4884.60791  0.12089E+01
4884.61719  0.12076E+01
4884.62695  0.12086E+01
4884.63623  0.12083E+01
4884.64600  0.12073E+01
4884.65527  0.12072E+01
4884.66455  0.12072E+01
4884.67432  0.12081E+01
4884.68359  0.12092E+01
4884.69336  0.12084E+01
4884.70264  0.12075E+01
4884.71191  0.12075E+01
4884.72168  0.12074E+01
4884.73096  0.12080E+01
4884.74072  0.12090E+01
4884.75000  0.12089E+01
4884.75977  0.12088E+01
4884.76904  0.12090E+01
4884.77832  0.12083E+01
4884.78809  0.12079E+01
4884.79736  0.12082E+01
4884.80713  0.12072E+01
4884.81641  0.12062E+01
4884.82568  0.12074E+01
4884.83545  0.12080E+01
4884.84473  0.12066E+01
4884.85449  0.12062E+01
4884.86377  0.12076E+01
4884.87305  0.12080E+01
4884.88281  0.12071E+01
4884.89209  0.12070E+01
4884.90186  0.12081E+01
4884.91113  0.12085E+01
4884.92041  0.12080E+01
4884.93018  0.12081E+01
4884.93945  0.12091E+01
4884.94922  0.12096E+01
4884.95850  0.12094E+01
4884.96826  0.12091E+01
4884.97754  0.12090E+01
4884.98682  0.12096E+01
4884.99658  0.12095E+01
4885.00586  0.12078E+01
4885.01562  0.12068E+01
4885.02490  0.12078E+01
4885.03418  0.12082E+01
4885.04395  0.12085E+01
4885.05322  0.12111E+01
4885.06299  0.12125E+01
4885.07227  0.12106E+01
4885.08154  0.12095E+01
4885.09131  0.12100E+01
4885.10059  0.12093E+01
4885.11035  0.12093E+01
4885.11963  0.12105E+01
4885.12891  0.12094E+01
4885.13867  0.12082E+01
4885.14795  0.12082E+01
4885.15771  0.12066E+01
4885.16699  0.12068E+01
4885.17676  0.12107E+01
4885.18604  0.12105E+01
4885.19531  0.12079E+01
4885.20508  0.12096E+01
4885.21436  0.12092E+01
4885.22412  0.12071E+01
4885.23340  0.12118E+01
4885.24268  0.12135E+01
4885.25244  0.12073E+01
4885.26172  0.12083E+01
4885.27148  0.12116E+01
4885.28076  0.12056E+01
4885.29004  0.12071E+01
4885.29980  0.12137E+01
4885.30908  0.12058E+01
4885.31885  0.12057E+01
4885.32812  0.12162E+01
4885.33740  0.11985E+01
4885.34717  0.11886E+01
4885.35645  0.12000E+01
4885.36621  0.12159E+01
4885.37549  0.12045E+01
4885.38525  0.12045E+01
4885.39453  0.12170E+01
4885.40381 -0.10000E+01
4885.41357 -0.10000E+01
4885.42285 -0.10000E+01
4885.43262 -0.10000E+01
4885.44189 -0.10000E+01
4885.45117 -0.10000E+01
4885.46094 -0.10000E+01
4885.47021 -0.10000E+01
4885.47998 -0.10000E+01
4885.48926  0.11871E+01
4885.49854  0.12145E+01
4885.50830  0.11993E+01
4885.51758  0.11955E+01
4885.52734  0.12120E+01
4885.53662  0.12081E+01
4885.54590  0.12014E+01
4885.55566  0.12076E+01
4885.56494  0.12061E+01
4885.57471  0.12039E+01
4885.58398  0.12109E+01
4885.59375  0.12110E+01
4885.60303  0.12069E+01
4885.61230  0.12101E+01
4885.62207  0.12098E+01
4885.63135  0.12055E+01
4885.64111  0.12083E+01
4885.65039  0.12108E+01
4885.65967  0.12085E+01
4885.66943  0.12097E+01
4885.67871  0.12106E+01
4885.68848  0.12083E+01
4885.69775  0.12096E+01
4885.70703  0.12102E+01
4885.71680  0.12086E+01
4885.72607  0.12108E+01
4885.73584  0.12095E+01
4885.74512  0.12050E+01
4885.75439  0.12116E+01
4885.76416  0.12153E+01
4885.77344  0.12042E+01
4885.78320  0.12072E+01
4885.79248  0.12176E+01
4885.80225  0.11995E+01
4885.81152  0.11974E+01
4885.82080  0.11955E+01
4885.83057  0.12112E+01
4885.83984  0.12199E+01
4885.84961  0.12068E+01
4885.85889  0.12101E+01
4885.86816  0.12158E+01
4885.87793  0.12088E+01
4885.88721  0.12087E+01
4885.89697  0.12131E+01
4885.90625  0.12088E+01
4885.91553  0.12076E+01
4885.92529  0.12123E+01
4885.93457  0.12104E+01
4885.94434  0.12072E+01
4885.95361  0.12099E+01
4885.96289  0.12096E+01
4885.97266  0.12061E+01
4885.98193  0.12068E+01
4885.99170  0.12082E+01
4886.00098  0.12060E+01
4886.01074  0.12044E+01
4886.02002  0.12052E+01
4886.02930  0.12048E+01
4886.03906  0.12012E+01
4886.04834  0.11976E+01
4886.05811  0.11973E+01
4886.06738  0.11972E+01
4886.07666  0.11948E+01
4886.08643  0.11945E+01
4886.09570  0.11962E+01
4886.10547  0.11963E+01
4886.11475  0.11988E+01
4886.12402  0.12031E+01
4886.13379  0.12027E+01
4886.14307  0.12033E+01
4886.15283  0.12077E+01
4886.16211  0.12064E+01
4886.17139  0.12047E+01
4886.18115  0.12096E+01
4886.19043  0.12059E+01
4886.20020  0.11996E+01
4886.20947  0.12114E+01
4886.21924  0.12131E+01
4886.22852  0.11951E+01
4886.23779  0.12020E+01
4886.24756  0.12002E+01
4886.25684  0.12164E+01
4886.26660  0.12153E+01
4886.27588  0.12062E+01
4886.28516  0.12102E+01
4886.29492  0.12113E+01
4886.30420  0.12066E+01
4886.31396  0.12089E+01
4886.32324  0.12123E+01
4886.33252  0.12094E+01
4886.34229  0.12082E+01
4886.35156  0.12118E+01
4886.36133  0.12119E+01
4886.37061  0.12079E+01
4886.37988  0.12089E+01
4886.38965  0.12124E+01
4886.39893  0.12090E+01
4886.40869  0.12070E+01
4886.41797  0.12117E+01
4886.42773  0.12095E+01
4886.43701  0.12055E+01
4886.44629  0.12132E+01
4886.45605  0.12131E+01
4886.46533  0.12007E+01
4886.47510  0.12056E+01
4886.48438  0.12139E+01
4886.49365  0.12016E+01
4886.50342  0.12036E+01
4886.51270  0.12173E+01
4886.52246  0.11973E+01
4886.53174  0.11934E+01
4886.54102 -0.10000E+01
4886.55078 -0.10000E+01
4886.56006 -0.10000E+01
4886.56982 -0.10000E+01
4886.57910 -0.10000E+01
4886.58838  0.12006E+01
4886.59814  0.12018E+01
4886.60742  0.12013E+01
4886.61719  0.12245E+01
4886.62646  0.12103E+01
4886.63623  0.12021E+01
4886.64551  0.12155E+01
4886.65479  0.12125E+01
4886.66455  0.12050E+01
4886.67383  0.12113E+01
4886.68359  0.12115E+01
4886.69287  0.12074E+01
4886.70215  0.12125E+01
4886.71191  0.12134E+01
4886.72119  0.12081E+01
4886.73096  0.12101E+01
4886.74023  0.12122E+01
4886.74951  0.12091E+01
4886.75928  0.12108E+01
4886.76855  0.12135E+01
4886.77832  0.12098E+01
4886.78760  0.12079E+01
4886.79688  0.12097E+01
4886.80664  0.12089E+01
4886.81592  0.12086E+01
4886.82568  0.12101E+01
4886.83496  0.12072E+01
4886.84473  0.12029E+01
4886.85400  0.12024E+01
4886.86328  0.12015E+01
4886.87305  0.11998E+01
4886.88232  0.12001E+01
4886.89209  0.11998E+01
4886.90137  0.11999E+01
4886.91064  0.12035E+01
4886.92041  0.12060E+01
4886.92969  0.12055E+01
4886.93945  0.12072E+01
4886.94873  0.12089E+01
4886.95801  0.12070E+01
4886.96777  0.12075E+01
4886.97705  0.12102E+01
4886.98682  0.12094E+01
4886.99609  0.12093E+01
4887.00537  0.12113E+01
4887.01514  0.12085E+01
4887.02441  0.12069E+01
4887.03418  0.12115E+01
4887.04346  0.12113E+01
4887.05322  0.12084E+01
4887.06250  0.12132E+01
4887.07178  0.12124E+01
4887.08154  0.12052E+01
4887.09082  0.12126E+01
4887.10059  0.12144E+01
4887.10986  0.11965E+01
4887.11914  0.12038E+01
4887.12891  0.11991E+01
4887.13818  0.12176E+01
4887.14795  0.12194E+01
4887.15723  0.12073E+01
4887.16650  0.12117E+01
4887.17627  0.12141E+01
4887.18555  0.12072E+01
4887.19531  0.12080E+01
4887.20459  0.12105E+01
4887.21387  0.12075E+01
4887.22363  0.12087E+01
4887.23291  0.12121E+01
4887.24268  0.12100E+01
4887.25195  0.12084E+01
4887.26172  0.12100E+01
4887.27100  0.12102E+01
4887.28027  0.12102E+01
4887.29004  0.12105E+01
4887.29932  0.12080E+01
4887.30908  0.12059E+01
4887.31836  0.12080E+01
4887.32764  0.12103E+01
4887.33740  0.12086E+01
4887.34668  0.12055E+01
4887.35645  0.12056E+01
4887.36572  0.12084E+01
4887.37500  0.12085E+01
4887.38477  0.12066E+01
4887.39404  0.12082E+01
4887.40381  0.12104E+01
4887.41309  0.12086E+01
4887.42236  0.12070E+01
4887.43213  0.12077E+01
4887.44141  0.12081E+01
4887.45117  0.12089E+01
4887.46045  0.12093E+01
4887.47021  0.12080E+01
4887.47949  0.12081E+01
4887.48877  0.12078E+01
4887.49854  0.12038E+01
4887.50781  0.12048E+01
4887.51758  0.12094E+01
4887.52686  0.12056E+01
4887.53613  0.12028E+01
4887.54590  0.12094E+01
4887.55518  0.12097E+01
4887.56494  0.12056E+01
4887.57422  0.12117E+01
4887.58350  0.12113E+01
4887.59326  0.12023E+01
4887.60254  0.12101E+01
4887.61230  0.12134E+01
4887.62158  0.11962E+01
4887.63086  0.12062E+01
4887.64062  0.12179E+01
4887.64990 -0.10000E+01
4887.65967 -0.10000E+01
4887.66895 -0.10000E+01
4887.67871  0.12143E+01
4887.68799  0.12296E+01
4887.69727  0.12031E+01
4887.70703  0.12106E+01
4887.71631  0.12194E+01
4887.72607  0.12065E+01
4887.73535  0.12079E+01
4887.74463  0.12159E+01
4887.75439  0.12090E+01
4887.76367  0.12067E+01
4887.77344  0.12119E+01
4887.78271  0.12095E+01
4887.79199  0.12082E+01
4887.80176  0.12113E+01
4887.81104  0.12084E+01
4887.82080  0.12064E+01
4887.83008  0.12107E+01
4887.83936  0.12117E+01
4887.84912  0.12094E+01
4887.85840  0.12088E+01
4887.86816  0.12084E+01
4887.87744  0.12093E+01
4887.88721  0.12095E+01
4887.89648  0.12074E+01
4887.90576  0.12100E+01
4887.91553  0.12122E+01
4887.92480  0.12067E+01
4887.93457  0.12072E+01
4887.94385  0.12124E+01
4887.95312  0.12056E+01
4887.96289  0.12053E+01
4887.97217  0.12165E+01
4887.98193  0.12020E+01
4887.99121  0.11947E+01
4888.00049  0.11931E+01
4888.01025  0.12004E+01
4888.01953  0.12149E+01
4888.02930  0.12023E+01
4888.03857  0.12026E+01
4888.04785  0.12103E+01
4888.05762  0.12049E+01
4888.06689  0.12035E+01
4888.07666  0.12079E+01
4888.08594  0.12045E+01
4888.09570  0.12040E+01
4888.10498  0.12072E+01
4888.11426  0.12017E+01
4888.12402  0.12003E+01
4888.13330  0.12063E+01
4888.14307  0.12017E+01
4888.15234  0.11991E+01
4888.16162  0.12008E+01
4888.17139  0.12048E+01
4888.18066  0.12074E+01
4888.19043  0.12055E+01
4888.19971  0.12053E+01
4888.20898  0.12036E+01
4888.21875  0.12027E+01
4888.22803  0.12052E+01
4888.23779  0.12041E+01
4888.24707  0.12003E+01
4888.25635  0.12012E+01
4888.26611  0.12034E+01
4888.27539  0.12015E+01
4888.28516  0.12006E+01
4888.29443  0.12028E+01
4888.30420  0.12037E+01
4888.31348  0.12034E+01
4888.32275  0.12047E+01
4888.33252  0.12058E+01
4888.34180  0.12056E+01
4888.35156  0.12062E+01
4888.36084  0.12078E+01
4888.37012  0.12083E+01
4888.37988  0.12080E+01
4888.38916  0.12087E+01
4888.39893  0.12089E+01
4888.40820  0.12068E+01
4888.41748  0.12053E+01
4888.42725  0.12073E+01
4888.43652  0.12091E+01
4888.44629  0.12073E+01
4888.45557  0.12062E+01
4888.46484  0.12080E+01
4888.47461  0.12082E+01
4888.48389  0.12069E+01
4888.49365  0.12083E+01
4888.50293  0.12093E+01
4888.51270  0.12071E+01
4888.52197  0.12069E+01
4888.53125  0.12090E+01
4888.54102  0.12076E+01
4888.55029  0.12067E+01
4888.56006  0.12100E+01
4888.56934  0.12102E+01
4888.57861  0.12075E+01
4888.58838  0.12094E+01
4888.59766  0.12108E+01
4888.60742  0.12081E+01
4888.61670  0.12091E+01
4888.62598  0.12107E+01
4888.63574  0.12077E+01
4888.64502  0.12098E+01
4888.65479  0.12130E+01
4888.66406  0.12061E+01
4888.67334  0.12050E+01
4888.68311  0.12124E+01
4888.69238  0.12058E+01
4888.70215  0.12016E+01
4888.71143  0.12145E+01
4888.72119  0.12029E+01
4888.73047  0.11904E+01
4888.73975  0.11934E+01
4888.74951  0.11997E+01
4888.75879  0.12212E+01
4888.76855  0.12073E+01
4888.77783  0.12041E+01
4888.78711  0.12135E+01
4888.79688  0.12082E+01
4888.80615  0.12092E+01
4888.81592  0.12133E+01
4888.82520  0.12028E+01
4888.83447  0.12075E+01
4888.84424  0.12179E+01
4888.85352  0.11969E+01
4888.86328  0.11985E+01
4888.87256  0.11941E+01
4888.88184  0.12164E+01
4888.89160  0.12195E+01
4888.90088  0.12042E+01
4888.91064  0.12108E+01
4888.91992  0.12150E+01
4888.92969  0.12070E+01
4888.93896  0.12091E+01
4888.94824  0.12130E+01
4888.95801  0.12065E+01
4888.96729  0.12052E+01
4888.97705  0.12107E+01
4888.98633  0.12105E+01
4888.99561  0.12085E+01
4889.00537  0.12092E+01
4889.01465  0.12080E+01
4889.02441  0.12078E+01
4889.03369  0.12103E+01
4889.04297  0.12096E+01
4889.05273  0.12070E+01
4889.06201  0.12074E+01
4889.07178  0.12079E+01
4889.08105  0.12072E+01
4889.09033  0.12080E+01
4889.10010  0.12081E+01
4889.10938  0.12063E+01
4889.11914  0.12065E+01
4889.12842  0.12075E+01
4889.13818  0.12055E+01
4889.14746  0.12034E+01
4889.15674  0.12047E+01
4889.16650  0.12069E+01
4889.17578  0.12064E+01
4889.18555  0.12046E+01
4889.19482  0.12047E+01
4889.20410  0.12070E+01
4889.21387  0.12078E+01
4889.22314  0.12063E+01
4889.23291  0.12060E+01
4889.24219  0.12072E+01
4889.25146  0.12062E+01
4889.26123  0.12046E+01
4889.27051  0.12061E+01
4889.28027  0.12071E+01
4889.28955  0.12043E+01
4889.29883  0.12027E+01
4889.30859  0.12054E+01
4889.31787  0.12068E+01
4889.32764  0.12042E+01
4889.33691  0.12021E+01
4889.34668  0.12037E+01
4889.35596  0.12051E+01
4889.36523  0.12039E+01
4889.37500  0.12028E+01
4889.38428  0.12031E+01
4889.39404  0.12025E+01
4889.40332  0.12010E+01
4889.41260  0.12008E+01
4889.42236  0.12015E+01
4889.43164  0.12024E+01
4889.44141  0.12044E+01
4889.45068  0.12057E+01
4889.45996  0.12051E+01
4889.46973  0.12053E+01
4889.47900  0.12059E+01
4889.48877  0.12038E+01
4889.49805  0.12021E+01
4889.50732  0.12029E+01
4889.51709  0.12023E+01
4889.52637  0.12015E+01
4889.53613  0.12035E+01
4889.54541  0.12027E+01
4889.55518  0.11987E+01
4889.56445  0.11991E+01
4889.57373  0.12000E+01
4889.58350  0.11961E+01
4889.59277  0.11958E+01
4889.60254  0.11983E+01
4889.61182  0.11954E+01
4889.62109  0.11963E+01
4889.63086  0.12007E+01
4889.64014  0.11931E+01
4889.64990  0.11919E+01
4889.65918  0.12052E+01
4889.66846  0.11809E+01
4889.67822 -0.10000E+01
4889.68750 -0.10000E+01
4889.69727  0.11749E+01
4889.70654  0.12108E+01
4889.71582  0.11779E+01
4889.72559 -0.10000E+01
4889.73486  0.11713E+01
4889.74463  0.11979E+01
4889.75391  0.12035E+01
4889.76367  0.11986E+01
4889.77295  0.11940E+01
4889.78223  0.11910E+01
4889.79199  0.11886E+01
4889.80127  0.11952E+01
4889.81104  0.12052E+01
4889.82031  0.11949E+01
4889.82959  0.11923E+01
4889.83936  0.11976E+01
4889.84863  0.11927E+01
4889.85840  0.11900E+01
4889.86768  0.11948E+01
4889.87695  0.11925E+01
4889.88672  0.11862E+01
4889.89600  0.11861E+01
4889.90576  0.11858E+01
4889.91504  0.11825E+01
4889.92432  0.11819E+01
4889.93408  0.11810E+01
4889.94336  0.11768E+01
4889.95312  0.11747E+01
4889.96240  0.11760E+01
4889.97217  0.11757E+01
4889.98145  0.11748E+01
4889.99072  0.11770E+01
4890.00049  0.11811E+01
4890.00977  0.11840E+01
4890.01953  0.11857E+01
4890.02881  0.11872E+01
4890.03809  0.11879E+01
4890.04785  0.11891E+01
4890.05713  0.11933E+01
4890.06689  0.11968E+01
4890.07617  0.11958E+01
4890.08545  0.11953E+01
4890.09521  0.11989E+01
4890.10449  0.12008E+01
4890.11426  0.11997E+01
4890.12354  0.12008E+01
4890.13281  0.12029E+01
4890.14258  0.12021E+01
4890.15186  0.12013E+01
4890.16162  0.12018E+01
4890.17090  0.12013E+01
4890.18066  0.12018E+01
4890.18994  0.12043E+01
4890.19922  0.12042E+01
4890.20898  0.12023E+01
4890.21826  0.12030E+01
4890.22803  0.12036E+01
4890.23730  0.12022E+01
4890.24658  0.12030E+01
4890.25635  0.12054E+01
4890.26562  0.12056E+01
4890.27539  0.12058E+01
4890.28467  0.12072E+01
4890.29395  0.12072E+01
4890.30371  0.12071E+01
4890.31299  0.12084E+01
4890.32275  0.12076E+01
4890.33203  0.12066E+01
4890.34131  0.12096E+01
4890.35107  0.12114E+01
4890.36035  0.12098E+01
4890.37012  0.12113E+01
4890.37939  0.12131E+01
4890.38916  0.12096E+01
4890.39844  0.12086E+01
4890.40771  0.12121E+01
4890.41748  0.12103E+01
4890.42676  0.12069E+01
4890.43652  0.12086E+01
4890.44580  0.12077E+01
4890.45508  0.12057E+01
4890.46484  0.12104E+01
4890.47412  0.12105E+01
4890.48389  0.12044E+01
4890.49316  0.12080E+01
4890.50244  0.12122E+01
4890.51221  0.12050E+01
4890.52148  0.12071E+01
4890.53125  0.12166E+01
4890.54053  0.12093E+01
4890.54980  0.12077E+01
4890.55957  0.12200E+01
4890.56885  0.12016E+01
4890.57861  0.11895E+01
4890.58789  0.11897E+01
4890.59766  0.12014E+01
4890.60693  0.12218E+01
4890.61621  0.12071E+01
4890.62598  0.12052E+01
4890.63525  0.12148E+01
4890.64502  0.12080E+01
4890.65430  0.12035E+01
4890.66357  0.12102E+01
4890.67334  0.12089E+01
4890.68262  0.12037E+01
4890.69238  0.12061E+01
4890.70166  0.12071E+01
4890.71094  0.12048E+01
4890.72070  0.12070E+01
4890.72998  0.12089E+01
4890.73975  0.12059E+01
4890.74902  0.12046E+01
4890.75830  0.12066E+01
4890.76807  0.12065E+01
4890.77734  0.12065E+01
4890.78711  0.12095E+01
4890.79639  0.12093E+01
4890.80615  0.12066E+01
4890.81543  0.12082E+01
4890.82471  0.12076E+01
4890.83447  0.12122E+01
4890.84375  0.12125E+01
4890.85352  0.12085E+01
4890.86279  0.12080E+01
4890.87207  0.12069E+01
4890.88184  0.12048E+01
4890.89111  0.12058E+01
4890.90088  0.12076E+01
4890.91016  0.12092E+01
4890.91943  0.12101E+01
4890.92920  0.12075E+01
4890.93848  0.12065E+01
4890.94824  0.12093E+01
4890.95752  0.12083E+01
4890.96680  0.12067E+01
4890.97656  0.12107E+01
4890.98584  0.12107E+01
4890.99561  0.12076E+01
4891.00488  0.12119E+01
4891.01465  0.12129E+01
4891.02393  0.12072E+01
4891.03320  0.12100E+01
4891.04297  0.12131E+01
4891.05225  0.12069E+01
4891.06201  0.12101E+01
4891.07129  0.12167E+01
4891.08057  0.12083E+01
4891.09033  0.12090E+01
4891.09961  0.12199E+01
4891.10938  0.12078E+01
4891.11865  0.12016E+01
4891.12793  0.12205E+01
4891.13770  0.12090E+01
4891.14697  0.11927E+01
4891.15674  0.12280E+01
4891.16602  0.11983E+01
4891.17529 -0.10000E+01
4891.18506 -0.10000E+01
4891.19434 -0.10000E+01
4891.20410  0.12422E+01
4891.21338  0.12188E+01
4891.22314  0.11981E+01
4891.23242  0.12252E+01
4891.24170  0.12159E+01
4891.25146  0.11985E+01
4891.26074  0.12143E+01
4891.27051  0.12155E+01
4891.27979  0.12020E+01
4891.28906  0.12086E+01
4891.29883  0.12125E+01
4891.30811  0.12058E+01
4891.31787  0.12111E+01
4891.32715  0.12132E+01
4891.33643  0.12060E+01
4891.34619  0.12100E+01
4891.35547  0.12113E+01
4891.36523  0.12035E+01
4891.37451  0.12102E+01
4891.38379  0.12138E+01
4891.39355  0.12013E+01
4891.40283  0.12091E+01
4891.41260  0.12155E+01
4891.42188  0.11856E+01
4891.43164  0.11914E+01
4891.44092  0.11903E+01
4891.45020  0.12172E+01
4891.45996  0.12198E+01
4891.46924  0.12062E+01
4891.47900  0.12148E+01
4891.48828  0.12162E+01
4891.49756  0.12059E+01
4891.50732  0.12098E+01
4891.51660  0.12152E+01
4891.52637  0.12091E+01
4891.53564  0.12086E+01
4891.54492  0.12130E+01
4891.55469  0.12097E+01
4891.56396  0.12075E+01
4891.57373  0.12111E+01
4891.58301  0.12109E+01
4891.59229  0.12091E+01
4891.60205  0.12113E+01
4891.61133  0.12109E+01
4891.62109  0.12071E+01
4891.63037  0.12075E+01
4891.64014  0.12095E+01
4891.64941  0.12071E+01
4891.65869  0.12051E+01
4891.66846  0.12068E+01
4891.67773  0.12078E+01
4891.68750  0.12074E+01
4891.69678  0.12093E+01
4891.70605  0.12112E+01
4891.71582  0.12095E+01
4891.72510  0.12082E+01
4891.73486  0.12096E+01
4891.74414  0.12094E+01
4891.75342  0.12079E+01
4891.76318  0.12097E+01
4891.77246  0.12121E+01
4891.78223  0.12116E+01
4891.79150  0.12113E+01
4891.80078  0.12113E+01
4891.81055  0.12097E+01
4891.81982  0.12092E+01
4891.82959  0.12092E+01
4891.83887  0.12112E+01
4891.84863  0.12107E+01
4891.85791  0.12083E+01
4891.86719  0.12068E+01
4891.87695  0.12041E+01
4891.88623  0.11992E+01
4891.89600  0.11948E+01
4891.90527  0.11937E+01
4891.91455  0.11949E+01
4891.92432  0.11957E+01
4891.93359  0.11958E+01
4891.94336  0.11978E+01
4891.95264  0.12028E+01
4891.96191  0.12065E+01
4891.97168  0.12068E+01
4891.98096  0.12067E+01
4891.99072  0.12076E+01
4892.00000  0.12091E+01
4892.00928  0.12110E+01
4892.01904  0.12122E+01
4892.02832  0.12125E+01
4892.03809  0.12124E+01
4892.04736  0.12105E+01
4892.05713  0.12094E+01
4892.06641  0.12115E+01
4892.07568  0.12115E+01
4892.08545  0.12098E+01
4892.09473  0.12138E+01
4892.10449  0.12166E+01
4892.11377  0.12104E+01
4892.12305  0.12074E+01
4892.13281  0.12126E+01
4892.14209  0.12139E+01
4892.15186  0.12126E+01
4892.16113  0.12139E+01
4892.17041  0.12106E+01
4892.18018  0.12078E+01
4892.18945  0.12126E+01
4892.19922  0.12115E+01
4892.20850  0.12074E+01
4892.21777  0.12145E+01
4892.22754  0.12137E+01
4892.23682  0.12031E+01
4892.24658  0.12130E+01
4892.25586  0.12164E+01
4892.26562  0.11895E+01
4892.27490  0.11957E+01
4892.28418  0.11904E+01
4892.29395  0.12213E+01
4892.30322  0.12215E+01
4892.31299  0.12022E+01
4892.32227  0.12100E+01
4892.33154  0.12150E+01
4892.34131  0.12058E+01
4892.35059  0.12092E+01
4892.36035  0.12149E+01
4892.36963  0.12083E+01
4892.37891  0.12080E+01
4892.38867  0.12141E+01
4892.39795  0.12103E+01
4892.40771  0.12083E+01
4892.41699  0.12149E+01
4892.42627  0.12135E+01
4892.43604  0.12080E+01
4892.44531  0.12119E+01
4892.45508  0.12121E+01
4892.46436  0.12054E+01
4892.47412  0.12092E+01
4892.48340  0.12143E+01
4892.49268  0.12077E+01
4892.50244  0.12079E+01
4892.51172  0.12141E+01
4892.52148  0.12065E+01
4892.53076  0.12035E+01
4892.54004  0.12140E+01
4892.54980  0.12075E+01
4892.55908  0.11979E+01
4892.56885  0.12121E+01
4892.57812  0.12129E+01
4892.58740  0.11980E+01
4892.59717  0.12150E+01
4892.60645  0.12217E+01
4892.61621  0.11896E+01
4892.62549  0.12104E+01
4892.63477 -0.10000E+01
4892.64453 -0.10000E+01
4892.65381 -0.10000E+01
4892.66357 -0.10000E+01
4892.67285 -0.10000E+01
4892.68262  0.12471E+01
4892.69189  0.11946E+01
4892.70117  0.12104E+01
4892.71094  0.12275E+01
4892.72021  0.12049E+01
4892.72998  0.12076E+01
4892.73926  0.12205E+01
4892.74854  0.12084E+01
4892.75830  0.12062E+01
4892.76758  0.12170E+01
4892.77734  0.12129E+01
4892.78662  0.12097E+01
4892.79590  0.12166E+01
4892.80566  0.12135E+01
4892.81494  0.12098E+01
4892.82471  0.12138E+01
4892.83398  0.12112E+01
4892.84326  0.12089E+01
4892.85303  0.12140E+01
4892.86230  0.12133E+01
4892.87207  0.12095E+01
4892.88135  0.12126E+01
4892.89111  0.12137E+01
4892.90039  0.12104E+01
4892.90967  0.12104E+01
4892.91943  0.12108E+01
4892.92871  0.12097E+01
4892.93848  0.12108E+01
4892.94775  0.12101E+01
4892.95703  0.12093E+01
4892.96680  0.12118E+01
4892.97607  0.12119E+01
4892.98584  0.12120E+01
4892.99512  0.12160E+01
4893.00439  0.12126E+01
4893.01416  0.12060E+01
4893.02344  0.12116E+01
4893.03320  0.12152E+01
4893.04248  0.12095E+01
4893.05176  0.12144E+01
4893.06152  0.12179E+01
4893.07080  0.12069E+01
4893.08057  0.12144E+01
4893.08984  0.12266E+01
4893.09961  0.11987E+01
4893.10889 -0.10000E+01
4893.11816  0.11966E+01
4893.12793  0.12128E+01
4893.13721  0.12226E+01
4893.14697  0.12076E+01
4893.15625  0.12131E+01
4893.16553  0.12223E+01
4893.17529  0.12155E+01
4893.18457  0.12150E+01
4893.19434  0.12190E+01
4893.20361  0.12140E+01
4893.21289  0.12119E+01
4893.22266  0.12144E+01
4893.23193  0.12113E+01
4893.24170  0.12105E+01
4893.25098  0.12147E+01
4893.26025  0.12140E+01
4893.27002  0.12119E+01
4893.27930  0.12137E+01
4893.28906  0.12132E+01
4893.29834  0.12117E+01
4893.30811  0.12127E+01
4893.31738  0.12112E+01
4893.32666  0.12088E+01
4893.33643  0.12107E+01
4893.34570  0.12108E+01
4893.35547  0.12079E+01
4893.36475  0.12094E+01
4893.37402  0.12120E+01
4893.38379  0.12097E+01
4893.39307  0.12083E+01
4893.40283  0.12099E+01
4893.41211  0.12094E+01
4893.42139  0.12085E+01
4893.43115  0.12095E+01
4893.44043  0.12080E+01
4893.45020  0.12055E+01
4893.45947  0.12064E+01
4893.46875  0.12063E+01
4893.47852  0.12016E+01
4893.48779  0.11986E+01
4893.49756  0.12005E+01
4893.50684  0.12030E+01
4893.51660  0.12049E+01
4893.52588  0.12079E+01
4893.53516  0.12107E+01
4893.54492  0.12119E+01
4893.55420  0.12118E+01
4893.56396  0.12105E+01
4893.57324  0.12094E+01
4893.58252  0.12101E+01
4893.59229  0.12104E+01
4893.60156  0.12098E+01
4893.61133  0.12105E+01
4893.62061  0.12115E+01
4893.62988  0.12101E+01
4893.63965  0.12087E+01
4893.64893  0.12098E+01
4893.65869  0.12108E+01
4893.66797  0.12109E+01
4893.67725  0.12111E+01
4893.68701  0.12101E+01
4893.69629  0.12089E+01
4893.70605  0.12099E+01
4893.71533  0.12104E+01
4893.72510  0.12087E+01
4893.73438  0.12076E+01
4893.74365  0.12073E+01
4893.75342  0.12076E+01
4893.76270  0.12093E+01
4893.77246  0.12101E+01
4893.78174  0.12086E+01
4893.79102  0.12095E+01
4893.80078  0.12111E+01
4893.81006  0.12088E+01
4893.81982  0.12098E+01
4893.82910  0.12139E+01
4893.83838  0.12115E+01
4893.84814  0.12102E+01
4893.85742  0.12159E+01
4893.86719  0.12137E+01
4893.87646  0.12090E+01
4893.88574  0.12161E+01
4893.89551  0.12153E+01
4893.90479  0.12060E+01
4893.91455  0.12162E+01
4893.92383  0.12142E+01
4893.93359  0.11909E+01
4893.94287  0.11925E+01
4893.95215  0.11965E+01
4893.96191  0.12269E+01
4893.97119  0.12110E+01
4893.98096  0.12064E+01
4893.99023  0.12226E+01
4893.99951  0.12098E+01
4894.00928  0.12054E+01
4894.01855  0.12230E+01
4894.02832  0.12113E+01
4894.03760  0.12059E+01
4894.04688  0.12303E+01
4894.05664  0.12068E+01
4894.06592  0.11822E+01
4894.07568 -0.10000E+01
4894.08496 -0.10000E+01
4894.09424 -0.10000E+01
4894.10400 -0.10000E+01
4894.11328 -0.10000E+01
4894.12305 -0.10000E+01
4894.13232  0.12196E+01
4894.14209  0.11934E+01
4894.15137  0.12274E+01
4894.16064  0.12192E+01
4894.17041  0.12041E+01
4894.17969  0.12218E+01
4894.18945  0.12205E+01
4894.19873  0.12058E+01
4894.20801  0.12142E+01
4894.21777  0.12184E+01
4894.22705  0.12088E+01
4894.23682  0.12122E+01
4894.24609  0.12171E+01
4894.25537  0.12099E+01
4894.26514  0.12104E+01
4894.27441  0.12162E+01
4894.28418  0.12125E+01
4894.29346  0.12103E+01
4894.30273  0.12135E+01
4894.31250  0.12115E+01
4894.32178  0.12095E+01
4894.33154  0.12119E+01
4894.34082  0.12107E+01
4894.35059  0.12092E+01
4894.35986  0.12125E+01
4894.36914  0.12123E+01
4894.37891  0.12085E+01
4894.38818  0.12097E+01
4894.39795  0.12121E+01
4894.40723  0.12099E+01
4894.41650  0.12083E+01
4894.42627  0.12097E+01
4894.43555  0.12096E+01
4894.44531  0.12081E+01
4894.45459  0.12088E+01
4894.46387  0.12099E+01
4894.47363  0.12080E+01
4894.48291  0.12064E+01
4894.49268  0.12084E+01
4894.50195  0.12103E+01
4894.51123  0.12099E+01
4894.52100  0.12113E+01
4894.53027  0.12123E+01
4894.54004  0.12098E+01
4894.54932  0.12094E+01
4894.55908  0.12113E+01
4894.56836  0.12092E+01
4894.57764  0.12082E+01
4894.58740  0.12120E+01
4894.59668  0.12113E+01
4894.60645  0.12082E+01
4894.61572  0.12113E+01
4894.62500  0.12123E+01
4894.63477  0.12094E+01
4894.64404  0.12136E+01
4894.65381  0.12160E+01
4894.66309  0.12099E+01
4894.67236  0.12120E+01
4894.68213  0.12175E+01
4894.69141  0.12105E+01
4894.70117  0.12104E+01
4894.71045  0.12205E+01
4894.71973  0.12132E+01
4894.72949  0.12079E+01
4894.73877  0.12221E+01
4894.74854  0.12078E+01
4894.75781  0.11899E+01
4894.76758  0.11950E+01
4894.77686  0.12019E+01
4894.78613  0.12272E+01
4894.79590  0.12150E+01
4894.80518  0.12103E+01
4894.81494  0.12195E+01
4894.82422  0.12133E+01
4894.83350  0.12088E+01
4894.84326  0.12167E+01
4894.85254  0.12167E+01
4894.86230  0.12120E+01
4894.87158  0.12140E+01
4894.88086  0.12135E+01
4894.89062  0.12110E+01
4894.89990  0.12143E+01
4894.90967  0.12149E+01
4894.91895  0.12113E+01
4894.92822  0.12126E+01
4894.93799  0.12147E+01
4894.94727  0.12121E+01
4894.95703  0.12117E+01
4894.96631  0.12131E+01
4894.97607  0.12110E+01
4894.98535  0.12104E+01
4894.99463  0.12135E+01
4895.00439  0.12142E+01
4895.01367  0.12134E+01
4895.02344  0.12137E+01
4895.03271  0.12129E+01
4895.04199  0.12111E+01
4895.05176  0.12107E+01
4895.06104  0.12103E+01
4895.07080  0.12093E+01
4895.08008  0.12088E+01
4895.08936  0.12081E+01
4895.09912  0.12081E+01
4895.10840  0.12087E+01
4895.11816  0.12072E+01
4895.12744  0.12057E+01
4895.13672  0.12083E+01
4895.14648  0.12112E+01
4895.15576  0.12106E+01
4895.16553  0.12101E+01
4895.17480  0.12111E+01
4895.18457  0.12113E+01
4895.19385  0.12106E+01
4895.20312  0.12103E+01
4895.21289  0.12109E+01
4895.22217  0.12115E+01
4895.23193  0.12096E+01
4895.24121  0.12079E+01
4895.25049  0.12098E+01
4895.26025  0.12095E+01
4895.26953  0.12061E+01
4895.27930  0.12074E+01
4895.28857  0.12101E+01
4895.29785  0.12085E+01
4895.30762  0.12104E+01
4895.31689  0.12138E+01
4895.32666  0.12098E+01
4895.33594  0.12097E+01
4895.34521  0.12155E+01
4895.35498  0.12118E+01
4895.36426  0.12083E+01
4895.37402  0.12153E+01
4895.38330  0.12137E+01
4895.39307  0.12089E+01
4895.40234  0.12171E+01
4895.41162  0.12155E+01
4895.42139  0.12068E+01
4895.43066  0.12204E+01
4895.44043  0.12221E+01
4895.44971  0.11996E+01
4895.45898  0.12141E+01
4895.46875  0.12314E+01
4895.47803  0.11897E+01
4895.48779 -0.10000E+01
4895.49707 -0.10000E+01
4895.50635 -0.10000E+01
4895.51611 -0.10000E+01
4895.52539 -0.10000E+01
4895.53516 -0.10000E+01
4895.54443 -0.10000E+01
4895.55371 -0.10000E+01
4895.56348 -0.10000E+01
4895.57275 -0.10000E+01
4895.58252 -0.10000E+01
4895.59180  0.11890E+01
4895.60156  0.12409E+01
4895.61084  0.12194E+01
4895.62012  0.12020E+01
4895.62988  0.12255E+01
4895.63916  0.12187E+01
4895.64893  0.12017E+01
4895.65820  0.12153E+01
4895.66748  0.12184E+01
4895.67725  0.12055E+01
4895.68652  0.12106E+01
4895.69629  0.12155E+01
4895.70557  0.12065E+01
4895.71484  0.12071E+01
4895.72461  0.12119E+01
4895.73389  0.12068E+01
4895.74365  0.12054E+01
4895.75293  0.12077E+01
4895.76221  0.12033E+01
4895.77197  0.12027E+01
4895.78125  0.12082E+01
4895.79102  0.12079E+01
4895.80029  0.12071E+01
4895.81006  0.12111E+01
4895.81934  0.12111E+01
4895.82861  0.12091E+01
4895.83838  0.12124E+01
4895.84766  0.12146E+01
4895.85742  0.12119E+01
4895.86670  0.12110E+01
4895.87598  0.12122E+01
4895.88574  0.12120E+01
4895.89502  0.12121E+01
4895.90479  0.12125E+01
4895.91406  0.12116E+01
4895.92334  0.12108E+01
4895.93311  0.12116E+01
4895.94238  0.12122E+01
4895.95215  0.12118E+01
4895.96143  0.12117E+01
4895.97070  0.12122E+01
4895.98047  0.12128E+01
4895.98975  0.12132E+01
4895.99951  0.12133E+01
4896.00879  0.12129E+01
4896.01855  0.12124E+01
4896.02783  0.12126E+01
4896.03711  0.12124E+01
4896.04688  0.12107E+01
4896.05615  0.12099E+01
4896.06592  0.12112E+01
4896.07520  0.12122E+01
4896.08447  0.12127E+01
4896.09424  0.12130E+01
4896.10352  0.12123E+01
4896.11328  0.12115E+01
4896.12256  0.12118E+01
4896.13184  0.12113E+01
4896.14160  0.12111E+01
4896.15088  0.12127E+01
4896.16064  0.12114E+01
4896.16992  0.12081E+01
4896.17920  0.12095E+01
4896.18896  0.12126E+01
4896.19824  0.12113E+01
4896.20801  0.12106E+01
4896.21729  0.12117E+01
4896.22705  0.12099E+01
4896.23633  0.12096E+01
4896.24561  0.12123E+01
4896.25537  0.12110E+01
4896.26465  0.12096E+01
4896.27441  0.12124E+01
4896.28369  0.12114E+01
4896.29297  0.12091E+01
4896.30273  0.12130E+01
4896.31201  0.12125E+01
4896.32178  0.12085E+01
4896.33105  0.12153E+01
4896.34033  0.12170E+01
4896.35010  0.12070E+01
4896.35938  0.12141E+01
4896.36914  0.12212E+01
4896.37842  0.11970E+01
4896.38770  0.11989E+01
4896.39746  0.11946E+01
4896.40674  0.12169E+01
4896.41650  0.12244E+01
4896.42578  0.12086E+01
4896.43555  0.12115E+01
4896.44482  0.12158E+01
4896.45410  0.12086E+01
4896.46387  0.12101E+01
4896.47314  0.12145E+01
4896.48291  0.12107E+01
4896.49219  0.12111E+01
4896.50146  0.12152E+01
4896.51123  0.12121E+01
4896.52051  0.12099E+01
4896.53027  0.12127E+01
4896.53955  0.12118E+01
4896.54883  0.12097E+01
4896.55859  0.12108E+01
4896.56787  0.12105E+01
4896.57764  0.12101E+01
4896.58691  0.12113E+01
4896.59619  0.12100E+01
4896.60596  0.12098E+01
4896.61523  0.12130E+01
4896.62500  0.12119E+01
4896.63428  0.12088E+01
4896.64404  0.12114E+01
4896.65332  0.12128E+01
4896.66260  0.12105E+01
4896.67236  0.12119E+01
4896.68164  0.12131E+01
4896.69141  0.12105E+01
4896.70068  0.12119E+01
4896.70996  0.12134E+01
4896.71973  0.12094E+01
4896.72900  0.12091E+01
4896.73877  0.12100E+01
4896.74805  0.12045E+01
4896.75732  0.12054E+01
4896.76709  0.12116E+01
4896.77637  0.12067E+01
4896.78613  0.12042E+01
4896.79541  0.12116E+01
4896.80469  0.12065E+01
4896.81445  0.12024E+01
4896.82373  0.12172E+01
4896.83350  0.12132E+01
4896.84277  0.11956E+01
4896.85254  0.12133E+01
4896.86182  0.12177E+01
4896.87109  0.11791E+01
4896.88086 -0.10000E+01
4896.89014 -0.10000E+01
4896.89990 -0.10000E+01
4896.90918 -0.10000E+01
4896.91846 -0.10000E+01
4896.92822 -0.10000E+01
4896.93750 -0.10000E+01
4896.94727  0.11965E+01
4896.95654  0.12120E+01
4896.96582  0.12285E+01
4896.97559  0.12055E+01
4896.98486  0.12091E+01
4896.99463  0.12211E+01
4897.00391  0.12073E+01
4897.01318  0.12055E+01
4897.02295  0.12149E+01
4897.03223  0.12057E+01
4897.04199  0.12002E+01
4897.05127  0.12074E+01
4897.06104  0.12027E+01
4897.07031  0.11969E+01
4897.07959  0.12002E+01
4897.08936  0.11934E+01
4897.09863  0.11860E+01
4897.10840  0.11910E+01
4897.11768  0.11874E+01
4897.12695  0.11799E+01
4897.13672  0.11880E+01
4897.14600  0.11893E+01
4897.15576  0.11832E+01
4897.16504  0.11980E+01
4897.17432  0.12008E+01
4897.18408  0.11796E+01
4897.19336  0.11891E+01
4897.20312  0.11933E+01
4897.21240  0.12166E+01
4897.22168  0.12117E+01
4897.23145  0.12047E+01
4897.24072  0.12153E+01
4897.25049  0.12138E+01
4897.25977  0.12066E+01
4897.26953  0.12126E+01
4897.27881  0.12148E+01
4897.28809  0.12088E+01
4897.29785  0.12111E+01
4897.30713  0.12154E+01
4897.31689  0.12118E+01
4897.32617  0.12107E+01
4897.33545  0.12134E+01
4897.34521  0.12115E+01
4897.35449  0.12098E+01
4897.36426  0.12118E+01
4897.37354  0.12114E+01
4897.38281  0.12100E+01
4897.39258  0.12115E+01
4897.40186  0.12114E+01
4897.41162  0.12091E+01
4897.42090  0.12087E+01
4897.43018  0.12093E+01
4897.43994  0.12084E+01
4897.44922  0.12079E+01
4897.45898  0.12087E+01
4897.46826  0.12095E+01
4897.47803  0.12099E+01
4897.48730  0.12095E+01
4897.49658  0.12087E+01
4897.50635  0.12090E+01
4897.51562  0.12099E+01
4897.52539  0.12096E+01
4897.53467  0.12082E+01
4897.54395  0.12080E+01
4897.55371  0.12095E+01
4897.56299  0.12112E+01
4897.57275  0.12113E+01
4897.58203  0.12103E+01
4897.59131  0.12099E+01
4897.60107  0.12107E+01
4897.61035  0.12121E+01
4897.62012  0.12132E+01
4897.62939  0.12132E+01
4897.63867  0.12122E+01
4897.64844  0.12115E+01
4897.65771  0.12110E+01
4897.66748  0.12102E+01
4897.67676  0.12106E+01
4897.68652  0.12122E+01
4897.69580  0.12122E+01
4897.70508  0.12114E+01
4897.71484  0.12128E+01
4897.72412  0.12135E+01
4897.73389  0.12108E+01
4897.74316  0.12097E+01
4897.75244  0.12118E+01
4897.76221  0.12119E+01
4897.77148  0.12106E+01
4897.78125  0.12112E+01
4897.79053  0.12113E+01
4897.79980  0.12114E+01
4897.80957  0.12144E+01
4897.81885  0.12152E+01
4897.82861  0.12120E+01
4897.83789  0.12116E+01
4897.84717  0.12119E+01
4897.85693  0.12100E+01
4897.86621  0.12124E+01
4897.87598  0.12152E+01
4897.88525  0.12102E+01
4897.89502  0.12086E+01
4897.90430  0.12140E+01
4897.91357  0.12118E+01
4897.92334  0.12084E+01
4897.93262  0.12149E+01
4897.94238  0.12135E+01
4897.95166  0.12061E+01
4897.96094  0.12153E+01
4897.97070  0.12158E+01
4897.97998  0.11964E+01
4897.98975  0.12021E+01
4897.99902  0.12016E+01
4898.00830  0.12233E+01
4898.01807  0.12189E+01
4898.02734  0.12086E+01
4898.03711  0.12192E+01
4898.04639  0.12186E+01
4898.05566  0.12080E+01
4898.06543  0.12136E+01
4898.07471  0.12179E+01
4898.08447  0.12112E+01
4898.09375  0.12142E+01
4898.10352  0.12184E+01
4898.11279  0.12111E+01
4898.12207  0.12126E+01
4898.13184  0.12193E+01
4898.14111  0.12113E+01
4898.15088  0.12087E+01
4898.16016  0.12182E+01
4898.16943  0.12131E+01
4898.17920  0.12090E+01
4898.18848  0.12216E+01
4898.19824  0.12150E+01
4898.20752  0.12034E+01
4898.21680  0.12245E+01
4898.22656  0.12203E+01
4898.23584  0.11852E+01
4898.24561 -0.10000E+01
4898.25488 -0.10000E+01
4898.26416 -0.10000E+01
4898.27393 -0.10000E+01
4898.28320 -0.10000E+01
4898.29297 -0.10000E+01
4898.30225 -0.10000E+01
4898.31201  0.11933E+01
4898.32129  0.12196E+01
4898.33057  0.12320E+01
4898.34033  0.12085E+01
4898.34961  0.12137E+01
4898.35938  0.12238E+01
4898.36865  0.12120E+01
4898.37793  0.12126E+01
4898.38770  0.12210E+01
4898.39697  0.12142E+01
4898.40674  0.12116E+01
4898.41602  0.12177E+01
4898.42529  0.12144E+01
4898.43506  0.12122E+01
4898.44434  0.12170E+01
4898.45410  0.12140E+01
4898.46338  0.12098E+01
4898.47266  0.12141E+01
4898.48242  0.12139E+01
4898.49170  0.12084E+01
4898.50146  0.12106E+01
4898.51074  0.12142E+01
4898.52051  0.12110E+01
4898.52979  0.12097E+01
4898.53906  0.12126E+01
4898.54883  0.12124E+01
4898.55811  0.12115E+01
4898.56787  0.12135E+01
4898.57715  0.12138E+01
4898.58643  0.12119E+01
4898.59619  0.12129E+01
4898.60547  0.12146E+01
4898.61523  0.12138E+01
4898.62451  0.12137E+01
4898.63379  0.12141E+01
4898.64355  0.12120E+01
4898.65283  0.12125E+01
4898.66260  0.12160E+01
4898.67188  0.12138E+01
4898.68115  0.12106E+01
4898.69092  0.12143E+01
4898.70020  0.12140E+01
4898.70996  0.12088E+01
4898.71924  0.12137E+01
4898.72900  0.12176E+01
4898.73828  0.12091E+01
4898.74756  0.12114E+01
4898.75732  0.12190E+01
4898.76660  0.12037E+01
4898.77637  0.12042E+01
4898.78564  0.12034E+01
4898.79492  0.12146E+01
4898.80469  0.12205E+01
4898.81396  0.12108E+01
4898.82373  0.12144E+01
4898.83301  0.12170E+01
4898.84229  0.12107E+01
4898.85205  0.12123E+01
4898.86133  0.12147E+01
4898.87109  0.12087E+01
4898.88037  0.12079E+01
4898.88965  0.12125E+01
4898.89941  0.12106E+01
4898.90869  0.12090E+01
4898.91846  0.12121E+01
4898.92773  0.12109E+01
4898.93750  0.12091E+01
4898.94678  0.12124E+01
4898.95605  0.12123E+01
4898.96582  0.12079E+01
4898.97510  0.12078E+01
4898.98486  0.12095E+01
4898.99414  0.12076E+01
4899.00342  0.12067E+01
4899.01318  0.12088E+01
4899.02246  0.12099E+01
4899.03223  0.12097E+01
4899.04150  0.12094E+01
4899.05078  0.12086E+01
4899.06055  0.12081E+01
4899.06982  0.12067E+01
4899.07959  0.12030E+01
4899.08887  0.11995E+01
4899.09814  0.11986E+01
4899.10791  0.11969E+01
4899.11719  0.11922E+01
4899.12695  0.11867E+01
4899.13623  0.11807E+01
4899.14600  0.11722E+01
4899.15527  0.11624E+01
4899.16455  0.11546E+01
4899.17432  0.11498E+01
4899.18359  0.11487E+01
4899.19336  0.11542E+01
4899.20264  0.11651E+01
4899.21191  0.11761E+01
4899.22168  0.11847E+01
4899.23096  0.11921E+01
4899.24072  0.11980E+01
4899.25000  0.12021E+01
4899.25928  0.12049E+01
4899.26904  0.12063E+01
4899.27832  0.12076E+01
4899.28809  0.12092E+01
4899.29736  0.12093E+01
4899.30664  0.12091E+01
4899.31641  0.12110E+01
4899.32568  0.12119E+01
4899.33545  0.12110E+01
4899.34473  0.12108E+01
4899.35449  0.12103E+01
4899.36377  0.12094E+01
4899.37305  0.12111E+01
4899.38281  0.12115E+01
4899.39209  0.12088E+01
4899.40186  0.12099E+01
4899.41113  0.12119E+01
4899.42041  0.12073E+01
4899.43018  0.12047E+01
4899.43945  0.12068E+01
4899.44922  0.12036E+01
4899.45850  0.11997E+01
4899.46777  0.12020E+01
4899.47754  0.12005E+01
4899.48682  0.11982E+01
4899.49658  0.12050E+01
4899.50586  0.12063E+01
4899.51514  0.12013E+01
4899.52490  0.12091E+01
4899.53418  0.12140E+01
4899.54395  0.11998E+01
4899.55322  0.11992E+01
4899.56299 -0.10000E+01
4899.57227 -0.10000E+01
4899.58154 -0.10000E+01
4899.59131 -0.10000E+01
4899.60059 -0.10000E+01
4899.61035 -0.10000E+01
4899.61963 -0.10000E+01
4899.62891 -0.10000E+01
4899.63867 -0.10000E+01
4899.64795  0.11851E+01
4899.65771  0.12076E+01
4899.66699  0.12224E+01
4899.67627  0.12026E+01
4899.68604  0.12057E+01
4899.69531  0.12158E+01
4899.70508  0.12059E+01
4899.71436  0.12055E+01
4899.72363  0.12147E+01
4899.73340  0.12101E+01
4899.74268  0.12068E+01
4899.75244  0.12135E+01
4899.76172  0.12125E+01
4899.77148  0.12087E+01
4899.78076  0.12122E+01
4899.79004  0.12115E+01
4899.79980  0.12067E+01
4899.80908  0.12079E+01
4899.81885  0.12091E+01
4899.82812  0.12060E+01
4899.83740  0.12052E+01
4899.84717  0.12055E+01
4899.85645  0.12037E+01
4899.86621  0.12026E+01
4899.87549  0.12008E+01
4899.88477  0.11971E+01
4899.89453  0.11956E+01
4899.90381  0.11952E+01
4899.91357  0.11921E+01
4899.92285  0.11882E+01
4899.93213  0.11865E+01
4899.94189  0.11866E+01
4899.95117  0.11883E+01
4899.96094  0.11891E+01
4899.97021  0.11886E+01
4899.97998  0.11903E+01
4899.98926  0.11930E+01
4899.99854  0.11930E+01
4900.00830  0.11938E+01
4900.01758  0.11985E+01
4900.02734  0.12014E+01
4900.03662  0.12001E+01
4900.04590  0.12002E+01
4900.05566  0.12046E+01
4900.06494  0.12088E+01
4900.07471  0.12096E+01
4900.08398  0.12089E+01
4900.09326  0.12090E+01
4900.10303  0.12096E+01
4900.11230  0.12099E+01
4900.12207  0.12104E+01
4900.13135  0.12105E+01
4900.14062  0.12099E+01
4900.15039  0.12110E+01
4900.15967  0.12128E+01
4900.16943  0.12116E+01
4900.17871  0.12104E+01
4900.18848  0.12131E+01
4900.19775  0.12142E+01
4900.20703  0.12122E+01
4900.21680  0.12130E+01
4900.22607  0.12137E+01
4900.23584  0.12104E+01
4900.24512  0.12106E+01
4900.25439  0.12135E+01
4900.26416  0.12113E+01
4900.27344  0.12115E+01
4900.28320  0.12169E+01
4900.29248  0.12143E+01
4900.30176  0.12100E+01
4900.31152  0.12159E+01
4900.32080  0.12124E+01
4900.33057  0.12025E+01
4900.33984  0.12075E+01
4900.34912  0.12076E+01
4900.35889  0.12183E+01
4900.36816  0.12153E+01
4900.37793  0.12106E+01
4900.38721  0.12144E+01
4900.39697  0.12142E+01
4900.40625  0.12124E+01
4900.41553  0.12147E+01
4900.42529  0.12132E+01
4900.43457  0.12094E+01
4900.44434  0.12115E+01
4900.45361  0.12147E+01
4900.46289  0.12142E+01
4900.47266  0.12140E+01
4900.48193  0.12133E+01
4900.49170  0.12110E+01
4900.50098  0.12121E+01
4900.51025  0.12147E+01
4900.52002  0.12127E+01
4900.52930  0.12110E+01
4900.53906  0.12134E+01
4900.54834  0.12141E+01
4900.55762  0.12117E+01
4900.56738  0.12122E+01
4900.57666  0.12150E+01
4900.58643  0.12156E+01
4900.59570  0.12147E+01
4900.60547  0.12141E+01
4900.61475  0.12148E+01
4900.62402  0.12164E+01
4900.63379  0.12177E+01
4900.64307  0.12183E+01
4900.65283  0.12175E+01
4900.66211  0.12154E+01
4900.67139  0.12170E+01
4900.68115  0.12213E+01
4900.69043  0.12196E+01
4900.70020  0.12160E+01
4900.70947  0.12189E+01
4900.71875  0.12182E+01
4900.72852  0.12131E+01
4900.73779  0.12187E+01
4900.74756  0.12245E+01
4900.75684  0.12173E+01
4900.76611  0.12161E+01
4900.77588  0.12226E+01
4900.78516  0.12172E+01
4900.79492  0.12140E+01
4900.80420  0.12226E+01
4900.81396  0.12172E+01
4900.82324  0.12098E+01
4900.83252  0.12220E+01
4900.84229  0.12181E+01
4900.85156  0.12024E+01
4900.86133  0.12228E+01
4900.87061  0.12262E+01
4900.87988  0.11830E+01
4900.88965 -0.10000E+01
4900.89893 -0.10000E+01
4900.90869 -0.10000E+01
4900.91797 -0.10000E+01
4900.92725 -0.10000E+01
4900.93701 -0.10000E+01
4900.94629 -0.10000E+01
4900.95605  0.11939E+01
4900.96533  0.12146E+01
4900.97461  0.12330E+01
4900.98438  0.12089E+01
4900.99365  0.12132E+01
4901.00342  0.12260E+01
4901.01270  0.12122E+01
4901.02246  0.12113E+01
4901.03174  0.12220E+01
4901.04102  0.12150E+01
4901.05078  0.12127E+01
4901.06006  0.12195E+01
4901.06982  0.12141E+01
4901.07910  0.12127E+01
4901.08838  0.12188E+01
4901.09814  0.12113E+01
4901.10742  0.12072E+01
4901.11719  0.12086E+01
4901.12646  0.12181E+01
4901.13574  0.12150E+01
4901.14551  0.12121E+01
4901.15479  0.12186E+01
4901.16455  0.12186E+01
4901.17383  0.12150E+01
4901.18311  0.12173E+01
4901.19287  0.12186E+01
4901.20215  0.12169E+01
4901.21191  0.12173E+01
4901.22119  0.12176E+01
4901.23096  0.12169E+01
4901.24023  0.12190E+01
4901.24951  0.12215E+01
4901.25928  0.12211E+01
4901.26855  0.12206E+01
4901.27832  0.12223E+01
4901.28760  0.12246E+01
4901.29688  0.12244E+01
4901.30664  0.12201E+01
4901.31592  0.12158E+01
4901.32568  0.12137E+01
4901.33496  0.12139E+01
4901.34424  0.12186E+01
4901.35400  0.12215E+01
4901.36328  0.12187E+01
4901.37305  0.12178E+01
4901.38232  0.12209E+01
4901.39160  0.12212E+01
4901.40137  0.12179E+01
4901.41064  0.12164E+01
4901.42041  0.12171E+01
4901.42969  0.12169E+01
4901.43945  0.12159E+01
4901.44873  0.12156E+01
4901.45801  0.12159E+01
4901.46777  0.12159E+01
4901.47705  0.12161E+01
4901.48682  0.12159E+01
4901.49609  0.12143E+01
4901.50537  0.12134E+01
4901.51514  0.12147E+01
4901.52441  0.12154E+01
4901.53418  0.12139E+01
4901.54346  0.12132E+01
4901.55273  0.12146E+01
4901.56250  0.12152E+01
4901.57178  0.12135E+01
4901.58154  0.12116E+01
4901.59082  0.12107E+01
4901.60010  0.12107E+01
4901.60986  0.12109E+01
4901.61914  0.12100E+01
4901.62891  0.12089E+01
4901.63818  0.12093E+01
4901.64795  0.12104E+01
4901.65723  0.12105E+01
4901.66650  0.12100E+01
4901.67627  0.12096E+01
4901.68555  0.12096E+01
4901.69531  0.12100E+01
4901.70459  0.12116E+01
4901.71387  0.12144E+01
4901.72363  0.12162E+01
4901.73291  0.12162E+01
4901.74268  0.12178E+01
4901.75195  0.12199E+01
4901.76123  0.12178E+01
4901.77100  0.12141E+01
4901.78027  0.12092E+01
4901.79004  0.12036E+01
4901.79932  0.12063E+01
4901.80859  0.12143E+01
4901.81836  0.12173E+01
4901.82764  0.12162E+01
4901.83740  0.12204E+01
4901.84668  0.12252E+01
4901.85645  0.12159E+01
4901.86572  0.12094E+01
4901.87500  0.12143E+01
4901.88477  0.12194E+01
4901.89404  0.12232E+01
4901.90381  0.12190E+01
4901.91309  0.12178E+01
4901.92236  0.12189E+01
4901.93213  0.12169E+01
4901.94141  0.12152E+01
4901.95117  0.12161E+01
4901.96045  0.12172E+01
4901.96973  0.12149E+01
4901.97949  0.12116E+01
4901.98877  0.12140E+01
4901.99854  0.12177E+01
4902.00781  0.12142E+01
