           1.0600  1.0000
           0.17    0.00  
 4172.000 -1.0000  0.6020
 4172.020 -1.0000  0.5216
 4172.040 -1.0000  0.4380
 4172.060 -1.0000  0.4781
 4172.080 -1.0000  0.4905
 4172.100 -1.0000  0.4929
 4172.120 -1.0000  0.3979
 4172.140 -1.0000  0.4753
 4172.160 -1.0000  0.4514
 4172.180 -1.0000  0.4026
 4172.200 -1.0000  0.3058
 4172.220 -1.0000  0.1107
 4172.240 -1.0000  0.1053
 4172.260 -1.0000  0.1005
 4172.280 -1.0000  0.0977
 4172.300 -1.0000  0.0973
 4172.320 -1.0000  0.0985
 4172.340 -1.0000  0.0998
 4172.360 -1.0000  0.0994
 4172.380 -1.0000  0.0975
 4172.400 -1.0000  0.0969
 4172.420 -1.0000  0.1073
 4172.440 -1.0000  0.1093
 4172.460 -1.0000  0.2288
 4172.480 -1.0000  0.3549
 4172.500 -1.0000  0.4521
 4172.520 -1.0000  0.5463
 4172.540 -1.0000  0.6151
 4172.560 -1.0000  0.6700
 4172.580  1.0585  0.6993
 4172.600  1.0530  0.7208
 4172.620  1.0454  0.7346
 4172.640  1.0427  0.7545
 4172.660  1.0463  0.7761
 4172.680  1.0530  0.8064
 4172.700  1.0572  0.8275
 4172.720  1.0561  0.8365
 4172.740  1.0514  0.8264
 4172.760  1.0456  0.7996
 4172.780  1.0400  0.7634
 4172.800  1.0377  0.7337
 4172.820  1.0398  0.7173
 4172.840  1.0436  0.7359
 4172.860  1.0462  0.7740
 4172.880  1.0486  0.8158
 4172.900  1.0514  0.8501
 4172.920  1.0525  0.8663
 4172.940  1.0499  0.8613
 4172.960  1.0454  0.8404
 4172.980  1.0423  0.8153
 4173.000  1.0417  0.7989
 4173.020  1.0420  0.7997
 4173.040  1.0432  0.8187
 4173.060  1.0462  0.8494
 4173.080  1.0499  0.8807
 4173.100  1.0531  0.9019
 4173.120  1.0561  0.9064
 4173.140  1.0596  0.8947
 4173.160  1.0624  0.8731
 4173.180  1.0626  0.8508
 4173.200  1.0599  0.8363
 4173.220  1.0551  0.8342
 4173.240  1.0494  0.8445
 4173.260  1.0447  0.8632
 4173.280  1.0428  0.8844
 4173.300  1.0444  0.9030
 4173.320  1.0481  0.9158
 4173.340  1.0507  0.9224
 4173.360  1.0485  0.9242
 4173.380  1.0387  0.9237
 4173.400  1.0215  0.9230
 4173.420  0.9999  0.9237
 4173.440  0.9789  0.9262
 4173.460  0.9640  0.9298
 4173.480  0.9601  0.9332
 4173.500  0.9684  0.9350
 4173.520  0.9856  0.9345
 4173.540  1.0056  0.9314
 4173.560  1.0228  0.9270
 4173.580  1.0332  0.9230
 4173.600  1.0352  0.9215
 4173.620  1.0313  0.9234
 4173.640  1.0276  0.9283
 4173.660  1.0295  0.9340
 4173.680  1.0384  0.9378
 4173.700  1.0516  0.9375
 4173.720  1.0644  0.9330
 4173.740  1.0698  0.9262
 4173.760  1.0616  0.9204
 4173.780  1.0379  0.9186
 4173.800  1.0033  0.9208
 4173.820  0.9665  0.9239
 4173.840  0.9362  0.9225
 4173.860  0.9190  0.9111
 4173.880  0.9180  0.8876
 4173.900  0.9322  0.8554
 4173.920  0.9556  0.8231
 4173.940  0.9798  0.8015
 4173.960  0.9979  0.7993
 4173.980  1.0077  0.8191
 4174.000  1.0112  0.8555
 4174.020  1.0123  0.8973
 4174.040  1.0153  0.9315
 4174.060  1.0225  0.9489
 4174.080  1.0325  0.9482
 4174.100  1.0405  0.9356
 4174.120  1.0419  0.9215
 4174.140  1.0353  0.9153
 4174.160  1.0225  0.9204
 4174.180  1.0075  0.9324
 4174.200  0.9959  0.9420
 4174.220  0.9934  0.9399
 4174.240  1.0025  0.9227
 4174.260  1.0207  0.8947
 4174.280  1.0422  0.8669
 4174.300  1.0609  0.8512
 4174.320  1.0721  0.8541
 4174.340  1.0732  0.8723
 4174.360  1.0653  0.8935
 4174.380  1.0541  0.9013
 4174.400  1.0453  0.8832
 4174.420  1.0400  0.8374
 4174.440  1.0355  0.7747
 4174.460  1.0303  0.7151
 4174.480  1.0227  0.6793
 4174.500  1.0103  0.6807
 4174.520  0.9940  0.7193
 4174.540  0.9803  0.7820
 4174.560  0.9750  0.8488
 4174.580  0.9786  0.9007
 4174.600  0.9891  0.9275
 4174.620  1.0054  0.9306
 4174.640  1.0257  0.9207
 4174.660  1.0446  0.9112
 4174.680  1.0566  0.9115
 4174.700  1.0606  0.9230
 4174.720  1.0584  0.9398
 4174.740  1.0522  0.9529
 4174.760  1.0438  0.9557
 4174.780  1.0362  0.9478
 4174.800  1.0328  0.9350
 4174.820  1.0339  0.9254
 4174.840  1.0377  0.9247
 4174.860  1.0432  0.9331
 4174.880  1.0502  0.9446
 4174.900  1.0565  0.9514
 4174.920  1.0586  0.9481
 4174.940  1.0542  0.9353
 4174.960  1.0442  0.9199
 4174.980  1.0294  0.9112
 4175.000  1.0114  0.9156
 4175.020  0.9943  0.9319
 4175.040  0.9838  0.9507
 4175.060  0.9828  0.9587
 4175.080  0.9893  0.9445
 4175.100  1.0013  0.9050
 4175.120  1.0174  0.8483
 4175.140  1.0341  0.7906
 4175.160  1.0452  0.7504
 4175.180  1.0479  0.7405
 4175.200  1.0452  0.7630
 4175.220  1.0418  0.8088
 4175.240  1.0398  0.8620
 4175.260  1.0406  0.9069
 4175.280  1.0445  0.9339
 4175.300  1.0492  0.9423
 4175.320  1.0498  0.9386
 4175.340  1.0431  0.9321
 4175.360  1.0294  0.9291
 4175.380  1.0120  0.9310
 4175.400  0.9950  0.9344
 4175.420  0.9831  0.9349
 4175.440  0.9807  0.9305
 4175.460  0.9900  0.9234
 4175.480  1.0090  0.9186
 4175.500  1.0305  0.9206
 4175.520  1.0474  0.9288
 4175.540  1.0548  0.9367
 4175.560  1.0497  0.9340
 4175.580  1.0295  0.9113
 4175.600  0.9968  0.8658
 4175.620  0.9601  0.8046
 4175.640  0.9294  0.7430
 4175.660  0.9128  0.6995
 4175.680  0.9174  0.6881
 4175.700  0.9447  0.7127
 4175.720  0.9843  0.7655
 4175.740  1.0206  0.8298
 4175.760  1.0449  0.8868
 4175.780  1.0580  0.9233
 4175.800  1.0620  0.9354
 4175.820  1.0583  0.9291
 4175.840  1.0520  0.9159
 4175.860  1.0496  0.9067
 4175.880  1.0526  0.9072
 4175.900  1.0574  0.9161
 4175.920  1.0602  0.9271
 4175.940  1.0591  0.9332
 4175.960  1.0517  0.9306
 4175.980  1.0371  0.9203
 4176.000  1.0194  0.9073
 4176.020  1.0068  0.8969
 4176.040  1.0050  0.8916
 4176.060  1.0140  0.8897
 4176.080  1.0312  0.8863
 4176.100  1.0529  0.8764
 4176.120  1.0726  0.8581
 4176.140  1.0833  0.8344
 4176.160  1.0824  0.8115
 4176.180  1.0739  0.7961
 4176.200  1.0646  0.7909
 4176.220  1.0590  0.7928
 4176.240  1.0611  0.7928
 4176.260  1.0720  0.7796
 4176.280  1.0854  0.7444
 4176.300 -1.0000  0.6849
 4176.320 -1.0000  0.6075
 4176.340 -1.0000  0.5260
 4176.360 -1.0000  0.4580
 4176.380 -1.0000  0.4196
 4176.400 -1.0000  0.4211
 4176.420 -1.0000  0.4638
 4176.440 -1.0000  0.5398
 4176.460 -1.0000  0.6338
 4176.480 -1.0000  0.7265
 4176.500  1.0933  0.7987
 4176.520  1.0835  0.8354
 4176.540  1.0718  0.8297
 4176.560  1.0635  0.7843
 4176.580 -1.0000  0.7122
 4176.600 -1.0000  0.6334
 4176.620 -1.0000  0.5704
 4176.640 -1.0000  0.5420
 4176.660 -1.0000  0.5580
 4176.680 -1.0000  0.6158
 4176.700 -1.0000  0.7013
 4176.720  1.0660  0.7934
 4176.740  1.0659  0.8709
 4176.760  1.0653  0.9193
 4176.780  1.0649  0.9350
 4176.800  1.0638  0.9253
 4176.820  1.0603  0.9044
 4176.840  1.0561  0.8871
 4176.860  1.0544  0.8829
 4176.880  1.0556  0.8933
 4176.900  1.0580  0.9124
 4176.920  1.0612  0.9309
 4176.940  1.0649  0.9411
 4176.960  1.0671  0.9405
 4176.980  1.0659  0.9323
 4177.000  1.0630  0.9231
 4177.020  1.0617  0.9194
 4177.040  1.0632  0.9239
 4177.060  1.0667  0.9345
 4177.080  1.0715  0.9459
 4177.100  1.0771  0.9521
 4177.120  1.0810  0.9504
 4177.140  1.0811  0.9421
 4177.160  1.0785  0.9322
 4177.180  1.0769  0.9263
 4177.200  1.0782  0.9276
 4177.220  1.0808  0.9356
 4177.240  1.0820  0.9460
 4177.260  1.0790  0.9534
 4177.280  1.0671  0.9540
 4177.300  1.0423  0.9476
 4177.320  1.0065  0.9378
 4177.340  0.9677  0.9296
 4177.360  0.9359  0.9271
 4177.380  0.9187  0.9313
 4177.400  0.9213  0.9394
 4177.420  0.9441  0.9466
 4177.440  0.9799  0.9488
 4177.460  1.0175  0.9444
 4177.480  1.0476  0.9355
 4177.500  1.0649  0.9268
 4177.520  1.0681  0.9228
 4177.540  1.0600  0.9256
 4177.560  1.0475  0.9338
 4177.580  1.0382  0.9429
 4177.600  1.0359  0.9477
 4177.620  1.0396  0.9448
 4177.640  1.0460  0.9339
 4177.660  1.0513  0.9183
 4177.680  1.0518  0.9031
 4177.700  1.0450  0.8924
 4177.720  1.0317  0.8882
 4177.740  1.0156  0.8896
 4177.760  1.0010  0.8935
 4177.780  0.9910  0.8971
 4177.800  0.9873  0.8990
 4177.820  0.9904  0.9003
 4177.840  0.9999  0.9031
 4177.860  1.0141  0.9093
 4177.880  1.0297  0.9190
 4177.900  1.0442  0.9300
 4177.920  1.0559  0.9387
 4177.940  1.0638  0.9416
 4177.960  1.0666  0.9377
 4177.980  1.0652  0.9288
 4178.000  1.0618  0.9193
 4178.020  1.0587  0.9141
 4178.040  1.0565  0.9165
 4178.060  1.0555  0.9260
 4178.080  1.0558  0.9385
 4178.100  1.0559  0.9470
 4178.120  1.0532  0.9442
 4178.140  1.0469  0.9251
 4178.160  1.0386  0.8890
 4178.180  1.0298  0.8400
 4178.200  1.0224  0.7861
 4178.220  1.0189  0.7379
 4178.240  1.0210  0.7053
 4178.260  1.0277  0.6958
 4178.280  1.0365  0.7126
 4178.300  1.0448  0.7533
 4178.320  1.0510  0.8102
 4178.340  1.0545  0.8715
 4178.360  1.0560  0.9236
 4178.380  1.0549  0.9540
 4178.400  1.0493  0.9547
 4178.420  1.0380  0.9242
 4178.440  1.0201  0.8691
 4178.460  0.9953  0.8019
 4178.480  0.9665  0.7387
 4178.500  0.9429  0.6942
 4178.520  0.9337  0.6783
 4178.540  0.9401  0.6927
 4178.560  0.9571  0.7317
 4178.580  0.9780  0.7838
 4178.600  0.9953  0.8359
 4178.620  1.0027  0.8774
 4178.640  1.0000  0.9027
 4178.660  0.9934  0.9124
 4178.680  0.9893  0.9116
 4178.700  0.9909  0.9071
 4178.720  0.9994  0.9050
 4178.740  1.0133  0.9081
 4178.760  1.0267  0.9160
 4178.780  1.0316  0.9258
 4178.800  1.0245  0.9340
 4178.820  1.0098  0.9381
 4178.840  0.9950  0.9378
 4178.860  0.9865  0.9344
 4178.880  0.9888  0.9303
 4178.900  1.0032  0.9276
 4178.920  1.0236  0.9275
 4178.940  1.0380  0.9295
 4178.960  1.0364  0.9326
 4178.980  1.0172  0.9353
 4179.000  0.9854  0.9366
 4179.020  0.9502  0.9366
 4179.040  0.9245  0.9356
 4179.060  0.9205  0.9348
 4179.080  0.9418  0.9346
 4179.100  0.9809  0.9353
 4179.120  1.0250  0.9361
 4179.140  1.0626  0.9362
 4179.160  1.0848  0.9343
 4179.180  1.0882  0.9300
 4179.200  1.0773  0.9231
 4179.220  1.0630  0.9144
 4179.240  1.0545  0.9048
 4179.260  1.0552  0.8953
 4179.280  1.0633  0.8867
 4179.300  1.0746  0.8795
 4179.320  1.0825  0.8739
 4179.340  1.0809  0.8702
 4179.360  1.0691  0.8687
 4179.380  1.0520  0.8702
 4179.400  1.0360  0.8752
 4179.420  1.0248  0.8838
 4179.440  1.0199  0.8951
 4179.460  1.0210  0.9073
 4179.480  1.0256  0.9178
 4179.500  1.0305  0.9244
 4179.520  1.0341  0.9259
 4179.540  1.0382  0.9230
 4179.560  1.0449  0.9179
 4179.580  1.0538  0.9139
 4179.600  1.0630  0.9133
 4179.620  1.0701  0.9165
 4179.640  1.0731  0.9205
 4179.660  1.0706  0.9205
 4179.680  1.0635  0.9109
 4179.700  1.0566  0.8883
 4179.720  1.0548  0.8532
 4179.740  1.0604  0.8111
 4179.760  1.0722  0.7710
 4179.780  1.0856  0.7430
 4179.800  1.0941  0.7343
 4179.820  1.0917  0.7473
 4179.840  1.0781  0.7779
 4179.860  1.0593  0.8178
 4179.880  1.0434  0.8567
 4179.900  1.0363  0.8863
 4179.920  1.0399  0.9027
 4179.940  1.0522  0.9072
 4179.960  1.0676  0.9049
 4179.980  1.0788  0.9017
 4180.000  1.0796  0.9020
 4180.020  1.0688  0.9069
 4180.040  1.0499  0.9146
 4180.060  1.0292  0.9217
 4180.080  1.0126  0.9254
 4180.100  1.0040  0.9247
 4180.120  1.0043  0.9213
 4180.140  1.0107  0.9179
 4180.160  1.0188  0.9168
 4180.180  1.0255  0.9189
 4180.200  1.0301  0.9230
 4180.220  1.0340  0.9267
 4180.240  1.0390  0.9278
 4180.260  1.0463  0.9254
 4180.280  1.0557  0.9205
 4180.300  1.0650  0.9155
 4180.320  1.0709  0.9125
 4180.340  1.0712  0.9124
 4180.360  1.0670  0.9143
 4180.380  1.0613  0.9162
 4180.400  1.0576  0.9159
 4180.420  1.0583  0.9123
 4180.440  1.0639  0.9061
 4180.460  1.0715  0.8991
 4180.480  1.0754  0.8935
 4180.500  1.0698  0.8904
 4180.520  1.0527  0.8896
 4180.540  1.0259  0.8894
 4180.560  0.9943  0.8880
 4180.580  0.9652  0.8844
 4180.600  0.9467  0.8790
 4180.620  0.9440  0.8735
 4180.640  0.9566  0.8699
 4180.660  0.9800  0.8693
 4180.680  1.0082  0.8714
 4180.700  1.0339  0.8744
 4180.720  1.0508  0.8762
 4180.740  1.0567  0.8756
 4180.760  1.0539  0.8724
 4180.780  1.0464  0.8679
 4180.800  1.0385  0.8634
 4180.820  1.0348  0.8595
 4180.840  1.0384  0.8557
 4180.860  1.0489  0.8502
 4180.880  1.0627  0.8416
 4180.900  1.0755  0.8296
 4180.920  1.0833  0.8156
 4180.940  1.0829  0.8024
 4180.960  1.0734  0.7923
 4180.980  1.0576  0.7859
 4181.000  1.0411  0.7810
 4181.020  1.0294  0.7734
 4181.040  1.0256  0.7588
 4181.060  1.0309  0.7351
 4181.080  1.0428  0.7038
 4181.100  1.0545  0.6694
 4181.120 -1.0000  0.6375
 4181.140 -1.0000  0.6115
 4181.160 -1.0000  0.5906
 4181.180 -1.0000  0.5691
 4181.200 -1.0000  0.5386
 4181.220 -1.0000  0.4919
 4181.240 -1.0000  0.4263
 4181.260 -1.0000  0.3462
 4181.280 -1.0000  0.2618
 4181.300 -1.0000  0.1856
 4181.320 -1.0000  0.1283
 4181.340 -1.0000  0.0947
 4181.360 -1.0000  0.0830
 4181.380 -1.0000  0.0860
 4181.400 -1.0000  0.0949
 4181.420 -1.0000  0.1025
 4181.440 -1.0000  0.1058
 4181.460 -1.0000  0.1051
 4181.480 -1.0000  0.1029
 4181.500 -1.0000  0.1007
 4181.520 -1.0000  0.0987
 4181.540 -1.0000  0.0966
 4181.560 -1.0000  0.0952
 4181.580 -1.0000  0.0982
 4181.600 -1.0000  0.1122
 4181.620 -1.0000  0.1440
 4181.640 -1.0000  0.1971
 4181.660 -1.0000  0.2680
 4181.680 -1.0000  0.3458
 4181.700 -1.0000  0.4148
 4181.720 -1.0000  0.4606
 4181.740 -1.0000  0.4760
 4181.760 -1.0000  0.4651
 4181.780 -1.0000  0.4424
 4181.800 -1.0000  0.4276
 4181.820 -1.0000  0.4377
 4181.840 -1.0000  0.4798
 4181.860 -1.0000  0.5486
 4181.880 -1.0000  0.6286
 4181.900 -1.0000  0.7007
 4181.920  0.9790  0.7505
 4181.940  0.9956  0.7737
 4181.960  1.0215  0.7765
 4181.980  1.0492  0.7719
 4182.000  1.0679  0.7725
 4182.020  1.0677  0.7846
 4182.040  1.0450  0.8060
 4182.060  1.0067  0.8282
 4182.080  0.9664  0.8421
 4182.100  0.9366  0.8437
 4182.120  0.9249  0.8359
 4182.140  0.9349  0.8273
 4182.160  0.9645  0.8266
 4182.180  1.0033  0.8364
 4182.200  1.0369  0.8510
 4182.220  1.0575  0.8575
 4182.240  1.0654  0.8424
 4182.260  1.0638  0.7989
 4182.280  1.0575  0.7322
 4182.300 -1.0000  0.6592
 4182.320 -1.0000  0.6031
 4182.340 -1.0000  0.5837
 4182.360 -1.0000  0.6090
 4182.380 -1.0000  0.6713
 4182.400  1.0570  0.7495
 4182.420  1.0578  0.8174
 4182.440  1.0576  0.8535
 4182.460  1.0595  0.8491
 4182.480  1.0662  0.8107
 4182.500  1.0750  0.7563
 4182.520  1.0797  0.7075
 4182.540  1.0767  0.6812
 4182.560  1.0658  0.6839
 4182.580  1.0488  0.7111
 4182.600  1.0303  0.7516
 4182.620  1.0174  0.7928
 4182.640  1.0154  0.8261
 4182.660  1.0239  0.8491
 4182.680  1.0390  0.8643
 4182.700  1.0550  0.8760
 4182.720  1.0676  0.8873
 4182.740  1.0736  0.8984
 4182.760  1.0722  0.9072
 4182.780  1.0659  0.9115
 4182.800  1.0602  0.9110
 4182.820  1.0592  0.9076
 4182.840  1.0636  0.9048
 4182.860  1.0704  0.9056
 4182.880  1.0762  0.9106
 4182.900  1.0778  0.9179
 4182.920  1.0725  0.9242
 4182.940  1.0602  0.9266
 4182.960  1.0448  0.9246
 4182.980  1.0322  0.9199
 4183.000  1.0252  0.9158
 4183.020  1.0237  0.9151
 4183.040  1.0258  0.9184
 4183.060  1.0294  0.9240
 4183.080  1.0310  0.9289
 4183.100  1.0285  0.9307
 4183.120  1.0239  0.9288
 4183.140  1.0219  0.9248
 4183.160  1.0262  0.9218
 4183.180  1.0366  0.9218
 4183.200  1.0506  0.9253
 4183.220  1.0650  0.9305
 4183.240  1.0749  0.9344
 4183.260  1.0756  0.9351
 4183.280  1.0669  0.9324
 4183.300  1.0543  0.9286
 4183.320  1.0448  0.9264
 4183.340  1.0424  0.9276
 4183.360  1.0482  0.9316
 4183.380  1.0607  0.9355
 4183.400  1.0739  0.9362
 4183.420  1.0780  0.9318
 4183.440  1.0661  0.9237
 4183.460  1.0387  0.9156
 4183.480  1.0022  0.9119
 4183.500  0.9650  0.9145
 4183.520  0.9365  0.9217
 4183.540  0.9249  0.9286
 4183.560  0.9330  0.9300
 4183.580  0.9565  0.9235
 4183.600  0.9869  0.9120
 4183.620  1.0164  0.9026
 4183.640  1.0399  0.9024
 4183.660  1.0540  0.9137
 4183.680  1.0579  0.9301
 4183.700  1.0548  0.9371
 4183.720  1.0509  0.9176
 4183.740  1.0497  0.8597
 4183.760 -1.0000  0.7648
 4183.780 -1.0000  0.6505
 4183.800 -1.0000  0.5461
 4183.820 -1.0000  0.4832
 4183.840 -1.0000  0.4833
 4183.860 -1.0000  0.5484
 4183.880 -1.0000  0.6596
 4183.900 -1.0000  0.7839
 4183.920  1.0704  0.8862
 4183.940  1.0629  0.9433
 4183.960  1.0528  0.9511
 4183.980  1.0391  0.9250
 4184.000  1.0197  0.8908
 4184.020  0.9993  0.8722
 4184.040  0.9872  0.8804
 4184.060  0.9871  0.9105
 4184.080  0.9946  0.9453
 4184.100  1.0065  0.9657
 4184.120  1.0221  0.9610
 4184.140  1.0380  0.9345
 4184.160  1.0476  0.9016
 4184.180  1.0494  0.8815
 4184.200  1.0474  0.8861
 4184.220  1.0447  0.9132
 4184.240  1.0408  0.9460
 4184.260  1.0367  0.9608
 4184.280  1.0365  0.9388
 4184.300  1.0409  0.8755
 4184.320  1.0452  0.7847
 4184.340  1.0471  0.6935
 4184.360  1.0497  0.6308
 4184.380  1.0531  0.6154
 4184.400  1.0515  0.6475
 4184.420  1.0436  0.7093
 4184.440  1.0357  0.7725
 4184.460  1.0307  0.8112
 4184.480  1.0262  0.8123
 4184.500  1.0222  0.7806
 4184.520  1.0236  0.7353
 4184.540  1.0311  0.7013
 4184.560  1.0391  0.6973
 4184.580  1.0434  0.7293
 4184.600  1.0452  0.7880
 4184.620  1.0452  0.8548
 4184.640  1.0418  0.9101
 4184.660  1.0369  0.9414
 4184.680  1.0356  0.9474
 4184.700  1.0402  0.9363
 4184.720  1.0479  0.9213
 4184.740  1.0545  0.9130
 4184.760  1.0568  0.9159
 4184.780  1.0513  0.9271
 4184.800  1.0347  0.9397
 4184.820  1.0076  0.9468
 4184.840  0.9771  0.9452
 4184.860  0.9520  0.9368
 4184.880  0.9381  0.9268
 4184.900  0.9382  0.9205
 4184.920  0.9528  0.9206
 4184.940  0.9766  0.9263
 4184.960  0.9993  0.9340
 4184.980  1.0114  0.9399
 4185.000  1.0093  0.9418
 4185.020  0.9946  0.9401
 4185.040  0.9714  0.9370
 4185.060  0.9473  0.9347
 4185.080  0.9320  0.9338
 4185.100  0.9316  0.9328
 4185.120  0.9461  0.9289
 4185.140  0.9712  0.9199
 4185.160  1.0012  0.9059
 4185.180  1.0295  0.8896
 4185.200  1.0500  0.8755
 4185.220  1.0589  0.8679
 4185.240  1.0575  0.8689
 4185.260  1.0495  0.8777
 4185.280  1.0385  0.8906
 4185.300  1.0271  0.9031
 4185.320  1.0175  0.9116
 4185.340  1.0109  0.9148
 4185.360  1.0072  0.9142
 4185.380  1.0063  0.9125
 4185.400  1.0088  0.9125
 4185.420  1.0156  0.9157
 4185.440  1.0261  0.9219
 4185.460  1.0383  0.9293
 4185.480  1.0495  0.9358
 4185.500  1.0577  0.9400
 4185.520  1.0605  0.9417
 4185.540  1.0573  0.9416
 4185.560  1.0502  0.9408
 4185.580  1.0427  0.9401
 4185.600  1.0382  0.9397
 4185.620  1.0387  0.9392
 4185.640  1.0447  0.9384
 4185.660  1.0546  0.9369
 4185.680  1.0645  0.9353
 4185.700  1.0711  0.9340
 4185.720  1.0729  0.9334
 4185.740  1.0709  0.9335
 4185.760  1.0672  0.9340
 4185.780  1.0649  0.9344
 4185.800  1.0666  0.9341
 4185.820  1.0725  0.9334
 4185.840  1.0798  0.9326
 4185.860  1.0847  0.9322
 4185.880  1.0845  0.9322
 4185.900  1.0783  0.9326
 4185.920  1.0673  0.9328
 4185.940  1.0556  0.9325
 4185.960  1.0487  0.9315
 4185.980  1.0496  0.9302
 4186.000  1.0574  0.9287
 4186.020  1.0680  0.9268
 4186.040  1.0764  0.9238
 4186.060  1.0766  0.9183
 4186.080  1.0644  0.9093
 4186.100  1.0402  0.8965
 4186.120  1.0096  0.8814
 4186.140  0.9801  0.8669
 4186.160  0.9585  0.8566
 4186.180  0.9504  0.8536
 4186.200  0.9577  0.8592
 4186.220  0.9762  0.8723
 4186.240  0.9982  0.8896
 4186.260  1.0180  0.9068
 4186.280  1.0328  0.9200
 4186.300  1.0414  0.9273
 4186.320  1.0447  0.9290
 4186.340  1.0454  0.9270
 4186.360  1.0465  0.9240
 4186.380  1.0489  0.9218
 4186.400  1.0523  0.9211
 4186.420  1.0562  0.9211
 4186.440  1.0606  0.9202
 4186.460  1.0648  0.9172
 4186.480  1.0685  0.9119
 4186.500  1.0714  0.9051
 4186.520  1.0734  0.8984
 4186.540  1.0733  0.8932
 4186.560  1.0694  0.8901
 4186.580  1.0608  0.8888
 4186.600  1.0487  0.8884
 4186.620  1.0352  0.8877
 4186.640  1.0232  0.8863
 4186.660  1.0154  0.8845
 4186.680  1.0140  0.8831
 4186.700  1.0194  0.8825
 4186.720  1.0292  0.8829
 4186.740  1.0398  0.8834
 4186.760  1.0484  0.8827
 4186.780  1.0534  0.8795
 4186.800  1.0541  0.8733
 4186.820  1.0514  0.8646
 4186.840  1.0480  0.8547
 4186.860  1.0463  0.8451
 4186.880  1.0475  0.8365
 4186.900  1.0522  0.8287
 4186.920  1.0604  0.8204
 4186.940  1.0710  0.8098
 4186.960  1.0820  0.7958
 4186.980  1.0911  0.7781
 4187.000  1.0962  0.7580
 4187.020  1.0960  0.7370
 4187.040  1.0905  0.7164
 4187.060  1.0837  0.6955
 4187.080 -1.0000  0.6714
 4187.100 -1.0000  0.6391
 4187.120 -1.0000  0.5935
 4187.140 -1.0000  0.5310
 4187.160 -1.0000  0.4520
 4187.180 -1.0000  0.3618
 4187.200 -1.0000  0.2699
 4187.220 -1.0000  0.1878
 4187.240 -1.0000  0.1257
 4187.260 -1.0000  0.0892
 4187.280 -1.0000  0.0774
 4187.300 -1.0000  0.0833
 4187.320 -1.0000  0.0964
 4187.340 -1.0000  0.1067
 4187.360 -1.0000  0.1086
 4187.380 -1.0000  0.1032
 4187.400 -1.0000  0.0980
 4187.420 -1.0000  0.1039
 4187.440 -1.0000  0.1308
 4187.460 -1.0000  0.1833
 4187.480 -1.0000  0.2590
 4187.500 -1.0000  0.3482
 4187.520 -1.0000  0.4382
 4187.540 -1.0000  0.5170
 4187.560 -1.0000  0.5780
 4187.580 -1.0000  0.6209
 4187.600 -1.0000  0.6510
 4187.620  1.0586  0.6761
 4187.640  1.0548  0.7024
 4187.660  1.0494  0.7320
 4187.680  1.0451  0.7624
 4187.700  1.0435  0.7886
 4187.720  1.0434  0.8065
 4187.740  1.0414  0.8148
 4187.760  1.0354  0.8166
 4187.780  1.0255  0.8173
 4187.800  1.0130  0.8226
 4187.820  1.0000  0.8347
 4187.840  0.9903  0.8518
 4187.860  0.9880  0.8689
 4187.880  0.9948  0.8804
 4187.900  1.0091  0.8833
 4187.920  1.0281  0.8789
 4187.940  1.0481  0.8722
 4187.960  1.0646  0.8695
 4187.980  1.0724  0.8748
 4188.000  1.0680  0.8877
 4188.020  1.0524  0.9030
 4188.040  1.0293  0.9135
 4188.060  1.0025  0.9139
 4188.080  0.9764  0.9034
 4188.100  0.9581  0.8874
 4188.120  0.9542  0.8746
 4188.140  0.9654  0.8731
 4188.160  0.9868  0.8858
 4188.180  1.0123  0.9076
 4188.200  1.0359  0.9269
 4188.220  1.0507  0.9296
 4188.240  1.0525  0.9051
 4188.260  1.0445  0.8517
 4188.280  1.0335  0.7777
 4188.300  1.0245  0.6998
 4188.320  1.0221  0.6375
 4188.340  1.0305  0.6065
 4188.360  1.0466  0.6135
 4188.380  1.0571  0.6551
 4188.400  1.0509  0.7196
 4188.420  1.0288  0.7912
 4188.440  0.9978  0.8555
 4188.460  0.9648  0.9028
 4188.480  0.9373  0.9287
 4188.500  0.9237  0.9334
 4188.520  0.9290  0.9193
 4188.540  0.9506  0.8897
 4188.560  0.9810  0.8482
 4188.580  1.0122  0.7996
 4188.600  1.0367  0.7509
 4188.620  1.0475  0.7112
 4188.640  1.0424  0.6900
 4188.660  1.0284  0.6941
 4188.680  1.0166  0.7246
 4188.700  1.0123  0.7757
 4188.720  1.0148  0.8356
 4188.740  1.0221  0.8903
 4188.760  1.0319  0.9278
 4188.780  1.0404  0.9428
 4188.800  1.0442  0.9376
 4188.820  1.0440  0.9211
 4188.840  1.0426  0.9044
 4188.860  1.0400  0.8968
 4188.880  1.0343  0.9017
 4188.900  1.0255  0.9163
 4188.920  1.0145  0.9334
 4188.940  1.0015  0.9454
 4188.960  0.9872  0.9476
 4188.980  0.9750  0.9402
 4189.000  0.9701  0.9283
 4189.020  0.9742  0.9183
 4189.040  0.9845  0.9154
 4189.060  0.9974  0.9206
 4189.080  1.0094  0.9307
 4189.100  1.0171  0.9398
 4189.120  1.0183  0.9427
 4189.140  1.0154  0.9368
 4189.160  1.0139  0.9241
 4189.180  1.0180  0.9097
 4189.200  1.0276  0.8997
 4189.220  1.0409  0.8978
 4189.240  1.0551  0.9042
 4189.260  1.0654  0.9153
 4189.280  1.0674  0.9257
 4189.300  1.0613  0.9310
 4189.320  1.0521  0.9300
 4189.340  1.0449  0.9247
 4189.360  1.0418  0.9197
 4189.380  1.0430  0.9189
 4189.400  1.0469  0.9238
 4189.420  1.0485  0.9324
 4189.440  1.0408  0.9400
 4189.460  1.0201  0.9418
 4189.480  0.9895  0.9356
 4189.500  0.9545  0.9234
 4189.520  0.9218  0.9103
 4189.540  0.8995  0.9027
 4189.560  0.8952  0.9044
 4189.580  0.9094  0.9146
 4189.600  0.9359  0.9276
 4189.620  0.9667  0.9354
 4189.640  0.9959  0.9309
 4189.660  1.0178  0.9119
 4189.680  1.0275  0.8819
 4189.700  1.0246  0.8487
 4189.720  1.0133  0.8206
 4189.740  0.9980  0.8017
 4189.760  0.9813  0.7896
 4189.780  0.9664  0.7759
 4189.800  0.9554  0.7508
 4189.820 -1.0000  0.7080
 4189.840 -1.0000  0.6500
 4189.860 -1.0000  0.5887
 4189.880 -1.0000  0.5423
 4189.900 -1.0000  0.5284
 4189.920 -1.0000  0.5564
 4189.940 -1.0000  0.6231
 4189.960 -1.0000  0.7125
 4189.980  0.8103  0.8015
 4190.000  0.8186  0.8681
 4190.020  0.8346  0.8996
 4190.040  0.8568  0.8968
 4190.060  0.8832  0.8721
 4190.080  0.9097  0.8436
 4190.100  0.9336  0.8268
 4190.120  0.9540  0.8283
 4190.140  0.9694  0.8439
 4190.160  0.9788  0.8624
 4190.180  0.9847  0.8720
 4190.200  0.9916  0.8672
 4190.220  1.0011  0.8516
 4190.240  1.0111  0.8361
 4190.260  1.0201  0.8324
 4190.280  1.0284  0.8465
 4190.300  1.0348  0.8733
 4190.320  1.0373  0.8980
 4190.340  1.0366  0.9012
 4190.360  1.0345  0.8682
 4190.380 -1.0000  0.7961
 4190.400 -1.0000  0.6970
 4190.420 -1.0000  0.5952
 4190.440 -1.0000  0.5181
 4190.460 -1.0000  0.4871
 4190.480 -1.0000  0.5095
 4190.500 -1.0000  0.5764
 4190.520 -1.0000  0.6668
 4190.540 -1.0000  0.7554
 4190.560  0.9238  0.8219
 4190.580  0.9384  0.8566
 4190.600  0.9636  0.8621
 4190.620  0.9929  0.8492
 4190.640  1.0189  0.8311
 4190.660  1.0363  0.8171
 4190.680  1.0427  0.8098
 4190.700  1.0383  0.8053
 4190.720  1.0261  0.7969
 4190.740  1.0135  0.7794
 4190.760  1.0089  0.7525
 4190.780  1.0170  0.7209
 4190.800  1.0355  0.6929
 4190.820  1.0572  0.6762
 4190.840  1.0732  0.6750
 4190.860  1.0751  0.6870
 4190.880  1.0590  0.7047
 4190.900  1.0314  0.7168
 4190.920  1.0069  0.7121
 4190.940 -1.0000  0.6824
 4190.960 -1.0000  0.6251
 4190.980 -1.0000  0.5440
 4191.000 -1.0000  0.4479
 4191.020 -1.0000  0.3489
 4191.040 -1.0000  0.2590
 4191.060 -1.0000  0.1869
 4191.080 -1.0000  0.1367
 4191.100 -1.0000  0.1066
 4191.120 -1.0000  0.0910
 4191.140 -1.0000  0.0832
 4191.160 -1.0000  0.0784
 4191.180 -1.0000  0.0764
 4191.200 -1.0000  0.0821
 4191.220 -1.0000  0.1037
 4191.240 -1.0000  0.1489
 4191.260 -1.0000  0.2211
 4191.280 -1.0000  0.3166
 4191.300 -1.0000  0.4247
 4191.320 -1.0000  0.5304
 4191.340 -1.0000  0.6198
 4191.360 -1.0000  0.6837
 4191.380  0.9324  0.7214
 4191.400  0.9294  0.7394
 4191.420  0.9312  0.7487
 4191.440  0.9402  0.7595
 4191.460  0.9548  0.7779
 4191.480  0.9729  0.8035
 4191.500  0.9934  0.8313
 4191.520  1.0143  0.8544
 4191.540  1.0308  0.8683
 4191.560  1.0383  0.8726
 4191.580  1.0354  0.8709
 4191.600  1.0232  0.8689
 4191.620  1.0050  0.8712
 4191.640  0.9874  0.8788
 4191.660  0.9778  0.8895
 4191.680  0.9796  0.8988
 4191.700  0.9906  0.9030
 4191.720  1.0047  0.9011
 4191.740  1.0153  0.8956
 4191.760  1.0160  0.8904
 4191.780  1.0044  0.8895
 4191.800  0.9838  0.8941
 4191.820  0.9626  0.9024
 4191.840  0.9495  0.9104
 4191.860  0.9498  0.9141
 4191.880  0.9646  0.9118
 4191.900  0.9905  0.9045
 4191.920  1.0201  0.8954
 4191.940  1.0448  0.8878
 4191.960  1.0589  0.8834
 4191.980  1.0607  0.8809
 4192.000  1.0530  0.8773
 4192.020  1.0420  0.8696
 4192.040  1.0343  0.8568
 4192.060  1.0334  0.8410
 4192.080  1.0393  0.8271
 4192.100  1.0488  0.8201
 4192.120  1.0564  0.8235
 4192.140  1.0556  0.8368
 4192.160  1.0433  0.8563
 4192.180  1.0212  0.8766
 4192.200  0.9940  0.8925
 4192.220  0.9669  0.9018
 4192.240  0.9461  0.9049
 4192.260  0.9377  0.9047
 4192.280  0.9438  0.9045
 4192.300  0.9614  0.9061
 4192.320  0.9845  0.9095
 4192.340  1.0071  0.9133
 4192.360  1.0232  0.9161
 4192.380  1.0280  0.9173
 4192.400  1.0218  0.9182
 4192.420  1.0094  0.9202
 4192.440  0.9961  0.9245
 4192.460  0.9849  0.9307
 4192.480  0.9768  0.9368
 4192.500  0.9703  0.9402
 4192.520  0.9611  0.9391
 4192.540  0.9433  0.9338
 4192.560  0.9153  0.9269
 4192.580  0.8818  0.9215
 4192.600  0.8511  0.9201
 4192.620  0.8316  0.9231
 4192.640  0.8302  0.9281
 4192.660  0.8498  0.9319
 4192.680  0.8862  0.9317
 4192.700  0.9286  0.9273
 4192.720  0.9664  0.9210
 4192.740  0.9928  0.9167
 4192.760  1.0056  0.9176
 4192.780  1.0073  0.9243
 4192.800  1.0054  0.9342
 4192.820  1.0080  0.9430
 4192.840  1.0186  0.9461
 4192.860  1.0340  0.9420
 4192.880  1.0467  0.9327
 4192.900  1.0493  0.9227
 4192.920  1.0363  0.9172
 4192.940  1.0077  0.9188
 4192.960  0.9712  0.9263
 4192.980  0.9389  0.9354
 4193.000  0.9211  0.9407
 4193.020  0.9224  0.9386
 4193.040  0.9418  0.9297
 4193.060  0.9728  0.9181
 4193.080  1.0054  0.9094
 4193.100  1.0305  0.9076
 4193.120  1.0435  0.9125
 4193.140  1.0460  0.9197
 4193.160  1.0432  0.9225
 4193.180  1.0409  0.9154
 4193.200  1.0423  0.8974
 4193.220  1.0467  0.8727
 4193.240  1.0495  0.8494
 4193.260  1.0455  0.8355
 4193.280  1.0319  0.8357
 4193.300  1.0101  0.8484
 4193.320  0.9858  0.8672
 4193.340  0.9661  0.8834
 4193.360  0.9557  0.8902
 4193.380  0.9561  0.8858
 4193.400  0.9656  0.8737
 4193.420  0.9806  0.8605
 4193.440  0.9964  0.8520
 4193.460  1.0093  0.8508
 4193.480  1.0186  0.8544
 4193.500  1.0254  0.8571
 4193.520  1.0310  0.8526
 4193.540  1.0347  0.8382
 4193.560  1.0346  0.8153
 4193.580  1.0277  0.7897
 4193.600  1.0114  0.7683
 4193.620  0.9868  0.7558
 4193.640  0.9596  0.7531
 4193.660  0.9377  0.7564
 4193.680  0.9275  0.7595
 4193.700  0.9321  0.7561
 4193.720  0.9485  0.7421
 4193.740  0.9659  0.7167
 4193.760 -1.0000  0.6815
 4193.780 -1.0000  0.6400
 4193.800 -1.0000  0.5958
 4193.820 -1.0000  0.5531
 4193.840 -1.0000  0.5169
 4193.860 -1.0000  0.4929
 4193.880 -1.0000  0.4873
 4193.900 -1.0000  0.5047
 4193.920 -1.0000  0.5458
 4193.940 -1.0000  0.6056
 4193.960 -1.0000  0.6735
 4193.980  0.9518  0.7364
 4194.000  0.9287  0.7826
 4194.020  0.9068  0.8061
 4194.040  0.8994  0.8084
 4194.060  0.9109  0.7976
 4194.080  0.9404  0.7846
 4194.100  0.9815  0.7782
 4194.120  1.0215  0.7812
 4194.140  1.0476  0.7898
 4194.160  1.0549  0.7960
 4194.180  1.0462  0.7919
 4194.200  1.0262  0.7739
 4194.220  1.0006  0.7443
 4194.240  0.9780  0.7100
 4194.260  0.9653  0.6783
 4194.280  0.9620  0.6526
 4194.300 -1.0000  0.6302
 4194.320 -1.0000  0.6030
 4194.340 -1.0000  0.5620
 4194.360 -1.0000  0.5016
 4194.380 -1.0000  0.4232
 4194.400 -1.0000  0.3353
 4194.420 -1.0000  0.2510
 4194.440 -1.0000  0.1823
 4194.460 -1.0000  0.1358
 4194.480 -1.0000  0.1111
 4194.500 -1.0000  0.1016
 4194.520 -1.0000  0.0988
 4194.540 -1.0000  0.0962
 4194.560 -1.0000  0.0919
 4194.580 -1.0000  0.0885
 4194.600 -1.0000  0.0903
 4194.620 -1.0000  0.1005
 4194.640 -1.0000  0.1190
 4194.660 -1.0000  0.1427
 4194.680 -1.0000  0.1679
 4194.700 -1.0000  0.1932
 4194.720 -1.0000  0.2211
 4194.740 -1.0000  0.2574
 4194.760 -1.0000  0.3079
 4194.780 -1.0000  0.3750
 4194.800 -1.0000  0.4553
 4194.820 -1.0000  0.5397
 4194.840 -1.0000  0.6167
 4194.860 -1.0000  0.6766
 4194.880  1.0257  0.7155
 4194.900  1.0282  0.7362
 4194.920  1.0273  0.7467
 4194.940  1.0188  0.7559
 4194.960  1.0021  0.7696
 4194.980  0.9809  0.7885
 4195.000  0.9610  0.8086
 4195.020  0.9474  0.8239
 4195.040  0.9440  0.8306
 4195.060  0.9539  0.8289
 4195.080  0.9769  0.8231
 4195.100  1.0068  0.8193
 4195.120  1.0328  0.8221
 4195.140  1.0453  0.8320
 4195.160  1.0406  0.8454
 4195.180  1.0201  0.8566
 4195.200  0.9890  0.8607
 4195.220  0.9576  0.8565
 4195.240  0.9384  0.8469
 4195.260  0.9384  0.8372
 4195.280  0.9559  0.8323
 4195.300  0.9836  0.8335
 4195.320  1.0129  0.8381
 4195.340  1.0340  0.8410
 4195.360  1.0390  0.8370
 4195.380  1.0276  0.8244
 4195.400  1.0074  0.8055
 4195.420  0.9874  0.7859
 4195.440  0.9739  0.7705
 4195.460  0.9720  0.7609
 4195.480  0.9823  0.7531
 4195.500  0.9961  0.7388
 4195.520 -1.0000  0.7082
 4195.540 -1.0000  0.6546
 4195.560 -1.0000  0.5775
 4195.580 -1.0000  0.4830
 4195.600 -1.0000  0.3820
 4195.620 -1.0000  0.2864
 4195.640 -1.0000  0.2049
 4195.660 -1.0000  0.1419
 4195.680 -1.0000  0.0975
 4195.700 -1.0000  0.0700
 4195.720 -1.0000  0.0592
 4195.740 -1.0000  0.0671
 4195.760 -1.0000  0.0974
 4195.780 -1.0000  0.1522
 4195.800 -1.0000  0.2292
 4195.820 -1.0000  0.3193
 4195.840 -1.0000  0.4078
 4195.860 -1.0000  0.4787
 4195.880 -1.0000  0.5194
 4195.900 -1.0000  0.5267
 4195.920 -1.0000  0.5080
 4195.940 -1.0000  0.4799
 4195.960 -1.0000  0.4629
 4195.980 -1.0000  0.4740
 4196.000 -1.0000  0.5209
 4196.020 -1.0000  0.5989
 4196.040 -1.0000  0.6921
 4196.060 -1.0000  0.7798
 4196.080  0.9350  0.8427
 4196.100  0.9274  0.8707
 4196.120  0.9208  0.8657
 4196.140  0.9162  0.8408
 4196.160  0.9099  0.8151
 4196.180  0.8986  0.8057
 4196.200  0.8813  0.8208
 4196.220  0.8585  0.8559
 4196.240  0.8337  0.8946
 4196.260  0.8131  0.9146
 4196.280  0.8007  0.8963
 4196.300  0.7975  0.8308
 4196.320 -1.0000  0.7256
 4196.340 -1.0000  0.6027
 4196.360 -1.0000  0.4932
 4196.380 -1.0000  0.4266
 4196.400 -1.0000  0.4216
 4196.420 -1.0000  0.4791
 4196.440 -1.0000  0.5824
 4196.460 -1.0000  0.7035
 4196.480 -1.0000  0.8122
 4196.500  1.0357  0.8864
 4196.520  1.0399  0.9186
 4196.540  1.0440  0.9159
 4196.560  1.0505  0.8954
 4196.580  1.0583  0.8758
 4196.600  1.0634  0.8698
 4196.620  1.0631  0.8802
 4196.640  1.0590  0.9005
 4196.660  1.0544  0.9199
 4196.680  1.0505  0.9295
 4196.700  1.0475  0.9268
 4196.720  1.0469  0.9160
 4196.740  1.0493  0.9055
 4196.760  1.0514  0.9026
 4196.780  1.0484  0.9096
 4196.800  1.0381  0.9225
 4196.820  1.0220  0.9337
 4196.840  1.0017  0.9359
 4196.860  0.9796  0.9272
 4196.880  0.9620  0.9114
 4196.900  0.9568  0.8970
 4196.920  0.9669  0.8917
 4196.940  0.9877  0.8978
 4196.960  1.0131  0.9096
 4196.980  1.0383  0.9154
 4197.000  1.0578  0.9024
 4197.020  1.0664  0.8631
 4197.040  1.0654  0.8003
 4197.060  1.0614  0.7270
 4197.080  1.0592  0.6624
 4197.100  1.0589  0.6246
 4197.120  1.0615  0.6235
 4197.140  1.0674  0.6568
 4197.160  1.0708  0.7117
 4197.180  1.0651  0.7696
 4197.200  1.0516  0.8143
 4197.220  1.0373  0.8373
 4197.240  1.0270  0.8403
 4197.260  1.0220  0.8329
 4197.280  1.0240  0.8272
 4197.300  1.0330  0.8321
 4197.320  1.0439  0.8498
 4197.340  1.0492  0.8756
 4197.360  1.0462  0.9014
 4197.380  1.0382  0.9197
 4197.400  1.0295  0.9273
 4197.420  1.0233  0.9261
 4197.440  1.0228  0.9212
 4197.460  1.0300  0.9181
 4197.480  1.0424  0.9194
 4197.500  1.0531  0.9242
 4197.520  1.0570  0.9291
 4197.540  1.0534  0.9304
 4197.560  1.0445  0.9270
 4197.580  1.0330  0.9205
 4197.600  1.0233  0.9145
 4197.620  1.0203  0.9123
 4197.640  1.0256  0.9146
 4197.660  1.0352  0.9185
 4197.680  1.0441  0.9188
 4197.700  1.0495  0.9108
 4197.720  1.0510  0.8928
 4197.740  1.0486  0.8678
 4197.760  1.0438  0.8423
 4197.780  1.0411  0.8245
 4197.800  1.0433  0.8204
 4197.820  1.0487  0.8316
 4197.840  1.0535  0.8543
 4197.860  1.0559  0.8817
 4197.880  1.0558  0.9061
 4197.900  1.0529  0.9223
 4197.920  1.0481  0.9291
 4197.940  1.0441  0.9291
 4197.960  1.0432  0.9266
 4197.980  1.0447  0.9256
 4198.000  1.0465  0.9281
 4198.020  1.0472  0.9332
 4198.040  1.0465  0.9387
 4198.060  1.0444  0.9421
 4198.080  1.0415  0.9427
 4198.100  1.0400  0.9411
 4198.120  1.0417  0.9394
 4198.140  1.0465  0.9395
 4198.160  1.0521  0.9421
 4198.180  1.0560  0.9463
 4198.200  1.0571  0.9500
 4198.220  1.0549  0.9516
 4198.240  1.0497  0.9503
 4198.260  1.0432  0.9468
 4198.280  1.0383  0.9433
 4198.300  1.0367  0.9416
 4198.320  1.0378  0.9427
 4198.340  1.0406  0.9460
 4198.360  1.0439  0.9496
 4198.380  1.0465  0.9512
 4198.400  1.0472  0.9496
 4198.420  1.0455  0.9447
 4198.440  1.0421  0.9383
 4198.460  1.0377  0.9324
 4198.480  1.0326  0.9290
 4198.500  1.0273  0.9288
 4198.520  1.0230  0.9312
 4198.540  1.0210  0.9345
 4198.560  1.0220  0.9372
 4198.580  1.0263  0.9383
 4198.600  1.0332  0.9381
 4198.620  1.0414  0.9375
 4198.640  1.0485  0.9375
 4198.660  1.0526  0.9389
 4198.680  1.0525  0.9411
 4198.700  1.0495  0.9432
 4198.720  1.0459  0.9440
 4198.740  1.0440  0.9427
 4198.760  1.0456  0.9395
 4198.780  1.0509  0.9352
 4198.800  1.0588  0.9312
 4198.820  1.0660  0.9284
 4198.840  1.0695  0.9271
 4198.860  1.0681  0.9269
 4198.880  1.0627  0.9271
 4198.900  1.0555  0.9270
 4198.920  1.0493  0.9267
 4198.940  1.0466  0.9265
 4198.960  1.0485  0.9270
 4198.980  1.0534  0.9287
 4199.000  1.0584  0.9315
 4199.020  1.0612  0.9348
 4199.040  1.0606  0.9376
 4199.060  1.0569  0.9391
 4199.080  1.0512  0.9393
 4199.100  1.0460  0.9387
 4199.120  1.0433  0.9382
 4199.140  1.0435  0.9384
 4199.160  1.0455  0.9393
 4199.180  1.0477  0.9398
 4199.200  1.0490  0.9386
 4199.220  1.0479  0.9343
 4199.240  1.0441  0.9266
 4199.260  1.0386  0.9165
 4199.280  1.0330  0.9063
 4199.300  1.0282  0.8988
 4199.320  1.0251  0.8964
 4199.340  1.0244  0.9000
 4199.360  1.0265  0.9088
 4199.380  1.0312  0.9203
 4199.400  1.0382  0.9315
 4199.420  1.0470  0.9397
 4199.440  1.0566  0.9438
 4199.460  1.0654  0.9440
 4199.480  1.0717  0.9422
 4199.500  1.0741  0.9405
 4199.520  1.0714  0.9402
 4199.540  1.0634  0.9419
 4199.560  1.0508  0.9445
 4199.580  1.0347  0.9467
 4199.600  1.0164  0.9472
 4199.620  0.9967  0.9457
 4199.640  0.9771  0.9428
 4199.660  0.9594  0.9400
 4199.680  0.9456  0.9384
 4199.700  0.9379  0.9385
 4199.720  0.9385  0.9396
 4199.740  0.9481  0.9402
 4199.760  0.9655  0.9389
 4199.780  0.9877  0.9351
 4199.800  1.0107  0.9295
 4199.820  1.0302  0.9237
 4199.840  1.0425  0.9197
 4199.860  1.0464  0.9187
 4199.880  1.0431  0.9201
 4199.900  1.0361  0.9220
 4199.920  1.0294  0.9216
 4199.940  1.0260  0.9167
 4199.960  1.0277  0.9070
 4199.980  1.0343  0.8942
 4200.000  1.0440  0.8815
 4200.020  1.0536  0.8715
 4200.040  1.0607  0.8647
 4200.060  1.0647  0.8582
 4200.080  1.0662  0.8459
 4200.100  1.0662  0.8205
 4200.120  1.0657  0.7764
 4200.140 -1.0000  0.7130
 4200.160 -1.0000  0.6364
 4200.180 -1.0000  0.5586
 4200.200 -1.0000  0.4952
 4200.220 -1.0000  0.4606
 4200.240 -1.0000  0.4636
 4200.260 -1.0000  0.5046
 4200.280 -1.0000  0.5749
 4200.300 -1.0000  0.6592
 4200.320 -1.0000  0.7404
 4200.340  1.0767  0.8047
 4200.360  1.0726  0.8451
 4200.380  1.0679  0.8629
 4200.400  1.0629  0.8659
 4200.420  1.0568  0.8648
 4200.440  1.0499  0.8685
 4200.460  1.0430  0.8808
 4200.480  1.0364  0.8995
 4200.500  1.0314  0.9178
 4200.520  1.0304  0.9284
 4200.540  1.0342  0.9270
 4200.560  1.0410  0.9148
 4200.580  1.0488  0.8983
 4200.600  1.0558  0.8865
 4200.620  1.0591  0.8865
 4200.640  1.0556  0.8993
 4200.660  1.0454  0.9176
 4200.680  1.0316  0.9282
 4200.700  1.0173  0.9155
 4200.720  1.0066  0.8691
 4200.740 -1.0000  0.7879
 4200.760 -1.0000  0.6833
 4200.780 -1.0000  0.5765
 4200.800 -1.0000  0.4923
 4200.820 -1.0000  0.4511
 4200.840 -1.0000  0.4621
 4200.860 -1.0000  0.5200
 4200.880 -1.0000  0.6069
 4200.900 -1.0000  0.6992
 4200.920  1.0697  0.7752
 4200.940  1.0666  0.8226
 4200.960  1.0589  0.8417
 4200.980  1.0497  0.8433
 4201.000  1.0418  0.8424
 4201.020  1.0354  0.8515
 4201.040  1.0320  0.8747
 4201.060  1.0337  0.9068
 4201.080  1.0395  0.9364
 4201.100  1.0445  0.9518
 4201.120  1.0461  0.9476
 4201.140  1.0452  0.9270
 4201.160  1.0424  0.9014
 4201.180  1.0371  0.8842
 4201.200  1.0311  0.8846
 4201.220  1.0285  0.9026
 4201.240  1.0301  0.9277
 4201.260  1.0327  0.9430
 4201.280  1.0343  0.9323
 4201.300  1.0363  0.8872
 4201.320  1.0389  0.8115
 4201.340 -1.0000  0.7207
 4201.360 -1.0000  0.6375
 4201.380 -1.0000  0.5833
 4201.400 -1.0000  0.5718
 4201.420 -1.0000  0.6041
 4201.440 -1.0000  0.6698
 4201.460  1.0362  0.7511
 4201.480  1.0361  0.8288
 4201.500  1.0339  0.8885
 4201.520  1.0310  0.9235
 4201.540  1.0295  0.9348
 4201.560  1.0298  0.9294
 4201.580  1.0313  0.9162
 4201.600  1.0336  0.9037
 4201.620  1.0363  0.8977
 4201.640  1.0384  0.9004
 4201.660  1.0394  0.9108
 4201.680  1.0389  0.9240
 4201.700  1.0370  0.9330
 4201.720  1.0342  0.9291
 4201.740  1.0308  0.9050
 4201.760  1.0253  0.8574
 4201.780  1.0170  0.7901
 4201.800  1.0088  0.7144
 4201.820  1.0048  0.6478
 4201.840  1.0061  0.6086
 4201.860  1.0130  0.6098
 4201.880  1.0257  0.6538
 4201.900  1.0408  0.7299
 4201.920  1.0513  0.8172
 4201.940  1.0545  0.8917
 4201.960  1.0537  0.9349
 4201.980  1.0513  0.9404
 4202.000  1.0467  0.9165
 4202.020  1.0417  0.8817
 4202.040  1.0412  0.8562
 4202.060  1.0457  0.8526
 4202.080  1.0501  0.8694
 4202.100  1.0523  0.8912
 4202.120  1.0547  0.8951
 4202.140  1.0575  0.8607
 4202.160 -1.0000  0.7806
 4202.180 -1.0000  0.6649
 4202.200 -1.0000  0.5393
 4202.220 -1.0000  0.4363
 4202.240 -1.0000  0.3840
 4202.260 -1.0000  0.3953
 4202.280 -1.0000  0.4641
 4202.300 -1.0000  0.5684
 4202.320 -1.0000  0.6783
 4202.340 -1.0000  0.7673
 4202.360  0.9520  0.8206
 4202.380  0.9545  0.8379
 4202.400  0.9661  0.8310
 4202.420  0.9886  0.8162
 4202.440  1.0183  0.8076
 4202.460  1.0457  0.8116
 4202.480  1.0621  0.8263
 4202.500  1.0659  0.8446
 4202.520  1.0615  0.8594
 4202.540  1.0541  0.8667
 4202.560  1.0470  0.8681
 4202.580  1.0427  0.8683
 4202.600  1.0425  0.8722
 4202.620  1.0449  0.8821
 4202.640  1.0466  0.8961
 4202.660  1.0466  0.9093
 4202.680  1.0461  0.9169
 4202.700  1.0467  0.9165
 4202.720  1.0485  0.9097
 4202.740  1.0515  0.9011
 4202.760  1.0550  0.8961
 4202.780  1.0577  0.8980
 4202.800  1.0576  0.9064
 4202.820  1.0545  0.9176
 4202.840  1.0506  0.9266
 4202.860  1.0488  0.9296
 4202.880  1.0502  0.9260
 4202.900  1.0545  0.9186
 4202.920  1.0602  0.9126
 4202.940  1.0643  0.9128
 4202.960  1.0630  0.9216
 4202.980 -1.0000  0.9381
 4203.000 -1.0000  0.9585
 4172.000  0.0000        
 4172.020  0.0000        
 4172.040 -0.0082        
 4172.060 -0.0025        
 4172.080  0.0055        
 4172.100  0.0141        
 4172.120  0.0209        
 4172.140  0.0241        
 4172.160  0.0239        
 4172.180  0.0220        
 4172.200  0.0184        
 4172.220  0.0112        
 4172.240  0.0028        
 4172.260  0.0055        
 4172.280  0.0306        
 4172.300  0.0752        
 4172.320  0.1258        
 4172.340  0.1681        
 4172.360  0.1896        
 4172.380  0.1802        
 4172.400  0.1385        
 4172.420  0.0790        
 4172.440  0.0258        
 4172.460 -0.0059        
 4172.480 -0.0174        
 4172.500 -0.0184        
 4172.520 -0.0164        
 4172.540 -0.0153        
 4172.560 -0.0162        
 4172.580 -0.0182        
 4172.600 -0.0201        
 4172.620 -0.0205        
 4172.640 -0.0190        
 4172.660 -0.0153        
 4172.680 -0.0104        
 4172.700 -0.0054        
 4172.720 -0.0016        
 4172.740  0.0013        
 4172.760  0.0040        
 4172.780  0.0072        
 4172.800  0.0108        
 4172.820  0.0140        
 4172.840  0.0155        
 4172.860  0.0140        
 4172.880  0.0088        
 4172.900  0.0011        
 4172.920 -0.0066        
 4172.940 -0.0119        
 4172.960 -0.0131        
 4172.980 -0.0093        
 4173.000 -0.0012        
 4173.020  0.0080        
 4173.040  0.0141        
 4173.060  0.0148        
 4173.080  0.0107        
 4173.100  0.0044        
 4173.120 -0.0012        
 4173.140 -0.0031        
 4173.160  0.0010        
 4173.180  0.0103        
 4173.200  0.0212        
 4173.220  0.0296        
 4173.240  0.0329        
 4173.260  0.0303        
 4173.280  0.0231        
 4173.300  0.0144        
 4173.320  0.0077        
 4173.340  0.0045        
 4173.360  0.0041        
 4173.380  0.0046        
 4173.400  0.0046        
 4173.420  0.0027        
 4173.440 -0.0010        
 4173.460 -0.0049        
 4173.480 -0.0062        
 4173.500 -0.0031        
 4173.520  0.0038        
 4173.540  0.0125        
 4173.560  0.0205        
 4173.580  0.0250        
 4173.600  0.0242        
 4173.620  0.0185        
 4173.640  0.0105        
 4173.660  0.0034        
 4173.680 -0.0014        
 4173.700 -0.0035        
 4173.720 -0.0035        
 4173.740 -0.0033        
 4173.760 -0.0047        
 4173.780 -0.0083        
 4173.800 -0.0127        
 4173.820 -0.0158        
 4173.840 -0.0160        
 4173.860 -0.0126        
 4173.880 -0.0061        
 4173.900  0.0018        
 4173.920  0.0079        
 4173.940  0.0096        
 4173.960  0.0067        
 4173.980  0.0009        
 4174.000 -0.0051        
 4174.020 -0.0090        
 4174.040 -0.0091        
 4174.060 -0.0056        
 4174.080 -0.0001        
 4174.100  0.0053        
 4174.120  0.0092        
 4174.140  0.0109        
 4174.160  0.0103        
 4174.180  0.0085        
 4174.200  0.0069        
 4174.220  0.0065        
 4174.240  0.0073        
 4174.260  0.0083        
 4174.280  0.0087        
 4174.300  0.0077        
 4174.320  0.0051        
 4174.340  0.0015        
 4174.360 -0.0020        
 4174.380 -0.0040        
 4174.400 -0.0044        
 4174.420 -0.0030        
 4174.440 -0.0004        
 4174.460  0.0026        
 4174.480  0.0045        
 4174.500  0.0045        
 4174.520  0.0027        
 4174.540  0.0000        
 4174.560 -0.0024        
 4174.580 -0.0036        
 4174.600 -0.0032        
 4174.620 -0.0014        
 4174.640  0.0013        
 4174.660  0.0041        
 4174.680  0.0061        
 4174.700  0.0065        
 4174.720  0.0051        
 4174.740  0.0025        
 4174.760 -0.0006        
 4174.780 -0.0032        
 4174.800 -0.0048        
 4174.820 -0.0047        
 4174.840 -0.0031        
 4174.860 -0.0005        
 4174.880  0.0023        
 4174.900  0.0049        
 4174.920  0.0068        
 4174.940  0.0078        
 4174.960  0.0080        
 4174.980  0.0074        
 4175.000  0.0062        
 4175.020  0.0049        
 4175.040  0.0036        
 4175.060  0.0028        
 4175.080  0.0027        
 4175.100  0.0035        
 4175.120  0.0049        
 4175.140  0.0064        
 4175.160  0.0074        
 4175.180  0.0073        
 4175.200  0.0060        
 4175.220  0.0042        
 4175.240  0.0032        
 4175.260  0.0040        
 4175.280  0.0068        
 4175.300  0.0111        
 4175.320  0.0160        
 4175.340  0.0200        
 4175.360  0.0217        
 4175.380  0.0203        
 4175.400  0.0164        
 4175.420  0.0112        
 4175.440  0.0063        
 4175.460  0.0029        
 4175.480  0.0017        
 4175.500  0.0025        
 4175.520  0.0041        
 4175.540  0.0054        
 4175.560  0.0060        
 4175.580  0.0060        
 4175.600  0.0059        
 4175.620  0.0061        
 4175.640  0.0072        
 4175.660  0.0088        
 4175.680  0.0097        
 4175.700  0.0085        
 4175.720  0.0052        
 4175.740  0.0009        
 4175.760 -0.0033        
 4175.780 -0.0064        
 4175.800 -0.0075        
 4175.820 -0.0064        
 4175.840 -0.0040        
 4175.860 -0.0014        
 4175.880  0.0003        
 4175.900  0.0009        
 4175.920  0.0006        
 4175.940  0.0002        
 4175.960  0.0006        
 4175.980  0.0024        
 4176.000  0.0054        
 4176.020  0.0081        
 4176.040  0.0094        
 4176.060  0.0089        
 4176.080  0.0066        
 4176.100  0.0034        
 4176.120  0.0005        
 4176.140 -0.0005        
 4176.160  0.0007        
 4176.180  0.0035        
 4176.200  0.0065        
 4176.220  0.0087        
 4176.240  0.0094        
 4176.260  0.0083        
 4176.280  0.0064        
 4176.300  0.0047        
 4176.320  0.0044        
 4176.340  0.0058        
 4176.360  0.0085        
 4176.380  0.0117        
 4176.400  0.0142        
 4176.420  0.0152        
 4176.440  0.0152        
 4176.460  0.0153        
 4176.480  0.0164        
 4176.500  0.0183        
 4176.520  0.0204        
 4176.540  0.0224        
 4176.560  0.0238        
 4176.580  0.0238        
 4176.600  0.0218        
 4176.620  0.0172        
 4176.640  0.0106        
 4176.660  0.0036        
 4176.680 -0.0022        
 4176.700 -0.0056        
 4176.720 -0.0060        
 4176.740 -0.0037        
 4176.760  0.0009        
 4176.780  0.0069        
 4176.800  0.0131        
 4176.820  0.0179        
 4176.840  0.0197        
 4176.860  0.0172        
 4176.880  0.0112        
 4176.900  0.0041        
 4176.920 -0.0015        
 4176.940 -0.0040        
 4176.960 -0.0027        
 4176.980  0.0019        
 4177.000  0.0077        
 4177.020  0.0119        
 4177.040  0.0127        
 4177.060  0.0104        
 4177.080  0.0063        
 4177.100  0.0022        
 4177.120  0.0001        
 4177.140  0.0013        
 4177.160  0.0052        
 4177.180  0.0096        
 4177.200  0.0124        
 4177.220  0.0129        
 4177.240  0.0113        
 4177.260  0.0088        
 4177.280  0.0068        
 4177.300  0.0070        
 4177.320  0.0093        
 4177.340  0.0122        
 4177.360  0.0139        
 4177.380  0.0135        
 4177.400  0.0112        
 4177.420  0.0080        
 4177.440  0.0057        
 4177.460  0.0061        
 4177.480  0.0096        
 4177.500  0.0147        
 4177.520  0.0184        
 4177.540  0.0188        
 4177.560  0.0148        
 4177.580  0.0070        
 4177.600 -0.0026        
 4177.620 -0.0107        
 4177.640 -0.0145        
 4177.660 -0.0137        
 4177.680 -0.0094        
 4177.700 -0.0037        
 4177.720  0.0011        
 4177.740  0.0032        
 4177.760  0.0023        
 4177.780  0.0004        
 4177.800 -0.0002        
 4177.820  0.0015        
 4177.840  0.0055        
 4177.860  0.0109        
 4177.880  0.0159        
 4177.900  0.0185        
 4177.920  0.0177        
 4177.940  0.0141        
 4177.960  0.0093        
 4177.980  0.0045        
 4178.000  0.0008        
 4178.020 -0.0011        
 4178.040 -0.0012        
 4178.060  0.0000        
 4178.080  0.0019        
 4178.100  0.0044        
 4178.120  0.0076        
 4178.140  0.0114        
 4178.160  0.0154        
 4178.180  0.0184        
 4178.200  0.0195        
 4178.220  0.0179        
 4178.240  0.0136        
 4178.260  0.0077        
 4178.280  0.0025        
 4178.300  0.0002        
 4178.320  0.0007        
 4178.340  0.0029        
 4178.360  0.0054        
 4178.380  0.0068        
 4178.400  0.0061        
 4178.420  0.0031        
 4178.440 -0.0018        
 4178.460 -0.0076        
 4178.480 -0.0132        
 4178.500 -0.0177        
 4178.520 -0.0203        
 4178.540 -0.0209        
 4178.560 -0.0199        
 4178.580 -0.0179        
 4178.600 -0.0151        
 4178.620 -0.0112        
 4178.640 -0.0064        
 4178.660 -0.0014        
 4178.680  0.0030        
 4178.700  0.0060        
 4178.720  0.0070        
 4178.740  0.0061        
 4178.760  0.0039        
 4178.780  0.0019        
 4178.800  0.0012        
 4178.820  0.0020        
 4178.840  0.0042        
 4178.860  0.0070        
 4178.880  0.0099        
 4178.900  0.0121        
 4178.920  0.0134        
 4178.940  0.0136        
 4178.960  0.0131        
 4178.980  0.0116        
 4179.000  0.0086        
 4179.020  0.0040        
 4179.040 -0.0015        
 4179.060 -0.0069        
 4179.080 -0.0107        
 4179.100 -0.0116        
 4179.120 -0.0087        
 4179.140 -0.0025        
 4179.160  0.0052        
 4179.180  0.0119        
 4179.200  0.0160        
 4179.220  0.0167        
 4179.240  0.0142        
 4179.260  0.0100        
 4179.280  0.0065        
 4179.300  0.0055        
 4179.320  0.0072        
 4179.340  0.0103        
 4179.360  0.0135        
 4179.380  0.0151        
 4179.400  0.0143        
 4179.420  0.0113        
 4179.440  0.0076        
 4179.460  0.0048        
 4179.480  0.0037        
 4179.500  0.0043        
 4179.520  0.0060        
 4179.540  0.0081        
 4179.560  0.0099        
 4179.580  0.0108        
 4179.600  0.0112        
 4179.620  0.0112        
 4179.640  0.0109        
 4179.660  0.0099        
 4179.680  0.0076        
 4179.700  0.0040        
 4179.720 -0.0004        
 4179.740 -0.0046        
 4179.760 -0.0071        
 4179.780 -0.0063        
 4179.800 -0.0020        
 4179.820  0.0038        
 4179.840  0.0084        
 4179.860  0.0101        
 4179.880  0.0086        
 4179.900  0.0048        
 4179.920  0.0006        
 4179.940 -0.0012        
 4179.960  0.0009        
 4179.980  0.0065        
 4180.000  0.0133        
 4180.020  0.0188        
 4180.040  0.0210        
 4180.060  0.0185        
 4180.080  0.0121        
 4180.100  0.0045        
 4180.120 -0.0013        
 4180.140 -0.0034        
 4180.160 -0.0017        
 4180.180  0.0031        
 4180.200  0.0091        
 4180.220  0.0141        
 4180.240  0.0166        
 4180.260  0.0170        
 4180.280  0.0165        
 4180.300  0.0160        
 4180.320  0.0158        
 4180.340  0.0156        
 4180.360  0.0150        
 4180.380  0.0134        
 4180.400  0.0106        
 4180.420  0.0075        
 4180.440  0.0059        
 4180.460  0.0069        
 4180.480  0.0102        
 4180.500  0.0145        
 4180.520  0.0180        
 4180.540  0.0191        
 4180.560  0.0166        
 4180.580  0.0114        
 4180.600  0.0062        
 4180.620  0.0035        
 4180.640  0.0046        
 4180.660  0.0089        
 4180.680  0.0148        
 4180.700  0.0192        
 4180.720  0.0189        
 4180.740  0.0127        
 4180.760  0.0019        
 4180.780 -0.0104        
 4180.800 -0.0211        
 4180.820 -0.0273        
 4180.840 -0.0274        
 4180.860 -0.0221        
 4180.880 -0.0140        
 4180.900 -0.0058        
 4180.920  0.0009        
 4180.940  0.0056        
 4180.960  0.0083        
 4180.980  0.0097        
 4181.000  0.0105        
 4181.020  0.0112        
 4181.040  0.0110        
 4181.060  0.0095        
 4181.080  0.0067        
 4181.100  0.0040        
 4181.120  0.0027        
 4181.140  0.0040        
 4181.160  0.0087        
 4181.180  0.0158        
 4181.200  0.0230        
 4181.220  0.0266        
 4181.240  0.0234        
 4181.260  0.0102        
 4181.280 -0.0175        
 4181.300 -0.0613        
 4181.320 -0.1103        
 4181.340 -0.1383        
 4181.360 -0.1243        
 4181.380 -0.0738        
 4181.400 -0.0124        
 4181.420  0.0377        
 4181.440  0.0672        
 4181.460  0.0757        
 4181.480  0.0680        
 4181.500  0.0502        
 4181.520  0.0276        
 4181.540  0.0035        
 4181.560 -0.0181        
 4181.580 -0.0317        
 4181.600 -0.0331        
 4181.620 -0.0239        
 4181.640 -0.0102        
 4181.660  0.0020        
 4181.680  0.0099        
 4181.700  0.0131        
 4181.720  0.0120        
 4181.740  0.0078        
 4181.760  0.0027        
 4181.780 -0.0009        
 4181.800 -0.0007        
 4181.820  0.0047        
 4181.840  0.0143        
 4181.860  0.0243        
 4181.880  0.0312        
 4181.900  0.0335        
 4181.920  0.0319        
 4181.940  0.0271        
 4181.960  0.0202        
 4181.980  0.0131        
 4182.000  0.0076        
 4182.020  0.0048        
 4182.040  0.0048        
 4182.060  0.0069        
 4182.080  0.0105        
 4182.100  0.0146        
 4182.120  0.0184        
 4182.140  0.0213        
 4182.160  0.0228        
 4182.180  0.0227        
 4182.200  0.0206        
 4182.220  0.0167        
 4182.240  0.0114        
 4182.260  0.0057        
 4182.280  0.0004        
 4182.300 -0.0029        
 4182.320 -0.0029        
 4182.340  0.0008        
 4182.360  0.0063        
 4182.380  0.0106        
 4182.400  0.0121        
 4182.420  0.0108        
 4182.440  0.0075        
 4182.460  0.0036        
 4182.480  0.0011        
 4182.500  0.0016        
 4182.520  0.0054        
 4182.540  0.0113        
 4182.560  0.0171        
 4182.580  0.0205        
 4182.600  0.0201        
 4182.620  0.0165        
 4182.640  0.0119        
 4182.660  0.0086        
 4182.680  0.0078        
 4182.700  0.0098        
 4182.720  0.0141        
 4182.740  0.0188        
 4182.760  0.0217        
 4182.780  0.0212        
 4182.800  0.0175        
 4182.820  0.0115        
 4182.840  0.0049        
 4182.860 -0.0004        
 4182.880 -0.0027        
 4182.900 -0.0018        
 4182.920  0.0015        
 4182.940  0.0057        
 4182.960  0.0097        
 4182.980  0.0127        
 4183.000  0.0142        
 4183.020  0.0144        
 4183.040  0.0137        
 4183.060  0.0126        
 4183.080  0.0108        
 4183.100  0.0081        
 4183.120  0.0045        
 4183.140  0.0005        
 4183.160 -0.0032        
 4183.180 -0.0059        
 4183.200 -0.0067        
 4183.220 -0.0054        
 4183.240 -0.0025        
 4183.260  0.0004        
 4183.280  0.0024        
 4183.300  0.0028        
 4183.320  0.0013        
 4183.340 -0.0014        
 4183.360 -0.0042        
 4183.380 -0.0057        
 4183.400 -0.0057        
 4183.420 -0.0044        
 4183.440 -0.0024        
 4183.460 -0.0004        
 4183.480  0.0009        
 4183.500  0.0015        
 4183.520  0.0019        
 4183.540  0.0030        
 4183.560  0.0053        
 4183.580  0.0084        
 4183.600  0.0117        
 4183.620  0.0142        
 4183.640  0.0148        
 4183.660  0.0131        
 4183.680  0.0096        
 4183.700  0.0055        
 4183.720  0.0018        
 4183.740 -0.0011        
 4183.760 -0.0026        
 4183.780 -0.0030        
 4183.800 -0.0026        
 4183.820 -0.0020        
 4183.840 -0.0018        
 4183.860 -0.0016        
 4183.880 -0.0010        
 4183.900  0.0001        
 4183.920  0.0018        
 4183.940  0.0041        
 4183.960  0.0071        
 4183.980  0.0105        
 4184.000  0.0141        
 4184.020  0.0174        
 4184.040  0.0202        
 4184.060  0.0216        
 4184.080  0.0212        
 4184.100  0.0186        
 4184.120  0.0135        
 4184.140  0.0062        
 4184.160 -0.0029        
 4184.180 -0.0116        
 4184.200 -0.0176        
 4184.220 -0.0190        
 4184.240 -0.0161        
 4184.260 -0.0097        
 4184.280 -0.0014        
 4184.300  0.0074        
 4184.320  0.0149        
 4184.340  0.0195        
 4184.360  0.0203        
 4184.380  0.0174        
 4184.400  0.0123        
 4184.420  0.0074        
 4184.440  0.0040        
 4184.460  0.0025        
 4184.480  0.0021        
 4184.500  0.0025        
 4184.520  0.0036        
 4184.540  0.0052        
 4184.560  0.0069        
 4184.580  0.0082        
 4184.600  0.0090        
 4184.620  0.0091        
 4184.640  0.0086        
 4184.660  0.0079        
 4184.680  0.0074        
 4184.700  0.0076        
 4184.720  0.0084        
 4184.740  0.0094        
 4184.760  0.0101        
 4184.780  0.0099        
 4184.800  0.0084        
 4184.820  0.0060        
 4184.840  0.0032        
 4184.860  0.0013        
 4184.880  0.0010        
 4184.900  0.0023        
 4184.920  0.0045        
 4184.940  0.0065        
 4184.960  0.0073        
 4184.980  0.0064        
 4185.000  0.0040        
 4185.020  0.0016        
 4185.040  0.0004        
 4185.060  0.0009        
 4185.080  0.0029        
 4185.100  0.0056        
 4185.120  0.0078        
 4185.140  0.0080        
 4185.160  0.0062        
 4185.180  0.0035        
 4185.200  0.0016        
 4185.220  0.0020        
 4185.240  0.0048        
 4185.260  0.0095        
 4185.280  0.0141        
 4185.300  0.0162        
 4185.320  0.0143        
 4185.340  0.0090        
 4185.360  0.0022        
 4185.380 -0.0037        
 4185.400 -0.0066        
 4185.420 -0.0052        
 4185.440  0.0000        
 4185.460  0.0065        
 4185.480  0.0117        
 4185.500  0.0139        
 4185.520  0.0130        
 4185.540  0.0097        
 4185.560  0.0060        
 4185.580  0.0039        
 4185.600  0.0046        
 4185.620  0.0075        
 4185.640  0.0109        
 4185.660  0.0133        
 4185.680  0.0137        
 4185.700  0.0119        
 4185.720  0.0088        
 4185.740  0.0061        
 4185.760  0.0054        
 4185.780  0.0066        
 4185.800  0.0087        
 4185.820  0.0104        
 4185.840  0.0105        
 4185.860  0.0085        
 4185.880  0.0046        
 4185.900  0.0004        
 4185.920 -0.0021        
 4185.940 -0.0023        
 4185.960 -0.0007        
 4185.980  0.0016        
 4186.000  0.0031        
 4186.020  0.0022        
 4186.040 -0.0017        
 4186.060 -0.0072        
 4186.080 -0.0121        
 4186.100 -0.0144        
 4186.120 -0.0127        
 4186.140 -0.0067        
 4186.160  0.0024        
 4186.180  0.0117        
 4186.200  0.0183        
 4186.220  0.0208        
 4186.240  0.0193        
 4186.260  0.0149        
 4186.280  0.0095        
 4186.300  0.0053        
 4186.320  0.0035        
 4186.340  0.0038        
 4186.360  0.0055        
 4186.380  0.0076        
 4186.400  0.0092        
 4186.420  0.0099        
 4186.440  0.0101        
 4186.460  0.0107        
 4186.480  0.0126        
 4186.500  0.0155        
 4186.520  0.0184        
 4186.540  0.0202        
 4186.560  0.0193        
 4186.580  0.0145        
 4186.600  0.0063        
 4186.620 -0.0035        
 4186.640 -0.0127        
 4186.660 -0.0191        
 4186.680 -0.0210        
 4186.700 -0.0181        
 4186.720 -0.0118        
 4186.740 -0.0045        
 4186.760  0.0013        
 4186.780  0.0044        
 4186.800  0.0043        
 4186.820  0.0021        
 4186.840 -0.0005        
 4186.860 -0.0012        
 4186.880  0.0009        
 4186.900  0.0054        
 4186.920  0.0112        
 4186.940  0.0167        
 4186.960  0.0200        
 4186.980  0.0200        
 4187.000  0.0169        
 4187.020  0.0120        
 4187.040  0.0067        
 4187.060  0.0024        
 4187.080 -0.0001        
 4187.100 -0.0007        
 4187.120 -0.0003        
 4187.140 -0.0001        
 4187.160 -0.0009        
 4187.180 -0.0031        
 4187.200 -0.0072        
 4187.220 -0.0133        
 4187.240 -0.0194        
 4187.260 -0.0234        
 4187.280 -0.0254        
 4187.300 -0.0285        
 4187.320 -0.0361        
 4187.340 -0.0501        
 4187.360 -0.0697        
 4187.380 -0.0904        
 4187.400 -0.1015        
 4187.420 -0.0929        
 4187.440 -0.0649        
 4187.460 -0.0292        
 4187.480  0.0016        
 4187.500  0.0224        
 4187.520  0.0340        
 4187.540  0.0387        
 4187.560  0.0376        
 4187.580  0.0314        
 4187.600  0.0213        
 4187.620  0.0097        
 4187.640 -0.0010        
 4187.660 -0.0083        
 4187.680 -0.0104        
 4187.700 -0.0072        
 4187.720 -0.0005        
 4187.740  0.0073        
 4187.760  0.0137        
 4187.780  0.0168        
 4187.800  0.0155        
 4187.820  0.0106        
 4187.840  0.0040        
 4187.860 -0.0020        
 4187.880 -0.0062        
 4187.900 -0.0081        
 4187.920 -0.0077        
 4187.940 -0.0057        
 4187.960 -0.0030        
 4187.980 -0.0002        
 4188.000  0.0027        
 4188.020  0.0059        
 4188.040  0.0093        
 4188.060  0.0124        
 4188.080  0.0149        
 4188.100  0.0159        
 4188.120  0.0149        
 4188.140  0.0118        
 4188.160  0.0075        
 4188.180  0.0033        
 4188.200  0.0001        
 4188.220 -0.0017        
 4188.240 -0.0023        
 4188.260 -0.0020        
 4188.280 -0.0013        
 4188.300 -0.0005        
 4188.320  0.0007        
 4188.340  0.0030        
 4188.360  0.0067        
 4188.380  0.0109        
 4188.400  0.0142        
 4188.420  0.0159        
 4188.440  0.0155        
 4188.460  0.0129        
 4188.480  0.0091        
 4188.500  0.0055        
 4188.520  0.0035        
 4188.540  0.0039        
 4188.560  0.0068        
 4188.580  0.0118        
 4188.600  0.0173        
 4188.620  0.0210        
 4188.640  0.0212        
 4188.660  0.0179        
 4188.680  0.0127        
 4188.700  0.0071        
 4188.720  0.0023        
 4188.740 -0.0012        
 4188.760 -0.0039        
 4188.780 -0.0067        
 4188.800 -0.0102        
 4188.820 -0.0141        
 4188.840 -0.0174        
 4188.860 -0.0192        
 4188.880 -0.0189        
 4188.900 -0.0169        
 4188.920 -0.0138        
 4188.940 -0.0109        
 4188.960 -0.0091        
 4188.980 -0.0084        
 4189.000 -0.0079        
 4189.020 -0.0063        
 4189.040 -0.0030        
 4189.060  0.0022        
 4189.080  0.0086        
 4189.100  0.0145        
 4189.120  0.0182        
 4189.140  0.0187        
 4189.160  0.0163        
 4189.180  0.0118        
 4189.200  0.0068        
 4189.220  0.0031        
 4189.240  0.0019        
 4189.260  0.0029        
 4189.280  0.0047        
 4189.300  0.0058        
 4189.320  0.0052        
 4189.340  0.0025        
 4189.360 -0.0018        
 4189.380 -0.0059        
 4189.400 -0.0080        
 4189.420 -0.0068        
 4189.440 -0.0023        
 4189.460  0.0051        
 4189.480  0.0138        
 4189.500  0.0219        
 4189.520  0.0271        
 4189.540  0.0283        
 4189.560  0.0248        
 4189.580  0.0176        
 4189.600  0.0085        
 4189.620  0.0000        
 4189.640 -0.0060        
 4189.660 -0.0082        
 4189.680 -0.0061        
 4189.700 -0.0002        
 4189.720  0.0072        
 4189.740  0.0137        
 4189.760  0.0171        
 4189.780  0.0164        
 4189.800  0.0116        
 4189.820  0.0042        
 4189.840 -0.0032        
 4189.860 -0.0085        
 4189.880 -0.0101        
 4189.900 -0.0077        
 4189.920 -0.0027        
 4189.940  0.0020        
 4189.960  0.0044        
 4189.980  0.0049        
 4190.000  0.0049        
 4190.020  0.0054        
 4190.040  0.0068        
 4190.060  0.0093        
 4190.080  0.0123        
 4190.100  0.0145        
 4190.120  0.0150        
 4190.140  0.0139        
 4190.160  0.0123        
 4190.180  0.0116        
 4190.200  0.0126        
 4190.220  0.0155        
 4190.240  0.0197        
 4190.260  0.0230        
 4190.280  0.0234        
 4190.300  0.0200        
 4190.320  0.0134        
 4190.340  0.0049        
 4190.360 -0.0040        
 4190.380 -0.0115        
 4190.400 -0.0154        
 4190.420 -0.0141        
 4190.440 -0.0069        
 4190.460  0.0043        
 4190.480  0.0155        
 4190.500  0.0229        
 4190.520  0.0250        
 4190.540  0.0230        
 4190.560  0.0184        
 4190.580  0.0124        
 4190.600  0.0056        
 4190.620 -0.0015        
 4190.640 -0.0076        
 4190.660 -0.0114        
 4190.680 -0.0118        
 4190.700 -0.0088        
 4190.720 -0.0033        
 4190.740  0.0034        
 4190.760  0.0091        
 4190.780  0.0115        
 4190.800  0.0099        
 4190.820  0.0048        
 4190.840 -0.0018        
 4190.860 -0.0073        
 4190.880 -0.0092        
 4190.900 -0.0065        
 4190.920  0.0001        
 4190.940  0.0089        
 4190.960  0.0182        
 4190.980  0.0263        
 4191.000  0.0308        
 4191.020  0.0290        
 4191.040  0.0186        
 4191.060 -0.0015        
 4191.080 -0.0286        
 4191.100 -0.0534        
 4191.120 -0.0634        
 4191.140 -0.0514        
 4191.160 -0.0191        
 4191.180  0.0234        
 4191.200  0.0610        
 4191.220  0.0802        
 4191.240  0.0782        
 4191.260  0.0632        
 4191.280  0.0454        
 4191.300  0.0303        
 4191.320  0.0196        
 4191.340  0.0128        
 4191.360  0.0091        
 4191.380  0.0082        
 4191.400  0.0094        
 4191.420  0.0114        
 4191.440  0.0128        
 4191.460  0.0125        
 4191.480  0.0100        
 4191.500  0.0055        
 4191.520 -0.0001        
 4191.540 -0.0054        
 4191.560 -0.0091        
 4191.580 -0.0107        
 4191.600 -0.0098        
 4191.620 -0.0068        
 4191.640 -0.0027        
 4191.660  0.0014        
 4191.680  0.0046        
 4191.700  0.0064        
 4191.720  0.0071        
 4191.740  0.0067        
 4191.760  0.0056        
 4191.780  0.0043        
 4191.800  0.0029        
 4191.820  0.0013        
 4191.840 -0.0003        
 4191.860 -0.0019        
 4191.880 -0.0034        
 4191.900 -0.0045        
 4191.920 -0.0047        
 4191.940 -0.0038        
 4191.960 -0.0018        
 4191.980  0.0008        
 4192.000  0.0036        
 4192.020  0.0057        
 4192.040  0.0067        
 4192.060  0.0064        
 4192.080  0.0052        
 4192.100  0.0041        
 4192.120  0.0039        
 4192.140  0.0050        
 4192.160  0.0074        
 4192.180  0.0103        
 4192.200  0.0124        
 4192.220  0.0126        
 4192.240  0.0105        
 4192.260  0.0067        
 4192.280  0.0021        
 4192.300 -0.0017        
 4192.320 -0.0031        
 4192.340 -0.0014        
 4192.360  0.0026        
 4192.380  0.0073        
 4192.400  0.0111        
 4192.420  0.0122        
 4192.440  0.0099        
 4192.460  0.0049        
 4192.480 -0.0009        
 4192.500 -0.0055        
 4192.520 -0.0075        
 4192.540 -0.0063        
 4192.560 -0.0022        
 4192.580  0.0032        
 4192.600  0.0080        
 4192.620  0.0106        
 4192.640  0.0110        
 4192.660  0.0095        
 4192.680  0.0073        
 4192.700  0.0057        
 4192.720  0.0058        
 4192.740  0.0075        
 4192.760  0.0099        
 4192.780  0.0119        
 4192.800  0.0129        
 4192.820  0.0124        
 4192.840  0.0107        
 4192.860  0.0083        
 4192.880  0.0062        
 4192.900  0.0049        
 4192.920  0.0043        
 4192.940  0.0041        
 4192.960  0.0040        
 4192.980  0.0034        
 4193.000  0.0022        
 4193.020  0.0007        
 4193.040 -0.0004        
 4193.060 -0.0005        
 4193.080  0.0007        
 4193.100  0.0034        
 4193.120  0.0069        
 4193.140  0.0102        
 4193.160  0.0123        
 4193.180  0.0127        
 4193.200  0.0110        
 4193.220  0.0075        
 4193.240  0.0029        
 4193.260 -0.0014        
 4193.280 -0.0044        
 4193.300 -0.0053        
 4193.320 -0.0043        
 4193.340 -0.0018        
 4193.360  0.0009        
 4193.380  0.0028        
 4193.400  0.0033        
 4193.420  0.0025        
 4193.440  0.0006        
 4193.460 -0.0015        
 4193.480 -0.0028        
 4193.500 -0.0024        
 4193.520 -0.0004        
 4193.540  0.0030        
 4193.560  0.0070        
 4193.580  0.0108        
 4193.600  0.0136        
 4193.620  0.0149        
 4193.640  0.0147        
 4193.660  0.0132        
 4193.680  0.0108        
 4193.700  0.0080        
 4193.720  0.0048        
 4193.740  0.0015        
 4193.760 -0.0019        
 4193.780 -0.0051        
 4193.800 -0.0077        
 4193.820 -0.0092        
 4193.840 -0.0093        
 4193.860 -0.0080        
 4193.880 -0.0056        
 4193.900 -0.0023        
 4193.920  0.0014        
 4193.940  0.0053        
 4193.960  0.0093        
 4193.980  0.0134        
 4194.000  0.0174        
 4194.020  0.0206        
 4194.040  0.0225        
 4194.060  0.0223        
 4194.080  0.0199        
 4194.100  0.0155        
 4194.120  0.0102        
 4194.140  0.0054        
 4194.160  0.0023        
 4194.180  0.0010        
 4194.200  0.0009        
 4194.220  0.0015        
 4194.240  0.0018        
 4194.260  0.0012        
 4194.280 -0.0002        
 4194.300 -0.0012        
 4194.320 -0.0005        
 4194.340  0.0028        
 4194.360  0.0093        
 4194.380  0.0195        
 4194.400  0.0322        
 4194.420  0.0436        
 4194.440  0.0472        
 4194.460  0.0368        
 4194.480  0.0118        
 4194.500 -0.0192        
 4194.520 -0.0419        
 4194.540 -0.0459        
 4194.560 -0.0297        
 4194.580 -0.0004        
 4194.600  0.0307        
 4194.620  0.0542        
 4194.640  0.0657        
 4194.660  0.0671        
 4194.680  0.0633        
 4194.700  0.0582        
 4194.720  0.0523        
 4194.740  0.0449        
 4194.760  0.0356        
 4194.780  0.0257        
 4194.800  0.0171        
 4194.820  0.0109        
 4194.840  0.0074        
 4194.860  0.0067        
 4194.880  0.0085        
 4194.900  0.0116        
 4194.920  0.0149        
 4194.940  0.0172        
 4194.960  0.0177        
 4194.980  0.0160        
 4195.000  0.0125        
 4195.020  0.0079        
 4195.040  0.0034        
 4195.060 -0.0007        
 4195.080 -0.0040        
 4195.100 -0.0064        
 4195.120 -0.0081        
 4195.140 -0.0093        
 4195.160 -0.0103        
 4195.180 -0.0107        
 4195.200 -0.0104        
 4195.220 -0.0092        
 4195.240 -0.0070        
 4195.260 -0.0037        
 4195.280  0.0001        
 4195.300  0.0037        
 4195.320  0.0063        
 4195.340  0.0077        
 4195.360  0.0076        
 4195.380  0.0064        
 4195.400  0.0045        
 4195.420  0.0025        
 4195.440  0.0010        
 4195.460  0.0002        
 4195.480  0.0004        
 4195.500  0.0012        
 4195.520  0.0023        
 4195.540  0.0034        
 4195.560  0.0039        
 4195.580  0.0035        
 4195.600  0.0015        
 4195.620 -0.0021        
 4195.640 -0.0066        
 4195.660 -0.0088        
 4195.680 -0.0010        
 4195.700  0.0228        
 4195.720  0.0560        
 4195.740  0.0784        
 4195.760  0.0763        
 4195.780  0.0553        
 4195.800  0.0290        
 4195.820  0.0061        
 4195.840 -0.0107        
 4195.860 -0.0215        
 4195.880 -0.0269        
 4195.900 -0.0269        
 4195.920 -0.0208        
 4195.940 -0.0091        
 4195.960  0.0050        
 4195.980  0.0169        
 4196.000  0.0230        
 4196.020  0.0224        
 4196.040  0.0169        
 4196.060  0.0099        
 4196.080  0.0038        
 4196.100 -0.0004        
 4196.120 -0.0027        
 4196.140 -0.0039        
 4196.160 -0.0046        
 4196.180 -0.0059        
 4196.200 -0.0082        
 4196.220 -0.0109        
 4196.240 -0.0129        
 4196.260 -0.0132        
 4196.280 -0.0116        
 4196.300 -0.0080        
 4196.320 -0.0026        
 4196.340  0.0032        
 4196.360  0.0070        
 4196.380  0.0071        
 4196.400  0.0037        
 4196.420 -0.0005        
 4196.440 -0.0031        
 4196.460 -0.0030        
 4196.480 -0.0008        
 4196.500  0.0021        
 4196.520  0.0043        
 4196.540  0.0051        
 4196.560  0.0049        
 4196.580  0.0045        
 4196.600  0.0048        
 4196.620  0.0070        
 4196.640  0.0113        
 4196.660  0.0168        
 4196.680  0.0218        
 4196.700  0.0247        
 4196.720  0.0249        
 4196.740  0.0223        
 4196.760  0.0179        
 4196.780  0.0135        
 4196.800  0.0108        
 4196.820  0.0104        
 4196.840  0.0116        
 4196.860  0.0130        
 4196.880  0.0133        
 4196.900  0.0117        
 4196.920  0.0080        
 4196.940  0.0031        
 4196.960 -0.0010        
 4196.980 -0.0034        
 4197.000 -0.0039        
 4197.020 -0.0032        
 4197.040 -0.0023        
 4197.060 -0.0022        
 4197.080 -0.0039        
 4197.100 -0.0071        
 4197.120 -0.0102        
 4197.140 -0.0115        
 4197.160 -0.0107        
 4197.180 -0.0086        
 4197.200 -0.0063        
 4197.220 -0.0044        
 4197.240 -0.0036        
 4197.260 -0.0037        
 4197.280 -0.0036        
 4197.300 -0.0023        
 4197.320  0.0007        
 4197.340  0.0050        
 4197.360  0.0098        
 4197.380  0.0139        
 4197.400  0.0160        
 4197.420  0.0153        
 4197.440  0.0120        
 4197.460  0.0069        
 4197.480  0.0013        
 4197.500 -0.0039        
 4197.520 -0.0077        
 4197.540 -0.0097        
 4197.560 -0.0100        
 4197.580 -0.0091        
 4197.600 -0.0071        
 4197.620 -0.0041        
 4197.640 -0.0006        
 4197.660  0.0030        
 4197.680  0.0060        
 4197.700  0.0080        
 4197.720  0.0088        
 4197.740  0.0083        
 4197.760  0.0070        
 4197.780  0.0059        
 4197.800  0.0059        
 4197.820  0.0071        
 4197.840  0.0088        
 4197.860  0.0102        
 4197.880  0.0103        
 4197.900  0.0082        
 4197.920  0.0040        
 4197.940 -0.0013        
 4197.960 -0.0060        
 4197.980 -0.0087        
 4198.000 -0.0085        
 4198.020 -0.0053        
 4198.040 -0.0001        
 4198.060  0.0052        
 4198.080  0.0087        
 4198.100  0.0095        
 4198.120  0.0076        
 4198.140  0.0035        
 4198.160 -0.0011        
 4198.180 -0.0045        
 4198.200 -0.0055        
 4198.220 -0.0040        
 4198.240 -0.0005        
 4198.260  0.0039        
 4198.280  0.0077        
 4198.300  0.0097        
 4198.320  0.0094        
 4198.340  0.0070        
 4198.360  0.0033        
 4198.380 -0.0006        
 4198.400 -0.0037        
 4198.420 -0.0051        
 4198.440 -0.0048        
 4198.460 -0.0029        
 4198.480  0.0000        
 4198.500  0.0031        
 4198.520  0.0056        
 4198.540  0.0073        
 4198.560  0.0083        
 4198.580  0.0085        
 4198.600  0.0081        
 4198.620  0.0074        
 4198.640  0.0062        
 4198.660  0.0044        
 4198.680  0.0021        
 4198.700 -0.0006        
 4198.720 -0.0032        
 4198.740 -0.0051        
 4198.760 -0.0058        
 4198.780 -0.0051        
 4198.800 -0.0032        
 4198.820 -0.0007        
 4198.840  0.0014        
 4198.860  0.0027        
 4198.880  0.0031        
 4198.900  0.0028        
 4198.920  0.0025        
 4198.940  0.0031        
 4198.960  0.0052        
 4198.980  0.0086        
 4199.000  0.0125        
 4199.020  0.0160        
 4199.040  0.0182        
 4199.060  0.0186        
 4199.080  0.0169        
 4199.100  0.0138        
 4199.120  0.0101        
 4199.140  0.0064        
 4199.160  0.0030        
 4199.180  0.0002        
 4199.200 -0.0021        
 4199.220 -0.0041        
 4199.240 -0.0058        
 4199.260 -0.0071        
 4199.280 -0.0078        
 4199.300 -0.0078        
 4199.320 -0.0073        
 4199.340 -0.0067        
 4199.360 -0.0062        
 4199.380 -0.0057        
 4199.400 -0.0052        
 4199.420 -0.0042        
 4199.440 -0.0021        
 4199.460  0.0015        
 4199.480  0.0061        
 4199.500  0.0106        
 4199.520  0.0137        
 4199.540  0.0144        
 4199.560  0.0119        
 4199.580  0.0065        
 4199.600 -0.0005        
 4199.620 -0.0072        
 4199.640 -0.0120        
 4199.660 -0.0136        
 4199.680 -0.0113        
 4199.700 -0.0058        
 4199.720  0.0013        
 4199.740  0.0083        
 4199.760  0.0139        
 4199.780  0.0168        
 4199.800  0.0167        
 4199.820  0.0142        
 4199.840  0.0100        
 4199.860  0.0056        
 4199.880  0.0019        
 4199.900  0.0000        
 4199.920  0.0000        
 4199.940  0.0017        
 4199.960  0.0044        
 4199.980  0.0071        
 4200.000  0.0088        
 4200.020  0.0087        
 4200.040  0.0067        
 4200.060  0.0032        
 4200.080 -0.0012        
 4200.100 -0.0057        
 4200.120 -0.0096        
 4200.140 -0.0125        
 4200.160 -0.0143        
 4200.180 -0.0149        
 4200.200 -0.0142        
 4200.220 -0.0121        
 4200.240 -0.0090        
 4200.260 -0.0055        
 4200.280 -0.0021        
 4200.300  0.0007        
 4200.320  0.0028        
 4200.340  0.0041        
 4200.360  0.0047        
 4200.380  0.0046        
 4200.400  0.0042        
 4200.420  0.0036        
 4200.440  0.0031        
 4200.460  0.0029        
 4200.480  0.0029        
 4200.500  0.0029        
 4200.520  0.0027        
 4200.540  0.0025        
 4200.560  0.0022        
 4200.580  0.0023        
 4200.600  0.0031        
 4200.620  0.0047        
 4200.640  0.0069        
 4200.660  0.0091        
 4200.680  0.0109        
 4200.700  0.0122        
 4200.720  0.0131        
 4200.740  0.0140        
 4200.760  0.0154        
 4200.780  0.0179        
 4200.800  0.0212        
 4200.820  0.0238        
 4200.840  0.0242        
 4200.860  0.0219        
 4200.880  0.0178        
 4200.900  0.0132        
 4200.920  0.0094        
 4200.940  0.0072        
 4200.960  0.0068        
 4200.980  0.0080        
 4201.000  0.0103        
 4201.020  0.0128        
 4201.040  0.0145        
 4201.060  0.0147        
 4201.080  0.0133        
 4201.100  0.0107        
 4201.120  0.0073        
 4201.140  0.0036        
 4201.160  0.0003        
 4201.180 -0.0020        
 4201.200 -0.0025        
 4201.220 -0.0011        
 4201.240  0.0020        
 4201.260  0.0059        
 4201.280  0.0098        
 4201.300  0.0125        
 4201.320  0.0124        
 4201.340  0.0080        
 4201.360 -0.0009        
 4201.380 -0.0125        
 4201.400 -0.0225        
 4201.420 -0.0269        
 4201.440 -0.0236        
 4201.460 -0.0144        
 4201.480 -0.0030        
 4201.500  0.0075        
 4201.520  0.0153        
 4201.540  0.0193        
 4201.560  0.0194        
 4201.580  0.0165        
 4201.600  0.0128        
 4201.620  0.0102        
 4201.640  0.0095        
 4201.660  0.0107        
 4201.680  0.0128        
 4201.700  0.0142        
 4201.720  0.0138        
 4201.740  0.0112        
 4201.760  0.0076        
 4201.780  0.0042        
 4201.800  0.0024        
 4201.820  0.0033        
 4201.840  0.0067        
 4201.860  0.0106        
 4201.880  0.0122        
 4201.900  0.0105        
 4201.920  0.0065        
 4201.940  0.0018        
 4201.960 -0.0023        
 4201.980 -0.0050        
 4202.000 -0.0056        
 4202.020 -0.0047        
 4202.040 -0.0037        
 4202.060 -0.0035        
 4202.080 -0.0045        
 4202.100 -0.0061        
 4202.120 -0.0075        
 4202.140 -0.0071        
 4202.160 -0.0031        
 4202.180  0.0055        
 4202.200  0.0185        
 4202.220  0.0326        
 4202.240  0.0420        
 4202.260  0.0420        
 4202.280  0.0332        
 4202.300  0.0219        
 4202.320  0.0139        
 4202.340  0.0108        
 4202.360  0.0114        
 4202.380  0.0136        
 4202.400  0.0156        
 4202.420  0.0155        
 4202.440  0.0118        
 4202.460  0.0056        
 4202.480 -0.0009        
 4202.500 -0.0051        
 4202.520 -0.0057        
 4202.540 -0.0025        
 4202.560  0.0036        
 4202.580  0.0102        
 4202.600  0.0147        
 4202.620  0.0157        
 4202.640  0.0135        
 4202.660  0.0094        
 4202.680  0.0050        
 4202.700  0.0025        
 4202.720  0.0029        
 4202.740  0.0057        
 4202.760  0.0095        
 4202.780  0.0126        
 4202.800  0.0139        
 4202.820  0.0131        
 4202.840  0.0106        
 4202.860  0.0080        
 4202.880  0.0064        
 4202.900  0.0064        
 4202.920  0.0075        
 4202.940  0.0091        
 4202.960  0.0102        
 4202.980  0.0000        
 4203.000  0.0000        
