           0.9800  1.0000
           0.19    0.00  
 4597.000  0.9711  0.9942
 4597.020  0.9645  0.9923
 4597.040  0.9626  0.9945
 4597.060  0.9626  0.9940
 4597.080  0.9656  0.9981
 4597.100  0.9698  0.9941
 4597.120  0.9730  0.9971
 4597.140  0.9745  1.0004
 4597.160  0.9752  0.9991
 4597.180  0.9761  1.0009
 4597.200  0.9775  0.9967
 4597.220  0.9793  0.9995
 4597.240  0.9811  0.9964
 4597.260  0.9820  0.9954
 4597.280  0.9815  0.9993
 4597.300  0.9807  0.9973
 4597.320  0.9807  1.0010
 4597.340  0.9822  0.9963
 4597.360  0.9853  0.9971
 4597.380  0.9896  0.9963
 4597.400  0.9941  0.9932
 4597.420  0.9967  0.9939
 4597.440  0.9967  0.9948
 4597.460  0.9955  1.0000
 4597.480  0.9943  0.9958
 4597.500  0.9934  0.9987
 4597.520  0.9932  0.9971
 4597.540  0.9941  0.9959
 4597.560  0.9949  0.9925
 4597.580  0.9936  0.9894
 4597.600  0.9896  0.9857
 4597.620  0.9838  0.9828
 4597.640  0.9769  0.9755
 4597.660  0.9697  0.9763
 4597.680  0.9650  0.9765
 4597.700  0.9651  0.9766
 4597.720  0.9688  0.9753
 4597.740  0.9724  0.9800
 4597.760  0.9743  0.9862
 4597.780  0.9750  0.9908
 4597.800  0.9747  0.9942
 4597.820  0.9744  0.9961
 4597.840  0.9757  0.9967
 4597.860  0.9800  0.9962
 4597.880  0.9867  0.9957
 4597.900  0.9937  0.9958
 4597.920  0.9986  0.9964
 4597.940  0.9999  0.9974
 4597.960  0.9966  0.9984
 4597.980  0.9894  0.9988
 4598.000  0.9806  0.9987
 4598.020  0.9735  0.9982
 4598.040  0.9700  0.9976
 4598.060  0.9704  0.9970
 4598.080  0.9741  0.9963
 4598.100  0.9796  0.9954
 4598.120  0.9852  0.9941
 4598.140  0.9891  0.9925
 4598.160  0.9913  0.9912
 4598.180  0.9924  0.9906
 4598.200  0.9935  0.9912
 4598.220  0.9948  0.9929
 4598.240  0.9965  0.9948
 4598.260  0.9982  0.9958
 4598.280  0.9996  0.9952
 4598.300  0.9997  0.9929
 4598.320  0.9984  0.9897
 4598.340  0.9961  0.9867
 4598.360  0.9938  0.9848
 4598.380  0.9918  0.9844
 4598.400  0.9903  0.9843
 4598.420  0.9894  0.9832
 4598.440  0.9889  0.9797
 4598.460  0.9882  0.9739
 4598.480  0.9862  0.9669
 4598.500  0.9829  0.9607
 4598.520  0.9788  0.9565
 4598.540  0.9745  0.9533
 4598.560  0.9706  0.9477
 4598.580  0.9686  0.9339
 4598.600  0.9702  0.9067
 4598.620  0.9765  0.8639
 4598.640  0.9868  0.8085
 4598.660  1.0003  0.7492
 4598.680  1.0149  0.6985
 4598.700  1.0257  0.6688
 4598.720  1.0278  0.6682
 4598.740  1.0204  0.6975
 4598.760  1.0074  0.7496
 4598.780  0.9932  0.8120
 4598.800  0.9811  0.8705
 4598.820  0.9739  0.9147
 4598.840  0.9725  0.9402
 4598.860  0.9751  0.9495
 4598.880  0.9790  0.9498
 4598.900  0.9823  0.9492
 4598.920  0.9840  0.9531
 4598.940  0.9835  0.9627
 4598.960  0.9815  0.9752
 4598.980  0.9799  0.9859
 4599.000  0.9800  0.9914
 4599.020  0.9816  0.9908
 4599.040  0.9834  0.9865
 4599.060  0.9840  0.9824
 4599.080  0.9823  0.9818
 4599.100  0.9786  0.9857
 4599.120  0.9742  0.9924
 4599.140  0.9714  0.9987
 4599.160  0.9722  1.0013
 4599.180  0.9767  0.9992
 4599.200  0.9831  0.9937
 4599.220  0.9878  0.9879
 4599.240  0.9876  0.9849
 4599.260  0.9805  0.9864
 4599.280  0.9671  0.9916
 4599.300  0.9503  0.9978
 4599.320  0.9346  1.0020
 4599.340  0.9245  1.0024
 4599.360  0.9224  0.9992
 4599.380  0.9276  0.9947
 4599.400  0.9376  0.9915
 4599.420  0.9490  0.9915
 4599.440  0.9583  0.9946
 4599.460  0.9635  0.9989
 4599.480  0.9651  1.0019
 4599.500  0.9654  1.0018
 4599.520  0.9669  0.9986
 4599.540  0.9703  0.9940
 4599.560  0.9754  0.9906
 4599.580  0.9812  0.9902
 4599.600  0.9856  0.9930
 4599.620  0.9866  0.9974
 4599.640  0.9841  1.0008
 4599.660  0.9799  1.0012
 4599.680  0.9762  0.9983
 4599.700  0.9742  0.9937
 4599.720  0.9745  0.9901
 4599.740  0.9773  0.9896
 4599.760  0.9813  0.9926
 4599.780  0.9847  0.9973
 4599.800  0.9863  1.0009
 4599.820  0.9868  1.0005
 4599.840  0.9867  0.9956
 4599.860  0.9863  0.9881
 4599.880  0.9859  0.9819
 4599.900  0.9858  0.9807
 4599.920  0.9857  0.9857
 4599.940  0.9848  0.9946
 4599.960  0.9831  1.0021
 4599.980  0.9820  1.0013
 4600.000  0.9825  0.9873
 4600.020  0.9848  0.9594
 4600.040  0.9890  0.9219
 4600.060  0.9947  0.8834
 4600.080  0.9998  0.8537
 4600.100  1.0015  0.8405
 4600.120  0.9991  0.8470
 4600.140  0.9940  0.8707
 4600.160  0.9883  0.9047
 4600.180  0.9844  0.9402
 4600.200  0.9841  0.9697
 4600.220  0.9881  0.9887
 4600.240  0.9947  0.9970
 4600.260  1.0017  0.9973
 4600.280  1.0066  0.9941
 4600.300  1.0075  0.9910
 4600.320  1.0041  0.9903
 4600.340  0.9974  0.9922
 4600.360  0.9896  0.9955
 4600.380  0.9830  0.9985
 4600.400  0.9788  1.0001
 4600.420  0.9774  1.0000
 4600.440  0.9775  0.9990
 4600.460  0.9777  0.9980
 4600.480  0.9768  0.9977
 4600.500  0.9745  0.9984
 4600.520  0.9711  0.9999
 4600.540  0.9677  1.0014
 4600.560  0.9658  1.0022
 4600.580  0.9659  1.0020
 4600.600  0.9681  1.0007
 4600.620  0.9713  0.9988
 4600.640  0.9745  0.9969
 4600.660  0.9768  0.9958
 4600.680  0.9775  0.9958
 4600.700  0.9770  0.9969
 4600.720  0.9758  0.9987
 4600.740  0.9750  1.0006
 4600.760  0.9750  1.0018
 4600.780  0.9757  1.0020
 4600.800  0.9768  1.0013
 4600.820  0.9781  1.0001
 4600.840  0.9792  0.9992
 4600.860  0.9802  0.9990
 4600.880  0.9816  0.9995
 4600.900  0.9836  1.0005
 4600.920  0.9865  1.0013
 4600.940  0.9894  1.0011
 4600.960  0.9915  0.9999
 4600.980  0.9919  0.9981
 4601.000  0.9899  0.9965
 4601.020  0.9857  0.9960
 4601.040  0.9804  0.9971
 4601.060  0.9757  0.9995
 4601.080  0.9733  1.0023
 4601.100  0.9738  1.0041
 4601.120  0.9768  1.0040
 4601.140  0.9811  1.0020
 4601.160  0.9847  0.9987
 4601.180  0.9858  0.9956
 4601.200  0.9839  0.9939
 4601.220  0.9797  0.9943
 4601.240  0.9750  0.9963
 4601.260  0.9720  0.9988
 4601.280  0.9722  1.0007
 4601.300  0.9759  1.0010
 4601.320  0.9820  0.9999
 4601.340  0.9882  0.9982
 4601.360  0.9921  0.9973
 4601.380  0.9924  0.9977
 4601.400  0.9888  0.9993
 4601.420  0.9828  1.0013
 4601.440  0.9766  1.0021
 4601.460  0.9726  1.0011
 4601.480  0.9719  0.9982
 4601.500  0.9748  0.9946
 4601.520  0.9802  0.9918
 4601.540  0.9863  0.9912
 4601.560  0.9914  0.9929
 4601.580  0.9946  0.9958
 4601.600  0.9957  0.9978
 4601.620  0.9952  0.9969
 4601.640  0.9938  0.9920
 4601.660  0.9920  0.9831
 4601.680  0.9902  0.9719
 4601.700  0.9882  0.9607
 4601.720  0.9863  0.9516
 4601.740  0.9850  0.9461
 4601.760  0.9849  0.9445
 4601.780  0.9866  0.9465
 4601.800  0.9901  0.9514
 4601.820  0.9946  0.9586
 4601.840  0.9990  0.9676
 4601.860  1.0015  0.9779
 4601.880  1.0008  0.9881
 4601.900  0.9968  0.9965
 4601.920  0.9904  1.0012
 4601.940  0.9831  1.0011
 4601.960  0.9765  0.9965
 4601.980  0.9724  0.9894
 4602.000  0.9716  0.9830
 4602.020  0.9737  0.9803
 4602.040  0.9771  0.9827
 4602.060  0.9805  0.9893
 4602.080  0.9831  0.9965
 4602.100  0.9838  0.9997
 4602.120  0.9827  0.9951
 4602.140  0.9808  0.9812
 4602.160  0.9794  0.9602
 4602.180  0.9790  0.9372
 4602.200  0.9800  0.9183
 4602.220  0.9829  0.9089
 4602.240  0.9873  0.9116
 4602.260  0.9917  0.9252
 4602.280  0.9951  0.9455
 4602.300  0.9967  0.9668
 4602.320  0.9958  0.9840
 4602.340  0.9918  0.9940
 4602.360  0.9852  0.9964
 4602.380  0.9775  0.9933
 4602.400  0.9703  0.9876
 4602.420  0.9654  0.9824
 4602.440  0.9644  0.9796
 4602.460  0.9680  0.9797
 4602.480  0.9749  0.9816
 4602.500  0.9827  0.9838
 4602.520  0.9893  0.9841
 4602.540  0.9924  0.9806
 4602.560  0.9910  0.9721
 4602.580  0.9857  0.9588
 4602.600  0.9789  0.9421
 4602.620  0.9727  0.9248
 4602.640  0.9692  0.9104
 4602.660  0.9697  0.9021
 4602.680  0.9738  0.9013
 4602.700  0.9790  0.9071
 4602.720  0.9829  0.9161
 4602.740  0.9846  0.9231
 4602.760  0.9836  0.9235
 4602.780  0.9802  0.9148
 4602.800  0.9763  0.8983
 4602.820  0.9743  0.8792
 4602.840  0.9751  0.8645
 4602.860  0.9779  0.8610
 4602.880  0.9816  0.8723
 4602.900  0.9851  0.8973
 4602.920  0.9864  0.9306
 4602.940  0.9844  0.9641
 4602.960  0.9796  0.9903
 4602.980  0.9737  1.0046
 4603.000  0.9675  1.0070
 4603.020  0.9619  1.0013
 4603.040  0.9581  0.9934
 4603.060  0.9573  0.9884
 4603.080  0.9589  0.9888
 4603.100  0.9621  0.9940
 4603.120  0.9667  1.0009
 4603.140  0.9722  1.0057
 4603.160  0.9774  1.0063
 4603.180  0.9813  1.0028
 4603.200  0.9837  0.9974
 4603.220  0.9843  0.9931
 4603.240  0.9830  0.9922
 4603.260  0.9800  0.9950
 4603.280  0.9764  1.0001
 4603.300  0.9733  1.0048
 4603.320  0.9712  1.0068
 4603.340  0.9702  1.0053
 4603.360  0.9702  1.0012
 4603.380  0.9706  0.9966
 4603.400  0.9707  0.9936
 4603.420  0.9699  0.9935
 4603.440  0.9680  0.9959
 4603.460  0.9659  0.9994
 4603.480  0.9644  1.0022
 4603.500  0.9642  1.0031
 4603.520  0.9656  1.0019
 4603.540  0.9688  0.9997
 4603.560  0.9729  0.9978
 4603.580  0.9766  0.9975
 4603.600  0.9789  0.9986
 4603.620  0.9794  1.0005
 4603.640  0.9784  1.0017
 4603.660  0.9765  1.0014
 4603.680  0.9745  0.9993
 4603.700  0.9735  0.9963
 4603.720  0.9740  0.9938
 4603.740  0.9751  0.9929
 4603.760  0.9760  0.9940
 4603.780  0.9758  0.9966
 4603.800  0.9743  0.9996
 4603.820  0.9716  1.0017
 4603.840  0.9684  1.0019
 4603.860  0.9660  1.0004
 4603.880  0.9657  0.9978
 4603.900  0.9677  0.9952
 4603.920  0.9715  0.9936
 4603.940  0.9761  0.9933
 4603.960  0.9804  0.9942
 4603.980  0.9833  0.9957
 4604.000  0.9846  0.9972
 4604.020  0.9847  0.9984
 4604.040  0.9849  0.9992
 4604.060  0.9858  0.9998
 4604.080  0.9873  1.0002
 4604.100  0.9889  1.0005
 4604.120  0.9900  1.0003
 4604.140  0.9895  0.9995
 4604.160  0.9866  0.9979
 4604.180  0.9819  0.9956
 4604.200  0.9766  0.9933
 4604.220  0.9721  0.9915
 4604.240  0.9693  0.9906
 4604.260  0.9690  0.9908
 4604.280  0.9709  0.9918
 4604.300  0.9742  0.9933
 4604.320  0.9777  0.9949
 4604.340  0.9806  0.9962
 4604.360  0.9828  0.9973
 4604.380  0.9848  0.9979
 4604.400  0.9865  0.9982
 4604.420  0.9881  0.9983
 4604.440  0.9895  0.9979
 4604.460  0.9900  0.9971
 4604.480  0.9890  0.9960
 4604.500  0.9862  0.9950
 4604.520  0.9821  0.9945
 4604.540  0.9781  0.9947
 4604.560  0.9750  0.9958
 4604.580  0.9736  0.9976
 4604.600  0.9742  0.9995
 4604.620  0.9763  1.0010
 4604.640  0.9790  1.0018
 4604.660  0.9812  1.0018
 4604.680  0.9824  1.0011
 4604.700  0.9830  1.0005
 4604.720  0.9834  1.0002
 4604.740  0.9837  1.0006
 4604.760  0.9841  1.0016
 4604.780  0.9844  1.0029
 4604.800  0.9839  1.0040
 4604.820  0.9819  1.0046
 4604.840  0.9786  1.0047
 4604.860  0.9749  1.0041
 4604.880  0.9721  1.0033
 4604.900  0.9709  1.0024
 4604.920  0.9719  1.0016
 4604.940  0.9750  1.0008
 4604.960  0.9787  1.0000
 4604.980  0.9812  0.9991
 4605.000  0.9813  0.9980
 4605.020  0.9789  0.9970
 4605.040  0.9749  0.9963
 4605.060  0.9706  0.9958
 4605.080  0.9680  0.9958
 4605.100  0.9683  0.9962
 4605.120  0.9715  0.9967
 4605.140  0.9765  0.9974
 4605.160  0.9816  0.9981
 4605.180  0.9853  0.9987
 4605.200  0.9866  0.9992
 4605.220  0.9853  0.9995
 4605.240  0.9822  0.9995
 4605.260  0.9788  0.9991
 4605.280  0.9764  0.9982
 4605.300  0.9759  0.9969
 4605.320  0.9775  0.9954
 4605.340  0.9811  0.9940
 4605.360  0.9861  0.9931
 4605.380  0.9914  0.9930
 4605.400  0.9962  0.9937
 4605.420  0.9995  0.9950
 4605.440  1.0006  0.9968
 4605.460  0.9994  0.9985
 4605.480  0.9957  0.9998
 4605.500  0.9902  1.0004
 4605.520  0.9841  1.0004
 4605.540  0.9789  0.9999
 4605.560  0.9755  0.9992
 4605.580  0.9745  0.9987
 4605.600  0.9761  0.9985
 4605.620  0.9793  0.9987
 4605.640  0.9828  0.9992
 4605.660  0.9854  0.9999
 4605.680  0.9865  1.0003
 4605.700  0.9860  1.0002
 4605.720  0.9842  0.9995
 4605.740  0.9818  0.9983
 4605.760  0.9796  0.9968
 4605.780  0.9780  0.9955
 4605.800  0.9769  0.9947
 4605.820  0.9763  0.9947
 4605.840  0.9758  0.9955
 4605.860  0.9754  0.9971
 4605.880  0.9749  0.9991
 4605.900  0.9743  1.0011
 4605.920  0.9737  1.0027
 4605.940  0.9729  1.0036
 4605.960  0.9718  1.0040
 4605.980  0.9701  1.0037
 4606.000  0.9681  1.0031
 4606.020  0.9661  1.0024
 4606.040  0.9646  1.0018
 4606.060  0.9638  1.0014
 4606.080  0.9639  1.0014
 4606.100  0.9649  1.0016
 4606.120  0.9663  1.0020
 4606.140  0.9678  1.0024
 4606.160  0.9689  1.0029
 4606.180  0.9697  1.0033
 4606.200  0.9703  1.0035
 4606.220  0.9706  1.0035
 4606.240  0.9709  1.0035
 4606.260  0.9709  1.0033
 4606.280  0.9709  1.0031
 4606.300  0.9708  1.0028
 4606.320  0.9711  1.0023
 4606.340  0.9723  1.0017
 4606.360  0.9751  1.0009
 4606.380  0.9796  0.9999
 4606.400  0.9852  0.9988
 4606.420  0.9905  0.9980
 4606.440  0.9941  0.9975
 4606.460  0.9948  0.9975
 4606.480  0.9918  0.9978
 4606.500  0.9858  0.9985
 4606.520  0.9785  0.9992
 4606.540  0.9721  0.9997
 4606.560  0.9677  0.9998
 4606.580  0.9663  0.9994
 4606.600  0.9674  0.9987
 4606.620  0.9696  0.9978
 4606.640  0.9712  0.9970
 4606.660  0.9711  0.9966
 4606.680  0.9694  0.9967
 4606.700  0.9668  0.9975
 4606.720  0.9642  0.9986
 4606.740  0.9627  0.9999
 4606.760  0.9627  1.0010
 4606.780  0.9635  1.0015
 4606.800  0.9639  1.0012
 4606.820  0.9630  1.0002
 4606.840  0.9608  0.9987
 4606.860  0.9580  0.9972
 4606.880  0.9557  0.9962
 4606.900  0.9552  0.9960
 4606.920  0.9575  0.9966
 4606.940  0.9620  0.9979
 4606.960  0.9671  0.9993
 4606.980  0.9711  1.0004
 4607.000  0.9726  1.0010
 4607.020  0.9712  1.0011
 4607.040  0.9673  1.0008
 4607.060  0.9624  1.0006
 4607.080  0.9587  1.0006
 4607.100  0.9576  1.0008
 4607.120  0.9595  1.0010
 4607.140  0.9637  1.0009
 4607.160  0.9689  1.0002
 4607.180  0.9736  0.9991
 4607.200  0.9763  0.9980
 4607.220  0.9763  0.9973
 4607.240  0.9740  0.9971
 4607.260  0.9702  0.9976
 4607.280  0.9658  0.9981
 4607.300  0.9621  0.9983
 4607.320  0.9596  0.9977
 4607.340  0.9589  0.9964
 4607.360  0.9600  0.9951
 4607.380  0.9622  0.9944
 4607.400  0.9649  0.9949
 4607.420  0.9675  0.9963
 4607.440  0.9693  0.9978
 4607.460  0.9696  0.9976
 4607.480  0.9682  0.9944
 4607.500  0.9655  0.9875
 4607.520  0.9620  0.9775
 4607.540  0.9584  0.9664
 4607.560  0.9553  0.9570
 4607.580  0.9537  0.9517
 4607.600  0.9536  0.9521
 4607.620  0.9548  0.9579
 4607.640  0.9569  0.9675
 4607.660  0.9597  0.9781
 4607.680  0.9628  0.9873
 4607.700  0.9657  0.9934
 4607.720  0.9682  0.9963
 4607.740  0.9706  0.9968
 4607.760  0.9725  0.9964
 4607.780  0.9735  0.9964
 4607.800  0.9739  0.9974
 4607.820  0.9736  0.9991
 4607.840  0.9731  1.0006
 4607.860  0.9725  1.0013
 4607.880  0.9720  1.0007
 4607.900  0.9719  0.9991
 4607.920  0.9721  0.9973
 4607.940  0.9724  0.9959
 4607.960  0.9726  0.9954
 4607.980  0.9730  0.9955
 4608.000  0.9736  0.9960
 4608.020  0.9745  0.9962
 4608.040  0.9759  0.9961
 4608.060  0.9774  0.9956
 4608.080  0.9785  0.9952
 4608.100  0.9787  0.9953
 4608.120  0.9777  0.9960
 4608.140  0.9755  0.9970
 4608.160  0.9730  0.9981
 4608.180  0.9713  0.9990
 4608.200  0.9714  0.9994
 4608.220  0.9735  0.9997
 4608.240  0.9776  1.0001
 4608.260  0.9825  1.0007
 4608.280  0.9863  1.0016
 4608.300  0.9874  1.0024
 4608.320  0.9850  1.0026
 4608.340  0.9797  1.0020
 4608.360  0.9723  1.0008
 4608.380  0.9647  0.9995
 4608.400  0.9589  0.9986
 4608.420  0.9562  0.9986
 4608.440  0.9563  0.9992
 4608.460  0.9581  1.0002
 4608.480  0.9601  1.0007
 4608.500  0.9611  1.0004
 4608.520  0.9601  0.9993
 4608.540  0.9575  0.9980
 4608.560  0.9544  0.9972
 4608.580  0.9529  0.9972
 4608.600  0.9537  0.9980
 4608.620  0.9572  0.9989
 4608.640  0.9628  0.9992
 4608.660  0.9690  0.9984
 4608.680  0.9733  0.9965
 4608.700  0.9742  0.9944
 4608.720  0.9710  0.9934
 4608.740  0.9648  0.9941
 4608.760  0.9571  0.9965
 4608.780  0.9501  0.9995
 4608.800  0.9460  1.0014
 4608.820  0.9460  1.0010
 4608.840  0.9499  0.9977
 4608.860  0.9565  0.9925
 4608.880  0.9640  0.9872
 4608.900  0.9709  0.9841
 4608.920  0.9759  0.9844
 4608.940  0.9786  0.9879
 4608.960  0.9796  0.9932
 4608.980  0.9800  0.9980
 4609.000  0.9807  1.0004
 4609.020  0.9819  0.9997
 4609.040  0.9832  0.9967
 4609.060  0.9840  0.9933
 4609.080  0.9833  0.9913
 4609.100  0.9808  0.9919
 4609.120  0.9764  0.9946
 4609.140  0.9712  0.9980
 4609.160  0.9666  1.0002
 4609.180  0.9636  1.0003
 4609.200  0.9630  0.9985
 4609.220  0.9648  0.9961
 4609.240  0.9686  0.9950
 4609.260  0.9732  0.9960
 4609.280  0.9769  0.9988
 4609.300  0.9790  1.0015
 4609.320  0.9791  1.0017
 4609.340  0.9770  0.9977
 4609.360  0.9729  0.9891
 4609.380  0.9679  0.9778
 4609.400  0.9636  0.9670
 4609.420  0.9608  0.9600
 4609.440  0.9597  0.9589
 4609.460  0.9607  0.9637
 4609.480  0.9635  0.9728
 4609.500  0.9666  0.9832
 4609.520  0.9687  0.9919
 4609.540  0.9691  0.9975
 4609.560  0.9677  0.9996
 4609.580  0.9643  0.9995
 4609.600  0.9597  0.9986
 4609.620  0.9553  0.9983
 4609.640  0.9522  0.9988
 4609.660  0.9508  0.9997
 4609.680  0.9512  1.0004
 4609.700  0.9530  1.0002
 4609.720  0.9561  0.9992
 4609.740  0.9598  0.9978
 4609.760  0.9639  0.9967
 4609.780  0.9682  0.9963
 4609.800  0.9728  0.9966
 4609.820  0.9771  0.9974
 4609.840  0.9802  0.9982
 4609.860  0.9815  0.9988
 4609.880  0.9807  0.9994
 4609.900  0.9780  1.0001
 4609.920  0.9743  1.0011
 4609.940  0.9708  1.0021
 4609.960  0.9690  1.0025
 4609.980  0.9694  1.0019
 4610.000  0.9713  1.0000
 4610.020  0.9736  0.9972
 4610.040  0.9748  0.9945
 4610.060  0.9738  0.9927
 4610.080  0.9702  0.9924
 4610.100  0.9652  0.9935
 4610.120  0.9609  0.9952
 4610.140  0.9588  0.9963
 4610.160  0.9597  0.9963
 4610.180  0.9631  0.9952
 4610.200  0.9678  0.9937
 4610.220  0.9716  0.9928
 4610.240  0.9729  0.9933
 4610.260  0.9716  0.9950
 4610.280  0.9688  0.9972
 4610.300  0.9661  0.9984
 4610.320  0.9652  0.9979
 4610.340  0.9669  0.9954
 4610.360  0.9710  0.9921
 4610.380  0.9755  0.9893
 4610.400  0.9786  0.9882
 4610.420  0.9790  0.9892
 4610.440  0.9762  0.9913
 4610.460  0.9711  0.9933
 4610.480  0.9651  0.9937
 4610.500  0.9601  0.9922
 4610.520  0.9570  0.9895
 4610.540  0.9559  0.9869
 4610.560  0.9562  0.9859
 4610.580  0.9575  0.9869
 4610.600  0.9592  0.9890
 4610.620  0.9608  0.9904
 4610.640  0.9624  0.9897
 4610.660  0.9639  0.9862
 4610.680  0.9646  0.9809
 4610.700  0.9637  0.9759
 4610.720  0.9607  0.9731
 4610.740  0.9562  0.9732
 4610.760  0.9512  0.9749
 4610.780  0.9478  0.9755
 4610.800  0.9479  0.9724
 4610.820  0.9531  0.9641
 4610.840  0.9629  0.9516
 4610.860  0.9751  0.9379
 4610.880  0.9864  0.9260
 4610.900  0.9937  0.9170
 4610.920  0.9952  0.9085
 4610.940  0.9903  0.8945
 4610.960  0.9812  0.8679
 4610.980  0.9720  0.8235
 4611.000  0.9662  0.7615
 4611.020 -1.0000  0.6892
 4611.040 -1.0000  0.6194
 4611.060 -1.0000  0.5672
 4611.080 -1.0000  0.5454
 4611.100 -1.0000  0.5593
 4611.120 -1.0000  0.6057
 4611.140 -1.0000  0.6735
 4611.160  0.9628  0.7477
 4611.180  0.9609  0.8140
 4611.200  0.9605  0.8636
 4611.220  0.9621  0.8940
 4611.240  0.9639  0.9093
 4611.260  0.9647  0.9165
 4611.280  0.9646  0.9227
 4611.300  0.9640  0.9316
 4611.320  0.9631  0.9437
 4611.340  0.9627  0.9564
 4611.360  0.9635  0.9668
 4611.380  0.9653  0.9728
 4611.400  0.9671  0.9746
 4611.420  0.9678  0.9740
 4611.440  0.9673  0.9737
 4611.460  0.9657  0.9752
 4611.480  0.9630  0.9788
 4611.500  0.9599  0.9833
 4611.520  0.9571  0.9869
 4611.540  0.9550  0.9887
 4611.560  0.9534  0.9885
 4611.580  0.9521  0.9872
 4611.600  0.9512  0.9862
 4611.620  0.9511  0.9862
 4611.640  0.9519  0.9875
 4611.660  0.9533  0.9892
 4611.680  0.9552  0.9905
 4611.700  0.9573  0.9906
 4611.720  0.9587  0.9898
 4611.740  0.9589  0.9888
 4611.760  0.9581  0.9886
 4611.780  0.9571  0.9897
 4611.800  0.9566  0.9917
 4611.820  0.9568  0.9940
 4611.840  0.9579  0.9956
 4611.860  0.9596  0.9958
 4611.880  0.9612  0.9947
 4611.900  0.9620  0.9931
 4611.920  0.9620  0.9920
 4611.940  0.9623  0.9920
 4611.960  0.9633  0.9930
 4611.980  0.9655  0.9947
 4612.000  0.9685  0.9960
 4612.020  0.9715  0.9965
 4612.040  0.9729  0.9959
 4612.060  0.9715  0.9949
 4612.080  0.9669  0.9940
 4612.100  0.9605  0.9938
 4612.120  0.9541  0.9944
 4612.140  0.9497  0.9956
 4612.160  0.9492  0.9969
 4612.180  0.9529  0.9978
 4612.200  0.9595  0.9983
 4612.220  0.9664  0.9983
 4612.240  0.9715  0.9983
 4612.260  0.9733  0.9981
 4612.280  0.9713  0.9977
 4612.300  0.9663  0.9967
 4612.320  0.9600  0.9949
 4612.340  0.9540  0.9926
 4612.360  0.9494  0.9905
 4612.380  0.9467  0.9892
 4612.400  0.9458  0.9895
 4612.420  0.9465  0.9912
 4612.440  0.9484  0.9937
 4612.460  0.9515  0.9958
 4612.480  0.9555  0.9968
 4612.500  0.9601  0.9963
 4612.520  0.9645  0.9949
 4612.540  0.9678  0.9936
 4612.560  0.9694  0.9934
 4612.580  0.9691  0.9945
 4612.600  0.9677  0.9962
 4612.620  0.9663  0.9968
 4612.640  0.9659  0.9948
 4612.660  0.9669  0.9894
 4612.680  0.9689  0.9811
 4612.700  0.9704  0.9718
 4612.720  0.9696  0.9642
 4612.740  0.9654  0.9606
 4612.760  0.9579  0.9622
 4612.780  0.9484  0.9685
 4612.800  0.9392  0.9775
 4612.820  0.9327  0.9867
 4612.840  0.9303  0.9936
 4612.860  0.9320  0.9971
 4612.880  0.9363  0.9974
 4612.900  0.9415  0.9958
 4612.920  0.9459  0.9938
 4612.940  0.9484  0.9927
 4612.960  0.9489  0.9931
 4612.980  0.9484  0.9947
 4613.000  0.9480  0.9967
 4613.020  0.9484  0.9987
 4613.040  0.9493  1.0000
 4613.060  0.9501  1.0008
 4613.080  0.9499  1.0010
 4613.100  0.9481  1.0010
 4613.120  0.9444  1.0008
 4613.140  0.9399  1.0003
 4613.160  0.9358  0.9995
 4613.180  0.9331  0.9985
 4613.200  0.9324  0.9976
 4613.220  0.9338  0.9972
 4613.240  0.9366  0.9974
 4613.260  0.9396  0.9984
 4613.280  0.9421  0.9995
 4613.300  0.9438  1.0004
 4613.320  0.9449  1.0004
 4613.340  0.9459  0.9995
 4613.360  0.9474  0.9976
 4613.380  0.9497  0.9951
 4613.400  0.9528  0.9926
 4613.420  0.9560  0.9901
 4613.440  0.9585  0.9881
 4613.460  0.9600  0.9864
 4613.480  0.9603  0.9851
 4613.500  0.9597  0.9844
 4613.520  0.9589  0.9844
 4613.540  0.9588  0.9852
 4613.560  0.9599  0.9869
 4613.580  0.9619  0.9891
 4613.600  0.9638  0.9914
 4613.620  0.9647  0.9934
 4613.640  0.9633  0.9948
 4613.660  0.9590  0.9955
 4613.680  0.9521  0.9955
 4613.700  0.9442  0.9952
 4613.720  0.9373  0.9944
 4613.740  0.9331  0.9934
 4613.760  0.9327  0.9920
 4613.780  0.9360  0.9907
 4613.800  0.9411  0.9897
 4613.820  0.9455  0.9895
 4613.840  0.9468  0.9905
 4613.860  0.9442  0.9928
 4613.880  0.9381  0.9958
 4613.900  0.9304  0.9988
 4613.920  0.9239  1.0007
 4613.940  0.9211  1.0009
 4613.960  0.9227  0.9996
 4613.980  0.9277  0.9974
 4614.000  0.9343  0.9955
 4614.020  0.9399  0.9947
 4614.040  0.9423  0.9954
 4614.060  0.9410  0.9970
 4614.080  0.9372  0.9984
 4614.100  0.9328  0.9987
 4614.120  0.9294  0.9973
 4614.140  0.9278  0.9948
 4614.160  0.9280  0.9924
 4614.180  0.9287  0.9914
 4614.200  0.9286  0.9923
 4614.220  0.9269  0.9946
 4614.240  0.9243  0.9965
 4614.260  0.9225  0.9961
 4614.280  0.9227  0.9916
 4614.300  0.9259  0.9826
 4614.320  0.9317  0.9698
 4614.340  0.9386  0.9553
 4614.360  0.9441  0.9413
 4614.380  0.9458  0.9294
 4614.400  0.9432  0.9208
 4614.420  0.9375  0.9154
 4614.440  0.9305  0.9133
 4614.460  0.9247  0.9143
 4614.480  0.9219  0.9188
 4614.500  0.9227  0.9270
 4614.520  0.9257  0.9386
 4614.540  0.9288  0.9526
 4614.560  0.9309  0.9669
 4614.580  0.9317  0.9792
 4614.600  0.9311  0.9875
 4614.620  0.9301  0.9912
 4614.640  0.9297  0.9914
 4614.660  0.9302  0.9897
 4614.680  0.9310  0.9882
 4614.700  0.9310  0.9878
 4614.720  0.9297  0.9882
 4614.740  0.9274  0.9879
 4614.760  0.9247  0.9856
 4614.780  0.9226  0.9810
 4614.800  0.9226  0.9754
 4614.820  0.9252  0.9714
 4614.840  0.9294  0.9716
 4614.860  0.9335  0.9768
 4614.880  0.9361  0.9857
 4614.900  0.9367  0.9944
 4614.920  0.9347  0.9984
 4614.940  0.9306  0.9944
 4614.960  0.9265  0.9820
 4614.980  0.9236  0.9643
 4615.000  0.9221  0.9469
 4615.020  0.9212  0.9352
 4615.040  0.9204  0.9328
 4615.060  0.9193  0.9390
 4615.080  0.9169  0.9498
 4615.100  0.9137  0.9593
 4615.120  0.9112  0.9627
 4615.140  0.9106  0.9581
 4615.160  0.9119  0.9477
 4615.180  0.9144  0.9367
 4615.200  0.9176  0.9306
 4615.220  0.9201  0.9330
 4615.240  0.9203  0.9440
 4615.260  0.9177  0.9599
 4615.280  0.9136  0.9754
 4615.300  0.9094  0.9857
 4615.320  0.9061  0.9886
 4615.340  0.9043  0.9852
 4615.360  0.9047  0.9791
 4615.380  0.9069  0.9746
 4615.400  0.9092  0.9744
 4615.420  0.9104  0.9786
 4615.440  0.9102  0.9852
 4615.460  0.9087  0.9909
 4615.480  0.9061  0.9932
 4615.500  0.9030  0.9914
 4615.520  0.9004  0.9870
 4615.540  0.8990  0.9822
 4615.560  0.8988  0.9794
 4615.580  0.8991  0.9794
 4615.600  0.8998  0.9815
 4615.620  0.9004  0.9837
 4615.640  0.9001  0.9844
 4615.660  0.8984  0.9829
 4615.680  0.8959  0.9800
 4615.700  0.8930  0.9775
 4615.720  0.8901  0.9772
 4615.740  0.8876  0.9799
 4615.760  0.8860  0.9847
 4615.780  0.8858  0.9900
 4615.800  0.8865  0.9939
 4615.820  0.8877  0.9952
 4615.840  0.8893  0.9941
 4615.860  0.8910  0.9920
 4615.880  0.8925  0.9907
 4615.900  0.8934  0.9912
 4615.920  0.8933  0.9935
 4615.940  0.8922  0.9964
 4615.960  0.8900  0.9985
 4615.980  0.8864  0.9985
 4616.000  0.8818  0.9963
 4616.020  0.8770  0.9928
 4616.040  0.8728  0.9897
 4616.060  0.8697  0.9881
 4616.080  0.8680  0.9881
 4616.100  0.8680  0.9889
 4616.120  0.8688  0.9887
 4616.140  0.8692  0.9859
 4616.160  0.8684  0.9801
 4616.180  0.8662  0.9720
 4616.200  0.8630  0.9633
 4616.220  0.8591  0.9565
 4616.240  0.8555  0.9533
 4616.260  0.8532  0.9543
 4616.280  0.8523  0.9590
 4616.300  0.8524  0.9657
 4616.320  0.8528  0.9727
 4616.340  0.8535  0.9786
 4616.360  0.8544  0.9829
 4616.380  0.8555  0.9856
 4616.400  0.8572  0.9872
 4616.420  0.8598  0.9884
 4616.440  0.8632  0.9894
 4616.460  0.8665  0.9902
 4616.480  0.8687  0.9906
 4616.500  0.8695  0.9905
 4616.520  0.8690  0.9897
 4616.540  0.8675  0.9886
 4616.560  0.8660  0.9874
 4616.580  0.8656  0.9865
 4616.600  0.8667  0.9859
 4616.620  0.8688  0.9860
 4616.640  0.8706  0.9868
 4616.660  0.8715  0.9882
 4616.680  0.8710  0.9902
 4616.700  0.8692  0.9926
 4616.720  0.8673  0.9951
 4616.740  0.8668  0.9972
 4616.760  0.8688  0.9986
 4616.780  0.8734  0.9993
 4616.800  0.8797  0.9992
 4616.820  0.8863  0.9987
 4616.840  0.8918  0.9982
 4616.860  0.8948  0.9979
 4616.880  0.8952  0.9980
 4616.900  0.8937  0.9985
 4616.920  0.8915  0.9992
 4616.940  0.8895  0.9998
 4616.960  0.8878  1.0003
 4616.980  0.8865  1.0005
 4617.000  0.8852  1.0007
 4617.020  0.8834  1.0007
 4617.040  0.8812  1.0007
 4617.060  0.8793  1.0004
 4617.080  0.8790  0.9998
 4617.100  0.8808  0.9991
 4617.120  0.8846  0.9984
 4617.140  0.8898  0.9980
 4617.160  0.8953  0.9979
 4617.180  0.8995  0.9981
 4617.200  0.9013  0.9984
 4617.220  0.9010  0.9984
 4617.240  0.8994  0.9980
 4617.260  0.8975  0.9975
 4617.280  0.8964  0.9973
 4617.300  0.8970  0.9979
 4617.320  0.8995  0.9994
 4617.340  0.9033  1.0014
 4617.360  0.9077  1.0028
 4617.380  0.9121  1.0023
 4617.400  0.9159  0.9988
 4617.420  0.9185  0.9924
 4617.440  0.9196  0.9841
 4617.460  0.9190  0.9759
 4617.480  0.9164  0.9700
 4617.500  0.9119  0.9680
 4617.520  0.9061  0.9701
 4617.540  0.9002  0.9753
 4617.560  0.8956  0.9814
 4617.580  0.8936  0.9862
 4617.600  0.8946  0.9886
 4617.620  0.8987  0.9883
 4617.640  0.9048  0.9868
 4617.660  0.9111  0.9855
 4617.680  0.9158  0.9861
 4617.700  0.9178  0.9889
 4617.720  0.9166  0.9934
 4617.740  0.9128  0.9980
 4617.760  0.9074  1.0012
 4617.780  0.9025  1.0023
 4617.800  0.8993  1.0014
 4617.820  0.8986  0.9996
 4617.840  0.9004  0.9982
 4617.860  0.9041  0.9979
 4617.880  0.9086  0.9990
 4617.900  0.9123  1.0007
 4617.920  0.9143  1.0019
 4617.940  0.9146  1.0018
 4617.960  0.9135  1.0002
 4617.980  0.9121  0.9976
 4618.000  0.9114  0.9951
 4618.020  0.9129  0.9937
 4618.040  0.9169  0.9939
 4618.060  0.9226  0.9955
 4618.080  0.9287  0.9978
 4618.100  0.9341  1.0000
 4618.120  0.9375  1.0015
 4618.140  0.9383  1.0020
 4618.160  0.9372  1.0019
 4618.180  0.9357  1.0014
 4618.200  0.9352  1.0011
 4618.220  0.9363  1.0009
 4618.240  0.9389  1.0007
 4618.260  0.9423  1.0004
 4618.280  0.9449  0.9998
 4618.300  0.9453  0.9990
 4618.320  0.9432  0.9984
 4618.340  0.9394  0.9980
 4618.360  0.9352  0.9979
 4618.380  0.9319  0.9981
 4618.400  0.9305  0.9983
 4618.420  0.9310  0.9984
 4618.440  0.9326  0.9986
 4618.460  0.9338  0.9988
 4618.480  0.9337  0.9991
 4618.500  0.9327  0.9995
 4618.520  0.9318  0.9993
 4618.540  0.9323  0.9981
 4618.560  0.9352  0.9954
 4618.580  0.9407  0.9912
 4618.600  0.9477  0.9864
 4618.620  0.9539  0.9821
 4618.640  0.9573  0.9796
 4618.660  0.9571  0.9797
 4618.680  0.9540  0.9823
 4618.700  0.9493  0.9866
 4618.720  0.9453  0.9910
 4618.740  0.9438  0.9943
 4618.760  0.9451  0.9956
 4618.780  0.9484  0.9953
 4618.800  0.9516  0.9941
 4618.820  0.9533  0.9933
 4618.840  0.9524  0.9937
 4618.860  0.9491  0.9953
 4618.880  0.9444  0.9973
 4618.900  0.9398  0.9986
 4618.920  0.9367  0.9981
 4618.940  0.9352  0.9955
 4618.960  0.9351  0.9914
 4618.980  0.9357  0.9871
 4619.000  0.9369  0.9840
 4619.020  0.9386  0.9832
 4619.040  0.9410  0.9848
 4619.060  0.9445  0.9883
 4619.080  0.9489  0.9923
 4619.100  0.9535  0.9956
 4619.120  0.9568  0.9975
 4619.140  0.9579  0.9977
 4619.160  0.9566  0.9969
 4619.180  0.9538  0.9959
 4619.200  0.9504  0.9952
 4619.220  0.9478  0.9955
 4619.240  0.9474  0.9966
 4619.260  0.9488  0.9982
 4619.280  0.9508  0.9999
 4619.300  0.9520  1.0013
 4619.320  0.9516  1.0020
 4619.340  0.9497  1.0020
 4619.360  0.9468  1.0015
 4619.380  0.9443  1.0006
 4619.400  0.9434  0.9993
 4619.420  0.9445  0.9980
 4619.440  0.9462  0.9965
 4619.460  0.9471  0.9952
 4619.480  0.9462  0.9939
 4619.500  0.9436  0.9928
 4619.520  0.9401  0.9919
 4619.540  0.9375  0.9910
 4619.560  0.9378  0.9903
 4619.580  0.9421  0.9897
 4619.600  0.9490  0.9892
 4619.620  0.9561  0.9889
 4619.640  0.9611  0.9889
 4619.660  0.9623  0.9890
 4619.680  0.9594  0.9894
 4619.700  0.9537  0.9901
 4619.720  0.9483  0.9910
 4619.740  0.9461  0.9924
 4619.760  0.9479  0.9941
 4619.780  0.9530  0.9961
 4619.800  0.9596  0.9980
 4619.820  0.9652  0.9995
 4619.840  0.9673  1.0002
 4619.860  0.9649  1.0001
 4619.880  0.9593  0.9992
 4619.900  0.9529  0.9980
 4619.920  0.9479  0.9969
 4619.940  0.9459  0.9962
 4619.960  0.9473  0.9962
 4619.980  0.9517  0.9966
 4620.000  0.9570  0.9970
 4620.020  0.9616  0.9972
 4620.040  0.9642  0.9971
 4620.060  0.9647  0.9970
 4620.080  0.9632  0.9972
 4620.100  0.9602  0.9980
 4620.120  0.9566  0.9994
 4620.140  0.9533  1.0011
 4620.160  0.9509  1.0024
 4620.180  0.9498  1.0029
 4620.200  0.9501  1.0023
 4620.220  0.9517  1.0008
 4620.240  0.9542  0.9992
 4620.260  0.9564  0.9982
 4620.280  0.9574  0.9980
 4620.300  0.9567  0.9987
 4620.320  0.9545  0.9996
 4620.340  0.9519  1.0003
 4620.360  0.9498  1.0001
 4620.380  0.9497  0.9991
 4620.400  0.9521  0.9977
 4620.420  0.9562  0.9965
 4620.440  0.9601  0.9961
 4620.460  0.9621  0.9965
 4620.480  0.9610  0.9973
 4620.500  0.9567  0.9977
 4620.520  0.9500  0.9970
 4620.540  0.9435  0.9952
 4620.560  0.9399  0.9926
 4620.580  0.9405  0.9900
 4620.600  0.9451  0.9883
 4620.620  0.9522  0.9882
 4620.640  0.9596  0.9896
 4620.660  0.9648  0.9919
 4620.680  0.9663  0.9945
 4620.700  0.9641  0.9965
 4620.720  0.9596  0.9977
 4620.740  0.9545  0.9981
 4620.760  0.9500  0.9981
 4620.780  0.9468  0.9978
 4620.800  0.9452  0.9974
 4620.820  0.9448  0.9969
 4620.840  0.9446  0.9962
 4620.860  0.9445  0.9954
 4620.880  0.9450  0.9949
 4620.900  0.9464  0.9950
 4620.920  0.9489  0.9959
 4620.940  0.9521  0.9973
 4620.960  0.9558  0.9987
 4620.980  0.9592  0.9994
 4621.000  0.9616  0.9990
 4621.020  0.9627  0.9975
 4621.040  0.9630  0.9958
 4621.060  0.9633  0.9945
 4621.080  0.9638  0.9944
 4621.100  0.9643  0.9954
 4621.120  0.9646  0.9968
 4621.140  0.9645  0.9976
 4621.160  0.9635  0.9970
 4621.180  0.9616  0.9951
 4621.200  0.9594  0.9927
 4621.220  0.9582  0.9911
 4621.240  0.9587  0.9913
 4621.260  0.9605  0.9933
 4621.280  0.9629  0.9962
 4621.300  0.9654  0.9982
 4621.320  0.9667  0.9977
 4621.340  0.9658  0.9944
 4621.360  0.9629  0.9893
 4621.380  0.9592  0.9844
 4621.400  0.9561  0.9818
 4621.420  0.9538  0.9826
 4621.440  0.9529  0.9860
 4621.460  0.9533  0.9898
 4621.480  0.9543  0.9912
 4621.500  0.9544  0.9887
 4621.520  0.9531  0.9826
 4621.540  0.9513  0.9751
 4621.560  0.9501  0.9691
 4621.580  0.9503  0.9668
 4621.600  0.9522  0.9685
 4621.620  0.9564  0.9718
 4621.640  0.9621  0.9737
 4621.660  0.9670  0.9712
 4621.680  0.9691  0.9640
 4621.700  0.9682  0.9542
 4621.720  0.9651  0.9455
 4621.740  0.9604  0.9409
 4621.760  0.9558  0.9403
 4621.780  0.9538  0.9398
 4621.800  0.9560  0.9326
 4621.820  0.9615  0.9115
 4621.840  0.9685  0.8731
 4621.860  0.9757  0.8201
 4621.880  0.9815  0.7612
 4621.900  0.9830  0.7088
 4621.920  0.9790  0.6750
 4621.940  0.9725  0.6668
 4621.960  0.9674  0.6841
 4621.980  0.9648  0.7200
 4622.000  0.9646  0.7633
 4622.020  0.9670  0.8032
 4622.040  0.9705  0.8325
 4622.060  0.9726  0.8484
 4622.080  0.9718  0.8516
 4622.100  0.9692  0.8435
 4622.120  0.9670  0.8238
 4622.140  0.9659  0.7898
 4622.160 -1.0000  0.7387
 4622.180 -1.0000  0.6699
 4622.200 -1.0000  0.5891
 4622.220 -1.0000  0.5082
 4622.240 -1.0000  0.4435
 4622.260 -1.0000  0.4110
 4622.280 -1.0000  0.4202
 4622.300 -1.0000  0.4709
 4622.320 -1.0000  0.5527
 4622.340 -1.0000  0.6479
 4622.360 -1.0000  0.7378
 4622.380  0.9587  0.8085
 4622.400  0.9595  0.8542
 4622.420  0.9614  0.8780
 4622.440  0.9633  0.8886
 4622.460  0.9638  0.8955
 4622.480  0.9626  0.9051
 4622.500  0.9615  0.9188
 4622.520  0.9618  0.9337
 4622.540  0.9629  0.9456
 4622.560  0.9638  0.9516
 4622.580  0.9641  0.9521
 4622.600  0.9639  0.9502
 4622.620  0.9628  0.9503
 4622.640  0.9614  0.9549
 4622.660  0.9612  0.9641
 4622.680  0.9633  0.9749
 4622.700  0.9670  0.9836
 4622.720  0.9702  0.9871
 4622.740  0.9712  0.9852
 4622.760  0.9689  0.9804
 4622.780  0.9624  0.9760
 4622.800  0.9530  0.9753
 4622.820  0.9439  0.9789
 4622.840  0.9388  0.9854
 4622.860  0.9393  0.9916
 4622.880  0.9453  0.9946
 4622.900  0.9551  0.9936
 4622.920  0.9658  0.9897
 4622.940  0.9740  0.9856
 4622.960  0.9771  0.9840
 4622.980  0.9750  0.9862
 4623.000  0.9694  0.9912
 4623.020  0.9627  0.9968
 4623.040  0.9573  1.0003
 4623.060  0.9543  1.0001
 4623.080  0.9538  0.9967
 4623.100  0.9547  0.9921
 4623.120  0.9558  0.9887
 4623.140  0.9563  0.9879
 4623.160  0.9564  0.9898
 4623.180  0.9570  0.9928
 4623.200  0.9589  0.9950
 4623.220  0.9623  0.9950
 4623.240  0.9667  0.9930
 4623.260  0.9707  0.9902
 4623.280  0.9731  0.9887
 4623.300  0.9730  0.9896
 4623.320  0.9707  0.9928
 4623.340  0.9674  0.9969
 4623.360  0.9649  0.9999
 4623.380  0.9642  1.0002
 4623.400  0.9655  0.9975
 4623.420  0.9681  0.9929
 4623.440  0.9706  0.9884
 4623.460  0.9716  0.9855
 4623.480  0.9703  0.9851
 4623.500  0.9670  0.9867
 4623.520  0.9631  0.9888
 4623.540  0.9600  0.9905
 4623.560  0.9587  0.9910
 4623.580  0.9594  0.9910
 4623.600  0.9618  0.9913
 4623.620  0.9648  0.9928
 4623.640  0.9672  0.9954
 4623.660  0.9683  0.9983
 4623.680  0.9685  1.0002
 4623.700  0.9684  1.0000
 4623.720  0.9688  0.9978
 4623.740  0.9703  0.9945
 4623.760  0.9734  0.9914
 4623.780  0.9777  0.9896
 4623.800  0.9820  0.9894
 4623.820  0.9853  0.9898
 4623.840  0.9867  0.9896
 4623.860  0.9859  0.9878
 4623.880  0.9826  0.9845
 4623.900  0.9772  0.9809
 4623.920  0.9708  0.9785
 4623.940  0.9650  0.9783
 4623.960  0.9607  0.9800
 4623.980  0.9585  0.9815
 4624.000  0.9590  0.9802
 4624.020  0.9618  0.9739
 4624.040  0.9657  0.9623
 4624.060  0.9691  0.9473
 4624.080  0.9713  0.9329
 4624.100  0.9719  0.9232
 4624.120  0.9709  0.9212
 4624.140  0.9691  0.9274
 4624.160  0.9678  0.9395
 4624.180  0.9680  0.9537
 4624.200  0.9694  0.9663
 4624.220  0.9712  0.9747
 4624.240  0.9728  0.9789
 4624.260  0.9735  0.9802
 4624.280  0.9727  0.9810
 4624.300  0.9706  0.9829
 4624.320  0.9680  0.9862
 4624.340  0.9659  0.9899
 4624.360  0.9641  0.9924
 4624.380  0.9625  0.9928
 4624.400  0.9607  0.9910
 4624.420  0.9585  0.9880
 4624.440  0.9559  0.9855
 4624.460  0.9537  0.9844
 4624.480  0.9533  0.9847
 4624.500  0.9559  0.9856
 4624.520  0.9615  0.9857
 4624.540  0.9690  0.9843
 4624.560  0.9766  0.9819
 4624.580  0.9818  0.9796
 4624.600  0.9827  0.9792
 4624.620  0.9787  0.9818
 4624.640  0.9710  0.9872
 4624.660  0.9621  0.9939
 4624.680  0.9548  0.9999
 4624.700  0.9511  1.0032
 4624.720  0.9518  1.0033
 4624.740  0.9562  1.0009
 4624.760  0.9622  0.9977
 4624.780  0.9676  0.9957
 4624.800  0.9705  0.9958
 4624.820  0.9699  0.9977
 4624.840  0.9665  1.0001
 4624.860  0.9614  1.0014
 4624.880  0.9560  1.0006
 4624.900  0.9520  0.9980
 4624.920  0.9502  0.9948
 4624.940  0.9512  0.9923
 4624.960  0.9544  0.9917
 4624.980  0.9594  0.9931
 4625.000  0.9653  0.9956
 4625.020  0.9709  0.9980
 4625.040  0.9749  0.9990
 4625.060  0.9764  0.9987
 4625.080  0.9754  0.9974
 4625.100  0.9721  0.9964
 4625.120  0.9677  0.9965
 4625.140  0.9640  0.9977
 4625.160  0.9625  0.9995
 4625.180  0.9636  1.0007
 4625.200  0.9664  1.0008
 4625.220  0.9692  0.9997
 4625.240  0.9695  0.9980
 4625.260  0.9654  0.9969
 4625.280  0.9564  0.9969
 4625.300  0.9441  0.9980
 4625.320  0.9312  0.9993
 4625.340  0.9213  0.9994
 4625.360  0.9171  0.9975
 4625.380  0.9201  0.9937
 4625.400  0.9292  0.9890
 4625.420  0.9418  0.9852
 4625.440  0.9546  0.9838
 4625.460  0.9646  0.9854
 4625.480  0.9700  0.9893
 4625.500  0.9708  0.9939
 4625.520  0.9688  0.9975
 4625.540  0.9659  0.9992
 4625.560  0.9636  0.9990
 4625.580  0.9629  0.9981
 4625.600  0.9637  0.9977
 4625.620  0.9653  0.9988
 4625.640  0.9668  1.0011
 4625.660  0.9679  1.0036
 4625.680  0.9689  1.0050
 4625.700  0.9699  1.0043
 4625.720  0.9708  1.0017
 4625.740  0.9717  0.9985
 4625.760  0.9723  0.9963
 4625.780  0.9719  0.9963
 4625.800  0.9704  0.9984
 4625.820  0.9683  1.0016
 4625.840  0.9667  1.0039
 4625.860  0.9667  1.0040
 4625.880  0.9687  1.0015
 4625.900  0.9726  0.9975
 4625.920  0.9779  0.9938
 4625.940  0.9830  0.9923
 4625.960  0.9864  0.9938
 4625.980  0.9875  0.9974
 4626.000  0.9867  1.0015
 4626.020  0.9849  1.0039
 4626.040  0.9831  1.0034
 4626.060  0.9821  1.0004
 4626.080  0.9821  0.9964
 4626.100  0.9827  0.9938
 4626.120  0.9826  0.9941
 4626.140  0.9809  0.9973
 4626.160  0.9776  1.0018
 4626.180  0.9737  1.0054
 4626.200  0.9702  1.0059
 4626.220  0.9683  1.0026
 4626.240  0.9693  0.9966
 4626.260  0.9731  0.9902
 4626.280  0.9785  0.9859
 4626.300  0.9837  0.9851
 4626.320  0.9876  0.9875
 4626.340  0.9891  0.9913
 4626.360  0.9878  0.9946
 4626.380  0.9841  0.9957
 4626.400  0.9793  0.9947
 4626.420  0.9745  0.9931
 4626.440  0.9701  0.9930
 4626.460  0.9664  0.9953
 4626.480  0.9640  0.9995
 4626.500  0.9630  1.0030
 4626.520  0.9631  1.0027
 4626.540  0.9642  0.9959
 4626.560  0.9667  0.9822
 4626.580  0.9704  0.9643
 4626.600  0.9742  0.9469
 4626.620  0.9770  0.9351
 4626.640  0.9783  0.9324
 4626.660  0.9781  0.9391
 4626.680  0.9764  0.9523
 4626.700  0.9742  0.9666
 4626.720  0.9731  0.9768
 4626.740  0.9740  0.9796
 4626.760  0.9765  0.9752
 4626.780  0.9797  0.9665
 4626.800  0.9824  0.9582
 4626.820  0.9833  0.9543
 4626.840  0.9809  0.9566
 4626.860  0.9755  0.9640
 4626.880  0.9687  0.9729
 4626.900  0.9626  0.9793
 4626.920  0.9589  0.9805
 4626.940  0.9590  0.9763
 4626.960  0.9636  0.9689
 4626.980  0.9718  0.9622
 4627.000  0.9814  0.9598
 4627.020  0.9901  0.9634
 4627.040  0.9962  0.9722
 4627.060  0.9988  0.9836
 4627.080  0.9975  0.9938
 4627.100  0.9933  0.9997
 4627.120  0.9878  1.0000
 4627.140  0.9823  0.9954
 4627.160  0.9774  0.9881
 4627.180  0.9738  0.9807
 4627.200  0.9720  0.9749
 4627.220  0.9714  0.9714
 4627.240  0.9715  0.9691
 4627.260  0.9720  0.9667
 4627.280  0.9730  0.9627
 4627.300  0.9746  0.9567
 4627.320  0.9767  0.9496
 4627.340  0.9795  0.9430
 4627.360  0.9829  0.9390
 4627.380  0.9859  0.9392
 4627.400  0.9874  0.9441
 4627.420  0.9864  0.9529
 4627.440  0.9830  0.9638
 4627.460  0.9774  0.9741
 4627.480  0.9708  0.9814
 4627.500  0.9653  0.9839
 4627.520  0.9626  0.9809
 4627.540  0.9636  0.9730
 4627.560  0.9678  0.9622
 4627.580  0.9738  0.9509
 4627.600  0.9791  0.9414
 4627.620  0.9813  0.9353
 4627.640  0.9790  0.9331
 4627.660  0.9730  0.9338
 4627.680  0.9657  0.9360
 4627.700  0.9600  0.9379
 4627.720  0.9584  0.9387
 4627.740  0.9618  0.9387
 4627.760  0.9695  0.9392
 4627.780  0.9784  0.9421
 4627.800  0.9851  0.9489
 4627.820  0.9873  0.9597
 4627.840  0.9845  0.9731
 4627.860  0.9779  0.9865
 4627.880  0.9702  0.9970
 4627.900  0.9646  1.0027
 4627.920  0.9628  1.0032
 4627.940  0.9651  1.0000
 4627.960  0.9701  0.9956
 4627.980 -1.0000  0.9925
 4628.000 -1.0000  0.9920
 4597.000  0.0000        
 4597.020  0.0000        
 4597.040  0.0021        
 4597.060  0.0031        
 4597.080  0.0065        
 4597.100  0.0115        
 4597.120  0.0165        
 4597.140  0.0201        
 4597.160  0.0212        
 4597.180  0.0193        
 4597.200  0.0146        
 4597.220  0.0079        
 4597.240  0.0003        
 4597.260 -0.0065        
 4597.280 -0.0112        
 4597.300 -0.0125        
 4597.320 -0.0100        
 4597.340 -0.0045        
 4597.360  0.0027        
 4597.380  0.0097        
 4597.400  0.0147        
 4597.420  0.0162        
 4597.440  0.0138        
 4597.460  0.0085        
 4597.480  0.0019        
 4597.500 -0.0046        
 4597.520 -0.0092        
 4597.540 -0.0110        
 4597.560 -0.0099        
 4597.580 -0.0065        
 4597.600 -0.0019        
 4597.620  0.0028        
 4597.640  0.0067        
 4597.660  0.0090        
 4597.680  0.0092        
 4597.700  0.0073        
 4597.720  0.0040        
 4597.740  0.0002        
 4597.760 -0.0030        
 4597.780 -0.0046        
 4597.800 -0.0039        
 4597.820 -0.0008        
 4597.840  0.0038        
 4597.860  0.0082        
 4597.880  0.0111        
 4597.900  0.0117        
 4597.920  0.0098        
 4597.940  0.0060        
 4597.960  0.0024        
 4597.980  0.0006        
 4598.000  0.0014        
 4598.020  0.0049        
 4598.040  0.0101        
 4598.060  0.0156        
 4598.080  0.0195        
 4598.100  0.0210        
 4598.120  0.0203        
 4598.140  0.0180        
 4598.160  0.0151        
 4598.180  0.0127        
 4598.200  0.0111        
 4598.220  0.0102        
 4598.240  0.0094        
 4598.260  0.0083        
 4598.280  0.0071        
 4598.300  0.0063        
 4598.320  0.0068        
 4598.340  0.0091        
 4598.360  0.0133        
 4598.380  0.0188        
 4598.400  0.0242        
 4598.420  0.0279        
 4598.440  0.0289        
 4598.460  0.0268        
 4598.480  0.0216        
 4598.500  0.0144        
 4598.520  0.0067        
 4598.540 -0.0001        
 4598.560 -0.0050        
 4598.580 -0.0076        
 4598.600 -0.0079        
 4598.620 -0.0060        
 4598.640 -0.0024        
 4598.660  0.0026        
 4598.680  0.0082        
 4598.700  0.0136        
 4598.720  0.0178        
 4598.740  0.0202        
 4598.760  0.0210        
 4598.780  0.0206        
 4598.800  0.0196        
 4598.820  0.0185        
 4598.840  0.0172        
 4598.860  0.0156        
 4598.880  0.0136        
 4598.900  0.0110        
 4598.920  0.0082        
 4598.940  0.0054        
 4598.960  0.0032        
 4598.980  0.0018        
 4599.000  0.0012        
 4599.020  0.0011        
 4599.040  0.0014        
 4599.060  0.0015        
 4599.080  0.0014        
 4599.100  0.0009        
 4599.120  0.0004        
 4599.140 -0.0001        
 4599.160 -0.0005        
 4599.180 -0.0010        
 4599.200 -0.0019        
 4599.220 -0.0033        
 4599.240 -0.0051        
 4599.260 -0.0073        
 4599.280 -0.0092        
 4599.300 -0.0103        
 4599.320 -0.0102        
 4599.340 -0.0090        
 4599.360 -0.0066        
 4599.380 -0.0035        
 4599.400 -0.0002        
 4599.420  0.0026        
 4599.440  0.0044        
 4599.460  0.0049        
 4599.480  0.0039        
 4599.500  0.0019        
 4599.520 -0.0008        
 4599.540 -0.0031        
 4599.560 -0.0039        
 4599.580 -0.0022        
 4599.600  0.0022        
 4599.620  0.0091        
 4599.640  0.0172        
 4599.660  0.0249        
 4599.680  0.0304        
 4599.700  0.0322        
 4599.720  0.0304        
 4599.740  0.0256        
 4599.760  0.0192        
 4599.780  0.0131        
 4599.800  0.0087        
 4599.820  0.0063        
 4599.840  0.0053        
 4599.860  0.0046        
 4599.880  0.0036        
 4599.900  0.0019        
 4599.920 -0.0004        
 4599.940 -0.0024        
 4599.960 -0.0031        
 4599.980 -0.0021        
 4600.000 -0.0001        
 4600.020  0.0021        
 4600.040  0.0037        
 4600.060  0.0036        
 4600.080  0.0014        
 4600.100 -0.0020        
 4600.120 -0.0053        
 4600.140 -0.0071        
 4600.160 -0.0072        
 4600.180 -0.0060        
 4600.200 -0.0043        
 4600.220 -0.0030        
 4600.240 -0.0026        
 4600.260 -0.0035        
 4600.280 -0.0049        
 4600.300 -0.0062        
 4600.320 -0.0069        
 4600.340 -0.0067        
 4600.360 -0.0052        
 4600.380 -0.0027        
 4600.400  0.0006        
 4600.420  0.0044        
 4600.440  0.0082        
 4600.460  0.0116        
 4600.480  0.0139        
 4600.500  0.0144        
 4600.520  0.0128        
 4600.540  0.0093        
 4600.560  0.0051        
 4600.580  0.0014        
 4600.600 -0.0007        
 4600.620 -0.0002        
 4600.640  0.0027        
 4600.660  0.0069        
 4600.680  0.0107        
 4600.700  0.0128        
 4600.720  0.0130        
 4600.740  0.0112        
 4600.760  0.0085        
 4600.780  0.0063        
 4600.800  0.0056        
 4600.820  0.0061        
 4600.840  0.0071        
 4600.860  0.0074        
 4600.880  0.0067        
 4600.900  0.0048        
 4600.920  0.0023        
 4600.940  0.0008        
 4600.960  0.0011        
 4600.980  0.0034        
 4601.000  0.0065        
 4601.020  0.0089        
 4601.040  0.0096        
 4601.060  0.0078        
 4601.080  0.0039        
 4601.100 -0.0005        
 4601.120 -0.0037        
 4601.140 -0.0044        
 4601.160 -0.0026        
 4601.180  0.0011        
 4601.200  0.0056        
 4601.220  0.0096        
 4601.240  0.0122        
 4601.260  0.0136        
 4601.280  0.0145        
 4601.300  0.0154        
 4601.320  0.0161        
 4601.340  0.0162        
 4601.360  0.0154        
 4601.380  0.0135        
 4601.400  0.0109        
 4601.420  0.0083        
 4601.440  0.0074        
 4601.460  0.0088        
 4601.480  0.0120        
 4601.500  0.0156        
 4601.520  0.0178        
 4601.540  0.0175        
 4601.560  0.0142        
 4601.580  0.0087        
 4601.600  0.0031        
 4601.620 -0.0002        
 4601.640 -0.0002        
 4601.660  0.0026        
 4601.680  0.0068        
 4601.700  0.0107        
 4601.720  0.0124        
 4601.740  0.0111        
 4601.760  0.0079        
 4601.780  0.0048        
 4601.800  0.0034        
 4601.820  0.0038        
 4601.840  0.0053        
 4601.860  0.0068        
 4601.880  0.0066        
 4601.900  0.0039        
 4601.920 -0.0004        
 4601.940 -0.0042        
 4601.960 -0.0054        
 4601.980 -0.0036        
 4602.000  0.0010        
 4602.020  0.0069        
 4602.040  0.0116        
 4602.060  0.0130        
 4602.080  0.0105        
 4602.100  0.0058        
 4602.120  0.0011        
 4602.140 -0.0016        
 4602.160 -0.0011        
 4602.180  0.0032        
 4602.200  0.0098        
 4602.220  0.0161        
 4602.240  0.0200        
 4602.260  0.0207        
 4602.280  0.0187        
 4602.300  0.0148        
 4602.320  0.0103        
 4602.340  0.0059        
 4602.360  0.0021        
 4602.380 -0.0012        
 4602.400 -0.0038        
 4602.420 -0.0053        
 4602.440 -0.0047        
 4602.460 -0.0017        
 4602.480  0.0028        
 4602.500  0.0076        
 4602.520  0.0112        
 4602.540  0.0122        
 4602.560  0.0101        
 4602.580  0.0057        
 4602.600  0.0012        
 4602.620 -0.0010        
 4602.640  0.0001        
 4602.660  0.0040        
 4602.680  0.0095        
 4602.700  0.0142        
 4602.720  0.0160        
 4602.740  0.0143        
 4602.760  0.0109        
 4602.780  0.0085        
 4602.800  0.0087        
 4602.820  0.0121        
 4602.840  0.0181        
 4602.860  0.0241        
 4602.880  0.0267        
 4602.900  0.0241        
 4602.920  0.0177        
 4602.940  0.0104        
 4602.960  0.0049        
 4602.980  0.0027        
 4603.000  0.0042        
 4603.020  0.0079        
 4603.040  0.0107        
 4603.060  0.0096        
 4603.080  0.0041        
 4603.100 -0.0040        
 4603.120 -0.0119        
 4603.140 -0.0168        
 4603.160 -0.0165        
 4603.180 -0.0105        
 4603.200 -0.0015        
 4603.220  0.0068        
 4603.240  0.0116        
 4603.260  0.0120        
 4603.280  0.0086        
 4603.300  0.0035        
 4603.320 -0.0003        
 4603.340 -0.0006        
 4603.360  0.0024        
 4603.380  0.0065        
 4603.400  0.0096        
 4603.420  0.0106        
 4603.440  0.0089        
 4603.460  0.0055        
 4603.480  0.0026        
 4603.500  0.0021        
 4603.520  0.0045        
 4603.540  0.0083        
 4603.560  0.0116        
 4603.580  0.0128        
 4603.600  0.0111        
 4603.620  0.0067        
 4603.640  0.0019        
 4603.660 -0.0006        
 4603.680  0.0006        
 4603.700  0.0052        
 4603.720  0.0118        
 4603.740  0.0182        
 4603.760  0.0218        
 4603.780  0.0210        
 4603.800  0.0161        
 4603.820  0.0090        
 4603.840  0.0019        
 4603.860 -0.0034        
 4603.880 -0.0060        
 4603.900 -0.0056        
 4603.920 -0.0031        
 4603.940  0.0000        
 4603.960  0.0030        
 4603.980  0.0056        
 4604.000  0.0078        
 4604.020  0.0098        
 4604.040  0.0117        
 4604.060  0.0136        
 4604.080  0.0152        
 4604.100  0.0160        
 4604.120  0.0158        
 4604.140  0.0149        
 4604.160  0.0139        
 4604.180  0.0132        
 4604.200  0.0134        
 4604.220  0.0144        
 4604.240  0.0160        
 4604.260  0.0172        
 4604.280  0.0174        
 4604.300  0.0161        
 4604.320  0.0130        
 4604.340  0.0087        
 4604.360  0.0039        
 4604.380  0.0000        
 4604.400 -0.0020        
 4604.420 -0.0015        
 4604.440  0.0015        
 4604.460  0.0063        
 4604.480  0.0113        
 4604.500  0.0151        
 4604.520  0.0167        
 4604.540  0.0157        
 4604.560  0.0127        
 4604.580  0.0087        
 4604.600  0.0056        
 4604.620  0.0041        
 4604.640  0.0044        
 4604.660  0.0058        
 4604.680  0.0074        
 4604.700  0.0077        
 4604.720  0.0061        
 4604.740  0.0030        
 4604.760 -0.0005        
 4604.780 -0.0029        
 4604.800 -0.0038        
 4604.820 -0.0028        
 4604.840 -0.0005        
 4604.860  0.0018        
 4604.880  0.0030        
 4604.900  0.0026        
 4604.920  0.0013        
 4604.940  0.0000        
 4604.960 -0.0005        
 4604.980  0.0005        
 4605.000  0.0029        
 4605.020  0.0060        
 4605.040  0.0086        
 4605.060  0.0102        
 4605.080  0.0109        
 4605.100  0.0113        
 4605.120  0.0118        
 4605.140  0.0127        
 4605.160  0.0137        
 4605.180  0.0141        
 4605.200  0.0126        
 4605.220  0.0087        
 4605.240  0.0032        
 4605.260 -0.0022        
 4605.280 -0.0058        
 4605.300 -0.0065        
 4605.320 -0.0038        
 4605.340  0.0011        
 4605.360  0.0058        
 4605.380  0.0075        
 4605.400  0.0054        
 4605.420 -0.0003        
 4605.440 -0.0081        
 4605.460 -0.0155        
 4605.480 -0.0200        
 4605.500 -0.0202        
 4605.520 -0.0168        
 4605.540 -0.0118        
 4605.560 -0.0070        
 4605.580 -0.0042        
 4605.600 -0.0040        
 4605.620 -0.0060        
 4605.640 -0.0084        
 4605.660 -0.0096        
 4605.680 -0.0088        
 4605.700 -0.0062        
 4605.720 -0.0024        
 4605.740  0.0018        
 4605.760  0.0055        
 4605.780  0.0083        
 4605.800  0.0106        
 4605.820  0.0127        
 4605.840  0.0146        
 4605.860  0.0158        
 4605.880  0.0156        
 4605.900  0.0136        
 4605.920  0.0097        
 4605.940  0.0044        
 4605.960 -0.0013        
 4605.980 -0.0057        
 4606.000 -0.0078        
 4606.020 -0.0074        
 4606.040 -0.0047        
 4606.060 -0.0004        
 4606.080  0.0044        
 4606.100  0.0089        
 4606.120  0.0126        
 4606.140  0.0154        
 4606.160  0.0173        
 4606.180  0.0182        
 4606.200  0.0176        
 4606.220  0.0156        
 4606.240  0.0124        
 4606.260  0.0084        
 4606.280  0.0044        
 4606.300  0.0014        
 4606.320  0.0002        
 4606.340  0.0010        
 4606.360  0.0034        
 4606.380  0.0067        
 4606.400  0.0102        
 4606.420  0.0134        
 4606.440  0.0159        
 4606.460  0.0179        
 4606.480  0.0196        
 4606.500  0.0212        
 4606.520  0.0222        
 4606.540  0.0223        
 4606.560  0.0212        
 4606.580  0.0189        
 4606.600  0.0156        
 4606.620  0.0119        
 4606.640  0.0088        
 4606.660  0.0068        
 4606.680  0.0060        
 4606.700  0.0062        
 4606.720  0.0070        
 4606.740  0.0079        
 4606.760  0.0084        
 4606.780  0.0085        
 4606.800  0.0082        
 4606.820  0.0078        
 4606.840  0.0072        
 4606.860  0.0065        
 4606.880  0.0056        
 4606.900  0.0046        
 4606.920  0.0039        
 4606.940  0.0037        
 4606.960  0.0044        
 4606.980  0.0062        
 4607.000  0.0088        
 4607.020  0.0116        
 4607.040  0.0138        
 4607.060  0.0149        
 4607.080  0.0146        
 4607.100  0.0131        
 4607.120  0.0110        
 4607.140  0.0089        
 4607.160  0.0075        
 4607.180  0.0069        
 4607.200  0.0072        
 4607.220  0.0081        
 4607.240  0.0093        
 4607.260  0.0105        
 4607.280  0.0113        
 4607.300  0.0116        
 4607.320  0.0111        
 4607.340  0.0097        
 4607.360  0.0075        
 4607.380  0.0048        
 4607.400  0.0022        
 4607.420  0.0007        
 4607.440  0.0005        
 4607.460  0.0016        
 4607.480  0.0037        
 4607.500  0.0054        
 4607.520  0.0055        
 4607.540  0.0031        
 4607.560 -0.0016        
 4607.580 -0.0074        
 4607.600 -0.0124        
 4607.620 -0.0148        
 4607.640 -0.0132        
 4607.660 -0.0078        
 4607.680 -0.0003        
 4607.700  0.0071        
 4607.720  0.0128        
 4607.740  0.0154        
 4607.760  0.0148        
 4607.780  0.0121        
 4607.800  0.0093        
 4607.820  0.0077        
 4607.840  0.0077        
 4607.860  0.0087        
 4607.880  0.0096        
 4607.900  0.0090        
 4607.920  0.0059        
 4607.940  0.0007        
 4607.960 -0.0050        
 4607.980 -0.0094        
 4608.000 -0.0110        
 4608.020 -0.0090        
 4608.040 -0.0039        
 4608.060  0.0030        
 4608.080  0.0094        
 4608.100  0.0137        
 4608.120  0.0155        
 4608.140  0.0148        
 4608.160  0.0126        
 4608.180  0.0103        
 4608.200  0.0090        
 4608.220  0.0086        
 4608.240  0.0084        
 4608.260  0.0073        
 4608.280  0.0046        
 4608.300  0.0002        
 4608.320 -0.0054        
 4608.340 -0.0106        
 4608.360 -0.0133        
 4608.380 -0.0126        
 4608.400 -0.0083        
 4608.420 -0.0011        
 4608.440  0.0071        
 4608.460  0.0139        
 4608.480  0.0172        
 4608.500  0.0167        
 4608.520  0.0128        
 4608.540  0.0072        
 4608.560  0.0020        
 4608.580 -0.0009        
 4608.600 -0.0005        
 4608.620  0.0027        
 4608.640  0.0075        
 4608.660  0.0126        
 4608.680  0.0165        
 4608.700  0.0185        
 4608.720  0.0188        
 4608.740  0.0186        
 4608.760  0.0186        
 4608.780  0.0190        
 4608.800  0.0197        
 4608.820  0.0202        
 4608.840  0.0193        
 4608.860  0.0164        
 4608.880  0.0113        
 4608.900  0.0051        
 4608.920 -0.0012        
 4608.940 -0.0064        
 4608.960 -0.0097        
 4608.980 -0.0106        
 4609.000 -0.0092        
 4609.020 -0.0060        
 4609.040 -0.0016        
 4609.060  0.0036        
 4609.080  0.0090        
 4609.100  0.0138        
 4609.120  0.0167        
 4609.140  0.0172        
 4609.160  0.0148        
 4609.180  0.0099        
 4609.200  0.0034        
 4609.220 -0.0027        
 4609.240 -0.0062        
 4609.260 -0.0060        
 4609.280 -0.0022        
 4609.300  0.0040        
 4609.320  0.0107        
 4609.340  0.0152        
 4609.360  0.0156        
 4609.380  0.0119        
 4609.400  0.0055        
 4609.420 -0.0016        
 4609.440 -0.0073        
 4609.460 -0.0097        
 4609.480 -0.0082        
 4609.500 -0.0041        
 4609.520  0.0009        
 4609.540  0.0056        
 4609.560  0.0092        
 4609.580  0.0116        
 4609.600  0.0129        
 4609.620  0.0133        
 4609.640  0.0132        
 4609.660  0.0120        
 4609.680  0.0093        
 4609.700  0.0050        
 4609.720  0.0000        
 4609.740 -0.0043        
 4609.760 -0.0065        
 4609.780 -0.0053        
 4609.800 -0.0002        
 4609.820  0.0077        
 4609.840  0.0161        
 4609.860  0.0226        
 4609.880  0.0256        
 4609.900  0.0243        
 4609.920  0.0190        
 4609.940  0.0113        
 4609.960  0.0033        
 4609.980 -0.0030        
 4610.000 -0.0065        
 4610.020 -0.0068        
 4610.040 -0.0039        
 4610.060  0.0012        
 4610.080  0.0075        
 4610.100  0.0136        
 4610.120  0.0181        
 4610.140  0.0199        
 4610.160  0.0186        
 4610.180  0.0140        
 4610.200  0.0071        
 4610.220 -0.0002        
 4610.240 -0.0058        
 4610.260 -0.0085        
 4610.280 -0.0076        
 4610.300 -0.0037        
 4610.320  0.0017        
 4610.340  0.0063        
 4610.360  0.0085        
 4610.380  0.0080        
 4610.400  0.0057        
 4610.420  0.0026        
 4610.440  0.0003        
 4610.460  0.0000        
 4610.480  0.0014        
 4610.500  0.0033        
 4610.520  0.0042        
 4610.540  0.0035        
 4610.560  0.0014        
 4610.580 -0.0013        
 4610.600 -0.0031        
 4610.620 -0.0027        
 4610.640  0.0004        
 4610.660  0.0052        
 4610.680  0.0101        
 4610.700  0.0135        
 4610.720  0.0143        
 4610.740  0.0122        
 4610.760  0.0079        
 4610.780  0.0033        
 4610.800 -0.0003        
 4610.820 -0.0020        
 4610.840 -0.0017        
 4610.860  0.0003        
 4610.880  0.0035        
 4610.900  0.0071        
 4610.920  0.0104        
 4610.940  0.0129        
 4610.960  0.0143        
 4610.980  0.0143        
 4611.000  0.0123        
 4611.020  0.0083        
 4611.040  0.0035        
 4611.060  0.0001        
 4611.080  0.0004        
 4611.100  0.0051        
 4611.120  0.0130        
 4611.140  0.0211        
 4611.160  0.0261        
 4611.180  0.0264        
 4611.200  0.0221        
 4611.220  0.0152        
 4611.240  0.0073        
 4611.260  0.0008        
 4611.280 -0.0023        
 4611.300 -0.0013        
 4611.320  0.0026        
 4611.340  0.0071        
 4611.360  0.0105        
 4611.380  0.0118        
 4611.400  0.0110        
 4611.420  0.0090        
 4611.440  0.0076        
 4611.460  0.0079        
 4611.480  0.0100        
 4611.500  0.0127        
 4611.520  0.0149        
 4611.540  0.0163        
 4611.560  0.0165        
 4611.580  0.0161        
 4611.600  0.0159        
 4611.620  0.0166        
 4611.640  0.0179        
 4611.660  0.0183        
 4611.680  0.0165        
 4611.700  0.0121        
 4611.720  0.0060        
 4611.740 -0.0006        
 4611.760 -0.0057        
 4611.780 -0.0074        
 4611.800 -0.0053        
 4611.820 -0.0011        
 4611.840  0.0029        
 4611.860  0.0051        
 4611.880  0.0049        
 4611.900  0.0028        
 4611.920  0.0006        
 4611.940  0.0008        
 4611.960  0.0049        
 4611.980  0.0118        
 4612.000  0.0189        
 4612.020  0.0237        
 4612.040  0.0244        
 4612.060  0.0204        
 4612.080  0.0130        
 4612.100  0.0054        
 4612.120  0.0008        
 4612.140  0.0001        
 4612.160  0.0022        
 4612.180  0.0052        
 4612.200  0.0068        
 4612.220  0.0052        
 4612.240  0.0004        
 4612.260 -0.0053        
 4612.280 -0.0088        
 4612.300 -0.0082        
 4612.320 -0.0037        
 4612.340  0.0033        
 4612.360  0.0102        
 4612.380  0.0142        
 4612.400  0.0133        
 4612.420  0.0087        
 4612.440  0.0031        
 4612.460 -0.0009        
 4612.480 -0.0022        
 4612.500 -0.0008        
 4612.520  0.0020        
 4612.540  0.0040        
 4612.560  0.0030        
 4612.580 -0.0008        
 4612.600 -0.0054        
 4612.620 -0.0083        
 4612.640 -0.0081        
 4612.660 -0.0044        
 4612.680  0.0018        
 4612.700  0.0079        
 4612.720  0.0108        
 4612.740  0.0091        
 4612.760  0.0042        
 4612.780 -0.0014        
 4612.800 -0.0053        
 4612.820 -0.0054        
 4612.840 -0.0011        
 4612.860  0.0059        
 4612.880  0.0123        
 4612.900  0.0154        
 4612.920  0.0146        
 4612.940  0.0106        
 4612.960  0.0051        
 4612.980  0.0005        
 4613.000 -0.0011        
 4613.020  0.0010        
 4613.040  0.0054        
 4613.060  0.0101        
 4613.080  0.0137        
 4613.100  0.0155        
 4613.120  0.0151        
 4613.140  0.0132        
 4613.160  0.0110        
 4613.180  0.0092        
 4613.200  0.0078        
 4613.220  0.0064        
 4613.240  0.0050        
 4613.260  0.0039        
 4613.280  0.0032        
 4613.300  0.0034        
 4613.320  0.0046        
 4613.340  0.0066        
 4613.360  0.0086        
 4613.380  0.0096        
 4613.400  0.0092        
 4613.420  0.0076        
 4613.440  0.0059        
 4613.460  0.0048        
 4613.480  0.0050        
 4613.500  0.0066        
 4613.520  0.0089        
 4613.540  0.0109        
 4613.560  0.0113        
 4613.580  0.0103        
 4613.600  0.0087        
 4613.620  0.0073        
 4613.640  0.0070        
 4613.660  0.0085        
 4613.680  0.0115        
 4613.700  0.0149        
 4613.720  0.0177        
 4613.740  0.0192        
 4613.760  0.0197        
 4613.780  0.0197        
 4613.800  0.0195        
 4613.820  0.0193        
 4613.840  0.0191        
 4613.860  0.0180        
 4613.880  0.0154        
 4613.900  0.0111        
 4613.920  0.0064        
 4613.940  0.0025        
 4613.960  0.0006        
 4613.980  0.0015        
 4614.000  0.0051        
 4614.020  0.0100        
 4614.040  0.0140        
 4614.060  0.0157        
 4614.080  0.0150        
 4614.100  0.0125        
 4614.120  0.0096        
 4614.140  0.0074        
 4614.160  0.0069        
 4614.180  0.0078        
 4614.200  0.0088        
 4614.220  0.0083        
 4614.240  0.0063        
 4614.260  0.0033        
 4614.280  0.0005        
 4614.300 -0.0007        
 4614.320  0.0009        
 4614.340  0.0052        
 4614.360  0.0105        
 4614.380  0.0143        
 4614.400  0.0151        
 4614.420  0.0129        
 4614.440  0.0084        
 4614.460  0.0040        
 4614.480  0.0024        
 4614.500  0.0053        
 4614.520  0.0118        
 4614.540  0.0196        
 4614.560  0.0260        
 4614.580  0.0290        
 4614.600  0.0272        
 4614.620  0.0212        
 4614.640  0.0129        
 4614.660  0.0050        
 4614.680 -0.0006        
 4614.700 -0.0030        
 4614.720 -0.0022        
 4614.740  0.0009        
 4614.760  0.0048        
 4614.780  0.0081        
 4614.800  0.0105        
 4614.820  0.0119        
 4614.840  0.0124        
 4614.860  0.0125        
 4614.880  0.0123        
 4614.900  0.0123        
 4614.920  0.0128        
 4614.940  0.0140        
 4614.960  0.0159        
 4614.980  0.0183        
 4615.000  0.0205        
 4615.020  0.0210        
 4615.040  0.0186        
 4615.060  0.0128        
 4615.080  0.0043        
 4615.100 -0.0052        
 4615.120 -0.0136        
 4615.140 -0.0185        
 4615.160 -0.0179        
 4615.180 -0.0119        
 4615.200 -0.0023        
 4615.220  0.0082        
 4615.240  0.0169        
 4615.260  0.0211        
 4615.280  0.0202        
 4615.300  0.0156        
 4615.320  0.0093        
 4615.340  0.0034        
 4615.360 -0.0003        
 4615.380 -0.0009        
 4615.400  0.0014        
 4615.420  0.0051        
 4615.440  0.0089        
 4615.460  0.0119        
 4615.480  0.0136        
 4615.500  0.0141        
 4615.520  0.0138        
 4615.540  0.0134        
 4615.560  0.0131        
 4615.580  0.0129        
 4615.600  0.0125        
 4615.620  0.0119        
 4615.640  0.0107        
 4615.660  0.0090        
 4615.680  0.0072        
 4615.700  0.0056        
 4615.720  0.0048        
 4615.740  0.0050        
 4615.760  0.0060        
 4615.780  0.0077        
 4615.800  0.0090        
 4615.820  0.0095        
 4615.840  0.0084        
 4615.860  0.0057        
 4615.880  0.0017        
 4615.900 -0.0026        
 4615.920 -0.0060        
 4615.940 -0.0074        
 4615.960 -0.0067        
 4615.980 -0.0039        
 4616.000  0.0002        
 4616.020  0.0042        
 4616.040  0.0070        
 4616.060  0.0083        
 4616.080  0.0082        
 4616.100  0.0074        
 4616.120  0.0065        
 4616.140  0.0060        
 4616.160  0.0058        
 4616.180  0.0053        
 4616.200  0.0036        
 4616.220  0.0004        
 4616.240 -0.0035        
 4616.260 -0.0071        
 4616.280 -0.0090        
 4616.300 -0.0080        
 4616.320 -0.0040        
 4616.340  0.0019        
 4616.360  0.0073        
 4616.380  0.0103        
 4616.400  0.0098        
 4616.420  0.0058        
 4616.440 -0.0004        
 4616.460 -0.0061        
 4616.480 -0.0087        
 4616.500 -0.0068        
 4616.520 -0.0006        
 4616.540  0.0084        
 4616.560  0.0181        
 4616.580  0.0257        
 4616.600  0.0293        
 4616.620  0.0287        
 4616.640  0.0249        
 4616.660  0.0193        
 4616.680  0.0135        
 4616.700  0.0090        
 4616.720  0.0061        
 4616.740  0.0048        
 4616.760  0.0043        
 4616.780  0.0043        
 4616.800  0.0047        
 4616.820  0.0052        
 4616.840  0.0057        
 4616.860  0.0061        
 4616.880  0.0061        
 4616.900  0.0054        
 4616.920  0.0039        
 4616.940  0.0017        
 4616.960 -0.0005        
 4616.980 -0.0020        
 4617.000 -0.0025        
 4617.020 -0.0022        
 4617.040 -0.0012        
 4617.060 -0.0002        
 4617.080  0.0002        
 4617.100 -0.0003        
 4617.120 -0.0011        
 4617.140 -0.0015        
 4617.160 -0.0009        
 4617.180  0.0009        
 4617.200  0.0037        
 4617.220  0.0069        
 4617.240  0.0092        
 4617.260  0.0097        
 4617.280  0.0083        
 4617.300  0.0058        
 4617.320  0.0030        
 4617.340  0.0010        
 4617.360  0.0006        
 4617.380  0.0019        
 4617.400  0.0042        
 4617.420  0.0066        
 4617.440  0.0083        
 4617.460  0.0091        
 4617.480  0.0091        
 4617.500  0.0088        
 4617.520  0.0091        
 4617.540  0.0103        
 4617.560  0.0117        
 4617.580  0.0125        
 4617.600  0.0118        
 4617.620  0.0092        
 4617.640  0.0048        
 4617.660 -0.0004        
 4617.680 -0.0048        
 4617.700 -0.0068        
 4617.720 -0.0060        
 4617.740 -0.0027        
 4617.760  0.0021        
 4617.780  0.0066        
 4617.800  0.0093        
 4617.820  0.0092        
 4617.840  0.0067        
 4617.860  0.0031        
 4617.880 -0.0001        
 4617.900 -0.0014        
 4617.920  0.0000        
 4617.940  0.0040        
 4617.960  0.0093        
 4617.980  0.0141        
 4618.000  0.0170        
 4618.020  0.0173        
 4618.040  0.0147        
 4618.060  0.0103        
 4618.080  0.0058        
 4618.100  0.0024        
 4618.120  0.0014        
 4618.140  0.0032        
 4618.160  0.0073        
 4618.180  0.0127        
 4618.200  0.0179        
 4618.220  0.0218        
 4618.240  0.0236        
 4618.260  0.0229        
 4618.280  0.0200        
 4618.300  0.0158        
 4618.320  0.0111        
 4618.340  0.0070        
 4618.360  0.0041        
 4618.380  0.0027        
 4618.400  0.0026        
 4618.420  0.0034        
 4618.440  0.0046        
 4618.460  0.0058        
 4618.480  0.0068        
 4618.500  0.0078        
 4618.520  0.0090        
 4618.540  0.0105        
 4618.560  0.0120        
 4618.580  0.0130        
 4618.600  0.0129        
 4618.620  0.0111        
 4618.640  0.0075        
 4618.660  0.0027        
 4618.680 -0.0017        
 4618.700 -0.0043        
 4618.720 -0.0043        
 4618.740 -0.0014        
 4618.760  0.0039        
 4618.780  0.0096        
 4618.800  0.0135        
 4618.820  0.0144        
 4618.840  0.0118        
 4618.860  0.0065        
 4618.880  0.0003        
 4618.900 -0.0045        
 4618.920 -0.0060        
 4618.940 -0.0041        
 4618.960  0.0003        
 4618.980  0.0055        
 4619.000  0.0096        
 4619.020  0.0108        
 4619.040  0.0089        
 4619.060  0.0052        
 4619.080  0.0014        
 4619.100 -0.0012        
 4619.120 -0.0015        
 4619.140  0.0002        
 4619.160  0.0028        
 4619.180  0.0046        
 4619.200  0.0044        
 4619.220  0.0022        
 4619.240 -0.0011        
 4619.260 -0.0043        
 4619.280 -0.0060        
 4619.300 -0.0053        
 4619.320 -0.0024        
 4619.340  0.0015        
 4619.360  0.0048        
 4619.380  0.0067        
 4619.400  0.0067        
 4619.420  0.0053        
 4619.440  0.0036        
 4619.460  0.0028        
 4619.480  0.0037        
 4619.500  0.0062        
 4619.520  0.0094        
 4619.540  0.0124        
 4619.560  0.0143        
 4619.580  0.0144        
 4619.600  0.0131        
 4619.620  0.0112        
 4619.640  0.0097        
 4619.660  0.0093        
 4619.680  0.0101        
 4619.700  0.0120        
 4619.720  0.0144        
 4619.740  0.0165        
 4619.760  0.0178        
 4619.780  0.0182        
 4619.800  0.0176        
 4619.820  0.0163        
 4619.840  0.0149        
 4619.860  0.0138        
 4619.880  0.0131        
 4619.900  0.0131        
 4619.920  0.0137        
 4619.940  0.0145        
 4619.960  0.0152        
 4619.980  0.0153        
 4620.000  0.0143        
 4620.020  0.0122        
 4620.040  0.0089        
 4620.060  0.0052        
 4620.080  0.0018        
 4620.100 -0.0008        
 4620.120 -0.0019        
 4620.140 -0.0013        
 4620.160  0.0006        
 4620.180  0.0033        
 4620.200  0.0063        
 4620.220  0.0092        
 4620.240  0.0120        
 4620.260  0.0147        
 4620.280  0.0174        
 4620.300  0.0199        
 4620.320  0.0217        
 4620.340  0.0220        
 4620.360  0.0201        
 4620.380  0.0157        
 4620.400  0.0093        
 4620.420  0.0019        
 4620.440 -0.0048        
 4620.460 -0.0091        
 4620.480 -0.0100        
 4620.500 -0.0075        
 4620.520 -0.0023        
 4620.540  0.0041        
 4620.560  0.0096        
 4620.580  0.0129        
 4620.600  0.0133        
 4620.620  0.0114        
 4620.640  0.0082        
 4620.660  0.0052        
 4620.680  0.0036        
 4620.700  0.0041        
 4620.720  0.0063        
 4620.740  0.0091        
 4620.760  0.0115        
 4620.780  0.0123        
 4620.800  0.0109        
 4620.820  0.0077        
 4620.840  0.0034        
 4620.860 -0.0010        
 4620.880 -0.0046        
 4620.900 -0.0067        
 4620.920 -0.0072        
 4620.940 -0.0067        
 4620.960 -0.0058        
 4620.980 -0.0050        
 4621.000 -0.0045        
 4621.020 -0.0042        
 4621.040 -0.0040        
 4621.060 -0.0035        
 4621.080 -0.0025        
 4621.100 -0.0012        
 4621.120  0.0002        
 4621.140  0.0013        
 4621.160  0.0021        
 4621.180  0.0025        
 4621.200  0.0025        
 4621.220  0.0023        
 4621.240  0.0020        
 4621.260  0.0013        
 4621.280 -0.0002        
 4621.300 -0.0026        
 4621.320 -0.0054        
 4621.340 -0.0081        
 4621.360 -0.0099        
 4621.380 -0.0098        
 4621.400 -0.0075        
 4621.420 -0.0034        
 4621.440  0.0009        
 4621.460  0.0039        
 4621.480  0.0047        
 4621.500  0.0028        
 4621.520 -0.0012        
 4621.540 -0.0052        
 4621.560 -0.0070        
 4621.580 -0.0052        
 4621.600  0.0003        
 4621.620  0.0081        
 4621.640  0.0162        
 4621.660  0.0218        
 4621.680  0.0228        
 4621.700  0.0193        
 4621.720  0.0132        
 4621.740  0.0068        
 4621.760  0.0024        
 4621.780  0.0019        
 4621.800  0.0053        
 4621.820  0.0108        
 4621.840  0.0160        
 4621.860  0.0189        
 4621.880  0.0183        
 4621.900  0.0139        
 4621.920  0.0076        
 4621.940  0.0024        
 4621.960  0.0009        
 4621.980  0.0027        
 4622.000  0.0059        
 4622.020  0.0087        
 4622.040  0.0099        
 4622.060  0.0089        
 4622.080  0.0063        
 4622.100  0.0041        
 4622.120  0.0039        
 4622.140  0.0062        
 4622.160  0.0107        
 4622.180  0.0162        
 4622.200  0.0211        
 4622.220  0.0231        
 4622.240  0.0208        
 4622.260  0.0158        
 4622.280  0.0117        
 4622.300  0.0107        
 4622.320  0.0127        
 4622.340  0.0158        
 4622.360  0.0180        
 4622.380  0.0175        
 4622.400  0.0138        
 4622.420  0.0080        
 4622.440  0.0019        
 4622.460 -0.0025        
 4622.480 -0.0039        
 4622.500 -0.0018        
 4622.520  0.0031        
 4622.540  0.0089        
 4622.560  0.0133        
 4622.580  0.0154        
 4622.600  0.0149        
 4622.620  0.0123        
 4622.640  0.0087        
 4622.660  0.0057        
 4622.680  0.0042        
 4622.700  0.0043        
 4622.720  0.0057        
 4622.740  0.0076        
 4622.760  0.0097        
 4622.780  0.0113        
 4622.800  0.0122        
 4622.820  0.0120        
 4622.840  0.0108        
 4622.860  0.0084        
 4622.880  0.0048        
 4622.900  0.0002        
 4622.920 -0.0046        
 4622.940 -0.0087        
 4622.960 -0.0112        
 4622.980 -0.0114        
 4623.000 -0.0094        
 4623.020 -0.0059        
 4623.040 -0.0020        
 4623.060  0.0008        
 4623.080  0.0020        
 4623.100  0.0014        
 4623.120 -0.0005        
 4623.140 -0.0029        
 4623.160 -0.0047        
 4623.180 -0.0050        
 4623.200 -0.0039        
 4623.220 -0.0016        
 4623.240  0.0013        
 4623.260  0.0041        
 4623.280  0.0063        
 4623.300  0.0075        
 4623.320  0.0079        
 4623.340  0.0077        
 4623.360  0.0072        
 4623.380  0.0068        
 4623.400  0.0065        
 4623.420  0.0064        
 4623.440  0.0064        
 4623.460  0.0063        
 4623.480  0.0062        
 4623.500  0.0058        
 4623.520  0.0052        
 4623.540  0.0047        
 4623.560  0.0046        
 4623.580  0.0049        
 4623.600  0.0058        
 4623.620  0.0071        
 4623.640  0.0083        
 4623.660  0.0089        
 4623.680  0.0086        
 4623.700  0.0075        
 4623.720  0.0059        
 4623.740  0.0046        
 4623.760  0.0044        
 4623.780  0.0060        
 4623.800  0.0091        
 4623.820  0.0127        
 4623.840  0.0157        
 4623.860  0.0172        
 4623.880  0.0164        
 4623.900  0.0135        
 4623.920  0.0097        
 4623.940  0.0068        
 4623.960  0.0056        
 4623.980  0.0067        
 4624.000  0.0098        
 4624.020  0.0134        
 4624.040  0.0154        
 4624.060  0.0144        
 4624.080  0.0101        
 4624.100  0.0032        
 4624.120 -0.0046        
 4624.140 -0.0111        
 4624.160 -0.0143        
 4624.180 -0.0134        
 4624.200 -0.0091        
 4624.220 -0.0027        
 4624.240  0.0042        
 4624.260  0.0100        
 4624.280  0.0135        
 4624.300  0.0144        
 4624.320  0.0130        
 4624.340  0.0101        
 4624.360  0.0064        
 4624.380  0.0028        
 4624.400 -0.0002        
 4624.420 -0.0020        
 4624.440 -0.0025        
 4624.460 -0.0019        
 4624.480 -0.0004        
 4624.500  0.0016        
 4624.520  0.0037        
 4624.540  0.0057        
 4624.560  0.0075        
 4624.580  0.0092        
 4624.600  0.0114        
 4624.620  0.0140        
 4624.640  0.0171        
 4624.660  0.0201        
 4624.680  0.0226        
 4624.700  0.0237        
 4624.720  0.0230        
 4624.740  0.0203        
 4624.760  0.0159        
 4624.780  0.0104        
 4624.800  0.0044        
 4624.820 -0.0011        
 4624.840 -0.0057        
 4624.860 -0.0088        
 4624.880 -0.0104        
 4624.900 -0.0102        
 4624.920 -0.0081        
 4624.940 -0.0044        
 4624.960  0.0001        
 4624.980  0.0044        
 4625.000  0.0075        
 4625.020  0.0086        
 4625.040  0.0073        
 4625.060  0.0042        
 4625.080  0.0006        
 4625.100 -0.0018        
 4625.120 -0.0020        
 4625.140  0.0004        
 4625.160  0.0049        
 4625.180  0.0099        
 4625.200  0.0136        
 4625.220  0.0144        
 4625.240  0.0122        
 4625.260  0.0079        
 4625.280  0.0029        
 4625.300 -0.0013        
 4625.320 -0.0032        
 4625.340 -0.0026        
 4625.360 -0.0005        
 4625.380  0.0018        
 4625.400  0.0034        
 4625.420  0.0042        
 4625.440  0.0042        
 4625.460  0.0045        
 4625.480  0.0061        
 4625.500  0.0094        
 4625.520  0.0133        
 4625.540  0.0165        
 4625.560  0.0177        
 4625.580  0.0162        
 4625.600  0.0118        
 4625.620  0.0059        
 4625.640  0.0009        
 4625.660 -0.0014        
 4625.680 -0.0002        
 4625.700  0.0040        
 4625.720  0.0097        
 4625.740  0.0146        
 4625.760  0.0163        
 4625.780  0.0137        
 4625.800  0.0074        
 4625.820 -0.0009        
 4625.840 -0.0089        
 4625.860 -0.0141        
 4625.880 -0.0148        
 4625.900 -0.0111        
 4625.920 -0.0044        
 4625.940  0.0035        
 4625.960  0.0104        
 4625.980  0.0145        
 4626.000  0.0154        
 4626.020  0.0139        
 4626.040  0.0114        
 4626.060  0.0091        
 4626.080  0.0083        
 4626.100  0.0091        
 4626.120  0.0110        
 4626.140  0.0125        
 4626.160  0.0124        
 4626.180  0.0105        
 4626.200  0.0070        
 4626.220  0.0031        
 4626.240  0.0003        
 4626.260  0.0003        
 4626.280  0.0034        
 4626.300  0.0089        
 4626.320  0.0154        
 4626.340  0.0209        
 4626.360  0.0237        
 4626.380  0.0230        
 4626.400  0.0192        
 4626.420  0.0140        
 4626.440  0.0087        
 4626.460  0.0047        
 4626.480  0.0027        
 4626.500  0.0026        
 4626.520  0.0033        
 4626.540  0.0040        
 4626.560  0.0042        
 4626.580  0.0041        
 4626.600  0.0043        
 4626.620  0.0050        
 4626.640  0.0067        
 4626.660  0.0089        
 4626.680  0.0105        
 4626.700  0.0106        
 4626.720  0.0085        
 4626.740  0.0048        
 4626.760  0.0002        
 4626.780 -0.0042        
 4626.800 -0.0072        
 4626.820 -0.0077        
 4626.840 -0.0060        
 4626.860 -0.0030        
 4626.880  0.0003        
 4626.900  0.0031        
 4626.920  0.0048        
 4626.940  0.0052        
 4626.960  0.0044        
 4626.980  0.0028        
 4627.000  0.0006        
 4627.020 -0.0022        
 4627.040 -0.0050        
 4627.060 -0.0073        
 4627.080 -0.0084        
 4627.100 -0.0079        
 4627.120 -0.0059        
 4627.140 -0.0030        
 4627.160 -0.0001        
 4627.180  0.0014        
 4627.200  0.0005        
 4627.220 -0.0027        
 4627.240 -0.0070        
 4627.260 -0.0108        
 4627.280 -0.0125        
 4627.300 -0.0108        
 4627.320 -0.0059        
 4627.340  0.0008        
 4627.360  0.0069        
 4627.380  0.0105        
 4627.400  0.0109        
 4627.420  0.0082        
 4627.440  0.0038        
 4627.460 -0.0003        
 4627.480 -0.0021        
 4627.500 -0.0012        
 4627.520  0.0020        
 4627.540  0.0064        
 4627.560  0.0111        
 4627.580  0.0149        
 4627.600  0.0171        
 4627.620  0.0178        
 4627.640  0.0173        
 4627.660  0.0159        
 4627.680  0.0135        
 4627.700  0.0102        
 4627.720  0.0066        
 4627.740  0.0033        
 4627.760  0.0009        
 4627.780  0.0000        
 4627.800  0.0008        
 4627.820  0.0026        
 4627.840  0.0042        
 4627.860  0.0043        
 4627.880  0.0025        
 4627.900 -0.0008        
 4627.920 -0.0045        
 4627.940 -0.0072        
 4627.960 -0.0074        
 4627.980  0.0000        
 4628.000  0.0000        
