           0.9800  1.0000
           0.19    0.00  
 4647.000  0.9678  0.9841
 4647.020  0.9744  0.9795
 4647.040  0.9770  0.9782
 4647.060  0.9784  0.9804
 4647.080  0.9765  0.9751
 4647.100  0.9711  0.9799
 4647.120  0.9651  0.9812
 4647.140  0.9625  0.9770
 4647.160  0.9637  0.9724
 4647.180  0.9681  0.9646
 4647.200  0.9749  0.9547
 4647.220  0.9830  0.9388
 4647.240  0.9905  0.9201
 4647.260  0.9946  0.8921
 4647.280  0.9907  0.8681
 4647.300  0.9785  0.8626
 4647.320  0.9653  0.8584
 4647.340  0.9600  0.8536
 4647.360  0.9653  0.8429
 4647.380  0.9747  0.8362
 4647.400  0.9791  0.8430
 4647.420  0.9755  0.8666
 4647.440  0.9675  0.8871
 4647.460  0.9597  0.9153
 4647.480  0.9560  0.9365
 4647.500  0.9577  0.9494
 4647.520  0.9638  0.9632
 4647.540  0.9723  0.9715
 4647.560  0.9806  0.9775
 4647.580  0.9856  0.9784
 4647.600  0.9855  0.9802
 4647.620  0.9810  0.9811
 4647.640  0.9739  0.9786
 4647.660  0.9660  0.9801
 4647.680  0.9598  0.9811
 4647.700  0.9571  0.9838
 4647.720  0.9579  0.9875
 4647.740  0.9611  0.9889
 4647.760  0.9655  0.9898
 4647.780  0.9703  0.9875
 4647.800  0.9743  0.9850
 4647.820  0.9767  0.9819
 4647.840  0.9772  0.9803
 4647.860  0.9762  0.9807
 4647.880  0.9735  0.9814
 4647.900  0.9693  0.9812
 4647.920  0.9641  0.9778
 4647.940  0.9595  0.9710
 4647.960  0.9569  0.9615
 4647.980  0.9567  0.9516
 4648.000  0.9593  0.9438
 4648.020  0.9645  0.9391
 4648.040  0.9709  0.9361
 4648.060  0.9762  0.9309
 4648.080  0.9793  0.9182
 4648.100  0.9807  0.8936
 4648.120  0.9810  0.8562
 4648.140  0.9806  0.8097
 4648.160  0.9807  0.7622
 4648.180  0.9828  0.7240
 4648.200  0.9860  0.7044
 4648.220  0.9877  0.7087
 4648.240  0.9867  0.7360
 4648.260  0.9836  0.7798
 4648.280  0.9794  0.8300
 4648.300  0.9753  0.8766
 4648.320  0.9730  0.9121
 4648.340  0.9738  0.9341
 4648.360  0.9768  0.9448
 4648.380  0.9802  0.9492
 4648.400  0.9824  0.9523
 4648.420  0.9823  0.9577
 4648.440  0.9792  0.9658
 4648.460  0.9739  0.9747
 4648.480  0.9683  0.9816
 4648.500  0.9644  0.9844
 4648.520  0.9632  0.9831
 4648.540  0.9643  0.9791
 4648.560  0.9665  0.9753
 4648.580  0.9684  0.9740
 4648.600  0.9685  0.9761
 4648.620  0.9665  0.9809
 4648.640  0.9633  0.9866
 4648.660  0.9607  0.9909
 4648.680  0.9603  0.9926
 4648.700  0.9627  0.9917
 4648.720  0.9670  0.9892
 4648.740  0.9716  0.9867
 4648.760  0.9746  0.9857
 4648.780  0.9745  0.9866
 4648.800  0.9709  0.9891
 4648.820  0.9654  0.9921
 4648.840  0.9604  0.9947
 4648.860  0.9579  0.9962
 4648.880  0.9587  0.9966
 4648.900  0.9626  0.9962
 4648.920  0.9684  0.9958
 4648.940  0.9738  0.9957
 4648.960  0.9765  0.9963
 4648.980  0.9760  0.9973
 4649.000  0.9729  0.9984
 4649.020  0.9688  0.9990
 4649.040  0.9652  0.9988
 4649.060  0.9636  0.9976
 4649.080  0.9647  0.9954
 4649.100  0.9677  0.9925
 4649.120  0.9709  0.9895
 4649.140  0.9732  0.9871
 4649.160  0.9740  0.9859
 4649.180  0.9735  0.9866
 4649.200  0.9723  0.9890
 4649.220  0.9715  0.9927
 4649.240  0.9718  0.9968
 4649.260  0.9732  1.0000
 4649.280  0.9748  1.0017
 4649.300  0.9758  1.0015
 4649.320  0.9756  1.0000
 4649.340  0.9742  0.9983
 4649.360  0.9720  0.9972
 4649.380  0.9698  0.9975
 4649.400  0.9685  0.9990
 4649.420  0.9686  1.0009
 4649.440  0.9697  1.0023
 4649.460  0.9711  1.0025
 4649.480  0.9724  1.0014
 4649.500  0.9737  0.9995
 4649.520  0.9748  0.9979
 4649.540  0.9762  0.9971
 4649.560  0.9783  0.9974
 4649.580  0.9813  0.9981
 4649.600  0.9843  0.9983
 4649.620  0.9859  0.9971
 4649.640  0.9855  0.9943
 4649.660  0.9831  0.9903
 4649.680  0.9794  0.9861
 4649.700  0.9755  0.9829
 4649.720  0.9734  0.9812
 4649.740  0.9742  0.9807
 4649.760  0.9778  0.9805
 4649.780  0.9821  0.9797
 4649.800  0.9855  0.9776
 4649.820  0.9865  0.9746
 4649.840  0.9844  0.9719
 4649.860  0.9795  0.9709
 4649.880  0.9739  0.9728
 4649.900  0.9704  0.9776
 4649.920  0.9703  0.9846
 4649.940  0.9731  0.9918
 4649.960  0.9779  0.9975
 4649.980  0.9830  1.0006
 4650.000  0.9865  1.0010
 4650.020  0.9872  0.9998
 4650.040  0.9860  0.9983
 4650.060  0.9848  0.9977
 4650.080  0.9851  0.9985
 4650.100  0.9870  1.0000
 4650.120  0.9898  1.0010
 4650.140  0.9924  1.0004
 4650.160  0.9925  0.9979
 4650.180  0.9885  0.9940
 4650.200  0.9812  0.9898
 4650.220  0.9729  0.9869
 4650.240  0.9664  0.9863
 4650.260  0.9634  0.9881
 4650.280  0.9650  0.9917
 4650.300  0.9705  0.9959
 4650.320  0.9772  0.9993
 4650.340  0.9820  1.0013
 4650.360  0.9832  1.0016
 4650.380  0.9807  1.0008
 4650.400  0.9758  0.9997
 4650.420  0.9700  0.9988
 4650.440  0.9654  0.9985
 4650.460  0.9634  0.9986
 4650.480  0.9635  0.9989
 4650.500  0.9643  0.9992
 4650.520  0.9646  0.9995
 4650.540  0.9640  0.9999
 4650.560  0.9630  1.0006
 4650.580  0.9621  1.0016
 4650.600  0.9622  1.0026
 4650.620  0.9639  1.0031
 4650.640  0.9667  1.0026
 4650.660  0.9689  1.0007
 4650.680  0.9693  0.9976
 4650.700  0.9676  0.9935
 4650.720  0.9641  0.9895
 4650.740  0.9597  0.9864
 4650.760  0.9556  0.9849
 4650.780  0.9531  0.9855
 4650.800  0.9523  0.9880
 4650.820  0.9525  0.9918
 4650.840  0.9527  0.9960
 4650.860  0.9529  0.9998
 4650.880  0.9533  1.0023
 4650.900  0.9546  1.0032
 4650.920  0.9572  1.0025
 4650.940  0.9614  1.0009
 4650.960  0.9666  0.9990
 4650.980  0.9710  0.9976
 4651.000  0.9730  0.9971
 4651.020  0.9718  0.9975
 4651.040  0.9683  0.9985
 4651.060  0.9640  0.9993
 4651.080  0.9608  0.9995
 4651.100  0.9601  0.9990
 4651.120  0.9624  0.9978
 4651.140  0.9665  0.9964
 4651.160  0.9702  0.9951
 4651.180  0.9716  0.9937
 4651.200  0.9705  0.9912
 4651.220  0.9677  0.9864
 4651.240  0.9646  0.9779
 4651.260  0.9632  0.9652
 4651.280  0.9643  0.9489
 4651.300  0.9673  0.9311
 4651.320  0.9698  0.9149
 4651.340  0.9695  0.9038
 4651.360  0.9652  0.9002
 4651.380  0.9581  0.9052
 4651.400  0.9505  0.9178
 4651.420  0.9452  0.9353
 4651.440  0.9449  0.9540
 4651.460  0.9499  0.9705
 4651.480  0.9581  0.9825
 4651.500  0.9662  0.9892
 4651.520  0.9716  0.9916
 4651.540  0.9731  0.9914
 4651.560  0.9708  0.9908
 4651.580  0.9665  0.9911
 4651.600  0.9635  0.9930
 4651.620  0.9641  0.9958
 4651.640  0.9680  0.9987
 4651.660  0.9731  1.0004
 4651.680  0.9770  1.0002
 4651.700  0.9778  0.9982
 4651.720  0.9741  0.9950
 4651.740  0.9665  0.9916
 4651.760  0.9577  0.9891
 4651.780  0.9507  0.9880
 4651.800  0.9468  0.9885
 4651.820  0.9459  0.9903
 4651.840  0.9467  0.9927
 4651.860  0.9476  0.9952
 4651.880  0.9469  0.9973
 4651.900  0.9441  0.9990
 4651.920  0.9406  1.0003
 4651.940  0.9388  1.0014
 4651.960  0.9401  1.0023
 4651.980  0.9448  1.0027
 4652.000  0.9520  1.0023
 4652.020  0.9601  1.0007
 4652.040  0.9666  0.9979
 4652.060  0.9697  0.9944
 4652.080  0.9693  0.9908
 4652.100  0.9668  0.9881
 4652.120  0.9638  0.9869
 4652.140  0.9615  0.9875
 4652.160  0.9611  0.9893
 4652.180  0.9625  0.9916
 4652.200  0.9648  0.9932
 4652.220  0.9666  0.9937
 4652.240  0.9672  0.9931
 4652.260  0.9668  0.9920
 4652.280  0.9660  0.9915
 4652.300  0.9652  0.9923
 4652.320  0.9655  0.9944
 4652.340  0.9670  0.9972
 4652.360  0.9692  0.9997
 4652.380  0.9705  1.0006
 4652.400  0.9697  0.9993
 4652.420  0.9659  0.9963
 4652.440  0.9585  0.9927
 4652.460  0.9481  0.9901
 4652.480  0.9366  0.9898
 4652.500  0.9263  0.9920
 4652.520  0.9198  0.9962
 4652.540  0.9190  1.0006
 4652.560  0.9245  1.0037
 4652.580  0.9355  1.0043
 4652.600  0.9496  1.0021
 4652.620  0.9639  0.9981
 4652.640  0.9757  0.9936
 4652.660  0.9830  0.9899
 4652.680  0.9856  0.9880
 4652.700  0.9850  0.9876
 4652.720  0.9835  0.9883
 4652.740  0.9828  0.9893
 4652.760  0.9837  0.9903
 4652.780  0.9856  0.9912
 4652.800  0.9867  0.9927
 4652.820  0.9846  0.9951
 4652.840  0.9784  0.9984
 4652.860  0.9694  1.0020
 4652.880  0.9601  1.0050
 4652.900  0.9534  1.0064
 4652.920  0.9516  1.0058
 4652.940  0.9557  1.0036
 4652.960  0.9641  1.0007
 4652.980  0.9733  0.9985
 4653.000  0.9798  0.9978
 4653.020  0.9820  0.9988
 4653.040  0.9800  1.0010
 4653.060  0.9753  1.0035
 4653.080  0.9710  1.0052
 4653.100  0.9697  1.0057
 4653.120  0.9720  1.0049
 4653.140  0.9759  1.0034
 4653.160  0.9787  1.0016
 4653.180  0.9784  0.9997
 4653.200  0.9740  0.9978
 4653.220  0.9663  0.9958
 4653.240  0.9585  0.9936
 4653.260  0.9547  0.9920
 4653.280  0.9572  0.9916
 4653.300  0.9651  0.9932
 4653.320  0.9757  0.9968
 4653.340  0.9857  1.0014
 4653.360  0.9913  1.0049
 4653.380  0.9903  1.0052
 4653.400  0.9836  1.0009
 4653.420  0.9746  0.9920
 4653.440  0.9668  0.9803
 4653.460  0.9625  0.9690
 4653.480  0.9629  0.9616
 4653.500  0.9677  0.9604
 4653.520  0.9738  0.9657
 4653.540  0.9783  0.9758
 4653.560  0.9798  0.9874
 4653.580  0.9792  0.9969
 4653.600  0.9776  1.0021
 4653.620  0.9765  1.0024
 4653.640  0.9771  0.9992
 4653.660  0.9794  0.9951
 4653.680  0.9821  0.9923
 4653.700  0.9833  0.9924
 4653.720  0.9820  0.9952
 4653.740  0.9786  0.9992
 4653.760  0.9741  1.0028
 4653.780  0.9697  1.0046
 4653.800  0.9669  1.0043
 4653.820  0.9660  1.0025
 4653.840  0.9667  1.0004
 4653.860  0.9672  0.9992
 4653.880  0.9665  0.9995
 4653.900  0.9641  1.0010
 4653.920  0.9605  1.0029
 4653.940  0.9567  1.0046
 4653.960  0.9539  1.0054
 4653.980  0.9534  1.0053
 4654.000  0.9553  1.0045
 4654.020  0.9589  1.0034
 4654.040  0.9632  1.0021
 4654.060  0.9673  1.0003
 4654.080  0.9709  0.9980
 4654.100  0.9738  0.9953
 4654.120  0.9761  0.9926
 4654.140  0.9782  0.9908
 4654.160  0.9802  0.9908
 4654.180  0.9814  0.9928
 4654.200  0.9811  0.9967
 4654.220  0.9791  1.0014
 4654.240  0.9755  1.0056
 4654.260  0.9709  1.0081
 4654.280  0.9662  1.0083
 4654.300  0.9626  1.0067
 4654.320  0.9610  1.0042
 4654.340  0.9615  1.0019
 4654.360  0.9639  1.0006
 4654.380  0.9673  1.0006
 4654.400  0.9709  1.0013
 4654.420  0.9735  1.0019
 4654.440  0.9744  1.0019
 4654.460  0.9735  1.0009
 4654.480  0.9712  0.9992
 4654.500  0.9677  0.9974
 4654.520  0.9639  0.9962
 4654.540  0.9605  0.9958
 4654.560  0.9580  0.9962
 4654.580  0.9566  0.9971
 4654.600  0.9560  0.9981
 4654.620  0.9560  0.9990
 4654.640  0.9559  0.9998
 4654.660  0.9554  1.0007
 4654.680  0.9545  1.0018
 4654.700  0.9534  1.0030
 4654.720  0.9528  1.0039
 4654.740  0.9532  1.0043
 4654.760  0.9547  1.0038
 4654.780  0.9572  1.0026
 4654.800  0.9601  1.0014
 4654.820  0.9627  1.0006
 4654.840  0.9643  1.0008
 4654.860  0.9648  1.0017
 4654.880  0.9644  1.0028
 4654.900  0.9638  1.0030
 4654.920  0.9636  1.0015
 4654.940  0.9641  0.9983
 4654.960  0.9654  0.9939
 4654.980  0.9670  0.9896
 4655.000  0.9682  0.9870
 4655.020  0.9685  0.9869
 4655.040  0.9679  0.9891
 4655.060  0.9666  0.9921
 4655.080  0.9649  0.9938
 4655.100  0.9635  0.9922
 4655.120  0.9627  0.9862
 4655.140  0.9625  0.9760
 4655.160  0.9623  0.9635
 4655.180  0.9619  0.9517
 4655.200  0.9610  0.9435
 4655.220  0.9595  0.9409
 4655.240  0.9577  0.9446
 4655.260  0.9561  0.9533
 4655.280  0.9555  0.9647
 4655.300  0.9562  0.9760
 4655.320  0.9583  0.9848
 4655.340  0.9620  0.9900
 4655.360  0.9672  0.9918
 4655.380  0.9731  0.9913
 4655.400  0.9790  0.9902
 4655.420  0.9839  0.9900
 4655.440  0.9872  0.9913
 4655.460  0.9879  0.9941
 4655.480  0.9860  0.9975
 4655.500  0.9823  1.0005
 4655.520  0.9781  1.0024
 4655.540  0.9746  1.0029
 4655.560  0.9730  1.0023
 4655.580  0.9740  1.0012
 4655.600  0.9775  1.0004
 4655.620  0.9821  1.0002
 4655.640  0.9859  1.0008
 4655.660  0.9875  1.0018
 4655.680  0.9861  1.0027
 4655.700  0.9814  1.0029
 4655.720  0.9745  1.0023
 4655.740  0.9671  1.0011
 4655.760  0.9610  0.9996
 4655.780  0.9572  0.9984
 4655.800  0.9561  0.9978
 4655.820  0.9575  0.9980
 4655.840  0.9604  0.9989
 4655.860  0.9636  1.0001
 4655.880  0.9661  1.0014
 4655.900  0.9675  1.0025
 4655.920  0.9678  1.0033
 4655.940  0.9671  1.0039
 4655.960  0.9659  1.0043
 4655.980  0.9647  1.0046
 4656.000  0.9639  1.0049
 4656.020  0.9638  1.0050
 4656.040  0.9648  1.0049
 4656.060  0.9669  1.0045
 4656.080  0.9703  1.0039
 4656.100  0.9747  1.0028
 4656.120  0.9796  1.0015
 4656.140  0.9841  1.0000
 4656.160  0.9873  0.9984
 4656.180  0.9885  0.9970
 4656.200  0.9868  0.9960
 4656.220  0.9821  0.9956
 4656.240  0.9749  0.9962
 4656.260  0.9660  0.9976
 4656.280  0.9569  0.9995
 4656.300  0.9493  1.0016
 4656.320  0.9447  1.0033
 4656.340  0.9443  1.0041
 4656.360  0.9485  1.0040
 4656.380  0.9568  1.0031
 4656.400  0.9678  1.0021
 4656.420  0.9795  1.0013
 4656.440  0.9898  1.0010
 4656.460  0.9968  1.0013
 4656.480  0.9995  1.0016
 4656.500  0.9982  1.0017
 4656.520  0.9941  1.0013
 4656.540  0.9885  1.0004
 4656.560  0.9829  0.9994
 4656.580  0.9788  0.9989
 4656.600  0.9767  0.9990
 4656.620  0.9767  0.9996
 4656.640  0.9782  1.0003
 4656.660  0.9808  1.0004
 4656.680  0.9841  0.9993
 4656.700  0.9873  0.9972
 4656.720  0.9898  0.9947
 4656.740  0.9910  0.9929
 4656.760  0.9904  0.9929
 4656.780  0.9875  0.9950
 4656.800  0.9826  0.9988
 4656.820  0.9769  1.0030
 4656.840  0.9720  1.0057
 4656.860  0.9695  1.0055
 4656.880  0.9703  1.0021
 4656.900  0.9747  0.9961
 4656.920  0.9815  0.9893
 4656.940  0.9885  0.9840
 4656.960  0.9930  0.9817
 4656.980  0.9933  0.9830
 4657.000  0.9892  0.9872
 4657.020  0.9818  0.9925
 4657.040  0.9734  0.9970
 4657.060  0.9667  0.9992
 4657.080  0.9637  0.9986
 4657.100  0.9647  0.9960
 4657.120  0.9685  0.9927
 4657.140  0.9730  0.9902
 4657.160  0.9761  0.9895
 4657.180  0.9763  0.9905
 4657.200  0.9733  0.9927
 4657.220  0.9687  0.9951
 4657.240  0.9648  0.9968
 4657.260  0.9634  0.9976
 4657.280  0.9652  0.9977
 4657.300  0.9701  0.9977
 4657.320  0.9766  0.9983
 4657.340  0.9825  0.9997
 4657.360  0.9860  1.0017
 4657.380  0.9864  1.0038
 4657.400  0.9840  1.0053
 4657.420  0.9797  1.0060
 4657.440  0.9748  1.0057
 4657.460  0.9706  1.0047
 4657.480  0.9676  1.0033
 4657.500  0.9658  1.0021
 4657.520  0.9647  1.0011
 4657.540  0.9642  1.0004
 4657.560  0.9643  0.9998
 4657.580  0.9650  0.9991
 4657.600  0.9663  0.9986
 4657.620  0.9680  0.9984
 4657.640  0.9695  0.9987
 4657.660  0.9697  0.9997
 4657.680  0.9677  1.0013
 4657.700  0.9634  1.0032
 4657.720  0.9577  1.0048
 4657.740  0.9525  1.0059
 4657.760  0.9496  1.0062
 4657.780  0.9506  1.0057
 4657.800  0.9562  1.0046
 4657.820  0.9653  1.0033
 4657.840  0.9749  1.0021
 4657.860  0.9819  1.0014
 4657.880  0.9843  1.0012
 4657.900  0.9809  1.0015
 4657.920  0.9724  1.0022
 4657.940  0.9620  1.0031
 4657.960  0.9534  1.0041
 4657.980  0.9495  1.0050
 4658.000  0.9509  1.0058
 4658.020  0.9571  1.0062
 4658.040  0.9656  1.0063
 4658.060  0.9730  1.0059
 4658.080  0.9766  1.0053
 4658.100  0.9757  1.0044
 4658.120  0.9717  1.0036
 4658.140  0.9664  1.0031
 4658.160  0.9623  1.0029
 4658.180  0.9611  1.0030
 4658.200  0.9632  1.0033
 4658.220  0.9668  1.0037
 4658.240  0.9696  1.0038
 4658.260  0.9699  1.0036
 4658.280  0.9671  1.0031
 4658.300  0.9617  1.0024
 4658.320  0.9553  1.0017
 4658.340  0.9504  1.0014
 4658.360  0.9485  1.0015
 4658.380  0.9498  1.0020
 4658.400  0.9531  1.0028
 4658.420  0.9569  1.0036
 4658.440  0.9598  1.0040
 4658.460  0.9602  1.0038
 4658.480  0.9576  1.0032
 4658.500  0.9521  1.0023
 4658.520  0.9442  1.0016
 4658.540  0.9343  1.0014
 4658.560  0.9226  1.0018
 4658.580  0.9101  1.0028
 4658.600  0.8984  1.0038
 4658.620  0.8898  1.0041
 4658.640  0.8862  1.0033
 4658.660  0.8895  1.0013
 4658.680  0.9003  0.9985
 4658.700  0.9171  0.9957
 4658.720  0.9363  0.9941
 4658.740  0.9540  0.9942
 4658.760  0.9666  0.9963
 4658.780  0.9723  0.9999
 4658.800  0.9712  1.0039
 4658.820  0.9656  1.0071
 4658.840  0.9591  1.0087
 4658.860  0.9545  1.0083
 4658.880  0.9525  1.0065
 4658.900  0.9528  1.0041
 4658.920  0.9541  1.0022
 4658.940  0.9545  1.0014
 4658.960  0.9531  1.0020
 4658.980  0.9505  1.0034
 4659.000  0.9491  1.0048
 4659.020  0.9508  1.0056
 4659.040  0.9565  1.0054
 4659.060  0.9656  1.0044
 4659.080  0.9761  1.0032
 4659.100  0.9850  1.0025
 4659.120  0.9891  1.0025
 4659.140  0.9873  1.0033
 4659.160  0.9808  1.0044
 4659.180  0.9720  1.0052
 4659.200  0.9637  1.0053
 4659.220  0.9585  1.0047
 4659.240  0.9579  1.0035
 4659.260  0.9611  1.0024
 4659.280  0.9660  1.0018
 4659.300  0.9705  1.0020
 4659.320  0.9728  1.0030
 4659.340  0.9724  1.0043
 4659.360  0.9694  1.0054
 4659.380  0.9649  1.0059
 4659.400  0.9602  1.0058
 4659.420  0.9562  1.0052
 4659.440  0.9535  1.0044
 4659.460  0.9523  1.0038
 4659.480  0.9526  1.0035
 4659.500  0.9545  1.0036
 4659.520  0.9578  1.0038
 4659.540  0.9623  1.0038
 4659.560  0.9672  1.0035
 4659.580  0.9719  1.0030
 4659.600  0.9754  1.0022
 4659.620  0.9771  1.0015
 4659.640  0.9773  1.0009
 4659.660  0.9766  1.0005
 4659.680  0.9762  1.0005
 4659.700  0.9766  1.0006
 4659.720  0.9781  1.0010
 4659.740  0.9805  1.0015
 4659.760  0.9830  1.0019
 4659.780  0.9844  1.0022
 4659.800  0.9841  1.0021
 4659.820  0.9824  1.0017
 4659.840  0.9798  1.0009
 4659.860  0.9771  1.0000
 4659.880  0.9749  0.9992
 4659.900  0.9736  0.9990
 4659.920  0.9728  0.9994
 4659.940  0.9719  1.0004
 4659.960  0.9702  1.0015
 4659.980  0.9676  1.0022
 4660.000  0.9646  1.0019
 4660.020  0.9615  1.0002
 4660.040  0.9591  0.9973
 4660.060  0.9579  0.9937
 4660.080  0.9582  0.9904
 4660.100  0.9596  0.9882
 4660.120  0.9619  0.9876
 4660.140  0.9645  0.9890
 4660.160  0.9671  0.9918
 4660.180  0.9696  0.9955
 4660.200  0.9714  0.9991
 4660.220  0.9722  1.0020
 4660.240  0.9717  1.0039
 4660.260  0.9700  1.0046
 4660.280  0.9674  1.0046
 4660.300  0.9644  1.0041
 4660.320  0.9623  1.0036
 4660.340  0.9620  1.0033
 4660.360  0.9635  1.0033
 4660.380  0.9665  1.0035
 4660.400  0.9699  1.0040
 4660.420  0.9726  1.0045
 4660.440  0.9738  1.0051
 4660.460  0.9730  1.0055
 4660.480  0.9710  1.0057
 4660.500  0.9691  1.0055
 4660.520  0.9683  1.0051
 4660.540  0.9690  1.0044
 4660.560  0.9708  1.0038
 4660.580  0.9731  1.0033
 4660.600  0.9745  1.0032
 4660.620  0.9741  1.0035
 4660.640  0.9719  1.0043
 4660.660  0.9686  1.0052
 4660.680  0.9651  1.0061
 4660.700  0.9621  1.0067
 4660.720  0.9598  1.0071
 4660.740  0.9583  1.0071
 4660.760  0.9568  1.0069
 4660.780  0.9550  1.0067
 4660.800  0.9528  1.0066
 4660.820  0.9512  1.0064
 4660.840  0.9510  1.0062
 4660.860  0.9530  1.0058
 4660.880  0.9571  1.0053
 4660.900  0.9628  1.0046
 4660.920  0.9685  1.0039
 4660.940  0.9724  1.0034
 4660.960  0.9733  1.0032
 4660.980  0.9713  1.0035
 4661.000  0.9671  1.0042
 4661.020  0.9619  1.0052
 4661.040  0.9573  1.0063
 4661.060  0.9545  1.0071
 4661.080  0.9537  1.0076
 4661.100  0.9546  1.0076
 4661.120  0.9565  1.0072
 4661.140  0.9588  1.0064
 4661.160  0.9613  1.0054
 4661.180  0.9638  1.0044
 4661.200  0.9664  1.0037
 4661.220  0.9690  1.0032
 4661.240  0.9716  1.0032
 4661.260  0.9735  1.0034
 4661.280  0.9743  1.0038
 4661.300  0.9736  1.0043
 4661.320  0.9715  1.0048
 4661.340  0.9682  1.0051
 4661.360  0.9639  1.0053
 4661.380  0.9593  1.0054
 4661.400  0.9548  1.0055
 4661.420  0.9508  1.0056
 4661.440  0.9475  1.0058
 4661.460  0.9452  1.0059
 4661.480  0.9443  1.0058
 4661.500  0.9447  1.0056
 4661.520  0.9461  1.0051
 4661.540  0.9479  1.0046
 4661.560  0.9493  1.0041
 4661.580  0.9498  1.0040
 4661.600  0.9489  1.0042
 4661.620  0.9469  1.0048
 4661.640  0.9444  1.0056
 4661.660  0.9424  1.0064
 4661.680  0.9414  1.0070
 4661.700  0.9414  1.0070
 4661.720  0.9421  1.0066
 4661.740  0.9430  1.0057
 4661.760  0.9436  1.0048
 4661.780  0.9435  1.0040
 4661.800  0.9430  1.0036
 4661.820  0.9431  1.0038
 4661.840  0.9443  1.0042
 4661.860  0.9465  1.0048
 4661.880  0.9492  1.0053
 4661.900  0.9515  1.0055
 4661.920  0.9526  1.0054
 4661.940  0.9518  1.0052
 4661.960  0.9493  1.0051
 4661.980  0.9460  1.0052
 4662.000  0.9431  1.0055
 4662.020  0.9411  1.0060
 4662.040  0.9399  1.0062
 4662.060  0.9392  1.0061
 4662.080  0.9379  1.0056
 4662.100  0.9353  1.0047
 4662.120  0.9310  1.0037
 4662.140  0.9261  1.0031
 4662.160  0.9220  1.0031
 4662.180  0.9198  1.0036
 4662.200  0.9201  1.0046
 4662.220  0.9227  1.0055
 4662.240  0.9268  1.0061
 4662.260  0.9310  1.0062
 4662.280  0.9339  1.0057
 4662.300  0.9356  1.0051
 4662.320  0.9368  1.0047
 4662.340  0.9384  1.0047
 4662.360  0.9413  1.0051
 4662.380  0.9458  1.0058
 4662.400  0.9517  1.0064
 4662.420  0.9577  1.0064
 4662.440  0.9623  1.0059
 4662.460  0.9646  1.0050
 4662.480  0.9644  1.0040
 4662.500  0.9620  1.0035
 4662.520  0.9583  1.0036
 4662.540  0.9543  1.0041
 4662.560  0.9513  1.0047
 4662.580  0.9496  1.0048
 4662.600  0.9493  1.0040
 4662.620  0.9503  1.0025
 4662.640  0.9526  1.0004
 4662.660  0.9561  0.9983
 4662.680  0.9602  0.9967
 4662.700  0.9646  0.9958
 4662.720  0.9687  0.9954
 4662.740  0.9724  0.9949
 4662.760  0.9751  0.9937
 4662.780  0.9767  0.9915
 4662.800  0.9774  0.9886
 4662.820  0.9775  0.9857
 4662.840  0.9771  0.9837
 4662.860  0.9760  0.9833
 4662.880  0.9742  0.9849
 4662.900  0.9720  0.9882
 4662.920  0.9699  0.9923
 4662.940  0.9685  0.9962
 4662.960  0.9685  0.9991
 4662.980  0.9709  1.0007
 4663.000  0.9752  1.0014
 4663.020  0.9802  1.0017
 4663.040  0.9841  1.0023
 4663.060  0.9852  1.0034
 4663.080  0.9829  1.0050
 4663.100  0.9772  1.0065
 4663.120  0.9700  1.0074
 4663.140  0.9638  1.0073
 4663.160  0.9609  1.0062
 4663.180  0.9620  1.0045
 4663.200  0.9660  1.0029
 4663.220  0.9711  1.0020
 4663.240  0.9749  1.0020
 4663.260  0.9753  1.0027
 4663.280  0.9719  1.0037
 4663.300  0.9665  1.0045
 4663.320  0.9622  1.0048
 4663.340  0.9609  1.0046
 4663.360  0.9636  1.0042
 4663.380  0.9701  1.0040
 4663.400  0.9783  1.0043
 4663.420  0.9851  1.0050
 4663.440  0.9881  1.0057
 4663.460  0.9870  1.0062
 4663.480  0.9832  1.0061
 4663.500  0.9787  1.0054
 4663.520  0.9754  1.0045
 4663.540  0.9750  1.0038
 4663.560  0.9776  1.0037
 4663.580  0.9814  1.0042
 4663.600  0.9844  1.0052
 4663.620  0.9857  1.0063
 4663.640  0.9850  1.0069
 4663.660  0.9830  1.0069
 4663.680  0.9808  1.0062
 4663.700  0.9798  1.0051
 4663.720  0.9806  1.0041
 4663.740  0.9823  1.0035
 4663.760  0.9836  1.0035
 4663.780  0.9838  1.0039
 4663.800  0.9825  1.0046
 4663.820  0.9802  1.0052
 4663.840  0.9773  1.0055
 4663.860  0.9747  1.0056
 4663.880  0.9727  1.0057
 4663.900  0.9709  1.0060
 4663.920  0.9682  1.0064
 4663.940  0.9643  1.0070
 4663.960  0.9595  1.0075
 4663.980  0.9549  1.0077
 4664.000  0.9516  1.0074
 4664.020  0.9508  1.0069
 4664.040  0.9531  1.0062
 4664.060  0.9579  1.0057
 4664.080  0.9636  1.0057
 4664.100  0.9684  1.0061
 4664.120  0.9712  1.0068
 4664.140  0.9718  1.0075
 4664.160  0.9706  1.0080
 4664.180  0.9684  1.0081
 4664.200  0.9663  1.0080
 4664.220  0.9650  1.0076
 4664.240  0.9642  1.0072
 4664.260  0.9635  1.0068
 4664.280  0.9627  1.0066
 4664.300  0.9620  1.0064
 4664.320  0.9617  1.0061
 4664.340  0.9623  1.0056
 4664.360  0.9637  1.0050
 4664.380  0.9657  1.0044
 4664.400  0.9675  1.0038
 4664.420  0.9678  1.0034
 4664.440  0.9662  1.0032
 4664.460  0.9635  1.0031
 4664.480  0.9610  1.0030
 4664.500  0.9598  1.0031
 4664.520  0.9609  1.0032
 4664.540  0.9645  1.0034
 4664.560  0.9693  1.0038
 4664.580  0.9734  1.0043
 4664.600  0.9748  1.0047
 4664.620  0.9729  1.0050
 4664.640  0.9681  1.0049
 4664.660  0.9614  1.0045
 4664.680  0.9546  1.0039
 4664.700  0.9493  1.0032
 4664.720  0.9463  1.0029
 4664.740  0.9451  1.0029
 4664.760  0.9448  1.0033
 4664.780  0.9450  1.0039
 4664.800  0.9454  1.0045
 4664.820  0.9460  1.0047
 4664.840  0.9472  1.0047
 4664.860  0.9489  1.0045
 4664.880  0.9510  1.0043
 4664.900  0.9524  1.0045
 4664.920  0.9518  1.0050
 4664.940  0.9491  1.0056
 4664.960  0.9452  1.0060
 4664.980  0.9416  1.0058
 4665.000  0.9396  1.0048
 4665.020  0.9401  1.0032
 4665.040  0.9430  1.0012
 4665.060  0.9467  0.9993
 4665.080  0.9485  0.9980
 4665.100  0.9466  0.9976
 4665.120  0.9412  0.9979
 4665.140  0.9342  0.9986
 4665.160  0.9281  0.9991
 4665.180  0.9261  0.9992
 4665.200  0.9300  0.9986
 4665.220  0.9393  0.9976
 4665.240  0.9502  0.9966
 4665.260  0.9584  0.9960
 4665.280  0.9605  0.9963
 4665.300  0.9545  0.9977
 4665.320  0.9411  0.9998
 4665.340  0.9241  1.0025
 4665.360  0.9091  1.0051
 4665.380  0.9004  1.0071
 4665.400  0.8995  1.0083
 4665.420  0.9059  1.0085
 4665.440  0.9171  1.0075
 4665.460  0.9290  1.0058
 4665.480  0.9376  1.0035
 4665.500  0.9413  1.0011
 4665.520  0.9407  0.9991
 4665.540  0.9374  0.9978
 4665.560  0.9334  0.9973
 4665.580  0.9310  0.9974
 4665.600  0.9311  0.9979
 4665.620  0.9333  0.9982
 4665.640  0.9361  0.9981
 4665.660  0.9384  0.9974
 4665.680  0.9399  0.9962
 4665.700  0.9403  0.9951
 4665.720  0.9401  0.9945
 4665.740  0.9403  0.9949
 4665.760  0.9415  0.9962
 4665.780  0.9439  0.9982
 4665.800  0.9471  1.0004
 4665.820  0.9506  1.0023
 4665.840  0.9540  1.0033
 4665.860  0.9568  1.0037
 4665.880  0.9587  1.0036
 4665.900  0.9596  1.0036
 4665.920  0.9599  1.0040
 4665.940  0.9598  1.0048
 4665.960  0.9597  1.0059
 4665.980  0.9600  1.0069
 4666.000  0.9611  1.0074
 4666.020  0.9630  1.0070
 4666.040  0.9654  1.0061
 4666.060  0.9678  1.0048
 4666.080  0.9695  1.0038
 4666.100  0.9700  1.0033
 4666.120  0.9693  1.0033
 4666.140  0.9679  1.0037
 4666.160  0.9665  1.0042
 4666.180  0.9660  1.0046
 4666.200  0.9667  1.0046
 4666.220  0.9686  1.0046
 4666.240  0.9709  1.0045
 4666.260  0.9728  1.0045
 4666.280  0.9737  1.0046
 4666.300  0.9734  1.0044
 4666.320  0.9725  1.0036
 4666.340  0.9719  1.0020
 4666.360  0.9728  0.9998
 4666.380  0.9755  0.9975
 4666.400  0.9797  0.9955
 4666.420  0.9844  0.9944
 4666.440  0.9883  0.9942
 4666.460  0.9900  0.9947
 4666.480  0.9888  0.9954
 4666.500  0.9855  0.9958
 4666.520  0.9812  0.9956
 4666.540  0.9772  0.9951
 4666.560  0.9746  0.9947
 4666.580  0.9740  0.9950
 4666.600  0.9750  0.9963
 4666.620  0.9764  0.9986
 4666.640  0.9771  1.0013
 4666.660  0.9763  1.0036
 4666.680  0.9740  1.0048
 4666.700  0.9708  1.0048
 4666.720  0.9678  1.0038
 4666.740  0.9667  1.0024
 4666.760  0.9683  1.0015
 4666.780  0.9725  1.0014
 4666.800  0.9783  1.0022
 4666.820  0.9844  1.0034
 4666.840  0.9889  1.0044
 4666.860  0.9901  1.0046
 4666.880  0.9874  1.0039
 4666.900  0.9816  1.0027
 4666.920  0.9740  1.0016
 4666.940  0.9663  1.0011
 4666.960  0.9607  1.0016
 4666.980  0.9588  1.0028
 4667.000  0.9603  1.0042
 4667.020  0.9643  1.0053
 4667.040  0.9693  1.0058
 4667.060  0.9737  1.0056
 4667.080  0.9760  1.0052
 4667.100  0.9760  1.0049
 4667.120  0.9745  1.0050
 4667.140  0.9729  1.0055
 4667.160  0.9723  1.0060
 4667.180  0.9734  1.0063
 4667.200  0.9764  1.0059
 4667.220  0.9803  1.0050
 4667.240  0.9837  1.0038
 4667.260  0.9854  1.0030
 4667.280  0.9852  1.0027
 4667.300  0.9833  1.0030
 4667.320  0.9806  1.0037
 4667.340  0.9782  1.0042
 4667.360  0.9769  1.0040
 4667.380  0.9769  1.0031
 4667.400  0.9778  1.0018
 4667.420  0.9788  1.0004
 4667.440  0.9792  0.9996
 4667.460  0.9789  0.9995
 4667.480  0.9777  1.0002
 4667.500  0.9761  1.0011
 4667.520  0.9746  1.0018
 4667.540  0.9736  1.0019
 4667.560  0.9727  1.0014
 4667.580  0.9717  1.0008
 4667.600  0.9704  1.0006
 4667.620  0.9688  1.0012
 4667.640  0.9672  1.0027
 4667.660  0.9661  1.0047
 4667.680  0.9662  1.0068
 4667.700  0.9677  1.0082
 4667.720  0.9703  1.0085
 4667.740  0.9731  1.0078
 4667.760  0.9753  1.0063
 4667.780  0.9759  1.0046
 4667.800  0.9745  1.0030
 4667.820  0.9714  1.0019
 4667.840  0.9672  1.0013
 4667.860  0.9631  1.0011
 4667.880  0.9598  1.0013
 4667.900  0.9581  1.0016
 4667.920  0.9582  1.0019
 4667.940  0.9598  1.0023
 4667.960  0.9622  1.0024
 4667.980  0.9650  1.0022
 4668.000  0.9674  1.0015
 4668.020  0.9691  1.0004
 4668.040  0.9696  0.9991
 4668.060  0.9690  0.9981
 4668.080  0.9673  0.9979
 4668.100  0.9649  0.9987
 4668.120  0.9622  1.0006
 4668.140  0.9597  1.0031
 4668.160  0.9576  1.0054
 4668.180  0.9561  1.0070
 4668.200  0.9552  1.0075
 4668.220  0.9548  1.0070
 4668.240  0.9546  1.0060
 4668.260  0.9545  1.0050
 4668.280  0.9545  1.0047
 4668.300  0.9544  1.0051
 4668.320  0.9541  1.0059
 4668.340  0.9535  1.0065
 4668.360  0.9523  1.0067
 4668.380  0.9507  1.0062
 4668.400  0.9489  1.0054
 4668.420  0.9473  1.0047
 4668.440  0.9466  1.0048
 4668.460  0.9477  1.0058
 4668.480  0.9507  1.0074
 4668.500  0.9553  1.0089
 4668.520  0.9605  1.0094
 4668.540  0.9651  1.0085
 4668.560  0.9674  1.0061
 4668.580  0.9665  1.0027
 4668.600  0.9625  0.9993
 4668.620  0.9566  0.9970
 4668.640  0.9504  0.9963
 4668.660  0.9457  0.9973
 4668.680  0.9439  0.9997
 4668.700  0.9456  1.0025
 4668.720  0.9502  1.0050
 4668.740  0.9561  1.0067
 4668.760  0.9619  1.0075
 4668.780  0.9663  1.0076
 4668.800  0.9684  1.0074
 4668.820  0.9680  1.0072
 4668.840  0.9659  1.0071
 4668.860  0.9626  1.0071
 4668.880  0.9589  1.0070
 4668.900  0.9552  1.0068
 4668.920  0.9518  1.0063
 4668.940  0.9492  1.0058
 4668.960  0.9478  1.0055
 4668.980  0.9480  1.0055
 4669.000  0.9504  1.0058
 4669.020  0.9552  1.0063
 4669.040  0.9619  1.0070
 4669.060  0.9694  1.0077
 4669.080  0.9763  1.0083
 4669.100  0.9811  1.0087
 4669.120  0.9825  1.0089
 4669.140  0.9801  1.0087
 4669.160  0.9746  1.0082
 4669.180  0.9672  1.0074
 4669.200  0.9598  1.0064
 4669.220  0.9543  1.0053
 4669.240  0.9522  1.0046
 4669.260  0.9537  1.0044
 4669.280  0.9581  1.0048
 4669.300  0.9645  1.0056
 4669.320  0.9711  1.0065
 4669.340  0.9765  1.0072
 4669.360  0.9802  1.0073
 4669.380  0.9824  1.0068
 4669.400  0.9838  1.0057
 4669.420  0.9854  1.0046
 4669.440  0.9876  1.0037
 4669.460  0.9907  1.0034
 4669.480  0.9938  1.0036
 4669.500  0.9954  1.0041
 4669.520  0.9943  1.0046
 4669.540  0.9903  1.0050
 4669.560  0.9838  1.0051
 4669.580  0.9761  1.0051
 4669.600  0.9694  1.0053
 4669.620  0.9659  1.0056
 4669.640  0.9665  1.0062
 4669.660  0.9708  1.0067
 4669.680  0.9773  1.0070
 4669.700  0.9842  1.0067
 4669.720  0.9891  1.0058
 4669.740  0.9907  1.0046
 4669.760  0.9890  1.0035
 4669.780  0.9855  1.0029
 4669.800  0.9818  1.0031
 4669.820  0.9790  1.0041
 4669.840  0.9783  1.0054
 4669.860  0.9795  1.0066
 4669.880  0.9816  1.0072
 4669.900  0.9833  1.0070
 4669.920  0.9840  1.0062
 4669.940  0.9840  1.0050
 4669.960  0.9836  1.0040
 4669.980  0.9837  1.0035
 4670.000  0.9849  1.0037
 4670.020  0.9874  1.0044
 4670.040  0.9903  1.0053
 4670.060  0.9922  1.0062
 4670.080  0.9922  1.0067
 4670.100  0.9899  1.0069
 4670.120  0.9856  1.0069
 4670.140  0.9802  1.0068
 4670.160  0.9751  1.0067
 4670.180  0.9717  1.0066
 4670.200  0.9702  1.0065
 4670.220  0.9703  1.0062
 4670.240  0.9714  1.0056
 4670.260  0.9727  1.0047
 4670.280  0.9736  1.0037
 4670.300  0.9736  1.0027
 4670.320  0.9734  1.0020
 4670.340  0.9736  1.0019
 4670.360  0.9745  1.0023
 4670.380  0.9761  1.0031
 4670.400  0.9782  1.0041
 4670.420  0.9803  1.0050
 4670.440  0.9816  1.0057
 4670.460  0.9816  1.0060
 4670.480  0.9805  1.0059
 4670.500  0.9787  1.0056
 4670.520  0.9768  1.0051
 4670.540  0.9754  1.0047
 4670.560  0.9750  1.0045
 4670.580  0.9755  1.0046
 4670.600  0.9767  1.0048
 4670.620  0.9776  1.0051
 4670.640  0.9776  1.0055
 4670.660  0.9762  1.0059
 4670.680  0.9729  1.0061
 4670.700  0.9684  1.0062
 4670.720  0.9633  1.0063
 4670.740  0.9588  1.0062
 4670.760  0.9557  1.0059
 4670.780  0.9550  1.0055
 4670.800  0.9568  1.0049
 4670.820  0.9605  1.0042
 4670.840  0.9653  1.0033
 4670.860  0.9701  1.0025
 4670.880  0.9739  1.0020
 4670.900  0.9761  1.0019
 4670.920  0.9766  1.0025
 4670.940  0.9756  1.0035
 4670.960  0.9737  1.0048
 4670.980  0.9713  1.0062
 4671.000  0.9687  1.0071
 4671.020  0.9661  1.0074
 4671.040  0.9637  1.0070
 4671.060  0.9613  1.0062
 4671.080  0.9592  1.0051
 4671.100  0.9576  1.0043
 4671.120  0.9565  1.0039
 4671.140  0.9560  1.0041
 4671.160  0.9556  1.0048
 4671.180  0.9552  1.0057
 4671.200  0.9545  1.0064
 4671.220  0.9536  1.0069
 4671.240  0.9527  1.0070
 4671.260  0.9522  1.0067
 4671.280  0.9524  1.0064
 4671.300  0.9533  1.0061
 4671.320  0.9543  1.0061
 4671.340  0.9548  1.0062
 4671.360  0.9546  1.0063
 4671.380  0.9535  1.0062
 4671.400  0.9521  1.0060
 4671.420  0.9516  1.0055
 4671.440  0.9532  1.0050
 4671.460  0.9572  1.0046
 4671.480  0.9632  1.0045
 4671.500  0.9698  1.0046
 4671.520  0.9753  1.0048
 4671.540  0.9777  1.0050
 4671.560  0.9759  1.0050
 4671.580  0.9708  1.0048
 4671.600  0.9645  1.0045
 4671.620  0.9590  1.0043
 4671.640  0.9563  1.0043
 4671.660  0.9576  1.0047
 4671.680  0.9624  1.0054
 4671.700  0.9688  1.0061
 4671.720  0.9742  1.0066
 4671.740  0.9769  1.0066
 4671.760  0.9763  1.0062
 4671.780  0.9725  1.0054
 4671.800  0.9668  1.0047
 4671.820  0.9612  1.0042
 4671.840  0.9569  1.0043
 4671.860  0.9542  1.0048
 4671.880  0.9524  1.0054
 4671.900  0.9509  1.0061
 4671.920  0.9492  1.0064
 4671.940  0.9472  1.0063
 4671.960  0.9456  1.0060
 4671.980  0.9455  1.0057
 4672.000  0.9481  1.0055
 4672.020  0.9534  1.0056
 4672.040  0.9607  1.0058
 4672.060  0.9686  1.0059
 4672.080  0.9756  1.0059
 4672.100  0.9802  1.0058
 4672.120  0.9815  1.0055
 4672.140  0.9798  1.0055
 4672.160  0.9762  1.0058
 4672.180  0.9717  1.0066
 4672.200  0.9671  1.0076
 4672.220  0.9633  1.0086
 4672.240  0.9605  1.0091
 4672.260  0.9585  1.0089
 4672.280  0.9571  1.0080
 4672.300  0.9561  1.0066
 4672.320  0.9554  1.0051
 4672.340  0.9551  1.0041
 4672.360  0.9550  1.0039
 4672.380  0.9551  1.0045
 4672.400  0.9558  1.0056
 4672.420  0.9571  1.0070
 4672.440  0.9595  1.0082
 4672.460  0.9632  1.0088
 4672.480  0.9682  1.0088
 4672.500  0.9741  1.0081
 4672.520  0.9800  1.0071
 4672.540  0.9845  1.0059
 4672.560  0.9866  1.0048
 4672.580  0.9857  1.0039
 4672.600  0.9819  1.0035
 4672.620  0.9761  1.0036
 4672.640  0.9701  1.0039
 4672.660  0.9656  1.0045
 4672.680  0.9638  1.0051
 4672.700  0.9651  1.0055
 4672.720  0.9688  1.0057
 4672.740  0.9737  1.0056
 4672.760  0.9782  1.0053
 4672.780  0.9809  1.0051
 4672.800  0.9815  1.0048
 4672.820  0.9805  1.0043
 4672.840  0.9788  1.0034
 4672.860  0.9778  1.0018
 4672.880  0.9785  0.9994
 4672.900  0.9815  0.9965
 4672.920  0.9863  0.9935
 4672.940  0.9919  0.9913
 4672.960  0.9971  0.9905
 4672.980  1.0005  0.9917
 4673.000  1.0016  0.9945
 4673.020  1.0005  0.9982
 4673.040  0.9980  1.0018
 4673.060  0.9949  1.0042
 4673.080  0.9923  1.0051
 4673.100  0.9907  1.0045
 4673.120  0.9902  1.0031
 4673.140  0.9901  1.0018
 4673.160  0.9897  1.0013
 4673.180  0.9883  1.0019
 4673.200  0.9855  1.0032
 4673.220  0.9815  1.0047
 4673.240  0.9771  1.0057
 4673.260  0.9735  1.0060
 4673.280  0.9712  1.0057
 4673.300  0.9705  1.0053
 4673.320  0.9710  1.0053
 4673.340  0.9722  1.0059
 4673.360  0.9730  1.0068
 4673.380  0.9728  1.0073
 4673.400  0.9720  1.0070
 4673.420  0.9714  1.0056
 4673.440  0.9719  1.0037
 4673.460  0.9739  1.0021
 4673.480  0.9777  1.0017
 4673.500  0.9829  1.0029
 4673.520  0.9876  1.0051
 4673.540  0.9904  1.0072
 4673.560  0.9908  1.0076
 4673.580  0.9893  1.0051
 4673.600  0.9868  0.9997
 4673.620  0.9847  0.9924
 4673.640  0.9848  0.9851
 4673.660  0.9876  0.9801
 4673.680  0.9916  0.9790
 4673.700  0.9944  0.9819
 4673.720  0.9940  0.9879
 4673.740  0.9890  0.9951
 4673.760  0.9789  1.0014
 4673.780  0.9650  1.0053
 4673.800  0.9507  1.0066
 4673.820  0.9391  1.0058
 4673.840  0.9324  1.0042
 4673.860  0.9313  1.0029
 4673.880  0.9356  1.0026
 4673.900  0.9435  1.0030
 4673.920  0.9523  1.0035
 4673.940  0.9599  1.0034
 4673.960  0.9656  1.0024
 4673.980  0.9694  1.0008
 4674.000  0.9715  0.9990
 4674.020  0.9721  0.9978
 4674.040  0.9717  0.9977
 4674.060  0.9704  0.9985
 4674.080  0.9678  0.9998
 4674.100  0.9641  1.0011
 4674.120  0.9604  1.0020
 4674.140  0.9583  1.0026
 4674.160  0.9589  1.0030
 4674.180  0.9622  1.0038
 4674.200  0.9678  1.0049
 4674.220  0.9742  1.0062
 4674.240  0.9793  1.0071
 4674.260  0.9810  1.0071
 4674.280  0.9790  1.0062
 4674.300  0.9743  1.0046
 4674.320  0.9687  1.0030
 4674.340  0.9636  1.0020
 4674.360  0.9603  1.0021
 4674.380  0.9590  1.0030
 4674.400  0.9583  1.0041
 4674.420  0.9558  1.0044
 4674.440  0.9506  1.0031
 4674.460  0.9435  1.0001
 4674.480  0.9362  0.9961
 4674.500  0.9312  0.9920
 4674.520  0.9313  0.9891
 4674.540  0.9380  0.9883
 4674.560  0.9499  0.9898
 4674.580  0.9633  0.9929
 4674.600  0.9742  0.9967
 4674.620  0.9795  1.0003
 4674.640  0.9775  1.0029
 4674.660  0.9688  1.0044
 4674.680  0.9568  1.0049
 4674.700  0.9460  1.0049
 4674.720  0.9398  1.0048
 4674.740  0.9394  1.0049
 4674.760  0.9445  1.0051
 4674.780  0.9527  1.0051
 4674.800  0.9607  1.0051
 4674.820  0.9655  1.0049
 4674.840  0.9662  1.0046
 4674.860  0.9636  1.0045
 4674.880  0.9594  1.0046
 4674.900  0.9555  1.0049
 4674.920  0.9538  1.0051
 4674.940  0.9548  1.0051
 4674.960  0.9577  1.0049
 4674.980  0.9609  1.0043
 4675.000  0.9631  1.0037
 4675.020  0.9636  1.0030
 4675.040  0.9623  1.0023
 4675.060  0.9600  1.0016
 4675.080  0.9580  1.0007
 4675.100  0.9574  0.9997
 4675.120  0.9589  0.9987
 4675.140  0.9623  0.9980
 4675.160  0.9667  0.9978
 4675.180  0.9707  0.9985
 4675.200  0.9730  0.9998
 4675.220  0.9725  1.0016
 4675.240  0.9687  1.0034
 4675.260  0.9622  1.0047
 4675.280  0.9542  1.0054
 4675.300  0.9468  1.0056
 4675.320  0.9416  1.0054
 4675.340  0.9400  1.0052
 4675.360  0.9424  1.0052
 4675.380  0.9481  1.0054
 4675.400  0.9552  1.0057
 4675.420  0.9614  1.0058
 4675.440  0.9651  1.0055
 4675.460  0.9656  1.0050
 4675.480  0.9631  1.0043
 4675.500  0.9590  1.0039
 4675.520  0.9553  1.0039
 4675.540  0.9537  1.0043
 4675.560  0.9548  1.0050
 4675.580  0.9579  1.0054
 4675.600  0.9620  1.0055
 4675.620  0.9659  1.0050
 4675.640  0.9686  1.0041
 4675.660  0.9696  1.0033
 4675.680  0.9695  1.0028
 4675.700  0.9694  1.0028
 4675.720  0.9696  1.0033
 4675.740  0.9703  1.0041
 4675.760  0.9712  1.0048
 4675.780  0.9719  1.0051
 4675.800  0.9717  1.0052
 4675.820  0.9706  1.0049
 4675.840  0.9691  1.0047
 4675.860  0.9682  1.0046
 4675.880  0.9685  1.0047
 4675.900  0.9698  1.0047
 4675.920  0.9716  1.0046
 4675.940  0.9732  1.0041
 4675.960  0.9736  1.0034
 4675.980  0.9723  1.0026
 4676.000  0.9697  1.0019
 4676.020  0.9669  1.0016
 4676.040  0.9651  1.0018
 4676.060  0.9649  1.0020
 4676.080  0.9667  1.0018
 4676.100  0.9703  1.0008
 4676.120  0.9748  0.9988
 4676.140  0.9790  0.9958
 4676.160  0.9823  0.9924
 4676.180  0.9844  0.9892
 4676.200  0.9852  0.9870
 4676.220  0.9849  0.9863
 4676.240  0.9836  0.9873
 4676.260  0.9817  0.9898
 4676.280  0.9798  0.9933
 4676.300  0.9781  0.9969
 4676.320  0.9771  1.0001
 4676.340  0.9773  1.0024
 4676.360  0.9790  1.0037
 4676.380  0.9818  1.0041
 4676.400  0.9847  1.0040
 4676.420  0.9868  1.0039
 4676.440  0.9873  1.0041
 4676.460  0.9859  1.0046
 4676.480  0.9828  1.0055
 4676.500  0.9791  1.0063
 4676.520  0.9759  1.0067
 4676.540  0.9739  1.0067
 4676.560  0.9731  1.0061
 4676.580  0.9727  1.0053
 4676.600  0.9722  1.0044
 4676.620  0.9710  1.0038
 4676.640  0.9689  1.0038
 4676.660  0.9667  1.0042
 4676.680  0.9655  1.0050
 4676.700  0.9662  1.0058
 4676.720  0.9687  1.0064
 4676.740  0.9724  1.0066
 4676.760  0.9763  1.0066
 4676.780  0.9794  1.0064
 4676.800  0.9812  1.0062
 4676.820  0.9817  1.0061
 4676.840  0.9822  1.0061
 4676.860  0.9836  1.0061
 4676.880  0.9861  1.0060
 4676.900  0.9888  1.0057
 4676.920  0.9907  1.0054
 4676.940  0.9905  1.0052
 4676.960  0.9872  1.0053
 4676.980  0.9809  1.0057
 4677.000  0.9732  1.0063
 4677.020  0.9662  1.0069
 4677.040  0.9615  1.0072
 4677.060  0.9596  1.0071
 4677.080  0.9604  1.0065
 4677.100  0.9628  1.0058
 4677.120  0.9656  1.0051
 4677.140  0.9678  1.0047
 4677.160  0.9694  1.0048
 4677.180  0.9715  1.0053
 4677.200  0.9743  1.0060
 4677.220  0.9774  1.0066
 4677.240  0.9793  1.0071
 4677.260  0.9787  1.0074
 4677.280  0.9743  1.0076
 4677.300  0.9658  1.0076
 4677.320  0.9546  1.0075
 4677.340  0.9441  1.0073
 4677.360  0.9376  1.0070
 4677.380  0.9367  1.0064
 4677.400  0.9416  1.0057
 4677.420  0.9506  1.0049
 4677.440  0.9604  1.0042
 4677.460  0.9672  1.0037
 4677.480  0.9689  1.0035
 4677.500  0.9663  1.0035
 4677.520  0.9615  1.0037
 4677.540  0.9569  1.0042
 4677.560  0.9548  1.0049
 4677.580  0.9566  1.0059
 4677.600  0.9611  1.0071
 4677.620  0.9661  1.0084
 4677.640  0.9695  1.0096
 4677.660  0.9704  1.0102
 4677.680  0.9692  1.0100
 4677.700  0.9669  1.0090
 4677.720  0.9647  1.0074
 4677.740  0.9639  1.0058
 4677.760  0.9641  1.0047
 4677.780  0.9643  1.0046
 4677.800  0.9630  1.0055
 4677.820  0.9603  1.0070
 4677.840  0.9569  1.0087
 4677.860  0.9539  1.0098
 4677.880  0.9525  1.0099
 4677.900  0.9535  1.0090
 4677.920  0.9563  1.0074
 4677.940  0.9590  1.0059
 4677.960  0.9593  1.0049
 4677.980 -1.0000  1.0047
 4678.000 -1.0000  1.0051
 4647.000  0.0000        
 4647.020  0.0000        
 4647.040  0.0299        
 4647.060  0.0313        
 4647.080  0.0282        
 4647.100  0.0214        
 4647.120  0.0131        
 4647.140  0.0057        
 4647.160  0.0009        
 4647.180 -0.0008        
 4647.200  0.0005        
 4647.220  0.0039        
 4647.240  0.0077        
 4647.260  0.0108        
 4647.280  0.0129        
 4647.300  0.0140        
 4647.320  0.0147        
 4647.340  0.0153        
 4647.360  0.0160        
 4647.380  0.0162        
 4647.400  0.0155        
 4647.420  0.0134        
 4647.440  0.0101        
 4647.460  0.0065        
 4647.480  0.0033        
 4647.500  0.0011        
 4647.520  0.0002        
 4647.540  0.0006        
 4647.560  0.0020        
 4647.580  0.0036        
 4647.600  0.0048        
 4647.620  0.0052        
 4647.640  0.0044        
 4647.660  0.0023        
 4647.680 -0.0007        
 4647.700 -0.0041        
 4647.720 -0.0071        
 4647.740 -0.0089        
 4647.760 -0.0088        
 4647.780 -0.0067        
 4647.800 -0.0029        
 4647.820  0.0016        
 4647.840  0.0057        
 4647.860  0.0079        
 4647.880  0.0079        
 4647.900  0.0058        
 4647.920  0.0025        
 4647.940 -0.0007        
 4647.960 -0.0024        
 4647.980 -0.0018        
 4648.000  0.0008        
 4648.020  0.0045        
 4648.040  0.0080        
 4648.060  0.0102        
 4648.080  0.0103        
 4648.100  0.0084        
 4648.120  0.0054        
 4648.140  0.0024        
 4648.160  0.0006        
 4648.180  0.0007        
 4648.200  0.0029        
 4648.220  0.0068        
 4648.240  0.0110        
 4648.260  0.0144        
 4648.280  0.0163        
 4648.300  0.0166        
 4648.320  0.0152        
 4648.340  0.0123        
 4648.360  0.0083        
 4648.380  0.0037        
 4648.400 -0.0003        
 4648.420 -0.0029        
 4648.440 -0.0033        
 4648.460 -0.0014        
 4648.480  0.0025        
 4648.500  0.0072        
 4648.520  0.0113        
 4648.540  0.0138        
 4648.560  0.0142        
 4648.580  0.0127        
 4648.600  0.0098        
 4648.620  0.0069        
 4648.640  0.0047        
 4648.660  0.0036        
 4648.680  0.0030        
 4648.700  0.0026        
 4648.720  0.0018        
 4648.740  0.0005        
 4648.760 -0.0012        
 4648.780 -0.0023        
 4648.800 -0.0021        
 4648.820 -0.0004        
 4648.840  0.0025        
 4648.860  0.0060        
 4648.880  0.0092        
 4648.900  0.0113        
 4648.920  0.0119        
 4648.940  0.0114        
 4648.960  0.0104        
 4648.980  0.0094        
 4649.000  0.0087        
 4649.020  0.0084        
 4649.040  0.0084        
 4649.060  0.0085        
 4649.080  0.0086        
 4649.100  0.0087        
 4649.120  0.0093        
 4649.140  0.0104        
 4649.160  0.0119        
 4649.180  0.0131        
 4649.200  0.0135        
 4649.220  0.0128        
 4649.240  0.0106        
 4649.260  0.0075        
 4649.280  0.0045        
 4649.300  0.0025        
 4649.320  0.0021        
 4649.340  0.0032        
 4649.360  0.0054        
 4649.380  0.0076        
 4649.400  0.0087        
 4649.420  0.0083        
 4649.440  0.0063        
 4649.460  0.0035        
 4649.480  0.0007        
 4649.500 -0.0012        
 4649.520 -0.0018        
 4649.540 -0.0012        
 4649.560  0.0001        
 4649.580  0.0015        
 4649.600  0.0024        
 4649.620  0.0029        
 4649.640  0.0031        
 4649.660  0.0033        
 4649.680  0.0041        
 4649.700  0.0055        
 4649.720  0.0072        
 4649.740  0.0087        
 4649.760  0.0095        
 4649.780  0.0096        
 4649.800  0.0090        
 4649.820  0.0082        
 4649.840  0.0081        
 4649.860  0.0094        
 4649.880  0.0122        
 4649.900  0.0163        
 4649.920  0.0210        
 4649.940  0.0251        
 4649.960  0.0276        
 4649.980  0.0278        
 4650.000  0.0255        
 4650.020  0.0210        
 4650.040  0.0154        
 4650.060  0.0099        
 4650.080  0.0057        
 4650.100  0.0035        
 4650.120  0.0035        
 4650.140  0.0054        
 4650.160  0.0081        
 4650.180  0.0105        
 4650.200  0.0115        
 4650.220  0.0107        
 4650.240  0.0081        
 4650.260  0.0043        
 4650.280  0.0005        
 4650.300 -0.0023        
 4650.320 -0.0032        
 4650.340 -0.0021        
 4650.360  0.0009        
 4650.380  0.0051        
 4650.400  0.0094        
 4650.420  0.0129        
 4650.440  0.0147        
 4650.460  0.0146        
 4650.480  0.0127        
 4650.500  0.0097        
 4650.520  0.0065        
 4650.540  0.0037        
 4650.560  0.0020        
 4650.580  0.0015        
 4650.600  0.0019        
 4650.620  0.0026        
 4650.640  0.0031        
 4650.660  0.0032        
 4650.680  0.0029        
 4650.700  0.0028        
 4650.720  0.0036        
 4650.740  0.0058        
 4650.760  0.0095        
 4650.780  0.0141        
 4650.800  0.0185        
 4650.820  0.0211        
 4650.840  0.0205        
 4650.860  0.0162        
 4650.880  0.0085        
 4650.900 -0.0014        
 4650.920 -0.0116        
 4650.940 -0.0200        
 4650.960 -0.0247        
 4650.980 -0.0251        
 4651.000 -0.0216        
 4651.020 -0.0151        
 4651.040 -0.0075        
 4651.060 -0.0005        
 4651.080  0.0047        
 4651.100  0.0076        
 4651.120  0.0084        
 4651.140  0.0079        
 4651.160  0.0069        
 4651.180  0.0064        
 4651.200  0.0065        
 4651.220  0.0072        
 4651.240  0.0082        
 4651.260  0.0089        
 4651.280  0.0089        
 4651.300  0.0079        
 4651.320  0.0058        
 4651.340  0.0032        
 4651.360  0.0007        
 4651.380 -0.0011        
 4651.400 -0.0015        
 4651.420 -0.0003        
 4651.440  0.0024        
 4651.460  0.0062        
 4651.480  0.0105        
 4651.500  0.0142        
 4651.520  0.0169        
 4651.540  0.0180        
 4651.560  0.0174        
 4651.580  0.0152        
 4651.600  0.0123        
 4651.620  0.0094        
 4651.640  0.0072        
 4651.660  0.0060        
 4651.680  0.0058        
 4651.700  0.0062        
 4651.720  0.0063        
 4651.740  0.0056        
 4651.760  0.0039        
 4651.780  0.0013        
 4651.800 -0.0019        
 4651.820 -0.0049        
 4651.840 -0.0071        
 4651.860 -0.0083        
 4651.880 -0.0087        
 4651.900 -0.0083        
 4651.920 -0.0077        
 4651.940 -0.0071        
 4651.960 -0.0066        
 4651.980 -0.0061        
 4652.000 -0.0053        
 4652.020 -0.0042        
 4652.040 -0.0027        
 4652.060 -0.0011        
 4652.080  0.0003        
 4652.100  0.0014        
 4652.120  0.0020        
 4652.140  0.0024        
 4652.160  0.0030        
 4652.180  0.0041        
 4652.200  0.0056        
 4652.220  0.0072        
 4652.240  0.0086        
 4652.260  0.0091        
 4652.280  0.0085        
 4652.300  0.0069        
 4652.320  0.0050        
 4652.340  0.0032        
 4652.360  0.0020        
 4652.380  0.0013        
 4652.400  0.0008        
 4652.420  0.0000        
 4652.440 -0.0018        
 4652.460 -0.0044        
 4652.480 -0.0071        
 4652.500 -0.0088        
 4652.520 -0.0086        
 4652.540 -0.0059        
 4652.560 -0.0010        
 4652.580  0.0051        
 4652.600  0.0105        
 4652.620  0.0135        
 4652.640  0.0135        
 4652.660  0.0103        
 4652.680  0.0049        
 4652.700 -0.0012        
 4652.720 -0.0062        
 4652.740 -0.0091        
 4652.760 -0.0098        
 4652.780 -0.0089        
 4652.800 -0.0073        
 4652.820 -0.0058        
 4652.840 -0.0049        
 4652.860 -0.0045        
 4652.880 -0.0039        
 4652.900 -0.0023        
 4652.920  0.0003        
 4652.940  0.0040        
 4652.960  0.0082        
 4652.980  0.0120        
 4653.000  0.0147        
 4653.020  0.0161        
 4653.040  0.0161        
 4653.060  0.0153        
 4653.080  0.0141        
 4653.100  0.0130        
 4653.120  0.0121        
 4653.140  0.0115        
 4653.160  0.0108        
 4653.180  0.0101        
 4653.200  0.0093        
 4653.220  0.0086        
 4653.240  0.0080        
 4653.260  0.0079        
 4653.280  0.0083        
 4653.300  0.0088        
 4653.320  0.0093        
 4653.340  0.0092        
 4653.360  0.0085        
 4653.380  0.0069        
 4653.400  0.0047        
 4653.420  0.0025        
 4653.440  0.0008        
 4653.460  0.0002        
 4653.480  0.0013        
 4653.500  0.0040        
 4653.520  0.0076        
 4653.540  0.0113        
 4653.560  0.0139        
 4653.580  0.0149        
 4653.600  0.0142        
 4653.620  0.0121        
 4653.640  0.0097        
 4653.660  0.0081        
 4653.680  0.0079        
 4653.700  0.0091        
 4653.720  0.0111        
 4653.740  0.0127        
 4653.760  0.0126        
 4653.780  0.0101        
 4653.800  0.0054        
 4653.820  0.0000        
 4653.840 -0.0048        
 4653.860 -0.0072        
 4653.880 -0.0063        
 4653.900 -0.0022        
 4653.920  0.0038        
 4653.940  0.0096        
 4653.960  0.0136        
 4653.980  0.0147        
 4654.000  0.0125        
 4654.020  0.0078        
 4654.040  0.0023        
 4654.060 -0.0025        
 4654.080 -0.0056        
 4654.100 -0.0064        
 4654.120 -0.0050        
 4654.140 -0.0022        
 4654.160  0.0014        
 4654.180  0.0048        
 4654.200  0.0077        
 4654.220  0.0097        
 4654.240  0.0106        
 4654.260  0.0105        
 4654.280  0.0095        
 4654.300  0.0079        
 4654.320  0.0060        
 4654.340  0.0041        
 4654.360  0.0027        
 4654.380  0.0018        
 4654.400  0.0017        
 4654.420  0.0020        
 4654.440  0.0026        
 4654.460  0.0034        
 4654.480  0.0046        
 4654.500  0.0060        
 4654.520  0.0079        
 4654.540  0.0103        
 4654.560  0.0128        
 4654.580  0.0151        
 4654.600  0.0165        
 4654.620  0.0166        
 4654.640  0.0154        
 4654.660  0.0130        
 4654.680  0.0098        
 4654.700  0.0064        
 4654.720  0.0035        
 4654.740  0.0016        
 4654.760  0.0009        
 4654.780  0.0016        
 4654.800  0.0035        
 4654.820  0.0062        
 4654.840  0.0092        
 4654.860  0.0114        
 4654.880  0.0122        
 4654.900  0.0110        
 4654.920  0.0076        
 4654.940  0.0027        
 4654.960 -0.0027        
 4654.980 -0.0070        
 4655.000 -0.0091        
 4655.020 -0.0087        
 4655.040 -0.0061        
 4655.060 -0.0023        
 4655.080  0.0012        
 4655.100  0.0031        
 4655.120  0.0033        
 4655.140  0.0023        
 4655.160  0.0012        
 4655.180  0.0006        
 4655.200  0.0014        
 4655.220  0.0033        
 4655.240  0.0055        
 4655.260  0.0065        
 4655.280  0.0058        
 4655.300  0.0037        
 4655.320  0.0010        
 4655.340 -0.0016        
 4655.360 -0.0028        
 4655.380 -0.0025        
 4655.400 -0.0011        
 4655.420  0.0001        
 4655.440  0.0003        
 4655.460 -0.0008        
 4655.480 -0.0027        
 4655.500 -0.0048        
 4655.520 -0.0060        
 4655.540 -0.0058        
 4655.560 -0.0045        
 4655.580 -0.0032        
 4655.600 -0.0032        
 4655.620 -0.0047        
 4655.640 -0.0073        
 4655.660 -0.0100        
 4655.680 -0.0113        
 4655.700 -0.0097        
 4655.720 -0.0050        
 4655.740  0.0015        
 4655.760  0.0082        
 4655.780  0.0133        
 4655.800  0.0155        
 4655.820  0.0143        
 4655.840  0.0105        
 4655.860  0.0059        
 4655.880  0.0020        
 4655.900 -0.0006        
 4655.920 -0.0015        
 4655.940 -0.0009        
 4655.960  0.0007        
 4655.980  0.0029        
 4656.000  0.0056        
 4656.020  0.0088        
 4656.040  0.0126        
 4656.060  0.0159        
 4656.080  0.0174        
 4656.100  0.0161        
 4656.120  0.0118        
 4656.140  0.0046        
 4656.160 -0.0038        
 4656.180 -0.0111        
 4656.200 -0.0150        
 4656.220 -0.0143        
 4656.240 -0.0096        
 4656.260 -0.0022        
 4656.280  0.0057        
 4656.300  0.0118        
 4656.320  0.0144        
 4656.340  0.0140        
 4656.360  0.0118        
 4656.380  0.0095        
 4656.400  0.0082        
 4656.420  0.0089        
 4656.440  0.0113        
 4656.460  0.0141        
 4656.480  0.0157        
 4656.500  0.0154        
 4656.520  0.0129        
 4656.540  0.0087        
 4656.560  0.0037        
 4656.580 -0.0006        
 4656.600 -0.0032        
 4656.620 -0.0040        
 4656.640 -0.0033        
 4656.660 -0.0019        
 4656.680 -0.0008        
 4656.700 -0.0009        
 4656.720 -0.0024        
 4656.740 -0.0050        
 4656.760 -0.0077        
 4656.780 -0.0095        
 4656.800 -0.0094        
 4656.820 -0.0070        
 4656.840 -0.0029        
 4656.860  0.0016        
 4656.880  0.0053        
 4656.900  0.0070        
 4656.920  0.0063        
 4656.940  0.0037        
 4656.960  0.0010        
 4656.980  0.0000        
 4657.000  0.0016        
 4657.020  0.0056        
 4657.040  0.0111        
 4657.060  0.0159        
 4657.080  0.0175        
 4657.100  0.0151        
 4657.120  0.0092        
 4657.140  0.0016        
 4657.160 -0.0053        
 4657.180 -0.0089        
 4657.200 -0.0076        
 4657.220 -0.0019        
 4657.240  0.0060        
 4657.260  0.0136        
 4657.280  0.0190        
 4657.300  0.0208        
 4657.320  0.0188        
 4657.340  0.0140        
 4657.360  0.0080        
 4657.380  0.0022        
 4657.400 -0.0030        
 4657.420 -0.0068        
 4657.440 -0.0088        
 4657.460 -0.0086        
 4657.480 -0.0058        
 4657.500 -0.0006        
 4657.520  0.0066        
 4657.540  0.0146        
 4657.560  0.0211        
 4657.580  0.0242        
 4657.600  0.0234        
 4657.620  0.0193        
 4657.640  0.0137        
 4657.660  0.0086        
 4657.680  0.0060        
 4657.700  0.0067        
 4657.720  0.0095        
 4657.740  0.0116        
 4657.760  0.0113        
 4657.780  0.0082        
 4657.800  0.0030        
 4657.820 -0.0021        
 4657.840 -0.0042        
 4657.860 -0.0008        
 4657.880  0.0071        
 4657.900  0.0164        
 4657.920  0.0232        
 4657.940  0.0243        
 4657.960  0.0180        
 4657.980  0.0050        
 4658.000 -0.0104        
 4658.020 -0.0225        
 4658.040 -0.0276        
 4658.060 -0.0244        
 4658.080 -0.0140        
 4658.100  0.0000        
 4658.120  0.0122        
 4658.140  0.0182        
 4658.160  0.0167        
 4658.180  0.0095        
 4658.200 -0.0006        
 4658.220 -0.0100        
 4658.240 -0.0154        
 4658.260 -0.0156        
 4658.280 -0.0117        
 4658.300 -0.0060        
 4658.320 -0.0004        
 4658.340  0.0036        
 4658.360  0.0053        
 4658.380  0.0050        
 4658.400  0.0041        
 4658.420  0.0035        
 4658.440  0.0034        
 4658.460  0.0036        
 4658.480  0.0037        
 4658.500  0.0033        
 4658.520  0.0021        
 4658.540  0.0002        
 4658.560 -0.0018        
 4658.580 -0.0034        
 4658.600 -0.0041        
 4658.620 -0.0037        
 4658.640 -0.0022        
 4658.660  0.0000        
 4658.680  0.0025        
 4658.700  0.0045        
 4658.720  0.0054        
 4658.740  0.0050        
 4658.760  0.0032        
 4658.780  0.0009        
 4658.800 -0.0013        
 4658.820 -0.0023        
 4658.840 -0.0017        
 4658.860  0.0006        
 4658.880  0.0037        
 4658.900  0.0065        
 4658.920  0.0080        
 4658.940  0.0081        
 4658.960  0.0071        
 4658.980  0.0060        
 4659.000  0.0061        
 4659.020  0.0082        
 4659.040  0.0120        
 4659.060  0.0158        
 4659.080  0.0180        
 4659.100  0.0173        
 4659.120  0.0133        
 4659.140  0.0066        
 4659.160 -0.0009        
 4659.180 -0.0065        
 4659.200 -0.0088        
 4659.220 -0.0074        
 4659.240 -0.0032        
 4659.260  0.0025        
 4659.280  0.0076        
 4659.300  0.0108        
 4659.320  0.0116        
 4659.340  0.0109        
 4659.360  0.0094        
 4659.380  0.0076        
 4659.400  0.0056        
 4659.420  0.0034        
 4659.440  0.0004        
 4659.460 -0.0034        
 4659.480 -0.0078        
 4659.500 -0.0114        
 4659.520 -0.0132        
 4659.540 -0.0129        
 4659.560 -0.0106        
 4659.580 -0.0069        
 4659.600 -0.0027        
 4659.620  0.0009        
 4659.640  0.0036        
 4659.660  0.0057        
 4659.680  0.0076        
 4659.700  0.0095        
 4659.720  0.0111        
 4659.740  0.0118        
 4659.760  0.0110        
 4659.780  0.0081        
 4659.800  0.0035        
 4659.820 -0.0016        
 4659.840 -0.0056        
 4659.860 -0.0072        
 4659.880 -0.0061        
 4659.900 -0.0030        
 4659.920  0.0010        
 4659.940  0.0044        
 4659.960  0.0060        
 4659.980  0.0057        
 4660.000  0.0047        
 4660.020  0.0042        
 4660.040  0.0052        
 4660.060  0.0081        
 4660.080  0.0126        
 4660.100  0.0175        
 4660.120  0.0215        
 4660.140  0.0236        
 4660.160  0.0240        
 4660.180  0.0229        
 4660.200  0.0210        
 4660.220  0.0188        
 4660.240  0.0167        
 4660.260  0.0149        
 4660.280  0.0130        
 4660.300  0.0112        
 4660.320  0.0100        
 4660.340  0.0097        
 4660.360  0.0105        
 4660.380  0.0120        
 4660.400  0.0135        
 4660.420  0.0140        
 4660.440  0.0128        
 4660.460  0.0094        
 4660.480  0.0044        
 4660.500 -0.0007        
 4660.520 -0.0046        
 4660.540 -0.0065        
 4660.560 -0.0060        
 4660.580 -0.0036        
 4660.600 -0.0004        
 4660.620  0.0024        
 4660.640  0.0041        
 4660.660  0.0049        
 4660.680  0.0053        
 4660.700  0.0058        
 4660.720  0.0068        
 4660.740  0.0086        
 4660.760  0.0107        
 4660.780  0.0122        
 4660.800  0.0126        
 4660.820  0.0119        
 4660.840  0.0101        
 4660.860  0.0077        
 4660.880  0.0052        
 4660.900  0.0031        
 4660.920  0.0016        
 4660.940  0.0008        
 4660.960  0.0005        
 4660.980  0.0010        
 4661.000  0.0022        
 4661.020  0.0041        
 4661.040  0.0065        
 4661.060  0.0090        
 4661.080  0.0113        
 4661.100  0.0132        
 4661.120  0.0144        
 4661.140  0.0148        
 4661.160  0.0147        
 4661.180  0.0141        
 4661.200  0.0129        
 4661.220  0.0108        
 4661.240  0.0080        
 4661.260  0.0049        
 4661.280  0.0022        
 4661.300  0.0007        
 4661.320  0.0013        
 4661.340  0.0042        
 4661.360  0.0090        
 4661.380  0.0139        
 4661.400  0.0175        
 4661.420  0.0184        
 4661.440  0.0161        
 4661.460  0.0111        
 4661.480  0.0052        
 4661.500  0.0005        
 4661.520 -0.0015        
 4661.540 -0.0003        
 4661.560  0.0035        
 4661.580  0.0085        
 4661.600  0.0128        
 4661.620  0.0148        
 4661.640  0.0145        
 4661.660  0.0129        
 4661.680  0.0113        
 4661.700  0.0107        
 4661.720  0.0121        
 4661.740  0.0153        
 4661.760  0.0191        
 4661.780  0.0220        
 4661.800  0.0227        
 4661.820  0.0207        
 4661.840  0.0162        
 4661.860  0.0101        
 4661.880  0.0037        
 4661.900 -0.0016        
 4661.920 -0.0049        
 4661.940 -0.0059        
 4661.960 -0.0048        
 4661.980 -0.0023        
 4662.000  0.0008        
 4662.020  0.0034        
 4662.040  0.0046        
 4662.060  0.0041        
 4662.080  0.0019        
 4662.100 -0.0012        
 4662.120 -0.0046        
 4662.140 -0.0072        
 4662.160 -0.0084        
 4662.180 -0.0079        
 4662.200 -0.0061        
 4662.220 -0.0036        
 4662.240 -0.0010        
 4662.260  0.0017        
 4662.280  0.0041        
 4662.300  0.0066        
 4662.320  0.0092        
 4662.340  0.0117        
 4662.360  0.0135        
 4662.380  0.0135        
 4662.400  0.0112        
 4662.420  0.0068        
 4662.440  0.0010        
 4662.460 -0.0049        
 4662.480 -0.0093        
 4662.500 -0.0109        
 4662.520 -0.0095        
 4662.540 -0.0064        
 4662.560 -0.0028        
 4662.580  0.0001        
 4662.600  0.0012        
 4662.620  0.0008        
 4662.640 -0.0003        
 4662.660 -0.0005        
 4662.680  0.0011        
 4662.700  0.0041        
 4662.720  0.0078        
 4662.740  0.0112        
 4662.760  0.0128        
 4662.780  0.0121        
 4662.800  0.0096        
 4662.820  0.0067        
 4662.840  0.0049        
 4662.860  0.0049        
 4662.880  0.0068        
 4662.900  0.0100        
 4662.920  0.0134        
 4662.940  0.0157        
 4662.960  0.0165        
 4662.980  0.0160        
 4663.000  0.0150        
 4663.020  0.0140        
 4663.040  0.0135        
 4663.060  0.0136        
 4663.080  0.0140        
 4663.100  0.0142        
 4663.120  0.0140        
 4663.140  0.0136        
 4663.160  0.0133        
 4663.180  0.0132        
 4663.200  0.0134        
 4663.220  0.0135        
 4663.240  0.0128        
 4663.260  0.0109        
 4663.280  0.0074        
 4663.300  0.0030        
 4663.320 -0.0015        
 4663.340 -0.0049        
 4663.360 -0.0065        
 4663.380 -0.0056        
 4663.400 -0.0025        
 4663.420  0.0023        
 4663.440  0.0077        
 4663.460  0.0126        
 4663.480  0.0164        
 4663.500  0.0182        
 4663.520  0.0178        
 4663.540  0.0152        
 4663.560  0.0110        
 4663.580  0.0062        
 4663.600  0.0020        
 4663.620 -0.0005        
 4663.640 -0.0005        
 4663.660  0.0020        
 4663.680  0.0063        
 4663.700  0.0106        
 4663.720  0.0134        
 4663.740  0.0136        
 4663.760  0.0111        
 4663.780  0.0065        
 4663.800  0.0013        
 4663.820 -0.0028        
 4663.840 -0.0046        
 4663.860 -0.0043        
 4663.880 -0.0026        
 4663.900 -0.0008        
 4663.920 -0.0001        
 4663.940 -0.0011        
 4663.960 -0.0034        
 4663.980 -0.0057        
 4664.000 -0.0068        
 4664.020 -0.0058        
 4664.040 -0.0025        
 4664.060  0.0026        
 4664.080  0.0087        
 4664.100  0.0142        
 4664.120  0.0184        
 4664.140  0.0208        
 4664.160  0.0212        
 4664.180  0.0197        
 4664.200  0.0163        
 4664.220  0.0115        
 4664.240  0.0061        
 4664.260  0.0011        
 4664.280 -0.0026        
 4664.300 -0.0039        
 4664.320 -0.0022        
 4664.340  0.0022        
 4664.360  0.0078        
 4664.380  0.0129        
 4664.400  0.0162        
 4664.420  0.0167        
 4664.440  0.0147        
 4664.460  0.0113        
 4664.480  0.0084        
 4664.500  0.0072        
 4664.520  0.0079        
 4664.540  0.0095        
 4664.560  0.0108        
 4664.580  0.0106        
 4664.600  0.0080        
 4664.620  0.0035        
 4664.640 -0.0010        
 4664.660 -0.0036        
 4664.680 -0.0038        
 4664.700 -0.0015        
 4664.720  0.0023        
 4664.740  0.0055        
 4664.760  0.0064        
 4664.780  0.0044        
 4664.800  0.0008        
 4664.820 -0.0028        
 4664.840 -0.0045        
 4664.860 -0.0031        
 4664.880  0.0012        
 4664.900  0.0069        
 4664.920  0.0112        
 4664.940  0.0118        
 4664.960  0.0086        
 4664.980  0.0023        
 4665.000 -0.0049        
 4665.020 -0.0101        
 4665.040 -0.0107        
 4665.060 -0.0060        
 4665.080  0.0027        
 4665.100  0.0129        
 4665.120  0.0220        
 4665.140  0.0274        
 4665.160  0.0277        
 4665.180  0.0236        
 4665.200  0.0170        
 4665.220  0.0098        
 4665.240  0.0037        
 4665.260 -0.0002        
 4665.280 -0.0018        
 4665.300 -0.0021        
 4665.320 -0.0021        
 4665.340 -0.0024        
 4665.360 -0.0030        
 4665.380 -0.0038        
 4665.400 -0.0043        
 4665.420 -0.0039        
 4665.440 -0.0025        
 4665.460 -0.0004        
 4665.480  0.0017        
 4665.500  0.0034        
 4665.520  0.0045        
 4665.540  0.0050        
 4665.560  0.0052        
 4665.580  0.0055        
 4665.600  0.0060        
 4665.620  0.0062        
 4665.640  0.0054        
 4665.660  0.0033        
 4665.680  0.0001        
 4665.700 -0.0036        
 4665.720 -0.0064        
 4665.740 -0.0065        
 4665.760 -0.0024        
 4665.780  0.0055        
 4665.800  0.0160        
 4665.820  0.0268        
 4665.840  0.0355        
 4665.860  0.0398        
 4665.880  0.0386        
 4665.900  0.0329        
 4665.920  0.0249        
 4665.940  0.0169        
 4665.960  0.0107        
 4665.980  0.0075        
 4666.000  0.0070        
 4666.020  0.0076        
 4666.040  0.0078        
 4666.060  0.0072        
 4666.080  0.0060        
 4666.100  0.0049        
 4666.120  0.0050        
 4666.140  0.0069        
 4666.160  0.0105        
 4666.180  0.0143        
 4666.200  0.0165        
 4666.220  0.0164        
 4666.240  0.0137        
 4666.260  0.0091        
 4666.280  0.0040        
 4666.300  0.0002        
 4666.320 -0.0014        
 4666.340 -0.0010        
 4666.360  0.0001        
 4666.380  0.0009        
 4666.400  0.0009        
 4666.420 -0.0001        
 4666.440 -0.0014        
 4666.460 -0.0018        
 4666.480 -0.0003        
 4666.500  0.0026        
 4666.520  0.0059        
 4666.540  0.0081        
 4666.560  0.0082        
 4666.580  0.0059        
 4666.600  0.0018        
 4666.620 -0.0025        
 4666.640 -0.0049        
 4666.660 -0.0044        
 4666.680 -0.0014        
 4666.700  0.0036        
 4666.720  0.0089        
 4666.740  0.0132        
 4666.760  0.0154        
 4666.780  0.0153        
 4666.800  0.0138        
 4666.820  0.0117        
 4666.840  0.0093        
 4666.860  0.0073        
 4666.880  0.0059        
 4666.900  0.0052        
 4666.920  0.0055        
 4666.940  0.0068        
 4666.960  0.0095        
 4666.980  0.0133        
 4667.000  0.0171        
 4667.020  0.0198        
 4667.040  0.0205        
 4667.060  0.0190        
 4667.080  0.0159        
 4667.100  0.0124        
 4667.120  0.0099        
 4667.140  0.0097        
 4667.160  0.0114        
 4667.180  0.0133        
 4667.200  0.0137        
 4667.220  0.0113        
 4667.240  0.0060        
 4667.260 -0.0013        
 4667.280 -0.0077        
 4667.300 -0.0101        
 4667.320 -0.0068        
 4667.340  0.0017        
 4667.360  0.0135        
 4667.380  0.0255        
 4667.400  0.0339        
 4667.420  0.0361        
 4667.440  0.0320        
 4667.460  0.0240        
 4667.480  0.0151        
 4667.500  0.0083        
 4667.520  0.0057        
 4667.540  0.0079        
 4667.560  0.0130        
 4667.580  0.0183        
 4667.600  0.0215        
 4667.620  0.0211        
 4667.640  0.0170        
 4667.660  0.0104        
 4667.680  0.0036        
 4667.700 -0.0014        
 4667.720 -0.0034        
 4667.740 -0.0024        
 4667.760  0.0012        
 4667.780  0.0058        
 4667.800  0.0099        
 4667.820  0.0124        
 4667.840  0.0131        
 4667.860  0.0122        
 4667.880  0.0105        
 4667.900  0.0093        
 4667.920  0.0094        
 4667.940  0.0106        
 4667.960  0.0124        
 4667.980  0.0138        
 4668.000  0.0137        
 4668.020  0.0113        
 4668.040  0.0065        
 4668.060  0.0006        
 4668.080 -0.0049        
 4668.100 -0.0089        
 4668.120 -0.0104        
 4668.140 -0.0093        
 4668.160 -0.0070        
 4668.180 -0.0050        
 4668.200 -0.0047        
 4668.220 -0.0061        
 4668.240 -0.0084        
 4668.260 -0.0106        
 4668.280 -0.0111        
 4668.300 -0.0089        
 4668.320 -0.0046        
 4668.340  0.0000        
 4668.360  0.0030        
 4668.380  0.0032        
 4668.400  0.0006        
 4668.420 -0.0041        
 4668.440 -0.0088        
 4668.460 -0.0112        
 4668.480 -0.0102        
 4668.500 -0.0062        
 4668.520 -0.0009        
 4668.540  0.0043        
 4668.560  0.0075        
 4668.580  0.0081        
 4668.600  0.0066        
 4668.620  0.0049        
 4668.640  0.0044        
 4668.660  0.0054        
 4668.680  0.0072        
 4668.700  0.0088        
 4668.720  0.0088        
 4668.740  0.0062        
 4668.760  0.0016        
 4668.780 -0.0032        
 4668.800 -0.0062        
 4668.820 -0.0064        
 4668.840 -0.0036        
 4668.860  0.0014        
 4668.880  0.0071        
 4668.900  0.0112        
 4668.920  0.0128        
 4668.940  0.0120        
 4668.960  0.0100        
 4668.980  0.0077        
 4669.000  0.0061        
 4669.020  0.0053        
 4669.040  0.0049        
 4669.060  0.0038        
 4669.080  0.0013        
 4669.100 -0.0023        
 4669.120 -0.0059        
 4669.140 -0.0084        
 4669.160 -0.0089        
 4669.180 -0.0069        
 4669.200 -0.0028        
 4669.220  0.0020        
 4669.240  0.0059        
 4669.260  0.0081        
 4669.280  0.0083        
 4669.300  0.0067        
 4669.320  0.0040        
 4669.340  0.0011        
 4669.360 -0.0012        
 4669.380 -0.0026        
 4669.400 -0.0029        
 4669.420 -0.0022        
 4669.440 -0.0001        
 4669.460  0.0031        
 4669.480  0.0070        
 4669.500  0.0110        
 4669.520  0.0143        
 4669.540  0.0163        
 4669.560  0.0165        
 4669.580  0.0148        
 4669.600  0.0121        
 4669.620  0.0095        
 4669.640  0.0079        
 4669.660  0.0076        
 4669.680  0.0086        
 4669.700  0.0104        
 4669.720  0.0122        
 4669.740  0.0132        
 4669.760  0.0132        
 4669.780  0.0123        
 4669.800  0.0108        
 4669.820  0.0087        
 4669.840  0.0061        
 4669.860  0.0031        
 4669.880  0.0001        
 4669.900 -0.0025        
 4669.920 -0.0042        
 4669.940 -0.0040        
 4669.960 -0.0016        
 4669.980  0.0026        
 4670.000  0.0071        
 4670.020  0.0107        
 4670.040  0.0122        
 4670.060  0.0113        
 4670.080  0.0084        
 4670.100  0.0054        
 4670.120  0.0044        
 4670.140  0.0065        
 4670.160  0.0115        
 4670.180  0.0182        
 4670.200  0.0246        
 4670.220  0.0285        
 4670.240  0.0283        
 4670.260  0.0244        
 4670.280  0.0186        
 4670.300  0.0128        
 4670.320  0.0087        
 4670.340  0.0074        
 4670.360  0.0086        
 4670.380  0.0109        
 4670.400  0.0125        
 4670.420  0.0126        
 4670.440  0.0113        
 4670.460  0.0091        
 4670.480  0.0069        
 4670.500  0.0054        
 4670.520  0.0050        
 4670.540  0.0050        
 4670.560  0.0045        
 4670.580  0.0033        
 4670.600  0.0016        
 4670.620  0.0002        
 4670.640 -0.0003        
 4670.660  0.0007        
 4670.680  0.0033        
 4670.700  0.0068        
 4670.720  0.0099        
 4670.740  0.0118        
 4670.760  0.0124        
 4670.780  0.0125        
 4670.800  0.0125        
 4670.820  0.0129        
 4670.840  0.0138        
 4670.860  0.0141        
 4670.880  0.0123        
 4670.900  0.0072        
 4670.920 -0.0009        
 4670.940 -0.0102        
 4670.960 -0.0185        
 4670.980 -0.0234        
 4671.000 -0.0229        
 4671.020 -0.0165        
 4671.040 -0.0065        
 4671.060  0.0043        
 4671.080  0.0129        
 4671.100  0.0174        
 4671.120  0.0167        
 4671.140  0.0120        
 4671.160  0.0059        
 4671.180  0.0009        
 4671.200 -0.0015        
 4671.220 -0.0010        
 4671.240  0.0017        
 4671.260  0.0050        
 4671.280  0.0073        
 4671.300  0.0074        
 4671.320  0.0056        
 4671.340  0.0026        
 4671.360 -0.0007        
 4671.380 -0.0032        
 4671.400 -0.0040        
 4671.420 -0.0028        
 4671.440  0.0001        
 4671.460  0.0041        
 4671.480  0.0087        
 4671.500  0.0131        
 4671.520  0.0165        
 4671.540  0.0180        
 4671.560  0.0172        
 4671.580  0.0141        
 4671.600  0.0093        
 4671.620  0.0037        
 4671.640 -0.0011        
 4671.660 -0.0039        
 4671.680 -0.0037        
 4671.700 -0.0007        
 4671.720  0.0043        
 4671.740  0.0100        
 4671.760  0.0151        
 4671.780  0.0183        
 4671.800  0.0191        
 4671.820  0.0176        
 4671.840  0.0146        
 4671.860  0.0107        
 4671.880  0.0065        
 4671.900  0.0026        
 4671.920 -0.0005        
 4671.940 -0.0027        
 4671.960 -0.0037        
 4671.980 -0.0034        
 4672.000 -0.0016        
 4672.020  0.0012        
 4672.040  0.0045        
 4672.060  0.0073        
 4672.080  0.0093        
 4672.100  0.0101        
 4672.120  0.0100        
 4672.140  0.0096        
 4672.160  0.0096        
 4672.180  0.0104        
 4672.200  0.0117        
 4672.220  0.0128        
 4672.240  0.0129        
 4672.260  0.0115        
 4672.280  0.0085        
 4672.300  0.0047        
 4672.320  0.0019        
 4672.340  0.0010        
 4672.360  0.0025        
 4672.380  0.0056        
 4672.400  0.0088        
 4672.420  0.0102        
 4672.440  0.0079        
 4672.460  0.0019        
 4672.480 -0.0063        
 4672.500 -0.0143        
 4672.520 -0.0197        
 4672.540 -0.0204        
 4672.560 -0.0156        
 4672.580 -0.0071        
 4672.600  0.0022        
 4672.620  0.0095        
 4672.640  0.0129        
 4672.660  0.0120        
 4672.680  0.0077        
 4672.700  0.0028        
 4672.720 -0.0002        
 4672.740 -0.0003        
 4672.760  0.0022        
 4672.780  0.0059        
 4672.800  0.0088        
 4672.820  0.0089        
 4672.840  0.0055        
 4672.860 -0.0004        
 4672.880 -0.0068        
 4672.900 -0.0116        
 4672.920 -0.0133        
 4672.940 -0.0115        
 4672.960 -0.0066        
 4672.980 -0.0004        
 4673.000  0.0052        
 4673.020  0.0093        
 4673.040  0.0115        
 4673.060  0.0122        
 4673.080  0.0116        
 4673.100  0.0103        
 4673.120  0.0083        
 4673.140  0.0054        
 4673.160  0.0015        
 4673.180 -0.0031        
 4673.200 -0.0073        
 4673.220 -0.0100        
 4673.240 -0.0103        
 4673.260 -0.0079        
 4673.280 -0.0031        
 4673.300  0.0029        
 4673.320  0.0082        
 4673.340  0.0118        
 4673.360  0.0132        
 4673.380  0.0127        
 4673.400  0.0112        
 4673.420  0.0095        
 4673.440  0.0084        
 4673.460  0.0078        
 4673.480  0.0068        
 4673.500  0.0046        
 4673.520  0.0012        
 4673.540 -0.0031        
 4673.560 -0.0072        
 4673.580 -0.0098        
 4673.600 -0.0096        
 4673.620 -0.0065        
 4673.640 -0.0016        
 4673.660  0.0034        
 4673.680  0.0071        
 4673.700  0.0080        
 4673.720  0.0061        
 4673.740  0.0025        
 4673.760 -0.0007        
 4673.780 -0.0015        
 4673.800  0.0007        
 4673.820  0.0061        
 4673.840  0.0133        
 4673.860  0.0202        
 4673.880  0.0247        
 4673.900  0.0253        
 4673.920  0.0221        
 4673.940  0.0158        
 4673.960  0.0081        
 4673.980  0.0010        
 4674.000 -0.0038        
 4674.020 -0.0057        
 4674.040 -0.0048        
 4674.060 -0.0019        
 4674.080  0.0016        
 4674.100  0.0044        
 4674.120  0.0056        
 4674.140  0.0052        
 4674.160  0.0035        
 4674.180  0.0010        
 4674.200 -0.0012        
 4674.220 -0.0024        
 4674.240 -0.0023        
 4674.260 -0.0011        
 4674.280  0.0010        
 4674.300  0.0032        
 4674.320  0.0050        
 4674.340  0.0061        
 4674.360  0.0066        
 4674.380  0.0069        
 4674.400  0.0072        
 4674.420  0.0081        
 4674.440  0.0096        
 4674.460  0.0116        
 4674.480  0.0135        
 4674.500  0.0147        
 4674.520  0.0149        
 4674.540  0.0137        
 4674.560  0.0115        
 4674.580  0.0086        
 4674.600  0.0058        
 4674.620  0.0033        
 4674.640  0.0016        
 4674.660  0.0005        
 4674.680  0.0000        
 4674.700 -0.0003        
 4674.720 -0.0006        
 4674.740 -0.0010        
 4674.760 -0.0015        
 4674.780 -0.0021        
 4674.800 -0.0026        
 4674.820 -0.0030        
 4674.840 -0.0034        
 4674.860 -0.0037        
 4674.880 -0.0040        
 4674.900 -0.0042        
 4674.920 -0.0040        
 4674.940 -0.0032        
 4674.960 -0.0017        
 4674.980  0.0007        
 4675.000  0.0039        
 4675.020  0.0075        
 4675.040  0.0108        
 4675.060  0.0133        
 4675.080  0.0143        
 4675.100  0.0136        
 4675.120  0.0111        
 4675.140  0.0076        
 4675.160  0.0036        
 4675.180  0.0001        
 4675.200 -0.0020        
 4675.220 -0.0023        
 4675.240 -0.0008        
 4675.260  0.0019        
 4675.280  0.0050        
 4675.300  0.0077        
 4675.320  0.0089        
 4675.340  0.0083        
 4675.360  0.0060        
 4675.380  0.0023        
 4675.400 -0.0018        
 4675.420 -0.0053        
 4675.440 -0.0072        
 4675.460 -0.0068        
 4675.480 -0.0040        
 4675.500  0.0007        
 4675.520  0.0062        
 4675.540  0.0112        
 4675.560  0.0144        
 4675.580  0.0147        
 4675.600  0.0120        
 4675.620  0.0069        
 4675.640  0.0009        
 4675.660 -0.0045        
 4675.680 -0.0079        
 4675.700 -0.0085        
 4675.720 -0.0064        
 4675.740 -0.0026        
 4675.760  0.0016        
 4675.780  0.0050        
 4675.800  0.0072        
 4675.820  0.0081        
 4675.840  0.0085        
 4675.860  0.0093        
 4675.880  0.0112        
 4675.900  0.0139        
 4675.920  0.0165        
 4675.940  0.0179        
 4675.960  0.0171        
 4675.980  0.0134        
 4676.000  0.0075        
 4676.020  0.0009        
 4676.040 -0.0048        
 4676.060 -0.0084        
 4676.080 -0.0093        
 4676.100 -0.0076        
 4676.120 -0.0047        
 4676.140 -0.0020        
 4676.160 -0.0007        
 4676.180 -0.0010        
 4676.200 -0.0025        
 4676.220 -0.0044        
 4676.240 -0.0054        
 4676.260 -0.0048        
 4676.280 -0.0026        
 4676.300  0.0001        
 4676.320  0.0024        
 4676.340  0.0037        
 4676.360  0.0034        
 4676.380  0.0020        
 4676.400  0.0004        
 4676.420 -0.0001        
 4676.440  0.0013        
 4676.460  0.0045        
 4676.480  0.0092        
 4676.500  0.0140        
 4676.520  0.0174        
 4676.540  0.0181        
 4676.560  0.0158        
 4676.580  0.0111        
 4676.600  0.0048        
 4676.620 -0.0014        
 4676.640 -0.0060        
 4676.660 -0.0083        
 4676.680 -0.0085        
 4676.700 -0.0073        
 4676.720 -0.0056        
 4676.740 -0.0047        
 4676.760 -0.0051        
 4676.780 -0.0067        
 4676.800 -0.0087        
 4676.820 -0.0103        
 4676.840 -0.0108        
 4676.860 -0.0099        
 4676.880 -0.0077        
 4676.900 -0.0047        
 4676.920 -0.0015        
 4676.940  0.0015        
 4676.960  0.0046        
 4676.980  0.0079        
 4677.000  0.0113        
 4677.020  0.0148        
 4677.040  0.0179        
 4677.060  0.0197        
 4677.080  0.0194        
 4677.100  0.0169        
 4677.120  0.0129        
 4677.140  0.0086        
 4677.160  0.0051        
 4677.180  0.0036        
 4677.200  0.0045        
 4677.220  0.0071        
 4677.240  0.0099        
 4677.260  0.0117        
 4677.280  0.0120        
 4677.300  0.0109        
 4677.320  0.0090        
 4677.340  0.0075        
 4677.360  0.0074        
 4677.380  0.0086        
 4677.400  0.0102        
 4677.420  0.0109        
 4677.440  0.0101        
 4677.460  0.0076        
 4677.480  0.0039        
 4677.500  0.0005        
 4677.520 -0.0010        
 4677.540  0.0000        
 4677.560  0.0027        
 4677.580  0.0058        
 4677.600  0.0078        
 4677.620  0.0075        
 4677.640  0.0046        
 4677.660  0.0002        
 4677.680 -0.0034        
 4677.700 -0.0047        
 4677.720 -0.0032        
 4677.740  0.0006        
 4677.760  0.0052        
 4677.780  0.0087        
 4677.800  0.0092        
 4677.820  0.0065        
 4677.840  0.0021        
 4677.860 -0.0023        
 4677.880 -0.0050        
 4677.900 -0.0050        
 4677.920 -0.0022        
 4677.940  0.0026        
 4677.960  0.0074        
 4677.980  0.0000        
 4678.000  0.0000        
