           0.9800  1.0000
           0.19    0.00  
 4722.000  0.9674  1.0019
 4722.020  0.9625  1.0008
 4722.040  0.9602  1.0001
 4722.060  0.9597  0.9955
 4722.080  0.9615  0.9977
 4722.100  0.9654  0.9937
 4722.120  0.9700  0.9955
 4722.140  0.9739  0.9956
 4722.160  0.9759  0.9966
 4722.180  0.9755  0.9953
 4722.200  0.9733  0.9987
 4722.220  0.9713  0.9979
 4722.240  0.9700  0.9951
 4722.260  0.9691  0.9966
 4722.280  0.9686  0.9992
 4722.300  0.9684  1.0004
 4722.320  0.9684  1.0051
 4722.340  0.9692  1.0030
 4722.360  0.9706  1.0023
 4722.380  0.9720  0.9985
 4722.400  0.9727  0.9990
 4722.420  0.9736  0.9999
 4722.440  0.9749  1.0011
 4722.460  0.9760  1.0032
 4722.480  0.9757  1.0063
 4722.500  0.9739  1.0074
 4722.520  0.9709  1.0065
 4722.540  0.9668  1.0044
 4722.560  0.9624  1.0027
 4722.580  0.9590  1.0016
 4722.600  0.9579  1.0018
 4722.620  0.9589  1.0043
 4722.640  0.9613  1.0065
 4722.660  0.9638  1.0068
 4722.680  0.9653  1.0056
 4722.700  0.9646  1.0006
 4722.720  0.9615  0.9954
 4722.740  0.9576  0.9888
 4722.760  0.9560  0.9854
 4722.780  0.9580  0.9824
 4722.800  0.9638  0.9843
 4722.820  0.9727  0.9896
 4722.840  0.9832  0.9938
 4722.860  0.9920  0.9979
 4722.880  0.9959  1.0005
 4722.900  0.9943  1.0018
 4722.920  0.9882  1.0021
 4722.940  0.9797  1.0021
 4722.960  0.9714  1.0021
 4722.980  0.9660  1.0023
 4723.000  0.9642  1.0028
 4723.020  0.9648  1.0036
 4723.040  0.9654  1.0045
 4723.060  0.9647  1.0055
 4723.080  0.9620  1.0065
 4723.100  0.9578  1.0071
 4723.120  0.9534  1.0072
 4723.140  0.9509  1.0065
 4723.160  0.9513  1.0053
 4723.180  0.9539  1.0041
 4723.200  0.9566  1.0032
 4723.220  0.9577  1.0033
 4723.240  0.9559  1.0042
 4723.260  0.9509  1.0054
 4723.280  0.9440  1.0062
 4723.300  0.9377  1.0057
 4723.320  0.9340  1.0035
 4723.340  0.9339  0.9998
 4723.360  0.9366  0.9954
 4723.380  0.9399  0.9916
 4723.400  0.9400  0.9893
 4723.420  0.9327  0.9889
 4723.440  0.9150  0.9903
 4723.460  0.8852  0.9929
 4723.480  0.8439  0.9960
 4723.500  0.7942  0.9992
 4723.520  0.7419  1.0021
 4723.540  0.6941  1.0047
 4723.560  0.6578  1.0069
 4723.580  0.6396  1.0080
 4723.600  0.6430  1.0074
 4723.620  0.6669  1.0043
 4723.640  0.7063  0.9989
 4723.660  0.7543  0.9918
 4723.680  0.8023  0.9848
 4723.700  0.8424  0.9800
 4723.720  0.8705  0.9791
 4723.740  0.8874  0.9826
 4723.760  0.8970  0.9897
 4723.780  0.9040  0.9983
 4723.800  0.9123  1.0060
 4723.820  0.9234  1.0108
 4723.840  0.9355  1.0118
 4723.860  0.9442  1.0098
 4723.880  0.9459  1.0064
 4723.900  0.9403  1.0036
 4723.920  0.9298  1.0026
 4723.940  0.9186  1.0037
 4723.960  0.9121  1.0061
 4723.980  0.9143  1.0086
 4724.000  0.9255  1.0099
 4724.020  0.9417  1.0097
 4724.040  0.9576  1.0084
 4724.060  0.9689  1.0070
 4724.080  0.9730  1.0063
 4724.100  0.9698  1.0070
 4724.120  0.9629  1.0086
 4724.140  0.9573  1.0106
 4724.160  0.9563  1.0120
 4724.180  0.9601  1.0121
 4724.200  0.9669  1.0110
 4724.220  0.9742  1.0092
 4724.240  0.9791  1.0074
 4724.260  0.9799  1.0062
 4724.280  0.9773  1.0059
 4724.300  0.9743  1.0062
 4724.320  0.9731  1.0066
 4724.340  0.9743  1.0068
 4724.360  0.9766  1.0064
 4724.380  0.9784  1.0057
 4724.400  0.9774  1.0051
 4724.420  0.9720  1.0049
 4724.440  0.9631  1.0053
 4724.460  0.9539  1.0062
 4724.480  0.9477  1.0073
 4724.500  0.9470  1.0082
 4724.520  0.9521  1.0085
 4724.540  0.9621  1.0079
 4724.560  0.9739  1.0062
 4724.580  0.9837  1.0035
 4724.600  0.9887  0.9999
 4724.620  0.9885  0.9958
 4724.640  0.9841  0.9918
 4724.660  0.9773  0.9887
 4724.680  0.9705  0.9873
 4724.700  0.9659  0.9881
 4724.720  0.9646  0.9911
 4724.740  0.9663  0.9955
 4724.760  0.9704  1.0005
 4724.780  0.9760  1.0046
 4724.800  0.9820  1.0070
 4724.820  0.9872  1.0074
 4724.840  0.9906  1.0060
 4724.860  0.9917  1.0039
 4724.880  0.9903  1.0021
 4724.900  0.9867  1.0013
 4724.920  0.9820  1.0020
 4724.940  0.9774  1.0036
 4724.960  0.9740  1.0056
 4724.980  0.9725  1.0070
 4725.000  0.9725  1.0071
 4725.020  0.9731  1.0057
 4725.040  0.9732  1.0027
 4725.060  0.9722  0.9985
 4725.080  0.9700  0.9934
 4725.100  0.9669  0.9881
 4725.120  0.9639  0.9831
 4725.140  0.9618  0.9794
 4725.160  0.9606  0.9779
 4725.180  0.9597  0.9791
 4725.200  0.9584  0.9833
 4725.220  0.9562  0.9894
 4725.240  0.9534  0.9957
 4725.260  0.9507  0.9999
 4725.280  0.9494  0.9996
 4725.300  0.9503  0.9934
 4725.320  0.9537  0.9813
 4725.340  0.9588  0.9652
 4725.360  0.9639  0.9482
 4725.380  0.9672  0.9341
 4725.400  0.9676  0.9258
 4725.420  0.9651  0.9249
 4725.440  0.9605  0.9312
 4725.460  0.9552  0.9426
 4725.480  0.9509  0.9559
 4725.500  0.9483  0.9681
 4725.520  0.9470  0.9772
 4725.540  0.9468  0.9822
 4725.560  0.9476  0.9842
 4725.580  0.9494  0.9846
 4725.600  0.9525  0.9852
 4725.620  0.9571  0.9874
 4725.640  0.9635  0.9913
 4725.660  0.9706  0.9965
 4725.680  0.9767  1.0017
 4725.700  0.9801  1.0057
 4725.720  0.9802  1.0077
 4725.740  0.9772  1.0077
 4725.760  0.9719  1.0063
 4725.780  0.9663  1.0046
 4725.800  0.9628  1.0034
 4725.820  0.9624  1.0034
 4725.840  0.9647  1.0044
 4725.860  0.9684  1.0059
 4725.880  0.9721  1.0073
 4725.900  0.9741  1.0081
 4725.920  0.9733  1.0080
 4725.940  0.9704  1.0073
 4725.960  0.9668  1.0065
 4725.980  0.9639  1.0059
 4726.000  0.9624  1.0057
 4726.020  0.9627  1.0058
 4726.040  0.9645  1.0057
 4726.060  0.9670  1.0052
 4726.080  0.9693  1.0042
 4726.100  0.9706  1.0032
 4726.120  0.9713  1.0027
 4726.140  0.9713  1.0031
 4726.160  0.9707  1.0044
 4726.180  0.9695  1.0064
 4726.200  0.9678  1.0081
 4726.220  0.9657  1.0088
 4726.240  0.9632  1.0081
 4726.260  0.9608  1.0062
 4726.280  0.9592  1.0039
 4726.300  0.9589  1.0023
 4726.320  0.9599  1.0021
 4726.340  0.9619  1.0032
 4726.360  0.9644  1.0048
 4726.380  0.9670  1.0052
 4726.400  0.9691  1.0034
 4726.420  0.9705  0.9989
 4726.440  0.9716  0.9924
 4726.460  0.9730  0.9857
 4726.480  0.9748  0.9809
 4726.500  0.9767  0.9792
 4726.520  0.9783  0.9810
 4726.540  0.9793  0.9850
 4726.560  0.9791  0.9889
 4726.580  0.9771  0.9906
 4726.600  0.9739  0.9891
 4726.620  0.9702  0.9848
 4726.640  0.9665  0.9796
 4726.660  0.9633  0.9760
 4726.680  0.9614  0.9758
 4726.700  0.9613  0.9795
 4726.720  0.9623  0.9858
 4726.740  0.9638  0.9921
 4726.760  0.9658  0.9959
 4726.780  0.9678  0.9953
 4726.800  0.9694  0.9906
 4726.820  0.9706  0.9838
 4726.840  0.9724  0.9777
 4726.860  0.9752  0.9751
 4726.880  0.9791  0.9773
 4726.900  0.9843  0.9839
 4726.920  0.9905  0.9927
 4726.940  0.9966  1.0011
 4726.960  1.0008  1.0069
 4726.980  1.0021  1.0092
 4727.000  1.0004  1.0084
 4727.020  0.9959  1.0062
 4727.040  0.9898  1.0044
 4727.060  0.9839  1.0040
 4727.080  0.9801  1.0053
 4727.100  0.9790  1.0073
 4727.120  0.9799  1.0087
 4727.140  0.9815  1.0088
 4727.160  0.9825  1.0072
 4727.180  0.9816  1.0049
 4727.200  0.9782  1.0028
 4727.220  0.9736  1.0020
 4727.240  0.9695  1.0026
 4727.260  0.9673  1.0042
 4727.280  0.9677  1.0056
 4727.300  0.9705  1.0057
 4727.320  0.9749  1.0040
 4727.340  0.9792  1.0009
 4727.360  0.9819  0.9973
 4727.380  0.9830  0.9947
 4727.400  0.9831  0.9939
 4727.420  0.9831  0.9951
 4727.440  0.9834  0.9977
 4727.460  0.9845  1.0007
 4727.480  0.9858  1.0028
 4727.500  0.9863  1.0035
 4727.520  0.9849  1.0030
 4727.540  0.9816  1.0020
 4727.560  0.9775  1.0014
 4727.580  0.9740  1.0018
 4727.600  0.9723  1.0031
 4727.620  0.9736  1.0044
 4727.640  0.9781  1.0044
 4727.660  0.9846  1.0020
 4727.680  0.9911  0.9967
 4727.700  0.9961  0.9890
 4727.720  0.9985  0.9802
 4727.740  0.9977  0.9723
 4727.760  0.9936  0.9671
 4727.780  0.9872  0.9658
 4727.800  0.9796  0.9685
 4727.820  0.9719  0.9743
 4727.840  0.9647  0.9819
 4727.860  0.9591  0.9897
 4727.880  0.9560  0.9961
 4727.900  0.9558  1.0005
 4727.920  0.9584  1.0027
 4727.940  0.9628  1.0031
 4727.960  0.9677  1.0026
 4727.980  0.9712  1.0018
 4728.000  0.9714  1.0014
 4728.020  0.9674  1.0014
 4728.040  0.9601  1.0021
 4728.060  0.9513  1.0032
 4728.080  0.9435  1.0045
 4728.100  0.9388  1.0055
 4728.120  0.9386  1.0062
 4728.140  0.9430  1.0063
 4728.160  0.9502  1.0057
 4728.180  0.9578  1.0046
 4728.200  0.9639  1.0029
 4728.220  0.9673  1.0010
 4728.240  0.9674  0.9992
 4728.260  0.9653  0.9977
 4728.280  0.9626  0.9968
 4728.300  0.9605  0.9967
 4728.320  0.9598  0.9975
 4728.340  0.9605  0.9991
 4728.360  0.9623  1.0013
 4728.380  0.9645  1.0038
 4728.400  0.9665  1.0059
 4728.420  0.9678  1.0068
 4728.440  0.9683  1.0058
 4728.460  0.9682  1.0024
 4728.480  0.9679  0.9967
 4728.500  0.9675  0.9893
 4728.520  0.9674  0.9818
 4728.540  0.9678  0.9755
 4728.560  0.9691  0.9722
 4728.580  0.9710  0.9725
 4728.600  0.9730  0.9763
 4728.620  0.9743  0.9827
 4728.640  0.9742  0.9899
 4728.660  0.9721  0.9962
 4728.680  0.9677  1.0006
 4728.700  0.9618  1.0027
 4728.720  0.9560  1.0029
 4728.740  0.9516  1.0024
 4728.760  0.9493  1.0022
 4728.780  0.9499  1.0029
 4728.800  0.9527  1.0044
 4728.820  0.9564  1.0060
 4728.840  0.9590  1.0071
 4728.860  0.9593  1.0071
 4728.880  0.9566  1.0062
 4728.900  0.9511  1.0049
 4728.920  0.9437  1.0041
 4728.940  0.9360  1.0043
 4728.960  0.9297  1.0057
 4728.980  0.9261  1.0076
 4729.000  0.9257  1.0094
 4729.020  0.9288  1.0101
 4729.040  0.9351  1.0094
 4729.060  0.9439  1.0074
 4729.080  0.9538  1.0050
 4729.100  0.9633  1.0030
 4729.120  0.9711  1.0021
 4729.140  0.9757  1.0024
 4729.160  0.9766  1.0038
 4729.180  0.9739  1.0054
 4729.200  0.9688  1.0069
 4729.220  0.9633  1.0078
 4729.240  0.9588  1.0082
 4729.260  0.9565  1.0084
 4729.280  0.9572  1.0087
 4729.300  0.9603  1.0092
 4729.320  0.9645  1.0098
 4729.340  0.9683  1.0102
 4729.360  0.9706  1.0101
 4729.380  0.9711  1.0095
 4729.400  0.9700  1.0085
 4729.420  0.9681  1.0075
 4729.440  0.9663  1.0069
 4729.460  0.9655  1.0069
 4729.480  0.9655  1.0072
 4729.500  0.9659  1.0078
 4729.520  0.9663  1.0082
 4729.540  0.9664  1.0082
 4729.560  0.9662  1.0080
 4729.580  0.9658  1.0076
 4729.600  0.9659  1.0072
 4729.620  0.9671  1.0068
 4729.640  0.9691  1.0065
 4729.660  0.9714  1.0062
 4729.680  0.9732  1.0057
 4729.700  0.9738  1.0052
 4729.720  0.9726  1.0050
 4729.740  0.9697  1.0051
 4729.760  0.9661  1.0057
 4729.780  0.9632  1.0066
 4729.800  0.9623  1.0075
 4729.820  0.9641  1.0082
 4729.840  0.9685  1.0084
 4729.860  0.9745  1.0082
 4729.880  0.9801  1.0078
 4729.900  0.9837  1.0075
 4729.920  0.9839  1.0073
 4729.940  0.9805  1.0069
 4729.960  0.9745  1.0061
 4729.980  0.9677  1.0047
 4730.000  0.9623  1.0030
 4730.020  0.9594  1.0015
 4730.040  0.9595  1.0012
 4730.060  0.9618  1.0025
 4730.080  0.9648  1.0053
 4730.100  0.9665  1.0085
 4730.120  0.9660  1.0102
 4730.140  0.9639  1.0087
 4730.160  0.9613  1.0030
 4730.180  0.9598  0.9937
 4730.200  0.9607  0.9830
 4730.220  0.9647  0.9738
 4730.240  0.9706  0.9690
 4730.260  0.9757  0.9703
 4730.280  0.9781  0.9773
 4730.300  0.9768  0.9878
 4730.320  0.9720  0.9985
 4730.340  0.9651  1.0064
 4730.360  0.9589  1.0100
 4730.380  0.9561  1.0093
 4730.400  0.9577  1.0063
 4730.420  0.9631  1.0033
 4730.440  0.9704  1.0024
 4730.460  0.9776  1.0040
 4730.480  0.9827  1.0076
 4730.500  0.9846  1.0113
 4730.520  0.9839  1.0136
 4730.540  0.9826  1.0135
 4730.560  0.9823  1.0112
 4730.580  0.9833  1.0078
 4730.600  0.9856  1.0049
 4730.620  0.9881  1.0034
 4730.640  0.9892  1.0036
 4730.660  0.9876  1.0051
 4730.680  0.9832  1.0070
 4730.700  0.9777  1.0084
 4730.720  0.9730  1.0092
 4730.740  0.9706  1.0096
 4730.760  0.9714  1.0099
 4730.780  0.9753  1.0105
 4730.800  0.9807  1.0110
 4730.820  0.9854  1.0113
 4730.840  0.9874  1.0108
 4730.860  0.9865  1.0095
 4730.880  0.9831  1.0078
 4730.900  0.9785  1.0063
 4730.920  0.9743  1.0058
 4730.940  0.9723  1.0065
 4730.960  0.9729  1.0081
 4730.980  0.9753  1.0098
 4731.000  0.9781  1.0108
 4731.020  0.9803  1.0106
 4731.040  0.9807  1.0095
 4731.060  0.9787  1.0080
 4731.080  0.9749  1.0069
 4731.100  0.9707  1.0067
 4731.120  0.9674  1.0072
 4731.140  0.9661  1.0078
 4731.160  0.9671  1.0078
 4731.180  0.9702  1.0067
 4731.200  0.9748  1.0049
 4731.220  0.9793  1.0031
 4731.240  0.9827  1.0023
 4731.260  0.9841  1.0029
 4731.280  0.9832  1.0048
 4731.300  0.9803  1.0070
 4731.320  0.9758  1.0083
 4731.340  0.9706  1.0078
 4731.360  0.9655  1.0055
 4731.380  0.9614  1.0022
 4731.400  0.9586  0.9993
 4731.420  0.9576  0.9980
 4731.440  0.9590  0.9988
 4731.460  0.9625  1.0013
 4731.480  0.9675  1.0043
 4731.500  0.9731  1.0066
 4731.520  0.9779  1.0075
 4731.540  0.9805  1.0072
 4731.560  0.9798  1.0063
 4731.580  0.9757  1.0058
 4731.600  0.9693  1.0060
 4731.620  0.9625  1.0067
 4731.640  0.9579  1.0072
 4731.660  0.9573  1.0067
 4731.680  0.9614  1.0051
 4731.700  0.9691  1.0029
 4731.720  0.9783  1.0014
 4731.740  0.9859  1.0015
 4731.760  0.9895  1.0036
 4731.780  0.9880  1.0064
 4731.800  0.9825  1.0081
 4731.820  0.9754  1.0065
 4731.840  0.9692  1.0006
 4731.860  0.9662  0.9910
 4731.880  0.9671  0.9799
 4731.900  0.9710  0.9707
 4731.920  0.9755  0.9664
 4731.940  0.9783  0.9684
 4731.960  0.9782  0.9760
 4731.980  0.9751  0.9868
 4732.000  0.9704  0.9973
 4732.020  0.9660  1.0048
 4732.040  0.9639  1.0081
 4732.060  0.9642  1.0077
 4732.080  0.9664  1.0056
 4732.100  0.9691  1.0039
 4732.120  0.9711  1.0039
 4732.140  0.9716  1.0059
 4732.160  0.9704  1.0087
 4732.180  0.9684  1.0110
 4732.200  0.9662  1.0115
 4732.220  0.9639  1.0103
 4732.240  0.9608  1.0081
 4732.260  0.9560  1.0061
 4732.280  0.9491  1.0053
 4732.300  0.9405  1.0060
 4732.320  0.9316  1.0076
 4732.340  0.9244  1.0090
 4732.360  0.9211  1.0093
 4732.380  0.9225  1.0080
 4732.400  0.9278  1.0057
 4732.420  0.9347  1.0033
 4732.440  0.9407  1.0020
 4732.460  0.9438  1.0022
 4732.480  0.9434  1.0037
 4732.500  0.9404  1.0058
 4732.520  0.9374  1.0076
 4732.540  0.9373  1.0082
 4732.560  0.9415  1.0075
 4732.580  0.9495  1.0060
 4732.600  0.9596  1.0043
 4732.620  0.9697  1.0033
 4732.640  0.9771  1.0034
 4732.660  0.9806  1.0046
 4732.680  0.9808  1.0065
 4732.700  0.9798  1.0086
 4732.720  0.9793  1.0103
 4732.740  0.9802  1.0111
 4732.760  0.9826  1.0108
 4732.780  0.9856  1.0094
 4732.800  0.9880  1.0070
 4732.820  0.9883  1.0043
 4732.840  0.9867  1.0020
 4732.860  0.9844  1.0006
 4732.880  0.9829  1.0004
 4732.900  0.9828  1.0011
 4732.920  0.9846  1.0019
 4732.940  0.9876  1.0017
 4732.960  0.9904  0.9996
 4732.980  0.9914  0.9954
 4733.000  0.9898  0.9897
 4733.020  0.9864  0.9843
 4733.040  0.9828  0.9809
 4733.060  0.9803  0.9811
 4733.080  0.9798  0.9850
 4733.100  0.9820  0.9915
 4733.120  0.9859  0.9984
 4733.140  0.9891  1.0034
 4733.160  0.9899  1.0049
 4733.180  0.9879  1.0028
 4733.200  0.9831  0.9983
 4733.220  0.9762  0.9937
 4733.240  0.9687  0.9911
 4733.260  0.9626  0.9914
 4733.280  0.9592  0.9945
 4733.300  0.9585  0.9987
 4733.320  0.9604  1.0019
 4733.340  0.9645  1.0028
 4733.360  0.9702  1.0010
 4733.380  0.9764  0.9977
 4733.400  0.9819  0.9946
 4733.420  0.9862  0.9931
 4733.440  0.9887  0.9937
 4733.460  0.9887  0.9950
 4733.480  0.9865  0.9945
 4733.500  0.9833  0.9894
 4733.520  0.9808  0.9776
 4733.540  0.9803  0.9589
 4733.560  0.9830  0.9350
 4733.580  0.9889  0.9097
 4733.600  0.9971  0.8876
 4733.620  1.0045  0.8729
 4733.640  1.0083  0.8684
 4733.660  1.0068  0.8750
 4733.680  1.0003  0.8911
 4733.700  0.9906  0.9133
 4733.720  0.9806  0.9374
 4733.740  0.9733  0.9594
 4733.760  0.9703  0.9764
 4733.780  0.9718  0.9870
 4733.800  0.9759  0.9920
 4733.820  0.9805  0.9932
 4733.840  0.9836  0.9930
 4733.860  0.9839  0.9935
 4733.880  0.9817  0.9957
 4733.900  0.9782  0.9992
 4733.920  0.9755  1.0026
 4733.940  0.9748  1.0043
 4733.960  0.9759  1.0033
 4733.980  0.9775  0.9997
 4734.000  0.9780  0.9949
 4734.020  0.9759  0.9907
 4734.040  0.9709  0.9890
 4734.060  0.9641  0.9905
 4734.080  0.9584  0.9946
 4734.100  0.9565  0.9999
 4734.120  0.9593  1.0043
 4734.140  0.9664  1.0066
 4734.160  0.9757  1.0063
 4734.180  0.9837  1.0044
 4734.200  0.9870  1.0025
 4734.220  0.9841  1.0017
 4734.240  0.9758  1.0027
 4734.260  0.9650  1.0049
 4734.280  0.9551  1.0071
 4734.300  0.9499  1.0081
 4734.320  0.9511  1.0075
 4734.340  0.9579  1.0055
 4734.360  0.9675  1.0032
 4734.380  0.9767  1.0017
 4734.400  0.9827  1.0017
 4734.420  0.9839  1.0030
 4734.440  0.9810  1.0046
 4734.460  0.9762  1.0055
 4734.480  0.9722  1.0052
 4734.500  0.9706  1.0037
 4734.520  0.9723  1.0019
 4734.540  0.9767  1.0008
 4734.560  0.9821  1.0008
 4734.580  0.9862  1.0017
 4734.600  0.9880  1.0026
 4734.620  0.9873  1.0024
 4734.640  0.9844  1.0006
 4734.660  0.9800  0.9975
 4734.680  0.9751  0.9941
 4734.700  0.9708  0.9913
 4734.720  0.9674  0.9899
 4734.740  0.9653  0.9893
 4734.760  0.9647  0.9885
 4734.780  0.9660  0.9867
 4734.800  0.9692  0.9834
 4734.820  0.9737  0.9797
 4734.840  0.9784  0.9773
 4734.860  0.9824  0.9777
 4734.880  0.9846  0.9815
 4734.900  0.9840  0.9875
 4734.920  0.9810  0.9929
 4734.940  0.9769  0.9949
 4734.960  0.9732  0.9917
 4734.980  0.9707  0.9835
 4735.000  0.9700  0.9731
 4735.020  0.9716  0.9638
 4735.040  0.9747  0.9581
 4735.060  0.9775  0.9553
 4735.080  0.9793  0.9514
 4735.100  0.9804  0.9402
 4735.120  0.9811  0.9157
 4735.140  0.9814  0.8755
 4735.160  0.9820  0.8226
 4735.180  0.9838  0.7657
 4735.200  0.9856  0.7166
 4735.220  0.9857  0.6872
 4735.240  0.9840  0.6846
 4735.260  0.9819  0.7095
 4735.280  0.9796  0.7553
 4735.300  0.9771  0.8110
 4735.320  0.9758  0.8648
 4735.340  0.9759  0.9075
 4735.360  0.9760  0.9353
 4735.380  0.9749  0.9496
 4735.400  0.9725  0.9555
 4735.420  0.9691  0.9584
 4735.440  0.9650  0.9623
 4735.460  0.9614  0.9683
 4735.480  0.9601  0.9751
 4735.500  0.9616  0.9802
 4735.520  0.9655  0.9822
 4735.540  0.9705  0.9810
 4735.560  0.9755  0.9786
 4735.580  0.9793  0.9774
 4735.600  0.9812  0.9791
 4735.620  0.9810  0.9840
 4735.640  0.9799  0.9907
 4735.660  0.9786  0.9969
 4735.680  0.9776  1.0007
 4735.700  0.9768  1.0012
 4735.720  0.9760  0.9994
 4735.740  0.9747  0.9968
 4735.760  0.9726  0.9955
 4735.780  0.9695  0.9966
 4735.800  0.9661  0.9998
 4735.820  0.9629  1.0039
 4735.840  0.9603  1.0074
 4735.860  0.9584  1.0091
 4735.880  0.9574  1.0087
 4735.900  0.9574  1.0069
 4735.920  0.9583  1.0049
 4735.940  0.9600  1.0035
 4735.960  0.9629  1.0033
 4735.980  0.9667  1.0038
 4736.000  0.9709  1.0044
 4736.020  0.9746  1.0044
 4736.040  0.9771  1.0036
 4736.060  0.9781  1.0023
 4736.080  0.9777  1.0013
 4736.100  0.9764  1.0013
 4736.120  0.9755  1.0025
 4736.140  0.9759  1.0045
 4736.160  0.9779  1.0066
 4736.180  0.9808  1.0075
 4736.200  0.9838  1.0065
 4736.220  0.9860  1.0032
 4736.240  0.9866  0.9982
 4736.260  0.9856  0.9927
 4736.280  0.9840  0.9880
 4736.300  0.9833  0.9857
 4736.320  0.9842  0.9863
 4736.340  0.9866  0.9898
 4736.360  0.9901  0.9955
 4736.380  0.9930  1.0017
 4736.400  0.9936  1.0071
 4736.420  0.9906  1.0102
 4736.440  0.9847  1.0108
 4736.460  0.9771  1.0092
 4736.480  0.9694  1.0066
 4736.500  0.9635  1.0042
 4736.520  0.9608  1.0030
 4736.540  0.9613  1.0033
 4736.560  0.9634  1.0044
 4736.580  0.9654  1.0055
 4736.600  0.9659  1.0057
 4736.620  0.9639  1.0046
 4736.640  0.9594  1.0028
 4736.660  0.9537  1.0015
 4736.680  0.9494  1.0018
 4736.700  0.9483  1.0041
 4736.720  0.9509  1.0075
 4736.740  0.9572  1.0101
 4736.760  0.9663  1.0098
 4736.780  0.9758  1.0047
 4736.800  0.9831  0.9949
 4736.820  0.9867  0.9821
 4736.840  0.9861  0.9695
 4736.860  0.9817  0.9607
 4736.880  0.9748  0.9581
 4736.900  0.9680  0.9623
 4736.920  0.9634  0.9714
 4736.940  0.9618  0.9823
 4736.960  0.9626  0.9912
 4736.980  0.9652  0.9957
 4737.000  0.9684  0.9956
 4737.020  0.9710  0.9922
 4737.040  0.9726  0.9884
 4737.060  0.9740  0.9867
 4737.080  0.9763  0.9887
 4737.100  0.9794  0.9939
 4737.120  0.9830  1.0006
 4737.140  0.9862  1.0065
 4737.160  0.9876  1.0099
 4737.180  0.9856  1.0100
 4737.200  0.9798  1.0079
 4737.220  0.9722  1.0052
 4737.240  0.9652  1.0036
 4737.260  0.9616  1.0038
 4737.280  0.9635  1.0058
 4737.300  0.9715  1.0085
 4737.320  0.9836  1.0106
 4737.340  0.9958  1.0112
 4737.360  1.0043  1.0102
 4737.380  1.0068  1.0084
 4737.400  1.0026  1.0066
 4737.420  0.9931  1.0057
 4737.440  0.9820  1.0058
 4737.460  0.9731  1.0066
 4737.480  0.9687  1.0073
 4737.500  0.9688  1.0074
 4737.520  0.9720  1.0069
 4737.540  0.9758  1.0061
 4737.560  0.9777  1.0056
 4737.580  0.9765  1.0057
 4737.600  0.9730  1.0062
 4737.620  0.9696  1.0063
 4737.640  0.9685  1.0050
 4737.660  0.9705  1.0016
 4737.680  0.9755  0.9962
 4737.700  0.9819  0.9899
 4737.720  0.9872  0.9845
 4737.740  0.9891  0.9816
 4737.760  0.9872  0.9825
 4737.780  0.9828  0.9869
 4737.800  0.9781  0.9936
 4737.820  0.9751  1.0004
 4737.840  0.9751  1.0055
 4737.860  0.9780  1.0076
 4737.880  0.9820  1.0066
 4737.900  0.9849  1.0036
 4737.920  0.9848  1.0004
 4737.940  0.9817  0.9984
 4737.960  0.9765  0.9984
 4737.980  0.9709  1.0002
 4738.000  0.9670  1.0027
 4738.020  0.9663  1.0049
 4738.040  0.9685  1.0059
 4738.060  0.9719  1.0055
 4738.080  0.9746  1.0046
 4738.100  0.9753  1.0040
 4738.120  0.9734  1.0044
 4738.140  0.9696  1.0059
 4738.160  0.9659  1.0081
 4738.180  0.9644  1.0098
 4738.200  0.9665  1.0102
 4738.220  0.9720  1.0090
 4738.240  0.9798  1.0066
 4738.260  0.9876  1.0042
 4738.280  0.9930  1.0029
 4738.300  0.9942  1.0031
 4738.320  0.9908  1.0044
 4738.340  0.9838  1.0052
 4738.360  0.9749  1.0038
 4738.380  0.9661  0.9987
 4738.400  0.9591  0.9896
 4738.420  0.9547  0.9774
 4738.440  0.9531  0.9645
 4738.460  0.9536  0.9538
 4738.480  0.9556  0.9477
 4738.500  0.9587  0.9476
 4738.520  0.9625  0.9533
 4738.540  0.9672  0.9633
 4738.560  0.9727  0.9752
 4738.580  0.9788  0.9868
 4738.600  0.9847  0.9961
 4738.620  0.9895  1.0023
 4738.640  0.9923  1.0053
 4738.660  0.9926  1.0058
 4738.680  0.9904  1.0048
 4738.700  0.9860  1.0032
 4738.720  0.9802  1.0019
 4738.740  0.9737  1.0014
 4738.760  0.9664  1.0018
 4738.780  0.9582  1.0030
 4738.800  0.9491  1.0046
 4738.820  0.9392  1.0060
 4738.840  0.9294  1.0066
 4738.860  0.9210  1.0063
 4738.880  0.9159  1.0052
 4738.900  0.9154  1.0039
 4738.920  0.9194  1.0031
 4738.940  0.9268  1.0034
 4738.960  0.9361  1.0049
 4738.980  0.9450  1.0067
 4739.000  0.9514  1.0078
 4739.020  0.9548  1.0069
 4739.040  0.9561  1.0034
 4739.060  0.9566  0.9975
 4739.080  0.9571  0.9905
 4739.100  0.9579  0.9844
 4739.120  0.9589  0.9808
 4739.140  0.9590  0.9805
 4739.160  0.9569  0.9834
 4739.180  0.9521  0.9882
 4739.200  0.9457  0.9933
 4739.220  0.9387  0.9972
 4739.240  0.9314  0.9996
 4739.260  0.9225  1.0005
 4739.280  0.9101  1.0006
 4739.300  0.8915  1.0006
 4739.320  0.8639  1.0005
 4739.340  0.8270  0.9998
 4739.360  0.7847  0.9981
 4739.380  0.7440  0.9949
 4739.400  0.7127  0.9907
 4739.420  0.6975  0.9864
 4739.440  0.7031  0.9831
 4739.460  0.7292  0.9808
 4739.480  0.7687  0.9784
 4739.500  0.8123  0.9736
 4739.520  0.8524  0.9642
 4739.540  0.8840  0.9485
 4739.560  0.9048  0.9274
 4739.580  0.9171  0.9040
 4739.600  0.9265  0.8831
 4739.620  0.9380  0.8697
 4739.640  0.9517  0.8673
 4739.660  0.9657  0.8762
 4739.680  0.9772  0.8937
 4739.700  0.9830  0.9148
 4739.720  0.9810  0.9345
 4739.740  0.9724  0.9488
 4739.760  0.9622  0.9567
 4739.780  0.9550  0.9597
 4739.800  0.9532  0.9606
 4739.820  0.9570  0.9624
 4739.840  0.9654  0.9666
 4739.860  0.9749  0.9733
 4739.880  0.9813  0.9809
 4739.900  0.9824  0.9878
 4739.920  0.9794  0.9928
 4739.940  0.9748  0.9957
 4739.960  0.9707  0.9972
 4739.980  0.9683  0.9981
 4740.000  0.9682  0.9985
 4740.020  0.9696  0.9977
 4740.040  0.9705  0.9946
 4740.060  0.9691  0.9885
 4740.080  0.9666  0.9801
 4740.100  0.9652  0.9713
 4740.120  0.9669  0.9648
 4740.140  0.9725  0.9632
 4740.160  0.9818  0.9674
 4740.180  0.9929  0.9765
 4740.200  1.0020  0.9877
 4740.220  1.0051  0.9979
 4740.240  1.0017  1.0042
 4740.260  0.9934  1.0060
 4740.280  0.9828  1.0042
 4740.300  0.9730  1.0010
 4740.320  0.9676  0.9986
 4740.340  0.9687  0.9982
 4740.360  0.9748  0.9991
 4740.380  0.9823  0.9998
 4740.400  0.9885  0.9985
 4740.420  0.9919  0.9944
 4740.440  0.9915  0.9885
 4740.460  0.9877  0.9827
 4740.480  0.9827  0.9795
 4740.500  0.9790  0.9806
 4740.520  0.9773  0.9861
 4740.540  0.9767  0.9941
 4740.560  0.9764  1.0022
 4740.580  0.9759  1.0078
 4740.600  0.9745  1.0097
 4740.620  0.9720  1.0084
 4740.640  0.9696  1.0054
 4740.660  0.9691  1.0029
 4740.680  0.9706  1.0021
 4740.700  0.9733  1.0034
 4740.720  0.9760  1.0058
 4740.740  0.9774  1.0081
 4740.760  0.9766  1.0090
 4740.780  0.9729  1.0081
 4740.800  0.9678  1.0060
 4740.820  0.9636  1.0038
 4740.840  0.9621  1.0025
 4740.860  0.9641  1.0028
 4740.880  0.9692  1.0042
 4740.900  0.9761  1.0062
 4740.920  0.9826  1.0078
 4740.940  0.9864  1.0084
 4740.960  0.9866  1.0079
 4740.980  0.9836  1.0062
 4741.000  0.9789  1.0036
 4741.020  0.9742  1.0003
 4741.040  0.9712  0.9962
 4741.060  0.9708  0.9916
 4741.080  0.9726  0.9871
 4741.100  0.9749  0.9836
 4741.120  0.9763  0.9821
 4741.140  0.9757  0.9835
 4741.160  0.9729  0.9876
 4741.180  0.9686  0.9938
 4741.200  0.9641  1.0002
 4741.220  0.9607  1.0053
 4741.240  0.9591  1.0078
 4741.260  0.9588  1.0075
 4741.280  0.9589  1.0054
 4741.300  0.9585  1.0028
 4741.320  0.9570  1.0014
 4741.340  0.9543  1.0019
 4741.360  0.9514  1.0042
 4741.380  0.9494  1.0072
 4741.400  0.9493  1.0096
 4741.420  0.9514  1.0102
 4741.440  0.9550  1.0087
 4741.460  0.9591  1.0058
 4741.480  0.9623  1.0027
 4741.500  0.9637  1.0008
 4741.520  0.9632  1.0011
 4741.540  0.9618  1.0035
 4741.560  0.9604  1.0073
 4741.580  0.9597  1.0105
 4741.600  0.9599  1.0115
 4741.620  0.9608  1.0086
 4741.640  0.9615  1.0012
 4741.660  0.9613  0.9897
 4741.680  0.9601  0.9759
 4741.700  0.9591  0.9624
 4741.720  0.9592  0.9522
 4741.740  0.9609  0.9478
 4741.760  0.9645  0.9506
 4741.780  0.9693  0.9602
 4741.800  0.9731  0.9745
 4741.820  0.9737  0.9902
 4741.840  0.9708  1.0037
 4741.860  0.9653  1.0123
 4741.880  0.9586  1.0149
 4741.900  0.9528  1.0125
 4741.920  0.9506  1.0075
 4741.940  0.9533  1.0027
 4741.960  0.9598  1.0004
 4741.980  0.9680  1.0014
 4742.000  0.9755  1.0048
 4742.020  0.9807  1.0087
 4742.040  0.9823  1.0111
 4742.060  0.9807  1.0109
 4742.080  0.9779  1.0082
 4742.100  0.9760  1.0045
 4742.120  0.9758  1.0015
 4742.140  0.9774  1.0006
 4742.160  0.9802  1.0022
 4742.180  0.9830  1.0052
 4742.200  0.9843  1.0080
 4742.220  0.9832  1.0087
 4742.240  0.9806  1.0064
 4742.260  0.9774  1.0013
 4742.280  0.9746  0.9947
 4742.300  0.9729  0.9882
 4742.320  0.9728  0.9835
 4742.340  0.9745  0.9814
 4742.360  0.9777  0.9819
 4742.380  0.9818  0.9844
 4742.400  0.9867  0.9882
 4742.420  0.9923  0.9926
 4742.440  0.9979  0.9970
 4742.460  1.0022  1.0011
 4742.480  1.0041  1.0044
 4742.500  1.0027  1.0065
 4742.520  0.9978  1.0073
 4742.540  0.9898  1.0066
 4742.560  0.9801  1.0051
 4742.580  0.9711  1.0036
 4742.600  0.9646  1.0029
 4742.620  0.9616  1.0035
 4742.640  0.9617  1.0052
 4742.660  0.9642  1.0074
 4742.680  0.9676  1.0089
 4742.700  0.9701  1.0090
 4742.720  0.9710  1.0076
 4742.740  0.9708  1.0056
 4742.760  0.9705  1.0040
 4742.780  0.9708  1.0038
 4742.800  0.9723  1.0053
 4742.820  0.9752  1.0075
 4742.840  0.9789  1.0089
 4742.860  0.9819  1.0079
 4742.880  0.9832  1.0036
 4742.900  0.9825  0.9966
 4742.920  0.9804  0.9888
 4742.940  0.9772  0.9826
 4742.960  0.9742  0.9800
 4742.980  0.9727  0.9817
 4743.000  0.9736  0.9868
 4743.020  0.9769  0.9934
 4743.040  0.9819  0.9989
 4743.060  0.9878  1.0017
 4743.080  0.9933  1.0016
 4743.100  0.9970  0.9996
 4743.120  0.9977  0.9976
 4743.140  0.9951  0.9973
 4743.160  0.9898  0.9993
 4743.180  0.9832  1.0030
 4743.200  0.9769  1.0063
 4743.220  0.9728  1.0075
 4743.240  0.9722  1.0050
 4743.260  0.9753  0.9990
 4743.280  0.9810  0.9909
 4743.300  0.9873  0.9832
 4743.320  0.9923  0.9781
 4743.340  0.9943  0.9774
 4743.360  0.9928  0.9811
 4743.380  0.9886  0.9879
 4743.400  0.9834  0.9956
 4743.420  0.9791  1.0019
 4743.440  0.9769  1.0049
 4743.460  0.9768  1.0037
 4743.480  0.9779  0.9990
 4743.500  0.9792  0.9923
 4743.520  0.9794  0.9857
 4743.540  0.9781  0.9812
 4743.560  0.9755  0.9802
 4743.580  0.9730  0.9831
 4743.600  0.9718  0.9891
 4743.620  0.9723  0.9966
 4743.640  0.9740  1.0036
 4743.660  0.9762  1.0085
 4743.680  0.9777  1.0105
 4743.700  0.9772  1.0097
 4743.720  0.9744  1.0073
 4743.740  0.9704  1.0049
 4743.760  0.9664  1.0038
 4743.780  0.9636  1.0044
 4743.800  0.9628  1.0066
 4743.820  0.9643  1.0091
 4743.840  0.9674  1.0108
 4743.860  0.9706  1.0106
 4743.880  0.9728  1.0087
 4743.900  0.9734  1.0059
 4743.920  0.9725  1.0032
 4743.940  0.9703  1.0018
 4743.960  0.9675  1.0020
 4743.980  0.9652  1.0030
 4744.000  0.9640  1.0037
 4744.020  0.9640  1.0029
 4744.040  0.9650  0.9999
 4744.060  0.9669  0.9951
 4744.080  0.9695  0.9897
 4744.100  0.9722  0.9852
 4744.120  0.9745  0.9833
 4744.140  0.9762  0.9845
 4744.160  0.9770  0.9886
 4744.180  0.9768  0.9941
 4744.200  0.9756  0.9997
 4744.220  0.9736  1.0041
 4744.240  0.9714  1.0066
 4744.260  0.9693  1.0074
 4744.280  0.9677  1.0071
 4744.300  0.9671  1.0066
 4744.320  0.9675  1.0066
 4744.340  0.9689  1.0071
 4744.360  0.9708  1.0079
 4744.380  0.9728  1.0086
 4744.400  0.9740  1.0089
 4744.420  0.9738  1.0085
 4744.440  0.9717  1.0076
 4744.460  0.9676  1.0066
 4744.480  0.9620  1.0059
 4744.500  0.9560  1.0059
 4744.520  0.9510  1.0065
 4744.540  0.9483  1.0074
 4744.560  0.9483  1.0079
 4744.580  0.9508  1.0072
 4744.600  0.9549  1.0047
 4744.620  0.9594  1.0004
 4744.640  0.9626  0.9948
 4744.660  0.9640  0.9891
 4744.680  0.9642  0.9849
 4744.700  0.9641  0.9837
 4744.720  0.9645  0.9861
 4744.740  0.9664  0.9916
 4744.760  0.9700  0.9987
 4744.780  0.9741  1.0050
 4744.800  0.9768  1.0082
 4744.820  0.9767  1.0072
 4744.840  0.9736  1.0021
 4744.860  0.9678  0.9946
 4744.880  0.9604  0.9872
 4744.900  0.9533  0.9824
 4744.920  0.9486  0.9816
 4744.940  0.9466  0.9848
 4744.960  0.9465  0.9905
 4744.980  0.9471  0.9966
 4745.000  0.9478  1.0014
 4745.020  0.9478  1.0040
 4745.040  0.9473  1.0048
 4745.060  0.9472  1.0048
 4745.080  0.9491  1.0050
 4745.100  0.9534  1.0058
 4745.120  0.9593  1.0064
 4745.140  0.9655  1.0057
 4745.160  0.9708  1.0028
 4745.180  0.9738  0.9977
 4745.200  0.9732  0.9914
 4745.220  0.9697  0.9861
 4745.240  0.9648  0.9838
 4745.260  0.9601  0.9856
 4745.280  0.9560  0.9912
 4745.300  0.9530  0.9987
 4745.320  0.9513  1.0058
 4745.340  0.9503  1.0103
 4745.360  0.9495  1.0115
 4745.380  0.9486  1.0101
 4745.400  0.9483  1.0077
 4745.420  0.9491  1.0063
 4745.440  0.9506  1.0068
 4745.460  0.9520  1.0090
 4745.480  0.9529  1.0116
 4745.500  0.9526  1.0130
 4745.520  0.9505  1.0123
 4745.540  0.9468  1.0098
 4745.560  0.9429  1.0067
 4745.580  0.9404  1.0046
 4745.600  0.9400  1.0047
 4745.620  0.9420  1.0067
 4745.640  0.9459  1.0092
 4745.660  0.9507  1.0101
 4745.680  0.9544  1.0079
 4745.700  0.9554  1.0024
 4745.720  0.9535  0.9948
 4745.740  0.9495  0.9876
 4745.760  0.9442  0.9832
 4745.780  0.9391  0.9831
 4745.800  0.9359  0.9871
 4745.820  0.9355  0.9935
 4745.840  0.9378  1.0001
 4745.860  0.9419  1.0047
 4745.880  0.9465  1.0066
 4745.900  0.9504  1.0062
 4745.920  0.9522  1.0050
 4745.940  0.9510  1.0043
 4745.960  0.9471  1.0051
 4745.980  0.9416  1.0071
 4746.000  0.9359  1.0092
 4746.020  0.9316  1.0104
 4746.040  0.9300  1.0100
 4746.060  0.9311  1.0084
 4746.080  0.9341  1.0065
 4746.100  0.9373  1.0056
 4746.120  0.9383  1.0063
 4746.140  0.9359  1.0081
 4746.160  0.9303  1.0100
 4746.180  0.9225  1.0104
 4746.200  0.9143  1.0081
 4746.220  0.9080  1.0031
 4746.240  0.9054  0.9966
 4746.260  0.9062  0.9905
 4746.280  0.9085  0.9865
 4746.300  0.9100  0.9860
 4746.320  0.9086  0.9889
 4746.340  0.9029  0.9939
 4746.360  0.8929  0.9993
 4746.380  0.8802  1.0033
 4746.400  0.8672  1.0051
 4746.420  0.8555  1.0044
 4746.440  0.8457  1.0022
 4746.460  0.8374  0.9995
 4746.480  0.8297  0.9975
 4746.500  0.8215  0.9968
 4746.520  0.8118  0.9975
 4746.540  0.8007  0.9992
 4746.560  0.7890  1.0013
 4746.580  0.7776  1.0033
 4746.600  0.7673  1.0048
 4746.620  0.7583  1.0056
 4746.640  0.7512  1.0055
 4746.660  0.7465  1.0044
 4746.680  0.7448  1.0023
 4746.700  0.7468  0.9990
 4746.720  0.7532  0.9949
 4746.740  0.7641  0.9906
 4746.760  0.7778  0.9868
 4746.780  0.7915  0.9845
 4746.800  0.8022  0.9845
 4746.820  0.8080  0.9872
 4746.840  0.8082  0.9923
 4746.860  0.8040  0.9986
 4746.880  0.7985  1.0046
 4746.900  0.7956  1.0084
 4746.920  0.7978  1.0082
 4746.940  0.8057  1.0033
 4746.960  0.8183  0.9940
 4746.980  0.8333  0.9818
 4747.000  0.8479  0.9692
 4747.020  0.8592  0.9592
 4747.040  0.8666  0.9542
 4747.060  0.8711  0.9553
 4747.080  0.8746  0.9624
 4747.100  0.8786  0.9735
 4747.120  0.8841  0.9859
 4747.140  0.8915  0.9967
 4747.160  0.9002  1.0037
 4747.180  0.9088  1.0060
 4747.200  0.9165  1.0042
 4747.220  0.9232  0.9997
 4747.240  0.9288  0.9946
 4747.260  0.9330  0.9905
 4747.280  0.9356  0.9885
 4747.300  0.9366  0.9887
 4747.320  0.9363  0.9905
 4747.340  0.9349  0.9934
 4747.360  0.9335  0.9966
 4747.380  0.9335  0.9997
 4747.400  0.9365  1.0023
 4747.420  0.9424  1.0045
 4747.440  0.9504  1.0061
 4747.460  0.9584  1.0069
 4747.480  0.9647  1.0067
 4747.500  0.9670  1.0056
 4747.520  0.9643  1.0040
 4747.540  0.9573  1.0023
 4747.560  0.9482  1.0012
 4747.580  0.9391  1.0009
 4747.600  0.9317  1.0014
 4747.620  0.9270  1.0025
 4747.640  0.9256  1.0033
 4747.660  0.9269  1.0034
 4747.680  0.9299  1.0024
 4747.700  0.9341  1.0004
 4747.720  0.9390  0.9980
 4747.740  0.9444  0.9960
 4747.760  0.9493  0.9949
 4747.780  0.9527  0.9954
 4747.800  0.9541  0.9972
 4747.820  0.9533  1.0001
 4747.840  0.9509  1.0033
 4747.860  0.9480  1.0063
 4747.880  0.9464  1.0085
 4747.900  0.9474  1.0096
 4747.920  0.9510  1.0097
 4747.940  0.9555  1.0089
 4747.960  0.9590  1.0079
 4747.980  0.9595  1.0070
 4748.000  0.9557  1.0067
 4748.020  0.9478  1.0072
 4748.040  0.9384  1.0082
 4748.060  0.9310  1.0096
 4748.080  0.9280  1.0106
 4748.100  0.9304  1.0107
 4748.120  0.9377  1.0095
 4748.140  0.9481  1.0068
 4748.160  0.9584  1.0031
 4748.180  0.9662  0.9991
 4748.200  0.9704  0.9954
 4748.220  0.9718  0.9931
 4748.240  0.9715  0.9924
 4748.260  0.9704  0.9936
 4748.280  0.9695  0.9963
 4748.300  0.9687  1.0000
 4748.320  0.9675  1.0039
 4748.340  0.9652  1.0075
 4748.360  0.9621  1.0100
 4748.380  0.9596  1.0111
 4748.400  0.9592  1.0107
 4748.420  0.9616  1.0092
 4748.440  0.9667  1.0068
 4748.460  0.9735  1.0044
 4748.480  0.9798  1.0027
 4748.500  0.9832  1.0021
 4748.520  0.9826  1.0029
 4748.540  0.9787  1.0045
 4748.560  0.9733  1.0063
 4748.580  0.9685  1.0073
 4748.600  0.9663  1.0070
 4748.620  0.9676  1.0051
 4748.640  0.9718  1.0021
 4748.660  0.9772  0.9989
 4748.680  0.9817  0.9966
 4748.700  0.9842  0.9960
 4748.720  0.9841  0.9972
 4748.740  0.9820  0.9997
 4748.760  0.9787  1.0026
 4748.780  0.9753  1.0048
 4748.800  0.9727  1.0057
 4748.820  0.9711  1.0053
 4748.840  0.9706  1.0041
 4748.860  0.9709  1.0030
 4748.880  0.9722  1.0027
 4748.900  0.9743  1.0037
 4748.920  0.9765  1.0058
 4748.940  0.9777  1.0082
 4748.960  0.9772  1.0103
 4748.980  0.9746  1.0112
 4749.000  0.9699  1.0106
 4749.020  0.9640  1.0086
 4749.040  0.9590  1.0056
 4749.060  0.9570  1.0022
 4749.080  0.9592  0.9993
 4749.100  0.9653  0.9972
 4749.120  0.9740  0.9964
 4749.140  0.9831  0.9968
 4749.160  0.9900  0.9984
 4749.180  0.9929  1.0008
 4749.200  0.9919  1.0035
 4749.220  0.9883  1.0059
 4749.240  0.9838  1.0073
 4749.260  0.9797  1.0074
 4749.280  0.9769  1.0060
 4749.300  0.9753  1.0035
 4749.320  0.9739  1.0003
 4749.340  0.9718  0.9971
 4749.360  0.9688  0.9944
 4749.380  0.9657  0.9922
 4749.400  0.9635  0.9903
 4749.420  0.9629  0.9883
 4749.440  0.9643  0.9855
 4749.460  0.9670  0.9820
 4749.480  0.9697  0.9778
 4749.500  0.9706  0.9735
 4749.520  0.9690  0.9699
 4749.540  0.9650  0.9680
 4749.560  0.9597  0.9682
 4749.580  0.9542  0.9708
 4749.600  0.9495  0.9753
 4749.620  0.9465  0.9812
 4749.640  0.9449  0.9875
 4749.660  0.9438  0.9935
 4749.680  0.9430  0.9984
 4749.700  0.9427  1.0020
 4749.720  0.9434  1.0041
 4749.740  0.9456  1.0051
 4749.760  0.9492  1.0054
 4749.780  0.9539  1.0055
 4749.800  0.9586  1.0057
 4749.820  0.9616  1.0061
 4749.840  0.9622  1.0065
 4749.860  0.9607  1.0064
 4749.880  0.9584  1.0056
 4749.900  0.9568  1.0038
 4749.920  0.9570  1.0013
 4749.940  0.9597  0.9988
 4749.960  0.9642  0.9972
 4749.980  0.9682  0.9970
 4750.000  0.9696  0.9985
 4750.020  0.9674  1.0012
 4750.040  0.9616  1.0044
 4750.060  0.9538  1.0069
 4750.080  0.9463  1.0081
 4750.100  0.9421  1.0078
 4750.120  0.9428  1.0065
 4750.140  0.9481  1.0049
 4750.160  0.9564  1.0038
 4750.180  0.9656  1.0034
 4750.200  0.9730  1.0034
 4750.220  0.9768  1.0032
 4750.240  0.9767  1.0019
 4750.260  0.9739  0.9991
 4750.280  0.9700  0.9949
 4750.300  0.9667  0.9902
 4750.320  0.9653  0.9861
 4750.340  0.9666  0.9833
 4750.360  0.9697  0.9824
 4750.380  0.9734  0.9832
 4750.400  0.9768  0.9850
 4750.420  0.9795  0.9873
 4750.440  0.9813  0.9894
 4750.460  0.9825  0.9914
 4750.480  0.9836  0.9931
 4750.500  0.9852  0.9944
 4750.520  0.9869  0.9948
 4750.540  0.9877  0.9933
 4750.560  0.9871  0.9890
 4750.580  0.9845  0.9812
 4750.600  0.9800  0.9703
 4750.620  0.9741  0.9576
 4750.640  0.9690  0.9456
 4750.660  0.9669  0.9367
 4750.680  0.9690  0.9332
 4750.700  0.9751  0.9358
 4750.720  0.9841  0.9440
 4750.740  0.9937  0.9559
 4750.760  1.0005  0.9690
 4750.780  1.0025  0.9809
 4750.800  0.9996  0.9900
 4750.820  0.9930  0.9957
 4750.840  0.9845  0.9985
 4750.860  0.9765  0.9996
 4750.880  0.9712  1.0001
 4750.900  0.9694  1.0008
 4750.920  0.9700  1.0021
 4750.940  0.9714  1.0037
 4750.960  0.9723  1.0052
 4750.980  0.9717  1.0061
 4751.000  0.9692  1.0059
 4751.020  0.9657  1.0046
 4751.040  0.9624  1.0025
 4751.060  0.9604  1.0000
 4751.080  0.9595  0.9975
 4751.100  0.9592  0.9957
 4751.120  0.9591  0.9951
 4751.140  0.9589  0.9956
 4751.160  0.9587  0.9973
 4751.180  0.9588  0.9996
 4751.200  0.9600  1.0021
 4751.220  0.9625  1.0040
 4751.240  0.9655  1.0052
 4751.260  0.9677  1.0055
 4751.280  0.9678  1.0053
 4751.300  0.9658  1.0049
 4751.320  0.9622  1.0047
 4751.340  0.9585  1.0050
 4751.360  0.9565  1.0055
 4751.380  0.9578  1.0060
 4751.400  0.9625  1.0060
 4751.420  0.9688  1.0055
 4751.440  0.9746  1.0046
 4751.460  0.9782  1.0035
 4751.480  0.9785  1.0029
 4751.500  0.9758  1.0029
 4751.520  0.9718  1.0038
 4751.540  0.9690  1.0051
 4751.560  0.9687  1.0065
 4751.580  0.9707  1.0074
 4751.600  0.9735  1.0076
 4751.620  0.9756  1.0070
 4751.640  0.9754  1.0060
 4751.660  0.9722  1.0049
 4751.680  0.9670  1.0043
 4751.700  0.9622  1.0043
 4751.720  0.9599  1.0050
 4751.740  0.9606  1.0060
 4751.760  0.9638  1.0068
 4751.780  0.9684  1.0066
 4751.800  0.9723  1.0050
 4751.820  0.9739  1.0017
 4751.840  0.9729  0.9967
 4751.860  0.9704  0.9908
 4751.880  0.9681  0.9850
 4751.900  0.9671  0.9805
 4751.920  0.9676  0.9785
 4751.940  0.9694  0.9793
 4751.960  0.9714  0.9829
 4751.980  0.9721  0.9881
 4752.000  0.9712  0.9936
 4752.020  0.9694  0.9980
 4752.040  0.9681  1.0004
 4752.060  0.9679  1.0008
 4752.080  0.9691  0.9998
 4752.100  0.9710  0.9984
 4752.120  0.9726  0.9977
 4752.140  0.9721  0.9981
 4752.160  0.9689  0.9996
 4752.180  0.9636  1.0016
 4752.200  0.9577  1.0032
 4752.220  0.9526  1.0040
 4752.240  0.9495  1.0040
 4752.260  0.9488  1.0037
 4752.280  0.9503  1.0037
 4752.300  0.9529  1.0044
 4752.320  0.9556  1.0058
 4752.340  0.9584  1.0073
 4752.360  0.9614  1.0084
 4752.380  0.9654  1.0085
 4752.400  0.9704  1.0075
 4752.420  0.9762  1.0059
 4752.440  0.9821  1.0045
 4752.460  0.9868  1.0039
 4752.480  0.9894  1.0044
 4752.500  0.9894  1.0058
 4752.520  0.9878  1.0075
 4752.540  0.9855  1.0089
 4752.560  0.9834  1.0096
 4752.580  0.9819  1.0096
 4752.600  0.9808  1.0091
 4752.620  0.9796  1.0084
 4752.640  0.9773  1.0079
 4752.660  0.9737  1.0075
 4752.680  0.9695  1.0069
 4752.700  0.9658  1.0060
 4752.720  0.9637  1.0049
 4752.740  0.9637  1.0037
 4752.760  0.9660  1.0030
 4752.780  0.9700  1.0028
 4752.800  0.9746  1.0032
 4752.820  0.9789  1.0036
 4752.840  0.9825  1.0034
 4752.860  0.9854  1.0024
 4752.880  0.9877  1.0005
 4752.900  0.9894  0.9985
 4752.920  0.9904  0.9973
 4752.940  0.9903  0.9974
 4752.960  0.9888  0.9991
 4752.980 -1.0000  1.0017
 4753.000 -1.0000  1.0044
 4722.000  0.0000        
 4722.020  0.0000        
 4722.040  0.0007        
 4722.060  0.0054        
 4722.080  0.0107        
 4722.100  0.0152        
 4722.120  0.0176        
 4722.140  0.0174        
 4722.160  0.0147        
 4722.180  0.0105        
 4722.200  0.0066        
 4722.220  0.0046        
 4722.240  0.0046        
 4722.260  0.0059        
 4722.280  0.0074        
 4722.300  0.0081        
 4722.320  0.0075        
 4722.340  0.0059        
 4722.360  0.0045        
 4722.380  0.0048        
 4722.400  0.0075        
 4722.420  0.0117        
 4722.440  0.0164        
 4722.460  0.0202        
 4722.480  0.0215        
 4722.500  0.0199        
 4722.520  0.0160        
 4722.540  0.0114        
 4722.560  0.0075        
 4722.580  0.0048        
 4722.600  0.0037        
 4722.620  0.0038        
 4722.640  0.0045        
 4722.660  0.0050        
 4722.680  0.0053        
 4722.700  0.0058        
 4722.720  0.0069        
 4722.740  0.0082        
 4722.760  0.0093        
 4722.780  0.0096        
 4722.800  0.0087        
 4722.820  0.0065        
 4722.840  0.0035        
 4722.860  0.0008        
 4722.880 -0.0009        
 4722.900 -0.0015        
 4722.920 -0.0015        
 4722.940 -0.0018        
 4722.960 -0.0027        
 4722.980 -0.0042        
 4723.000 -0.0059        
 4723.020 -0.0065        
 4723.040 -0.0048        
 4723.060 -0.0008        
 4723.080  0.0043        
 4723.100  0.0087        
 4723.120  0.0109        
 4723.140  0.0099        
 4723.160  0.0057        
 4723.180  0.0000        
 4723.200 -0.0042        
 4723.220 -0.0052        
 4723.240 -0.0027        
 4723.260  0.0021        
 4723.280  0.0070        
 4723.300  0.0096        
 4723.320  0.0079        
 4723.340  0.0023        
 4723.360 -0.0048        
 4723.380 -0.0106        
 4723.400 -0.0129        
 4723.420 -0.0107        
 4723.440 -0.0045        
 4723.460  0.0033        
 4723.480  0.0094        
 4723.500  0.0119        
 4723.520  0.0106        
 4723.540  0.0067        
 4723.560  0.0019        
 4723.580 -0.0020        
 4723.600 -0.0036        
 4723.620 -0.0030        
 4723.640 -0.0014        
 4723.660 -0.0002        
 4723.680  0.0002        
 4723.700  0.0001        
 4723.720 -0.0001        
 4723.740  0.0003        
 4723.760  0.0019        
 4723.780  0.0042        
 4723.800  0.0063        
 4723.820  0.0070        
 4723.840  0.0060        
 4723.860  0.0038        
 4723.880  0.0015        
 4723.900  0.0000        
 4723.920  0.0002        
 4723.940  0.0024        
 4723.960  0.0055        
 4723.980  0.0080        
 4724.000  0.0090        
 4724.020  0.0084        
 4724.040  0.0064        
 4724.060  0.0039        
 4724.080  0.0019        
 4724.100  0.0013        
 4724.120  0.0020        
 4724.140  0.0032        
 4724.160  0.0043        
 4724.180  0.0053        
 4724.200  0.0064        
 4724.220  0.0078        
 4724.240  0.0097        
 4724.260  0.0121        
 4724.280  0.0142        
 4724.300  0.0145        
 4724.320  0.0122        
 4724.340  0.0074        
 4724.360  0.0013        
 4724.380 -0.0043        
 4724.400 -0.0076        
 4724.420 -0.0073        
 4724.440 -0.0032        
 4724.460  0.0029        
 4724.480  0.0085        
 4724.500  0.0116        
 4724.520  0.0110        
 4724.540  0.0068        
 4724.560  0.0004        
 4724.580 -0.0059        
 4724.600 -0.0099        
 4724.620 -0.0110        
 4724.640 -0.0097        
 4724.660 -0.0072        
 4724.680 -0.0050        
 4724.700 -0.0043        
 4724.720 -0.0054        
 4724.740 -0.0073        
 4724.760 -0.0087        
 4724.780 -0.0087        
 4724.800 -0.0074        
 4724.820 -0.0049        
 4724.840 -0.0025        
 4724.860 -0.0015        
 4724.880 -0.0024        
 4724.900 -0.0048        
 4724.920 -0.0076        
 4724.940 -0.0095        
 4724.960 -0.0094        
 4724.980 -0.0068        
 4725.000 -0.0020        
 4725.020  0.0039        
 4725.040  0.0095        
 4725.060  0.0140        
 4725.080  0.0169        
 4725.100  0.0179        
 4725.120  0.0174        
 4725.140  0.0158        
 4725.160  0.0134        
 4725.180  0.0104        
 4725.200  0.0071        
 4725.220  0.0036        
 4725.240  0.0005        
 4725.260 -0.0018        
 4725.280 -0.0031        
 4725.300 -0.0035        
 4725.320 -0.0030        
 4725.340 -0.0022        
 4725.360 -0.0016        
 4725.380 -0.0015        
 4725.400 -0.0016        
 4725.420 -0.0014        
 4725.440 -0.0003        
 4725.460  0.0018        
 4725.480  0.0048        
 4725.500  0.0078        
 4725.520  0.0098        
 4725.540  0.0098        
 4725.560  0.0081        
 4725.580  0.0053        
 4725.600  0.0027        
 4725.620  0.0018        
 4725.640  0.0038        
 4725.660  0.0083        
 4725.680  0.0139        
 4725.700  0.0186        
 4725.720  0.0204        
 4725.740  0.0182        
 4725.760  0.0120        
 4725.780  0.0035        
 4725.800 -0.0043        
 4725.820 -0.0090        
 4725.840 -0.0090        
 4725.860 -0.0041        
 4725.880  0.0043        
 4725.900  0.0132        
 4725.920  0.0199        
 4725.940  0.0226        
 4725.960  0.0209        
 4725.980  0.0154        
 4726.000  0.0080        
 4726.020  0.0009        
 4726.040 -0.0041        
 4726.060 -0.0063        
 4726.080 -0.0060        
 4726.100 -0.0039        
 4726.120 -0.0010        
 4726.140  0.0017        
 4726.160  0.0038        
 4726.180  0.0054        
 4726.200  0.0069        
 4726.220  0.0087        
 4726.240  0.0110        
 4726.260  0.0138        
 4726.280  0.0170        
 4726.300  0.0198        
 4726.320  0.0215        
 4726.340  0.0214        
 4726.360  0.0188        
 4726.380  0.0138        
 4726.400  0.0070        
 4726.420 -0.0007        
 4726.440 -0.0077        
 4726.460 -0.0124        
 4726.480 -0.0136        
 4726.500 -0.0113        
 4726.520 -0.0064        
 4726.540 -0.0004        
 4726.560  0.0050        
 4726.580  0.0082        
 4726.600  0.0089        
 4726.620  0.0077        
 4726.640  0.0057        
 4726.660  0.0040        
 4726.680  0.0034        
 4726.700  0.0041        
 4726.720  0.0058        
 4726.740  0.0074        
 4726.760  0.0086        
 4726.780  0.0093        
 4726.800  0.0100        
 4726.820  0.0111        
 4726.840  0.0127        
 4726.860  0.0146        
 4726.880  0.0164        
 4726.900  0.0169        
 4726.920  0.0158        
 4726.940  0.0136        
 4726.960  0.0111        
 4726.980  0.0092        
 4727.000  0.0086        
 4727.020  0.0092        
 4727.040  0.0106        
 4727.060  0.0115        
 4727.080  0.0105        
 4727.100  0.0076        
 4727.120  0.0036        
 4727.140 -0.0005        
 4727.160 -0.0034        
 4727.180 -0.0042        
 4727.200 -0.0025        
 4727.220  0.0008        
 4727.240  0.0042        
 4727.260  0.0068        
 4727.280  0.0085        
 4727.300  0.0093        
 4727.320  0.0099        
 4727.340  0.0109        
 4727.360  0.0124        
 4727.380  0.0138        
 4727.400  0.0139        
 4727.420  0.0122        
 4727.440  0.0090        
 4727.460  0.0049        
 4727.480  0.0013        
 4727.500 -0.0007        
 4727.520 -0.0005        
 4727.540  0.0018        
 4727.560  0.0048        
 4727.580  0.0070        
 4727.600  0.0080        
 4727.620  0.0078        
 4727.640  0.0070        
 4727.660  0.0063        
 4727.680  0.0067        
 4727.700  0.0082        
 4727.720  0.0101        
 4727.740  0.0111        
 4727.760  0.0107        
 4727.780  0.0088        
 4727.800  0.0058        
 4727.820  0.0025        
 4727.840 -0.0002        
 4727.860 -0.0019        
 4727.880 -0.0030        
 4727.900 -0.0040        
 4727.920 -0.0052        
 4727.940 -0.0058        
 4727.960 -0.0051        
 4727.980 -0.0028        
 4728.000  0.0012        
 4728.020  0.0061        
 4728.040  0.0100        
 4728.060  0.0106        
 4728.080  0.0070        
 4728.100  0.0003        
 4728.120 -0.0068        
 4728.140 -0.0117        
 4728.160 -0.0121        
 4728.180 -0.0067        
 4728.200  0.0028        
 4728.220  0.0126        
 4728.240  0.0185        
 4728.260  0.0185        
 4728.280  0.0128        
 4728.300  0.0036        
 4728.320 -0.0056        
 4728.340 -0.0105        
 4728.360 -0.0092        
 4728.380 -0.0031        
 4728.400  0.0042        
 4728.420  0.0097        
 4728.440  0.0113        
 4728.460  0.0082        
 4728.480  0.0021        
 4728.500 -0.0032        
 4728.520 -0.0045        
 4728.540 -0.0015        
 4728.560  0.0043        
 4728.580  0.0102        
 4728.600  0.0137        
 4728.620  0.0129        
 4728.640  0.0081        
 4728.660  0.0024        
 4728.680 -0.0012        
 4728.700 -0.0011        
 4728.720  0.0023        
 4728.740  0.0074        
 4728.760  0.0117        
 4728.780  0.0125        
 4728.800  0.0085        
 4728.820  0.0014        
 4728.840 -0.0060        
 4728.860 -0.0114        
 4728.880 -0.0136        
 4728.900 -0.0124        
 4728.920 -0.0090        
 4728.940 -0.0055        
 4728.960 -0.0036        
 4728.980 -0.0035        
 4729.000 -0.0040        
 4729.020 -0.0039        
 4729.040 -0.0026        
 4729.060  0.0000        
 4729.080  0.0034        
 4729.100  0.0066        
 4729.120  0.0085        
 4729.140  0.0093        
 4729.160  0.0100        
 4729.180  0.0118        
 4729.200  0.0147        
 4729.220  0.0181        
 4729.240  0.0209        
 4729.260  0.0218        
 4729.280  0.0197        
 4729.300  0.0148        
 4729.320  0.0089        
 4729.340  0.0046        
 4729.360  0.0030        
 4729.380  0.0044        
 4729.400  0.0079        
 4729.420  0.0118        
 4729.440  0.0138        
 4729.460  0.0127        
 4729.480  0.0090        
 4729.500  0.0043        
 4729.520  0.0002        
 4729.540 -0.0024        
 4729.560 -0.0035        
 4729.580 -0.0037        
 4729.600 -0.0042        
 4729.620 -0.0059        
 4729.640 -0.0084        
 4729.660 -0.0100        
 4729.680 -0.0091        
 4729.700 -0.0056        
 4729.720  0.0001        
 4729.740  0.0065        
 4729.760  0.0113        
 4729.780  0.0125        
 4729.800  0.0098        
 4729.820  0.0049        
 4729.840  0.0003        
 4729.860 -0.0021        
 4729.880 -0.0013        
 4729.900  0.0025        
 4729.920  0.0075        
 4729.940  0.0111        
 4729.960  0.0114        
 4729.980  0.0087        
 4730.000  0.0045        
 4730.020  0.0007        
 4730.040 -0.0012        
 4730.060 -0.0002        
 4730.080  0.0032        
 4730.100  0.0070        
 4730.120  0.0093        
 4730.140  0.0097        
 4730.160  0.0091        
 4730.180  0.0085        
 4730.200  0.0093        
 4730.220  0.0124        
 4730.240  0.0172        
 4730.260  0.0214        
 4730.280  0.0225        
 4730.300  0.0192        
 4730.320  0.0120        
 4730.340  0.0025        
 4730.360 -0.0068        
 4730.380 -0.0130        
 4730.400 -0.0140        
 4730.420 -0.0101        
 4730.440 -0.0031        
 4730.460  0.0048        
 4730.480  0.0112        
 4730.500  0.0142        
 4730.520  0.0136        
 4730.540  0.0104        
 4730.560  0.0060        
 4730.580  0.0018        
 4730.600 -0.0013        
 4730.620 -0.0028        
 4730.640 -0.0029        
 4730.660 -0.0021        
 4730.680 -0.0009        
 4730.700  0.0005        
 4730.720  0.0021        
 4730.740  0.0037        
 4730.760  0.0051        
 4730.780  0.0063        
 4730.800  0.0071        
 4730.820  0.0073        
 4730.840  0.0069        
 4730.860  0.0059        
 4730.880  0.0044        
 4730.900  0.0027        
 4730.920  0.0011        
 4730.940 -0.0002        
 4730.960 -0.0010        
 4730.980 -0.0011        
 4731.000 -0.0004        
 4731.020  0.0005        
 4731.040  0.0012        
 4731.060  0.0011        
 4731.080  0.0000        
 4731.100 -0.0021        
 4731.120 -0.0046        
 4731.140 -0.0066        
 4731.160 -0.0071        
 4731.180 -0.0057        
 4731.200 -0.0028        
 4731.220  0.0007        
 4731.240  0.0035        
 4731.260  0.0044        
 4731.280  0.0025        
 4731.300 -0.0017        
 4731.320 -0.0068        
 4731.340 -0.0114        
 4731.360 -0.0141        
 4731.380 -0.0140        
 4731.400 -0.0110        
 4731.420 -0.0060        
 4731.440 -0.0005        
 4731.460  0.0042        
 4731.480  0.0070        
 4731.500  0.0073        
 4731.520  0.0052        
 4731.540  0.0013        
 4731.560 -0.0035        
 4731.580 -0.0083        
 4731.600 -0.0118        
 4731.620 -0.0133        
 4731.640 -0.0119        
 4731.660 -0.0075        
 4731.680 -0.0006        
 4731.700  0.0075        
 4731.720  0.0152        
 4731.740  0.0210        
 4731.760  0.0237        
 4731.780  0.0229        
 4731.800  0.0194        
 4731.820  0.0148        
 4731.840  0.0107        
 4731.860  0.0079        
 4731.880  0.0069        
 4731.900  0.0074        
 4731.920  0.0081        
 4731.940  0.0077        
 4731.960  0.0060        
 4731.980  0.0034        
 4732.000  0.0008        
 4732.020 -0.0006        
 4732.040  0.0002        
 4732.060  0.0036        
 4732.080  0.0087        
 4732.100  0.0142        
 4732.120  0.0188        
 4732.140  0.0217        
 4732.160  0.0229        
 4732.180  0.0227        
 4732.200  0.0225        
 4732.220  0.0232        
 4732.240  0.0248        
 4732.260  0.0263        
 4732.280  0.0270        
 4732.300  0.0256        
 4732.320  0.0216        
 4732.340  0.0154        
 4732.360  0.0087        
 4732.380  0.0035        
 4732.400  0.0012        
 4732.420  0.0024        
 4732.440  0.0066        
 4732.460  0.0123        
 4732.480  0.0170        
 4732.500  0.0189        
 4732.520  0.0178        
 4732.540  0.0145        
 4732.560  0.0105        
 4732.580  0.0077        
 4732.600  0.0073        
 4732.620  0.0093        
 4732.640  0.0119        
 4732.660  0.0131        
 4732.680  0.0119        
 4732.700  0.0083        
 4732.720  0.0034        
 4732.740 -0.0005        
 4732.760 -0.0005        
 4732.780  0.0045        
 4732.800  0.0133        
 4732.820  0.0232        
 4732.840  0.0309        
 4732.860  0.0331        
 4732.880  0.0282        
 4732.900  0.0172        
 4732.920  0.0038        
 4732.940 -0.0079        
 4732.960 -0.0153        
 4732.980 -0.0169        
 4733.000 -0.0132        
 4733.020 -0.0067        
 4733.040 -0.0008        
 4733.060  0.0025        
 4733.080  0.0033        
 4733.100  0.0028        
 4733.120  0.0025        
 4733.140  0.0038        
 4733.160  0.0073        
 4733.180  0.0118        
 4733.200  0.0146        
 4733.220  0.0142        
 4733.240  0.0105        
 4733.260  0.0045        
 4733.280 -0.0020        
 4733.300 -0.0065        
 4733.320 -0.0075        
 4733.340 -0.0050        
 4733.360 -0.0008        
 4733.380  0.0029        
 4733.400  0.0047        
 4733.420  0.0040        
 4733.440  0.0009        
 4733.460 -0.0035        
 4733.480 -0.0079        
 4733.500 -0.0114        
 4733.520 -0.0141        
 4733.540 -0.0165        
 4733.560 -0.0184        
 4733.580 -0.0188        
 4733.600 -0.0168        
 4733.620 -0.0116        
 4733.640 -0.0031        
 4733.660  0.0075        
 4733.680  0.0173        
 4733.700  0.0232        
 4733.720  0.0235        
 4733.740  0.0188        
 4733.760  0.0110        
 4733.780  0.0024        
 4733.800 -0.0040        
 4733.820 -0.0062        
 4733.840 -0.0043        
 4733.860 -0.0004        
 4733.880  0.0033        
 4733.900  0.0053        
 4733.920  0.0048        
 4733.940  0.0021        
 4733.960 -0.0010        
 4733.980 -0.0028        
 4734.000 -0.0025        
 4734.020 -0.0006        
 4734.040  0.0019        
 4734.060  0.0043        
 4734.080  0.0061        
 4734.100  0.0074        
 4734.120  0.0088        
 4734.140  0.0108        
 4734.160  0.0136        
 4734.180  0.0157        
 4734.200  0.0158        
 4734.220  0.0131        
 4734.240  0.0084        
 4734.260  0.0033        
 4734.280 -0.0004        
 4734.300 -0.0005        
 4734.320  0.0036        
 4734.340  0.0101        
 4734.360  0.0156        
 4734.380  0.0171        
 4734.400  0.0136        
 4734.420  0.0057        
 4734.440 -0.0043        
 4734.460 -0.0120        
 4734.480 -0.0138        
 4734.500 -0.0088        
 4734.520  0.0009        
 4734.540  0.0120        
 4734.560  0.0208        
 4734.580  0.0245        
 4734.600  0.0221        
 4734.620  0.0158        
 4734.640  0.0093        
 4734.660  0.0055        
 4734.680  0.0049        
 4734.700  0.0070        
 4734.720  0.0096        
 4734.740  0.0099        
 4734.760  0.0062        
 4734.780 -0.0008        
 4734.800 -0.0081        
 4734.820 -0.0129        
 4734.840 -0.0134        
 4734.860 -0.0092        
 4734.880 -0.0015        
 4734.900  0.0064        
 4734.920  0.0112        
 4734.940  0.0114        
 4734.960  0.0079        
 4734.980  0.0026        
 4735.000 -0.0022        
 4735.020 -0.0039        
 4735.040 -0.0009        
 4735.060  0.0057        
 4735.080  0.0139        
 4735.100  0.0213        
 4735.120  0.0262        
 4735.140  0.0273        
 4735.160  0.0241        
 4735.180  0.0175        
 4735.200  0.0089        
 4735.220  0.0003        
 4735.240 -0.0062        
 4735.260 -0.0094        
 4735.280 -0.0091        
 4735.300 -0.0066        
 4735.320 -0.0031        
 4735.340  0.0001        
 4735.360  0.0024        
 4735.380  0.0033        
 4735.400  0.0034        
 4735.420  0.0033        
 4735.440  0.0036        
 4735.460  0.0051        
 4735.480  0.0078        
 4735.500  0.0113        
 4735.520  0.0144        
 4735.540  0.0164        
 4735.560  0.0170        
 4735.580  0.0164        
 4735.600  0.0152        
 4735.620  0.0143        
 4735.640  0.0144        
 4735.660  0.0151        
 4735.680  0.0154        
 4735.700  0.0142        
 4735.720  0.0111        
 4735.740  0.0063        
 4735.760  0.0007        
 4735.780 -0.0039        
 4735.800 -0.0060        
 4735.820 -0.0048        
 4735.840 -0.0015        
 4735.860  0.0023        
 4735.880  0.0049        
 4735.900  0.0052        
 4735.920  0.0028        
 4735.940 -0.0013        
 4735.960 -0.0048        
 4735.980 -0.0058        
 4736.000 -0.0040        
 4736.020  0.0003        
 4736.040  0.0058        
 4736.060  0.0110        
 4736.080  0.0143        
 4736.100  0.0152        
 4736.120  0.0144        
 4736.140  0.0130        
 4736.160  0.0115        
 4736.180  0.0102        
 4736.200  0.0089        
 4736.220  0.0068        
 4736.240  0.0035        
 4736.260 -0.0013        
 4736.280 -0.0062        
 4736.300 -0.0097        
 4736.320 -0.0104        
 4736.340 -0.0076        
 4736.360 -0.0013        
 4736.380  0.0073        
 4736.400  0.0162        
 4736.420  0.0233        
 4736.440  0.0273        
 4736.460  0.0274        
 4736.480  0.0238        
 4736.500  0.0173        
 4736.520  0.0096        
 4736.540  0.0025        
 4736.560 -0.0026        
 4736.580 -0.0046        
 4736.600 -0.0035        
 4736.620 -0.0002        
 4736.640  0.0039        
 4736.660  0.0073        
 4736.680  0.0088        
 4736.700  0.0079        
 4736.720  0.0057        
 4736.740  0.0036        
 4736.760  0.0031        
 4736.780  0.0048        
 4736.800  0.0086        
 4736.820  0.0132        
 4736.840  0.0164        
 4736.860  0.0162        
 4736.880  0.0127        
 4736.900  0.0073        
 4736.920  0.0020        
 4736.940 -0.0012        
 4736.960 -0.0008        
 4736.980  0.0031        
 4737.000  0.0085        
 4737.020  0.0127        
 4737.040  0.0143        
 4737.060  0.0131        
 4737.080  0.0101        
 4737.100  0.0070        
 4737.120  0.0061        
 4737.140  0.0083        
 4737.160  0.0121        
 4737.180  0.0152        
 4737.200  0.0153        
 4737.220  0.0118        
 4737.240  0.0051        
 4737.260 -0.0028        
 4737.280 -0.0086        
 4737.300 -0.0098        
 4737.320 -0.0064        
 4737.340 -0.0007        
 4737.360  0.0046        
 4737.380  0.0073        
 4737.400  0.0060        
 4737.420  0.0015        
 4737.440 -0.0035        
 4737.460 -0.0055        
 4737.480 -0.0029        
 4737.500  0.0035        
 4737.520  0.0114        
 4737.540  0.0179        
 4737.560  0.0200        
 4737.580  0.0162        
 4737.600  0.0079        
 4737.620 -0.0012        
 4737.640 -0.0083        
 4737.660 -0.0116        
 4737.680 -0.0111        
 4737.700 -0.0076        
 4737.720 -0.0037        
 4737.740 -0.0016        
 4737.760 -0.0017        
 4737.780 -0.0026        
 4737.800 -0.0029        
 4737.820 -0.0018        
 4737.840  0.0006        
 4737.860  0.0038        
 4737.880  0.0060        
 4737.900  0.0055        
 4737.920  0.0023        
 4737.940 -0.0024        
 4737.960 -0.0064        
 4737.980 -0.0085        
 4738.000 -0.0082        
 4738.020 -0.0063        
 4738.040 -0.0041        
 4738.060 -0.0037        
 4738.080 -0.0059        
 4738.100 -0.0094        
 4738.120 -0.0119        
 4738.140 -0.0114        
 4738.160 -0.0072        
 4738.180  0.0005        
 4738.200  0.0097        
 4738.220  0.0174        
 4738.240  0.0208        
 4738.260  0.0196        
 4738.280  0.0152        
 4738.300  0.0097        
 4738.320  0.0053        
 4738.340  0.0036        
 4738.360  0.0048        
 4738.380  0.0072        
 4738.400  0.0081        
 4738.420  0.0066        
 4738.440  0.0027        
 4738.460 -0.0021        
 4738.480 -0.0059        
 4738.500 -0.0063        
 4738.520 -0.0022        
 4738.540  0.0052        
 4738.560  0.0134        
 4738.580  0.0199        
 4738.600  0.0232        
 4738.620  0.0228        
 4738.640  0.0193        
 4738.660  0.0144        
 4738.680  0.0098        
 4738.700  0.0067        
 4738.720  0.0053        
 4738.740  0.0053        
 4738.760  0.0062        
 4738.780  0.0074        
 4738.800  0.0085        
 4738.820  0.0093        
 4738.840  0.0097        
 4738.860  0.0093        
 4738.880  0.0080        
 4738.900  0.0054        
 4738.920  0.0020        
 4738.940 -0.0015        
 4738.960 -0.0041        
 4738.980 -0.0053        
 4739.000 -0.0049        
 4739.020 -0.0029        
 4739.040 -0.0005        
 4739.060  0.0012        
 4739.080  0.0017        
 4739.100  0.0014        
 4739.120  0.0010        
 4739.140  0.0016        
 4739.160  0.0039        
 4739.180  0.0081        
 4739.200  0.0130        
 4739.220  0.0170        
 4739.240  0.0184        
 4739.260  0.0170        
 4739.280  0.0129        
 4739.300  0.0073        
 4739.320  0.0018        
 4739.340 -0.0019        
 4739.360 -0.0034        
 4739.380 -0.0032        
 4739.400 -0.0024        
 4739.420 -0.0021        
 4739.440 -0.0029        
 4739.460 -0.0050        
 4739.480 -0.0076        
 4739.500 -0.0095        
 4739.520 -0.0099        
 4739.540 -0.0090        
 4739.560 -0.0073        
 4739.580 -0.0055        
 4739.600 -0.0046        
 4739.620 -0.0050        
 4739.640 -0.0063        
 4739.660 -0.0073        
 4739.680 -0.0071        
 4739.700 -0.0052        
 4739.720 -0.0023        
 4739.740  0.0009        
 4739.760  0.0033        
 4739.780  0.0038        
 4739.800  0.0023        
 4739.820 -0.0003        
 4739.840 -0.0027        
 4739.860 -0.0037        
 4739.880 -0.0026        
 4739.900  0.0009        
 4739.920  0.0056        
 4739.940  0.0099        
 4739.960  0.0125        
 4739.980  0.0128        
 4740.000  0.0109        
 4740.020  0.0076        
 4740.040  0.0045        
 4740.060  0.0029        
 4740.080  0.0034        
 4740.100  0.0055        
 4740.120  0.0084        
 4740.140  0.0109        
 4740.160  0.0116        
 4740.180  0.0101        
 4740.200  0.0071        
 4740.220  0.0039        
 4740.240  0.0016        
 4740.260  0.0010        
 4740.280  0.0025        
 4740.300  0.0057        
 4740.320  0.0096        
 4740.340  0.0130        
 4740.360  0.0154        
 4740.380  0.0167        
 4740.400  0.0170        
 4740.420  0.0167        
 4740.440  0.0162        
 4740.460  0.0156        
 4740.480  0.0146        
 4740.500  0.0127        
 4740.520  0.0101        
 4740.540  0.0071        
 4740.560  0.0043        
 4740.580  0.0024        
 4740.600  0.0018        
 4740.620  0.0029        
 4740.640  0.0051        
 4740.660  0.0079        
 4740.680  0.0105        
 4740.700  0.0124        
 4740.720  0.0137        
 4740.740  0.0142        
 4740.760  0.0143        
 4740.780  0.0142        
 4740.800  0.0139        
 4740.820  0.0132        
 4740.840  0.0118        
 4740.860  0.0099        
 4740.880  0.0078        
 4740.900  0.0059        
 4740.920  0.0044        
 4740.940  0.0035        
 4740.960  0.0029        
 4740.980  0.0022        
 4741.000  0.0009        
 4741.020 -0.0010        
 4741.040 -0.0026        
 4741.060 -0.0035        
 4741.080 -0.0028        
 4741.100 -0.0004        
 4741.120  0.0034        
 4741.140  0.0072        
 4741.160  0.0092        
 4741.180  0.0085        
 4741.200  0.0051        
 4741.220 -0.0003        
 4741.240 -0.0064        
 4741.260 -0.0111        
 4741.280 -0.0130        
 4741.300 -0.0117        
 4741.320 -0.0083        
 4741.340 -0.0038        
 4741.360  0.0004        
 4741.380  0.0033        
 4741.400  0.0046        
 4741.420  0.0050        
 4741.440  0.0054        
 4741.460  0.0062        
 4741.480  0.0077        
 4741.500  0.0095        
 4741.520  0.0114        
 4741.540  0.0129        
 4741.560  0.0139        
 4741.580  0.0149        
 4741.600  0.0166        
 4741.620  0.0191        
 4741.640  0.0220        
 4741.660  0.0247        
 4741.680  0.0260        
 4741.700  0.0251        
 4741.720  0.0215        
 4741.740  0.0155        
 4741.760  0.0086        
 4741.780  0.0021        
 4741.800 -0.0027        
 4741.820 -0.0053        
 4741.840 -0.0057        
 4741.860 -0.0045        
 4741.880 -0.0024        
 4741.900 -0.0001        
 4741.920  0.0020        
 4741.940  0.0037        
 4741.960  0.0049        
 4741.980  0.0057        
 4742.000  0.0063        
 4742.020  0.0069        
 4742.040  0.0080        
 4742.060  0.0097        
 4742.080  0.0120        
 4742.100  0.0145        
 4742.120  0.0166        
 4742.140  0.0172        
 4742.160  0.0154        
 4742.180  0.0113        
 4742.200  0.0057        
 4742.220  0.0000        
 4742.240 -0.0045        
 4742.260 -0.0059        
 4742.280 -0.0037        
 4742.300  0.0012        
 4742.320  0.0073        
 4742.340  0.0128        
 4742.360  0.0160        
 4742.380  0.0163        
 4742.400  0.0141        
 4742.420  0.0111        
 4742.440  0.0088        
 4742.460  0.0080        
 4742.480  0.0083        
 4742.500  0.0092        
 4742.520  0.0094        
 4742.540  0.0077        
 4742.560  0.0039        
 4742.580 -0.0011        
 4742.600 -0.0057        
 4742.620 -0.0088        
 4742.640 -0.0094        
 4742.660 -0.0077        
 4742.680 -0.0044        
 4742.700 -0.0012        
 4742.720  0.0006        
 4742.740  0.0006        
 4742.760 -0.0009        
 4742.780 -0.0033        
 4742.800 -0.0054        
 4742.820 -0.0065        
 4742.840 -0.0064        
 4742.860 -0.0054        
 4742.880 -0.0042        
 4742.900 -0.0032        
 4742.920 -0.0025        
 4742.940 -0.0018        
 4742.960 -0.0008        
 4742.980  0.0013        
 4743.000  0.0045        
 4743.020  0.0085        
 4743.040  0.0127        
 4743.060  0.0160        
 4743.080  0.0177        
 4743.100  0.0171        
 4743.120  0.0143        
 4743.140  0.0097        
 4743.160  0.0042        
 4743.180 -0.0011        
 4743.200 -0.0051        
 4743.220 -0.0075        
 4743.240 -0.0084        
 4743.260 -0.0084        
 4743.280 -0.0084        
 4743.300 -0.0094        
 4743.320 -0.0118        
 4743.340 -0.0151        
 4743.360 -0.0180        
 4743.380 -0.0189        
 4743.400 -0.0168        
 4743.420 -0.0109        
 4743.440 -0.0019        
 4743.460  0.0081        
 4743.480  0.0167        
 4743.500  0.0215        
 4743.520  0.0215        
 4743.540  0.0166        
 4743.560  0.0082        
 4743.580 -0.0006        
 4743.600 -0.0072        
 4743.620 -0.0103        
 4743.640 -0.0101        
 4743.660 -0.0073        
 4743.680 -0.0036        
 4743.700 -0.0005        
 4743.720  0.0011        
 4743.740  0.0019        
 4743.760  0.0029        
 4743.780  0.0046        
 4743.800  0.0073        
 4743.820  0.0104        
 4743.840  0.0129        
 4743.860  0.0134        
 4743.880  0.0113        
 4743.900  0.0074        
 4743.920  0.0034        
 4743.940  0.0011        
 4743.960  0.0018        
 4743.980  0.0061        
 4744.000  0.0130        
 4744.020  0.0203        
 4744.040  0.0257        
 4744.060  0.0278        
 4744.080  0.0261        
 4744.100  0.0213        
 4744.120  0.0151        
 4744.140  0.0097        
 4744.160  0.0066        
 4744.180  0.0063        
 4744.200  0.0081        
 4744.220  0.0112        
 4744.240  0.0141        
 4744.260  0.0159        
 4744.280  0.0160        
 4744.300  0.0144        
 4744.320  0.0116        
 4744.340  0.0078        
 4744.360  0.0037        
 4744.380 -0.0001        
 4744.400 -0.0030        
 4744.420 -0.0043        
 4744.440 -0.0036        
 4744.460 -0.0008        
 4744.480  0.0039        
 4744.500  0.0096        
 4744.520  0.0147        
 4744.540  0.0181        
 4744.560  0.0190        
 4744.580  0.0172        
 4744.600  0.0133        
 4744.620  0.0085        
 4744.640  0.0043        
 4744.660  0.0020        
 4744.680  0.0019        
 4744.700  0.0040        
 4744.720  0.0074        
 4744.740  0.0109        
 4744.760  0.0130        
 4744.780  0.0132        
 4744.800  0.0113        
 4744.820  0.0078        
 4744.840  0.0037        
 4744.860  0.0004        
 4744.880 -0.0012        
 4744.900 -0.0006        
 4744.920  0.0021        
 4744.940  0.0057        
 4744.960  0.0088        
 4744.980  0.0096        
 4745.000  0.0075        
 4745.020  0.0023        
 4745.040 -0.0049        
 4745.060 -0.0123        
 4745.080 -0.0177        
 4745.100 -0.0194        
 4745.120 -0.0170        
 4745.140 -0.0110        
 4745.160 -0.0029        
 4745.180  0.0049        
 4745.200  0.0104        
 4745.220  0.0124        
 4745.240  0.0110        
 4745.260  0.0072        
 4745.280  0.0023        
 4745.300 -0.0018        
 4745.320 -0.0040        
 4745.340 -0.0042        
 4745.360 -0.0027        
 4745.380  0.0001        
 4745.400  0.0034        
 4745.420  0.0067        
 4745.440  0.0096        
 4745.460  0.0116        
 4745.480  0.0126        
 4745.500  0.0121        
 4745.520  0.0101        
 4745.540  0.0066        
 4745.560  0.0023        
 4745.580 -0.0019        
 4745.600 -0.0050        
 4745.620 -0.0065        
 4745.640 -0.0063        
 4745.660 -0.0050        
 4745.680 -0.0035        
 4745.700 -0.0031        
 4745.720 -0.0040        
 4745.740 -0.0060        
 4745.760 -0.0085        
 4745.780 -0.0105        
 4745.800 -0.0111        
 4745.820 -0.0100        
 4745.840 -0.0076        
 4745.860 -0.0049        
 4745.880 -0.0025        
 4745.900 -0.0009        
 4745.920 -0.0004        
 4745.940 -0.0007        
 4745.960 -0.0015        
 4745.980 -0.0025        
 4746.000 -0.0037        
 4746.020 -0.0054        
 4746.040 -0.0074        
 4746.060 -0.0093        
 4746.080 -0.0102        
 4746.100 -0.0097        
 4746.120 -0.0070        
 4746.140 -0.0023        
 4746.160  0.0034        
 4746.180  0.0082        
 4746.200  0.0105        
 4746.220  0.0097        
 4746.240  0.0061        
 4746.260  0.0006        
 4746.280 -0.0045        
 4746.300 -0.0072        
 4746.320 -0.0067        
 4746.340 -0.0037        
 4746.360  0.0003        
 4746.380  0.0037        
 4746.400  0.0046        
 4746.420  0.0026        
 4746.440 -0.0014        
 4746.460 -0.0052        
 4746.480 -0.0067        
 4746.500 -0.0049        
 4746.520  0.0005        
 4746.540  0.0084        
 4746.560  0.0164        
 4746.580  0.0221        
 4746.600  0.0245        
 4746.620  0.0233        
 4746.640  0.0197        
 4746.660  0.0151        
 4746.680  0.0118        
 4746.700  0.0111        
 4746.720  0.0130        
 4746.740  0.0170        
 4746.760  0.0217        
 4746.780  0.0258        
 4746.800  0.0278        
 4746.820  0.0275        
 4746.840  0.0252        
 4746.860  0.0220        
 4746.880  0.0188        
 4746.900  0.0165        
 4746.920  0.0155        
 4746.940  0.0154        
 4746.960  0.0154        
 4746.980  0.0146        
 4747.000  0.0120        
 4747.020  0.0072        
 4747.040  0.0009        
 4747.060 -0.0054        
 4747.080 -0.0102        
 4747.100 -0.0120        
 4747.120 -0.0104        
 4747.140 -0.0054        
 4747.160  0.0015        
 4747.180  0.0086        
 4747.200  0.0145        
 4747.220  0.0185        
 4747.240  0.0204        
 4747.260  0.0209        
 4747.280  0.0210        
 4747.300  0.0218        
 4747.320  0.0231        
 4747.340  0.0244        
 4747.360  0.0246        
 4747.380  0.0233        
 4747.400  0.0202        
 4747.420  0.0158        
 4747.440  0.0113        
 4747.460  0.0081        
 4747.480  0.0066        
 4747.500  0.0065        
 4747.520  0.0067        
 4747.540  0.0062        
 4747.560  0.0042        
 4747.580  0.0003        
 4747.600 -0.0042        
 4747.620 -0.0077        
 4747.640 -0.0087        
 4747.660 -0.0068        
 4747.680 -0.0024        
 4747.700  0.0035        
 4747.720  0.0088        
 4747.740  0.0119        
 4747.760  0.0122        
 4747.780  0.0099        
 4747.800  0.0060        
 4747.820  0.0013        
 4747.840 -0.0034        
 4747.860 -0.0074        
 4747.880 -0.0105        
 4747.900 -0.0126        
 4747.920 -0.0135        
 4747.940 -0.0122        
 4747.960 -0.0085        
 4747.980 -0.0028        
 4748.000  0.0036        
 4748.020  0.0089        
 4748.040  0.0115        
 4748.060  0.0099        
 4748.080  0.0043        
 4748.100 -0.0032        
 4748.120 -0.0096        
 4748.140 -0.0125        
 4748.160 -0.0106        
 4748.180 -0.0042        
 4748.200  0.0047        
 4748.220  0.0122        
 4748.240  0.0150        
 4748.260  0.0120        
 4748.280  0.0045        
 4748.300 -0.0054        
 4748.320 -0.0143        
 4748.340 -0.0191        
 4748.360 -0.0188        
 4748.380 -0.0145        
 4748.400 -0.0090        
 4748.420 -0.0044        
 4748.440 -0.0025        
 4748.460 -0.0037        
 4748.480 -0.0067        
 4748.500 -0.0090        
 4748.520 -0.0084        
 4748.540 -0.0047        
 4748.560  0.0013        
 4748.580  0.0079        
 4748.600  0.0131        
 4748.620  0.0152        
 4748.640  0.0141        
 4748.660  0.0109        
 4748.680  0.0074        
 4748.700  0.0051        
 4748.720  0.0045        
 4748.740  0.0057        
 4748.760  0.0078        
 4748.780  0.0093        
 4748.800  0.0095        
 4748.820  0.0083        
 4748.840  0.0064        
 4748.860  0.0044        
 4748.880  0.0026        
 4748.900  0.0013        
 4748.920  0.0004        
 4748.940 -0.0007        
 4748.960 -0.0023        
 4748.980 -0.0039        
 4749.000 -0.0048        
 4749.020 -0.0042        
 4749.040 -0.0020        
 4749.060  0.0018        
 4749.080  0.0063        
 4749.100  0.0100        
 4749.120  0.0118        
 4749.140  0.0111        
 4749.160  0.0083        
 4749.180  0.0043        
 4749.200  0.0005        
 4749.220 -0.0018        
 4749.240 -0.0019        
 4749.260  0.0002        
 4749.280  0.0035        
 4749.300  0.0069        
 4749.320  0.0093        
 4749.340  0.0099        
 4749.360  0.0082        
 4749.380  0.0046        
 4749.400 -0.0002        
 4749.420 -0.0054        
 4749.440 -0.0099        
 4749.460 -0.0127        
 4749.480 -0.0133        
 4749.500 -0.0114        
 4749.520 -0.0071        
 4749.540 -0.0013        
 4749.560  0.0051        
 4749.580  0.0109        
 4749.600  0.0152        
 4749.620  0.0175        
 4749.640  0.0178        
 4749.660  0.0166        
 4749.680  0.0147        
 4749.700  0.0125        
 4749.720  0.0106        
 4749.740  0.0092        
 4749.760  0.0082        
 4749.780  0.0077        
 4749.800  0.0077        
 4749.820  0.0086        
 4749.840  0.0102        
 4749.860  0.0124        
 4749.880  0.0144        
 4749.900  0.0152        
 4749.920  0.0142        
 4749.940  0.0107        
 4749.960  0.0053        
 4749.980 -0.0006        
 4750.000 -0.0047        
 4750.020 -0.0054        
 4750.040 -0.0019        
 4750.060  0.0054        
 4750.080  0.0146        
 4750.100  0.0222        
 4750.120  0.0256        
 4750.140  0.0233        
 4750.160  0.0156        
 4750.180  0.0046        
 4750.200 -0.0065        
 4750.220 -0.0138        
 4750.240 -0.0153        
 4750.260 -0.0113        
 4750.280 -0.0035        
 4750.300  0.0053        
 4750.320  0.0118        
 4750.340  0.0138        
 4750.360  0.0114        
 4750.380  0.0068        
 4750.400  0.0024        
 4750.420  0.0001        
 4750.440  0.0011        
 4750.460  0.0050        
 4750.480  0.0096        
 4750.500  0.0126        
 4750.520  0.0127        
 4750.540  0.0100        
 4750.560  0.0055        
 4750.580  0.0011        
 4750.600 -0.0012        
 4750.620 -0.0003        
 4750.640  0.0032        
 4750.660  0.0074        
 4750.680  0.0103        
 4750.700  0.0105        
 4750.720  0.0074        
 4750.740  0.0017        
 4750.760 -0.0045        
 4750.780 -0.0092        
 4750.800 -0.0112        
 4750.820 -0.0104        
 4750.840 -0.0073        
 4750.860 -0.0028        
 4750.880  0.0018        
 4750.900  0.0055        
 4750.920  0.0079        
 4750.940  0.0091        
 4750.960  0.0092        
 4750.980  0.0086        
 4751.000  0.0074        
 4751.020  0.0061        
 4751.040  0.0050        
 4751.060  0.0046        
 4751.080  0.0051        
 4751.100  0.0070        
 4751.120  0.0100        
 4751.140  0.0135        
 4751.160  0.0168        
 4751.180  0.0191        
 4751.200  0.0205        
 4751.220  0.0208        
 4751.240  0.0207        
 4751.260  0.0206        
 4751.280  0.0209        
 4751.300  0.0212        
 4751.320  0.0209        
 4751.340  0.0193        
 4751.360  0.0163        
 4751.380  0.0118        
 4751.400  0.0066        
 4751.420  0.0016        
 4751.440 -0.0023        
 4751.460 -0.0045        
 4751.480 -0.0054        
 4751.500 -0.0052        
 4751.520 -0.0044        
 4751.540 -0.0031        
 4751.560 -0.0014        
 4751.580  0.0009        
 4751.600  0.0043        
 4751.620  0.0085        
 4751.640  0.0127        
 4751.660  0.0160        
 4751.680  0.0176        
 4751.700  0.0174        
 4751.720  0.0155        
 4751.740  0.0129        
 4751.760  0.0109        
 4751.780  0.0103        
 4751.800  0.0110        
 4751.820  0.0124        
 4751.840  0.0135        
 4751.860  0.0136        
 4751.880  0.0122        
 4751.900  0.0097        
 4751.920  0.0070        
 4751.940  0.0051        
 4751.960  0.0043        
 4751.980  0.0040        
 4752.000  0.0037        
 4752.020  0.0028        
 4752.040  0.0009        
 4752.060 -0.0015        
 4752.080 -0.0030        
 4752.100 -0.0023        
 4752.120  0.0014        
 4752.140  0.0077        
 4752.160  0.0155        
 4752.180  0.0232        
 4752.200  0.0289        
 4752.220  0.0314        
 4752.240  0.0308        
 4752.260  0.0280        
 4752.280  0.0242        
 4752.300  0.0202        
 4752.320  0.0166        
 4752.340  0.0136        
 4752.360  0.0105        
 4752.380  0.0072        
 4752.400  0.0037        
 4752.420  0.0008        
 4752.440 -0.0008        
 4752.460 -0.0009        
 4752.480  0.0003        
 4752.500  0.0022        
 4752.520  0.0035        
 4752.540  0.0032        
 4752.560  0.0008        
 4752.580 -0.0031        
 4752.600 -0.0075        
 4752.620 -0.0114        
 4752.640 -0.0139        
 4752.660 -0.0145        
 4752.680 -0.0129        
 4752.700 -0.0097        
 4752.720 -0.0053        
 4752.740  0.0001        
 4752.760  0.0063        
 4752.780  0.0127        
 4752.800  0.0182        
 4752.820  0.0217        
 4752.840  0.0222        
 4752.860  0.0192        
 4752.880  0.0128        
 4752.900  0.0046        
 4752.920 -0.0029        
 4752.940 -0.0074        
 4752.960 -0.0079        
 4752.980  0.0000        
 4753.000  0.0000        
