           0.9800  1.0000
           0.20    0.00  
 4772.000  1.0441  0.9299
 4772.020  0.9646  1.0058
 4772.040  0.9696  1.0114
 4772.060  0.9688  1.0132
 4772.080  0.9757  1.0042
 4772.100  0.9823  1.0046
 4772.120  0.9853  0.9910
 4772.140  0.9822  0.9893
 4772.160  0.9728  0.9823
 4772.180  0.9578  0.9755
 4772.200  0.9413  0.9799
 4772.220  0.9322  0.9889
 4772.240  0.9325  0.9541
 4772.260  0.9359  0.9728
 4772.280  0.9423  0.9837
 4772.300  0.9541  0.9880
 4772.320  0.9680  0.9967
 4772.340  0.9798  1.0029
 4772.360  0.9866  1.0038
 4772.380  0.9868  1.0064
 4772.400  0.9824  1.0084
 4772.420  0.9778  1.0053
 4772.440  0.9755  1.0040
 4772.460  0.9763  1.0036
 4772.480  0.9798  1.0050
 4772.500  0.9846  1.0086
 4772.520  0.9884  1.0138
 4772.540  0.9898  1.0133
 4772.560  0.9884  1.0102
 4772.580  0.9852  1.0039
 4772.600  0.9815  0.9951
 4772.620  0.9784  0.9861
 4772.640  0.9768  0.9843
 4772.660  0.9770  0.9853
 4772.680  0.9787  0.9944
 4772.700  0.9816  1.0011
 4772.720  0.9851  1.0050
 4772.740  0.9877  1.0064
 4772.760  0.9876  1.0062
 4772.780  0.9846  1.0062
 4772.800  0.9799  1.0067
 4772.820  0.9756  1.0085
 4772.840  0.9728  1.0101
 4772.860  0.9722  1.0109
 4772.880  0.9739  1.0096
 4772.900  0.9772  1.0068
 4772.920  0.9809  1.0039
 4772.940  0.9836  1.0025
 4772.960  0.9847  1.0030
 4772.980  0.9846  1.0048
 4773.000  0.9840  1.0055
 4773.020  0.9834  1.0027
 4773.040  0.9833  0.9952
 4773.060  0.9840  0.9840
 4773.080  0.9853  0.9720
 4773.100  0.9866  0.9635
 4773.120  0.9872  0.9619
 4773.140  0.9870  0.9681
 4773.160  0.9865  0.9799
 4773.180  0.9854  0.9929
 4773.200  0.9836  1.0022
 4773.220  0.9815  1.0043
 4773.240  0.9798  0.9986
 4773.260  0.9785  0.9876
 4773.280  0.9780  0.9758
 4773.300  0.9798  0.9674
 4773.320  0.9846  0.9651
 4773.340  0.9914  0.9687
 4773.360  0.9988  0.9755
 4773.380  1.0054  0.9818
 4773.400  1.0095  0.9845
 4773.420  1.0097  0.9823
 4773.440  1.0054  0.9759
 4773.460  0.9983  0.9679
 4773.480  0.9905  0.9613
 4773.500  0.9838  0.9584
 4773.520  0.9798  0.9606
 4773.540  0.9791  0.9673
 4773.560  0.9809  0.9773
 4773.580  0.9829  0.9885
 4773.600  0.9835  0.9989
 4773.620  0.9822  1.0068
 4773.640  0.9790  1.0111
 4773.660  0.9750  1.0116
 4773.680  0.9720  1.0091
 4773.700  0.9714  1.0050
 4773.720  0.9735  1.0013
 4773.740  0.9777  0.9996
 4773.760  0.9829  1.0007
 4773.780  0.9875  1.0042
 4773.800  0.9897  1.0081
 4773.820  0.9893  1.0099
 4773.840  0.9866  1.0074
 4773.860  0.9826  1.0000
 4773.880  0.9781  0.9891
 4773.900  0.9742  0.9776
 4773.920  0.9716  0.9694
 4773.940  0.9703  0.9673
 4773.960  0.9698  0.9720
 4773.980  0.9702  0.9819
 4774.000  0.9715  0.9935
 4774.020  0.9736  1.0029
 4774.040  0.9762  1.0073
 4774.060  0.9797  1.0064
 4774.080  0.9838  1.0016
 4774.100  0.9876  0.9961
 4774.120  0.9899  0.9926
 4774.140  0.9904  0.9929
 4774.160  0.9889  0.9967
 4774.180  0.9856  1.0020
 4774.200  0.9814  1.0067
 4774.220  0.9772  1.0089
 4774.240  0.9743  1.0080
 4774.260  0.9726  1.0048
 4774.280  0.9718  1.0006
 4774.300  0.9712  0.9970
 4774.320  0.9704  0.9948
 4774.340  0.9691  0.9941
 4774.360  0.9674  0.9946
 4774.380  0.9659  0.9959
 4774.400  0.9655  0.9980
 4774.420  0.9664  1.0009
 4774.440  0.9679  1.0043
 4774.460  0.9687  1.0079
 4774.480  0.9676  1.0107
 4774.500  0.9642  1.0118
 4774.520  0.9583  1.0106
 4774.540  0.9511  1.0075
 4774.560  0.9450  1.0038
 4774.580  0.9424  1.0010
 4774.600  0.9442  1.0001
 4774.620  0.9495  1.0013
 4774.640  0.9571  1.0031
 4774.660  0.9648  1.0036
 4774.680  0.9704  1.0009
 4774.700  0.9726  0.9944
 4774.720  0.9726  0.9850
 4774.740  0.9729  0.9751
 4774.760  0.9751  0.9674
 4774.780  0.9794  0.9639
 4774.800  0.9853  0.9653
 4774.820  0.9915  0.9701
 4774.840  0.9947  0.9763
 4774.860  0.9927  0.9818
 4774.880  0.9855  0.9856
 4774.900  0.9755  0.9880
 4774.920  0.9654  0.9902
 4774.940  0.9575  0.9935
 4774.960  0.9540  0.9981
 4774.980  0.9554  1.0032
 4775.000  0.9599  1.0070
 4775.020  0.9645  1.0081
 4775.040  0.9673  1.0059
 4775.060  0.9685  1.0017
 4775.080  0.9683  0.9973
 4775.100  0.9679  0.9951
 4775.120  0.9685  0.9957
 4775.140  0.9715  0.9983
 4775.160  0.9763  1.0002
 4775.180  0.9805  0.9984
 4775.200  0.9826  0.9907
 4775.220  0.9824  0.9770
 4775.240  0.9800  0.9596
 4775.260  0.9758  0.9421
 4775.280  0.9712  0.9283
 4775.300  0.9679  0.9207
 4775.320  0.9663  0.9196
 4775.340  0.9654  0.9239
 4775.360  0.9641  0.9314
 4775.380  0.9624  0.9404
 4775.400  0.9608  0.9500
 4775.420  0.9594  0.9600
 4775.440  0.9586  0.9701
 4775.460  0.9591  0.9793
 4775.480  0.9611  0.9852
 4775.500  0.9633  0.9851
 4775.520  0.9644  0.9772
 4775.540  0.9644  0.9619
 4775.560  0.9642  0.9426
 4775.580  0.9644  0.9244
 4775.600  0.9652  0.9122
 4775.620  0.9672  0.9080
 4775.640  0.9709  0.9097
 4775.660  0.9746  0.9105
 4775.680  0.9758  0.9015
 4775.700  0.9746  0.8751
 4775.720  0.9730  0.8288
 4775.740  0.9723  0.7672
 4775.760  0.9736  0.7015
 4775.780  0.9791  0.6467
 4775.800  0.9892  0.6164
 4775.820  0.9991  0.6187
 4775.840  1.0030  0.6532
 4775.860  1.0001  0.7113
 4775.880  0.9928  0.7792
 4775.900  0.9836  0.8425
 4775.920  0.9751  0.8905
 4775.940  0.9710  0.9191
 4775.960  0.9728  0.9308
 4775.980  0.9789  0.9324
 4776.000  0.9858  0.9319
 4776.020  0.9908  0.9349
 4776.040  0.9918  0.9434
 4776.060  0.9878  0.9554
 4776.080  0.9802  0.9673
 4776.100  0.9720  0.9754
 4776.120  0.9662  0.9783
 4776.140  0.9642  0.9772
 4776.160  0.9654  0.9748
 4776.180  0.9686  0.9742
 4776.200  0.9720  0.9772
 4776.220  0.9742  0.9837
 4776.240  0.9748  0.9918
 4776.260  0.9745  0.9987
 4776.280  0.9745  1.0021
 4776.300  0.9756  1.0011
 4776.320  0.9773  0.9962
 4776.340  0.9786  0.9890
 4776.360  0.9786  0.9814
 4776.380  0.9773  0.9750
 4776.400  0.9753  0.9708
 4776.420  0.9740  0.9687
 4776.440  0.9751  0.9685
 4776.460  0.9796  0.9696
 4776.480  0.9868  0.9715
 4776.500  0.9946  0.9737
 4776.520  1.0005  0.9756
 4776.540  1.0032  0.9765
 4776.560  1.0022  0.9761
 4776.580  0.9982  0.9746
 4776.600  0.9929  0.9729
 4776.620  0.9886  0.9724
 4776.640  0.9861  0.9746
 4776.660  0.9841  0.9802
 4776.680  0.9814  0.9889
 4776.700  0.9771  0.9988
 4776.720  0.9707  1.0072
 4776.740  0.9627  1.0119
 4776.760  0.9555  1.0117
 4776.780  0.9517  1.0070
 4776.800  0.9529  1.0002
 4776.820  0.9587  0.9942
 4776.840  0.9674  0.9915
 4776.860  0.9767  0.9928
 4776.880  0.9837  0.9970
 4776.900  0.9863  1.0018
 4776.920  0.9846  1.0045
 4776.940  0.9804  1.0038
 4776.960  0.9754  1.0002
 4776.980  0.9714  0.9959
 4777.000  0.9697  0.9934
 4777.020  0.9706  0.9944
 4777.040  0.9728  0.9982
 4777.060  0.9745  1.0016
 4777.080  0.9746  0.9999
 4777.100  0.9724  0.9893
 4777.120  0.9671  0.9679
 4777.140  0.9586  0.9381
 4777.160  0.9482  0.9052
 4777.180  0.9375  0.8767
 4777.200  0.9281  0.8596
 4777.220  0.9220  0.8580
 4777.240  0.9213  0.8719
 4777.260  0.9256  0.8972
 4777.280  0.9332  0.9275
 4777.300  0.9422  0.9561
 4777.320  0.9511  0.9781
 4777.340  0.9581  0.9915
 4777.360  0.9620  0.9974
 4777.380  0.9632  0.9984
 4777.400  0.9628  0.9976
 4777.420  0.9616  0.9974
 4777.440  0.9604  0.9983
 4777.460  0.9599  1.0000
 4777.480  0.9603  1.0015
 4777.500  0.9610  1.0020
 4777.520  0.9613  1.0015
 4777.540  0.9613  1.0003
 4777.560  0.9612  0.9990
 4777.580  0.9610  0.9979
 4777.600  0.9605  0.9969
 4777.620  0.9592  0.9954
 4777.640  0.9568  0.9933
 4777.660  0.9528  0.9907
 4777.680  0.9474  0.9886
 4777.700  0.9418  0.9880
 4777.720  0.9382  0.9899
 4777.740  0.9384  0.9941
 4777.760  0.9429  0.9997
 4777.780  0.9508  1.0052
 4777.800  0.9607  1.0089
 4777.820  0.9701  1.0100
 4777.840  0.9763  1.0088
 4777.860  0.9784  1.0066
 4777.880  0.9772  1.0051
 4777.900  0.9748  1.0053
 4777.920  0.9726  1.0073
 4777.940  0.9721  1.0098
 4777.960  0.9736  1.0106
 4777.980  0.9759  1.0078
 4778.000  0.9762  1.0009
 4778.020  0.9729  0.9906
 4778.040  0.9663  0.9796
 4778.060  0.9581  0.9710
 4778.080  0.9504  0.9674
 4778.100  0.9460  0.9700
 4778.120  0.9471  0.9780
 4778.140  0.9535  0.9890
 4778.160  0.9624  0.9997
 4778.180  0.9712  1.0074
 4778.200  0.9780  1.0107
 4778.220  0.9819  1.0097
 4778.240  0.9827  1.0060
 4778.260  0.9818  1.0017
 4778.280  0.9812  0.9985
 4778.300  0.9820  0.9974
 4778.320  0.9835  0.9984
 4778.340  0.9848  1.0005
 4778.360  0.9850  1.0026
 4778.380  0.9832  1.0041
 4778.400  0.9790  1.0046
 4778.420  0.9733  1.0044
 4778.440  0.9676  1.0039
 4778.460  0.9633  1.0036
 4778.480  0.9605  1.0036
 4778.500  0.9590  1.0037
 4778.520  0.9583  1.0035
 4778.540  0.9577  1.0027
 4778.560  0.9569  1.0012
 4778.580  0.9560  0.9987
 4778.600  0.9555  0.9952
 4778.620  0.9561  0.9905
 4778.640  0.9578  0.9844
 4778.660  0.9600  0.9771
 4778.680  0.9619  0.9686
 4778.700  0.9630  0.9597
 4778.720  0.9627  0.9513
 4778.740  0.9611  0.9444
 4778.760  0.9585  0.9399
 4778.780  0.9559  0.9380
 4778.800  0.9536  0.9384
 4778.820  0.9515  0.9401
 4778.840  0.9494  0.9423
 4778.860  0.9471  0.9440
 4778.880  0.9443  0.9449
 4778.900  0.9407  0.9447
 4778.920  0.9365  0.9435
 4778.940  0.9318  0.9412
 4778.960  0.9271  0.9371
 4778.980  0.9221  0.9308
 4779.000  0.9168  0.9220
 4779.020  0.9115  0.9111
 4779.040  0.9069  0.8997
 4779.060  0.9030  0.8905
 4779.080  0.8991  0.8865
 4779.100  0.8941  0.8900
 4779.120  0.8861  0.9017
 4779.140  0.8719  0.9206
 4779.160  0.8484  0.9433
 4779.180  0.8155  0.9658
 4779.200  0.7753  0.9840
 4779.220  0.7319  0.9952
 4779.240  0.6910  0.9989
 4779.260  0.6607  0.9967
 4779.280  0.6480  0.9912
 4779.300  0.6559  0.9856
 4779.320  0.6835  0.9819
 4779.340  0.7260  0.9811
 4779.360  0.7751  0.9823
 4779.380  0.8206  0.9844
 4779.400  0.8554  0.9862
 4779.420  0.8773  0.9871
 4779.440  0.8875  0.9876
 4779.460  0.8896  0.9886
 4779.480  0.8895  0.9913
 4779.500  0.8928  0.9959
 4779.520  0.9015  1.0020
 4779.540  0.9146  1.0081
 4779.560  0.9296  1.0124
 4779.580  0.9433  1.0133
 4779.600  0.9523  1.0101
 4779.620  0.9547  1.0030
 4779.640  0.9519  0.9932
 4779.660  0.9465  0.9827
 4779.680  0.9414  0.9736
 4779.700  0.9389  0.9674
 4779.720  0.9403  0.9656
 4779.740  0.9453  0.9684
 4779.760  0.9521  0.9754
 4779.780  0.9587  0.9852
 4779.800  0.9640  0.9959
 4779.820  0.9677  1.0052
 4779.840  0.9702  1.0116
 4779.860  0.9722  1.0140
 4779.880  0.9745  1.0128
 4779.900  0.9773  1.0093
 4779.920  0.9801  1.0053
 4779.940  0.9826  1.0027
 4779.960  0.9842  1.0025
 4779.980  0.9849  1.0043
 4780.000  0.9849  1.0070
 4780.020  0.9847  1.0089
 4780.040  0.9841  1.0086
 4780.060  0.9828  1.0061
 4780.080  0.9807  1.0025
 4780.100  0.9775  0.9995
 4780.120  0.9735  0.9989
 4780.140  0.9695  1.0011
 4780.160  0.9669  1.0055
 4780.180  0.9667  1.0100
 4780.200  0.9691  1.0125
 4780.220  0.9731  1.0117
 4780.240  0.9774  1.0080
 4780.260  0.9803  1.0030
 4780.280  0.9801  0.9993
 4780.300  0.9766  0.9988
 4780.320  0.9711  1.0017
 4780.340  0.9654  1.0062
 4780.360  0.9610  1.0093
 4780.380  0.9590  1.0079
 4780.400  0.9597  1.0004
 4780.420  0.9625  0.9877
 4780.440  0.9659  0.9727
 4780.460  0.9686  0.9596
 4780.480  0.9707  0.9517
 4780.500  0.9726  0.9504
 4780.520  0.9748  0.9550
 4780.540  0.9775  0.9627
 4780.560  0.9807  0.9707
 4780.580  0.9838  0.9772
 4780.600  0.9855  0.9820
 4780.620  0.9848  0.9864
 4780.640  0.9817  0.9918
 4780.660  0.9774  0.9982
 4780.680  0.9731  1.0036
 4780.700  0.9696  1.0045
 4780.720  0.9677  0.9975
 4780.740  0.9677  0.9815
 4780.760  0.9690  0.9584
 4780.780  0.9701  0.9336
 4780.800  0.9708  0.9139
 4780.820  0.9721  0.9048
 4780.840  0.9746  0.9082
 4780.860  0.9778  0.9213
 4780.880  0.9820  0.9373
 4780.900  0.9875  0.9482
 4780.920  0.9926  0.9484
 4780.940  0.9953  0.9366
 4780.960  0.9955  0.9170
 4780.980  0.9944  0.8976
 4781.000  0.9926  0.8866
 4781.020  0.9905  0.8896
 4781.040  0.9892  0.9070
 4781.060  0.9895  0.9344
 4781.080  0.9899  0.9639
 4781.100  0.9881  0.9878
 4781.120  0.9836  1.0014
 4781.140  0.9774  1.0040
 4781.160  0.9702  0.9987
 4781.180  0.9630  0.9905
 4781.200  0.9583  0.9836
 4781.220  0.9578  0.9800
 4781.240  0.9606  0.9790
 4781.260  0.9641  0.9785
 4781.280  0.9667  0.9766
 4781.300  0.9676  0.9730
 4781.320  0.9660  0.9696
 4781.340  0.9622  0.9692
 4781.360  0.9579  0.9738
 4781.380  0.9553  0.9838
 4781.400  0.9550  0.9968
 4781.420  0.9561  1.0090
 4781.440  0.9579  1.0167
 4781.460  0.9602  1.0178
 4781.480  0.9626  1.0132
 4781.500  0.9644  1.0059
 4781.520  0.9661  0.9999
 4781.540  0.9685  0.9980
 4781.560  0.9718  1.0010
 4781.580  0.9744  1.0070
 4781.600  0.9754  1.0127
 4781.620  0.9747  1.0154
 4781.640  0.9727  1.0136
 4781.660  0.9697  1.0086
 4781.680  0.9670  1.0029
 4781.700  0.9669  0.9996
 4781.720  0.9700  1.0003
 4781.740  0.9749  1.0044
 4781.760  0.9792  1.0097
 4781.780  0.9808  1.0132
 4781.800  0.9781  1.0128
 4781.820  0.9697  1.0085
 4781.840  0.9566  1.0021
 4781.860  0.9424  0.9965
 4781.880  0.9309  0.9943
 4781.900  0.9248  0.9966
 4781.920  0.9258  1.0020
 4781.940  0.9341  1.0076
 4781.960  0.9474  1.0103
 4781.980  0.9617  1.0080
 4782.000  0.9734  1.0004
 4782.020  0.9806  0.9894
 4782.040  0.9821  0.9781
 4782.060  0.9784  0.9696
 4782.080  0.9722  0.9661
 4782.100  0.9667  0.9678
 4782.120  0.9644  0.9737
 4782.140  0.9664  0.9818
 4782.160  0.9725  0.9901
 4782.180  0.9808  0.9972
 4782.200  0.9886  1.0024
 4782.220  0.9937  1.0058
 4782.240  0.9952  1.0076
 4782.260  0.9930  1.0079
 4782.280  0.9882  1.0071
 4782.300  0.9827  1.0054
 4782.320  0.9779  1.0030
 4782.340  0.9744  1.0006
 4782.360  0.9717  0.9988
 4782.380  0.9691  0.9981
 4782.400  0.9662  0.9988
 4782.420  0.9631  1.0007
 4782.440  0.9605  1.0027
 4782.460  0.9600  1.0035
 4782.480  0.9628  1.0012
 4782.500  0.9691  0.9938
 4782.520  0.9772  0.9801
 4782.540  0.9849  0.9597
 4782.560  0.9905  0.9342
 4782.580  0.9924  0.9071
 4782.600  0.9899  0.8836
 4782.620  0.9851  0.8698
 4782.640  0.9816  0.8704
 4782.660  0.9818  0.8870
 4782.680  0.9846  0.9168
 4782.700  0.9884  0.9528
 4782.720  0.9916  0.9851
 4782.740  0.9915  1.0036
 4782.760  0.9862  1.0019
 4782.780  0.9772  0.9793
 4782.800  0.9685  0.9415
 4782.820  0.9629  0.8993
 4782.840  0.9625  0.8646
 4782.860  0.9685  0.8472
 4782.880  0.9796  0.8513
 4782.900  0.9901  0.8746
 4782.920  0.9943  0.9096
 4782.940  0.9912  0.9463
 4782.960  0.9830  0.9763
 4782.980  0.9723  0.9949
 4783.000  0.9620  1.0020
 4783.020  0.9558  1.0012
 4783.040  0.9558  0.9977
 4783.060  0.9604  0.9953
 4783.080  0.9665  0.9960
 4783.100  0.9718  0.9990
 4783.120  0.9752  1.0025
 4783.140  0.9763  1.0045
 4783.160  0.9759  1.0043
 4783.180  0.9758  1.0027
 4783.200  0.9777  1.0011
 4783.220  0.9813  1.0005
 4783.240  0.9844  1.0014
 4783.260  0.9855  1.0030
 4783.280  0.9837  1.0042
 4783.300  0.9788  1.0044
 4783.320  0.9718  1.0037
 4783.340  0.9650  1.0028
 4783.360  0.9611  1.0027
 4783.380  0.9618  1.0038
 4783.400  0.9663  1.0055
 4783.420  0.9733  1.0067
 4783.440  0.9811  1.0063
 4783.460  0.9879  1.0041
 4783.480  0.9920  1.0011
 4783.500  0.9926  0.9989
 4783.520  0.9904  0.9987
 4783.540  0.9866  1.0007
 4783.560  0.9820  1.0033
 4783.580  0.9774  1.0037
 4783.600  0.9737  0.9997
 4783.620  0.9722  0.9906
 4783.640  0.9727  0.9785
 4783.660  0.9746  0.9672
 4783.680  0.9769  0.9611
 4783.700  0.9790  0.9631
 4783.720  0.9795  0.9731
 4783.740  0.9774  0.9877
 4783.760  0.9731  1.0020
 4783.780  0.9686  1.0113
 4783.800  0.9654  1.0132
 4783.820  0.9644  1.0088
 4783.840  0.9660  1.0018
 4783.860  0.9704  0.9965
 4783.880  0.9762  0.9955
 4783.900  0.9808  0.9990
 4783.920  0.9827  1.0042
 4783.940  0.9823  1.0075
 4783.960  0.9803  1.0064
 4783.980  0.9772  1.0011
 4784.000  0.9741  0.9942
 4784.020  0.9725  0.9898
 4784.040  0.9725  0.9908
 4784.060  0.9727  0.9974
 4784.080  0.9720  1.0063
 4784.100  0.9705  1.0129
 4784.120  0.9685  1.0127
 4784.140  0.9659  1.0048
 4784.160  0.9631  0.9919
 4784.180  0.9613  0.9793
 4784.200  0.9611  0.9727
 4784.220  0.9616  0.9745
 4784.240  0.9623  0.9827
 4784.260  0.9640  0.9908
 4784.280  0.9671  0.9911
 4784.300  0.9711  0.9775
 4784.320  0.9755  0.9492
 4784.340  0.9802  0.9112
 4784.360  0.9840  0.8729
 4784.380  0.9846  0.8442
 4784.400  0.9810  0.8315
 4784.420  0.9749  0.8353
 4784.440  0.9686  0.8505
 4784.460  0.9638  0.8681
 4784.480  0.9622  0.8794
 4784.500  0.9647  0.8791
 4784.520  0.9700  0.8674
 4784.540  0.9752  0.8486
 4784.560  0.9776  0.8291
 4784.580  0.9762  0.8144
 4784.600  0.9711  0.8070
 4784.620  0.9640  0.8061
 4784.640  0.9575  0.8092
 4784.660  0.9541  0.8138
 4784.680  0.9541  0.8195
 4784.700  0.9563  0.8276
 4784.720  0.9587  0.8411
 4784.740  0.9601  0.8619
 4784.760  0.9602  0.8897
 4784.780  0.9597  0.9215
 4784.800  0.9601  0.9521
 4784.820  0.9627  0.9765
 4784.840  0.9678  0.9914
 4784.860  0.9739  0.9968
 4784.880  0.9791  0.9954
 4784.900  0.9820  0.9915
 4784.920  0.9814  0.9890
 4784.940  0.9780  0.9899
 4784.960  0.9738  0.9940
 4784.980  0.9709  0.9994
 4785.000  0.9705  1.0035
 4785.020  0.9722  1.0048
 4785.040  0.9746  1.0035
 4785.060  0.9755  1.0007
 4785.080  0.9732  0.9981
 4785.100  0.9674  0.9967
 4785.120  0.9596  0.9964
 4785.140  0.9524  0.9957
 4785.160  0.9480  0.9930
 4785.180  0.9477  0.9875
 4785.200  0.9514  0.9797
 4785.220  0.9571  0.9715
 4785.240  0.9620  0.9657
 4785.260  0.9635  0.9647
 4785.280  0.9603  0.9693
 4785.300  0.9525  0.9785
 4785.320  0.9415  0.9896
 4785.340  0.9290  0.9996
 4785.360  0.9170  1.0058
 4785.380  0.9073  1.0072
 4785.400  0.9013  1.0049
 4785.420  0.8996  1.0011
 4785.440  0.9023  0.9984
 4785.460  0.9093  0.9986
 4785.480  0.9194  1.0020
 4785.500  0.9303  1.0071
 4785.520  0.9395  1.0117
 4785.540  0.9459  1.0139
 4785.560  0.9491  1.0126
 4785.580  0.9495  1.0089
 4785.600  0.9486  1.0045
 4785.620  0.9495  1.0020
 4785.640  0.9538  1.0026
 4785.660  0.9609  1.0061
 4785.680  0.9693  1.0105
 4785.700  0.9771  1.0131
 4785.720  0.9827  1.0118
 4785.740  0.9842  1.0062
 4785.760  0.9815  0.9981
 4785.780  0.9770  0.9909
 4785.800  0.9729  0.9875
 4785.820  0.9702  0.9895
 4785.840  0.9689  0.9955
 4785.860  0.9694  1.0020
 4785.880  0.9709  1.0046
 4785.900  0.9719  1.0003
 4785.920  0.9717  0.9893
 4785.940  0.9721  0.9751
 4785.960  0.9748  0.9631
 4785.980  0.9795  0.9579
 4786.000  0.9849  0.9609
 4786.020  0.9903  0.9687
 4786.040  0.9946  0.9745
 4786.060  0.9951  0.9704
 4786.080  0.9910  0.9517
 4786.100  0.9849  0.9198
 4786.120  0.9800  0.8821
 4786.140  0.9774  0.8501
 4786.160  0.9775  0.8353
 4786.180  0.9813  0.8436
 4786.200  0.9873  0.8737
 4786.220  0.9916  0.9164
 4786.240  0.9919  0.9589
 4786.260  0.9893  0.9895
 4786.280  0.9856  1.0024
 4786.300  0.9804  0.9993
 4786.320  0.9742  0.9883
 4786.340  0.9684  0.9790
 4786.360  0.9635  0.9783
 4786.380  0.9577  0.9863
 4786.400  0.9504  0.9966
 4786.420  0.9436  0.9994
 4786.440  0.9397  0.9865
 4786.460  0.9394  0.9557
 4786.480  0.9439  0.9127
 4786.500  0.9543  0.8694
 4786.520  0.9688  0.8392
 4786.540  0.9823  0.8319
 4786.560  0.9904  0.8495
 4786.580  0.9926  0.8859
 4786.600  0.9902  0.9294
 4786.620  0.9849  0.9673
 4786.640  0.9794  0.9908
 4786.660  0.9766  0.9977
 4786.680  0.9774  0.9918
 4786.700  0.9805  0.9805
 4786.720  0.9842  0.9711
 4786.740  0.9875  0.9678
 4786.760  0.9897  0.9706
 4786.780  0.9902  0.9767
 4786.800  0.9893  0.9824
 4786.820  0.9883  0.9855
 4786.840  0.9875  0.9862
 4786.860  0.9867  0.9865
 4786.880  0.9852  0.9887
 4786.900  0.9832  0.9938
 4786.920  0.9813  1.0010
 4786.940  0.9802  1.0078
 4786.960  0.9806  1.0118
 4786.980  0.9828  1.0117
 4787.000  0.9866  1.0083
 4787.020  0.9907  1.0037
 4787.040  0.9935  1.0004
 4787.060  0.9936  0.9996
 4787.080  0.9908  1.0012
 4787.100  0.9854  1.0036
 4787.120  0.9784  1.0052
 4787.140  0.9706  1.0049
 4787.160  0.9630  1.0031
 4787.180  0.9559  1.0014
 4787.200  0.9497  1.0013
 4787.220  0.9447  1.0033
 4787.240  0.9419  1.0067
 4787.260  0.9423  1.0094
 4787.280  0.9462  1.0098
 4787.300  0.9534  1.0070
 4787.320  0.9624  1.0020
 4787.340  0.9710  0.9972
 4787.360  0.9768  0.9945
 4787.380  0.9783  0.9952
 4787.400  0.9753  0.9981
 4787.420  0.9698  1.0010
 4787.440  0.9643  1.0012
 4787.460  0.9608  0.9973
 4787.480  0.9605  0.9903
 4787.500  0.9634  0.9829
 4787.520  0.9679  0.9785
 4787.540  0.9715  0.9793
 4787.560  0.9729  0.9854
 4787.580  0.9719  0.9939
 4787.600  0.9699  1.0009
 4787.620  0.9683  1.0033
 4787.640  0.9687  1.0000
 4787.660  0.9721  0.9933
 4787.680  0.9778  0.9869
 4787.700  0.9840  0.9844
 4787.720  0.9890  0.9869
 4787.740  0.9922  0.9915
 4787.760  0.9932  0.9921
 4787.780  0.9921  0.9819
 4787.800  0.9900  0.9562
 4787.820  0.9881  0.9154
 4787.840  0.9863  0.8656
 4787.860  0.9839  0.8174
 4787.880  0.9810  0.7827
 4787.900  0.9781  0.7708
 4787.920  0.9745  0.7852
 4787.940  0.9703  0.8225
 4787.960  0.9668  0.8733
 4787.980  0.9642  0.9255
 4788.000  0.9615  0.9682
 4788.020  0.9584  0.9945
 4788.040  0.9560  1.0030
 4788.060  0.9552  0.9982
 4788.080  0.9558  0.9875
 4788.100  0.9585  0.9785
 4788.120  0.9632  0.9767
 4788.140  0.9683  0.9832
 4788.160  0.9710  0.9945
 4788.180  0.9704  1.0045
 4788.200  0.9666  1.0061
 4788.220  0.9605  0.9942
 4788.240  0.9535  0.9675
 4788.260  0.9484  0.9292
 4788.280  0.9477  0.8866
 4788.300  0.9511  0.8488
 4788.320  0.9568  0.8244
 4788.340  0.9624  0.8189
 4788.360  0.9657  0.8329
 4788.380  0.9659  0.8626
 4788.400  0.9640  0.9006
 4788.420  0.9629  0.9382
 4788.440  0.9645  0.9683
 4788.460  0.9691  0.9871
 4788.480  0.9752  0.9945
 4788.500  0.9803  0.9939
 4788.520  0.9817  0.9899
 4788.540  0.9781  0.9869
 4788.560  0.9702  0.9875
 4788.580  0.9608  0.9917
 4788.600  0.9537  0.9978
 4788.620  0.9520  1.0032
 4788.640  0.9561  1.0061
 4788.660  0.9639  1.0061
 4788.680  0.9724  1.0039
 4788.700  0.9783  1.0015
 4788.720  0.9796  1.0006
 4788.740  0.9760  1.0018
 4788.760  0.9700  1.0048
 4788.780  0.9647  1.0082
 4788.800  0.9621  1.0107
 4788.820  0.9625  1.0112
 4788.840  0.9650  1.0096
 4788.860  0.9678  1.0069
 4788.880  0.9690  1.0042
 4788.900  0.9678  1.0026
 4788.920  0.9653  1.0025
 4788.940  0.9637  1.0031
 4788.960  0.9645  1.0035
 4788.980  0.9673  1.0024
 4789.000  0.9708  0.9995
 4789.020  0.9728  0.9955
 4789.040  0.9710  0.9919
 4789.060  0.9642  0.9904
 4789.080  0.9539  0.9922
 4789.100  0.9437  0.9973
 4789.120  0.9374  1.0044
 4789.140  0.9370  1.0111
 4789.160  0.9426  1.0150
 4789.180  0.9527  1.0148
 4789.200  0.9638  1.0107
 4789.220  0.9717  1.0047
 4789.240  0.9739  0.9996
 4789.260  0.9705  0.9976
 4789.280  0.9637  0.9997
 4789.300  0.9568  1.0046
 4789.320  0.9532  1.0096
 4789.340  0.9554  1.0116
 4789.360  0.9637  1.0089
 4789.380  0.9762  1.0022
 4789.400  0.9894  0.9944
 4789.420  1.0000  0.9894
 4789.440  1.0056  0.9902
 4789.460  1.0051  0.9966
 4789.480  0.9990  1.0049
 4789.500  0.9900  1.0082
 4789.520  0.9813  0.9997
 4789.540  0.9750  0.9749
 4789.560  0.9721  0.9350
 4789.580  0.9731  0.8870
 4789.600  0.9777  0.8417
 4789.620  0.9831  0.8107
 4789.640  0.9862  0.8022
 4789.660  0.9856  0.8180
 4789.680  0.9823  0.8532
 4789.700  0.9774  0.8979
 4789.720  0.9725  0.9409
 4789.740  0.9694  0.9733
 4789.760  0.9693  0.9915
 4789.780  0.9713  0.9965
 4789.800  0.9740  0.9934
 4789.820  0.9764  0.9878
 4789.840  0.9781  0.9841
 4789.860  0.9787  0.9837
 4789.880  0.9784  0.9860
 4789.900  0.9781  0.9893
 4789.920  0.9782  0.9922
 4789.940  0.9784  0.9939
 4789.960  0.9773  0.9940
 4789.980  0.9739  0.9912
 4790.000  0.9680  0.9833
 4790.020  0.9605  0.9670
 4790.040  0.9528  0.9403
 4790.060  0.9467  0.9041
 4790.080  0.9452  0.8639
 4790.100  0.9496  0.8284
 4790.120  0.9586  0.8077
 4790.140  0.9688  0.8092
 4790.160  0.9775  0.8346
 4790.180  0.9832  0.8783
 4790.200  0.9850  0.9291
 4790.220  0.9841  0.9741
 4790.240  0.9832  1.0034
 4790.260  0.9838  1.0134
 4790.280  0.9852  1.0077
 4790.300  0.9864  0.9949
 4790.320  0.9867  0.9847
 4790.340  0.9855  0.9834
 4790.360  0.9822  0.9919
 4790.380  0.9778  1.0056
 4790.400  0.9747  1.0174
 4790.420  0.9742  1.0218
 4790.440  0.9758  1.0168
 4790.460  0.9784  1.0054
 4790.480  0.9808  0.9934
 4790.500  0.9813  0.9864
 4790.520  0.9789  0.9872
 4790.540  0.9739  0.9942
 4790.560  0.9683  1.0033
 4790.580  0.9640  1.0095
 4790.600  0.9616  1.0099
 4790.620  0.9610  1.0055
 4790.640  0.9619  0.9996
 4790.660  0.9638  0.9966
 4790.680  0.9663  0.9990
 4790.700  0.9696  1.0061
 4790.720  0.9750  1.0146
 4790.740  0.9827  1.0201
 4790.760  0.9914  1.0196
 4790.780  0.9989  1.0135
 4790.800  1.0024  1.0051
 4790.820  0.9999  0.9989
 4790.840  0.9909  0.9984
 4790.860  0.9773  1.0037
 4790.880  0.9634  1.0119
 4790.900  0.9535  1.0185
 4790.920  0.9501  1.0198
 4790.940  0.9533  1.0150
 4790.960  0.9606  1.0068
 4790.980  0.9686  0.9999
 4791.000  0.9735  0.9982
 4791.020  0.9739  1.0026
 4791.040  0.9708  1.0106
 4791.060  0.9676  1.0168
 4791.080  0.9674  1.0167
 4791.100  0.9718  1.0087
 4791.120  0.9798  0.9959
 4791.140  0.9885  0.9844
 4791.160  0.9938  0.9802
 4791.180  0.9922  0.9854
 4791.200  0.9830  0.9964
 4791.220  0.9691  1.0042
 4791.240  0.9547  0.9985
 4791.260  0.9429  0.9722
 4791.280  0.9359  0.9256
 4791.300  0.9346  0.8680
 4791.320  0.9377  0.8145
 4791.340  0.9412  0.7807
 4791.360  0.9425  0.7771
 4791.380  0.9421  0.8044
 4791.400  0.9415  0.8538
 4791.420  0.9415  0.9102
 4791.440  0.9437  0.9585
 4791.460  0.9490  0.9888
 4791.480  0.9555  0.9994
 4791.500  0.9601  0.9961
 4791.520  0.9610  0.9883
 4791.540  0.9584  0.9840
 4791.560  0.9534  0.9863
 4791.580  0.9476  0.9930
 4791.600  0.9436  0.9983
 4791.620  0.9436  0.9973
 4791.640  0.9473  0.9888
 4791.660  0.9524  0.9766
 4791.680  0.9567  0.9674
 4791.700  0.9596  0.9669
 4791.720  0.9605  0.9765
 4791.740  0.9592  0.9914
 4791.760  0.9569  1.0019
 4791.780  0.9559  0.9978
 4791.800  0.9567  0.9730
 4791.820  0.9581  0.9291
 4791.840  0.9595  0.8755
 4791.860  0.9616  0.8265
 4791.880  0.9641  0.7962
 4791.900  0.9660  0.7930
 4791.920  0.9679  0.8170
 4791.940  0.9714  0.8602
 4791.960  0.9755  0.9100
 4791.980  0.9777  0.9537
 4792.000  0.9766  0.9831
 4792.020  0.9724  0.9966
 4792.040  0.9648  0.9980
 4792.060  0.9540  0.9942
 4792.080  0.9426  0.9913
 4792.100  0.9338  0.9926
 4792.120  0.9296  0.9977
 4792.140  0.9303  1.0038
 4792.160  0.9357  1.0078
 4792.180  0.9451  1.0081
 4792.200  0.9565  1.0053
 4792.220  0.9676  1.0017
 4792.240  0.9765  0.9997
 4792.260  0.9822  1.0005
 4792.280  0.9840  1.0036
 4792.300  0.9819  1.0074
 4792.320  0.9764  1.0101
 4792.340  0.9695  1.0104
 4792.360  0.9633  1.0087
 4792.380  0.9593  1.0062
 4792.400  0.9582  1.0044
 4792.420  0.9605  1.0039
 4792.440  0.9655  1.0046
 4792.460  0.9711  1.0055
 4792.480  0.9750  1.0057
 4792.500  0.9760  1.0050
 4792.520  0.9739  1.0041
 4792.540  0.9695  1.0037
 4792.560  0.9639  1.0044
 4792.580  0.9590  1.0058
 4792.600  0.9563  1.0066
 4792.620  0.9564  1.0055
 4792.640  0.9582  1.0018
 4792.660  0.9606  0.9963
 4792.680  0.9627  0.9908
 4792.700  0.9637  0.9876
 4792.720  0.9630  0.9879
 4792.740  0.9608  0.9911
 4792.760  0.9580  0.9951
 4792.780  0.9560  0.9973
 4792.800  0.9555  0.9959
 4792.820  0.9564  0.9914
 4792.840  0.9588  0.9864
 4792.860  0.9627  0.9842
 4792.880  0.9672  0.9863
 4792.900  0.9700  0.9909
 4792.920  0.9703  0.9927
 4792.940  0.9686  0.9845
 4792.960  0.9650  0.9603
 4792.980  0.9598  0.9193
 4793.000  0.9549  0.8674
 4793.020  0.9538  0.8162
 4793.040  0.9577  0.7799
 4793.060  0.9645  0.7697
 4793.080  0.9724  0.7896
 4793.100  0.9803  0.8343
 4793.120  0.9855  0.8912
 4793.140  0.9859  0.9442
 4793.160  0.9829  0.9804
 4793.180  0.9798  0.9936
 4793.200  0.9775  0.9866
 4793.220  0.9759  0.9686
 4793.240  0.9755  0.9507
 4793.260  0.9767  0.9412
 4793.280  0.9777  0.9420
 4793.300  0.9763  0.9490
 4793.320  0.9734  0.9549
 4793.340  0.9713  0.9534
 4793.360  0.9713  0.9427
 4793.380  0.9734  0.9269
 4793.400  0.9780  0.9141
 4793.420  0.9844  0.9121
 4793.440  0.9894  0.9249
 4793.460  0.9898  0.9499
 4793.480  0.9851  0.9780
 4793.500  0.9771  0.9975
 4793.520  0.9672  0.9982
 4793.540  0.9571  0.9753
 4793.560  0.9498  0.9320
 4793.580  0.9478  0.8783
 4793.600  0.9510  0.8278
 4793.620  0.9577  0.7934
 4793.640  0.9662  0.7833
 4793.660  0.9742  0.7990
 4793.680  0.9797  0.8352
 4793.700  0.9824  0.8825
 4793.720  0.9834  0.9300
 4793.740  0.9834  0.9686
 4793.760  0.9824  0.9935
 4793.780  0.9811  1.0040
 4793.800  0.9800  1.0035
 4793.820  0.9790  0.9974
 4793.840  0.9781  0.9914
 4793.860  0.9779  0.9891
 4793.880  0.9781  0.9917
 4793.900  0.9772  0.9980
 4793.920  0.9742  1.0050
 4793.940  0.9690  1.0099
 4793.960  0.9620  1.0109
 4793.980  0.9543  1.0082
 4794.000  0.9482  1.0037
 4794.020  0.9470  1.0000
 4794.040  0.9515  0.9988
 4794.060  0.9595  1.0004
 4794.080  0.9678  1.0029
 4794.100  0.9733  1.0039
 4794.120  0.9729  1.0014
 4794.140  0.9651  0.9952
 4794.160  0.9518  0.9874
 4794.180  0.9386  0.9815
 4794.200  0.9307  0.9809
 4794.220  0.9304  0.9865
 4794.240  0.9380  0.9967
 4794.260  0.9518  1.0071
 4794.280  0.9670  1.0130
 4794.300  0.9773  1.0111
 4794.320  0.9795  1.0019
 4794.340  0.9744  0.9889
 4794.360  0.9642  0.9776
 4794.380  0.9519  0.9724
 4794.400  0.9413  0.9746
 4794.420  0.9359  0.9820
 4794.440  0.9363  0.9896
 4794.460  0.9394  0.9927
 4794.480  0.9426  0.9895
 4794.500  0.9457  0.9822
 4794.520  0.9491  0.9757
 4794.540  0.9525  0.9752
 4794.560  0.9563  0.9826
 4794.580  0.9621  0.9942
 4794.600  0.9697  1.0022
 4794.620  0.9765  0.9967
 4794.640  0.9796  0.9715
 4794.660  0.9789  0.9267
 4794.680  0.9740  0.8703
 4794.700  0.9641  0.8159
 4794.720  0.9508  0.7776
 4794.740  0.9393  0.7651
 4794.760  0.9337  0.7799
 4794.780  0.9336  0.8152
 4794.800  0.9370  0.8594
 4794.820  0.9431  0.9003
 4794.840  0.9504  0.9296
 4794.860  0.9563  0.9456
 4794.880  0.9595  0.9518
 4794.900  0.9607  0.9543
 4794.920  0.9607  0.9587
 4794.940  0.9595  0.9669
 4794.960  0.9574  0.9779
 4794.980  0.9559  0.9884
 4795.000  0.9559  0.9956
 4795.020  0.9574  0.9984
 4795.040  0.9595  0.9980
 4795.060  0.9614  0.9963
 4795.080  0.9626  0.9951
 4795.100  0.9625  0.9948
 4795.120  0.9605  0.9948
 4795.140  0.9571  0.9943
 4795.160  0.9538  0.9934
 4795.180  0.9524  0.9931
 4795.200  0.9533  0.9943
 4795.220  0.9557  0.9957
 4795.240  0.9589  0.9937
 4795.260  0.9624  0.9828
 4795.280  0.9645  0.9578
 4795.300  0.9636  0.9179
 4795.320  0.9604  0.8681
 4795.340  0.9574  0.8196
 4795.360  0.9553  0.7863
 4795.380  0.9537  0.7797
 4795.400  0.9534  0.8037
 4795.420  0.9556  0.8524
 4795.440  0.9584  0.9117
 4795.460  0.9594  0.9642
 4795.480  0.9593  0.9961
 4795.500  0.9604  1.0024
 4795.520  0.9628  0.9880
 4795.540  0.9655  0.9651
 4795.560  0.9689  0.9473
 4795.580  0.9736  0.9438
 4795.600  0.9777  0.9556
 4795.620  0.9791  0.9763
 4795.640  0.9782  0.9961
 4795.660  0.9769  1.0069
 4795.680  0.9756  1.0062
 4795.700  0.9737  0.9977
 4795.720  0.9715  0.9888
 4795.740  0.9699  0.9859
 4795.760  0.9684  0.9912
 4795.780  0.9657  1.0018
 4795.800  0.9619  1.0112
 4795.820  0.9584  1.0134
 4795.840  0.9556  1.0060
 4795.860  0.9527  0.9918
 4795.880  0.9494  0.9766
 4795.900  0.9464  0.9663
 4795.920  0.9439  0.9635
 4795.940  0.9414  0.9669
 4795.960  0.9391  0.9717
 4795.980  0.9387  0.9736
 4796.000  0.9415  0.9710
 4796.020  0.9470  0.9664
 4796.040  0.9534  0.9644
 4796.060  0.9595  0.9690
 4796.080  0.9646  0.9805
 4796.100  0.9674  0.9945
 4796.120  0.9674  1.0038
 4796.140  0.9664  1.0025
 4796.160  0.9675  0.9894
 4796.180  0.9721  0.9692
 4796.200  0.9786  0.9502
 4796.220  0.9848  0.9400
 4796.240  0.9892  0.9409
 4796.260  0.9893  0.9476
 4796.280  0.9821  0.9493
 4796.300  0.9682  0.9349
 4796.320  0.9519  0.8988
 4796.340  0.9374  0.8445
 4796.360  0.9264  0.7840
 4796.380  0.9218  0.7328
 4796.400  0.9269  0.7023
 4796.420  0.9401  0.6948
 4796.440  0.9542  0.7016
 4796.460  0.9640  0.7079
 4796.480  0.9688  0.6999
 4796.500 -1.0000  0.6721
 4796.520 -1.0000  0.6310
 4796.540 -1.0000  0.5928
 4796.560 -1.0000  0.5761
 4796.580 -1.0000  0.5938
 4796.600 -1.0000  0.6467
 4796.620 -1.0000  0.7232
 4796.640  0.9456  0.8041
 4796.660  0.9290  0.8706
 4796.680  0.9007  0.9121
 4796.700  0.8635  0.9287
 4796.720  0.8232  0.9301
 4796.740  0.7856  0.9290
 4796.760  0.7559  0.9344
 4796.780  0.7404  0.9480
 4796.800  0.7438  0.9646
 4796.820  0.7656  0.9762
 4796.840  0.8005  0.9773
 4796.860  0.8421  0.9684
 4796.880  0.8836  0.9555
 4796.900  0.9179  0.9465
 4796.920  0.9391  0.9456
 4796.940  0.9453  0.9507
 4796.960  0.9407  0.9531
 4796.980  0.9325  0.9425
 4797.000  0.9269  0.9128
 4797.020  0.9278  0.8663
 4797.040  0.9377  0.8144
 4797.060  0.9558  0.7738
 4797.080  0.9757  0.7591
 4797.100  0.9890  0.7769
 4797.120  0.9925  0.8227
 4797.140  0.9885  0.8827
 4797.160  0.9806  0.9395
 4797.180  0.9718  0.9792
 4797.200  0.9650  0.9964
 4797.220  0.9622  0.9948
 4797.240  0.9624  0.9844
 4797.260  0.9634  0.9760
 4797.280  0.9644  0.9761
 4797.300  0.9659  0.9848
 4797.320  0.9679  0.9971
 4797.340  0.9701  1.0062
 4797.360  0.9726  1.0077
 4797.380  0.9751  1.0016
 4797.400  0.9762  0.9916
 4797.420  0.9744  0.9832
 4797.440  0.9701  0.9803
 4797.460  0.9652  0.9837
 4797.480  0.9619  0.9908
 4797.500  0.9619  0.9978
 4797.520  0.9660  1.0012
 4797.540  0.9727  1.0000
 4797.560  0.9794  0.9949
 4797.580  0.9833  0.9882
 4797.600  0.9825  0.9815
 4797.620  0.9773  0.9758
 4797.640  0.9704  0.9710
 4797.660  0.9657  0.9673
 4797.680  0.9660  0.9655
 4797.700  0.9713  0.9672
 4797.720  0.9797  0.9733
 4797.740  0.9885  0.9835
 4797.760  0.9937  0.9951
 4797.780  0.9926  1.0040
 4797.800  0.9858  1.0067
 4797.820  0.9767  1.0021
 4797.840  0.9685  0.9926
 4797.860  0.9631  0.9832
 4797.880  0.9621  0.9786
 4797.900  0.9656  0.9801
 4797.920  0.9711  0.9841
 4797.940  0.9746  0.9828
 4797.960  0.9749  0.9676
 4797.980  0.9732  0.9336
 4798.000  0.9703  0.8836
 4798.020  0.9661  0.8280
 4798.040  0.9631  0.7821
 4798.060  0.9635  0.7603
 4798.080  0.9662  0.7701
 4798.100  0.9689  0.8092
 4798.120  0.9715  0.8659
 4798.140  0.9751  0.9239
 4798.160  0.9787  0.9687
 4798.180  0.9806  0.9925
 4798.200  0.9809  0.9966
 4798.220  0.9794  0.9888
 4798.240  0.9746  0.9790
 4798.260  0.9657  0.9740
 4798.280  0.9548  0.9756
 4798.300  0.9454  0.9801
 4798.320  0.9399  0.9822
 4798.340  0.9394  0.9786
 4798.360  0.9436  0.9704
 4798.380  0.9508  0.9626
 4798.400  0.9578  0.9611
 4798.420  0.9606  0.9691
 4798.440  0.9576  0.9850
 4798.460  0.9505  1.0025
 4798.480  0.9426  1.0142
 4798.500  0.9368  1.0147
 4798.520  0.9351  1.0043
 4798.540  0.9388  0.9889
 4798.560  0.9468  0.9766
 4798.580  0.9554  0.9741
 4798.600  0.9611  0.9822
 4798.620  0.9631  0.9951
 4798.640  0.9623  1.0026
 4798.660  0.9597  0.9947
 4798.680  0.9570  0.9664
 4798.700  0.9562  0.9207
 4798.720  0.9578  0.8681
 4798.740  0.9592  0.8229
 4798.760  0.9580  0.7976
 4798.780  0.9540  0.7988
 4798.800  0.9483  0.8248
 4798.820  0.9431  0.8670
 4798.840  0.9410  0.9132
 4798.860  0.9440  0.9522
 4798.880  0.9517  0.9772
 4798.900  0.9614  0.9865
 4798.920  0.9704  0.9834
 4798.940  0.9758  0.9734
 4798.960  0.9759  0.9622
 4798.980  0.9712  0.9540
 4799.000  0.9643  0.9506
 4799.020  0.9581  0.9520
 4799.040  0.9557  0.9569
 4799.060  0.9582  0.9634
 4799.080  0.9648  0.9698
 4799.100  0.9726  0.9743
 4799.120  0.9789  0.9762
 4799.140  0.9823  0.9759
 4799.160  0.9822  0.9745
 4799.180  0.9790  0.9742
 4799.200  0.9744  0.9766
 4799.220  0.9708  0.9824
 4799.240  0.9693  0.9905
 4799.260  0.9692  0.9988
 4799.280  0.9698  1.0046
 4799.300  0.9701  1.0062
 4799.320  0.9688  1.0039
 4799.340  0.9649  0.9996
 4799.360  0.9588  0.9962
 4799.380  0.9523  0.9957
 4799.400  0.9473  0.9979
 4799.420  0.9450  1.0006
 4799.440  0.9464  1.0010
 4799.460  0.9519  0.9968
 4799.480  0.9604  0.9887
 4799.500  0.9697  0.9794
 4799.520  0.9769  0.9729
 4799.540  0.9804  0.9714
 4799.560  0.9800  0.9736
 4799.580  0.9760  0.9737
 4799.600  0.9694  0.9639
 4799.620  0.9628  0.9382
 4799.640  0.9588  0.8957
 4799.660  0.9578  0.8434
 4799.680  0.9582  0.7944
 4799.700  0.9591  0.7634
 4799.720  0.9596  0.7616
 4799.740  0.9579  0.7914
 4799.760  0.9538  0.8452
 4799.780  0.9499  0.9079
 4799.800  0.9493  0.9627
 4799.820  0.9520  0.9970
 4799.840  0.9568  1.0075
 4799.860  0.9630  0.9998
 4799.880  0.9693  0.9851
 4799.900  0.9730  0.9750
 4799.920  0.9723  0.9762
 4799.940  0.9686  0.9882
 4799.960  0.9649  1.0045
 4799.980  0.9631  1.0168
 4800.000  0.9641  1.0195
 4800.020  0.9684  1.0126
 4800.040  0.9750  1.0009
 4800.060  0.9812  0.9916
 4800.080  0.9841  0.9900
 4800.100  0.9832  0.9969
 4800.120  0.9799  1.0078
 4800.140  0.9764  1.0162
 4800.160  0.9742  1.0165
 4800.180  0.9747  1.0077
 4800.200  0.9781  0.9938
 4800.220  0.9824  0.9817
 4800.240  0.9844  0.9772
 4800.260  0.9822  0.9819
 4800.280  0.9764  0.9911
 4800.300  0.9685  0.9958
 4800.320  0.9598  0.9864
 4800.340  0.9529  0.9577
 4800.360  0.9503  0.9115
 4800.380  0.9521  0.8573
 4800.400  0.9565  0.8088
 4800.420  0.9616  0.7792
 4800.440  0.9661  0.7763
 4800.460  0.9686  0.8001
 4800.480  0.9686  0.8432
 4800.500  0.9681  0.8937
 4800.520  0.9686  0.9397
 4800.540  0.9703  0.9729
 4800.560  0.9721  0.9908
 4800.580  0.9733  0.9959
 4800.600  0.9737  0.9940
 4800.620  0.9728  0.9907
 4800.640  0.9712  0.9898
 4800.660  0.9707  0.9921
 4800.680  0.9722  0.9962
 4800.700  0.9759  0.9999
 4800.720  0.9809  1.0013
 4800.740  0.9857  1.0000
 4800.760  0.9886  0.9969
 4800.780  0.9880  0.9937
 4800.800  0.9842  0.9916
 4800.820  0.9788  0.9911
 4800.840  0.9734  0.9910
 4800.860  0.9698  0.9896
 4800.880  0.9690  0.9848
 4800.900  0.9708  0.9753
 4800.920  0.9734  0.9608
 4800.940  0.9749  0.9428
 4800.960  0.9740  0.9238
 4800.980  0.9707  0.9069
 4801.000  0.9655  0.8949
 4801.020  0.9602  0.8897
 4801.040  0.9569  0.8916
 4801.060  0.9567  0.8997
 4801.080  0.9591  0.9124
 4801.100  0.9627  0.9273
 4801.120  0.9659  0.9425
 4801.140  0.9677  0.9560
 4801.160  0.9674  0.9657
 4801.180  0.9655  0.9693
 4801.200  0.9631  0.9644
 4801.220  0.9616  0.9491
 4801.240  0.9615  0.9230
 4801.260  0.9626  0.8887
 4801.280  0.9639  0.8516
 4801.300  0.9649  0.8200
 4801.320  0.9646  0.8021
 4801.340  0.9623  0.8041
 4801.360  0.9588  0.8271
 4801.380  0.9559  0.8667
 4801.400  0.9546  0.9137
 4801.420  0.9539  0.9571
 4801.440  0.9530  0.9877
 4801.460  0.9523  1.0013
 4801.480  0.9510  1.0001
 4801.500  0.9484  0.9909
 4801.520  0.9455  0.9823
 4801.540  0.9448  0.9806
 4801.560  0.9472  0.9875
 4801.580  0.9522  0.9992
 4801.600  0.9597  1.0089
 4801.620  0.9685  1.0104
 4801.640  0.9759  1.0007
 4801.660  0.9788  0.9824
 4801.680  0.9763  0.9622
 4801.700  0.9697  0.9481
 4801.720  0.9607  0.9457
 4801.740  0.9513  0.9557
 4801.760  0.9445  0.9734
 4801.780  0.9424  0.9913
 4801.800  0.9443  1.0019
 4801.820  0.9480  1.0015
 4801.840  0.9520  0.9916
 4801.860  0.9552  0.9780
 4801.880  0.9564  0.9679
 4801.900  0.9549  0.9664
 4801.920  0.9520  0.9739
 4801.940  0.9498  0.9858
 4801.960  0.9488  0.9944
 4801.980  0.9482  0.9920
 4802.000  0.9481  0.9748
 4802.020  0.9483  0.9441
 4802.040  0.9477  0.9067
 4802.060  0.9456  0.8721
 4802.080  0.9431  0.8496
 4802.100  0.9416  0.8450
 4802.120  0.9416  0.8590
 4802.140  0.9429  0.8874
 4802.160  0.9457  0.9229
 4802.180  0.9498  0.9573
 4802.200  0.9538  0.9844
 4802.220  0.9569  1.0007
 4802.240  0.9590  1.0060
 4802.260  0.9602  1.0025
 4802.280  0.9604  0.9936
 4802.300  0.9599  0.9830
 4802.320  0.9592  0.9733
 4802.340  0.9586  0.9665
 4802.360  0.9580  0.9633
 4802.380  0.9574  0.9638
 4802.400  0.9566  0.9676
 4802.420  0.9551  0.9740
 4802.440  0.9529  0.9817
 4802.460  0.9501  0.9897
 4802.480  0.9470  0.9968
 4802.500  0.9441  1.0021
 4802.520  0.9422  1.0051
 4802.540  0.9419  1.0059
 4802.560  0.9431  1.0049
 4802.580  0.9454  1.0027
 4802.600  0.9483  0.9999
 4802.620  0.9513  0.9967
 4802.640  0.9537  0.9931
 4802.660  0.9560  0.9889
 4802.680  0.9589  0.9844
 4802.700  0.9632  0.9799
 4802.720  0.9692  0.9767
 4802.740  0.9765  0.9758
 4802.760  0.9840  0.9779
 4802.780  0.9898  0.9824
 4802.800  0.9923  0.9870
 4802.820  0.9907  0.9882
 4802.840  0.9857  0.9820
 4802.860  0.9782  0.9657
 4802.880  0.9696  0.9393
 4802.900  0.9618  0.9065
 4802.920  0.9560  0.8737
 4802.940  0.9520  0.8491
 4802.960  0.9495  0.8392
 4802.980 -1.0000  0.8470
 4803.000 -1.0000  0.8704
 4772.000  0.0000        
 4772.020  0.0000        
 4772.040 -0.0006        
 4772.060  0.0023        
 4772.080  0.0065        
 4772.100  0.0108        
 4772.120  0.0140        
 4772.140  0.0161        
 4772.160  0.0170        
 4772.180  0.0169        
 4772.200  0.0160        
 4772.220  0.0146        
 4772.240  0.0128        
 4772.260  0.0105        
 4772.280  0.0079        
 4772.300  0.0059        
 4772.320  0.0049        
 4772.340  0.0052        
 4772.360  0.0064        
 4772.380  0.0081        
 4772.400  0.0095        
 4772.420  0.0100        
 4772.440  0.0090        
 4772.460  0.0069        
 4772.480  0.0042        
 4772.500  0.0015        
 4772.520 -0.0006        
 4772.540 -0.0019        
 4772.560 -0.0023        
 4772.580 -0.0019        
 4772.600 -0.0010        
 4772.620  0.0006        
 4772.640  0.0026        
 4772.660  0.0049        
 4772.680  0.0070        
 4772.700  0.0083        
 4772.720  0.0086        
 4772.740  0.0081        
 4772.760  0.0071        
 4772.780  0.0063        
 4772.800  0.0065        
 4772.820  0.0082        
 4772.840  0.0108        
 4772.860  0.0132        
 4772.880  0.0142        
 4772.900  0.0129        
 4772.920  0.0094        
 4772.940  0.0042        
 4772.960 -0.0010        
 4772.980 -0.0042        
 4773.000 -0.0046        
 4773.020 -0.0026        
 4773.040  0.0007        
 4773.060  0.0041        
 4773.080  0.0059        
 4773.100  0.0055        
 4773.120  0.0037        
 4773.140  0.0025        
 4773.160  0.0033        
 4773.180  0.0065        
 4773.200  0.0116        
 4773.220  0.0170        
 4773.240  0.0208        
 4773.260  0.0208        
 4773.280  0.0167        
 4773.300  0.0097        
 4773.320  0.0020        
 4773.340 -0.0045        
 4773.360 -0.0081        
 4773.380 -0.0082        
 4773.400 -0.0061        
 4773.420 -0.0036        
 4773.440 -0.0020        
 4773.460 -0.0015        
 4773.480 -0.0019        
 4773.500 -0.0023        
 4773.520 -0.0015        
 4773.540  0.0011        
 4773.560  0.0049        
 4773.580  0.0085        
 4773.600  0.0107        
 4773.620  0.0111        
 4773.640  0.0101        
 4773.660  0.0085        
 4773.680  0.0076        
 4773.700  0.0084        
 4773.720  0.0110        
 4773.740  0.0141        
 4773.760  0.0163        
 4773.780  0.0165        
 4773.800  0.0143        
 4773.820  0.0101        
 4773.840  0.0055        
 4773.860  0.0024        
 4773.880  0.0021        
 4773.900  0.0047        
 4773.920  0.0094        
 4773.940  0.0144        
 4773.960  0.0179        
 4773.980  0.0182        
 4774.000  0.0150        
 4774.020  0.0092        
 4774.040  0.0022        
 4774.060 -0.0047        
 4774.080 -0.0102        
 4774.100 -0.0133        
 4774.120 -0.0140        
 4774.140 -0.0126        
 4774.160 -0.0097        
 4774.180 -0.0060        
 4774.200 -0.0024        
 4774.220  0.0006        
 4774.240  0.0025        
 4774.260  0.0031        
 4774.280  0.0028        
 4774.300  0.0020        
 4774.320  0.0013        
 4774.340  0.0014        
 4774.360  0.0025        
 4774.380  0.0045        
 4774.400  0.0068        
 4774.420  0.0083        
 4774.440  0.0084        
 4774.460  0.0071        
 4774.480  0.0045        
 4774.500  0.0016        
 4774.520 -0.0003        
 4774.540 -0.0001        
 4774.560  0.0024        
 4774.580  0.0068        
 4774.600  0.0121        
 4774.620  0.0169        
 4774.640  0.0198        
 4774.660  0.0204        
 4774.680  0.0188        
 4774.700  0.0159        
 4774.720  0.0126        
 4774.740  0.0100        
 4774.760  0.0085        
 4774.780  0.0082        
 4774.800  0.0083        
 4774.820  0.0081        
 4774.840  0.0068        
 4774.860  0.0041        
 4774.880  0.0001        
 4774.900 -0.0046        
 4774.920 -0.0091        
 4774.940 -0.0127        
 4774.960 -0.0146        
 4774.980 -0.0144        
 4775.000 -0.0121        
 4775.020 -0.0080        
 4775.040 -0.0028        
 4775.060  0.0029        
 4775.080  0.0081        
 4775.100  0.0122        
 4775.120  0.0145        
 4775.140  0.0150        
 4775.160  0.0140        
 4775.180  0.0123        
 4775.200  0.0105        
 4775.220  0.0091        
 4775.240  0.0083        
 4775.260  0.0079        
 4775.280  0.0071        
 4775.300  0.0052        
 4775.320  0.0021        
 4775.340 -0.0020        
 4775.360 -0.0061        
 4775.380 -0.0089        
 4775.400 -0.0089        
 4775.420 -0.0056        
 4775.440  0.0007        
 4775.460  0.0087        
 4775.480  0.0164        
 4775.500  0.0219        
 4775.520  0.0236        
 4775.540  0.0207        
 4775.560  0.0140        
 4775.580  0.0050        
 4775.600 -0.0041        
 4775.620 -0.0107        
 4775.640 -0.0130        
 4775.660 -0.0110        
 4775.680 -0.0057        
 4775.700  0.0013        
 4775.720  0.0081        
 4775.740  0.0124        
 4775.760  0.0126        
 4775.780  0.0078        
 4775.800 -0.0010        
 4775.820 -0.0110        
 4775.840 -0.0188        
 4775.860 -0.0216        
 4775.880 -0.0192        
 4775.900 -0.0126        
 4775.920 -0.0034        
 4775.940  0.0065        
 4775.960  0.0151        
 4775.980  0.0208        
 4776.000  0.0224        
 4776.020  0.0199        
 4776.040  0.0142        
 4776.060  0.0075        
 4776.080  0.0022        
 4776.100 -0.0004        
 4776.120  0.0005        
 4776.140  0.0044        
 4776.160  0.0098        
 4776.180  0.0143        
 4776.200  0.0162        
 4776.220  0.0151        
 4776.240  0.0111        
 4776.260  0.0055        
 4776.280 -0.0001        
 4776.300 -0.0043        
 4776.320 -0.0063        
 4776.340 -0.0064        
 4776.360 -0.0051        
 4776.380 -0.0031        
 4776.400 -0.0006        
 4776.420  0.0020        
 4776.440  0.0052        
 4776.460  0.0092        
 4776.480  0.0138        
 4776.500  0.0182        
 4776.520  0.0213        
 4776.540  0.0222        
 4776.560  0.0204        
 4776.580  0.0160        
 4776.600  0.0103        
 4776.620  0.0048        
 4776.640  0.0010        
 4776.660 -0.0006        
 4776.680 -0.0002        
 4776.700  0.0016        
 4776.720  0.0037        
 4776.740  0.0053        
 4776.760  0.0063        
 4776.780  0.0072        
 4776.800  0.0087        
 4776.820  0.0113        
 4776.840  0.0152        
 4776.860  0.0201        
 4776.880  0.0250        
 4776.900  0.0288        
 4776.920  0.0308        
 4776.940  0.0307        
 4776.960  0.0284        
 4776.980  0.0244        
 4777.000  0.0192        
 4777.020  0.0136        
 4777.040  0.0084        
 4777.060  0.0046        
 4777.080  0.0026        
 4777.100  0.0030        
 4777.120  0.0060        
 4777.140  0.0111        
 4777.160  0.0167        
 4777.180  0.0210        
 4777.200  0.0222        
 4777.220  0.0194        
 4777.240  0.0129        
 4777.260  0.0047        
 4777.280 -0.0024        
 4777.300 -0.0062        
 4777.320 -0.0062        
 4777.340 -0.0030        
 4777.360  0.0020        
 4777.380  0.0067        
 4777.400  0.0087        
 4777.420  0.0069        
 4777.440  0.0020        
 4777.460 -0.0047        
 4777.480 -0.0113        
 4777.500 -0.0159        
 4777.520 -0.0170        
 4777.540 -0.0145        
 4777.560 -0.0092        
 4777.580 -0.0024        
 4777.600  0.0050        
 4777.620  0.0118        
 4777.640  0.0172        
 4777.660  0.0208        
 4777.680  0.0222        
 4777.700  0.0212        
 4777.720  0.0177        
 4777.740  0.0124        
 4777.760  0.0063        
 4777.780  0.0013        
 4777.800 -0.0014        
 4777.820 -0.0010        
 4777.840  0.0024        
 4777.860  0.0078        
 4777.880  0.0134        
 4777.900  0.0172        
 4777.920  0.0181        
 4777.940  0.0162        
 4777.960  0.0124        
 4777.980  0.0081        
 4778.000  0.0050        
 4778.020  0.0039        
 4778.040  0.0046        
 4778.060  0.0061        
 4778.080  0.0074        
 4778.100  0.0079        
 4778.120  0.0074        
 4778.140  0.0064        
 4778.160  0.0057        
 4778.180  0.0061        
 4778.200  0.0076        
 4778.220  0.0093        
 4778.240  0.0103        
 4778.260  0.0101        
 4778.280  0.0084        
 4778.300  0.0054        
 4778.320  0.0022        
 4778.340  0.0002        
 4778.360  0.0000        
 4778.380  0.0014        
 4778.400  0.0039        
 4778.420  0.0068        
 4778.440  0.0094        
 4778.460  0.0113        
 4778.480  0.0125        
 4778.500  0.0136        
 4778.520  0.0147        
 4778.540  0.0155        
 4778.560  0.0153        
 4778.580  0.0138        
 4778.600  0.0106        
 4778.620  0.0060        
 4778.640  0.0009        
 4778.660 -0.0032        
 4778.680 -0.0049        
 4778.700 -0.0039        
 4778.720 -0.0007        
 4778.740  0.0037        
 4778.760  0.0079        
 4778.780  0.0105        
 4778.800  0.0108        
 4778.820  0.0097        
 4778.840  0.0081        
 4778.860  0.0070        
 4778.880  0.0070        
 4778.900  0.0081        
 4778.920  0.0095        
 4778.940  0.0102        
 4778.960  0.0094        
 4778.980  0.0073        
 4779.000  0.0045        
 4779.020  0.0020        
 4779.040  0.0010        
 4779.060  0.0020        
 4779.080  0.0049        
 4779.100  0.0088        
 4779.120  0.0124        
 4779.140  0.0148        
 4779.160  0.0155        
 4779.180  0.0145        
 4779.200  0.0122        
 4779.220  0.0089        
 4779.240  0.0050        
 4779.260  0.0008        
 4779.280 -0.0038        
 4779.300 -0.0081        
 4779.320 -0.0116        
 4779.340 -0.0133        
 4779.360 -0.0130        
 4779.380 -0.0103        
 4779.400 -0.0056        
 4779.420  0.0004        
 4779.440  0.0066        
 4779.460  0.0123        
 4779.480  0.0171        
 4779.500  0.0211        
 4779.520  0.0245        
 4779.540  0.0275        
 4779.560  0.0300        
 4779.580  0.0315        
 4779.600  0.0312        
 4779.620  0.0284        
 4779.640  0.0236        
 4779.660  0.0177        
 4779.680  0.0123        
 4779.700  0.0091        
 4779.720  0.0096        
 4779.740  0.0138        
 4779.760  0.0202        
 4779.780  0.0265        
 4779.800  0.0306        
 4779.820  0.0311        
 4779.840  0.0272        
 4779.860  0.0204        
 4779.880  0.0127        
 4779.900  0.0066        
 4779.920  0.0035        
 4779.940  0.0040        
 4779.960  0.0078        
 4779.980  0.0128        
 4780.000  0.0170        
 4780.020  0.0186        
 4780.040  0.0168        
 4780.060  0.0115        
 4780.080  0.0039        
 4780.100 -0.0043        
 4780.120 -0.0112        
 4780.140 -0.0153        
 4780.160 -0.0158        
 4780.180 -0.0126        
 4780.200 -0.0066        
 4780.220  0.0008        
 4780.240  0.0080        
 4780.260  0.0132        
 4780.280  0.0152        
 4780.300  0.0137        
 4780.320  0.0098        
 4780.340  0.0047        
 4780.360  0.0005        
 4780.380 -0.0012        
 4780.400  0.0004        
 4780.420  0.0049        
 4780.440  0.0108        
 4780.460  0.0164        
 4780.480  0.0196        
 4780.500  0.0193        
 4780.520  0.0155        
 4780.540  0.0098        
 4780.560  0.0037        
 4780.580 -0.0014        
 4780.600 -0.0049        
 4780.620 -0.0068        
 4780.640 -0.0080        
 4780.660 -0.0097        
 4780.680 -0.0124        
 4780.700 -0.0158        
 4780.720 -0.0193        
 4780.740 -0.0219        
 4780.760 -0.0224        
 4780.780 -0.0199        
 4780.800 -0.0146        
 4780.820 -0.0073        
 4780.840  0.0006        
 4780.860  0.0079        
 4780.880  0.0133        
 4780.900  0.0165        
 4780.920  0.0174        
 4780.940  0.0158        
 4780.960  0.0120        
 4780.980  0.0063        
 4781.000 -0.0007        
 4781.020 -0.0076        
 4781.040 -0.0128        
 4781.060 -0.0150        
 4781.080 -0.0140        
 4781.100 -0.0101        
 4781.120 -0.0041        
 4781.140  0.0025        
 4781.160  0.0087        
 4781.180  0.0136        
 4781.200  0.0171        
 4781.220  0.0193        
 4781.240  0.0207        
 4781.260  0.0218        
 4781.280  0.0229        
 4781.300  0.0237        
 4781.320  0.0234        
 4781.340  0.0218        
 4781.360  0.0187        
 4781.380  0.0145        
 4781.400  0.0101        
 4781.420  0.0064        
 4781.440  0.0040        
 4781.460  0.0033        
 4781.480  0.0041        
 4781.500  0.0060        
 4781.520  0.0088        
 4781.540  0.0119        
 4781.560  0.0146        
 4781.580  0.0165        
 4781.600  0.0170        
 4781.620  0.0159        
 4781.640  0.0129        
 4781.660  0.0084        
 4781.680  0.0029        
 4781.700 -0.0023        
 4781.720 -0.0062        
 4781.740 -0.0082        
 4781.760 -0.0086        
 4781.780 -0.0076        
 4781.800 -0.0063        
 4781.820 -0.0056        
 4781.840 -0.0057        
 4781.860 -0.0063        
 4781.880 -0.0068        
 4781.900 -0.0067        
 4781.920 -0.0060        
 4781.940 -0.0049        
 4781.960 -0.0039        
 4781.980 -0.0039        
 4782.000 -0.0049        
 4782.020 -0.0062        
 4782.040 -0.0064        
 4782.060 -0.0049        
 4782.080 -0.0012        
 4782.100  0.0040        
 4782.120  0.0095        
 4782.140  0.0132        
 4782.160  0.0138        
 4782.180  0.0118        
 4782.200  0.0086        
 4782.220  0.0062        
 4782.240  0.0059        
 4782.260  0.0084        
 4782.280  0.0133        
 4782.300  0.0182        
 4782.320  0.0206        
 4782.340  0.0193        
 4782.360  0.0148        
 4782.380  0.0085        
 4782.400  0.0028        
 4782.420  0.0003        
 4782.440  0.0023        
 4782.460  0.0079        
 4782.480  0.0146        
 4782.500  0.0204        
 4782.520  0.0237        
 4782.540  0.0237        
 4782.560  0.0211        
 4782.580  0.0181        
 4782.600  0.0164        
 4782.620  0.0165        
 4782.640  0.0171        
 4782.660  0.0167        
 4782.680  0.0141        
 4782.700  0.0090        
 4782.720  0.0021        
 4782.740 -0.0045        
 4782.760 -0.0086        
 4782.780 -0.0092        
 4782.800 -0.0067        
 4782.820 -0.0022        
 4782.840  0.0025        
 4782.860  0.0051        
 4782.880  0.0043        
 4782.900  0.0010        
 4782.920 -0.0026        
 4782.940 -0.0047        
 4782.960 -0.0048        
 4782.980 -0.0031        
 4783.000 -0.0004        
 4783.020  0.0017        
 4783.040  0.0020        
 4783.060  0.0004        
 4783.080 -0.0025        
 4783.100 -0.0054        
 4783.120 -0.0077        
 4783.140 -0.0089        
 4783.160 -0.0087        
 4783.180 -0.0072        
 4783.200 -0.0047        
 4783.220 -0.0013        
 4783.240  0.0035        
 4783.260  0.0096        
 4783.280  0.0163        
 4783.300  0.0224        
 4783.320  0.0264        
 4783.340  0.0276        
 4783.360  0.0258        
 4783.380  0.0215        
 4783.400  0.0167        
 4783.420  0.0134        
 4783.440  0.0126        
 4783.460  0.0135        
 4783.480  0.0148        
 4783.500  0.0148        
 4783.520  0.0120        
 4783.540  0.0059        
 4783.560 -0.0019        
 4783.580 -0.0085        
 4783.600 -0.0114        
 4783.620 -0.0096        
 4783.640 -0.0033        
 4783.660  0.0061        
 4783.680  0.0157        
 4783.700  0.0224        
 4783.720  0.0252        
 4783.740  0.0247        
 4783.760  0.0227        
 4783.780  0.0204        
 4783.800  0.0189        
 4783.820  0.0184        
 4783.840  0.0180        
 4783.860  0.0163        
 4783.880  0.0126        
 4783.900  0.0078        
 4783.920  0.0034        
 4783.940  0.0003        
 4783.960 -0.0006        
 4783.980  0.0007        
 4784.000  0.0032        
 4784.020  0.0048        
 4784.040  0.0043        
 4784.060  0.0018        
 4784.080 -0.0015        
 4784.100 -0.0042        
 4784.120 -0.0054        
 4784.140 -0.0045        
 4784.160 -0.0020        
 4784.180  0.0003        
 4784.200  0.0006        
 4784.220 -0.0015        
 4784.240 -0.0052        
 4784.260 -0.0090        
 4784.280 -0.0112        
 4784.300 -0.0103        
 4784.320 -0.0058        
 4784.340  0.0011        
 4784.360  0.0083        
 4784.380  0.0137        
 4784.400  0.0162        
 4784.420  0.0156        
 4784.440  0.0129        
 4784.460  0.0099        
 4784.480  0.0078        
 4784.500  0.0067        
 4784.520  0.0054        
 4784.540  0.0032        
 4784.560 -0.0002        
 4784.580 -0.0044        
 4784.600 -0.0081        
 4784.620 -0.0099        
 4784.640 -0.0086        
 4784.660 -0.0041        
 4784.680  0.0020        
 4784.700  0.0080        
 4784.720  0.0126        
 4784.740  0.0152        
 4784.760  0.0158        
 4784.780  0.0151        
 4784.800  0.0142        
 4784.820  0.0136        
 4784.840  0.0132        
 4784.860  0.0125        
 4784.880  0.0115        
 4784.900  0.0108        
 4784.920  0.0108        
 4784.940  0.0122        
 4784.960  0.0152        
 4784.980  0.0195        
 4785.000  0.0234        
 4785.020  0.0248        
 4785.040  0.0226        
 4785.060  0.0170        
 4785.080  0.0093        
 4785.100  0.0018        
 4785.120 -0.0028        
 4785.140 -0.0025        
 4785.160  0.0025        
 4785.180  0.0096        
 4785.200  0.0160        
 4785.220  0.0187        
 4785.240  0.0158        
 4785.260  0.0076        
 4785.280 -0.0032        
 4785.300 -0.0125        
 4785.320 -0.0171        
 4785.340 -0.0156        
 4785.360 -0.0084        
 4785.380  0.0026        
 4785.400  0.0136        
 4785.420  0.0215        
 4785.440  0.0246        
 4785.460  0.0230        
 4785.480  0.0180        
 4785.500  0.0115        
 4785.520  0.0061        
 4785.540  0.0029        
 4785.560  0.0018        
 4785.580  0.0020        
 4785.600  0.0025        
 4785.620  0.0023        
 4785.640  0.0009        
 4785.660 -0.0016        
 4785.680 -0.0045        
 4785.700 -0.0072        
 4785.720 -0.0094        
 4785.740 -0.0112        
 4785.760 -0.0128        
 4785.780 -0.0144        
 4785.800 -0.0162        
 4785.820 -0.0177        
 4785.840 -0.0181        
 4785.860 -0.0166        
 4785.880 -0.0132        
 4785.900 -0.0078        
 4785.920 -0.0014        
 4785.940  0.0048        
 4785.960  0.0090        
 4785.980  0.0101        
 4786.000  0.0081        
 4786.020  0.0037        
 4786.040 -0.0015        
 4786.060 -0.0055        
 4786.080 -0.0067        
 4786.100 -0.0048        
 4786.120 -0.0005        
 4786.140  0.0045        
 4786.160  0.0084        
 4786.180  0.0092        
 4786.200  0.0070        
 4786.220  0.0037        
 4786.240  0.0016        
 4786.260  0.0024        
 4786.280  0.0066        
 4786.300  0.0135        
 4786.320  0.0211        
 4786.340  0.0259        
 4786.360  0.0251        
 4786.380  0.0184        
 4786.400  0.0072        
 4786.420 -0.0058        
 4786.440 -0.0174        
 4786.460 -0.0241        
 4786.480 -0.0245        
 4786.500 -0.0189        
 4786.520 -0.0095        
 4786.540  0.0004        
 4786.560  0.0075        
 4786.580  0.0098        
 4786.600  0.0080        
 4786.620  0.0047        
 4786.640  0.0017        
 4786.660  0.0000        
 4786.680 -0.0003        
 4786.700  0.0001        
 4786.720  0.0003        
 4786.740 -0.0006        
 4786.760 -0.0024        
 4786.780 -0.0039        
 4786.800 -0.0035        
 4786.820 -0.0008        
 4786.840  0.0042        
 4786.860  0.0106        
 4786.880  0.0167        
 4786.900  0.0207        
 4786.920  0.0216        
 4786.940  0.0198        
 4786.960  0.0165        
 4786.980  0.0128        
 4787.000  0.0095        
 4787.020  0.0073        
 4787.040  0.0059        
 4787.060  0.0044        
 4787.080  0.0026        
 4787.100  0.0009        
 4787.120  0.0001        
 4787.140  0.0010        
 4787.160  0.0042        
 4787.180  0.0093        
 4787.200  0.0151        
 4787.220  0.0197        
 4787.240  0.0213        
 4787.260  0.0194        
 4787.280  0.0148        
 4787.300  0.0088        
 4787.320  0.0034        
 4787.340  0.0005        
 4787.360  0.0009        
 4787.380  0.0039        
 4787.400  0.0080        
 4787.420  0.0117        
 4787.440  0.0136        
 4787.460  0.0132        
 4787.480  0.0107        
 4787.500  0.0070        
 4787.520  0.0031        
 4787.540 -0.0006        
 4787.560 -0.0041        
 4787.580 -0.0074        
 4787.600 -0.0105        
 4787.620 -0.0131        
 4787.640 -0.0148        
 4787.660 -0.0149        
 4787.680 -0.0128        
 4787.700 -0.0091        
 4787.720 -0.0048        
 4787.740 -0.0013        
 4787.760  0.0007        
 4787.780  0.0009        
 4787.800 -0.0005        
 4787.820 -0.0021        
 4787.840 -0.0022        
 4787.860  0.0003        
 4787.880  0.0053        
 4787.900  0.0117        
 4787.920  0.0177        
 4787.940  0.0212        
 4787.960  0.0215        
 4787.980  0.0191        
 4788.000  0.0157        
 4788.020  0.0125        
 4788.040  0.0100        
 4788.060  0.0084        
 4788.080  0.0076        
 4788.100  0.0071        
 4788.120  0.0063        
 4788.140  0.0054        
 4788.160  0.0050        
 4788.180  0.0059        
 4788.200  0.0085        
 4788.220  0.0128        
 4788.240  0.0186        
 4788.260  0.0245        
 4788.280  0.0290        
 4788.300  0.0306        
 4788.320  0.0283        
 4788.340  0.0224        
 4788.360  0.0140        
 4788.380  0.0051        
 4788.400 -0.0025        
 4788.420 -0.0080        
 4788.440 -0.0109        
 4788.460 -0.0117        
 4788.480 -0.0105        
 4788.500 -0.0082        
 4788.520 -0.0052        
 4788.540 -0.0024        
 4788.560 -0.0003        
 4788.580  0.0006        
 4788.600  0.0004        
 4788.620 -0.0003        
 4788.640 -0.0010        
 4788.660 -0.0008        
 4788.680  0.0009        
 4788.700  0.0042        
 4788.720  0.0083        
 4788.740  0.0126        
 4788.760  0.0161        
 4788.780  0.0180        
 4788.800  0.0178        
 4788.820  0.0158        
 4788.840  0.0123        
 4788.860  0.0078        
 4788.880  0.0029        
 4788.900 -0.0018        
 4788.920 -0.0057        
 4788.940 -0.0082        
 4788.960 -0.0088        
 4788.980 -0.0071        
 4789.000 -0.0032        
 4789.020  0.0022        
 4789.040  0.0079        
 4789.060  0.0122        
 4789.080  0.0140        
 4789.100  0.0127        
 4789.120  0.0087        
 4789.140  0.0033        
 4789.160 -0.0016        
 4789.180 -0.0046        
 4789.200 -0.0055        
 4789.220 -0.0046        
 4789.240 -0.0030        
 4789.260 -0.0020        
 4789.280 -0.0026        
 4789.300 -0.0046        
 4789.320 -0.0067        
 4789.340 -0.0073        
 4789.360 -0.0055        
 4789.380 -0.0012        
 4789.400  0.0050        
 4789.420  0.0111        
 4789.440  0.0147        
 4789.460  0.0142        
 4789.480  0.0100        
 4789.500  0.0031        
 4789.520 -0.0048        
 4789.540 -0.0114        
 4789.560 -0.0151        
 4789.580 -0.0151        
 4789.600 -0.0121        
 4789.620 -0.0071        
 4789.640 -0.0016        
 4789.660  0.0030        
 4789.680  0.0062        
 4789.700  0.0085        
 4789.720  0.0108        
 4789.740  0.0136        
 4789.760  0.0169        
 4789.780  0.0202        
 4789.800  0.0230        
 4789.820  0.0245        
 4789.840  0.0244        
 4789.860  0.0226        
 4789.880  0.0198        
 4789.900  0.0165        
 4789.920  0.0134        
 4789.940  0.0111        
 4789.960  0.0099        
 4789.980  0.0102        
 4790.000  0.0119        
 4790.020  0.0147        
 4790.040  0.0182        
 4790.060  0.0217        
 4790.080  0.0243        
 4790.100  0.0251        
 4790.120  0.0239        
 4790.140  0.0211        
 4790.160  0.0178        
 4790.180  0.0149        
 4790.200  0.0127        
 4790.220  0.0111        
 4790.240  0.0096        
 4790.260  0.0072        
 4790.280  0.0034        
 4790.300 -0.0011        
 4790.320 -0.0052        
 4790.340 -0.0076        
 4790.360 -0.0074        
 4790.380 -0.0047        
 4790.400 -0.0004        
 4790.420  0.0037        
 4790.440  0.0054        
 4790.460  0.0040        
 4790.480 -0.0001        
 4790.500 -0.0058        
 4790.520 -0.0109        
 4790.540 -0.0131        
 4790.560 -0.0111        
 4790.580 -0.0054        
 4790.600  0.0022        
 4790.620  0.0098        
 4790.640  0.0156        
 4790.660  0.0184        
 4790.680  0.0179        
 4790.700  0.0149        
 4790.720  0.0107        
 4790.740  0.0059        
 4790.760  0.0008        
 4790.780 -0.0046        
 4790.800 -0.0101        
 4790.820 -0.0152        
 4790.840 -0.0190        
 4790.860 -0.0203        
 4790.880 -0.0178        
 4790.900 -0.0119        
 4790.920 -0.0040        
 4790.940  0.0041        
 4790.960  0.0101        
 4790.980  0.0123        
 4791.000  0.0098        
 4791.020  0.0041        
 4791.040 -0.0024        
 4791.060 -0.0070        
 4791.080 -0.0082        
 4791.100 -0.0054        
 4791.120  0.0009        
 4791.140  0.0085        
 4791.160  0.0149        
 4791.180  0.0187        
 4791.200  0.0197        
 4791.220  0.0186        
 4791.240  0.0170        
 4791.260  0.0166        
 4791.280  0.0184        
 4791.300  0.0223        
 4791.320  0.0268        
 4791.340  0.0300        
 4791.360  0.0304        
 4791.380  0.0273        
 4791.400  0.0218        
 4791.420  0.0161        
 4791.440  0.0118        
 4791.460  0.0097        
 4791.480  0.0095        
 4791.500  0.0108        
 4791.520  0.0125        
 4791.540  0.0136        
 4791.560  0.0135        
 4791.580  0.0121        
 4791.600  0.0099        
 4791.620  0.0074        
 4791.640  0.0054        
 4791.660  0.0041        
 4791.680  0.0036        
 4791.700  0.0036        
 4791.720  0.0038        
 4791.740  0.0041        
 4791.760  0.0045        
 4791.780  0.0050        
 4791.800  0.0058        
 4791.820  0.0070        
 4791.840  0.0080        
 4791.860  0.0081        
 4791.880  0.0067        
 4791.900  0.0036        
 4791.920 -0.0004        
 4791.940 -0.0039        
 4791.960 -0.0056        
 4791.980 -0.0046        
 4792.000 -0.0005        
 4792.020  0.0054        
 4792.040  0.0119        
 4792.060  0.0168        
 4792.080  0.0185        
 4792.100  0.0157        
 4792.120  0.0090        
 4792.140  0.0005        
 4792.160 -0.0071        
 4792.180 -0.0115        
 4792.200 -0.0110        
 4792.220 -0.0055        
 4792.240  0.0034        
 4792.260  0.0126        
 4792.280  0.0194        
 4792.300  0.0221        
 4792.320  0.0197        
 4792.340  0.0133        
 4792.360  0.0056        
 4792.380 -0.0008        
 4792.400 -0.0042        
 4792.420 -0.0036        
 4792.440  0.0004        
 4792.460  0.0062        
 4792.480  0.0115        
 4792.500  0.0145        
 4792.520  0.0146        
 4792.540  0.0117        
 4792.560  0.0068        
 4792.580  0.0012        
 4792.600 -0.0037        
 4792.620 -0.0072        
 4792.640 -0.0093        
 4792.660 -0.0101        
 4792.680 -0.0098        
 4792.700 -0.0088        
 4792.720 -0.0071        
 4792.740 -0.0049        
 4792.760 -0.0019        
 4792.780  0.0015        
 4792.800  0.0049        
 4792.820  0.0077        
 4792.840  0.0092        
 4792.860  0.0089        
 4792.880  0.0068        
 4792.900  0.0033        
 4792.920 -0.0007        
 4792.940 -0.0046        
 4792.960 -0.0075        
 4792.980 -0.0091        
 4793.000 -0.0091        
 4793.020 -0.0077        
 4793.040 -0.0055        
 4793.060 -0.0030        
 4793.080 -0.0009        
 4793.100  0.0003        
 4793.120  0.0008        
 4793.140  0.0009        
 4793.160  0.0007        
 4793.180  0.0003        
 4793.200 -0.0002        
 4793.220 -0.0010        
 4793.240 -0.0018        
 4793.260 -0.0026        
 4793.280 -0.0030        
 4793.300 -0.0026        
 4793.320 -0.0012        
 4793.340  0.0011        
 4793.360  0.0036        
 4793.380  0.0060        
 4793.400  0.0077        
 4793.420  0.0083        
 4793.440  0.0079        
 4793.460  0.0074        
 4793.480  0.0075        
 4793.500  0.0089        
 4793.520  0.0114        
 4793.540  0.0148        
 4793.560  0.0180        
 4793.580  0.0194        
 4793.600  0.0179        
 4793.620  0.0129        
 4793.640  0.0055        
 4793.660 -0.0022        
 4793.680 -0.0079        
 4793.700 -0.0100        
 4793.720 -0.0084        
 4793.740 -0.0043        
 4793.760  0.0008        
 4793.780  0.0053        
 4793.800  0.0079        
 4793.820  0.0078        
 4793.840  0.0053        
 4793.860  0.0016        
 4793.880 -0.0023        
 4793.900 -0.0051        
 4793.920 -0.0062        
 4793.940 -0.0053        
 4793.960 -0.0033        
 4793.980 -0.0009        
 4794.000  0.0013        
 4794.020  0.0029        
 4794.040  0.0039        
 4794.060  0.0048        
 4794.080  0.0062        
 4794.100  0.0085        
 4794.120  0.0115        
 4794.140  0.0149        
 4794.160  0.0181        
 4794.180  0.0200        
 4794.200  0.0200        
 4794.220  0.0181        
 4794.240  0.0148        
 4794.260  0.0108        
 4794.280  0.0070        
 4794.300  0.0040        
 4794.320  0.0024        
 4794.340  0.0018        
 4794.360  0.0019        
 4794.380  0.0023        
 4794.400  0.0028        
 4794.420  0.0032        
 4794.440  0.0037        
 4794.460  0.0047        
 4794.480  0.0065        
 4794.500  0.0090        
 4794.520  0.0119        
 4794.540  0.0147        
 4794.560  0.0170        
 4794.580  0.0185        
 4794.600  0.0194        
 4794.620  0.0198        
 4794.640  0.0199        
 4794.660  0.0197        
 4794.680  0.0183        
 4794.700  0.0150        
 4794.720  0.0097        
 4794.740  0.0028        
 4794.760 -0.0042        
 4794.780 -0.0093        
 4794.800 -0.0108        
 4794.820 -0.0086        
 4794.840 -0.0035        
 4794.860  0.0032        
 4794.880  0.0099        
 4794.900  0.0147        
 4794.920  0.0165        
 4794.940  0.0153        
 4794.960  0.0124        
 4794.980  0.0092        
 4795.000  0.0069        
 4795.020  0.0065        
 4795.040  0.0079        
 4795.060  0.0103        
 4795.080  0.0126        
 4795.100  0.0142        
 4795.120  0.0151        
 4795.140  0.0157        
 4795.160  0.0165        
 4795.180  0.0179        
 4795.200  0.0200        
 4795.220  0.0221        
 4795.240  0.0232        
 4795.260  0.0227        
 4795.280  0.0205        
 4795.300  0.0168        
 4795.320  0.0123        
 4795.340  0.0080        
 4795.360  0.0049        
 4795.380  0.0035        
 4795.400  0.0035        
 4795.420  0.0043        
 4795.440  0.0056        
 4795.460  0.0073        
 4795.480  0.0093        
 4795.500  0.0115        
 4795.520  0.0135        
 4795.540  0.0145        
 4795.560  0.0134        
 4795.580  0.0094        
 4795.600  0.0035        
 4795.620 -0.0025        
 4795.640 -0.0066        
 4795.660 -0.0072        
 4795.680 -0.0035        
 4795.700  0.0042        
 4795.720  0.0132        
 4795.740  0.0204        
 4795.760  0.0234        
 4795.780  0.0216        
 4795.800  0.0155        
 4795.820  0.0077        
 4795.840  0.0012        
 4795.860 -0.0011        
 4795.880  0.0010        
 4795.900  0.0061        
 4795.920  0.0119        
 4795.940  0.0161        
 4795.960  0.0166        
 4795.980  0.0136        
 4796.000  0.0090        
 4796.020  0.0056        
 4796.040  0.0048        
 4796.060  0.0070        
 4796.080  0.0111        
 4796.100  0.0148        
 4796.120  0.0153        
 4796.140  0.0112        
 4796.160  0.0032        
 4796.180 -0.0065        
 4796.200 -0.0152        
 4796.220 -0.0202        
 4796.240 -0.0196        
 4796.260 -0.0142        
 4796.280 -0.0065        
 4796.300  0.0004        
 4796.320  0.0042        
 4796.340  0.0035        
 4796.360 -0.0021        
 4796.380 -0.0111        
 4796.400 -0.0201        
 4796.420 -0.0261        
 4796.440 -0.0276        
 4796.460 -0.0247        
 4796.480 -0.0187        
 4796.500 -0.0113        
 4796.520 -0.0039        
 4796.540  0.0026        
 4796.560  0.0074        
 4796.580  0.0105        
 4796.600  0.0121        
 4796.620  0.0130        
 4796.640  0.0137        
 4796.660  0.0145        
 4796.680  0.0149        
 4796.700  0.0144        
 4796.720  0.0125        
 4796.740  0.0090        
 4796.760  0.0041        
 4796.780 -0.0011        
 4796.800 -0.0055        
 4796.820 -0.0082        
 4796.840 -0.0086        
 4796.860 -0.0071        
 4796.880 -0.0045        
 4796.900 -0.0021        
 4796.920 -0.0009        
 4796.940 -0.0012        
 4796.960 -0.0027        
 4796.980 -0.0045        
 4797.000 -0.0053        
 4797.020 -0.0041        
 4797.040 -0.0011        
 4797.060  0.0021        
 4797.080  0.0041        
 4797.100  0.0039        
 4797.120  0.0013        
 4797.140 -0.0021        
 4797.160 -0.0040        
 4797.180 -0.0026        
 4797.200  0.0024        
 4797.220  0.0098        
 4797.240  0.0178        
 4797.260  0.0240        
 4797.280  0.0258        
 4797.300  0.0226        
 4797.320  0.0160        
 4797.340  0.0090        
 4797.360  0.0040        
 4797.380  0.0022        
 4797.400  0.0038        
 4797.420  0.0073        
 4797.440  0.0099        
 4797.460  0.0091        
 4797.480  0.0048        
 4797.500 -0.0015        
 4797.520 -0.0072        
 4797.540 -0.0099        
 4797.560 -0.0075        
 4797.580  0.0003        
 4797.600  0.0112        
 4797.620  0.0218        
 4797.640  0.0289        
 4797.660  0.0308        
 4797.680  0.0270        
 4797.700  0.0189        
 4797.720  0.0095        
 4797.740  0.0018        
 4797.760 -0.0028        
 4797.780 -0.0039        
 4797.800 -0.0020        
 4797.820  0.0014        
 4797.840  0.0048        
 4797.860  0.0069        
 4797.880  0.0071        
 4797.900  0.0053        
 4797.920  0.0018        
 4797.940 -0.0027        
 4797.960 -0.0076        
 4797.980 -0.0118        
 4798.000 -0.0141        
 4798.020 -0.0136        
 4798.040 -0.0099        
 4798.060 -0.0038        
 4798.080  0.0028        
 4798.100  0.0074        
 4798.120  0.0082        
 4798.140  0.0055        
 4798.160  0.0003        
 4798.180 -0.0057        
 4798.200 -0.0112        
 4798.220 -0.0149        
 4798.240 -0.0160        
 4798.260 -0.0147        
 4798.280 -0.0118        
 4798.300 -0.0083        
 4798.320 -0.0047        
 4798.340 -0.0010        
 4798.360  0.0026        
 4798.380  0.0060        
 4798.400  0.0091        
 4798.420  0.0111        
 4798.440  0.0114        
 4798.460  0.0098        
 4798.480  0.0071        
 4798.500  0.0047        
 4798.520  0.0037        
 4798.540  0.0052        
 4798.560  0.0091        
 4798.580  0.0143        
 4798.600  0.0185        
 4798.620  0.0197        
 4798.640  0.0171        
 4798.660  0.0111        
 4798.680  0.0028        
 4798.700 -0.0063        
 4798.720 -0.0137        
 4798.740 -0.0178        
 4798.760 -0.0182        
 4798.780 -0.0158        
 4798.800 -0.0122        
 4798.820 -0.0086        
 4798.840 -0.0057        
 4798.860 -0.0036        
 4798.880 -0.0016        
 4798.900  0.0006        
 4798.920  0.0025        
 4798.940  0.0034        
 4798.960  0.0027        
 4798.980  0.0007        
 4799.000 -0.0017        
 4799.020 -0.0034        
 4799.040 -0.0034        
 4799.060 -0.0009        
 4799.080  0.0031        
 4799.100  0.0067        
 4799.120  0.0082        
 4799.140  0.0069        
 4799.160  0.0034        
 4799.180 -0.0010        
 4799.200 -0.0040        
 4799.220 -0.0035        
 4799.240  0.0008        
 4799.260  0.0070        
 4799.280  0.0125        
 4799.300  0.0150        
 4799.320  0.0129        
 4799.340  0.0058        
 4799.360 -0.0042        
 4799.380 -0.0135        
 4799.400 -0.0191        
 4799.420 -0.0196        
 4799.440 -0.0152        
 4799.460 -0.0073        
 4799.480  0.0018        
 4799.500  0.0092        
 4799.520  0.0138        
 4799.540  0.0157        
 4799.560  0.0159        
 4799.580  0.0153        
 4799.600  0.0150        
 4799.620  0.0157        
 4799.640  0.0170        
 4799.660  0.0184        
 4799.680  0.0192        
 4799.700  0.0192        
 4799.720  0.0189        
 4799.740  0.0183        
 4799.760  0.0173        
 4799.780  0.0160        
 4799.800  0.0140        
 4799.820  0.0111        
 4799.840  0.0071        
 4799.860  0.0029        
 4799.880 -0.0006        
 4799.900 -0.0024        
 4799.920 -0.0023        
 4799.940 -0.0005        
 4799.960  0.0020        
 4799.980  0.0041        
 4800.000  0.0050        
 4800.020  0.0047        
 4800.040  0.0042        
 4800.060  0.0045        
 4800.080  0.0063        
 4800.100  0.0102        
 4800.120  0.0157        
 4800.140  0.0218        
 4800.160  0.0270        
 4800.180  0.0302        
 4800.200  0.0307        
 4800.220  0.0282        
 4800.240  0.0232        
 4800.260  0.0166        
 4800.280  0.0097        
 4800.300  0.0036        
 4800.320 -0.0010        
 4800.340 -0.0038        
 4800.360 -0.0046        
 4800.380 -0.0034        
 4800.400 -0.0009        
 4800.420  0.0021        
 4800.440  0.0042        
 4800.460  0.0051        
 4800.480  0.0049        
 4800.500  0.0044        
 4800.520  0.0048        
 4800.540  0.0072        
 4800.560  0.0119        
 4800.580  0.0181        
 4800.600  0.0244        
 4800.620  0.0289        
 4800.640  0.0300        
 4800.660  0.0267        
 4800.680  0.0195        
 4800.700  0.0102        
 4800.720  0.0010        
 4800.740 -0.0060        
 4800.760 -0.0094        
 4800.780 -0.0089        
 4800.800 -0.0054        
 4800.820 -0.0009        
 4800.840  0.0029        
 4800.860  0.0050        
 4800.880  0.0049        
 4800.900  0.0035        
 4800.920  0.0024        
 4800.940  0.0033        
 4800.960  0.0071        
 4800.980  0.0140        
 4801.000  0.0228        
 4801.020  0.0310        
 4801.040  0.0358        
 4801.060  0.0352        
 4801.080  0.0288        
 4801.100  0.0179        
 4801.120  0.0049        
 4801.140 -0.0067        
 4801.160 -0.0138        
 4801.180 -0.0151        
 4801.200 -0.0109        
 4801.220 -0.0026        
 4801.240  0.0074        
 4801.260  0.0156        
 4801.280  0.0198        
 4801.300  0.0196        
 4801.320  0.0159        
 4801.340  0.0110        
 4801.360  0.0074        
 4801.380  0.0067        
 4801.400  0.0086        
 4801.420  0.0110        
 4801.440  0.0121        
 4801.460  0.0112        
 4801.480  0.0084        
 4801.500  0.0046        
 4801.520  0.0012        
 4801.540  0.0000        
 4801.560  0.0014        
 4801.580  0.0041        
 4801.600  0.0062        
 4801.620  0.0063        
 4801.640  0.0036        
 4801.660 -0.0019        
 4801.680 -0.0088        
 4801.700 -0.0145        
 4801.720 -0.0171        
 4801.740 -0.0163        
 4801.760 -0.0132        
 4801.780 -0.0093        
 4801.800 -0.0059        
 4801.820 -0.0040        
 4801.840 -0.0032        
 4801.860 -0.0017        
 4801.880  0.0018        
 4801.900  0.0076        
 4801.920  0.0144        
 4801.940  0.0206        
 4801.960  0.0240        
 4801.980  0.0225        
 4802.000  0.0158        
 4802.020  0.0054        
 4802.040 -0.0062        
 4802.060 -0.0159        
 4802.080 -0.0207        
 4802.100 -0.0190        
 4802.120 -0.0118        
 4802.140 -0.0024        
 4802.160  0.0060        
 4802.180  0.0116        
 4802.200  0.0136        
 4802.220  0.0122        
 4802.240  0.0085        
 4802.260  0.0037        
 4802.280 -0.0013        
 4802.300 -0.0057        
 4802.320 -0.0094        
 4802.340 -0.0118        
 4802.360 -0.0126        
 4802.380 -0.0114        
 4802.400 -0.0082        
 4802.420 -0.0036        
 4802.440  0.0018        
 4802.460  0.0066        
 4802.480  0.0095        
 4802.500  0.0098        
 4802.520  0.0078        
 4802.540  0.0042        
 4802.560  0.0002        
 4802.580 -0.0025        
 4802.600 -0.0030        
 4802.620 -0.0011        
 4802.640  0.0021        
 4802.660  0.0055        
 4802.680  0.0074        
 4802.700  0.0068        
 4802.720  0.0035        
 4802.740 -0.0012        
 4802.760 -0.0053        
 4802.780 -0.0070        
 4802.800 -0.0050        
 4802.820  0.0012        
 4802.840  0.0101        
 4802.860  0.0192        
 4802.880  0.0257        
 4802.900  0.0273        
 4802.920  0.0224        
 4802.940  0.0114        
 4802.960 -0.0026        
 4802.980  0.0000        
 4803.000  0.0000        
