           1.0300  1.0000
          -1.1700  0.0000
 4797.000  0.9660  0.9126
 4797.020  0.9822  0.8541
 4797.040 -1.0000  0.7714
 4797.060 -1.0000  0.6766
 4797.080 -1.0000  0.5556
 4797.100 -1.0000  0.7250
 4797.120 -1.0000  0.8292
 4797.140  0.8712  0.8927
 4797.160  0.8803  0.9318
 4797.180  0.9031  0.9538
 4797.200  0.9326  0.9609
 4797.220  0.9568  0.9718
 4797.240  0.9670  0.9761
 4797.260  0.9613  0.9827
 4797.280  0.9436  0.9915
 4797.300  0.9206  0.9944
 4797.320  0.8988  0.9938
 4797.340  0.8828  0.9944
 4797.360  0.8761  0.9903
 4797.380  0.8797  0.9950
 4797.400  0.8901  0.9876
 4797.420  0.8987  0.9876
 4797.440  0.8973  0.9869
 4797.460  0.8829  0.9829
 4797.480  0.8606  0.9876
 4797.500  0.8426  0.9899
 4797.520  0.8408  0.9896
 4797.540  0.8593  0.9934
 4797.560  0.8927  0.9929
 4797.580  0.9293  0.9895
 4797.600  0.9571  0.9829
 4797.620  0.9697  0.9706
 4797.640  0.9695  0.9566
 4797.660  0.9635  0.9445
 4797.680  0.9601  0.9430
 4797.700  0.9652  0.9523
 4797.720  0.9793  0.9679
 4797.740  0.9972  0.9865
 4797.760  1.0119  1.0018
 4797.780  1.0177  1.0088
 4797.800  1.0118  1.0055
 4797.820  0.9951  0.9949
 4797.840  0.9717  0.9826
 4797.860  0.9477  0.9749
 4797.880  0.9286  0.9745
 4797.900  0.9170  0.9789
 4797.920  0.9116  0.9806
 4797.940  0.9082  0.9699
 4797.960  0.9025  0.9397
 4797.980  0.8920  0.8892
 4798.000  0.8782  0.8258
 4798.020  0.8661  0.7635
 4798.040  0.8624  0.7187
 4798.060  0.8718  0.7041
 4798.080  0.8922  0.7239
 4798.100  0.9162  0.7724
 4798.120  0.9352  0.8360
 4798.140  0.9443  0.8988
 4798.160  0.9434  0.9476
 4798.180  0.9356  0.9762
 4798.200  0.9259  0.9862
 4798.220  0.9188  0.9842
 4798.240  0.9174  0.9783
 4798.260  0.9225  0.9738
 4798.280  0.9325  0.9719
 4798.300  0.9449  0.9706
 4798.320  0.9574  0.9672
 4798.340  0.9684  0.9610
 4798.360  0.9774  0.9541
 4798.380  0.9840  0.9511
 4798.400  0.9873  0.9556
 4798.420  0.9864  0.9684
 4798.440  0.9806  0.9862
 4798.460  0.9709  1.0027
 4798.480  0.9597  1.0114
 4798.500  0.9509  1.0094
 4798.520  0.9486  0.9984
 4798.540  0.9553  0.9845
 4798.560  0.9704  0.9751
 4798.580  0.9892  0.9748
 4798.600  1.0048  0.9826
 4798.620  1.0107  0.9917
 4798.640  1.0033  0.9919
 4798.660  0.9836  0.9744
 4798.680  0.9560  0.9359
 4798.700  0.9281  0.8810
 4798.720  0.9086  0.8213
 4798.740  0.9046  0.7717
 4798.760  0.9178  0.7454
 4798.780  0.9426  0.7488
 4798.800  0.9690  0.7802
 4798.820  0.9882  0.8304
 4798.840  0.9969  0.8859
 4798.860  0.9970  0.9339
 4798.880  0.9929  0.9656
 4798.900  0.9882  0.9781
 4798.920  0.9843  0.9745
 4798.940  0.9801  0.9612
 4798.960  0.9726  0.9459
 4798.980  0.9597  0.9346
 4799.000  0.9422  0.9306
 4799.020  0.9243  0.9339
 4799.040  0.9128  0.9423
 4799.060  0.9140  0.9523
 4799.080  0.9299  0.9607
 4799.100  0.9571  0.9654
 4799.120  0.9862  0.9661
 4799.140  1.0051  0.9644
 4799.160  1.0024  0.9629
 4799.180  0.9730  0.9640
 4799.200  0.9206  0.9695
 4799.220  0.8578  0.9788
 4799.240  0.8012  0.9900
 4799.260  0.7661  0.9999
 4799.280  0.7614  1.0059
 4799.300  0.7864  1.0070
 4799.320  0.8317  1.0041
 4799.340  0.8823  0.9997
 4799.360  0.9222  0.9966
 4799.380  0.9400  0.9963
 4799.400  0.9332  0.9981
 4799.420  0.9084  0.9995
 4799.440  0.8784  0.9979
 4799.460  0.8573  0.9918
 4799.480  0.8557  0.9823
 4799.500  0.8770  0.9725
 4799.520  0.9163  0.9658
 4799.540  0.9629  0.9632
 4799.560  1.0044  0.9619
 4799.580  1.0315  0.9556
 4799.600  1.0413  0.9367
 4799.620  1.0371  0.9003
 4799.640  1.0266  0.8478
 4799.660  1.0195  0.7881
 4799.680  1.0236  0.7359
 4799.700  1.0407  0.7063
 4799.720  1.0647  0.7099
 4799.740  1.0836  0.7477
 4799.760  1.0872  0.8104
 4799.780  1.0708  0.8818
 4799.800  1.0363  0.9440
 4799.820  0.9887  0.9844
 4799.840  0.9350  0.9995
 4799.860  0.8837  0.9951
 4799.880  0.8439  0.9827
 4799.900  0.8235  0.9740
 4799.920  0.8259  0.9756
 4799.940  0.8478  0.9875
 4799.960  0.8805  1.0036
 4799.980  0.9130  1.0161
 4800.000  0.9356  1.0195
 4800.020  0.9428  1.0137
 4800.040  0.9341  1.0034
 4800.060  0.9146  0.9953
 4800.080  0.8934  0.9942
 4800.100  0.8799  1.0005
 4800.120  0.8809  1.0101
 4800.140  0.8975  1.0166
 4800.160  0.9256  1.0152
 4800.180  0.9579  1.0055
 4800.200  0.9858  0.9915
 4800.220  1.0030  0.9800
 4800.240  1.0075  0.9761
 4800.260  1.0021  0.9801
 4800.280  0.9932  0.9863
 4800.300  0.9866  0.9847
 4800.320  0.9853  0.9657
 4800.340  0.9879  0.9248
 4800.360  0.9889  0.8659
 4800.380  0.9807  0.8008
 4800.400  0.9580  0.7454
 4800.420  0.9222  0.7145
 4800.440  0.8836  0.7162
 4800.460  0.8564  0.7494
 4800.480  0.8502  0.8045
 4800.500  0.8657  0.8670
 4800.520  0.8961  0.9228
 4800.540  0.9308  0.9627
 4800.560  0.9599  0.9841
 4800.580  0.9759  0.9907
 4800.600  0.9761  0.9895
 4800.620  0.9634  0.9872
 4800.640  0.9452  0.9878
 4800.660  0.9307  0.9919
 4800.680  0.9268  0.9973
 4800.700  0.9356  1.0011
 4800.720  0.9540  1.0013
 4800.740  0.9749  0.9980
 4800.760  0.9904  0.9931
 4800.780  0.9948  0.9888
 4800.800  0.9870  0.9869
 4800.820  0.9704  0.9870
 4800.840  0.9518  0.9872
 4800.860  0.9379  0.9844
 4800.880  0.9335  0.9757
 4800.900  0.9395  0.9598
 4800.920  0.9530  0.9373
 4800.940  0.9679  0.9108
 4800.960  0.9776  0.8843
 4800.980  0.9762  0.8619
 4801.000  0.9610  0.8472
 4801.020  0.9334  0.8419
 4801.040  0.8981  0.8461
 4801.060  0.8611  0.8586
 4801.080  0.8280  0.8770
 4801.100  0.8024  0.8985
 4801.120  0.7858  0.9201
 4801.140  0.7784  0.9388
 4801.160  0.7799  0.9512
 4801.180  0.7905  0.9539
 4801.200  0.8106  0.9440
 4801.220  0.8412  0.9201
 4801.240  0.8828  0.8834
 4801.260  0.9341  0.8385
 4801.280  0.9909  0.7935
 4801.300  1.0451  0.7582
 4801.320  1.0864  0.7419
 4801.340  1.1067  0.7502
 4801.360  1.1043  0.7830
 4801.380  1.0849  0.8336
 4801.400  1.0577  0.8908
 4801.420  1.0313  0.9421
 4801.440  1.0110  0.9779
 4801.460  0.9983  0.9944
 4801.480  0.9921  0.9946
 4801.500  0.9895  0.9865
 4801.520  0.9878  0.9794
 4801.540  0.9853  0.9795
 4801.560  0.9820  0.9880
 4801.580  0.9797  1.0003
 4801.600  0.9802  1.0089
 4801.620  0.9845  1.0074
 4801.640  0.9914  0.9934
 4801.660  0.9978  0.9706
 4801.680  0.9992  0.9470
 4801.700  0.9921  0.9317
 4801.720  0.9758  0.9306
 4801.740  0.9536  0.9438
 4801.760  0.9314  0.9656
 4801.780  0.9155  0.9868
 4801.800  0.9103  0.9989
 4801.820  0.9170  0.9980
 4801.840  0.9341  0.9862
 4801.860  0.9576  0.9704
 4801.880  0.9825  0.9588
 4801.900  1.0041  0.9571
 4801.920  1.0198  0.9655
 4801.940  1.0293  0.9782
 4801.960  1.0340  0.9859
 4801.980  1.0354  0.9799
 4802.000  1.0332  0.9560
 4802.020  1.0260  0.9166
 4802.040  1.0110  0.8704
 4802.060  0.9872  0.8292
 4802.080  0.9568  0.8039
 4802.100  0.9259  0.8012
 4802.120  0.9024  0.8211
 4802.140  0.8919  0.8581
 4802.160  0.8951  0.9028
 4802.180  0.9085  0.9453
 4802.200  0.9255  0.9782
 4802.220  0.9391  0.9977
 4802.240  0.9439  1.0039
 4802.260  0.9367  0.9996
 4802.280  0.9182  0.9890
 4802.300  0.8927  0.9762
 4802.320  0.8669  0.9643
 4802.340  0.8482  0.9556
 4802.360  0.8419  0.9512
 4802.380  0.8496  0.9515
 4802.400  0.8686  0.9564
 4802.420  0.8928  0.9650
 4802.440  0.9150  0.9759
 4802.460  0.9290  0.9872
 4802.480  0.9314  0.9970
 4802.500  0.9221  1.0040
 4802.520  0.9044  1.0075
 4802.540  0.8836  1.0079
 4802.560  0.8656  1.0058
 4802.580  0.8558  1.0025
 4802.600  0.8574  0.9987
 4802.620  0.8713  0.9944
 4802.640  0.8955  0.9894
 4802.660  0.9259  0.9835
 4802.680  0.9572  0.9769
 4802.700  0.9832  0.9704
 4802.720  0.9982  0.9658
 4802.740  0.9977  0.9648
 4802.760  0.9795  0.9678
 4802.780  0.9446  0.9739
 4802.800  0.8976  0.9795
 4802.820  0.8457  0.9798
 4802.840  0.7978  0.9700
 4802.860  0.7631  0.9469
 4802.880  0.7498  0.9115
 4802.900  0.7634  0.8690
 4802.920  0.8040  0.8280
 4802.940  0.8632  0.7984
 4802.960  0.9260  0.7880
 4802.980  0.9752  0.7997
 4803.000  0.9997  0.8304
 4803.020  0.9984  0.8718
 4803.040  0.9790  0.9134
 4803.060  0.9527  0.9462
 4803.080  0.9290  0.9658
 4803.100  0.9134  0.9733
 4803.120  0.9065  0.9744
 4803.140  0.9052  0.9758
 4803.160  0.9046  0.9820
 4803.180  0.9011  0.9926
 4803.200  0.8944  1.0029
 4803.220  0.8875  1.0055
 4803.240  0.8857  0.9950
 4803.260  0.8932  0.9706
 4803.280  0.9118  0.9372
 4803.300  0.9385  0.9040
 4803.320  0.9662  0.8808
 4803.340  0.9866  0.8730
 4803.360  0.9946  0.8802
 4803.380  0.9910  0.8957
 4803.400  0.9819  0.9097
 4803.420  0.9750  0.9142
 4803.440  0.9766  0.9066
 4803.460  0.9884  0.8910
 4803.480  1.0067  0.8763
 4803.500  1.0239  0.8718
 4803.520  1.0322  0.8825
 4803.540  1.0276  0.9064
 4803.560  1.0114  0.9344
 4803.580  0.9893  0.9544
 4803.600  0.9677  0.9559
 4803.620  0.9518  0.9352
 4803.640  0.9441  0.8965
 4803.660  0.9450  0.8511
 4803.680  0.9525  0.8130
 4803.700  0.9639  0.7935
 4803.720  0.9769  0.7977
 4803.740  0.9902  0.8232
 4803.760  1.0033  0.8620
 4803.780  1.0153  0.9037
 4803.800  1.0243  0.9393
 4803.820  1.0272  0.9638
 4803.840  1.0215  0.9766
 4803.860  1.0063  0.9802
 4803.880  0.9840  0.9782
 4803.900  0.9595  0.9736
 4803.920  0.9393  0.9685
 4803.940  0.9284  0.9640
 4803.960  0.9289  0.9609
 4803.980  0.9388  0.9604
 4804.000  0.9532  0.9632
 4804.020  0.9665  0.9697
 4804.040  0.9750  0.9789
 4804.060  0.9772  0.9888
 4804.080  0.9740  0.9971
 4804.100  0.9667  1.0021
 4804.120  0.9557  1.0037
 4804.140  0.9404  1.0030
 4804.160  0.9195  1.0018
 4804.180  0.8935  1.0011
 4804.200  0.8651  1.0005
 4804.220  0.8398  0.9979
 4804.240  0.8242  0.9911
 4804.260  0.8236  0.9793
 4804.280  0.8395  0.9640
 4804.300  0.8687  0.9495
 4804.320  0.9033  0.9410
 4804.340  0.9340  0.9422
 4804.360  0.9544  0.9535
 4804.380  0.9636  0.9708
 4804.400  0.9660  0.9869
 4804.420  0.9689  0.9938
 4804.440  0.9779  0.9865
 4804.460  0.9947  0.9647
 4804.480  1.0157  0.9338
 4804.500  1.0337  0.9027
 4804.520  1.0411  0.8805
 4804.540  1.0347  0.8735
 4804.560  1.0180  0.8828
 4804.580  0.9998  0.9046
 4804.600  0.9887  0.9317
 4804.620  0.9886  0.9567
 4804.640  0.9968  0.9743
 4804.660  1.0054  0.9826
 4804.680  1.0054  0.9831
 4804.700  0.9907  0.9794
 4804.720  0.9619  0.9753
 4804.740  0.9263  0.9735
 4804.760  0.8955  0.9751
 4804.780  0.8792  0.9796
 4804.800  0.8805  0.9854
 4804.820  0.8946  0.9907
 4804.840  0.9102  0.9936
 4804.860  0.9152  0.9927
 4804.880  0.9021  0.9874
 4804.900  0.8716  0.9782
 4804.920  0.8334  0.9669
 4804.940  0.8025  0.9564
 4804.960  0.7933  0.9503
 4804.980  0.8130  0.9512
 4805.000  0.8586  0.9599
 4805.020  0.9181  0.9741
 4805.040  0.9764  0.9897
 4805.060  1.0210  1.0015
 4805.080  1.0457  1.0056
 4805.100  1.0507  1.0015
 4805.120  1.0401  0.9921
 4805.140  1.0189  0.9829
 4805.160  0.9909  0.9792
 4805.180  0.9576  0.9834
 4805.200  0.9198  0.9932
 4805.220  0.8785  1.0017
 4805.240  0.8372  1.0001
 4805.260  0.8021  0.9812
 4805.280  0.7808  0.9430
 4805.300  0.7809  0.8908
 4805.320  0.8061  0.8357
 4805.340  0.8518  0.7918
 4805.360  0.9044  0.7707
 4805.380  0.9461  0.7781
 4805.400  0.9644  0.8116
 4805.420  0.9581  0.8613
 4805.440  0.9365  0.9138
 4805.460  0.9121  0.9563
 4805.480  0.8952  0.9807
 4805.500  0.8904  0.9855
 4805.520  0.8965  0.9758
 4805.540  0.9076  0.9597
 4805.560  0.9163  0.9462
 4805.580  0.9170  0.9411
 4805.600  0.9094  0.9463
 4805.620  0.8989  0.9596
 4805.640  0.8934  0.9768
 4805.660  0.8997  0.9930
 4805.680  0.9199  1.0048
 4805.700  0.9509  1.0112
 4805.720  0.9852  1.0127
 4805.740  1.0141  1.0113
 4805.760  1.0303  1.0089
 4805.780  1.0307  1.0069
 4805.800  1.0171  1.0058
 4805.820  0.9949  1.0056
 4805.840  0.9703  1.0059
 4805.860  0.9478  1.0064
 4805.880  0.9292  1.0070
 4805.900  0.9135  1.0077
 4805.920  0.8988  1.0084
 4805.940  0.8837  1.0088
 4805.960  0.8686  1.0087
 4805.980  0.8557  1.0074
 4806.000  0.8478  1.0044
 4806.020  0.8467  0.9993
 4806.040  0.8522  0.9918
 4806.060  0.8621  0.9820
 4806.080  0.8724  0.9703
 4806.100  0.8797  0.9572
 4806.120  0.8818  0.9437
 4806.140  0.8793  0.9314
 4806.160  0.8750  0.9219
 4806.180  0.8726  0.9169
 4806.200  0.8753  0.9176
 4806.220  0.8839  0.9245
 4806.240  0.8972  0.9368
 4806.260  0.9124  0.9527
 4806.280  0.9270  0.9695
 4806.300  0.9398  0.9844
 4806.320  0.9510  0.9952
 4806.340  0.9619  1.0009
 4806.360  0.9734  1.0021
 4806.380  0.9853  1.0006
 4806.400  0.9951  0.9987
 4806.420  0.9995  0.9986
 4806.440  0.9952  1.0013
 4806.460  0.9810  1.0064
 4806.480  0.9588  1.0125
 4806.500  0.9337  1.0176
 4806.520  0.9126  1.0202
 4806.540  0.9017  1.0197
 4806.560  0.9050  1.0169
 4806.580  0.9221  1.0132
 4806.600  0.9483  1.0106
 4806.620  0.9756  1.0100
 4806.640  0.9959  1.0116
 4806.660  1.0030  1.0142
 4806.680  0.9951  1.0162
 4806.700  0.9746  1.0158
 4806.720  0.9474  1.0118
 4806.740  0.9206  1.0042
 4806.760  0.9003  0.9941
 4806.780  0.8907  0.9831
 4806.800  0.8932  0.9733
 4806.820  0.9064  0.9664
 4806.840  0.9273  0.9639
 4806.860  0.9523  0.9661
 4806.880  0.9776  0.9728
 4806.900  1.0000  0.9826
 4806.920  1.0170  0.9935
 4806.940  1.0265  1.0033
 4806.960  1.0275  1.0099
 4806.980  1.0204  1.0123
 4807.000  1.0071  1.0108
 4807.020  0.9914  1.0071
 4807.040  0.9774  1.0035
 4807.060  0.9686  1.0021
 4807.080  0.9662  1.0036
 4807.100  0.9682  1.0072
 4807.120  0.9699  1.0102
 4807.140  0.9660  1.0099
 4807.160  0.9528  1.0050
 4807.180  0.9300  0.9960
 4807.200  0.9019  0.9862
 4807.220  0.8762  0.9793
 4807.240  0.8615  0.9785
 4807.260  0.8634  0.9833
 4807.280  0.8825  0.9896
 4807.300  0.9140  0.9901
 4807.320  0.9503  0.9773
 4807.340  0.9834  0.9470
 4807.360  1.0076  0.9007
 4807.380  1.0206  0.8465
 4807.400  1.0243  0.7970
 4807.420  1.0240  0.7654
 4807.440  1.0251  0.7608
 4807.460  1.0304  0.7843
 4807.480  1.0375  0.8289
 4807.500  1.0406  0.8811
 4807.520  1.0338  0.9255
 4807.540  1.0132  0.9502
 4807.560  0.9784  0.9502
 4807.580  0.9330  0.9287
 4807.600  0.8847  0.8953
 4807.620  0.8442  0.8626
 4807.640  0.8221  0.8414
 4807.660  0.8241  0.8378
 4807.680  0.8479  0.8522
 4807.700  0.8848  0.8799
 4807.720  0.9235  0.9134
 4807.740  0.9551  0.9456
 4807.760  0.9749  0.9711
 4807.780  0.9824  0.9879
 4807.800  0.9800  0.9964
 4807.820  0.9715  0.9992
 4807.840  0.9606  0.9995
 4807.860  0.9503  0.9997
 4807.880  0.9420  1.0015
 4807.900  0.9354  1.0050
 4807.920  0.9290  1.0087
 4807.940  0.9205  1.0107
 4807.960  0.9082  1.0090
 4807.980  0.8911  1.0021
 4808.000  0.8702  0.9906
 4808.020  0.8484  0.9768
 4808.040  0.8310  0.9642
 4808.060  0.8238  0.9568
 4808.080  0.8317  0.9572
 4808.100  0.8561  0.9658
 4808.120  0.8940  0.9804
 4808.140  0.9383  0.9969
 4808.160  0.9799  1.0107
 4808.180  1.0099  1.0186
 4808.200  1.0219  1.0201
 4808.220  1.0137  1.0168
 4808.240  0.9883  1.0122
 4808.260  0.9537  1.0095
 4808.280  0.9207  1.0105
 4808.300  0.8994  1.0146
 4808.320  0.8961  1.0197
 4808.340  0.9114  1.0231
 4808.360  0.9407  1.0233
 4808.380  0.9761  1.0202
 4808.400  1.0085  1.0156
 4808.420  1.0306  1.0116
 4808.440  1.0388  1.0103
 4808.460  1.0334  1.0120
 4808.480  1.0181  1.0157
 4808.500  0.9979  1.0194
 4808.520  0.9772  1.0212
 4808.540  0.9588  1.0201
 4808.560  0.9438  1.0158
 4808.580  0.9324  1.0092
 4808.600  0.9246  1.0012
 4808.620  0.9211  0.9928
 4808.640  0.9232  0.9849
 4808.660  0.9317  0.9787
 4808.680  0.9465  0.9756
 4808.700  0.9657  0.9769
 4808.720  0.9858  0.9832
 4808.740  1.0028  0.9937
 4808.760  1.0137  1.0059
 4808.780  1.0176  1.0163
 4808.800  1.0156  1.0214
 4808.820  1.0108  1.0199
 4808.840  1.0069  1.0130
 4808.860  1.0064  1.0043
 4808.880  1.0104  0.9982
 4808.900  1.0171  0.9980
 4808.920  1.0232  1.0033
 4808.940  1.0249  1.0110
 4808.960  1.0191  1.0158
 4808.980  1.0050  1.0135
 4809.000  0.9839  1.0034
 4809.020  0.9591  0.9890
 4809.040  0.9353  0.9768
 4809.060  0.9170  0.9729
 4809.080  0.9072  0.9798
 4809.100  0.9059  0.9942
 4809.120  0.9105  1.0082
 4809.140  0.9170  1.0123
 4809.160  0.9214  1.0003
 4809.180  0.9211  0.9730
 4809.200  0.9154  0.9380
 4809.220  0.9059  0.9075
 4809.240  0.8963  0.8923
 4809.260  0.8911  0.8970
 4809.280  0.8936  0.9167
 4809.300  0.9048  0.9389
 4809.320  0.9243  0.9484
 4809.340  0.9505  0.9341
 4809.360  0.9817  0.8944
 4809.380  1.0149  0.8384
 4809.400  1.0454  0.7832
 4809.420  1.0668  0.7469
 4809.440  1.0737  0.7423
 4809.460  1.0653  0.7714
 4809.480  1.0459  0.8255
 4809.500  1.0225  0.8889
 4809.520  1.0016  0.9453
 4809.540  0.9873  0.9832
 4809.560  0.9812  0.9994
 4809.580  0.9821  0.9986
 4809.600  0.9860  0.9900
 4809.620  0.9867  0.9826
 4809.640  0.9772  0.9819
 4809.660  0.9523  0.9885
 4809.680  0.9113  0.9989
 4809.700  0.8587  1.0084
 4809.720  0.8036  1.0130
 4809.740  0.7572  1.0116
 4809.760  0.7304  1.0051
 4809.780  0.7300  0.9962
 4809.800  0.7559  0.9877
 4809.820  0.8008  0.9812
 4809.840  0.8517  0.9774
 4809.860  0.8947  0.9758
 4809.880  0.9194  0.9753
 4809.900  0.9226  0.9744
 4809.920  0.9085  0.9713
 4809.940  0.8868  0.9646
 4809.960  0.8686  0.9539
 4809.980  0.8626  0.9403
 4810.000  0.8730  0.9266
 4810.020  0.8975  0.9173
 4810.040  0.9298  0.9164
 4810.060  0.9618  0.9265
 4810.080  0.9875  0.9465
 4810.100  1.0045  0.9717
 4810.120  1.0141  0.9955
 4810.140  1.0194  1.0116
 4810.160  1.0225  1.0167
 4810.180  1.0241  1.0120
 4810.200  1.0237  1.0026
 4810.220  1.0204  0.9951
 4810.240  1.0145  0.9943
 4810.260  1.0079  1.0011
 4810.280  1.0034  1.0117
 4810.300  1.0030  1.0201
 4810.320  1.0068  1.0206
 4810.340  1.0124  1.0111
 4810.360  1.0158  0.9940
 4810.380  1.0130  0.9751
 4810.400  1.0021  0.9609
 4810.420  0.9849  0.9552
 4810.440  0.9659  0.9579
 4810.460  0.9507  0.9653
 4810.480  0.9429  0.9726
 4810.500  0.9425  0.9766
 4810.520  0.9462  0.9776
 4810.540  0.9488  0.9783
 4810.560  0.9459  0.9825
 4810.580  0.9357  0.9912
 4810.600  0.9202  1.0017
 4810.620  0.9033  1.0080
 4810.640  0.8894  1.0036
 4810.660  0.8813  0.9851
 4810.680  0.8798  0.9545
 4810.700  0.8837  0.9194
 4810.720  0.8914  0.8901
 4810.740  0.9019  0.8753
 4810.760  0.9156  0.8787
 4810.780  0.9336  0.8975
 4810.800  0.9565  0.9244
 4810.820  0.9824  0.9507
 4810.840  1.0071  0.9703
 4810.860  1.0246  0.9816
 4810.880  1.0296  0.9870
 4810.900  1.0200  0.9903
 4810.920  0.9981  0.9941
 4810.940  0.9711  0.9978
 4810.960  0.9476  0.9988
 4810.980  0.9344  0.9943
 4811.000  0.9335  0.9842
 4811.020  0.9420  0.9719
 4811.040  0.9529  0.9631
 4811.060  0.9592  0.9627
 4811.080  0.9573  0.9721
 4811.100  0.9494  0.9875
 4811.120  0.9415  1.0016
 4811.140  0.9405  1.0074
 4811.160  0.9502  1.0017
 4811.180  0.9693  0.9876
 4811.200  0.9910  0.9722
 4811.220  1.0057  0.9634
 4811.240  1.0057  0.9643
 4811.260  0.9889  0.9706
 4811.280  0.9601  0.9717
 4811.300  0.9284  0.9551
 4811.320  0.9031  0.9130
 4811.340  0.8914  0.8471
 4811.360  0.8962  0.7694
 4811.380  0.9148  0.6977
 4811.400  0.9395  0.6490
 4811.420  0.9614  0.6318
 4811.440  0.9761  0.6427
 4811.460  0.9866  0.6685
 4811.480  0.9998  0.6923
 4811.500  1.0204  0.7016
 4811.520  1.0465  0.6940
 4811.540  1.0685  0.6777
 4811.560  1.0725  0.6674
 4811.580  1.0484  0.6769
 4811.600  0.9985  0.7124
 4811.620  0.9378  0.7695
 4811.640  0.8857  0.8356
 4811.660  0.8567  0.8950
 4811.680  0.8560  0.9360
 4811.700  0.8800  0.9554
 4811.720  0.9179  0.9582
 4811.740  0.9540  0.9540
 4811.760  0.9729  0.9522
 4811.780  0.9646  0.9576
 4811.800  0.9297  0.9690
 4811.820  0.8782  0.9818
 4811.840  0.8259  0.9908
 4811.860  0.7882  0.9938
 4811.880  0.7756  0.9924
 4811.900  0.7913  0.9905
 4811.920  0.8302  0.9912
 4811.940  0.8814  0.9951
 4811.960  0.9325  0.9998
 4811.980  0.9731  1.0018
 4812.000  0.9977  0.9987
 4812.020  1.0056  0.9916
 4812.040  0.9999  0.9839
 4812.060  0.9856  0.9797
 4812.080  0.9683  0.9803
 4812.100  0.9525  0.9827
 4812.120  0.9408  0.9801
 4812.140  0.9341  0.9653
 4812.160  0.9316  0.9348
 4812.180  0.9321  0.8918
 4812.200  0.9345  0.8457
 4812.220  0.9381  0.8094
 4812.240  0.9430  0.7938
 4812.260  0.9497  0.8037
 4812.280  0.9591  0.8352
 4812.300  0.9711  0.8784
 4812.320  0.9848  0.9210
 4812.340  0.9983  0.9538
 4812.360  1.0089  0.9728
 4812.380  1.0140  0.9801
 4812.400  1.0123  0.9807
 4812.420  1.0043  0.9793
 4812.440  0.9929  0.9774
 4812.460  0.9821  0.9739
 4812.480  0.9758  0.9664
 4812.500  0.9761  0.9540
 4812.520  0.9826  0.9392
 4812.540  0.9919  0.9269
 4812.560  0.9995  0.9220
 4812.580  1.0014  0.9264
 4812.600  0.9957  0.9374
 4812.620  0.9831  0.9488
 4812.640  0.9665  0.9536
 4812.660  0.9493  0.9479
 4812.680  0.9344  0.9328
 4812.700  0.9240  0.9134
 4812.720  0.9190  0.8956
 4812.740  0.9191  0.8823
 4812.760  0.9233  0.8703
 4812.780  0.9297  0.8515
 4812.800  0.9354  0.8162
 4812.820 -1.0000  0.7585
 4812.840 -1.0000  0.6804
 4812.860 -1.0000  0.5924
 4812.880 -1.0000  0.5106
 4812.900 -1.0000  0.4506
 4812.920 -1.0000  0.4222
 4812.940 -1.0000  0.4261
 4812.960 -1.0000  0.4547
 4812.980 -1.0000  0.4960
 4813.000 -1.0000  0.5393
 4813.020 -1.0000  0.5782
 4813.040 -1.0000  0.6126
 4813.060 -1.0000  0.6457
 4813.080  0.9755  0.6815
 4813.100  0.9731  0.7213
 4813.120  0.9740  0.7635
 4813.140  0.9825  0.8047
 4813.160  0.9988  0.8414
 4813.180  1.0193  0.8719
 4813.200  1.0390  0.8956
 4813.220  1.0527  0.9112
 4813.240  1.0577  0.9151
 4813.260  1.0544  0.9017
 4813.280  1.0461  0.8651
 4813.300  1.0375  0.8038
 4813.320 -1.0000  0.7238
 4813.340 -1.0000  0.6398
 4813.360 -1.0000  0.5717
 4813.380 -1.0000  0.5386
 4813.400 -1.0000  0.5512
 4813.420 -1.0000  0.6078
 4813.440 -1.0000  0.6936
 4813.460  0.9443  0.7870
 4813.480  0.9239  0.8669
 4813.500  0.9005  0.9202
 4813.520  0.8819  0.9453
 4813.540  0.8727  0.9503
 4813.560  0.8751  0.9466
 4813.580  0.8891  0.9427
 4813.600  0.9120  0.9399
 4813.620  0.9380  0.9326
 4813.640  0.9595  0.9132
 4813.660  0.9688  0.8780
 4813.680  0.9601  0.8317
 4813.700  0.9326  0.7868
 4813.720  0.8937  0.7589
 4813.740  0.8584  0.7600
 4813.760  0.8424  0.7922
 4813.780  0.8540  0.8466
 4813.800  0.8902  0.9067
 4813.820  0.9400  0.9549
 4813.840  0.9894  0.9804
 4813.860  1.0247  0.9826
 4813.880  1.0352  0.9702
 4813.900  1.0166  0.9566
 4813.920  0.9738  0.9527
 4813.940  0.9199  0.9627
 4813.960  0.8710  0.9823
 4813.980  0.8393  1.0026
 4814.000  0.8292  1.0145
 4814.020  0.8376  1.0141
 4814.040  0.8573  1.0035
 4814.060  0.8797  0.9898
 4814.080  0.8985  0.9807
 4814.100  0.9118  0.9801
 4814.120  0.9212  0.9872
 4814.140  0.9307  0.9965
 4814.160  0.9430  1.0016
 4814.180  0.9576  0.9982
 4814.200  0.9707  0.9863
 4814.220  0.9768  0.9696
 4814.240  0.9714  0.9527
 4814.260  0.9536  0.9392
 4814.280  0.9273  0.9296
 4814.300  0.9001  0.9222
 4814.320  0.8801  0.9153
 4814.340  0.8734  0.9085
 4814.360  0.8810  0.9036
 4814.380  0.8994  0.9037
 4814.400  0.9215  0.9098
 4814.420  0.9400  0.9195
 4814.440  0.9498  0.9261
 4814.460  0.9494  0.9212
 4814.480  0.9406  0.8987
 4814.500  0.9275  0.8583
 4814.520  0.9156  0.8073
 4814.540  0.9112  0.7591
 4814.560  0.9190  0.7284
 4814.580  0.9400  0.7261
 4814.600  0.9700  0.7543
 4814.620  1.0014  0.8063
 4814.640  1.0266  0.8683
 4814.660  1.0404  0.9249
 4814.680  1.0406  0.9648
 4814.700  1.0273  0.9836
 4814.720  1.0027  0.9847
 4814.740  0.9719  0.9766
 4814.760  0.9419  0.9684
 4814.780  0.9198  0.9661
 4814.800  0.9105  0.9709
 4814.820  0.9148  0.9792
 4814.840  0.9294  0.9854
 4814.860  0.9491  0.9847
 4814.880  0.9687  0.9756
 4814.900  0.9849  0.9606
 4814.920  0.9967  0.9451
 4814.940  1.0047  0.9352
 4814.960  1.0102  0.9348
 4814.980  1.0140  0.9439
 4815.000  1.0159  0.9581
 4815.020  1.0151  0.9696
 4815.040  1.0115  0.9697
 4815.060  1.0061  0.9519
 4815.080  1.0018  0.9148
 4815.100  1.0022  0.8631
 4815.120  1.0103  0.8066
 4815.140  1.0257  0.7573
 4815.160  1.0437  0.7244
 4815.180  1.0564  0.7109
 4815.200  1.0588  0.7109
 4815.220  1.0536  0.7116
 4815.240 -1.0000  0.6983
 4815.260 -1.0000  0.6608
 4815.280 -1.0000  0.5990
 4815.300 -1.0000  0.5250
 4815.320 -1.0000  0.4601
 4815.340 -1.0000  0.4278
 4815.360 -1.0000  0.4444
 4815.380 -1.0000  0.5123
 4815.400 -1.0000  0.6183
 4815.420 -1.0000  0.7376
 4815.440  0.9447  0.8429
 4815.460  0.9353  0.9141
 4815.480  0.9327  0.9450
 4815.500  0.9439  0.9438
 4815.520  0.9683  0.9287
 4815.540  0.9991  0.9184
 4815.560  1.0277  0.9245
 4815.580  1.0471  0.9474
 4815.600  1.0546  0.9777
 4815.620  1.0520  1.0024
 4815.640  1.0428  1.0119
 4815.660  1.0305  1.0047
 4815.680  1.0169  0.9878
 4815.700  1.0032  0.9721
 4815.720  0.9902  0.9666
 4815.740  0.9795  0.9735
 4815.760  0.9725  0.9878
 4815.780  0.9702  1.0001
 4815.800  0.9720  1.0026
 4815.820  0.9752  0.9934
 4815.840  0.9758  0.9777
 4815.860  0.9694  0.9645
 4815.880  0.9542  0.9608
 4815.900  0.9321  0.9668
 4815.920  0.9084  0.9742
 4815.940  0.8904  0.9695
 4815.960  0.8844  0.9411
 4815.980  0.8954  0.8857
 4816.000  0.9246  0.8121
 4816.020  0.9682  0.7388
 4816.040  1.0154  0.6877
 4816.060  1.0517  0.6752
 4816.080  1.0668  0.7052
 4816.100  1.0601  0.7678
 4816.120  1.0389  0.8436
 4816.140  1.0111  0.9112
 4816.160  0.9806  0.9561
 4816.180  0.9477  0.9748
 4816.200  0.9115  0.9747
 4816.220  0.8729  0.9683
 4816.240  0.8366  0.9672
 4816.260  0.8098  0.9758
 4816.280  0.7994  0.9910
 4816.300  0.8086  1.0047
 4816.320  0.8353  1.0090
 4816.340  0.8728  1.0014
 4816.360  0.9108  0.9858
 4816.380  0.9389  0.9707
 4816.400  0.9501  0.9646
 4816.420  0.9450  0.9707
 4816.440  0.9315  0.9848
 4816.460  0.9213  0.9965
 4816.480  0.9243  0.9938
 4816.500  0.9451  0.9686
 4816.520  0.9809  0.9204
 4816.540  1.0207  0.8576
 4816.560  1.0478  0.7944
 4816.580  1.0462  0.7461
 4816.600  1.0101  0.7240
 4816.620  0.9501  0.7319
 4816.640  0.8890  0.7659
 4816.660  0.8480  0.8165
 4816.680  0.8370  0.8719
 4816.700  0.8518  0.9218
 4816.720  0.8792  0.9596
 4816.740  0.9033  0.9827
 4816.760  0.9108  0.9925
 4816.780  0.8956  0.9924
 4816.800  0.8609  0.9871
 4816.820  0.8181  0.9809
 4816.840  0.7830  0.9771
 4816.860  0.7691  0.9772
 4816.880  0.7822  0.9812
 4816.900  0.8183  0.9870
 4816.920  0.8661  0.9917
 4816.940  0.9123  0.9924
 4816.960  0.9465  0.9876
 4816.980  0.9648  0.9778
 4817.000  0.9702  0.9654
 4817.020  0.9706  0.9541
 4817.040  0.9739  0.9466
 4817.060  0.9849  0.9431
 4817.080  1.0021  0.9401
 4817.100  1.0194  0.9310
 4817.120  1.0303  0.9075
 4817.140  1.0336  0.8625
 4817.160 -1.0000  0.7930
 4817.180 -1.0000  0.7021
 4817.200 -1.0000  0.5996
 4817.220 -1.0000  0.5008
 4817.240 -1.0000  0.4235
 4817.260 -1.0000  0.3839
 4817.280 -1.0000  0.3924
 4817.300 -1.0000  0.4501
 4817.320 -1.0000  0.5477
 4817.340 -1.0000  0.6664
 4817.360 -1.0000  0.7821
 4817.380  1.0400  0.8713
 4817.400  1.0397  0.9168
 4817.420  1.0372  0.9128
 4817.440  1.0280  0.8665
 4817.460  1.0057  0.7955
 4817.480  0.9657  0.7231
 4817.500  0.9106  0.6704
 4817.520  0.8530  0.6512
 4817.540  0.8109  0.6680
 4817.560  0.7969  0.7131
 4817.580  0.8119  0.7727
 4817.600  0.8467  0.8322
 4817.620  0.8889  0.8812
 4817.640  0.9275  0.9158
 4817.660  0.9559  0.9378
 4817.680  0.9724  0.9517
 4817.700  0.9799  0.9616
 4817.720  0.9845  0.9692
 4817.740  0.9920  0.9738
 4817.760  1.0051  0.9743
 4817.780  1.0220  0.9709
 4817.800  1.0369  0.9665
 4817.820  1.0428  0.9647
 4817.840  1.0352  0.9682
 4817.860  1.0147  0.9756
 4817.880  0.9869  0.9807
 4817.900  0.9604  0.9746
 4817.920  0.9430  0.9495
 4817.940  0.9404  0.9031
 4817.960  0.9543  0.8413
 4817.980  0.9822  0.7774
 4818.000  1.0169  0.7281
 4818.020  1.0490  0.7075
 4818.040  1.0712  0.7218
 4818.060  1.0819  0.7666
 4818.080  1.0846  0.8290
 4818.100  1.0839  0.8924
 4818.120  1.0823  0.9425
 4818.140  1.0790  0.9719
 4818.160  1.0713  0.9820
 4818.180  1.0567  0.9801
 4818.200  1.0351  0.9756
 4818.220  1.0090  0.9755
 4818.240  0.9835  0.9818
 4818.260  0.9636  0.9917
 4818.280  0.9525  1.0003
 4818.300  0.9501  1.0035
 4818.320  0.9542  1.0005
 4818.340  0.9612  0.9934
 4818.360  0.9677  0.9864
 4818.380  0.9719  0.9829
 4818.400  0.9732  0.9842
 4818.420  0.9725  0.9891
 4818.440  0.9711  0.9945
 4818.460  0.9697  0.9981
 4818.480  0.9690  0.9987
 4818.500  0.9695  0.9970
 4818.520  0.9722  0.9947
 4818.540  0.9786  0.9932
 4818.560  0.9898  0.9926
 4818.580  1.0062  0.9920
 4818.600  1.0260  0.9904
 4818.620  1.0459  0.9871
 4818.640  1.0616  0.9829
 4818.660  1.0691  0.9791
 4818.680  1.0670  0.9770
 4818.700  1.0565  0.9766
 4818.720  1.0419  0.9767
 4818.740  1.0282  0.9751
 4818.760  1.0192  0.9706
 4818.780  1.0165  0.9630
 4818.800  1.0184  0.9537
 4818.820  1.0214  0.9440
 4818.840  1.0220  0.9335
 4818.860  1.0183  0.9187
 4818.880  1.0115  0.8940
 4818.900  1.0044  0.8538
 4818.920  0.9993  0.7960
 4818.940 -1.0000  0.7240
 4818.960 -1.0000  0.6474
 4818.980 -1.0000  0.5787
 4819.000 -1.0000  0.5287
 4819.020 -1.0000  0.5011
 4819.040 -1.0000  0.4905
 4819.060 -1.0000  0.4837
 4819.080 -1.0000  0.4656
 4819.100 -1.0000  0.4263
 4819.120 -1.0000  0.3669
 4819.140 -1.0000  0.3016
 4819.160 -1.0000  0.2530
 4819.180 -1.0000  0.2442
 4819.200 -1.0000  0.2895
 4819.220 -1.0000  0.3873
 4819.240 -1.0000  0.5194
 4819.260 -1.0000  0.6562
 4819.280 -1.0000  0.7666
 4819.300  0.8241  0.8281
 4819.320  0.8348  0.8342
 4819.340  0.8614  0.7957
 4819.360  0.9069  0.7357
 4819.380  0.9662  0.6812
 4819.400  1.0244  0.6534
 4819.420  1.0633  0.6620
 4819.440  1.0722  0.7039
 4819.460  1.0536  0.7661
 4819.480  1.0201  0.8322
 4819.500  0.9856  0.8883
 4819.520  0.9608  0.9271
 4819.540  0.9509  0.9486
 4819.560  0.9558  0.9578
 4819.580  0.9710  0.9611
 4819.600  0.9888  0.9637
 4819.620  1.0016  0.9679
 4819.640  1.0048  0.9732
 4819.660  0.9978  0.9780
 4819.680  0.9836  0.9811
 4819.700  0.9666  0.9825
 4819.720  0.9501  0.9834
 4819.740  0.9348  0.9852
 4819.760  0.9195  0.9885
 4819.780  0.9021  0.9931
 4819.800  0.8829  0.9974
 4819.820  0.8647  1.0002
 4819.840  0.8534  1.0006
 4819.860  0.8548  0.9993
 4819.880  0.8715  0.9976
 4819.900  0.9006  0.9970
 4819.920  0.9331  0.9982
 4819.940  0.9570  1.0007
 4819.960  0.9615  1.0033
 4819.980  0.9421  1.0041
 4820.000  0.9027  1.0024
 4820.020  0.8551  0.9986
 4820.040  0.8148  0.9943
 4820.060  0.7961  0.9916
 4820.080  0.8058  0.9916
 4820.100  0.8413  0.9940
 4820.120  0.8914  0.9969
 4820.140  0.9411  0.9976
 4820.160  0.9773  0.9942
 4820.180  0.9924  0.9871
 4820.200  0.9867  0.9786
 4820.220  0.9669  0.9727
 4820.240  0.9433  0.9722
 4820.260  0.9257  0.9768
 4820.280  0.9202  0.9819
 4820.300  0.9280  0.9792
 4820.320  0.9467  0.9602
 4820.340  0.9720  0.9196
 4820.360  0.9989  0.8591
 4820.380  1.0216  0.7889
 4820.400  1.0338  0.7247
 4820.420  1.0306  0.6837
 4820.440  1.0117  0.6778
 4820.460  0.9837  0.7090
 4820.480  0.9571  0.7680
 4820.500  0.9413  0.8373
 4820.520  0.9411  0.8974
 4820.540  0.9566  0.9341
 4820.560  0.9840  0.9432
 4820.580  1.0164  0.9316
 4820.600  1.0447  0.9127
 4820.620  1.0606  0.8998
 4820.640  1.0606  0.8994
 4820.660  1.0482  0.9081
 4820.680  1.0322  0.9140
 4820.700  1.0223  0.9028
 4820.720  1.0243  0.8657
 4820.740  1.0374  0.8048
 4820.760  1.0526  0.7342
 4820.780  1.0548  0.6750
 4820.800  1.0317  0.6475
 4820.820  0.9841  0.6619
 4820.840  0.9280  0.7132
 4820.860  0.8837  0.7821
 4820.880  0.8646  0.8407
 4820.900  0.8700  0.8624
 4820.920  0.8863  0.8311
 4820.940 -1.0000  0.7462
 4820.960 -1.0000  0.6226
 4820.980 -1.0000  0.4852
 4821.000 -1.0000  0.3612
 4821.020 -1.0000  0.2728
 4821.040 -1.0000  0.2324
 4821.060 -1.0000  0.2416
 4821.080 -1.0000  0.2939
 4821.100 -1.0000  0.3776
 4821.120 -1.0000  0.4794
 4821.140 -1.0000  0.5865
 4821.160 -1.0000  0.6879
 4821.180 -1.0000  0.7748
 4821.200  1.0849  0.8414
 4821.220  1.0627  0.8857
 4821.240  1.0363  0.9100
 4821.260  1.0181  0.9203
 4821.280  1.0115  0.9246
 4821.300  1.0125  0.9301
 4821.320  1.0139  0.9408
 4821.340  1.0098  0.9562
 4821.360  0.9980  0.9721
 4821.380  0.9809  0.9832
 4821.400  0.9630  0.9861
 4821.420  0.9493  0.9812
 4821.440  0.9425  0.9727
 4821.460  0.9424  0.9667
 4821.480  0.9468  0.9676
 4821.500  0.9533  0.9762
 4821.520  0.9604  0.9889
 4821.540  0.9685  0.9993
 4821.560  0.9787  1.0021
 4821.580  0.9916  0.9955
 4821.600  1.0054  0.9826
 4821.620  1.0165  0.9700
 4821.640  1.0207  0.9645
 4821.660  1.0157  0.9691
 4821.680  1.0024  0.9810
 4821.700  0.9851  0.9921
 4821.720  0.9689  0.9920
 4821.740  0.9578  0.9727
 4821.760  0.9533  0.9318
 4821.780  0.9542  0.8746
 4821.800  0.9574  0.8118
 4821.820  0.9599  0.7566
 4821.840  0.9610  0.7202
 4821.860  0.9628  0.7091
 4821.880  0.9691  0.7235
 4821.900  0.9821  0.7588
 4821.920  1.0003  0.8076
 4821.940  1.0189  0.8611
 4821.960  1.0325  0.9110
 4821.980  1.0381  0.9496
 4822.000  1.0359  0.9702
 4822.020  1.0299  0.9679
 4822.040  1.0261  0.9410
 4822.060  1.0303  0.8926
 4822.080  1.0453  0.8313
 4822.100  1.0677  0.7701
 4822.120  1.0869  0.7232
 4822.140  1.0889  0.7023
 4822.160  1.0650  0.7126
 4822.180  1.0173  0.7510
 4822.200  0.9583  0.8073
 4822.220  0.9030  0.8677
 4822.240  0.8628  0.9194
 4822.260  0.8429  0.9542
 4822.280  0.8437  0.9711
 4822.300  0.8621  0.9745
 4822.320  0.8926  0.9717
 4822.340  0.9286  0.9692
 4822.360  0.9635  0.9707
 4822.380  0.9919  0.9759
 4822.400  1.0093  0.9821
 4822.420  1.0130  0.9862
 4822.440  1.0016  0.9867
 4822.460  0.9761  0.9840
 4822.480  0.9409  0.9799
 4822.500  0.9038  0.9765
 4822.520  0.8744  0.9746
 4822.540  0.8607  0.9736
 4822.560  0.8661  0.9717
 4822.580  0.8866  0.9675
 4822.600  0.9127  0.9605
 4822.620  0.9319  0.9517
 4822.640  0.9349  0.9428
 4822.660  0.9196  0.9349
 4822.680  0.8928  0.9278
 4822.700  0.8685  0.9191
 4822.720  0.8610  0.9049
 4822.740  0.8796  0.8807
 4822.760  0.9192  0.8428
 4822.780  0.9586  0.7895
 4822.800 -1.0000  0.7213
 4822.820 -1.0000  0.6418
 4822.840 -1.0000  0.5571
 4822.860 -1.0000  0.4748
 4822.880 -1.0000  0.4040
 4822.900 -1.0000  0.3531
 4822.920 -1.0000  0.3286
 4822.940 -1.0000  0.3335
 4822.960 -1.0000  0.3667
 4822.980 -1.0000  0.4230
 4823.000 -1.0000  0.4946
 4823.020 -1.0000  0.5727
 4823.040 -1.0000  0.6503
 4823.060 -1.0000  0.7221
 4823.080  1.0380  0.7851
 4823.100  1.0285  0.8366
 4823.120  1.0195  0.8733
 4823.140  1.0162  0.8906
 4823.160  1.0185  0.8845
 4823.180  1.0242  0.8537
 4823.200  1.0315  0.8027
 4823.220  1.0403  0.7426
 4823.240  1.0516  0.6894
 4823.260  1.0653  0.6592
 4823.280  1.0785  0.6621
 4823.300  1.0872  0.6973
 4823.320  1.0881  0.7521
 4823.340  1.0814  0.8051
 4823.360  1.0702  0.8339
 4823.380  1.0589  0.8240
 4823.400  1.0507  0.7745
 4823.420 -1.0000  0.7000
 4823.440 -1.0000  0.6255
 4823.460 -1.0000  0.5774
 4823.480 -1.0000  0.5741
 4823.500 -1.0000  0.6188
 4823.520 -1.0000  0.6996
 4823.540  0.9717  0.7936
 4823.560  0.9397  0.8767
 4823.580  0.8995  0.9314
 4823.600  0.8601  0.9528
 4823.620  0.8239  0.9481
 4823.640  0.7899  0.9321
 4823.660  0.7579  0.9196
 4823.680  0.7296  0.9199
 4823.700  0.7078  0.9338
 4823.720  0.6963  0.9550
 4823.740  0.6979  0.9749
 4823.760  0.7135  0.9866
 4823.780  0.7416  0.9887
 4823.800  0.7779  0.9844
 4823.820  0.8160  0.9796
 4823.840  0.8497  0.9791
 4823.860  0.8750  0.9843
 4823.880  0.8917  0.9928
 4823.900  0.9028  1.0002
 4823.920  0.9124  1.0028
 4823.940  0.9231  0.9996
 4823.960  0.9339  0.9928
 4823.980  0.9412  0.9865
 4824.000  0.9401  0.9839
 4824.020  0.9275  0.9862
 4824.040  0.9045  0.9915
 4824.060  0.8766  0.9963
 4824.080  0.8522  0.9973
 4824.100  0.8399  0.9937
 4824.120  0.8457  0.9872
 4824.140  0.8713  0.9811
 4824.160  0.9126  0.9788
 4824.180  0.9612  0.9814
 4824.200  1.0069  0.9873
 4824.220  1.0407  0.9931
 4824.240  1.0561  0.9953
 4824.260  1.0506  0.9921
 4824.280  1.0251  0.9845
 4824.300  0.9839  0.9755
 4824.320  0.9347  0.9685
 4824.340  0.8875  0.9653
 4824.360  0.8525  0.9654
 4824.380  0.8375  0.9657
 4824.400  0.8452  0.9627
 4824.420  0.8725  0.9542
 4824.440  0.9114  0.9406
 4824.460  0.9502  0.9245
 4824.480  0.9777  0.9092
 4824.500  0.9874  0.8961
 4824.520  0.9802  0.8836
 4824.540  0.9646  0.8667
 4824.560  0.9515  0.8385
 4824.580  0.9460  0.7928
 4824.600 -1.0000  0.7270
 4824.620 -1.0000  0.6431
 4824.640 -1.0000  0.5477
 4824.660 -1.0000  0.4493
 4824.680 -1.0000  0.3568
 4824.700 -1.0000  0.2767
 4824.720 -1.0000  0.2131
 4824.740 -1.0000  0.1683
 4824.760 -1.0000  0.1442
 4824.780 -1.0000  0.1431
 4824.800 -1.0000  0.1675
 4824.820 -1.0000  0.2192
 4824.840 -1.0000  0.2969
 4824.860 -1.0000  0.3949
 4824.880 -1.0000  0.5034
 4824.900 -1.0000  0.6100
 4824.920 -1.0000  0.7031
 4824.940  0.9447  0.7749
 4824.960  0.9520  0.8235
 4824.980  0.9666  0.8528
 4825.000  0.9862  0.8699
 4825.020  1.0048  0.8830
 4825.040  1.0166  0.8971
 4825.060  1.0192  0.9136
 4825.080  1.0144  0.9300
 4825.100  1.0064  0.9422
 4825.120  0.9995  0.9472
 4825.140  0.9954  0.9447
 4825.160  0.9933  0.9377
 4825.180  0.9904  0.9311
 4825.200  0.9844  0.9294
 4825.220  0.9750  0.9350
 4825.240  0.9649  0.9470
 4825.260  0.9582  0.9620
 4825.280  0.9583  0.9754
 4825.300  0.9659  0.9839
 4825.320  0.9784  0.9864
 4825.340  0.9910  0.9846
 4825.360  0.9985  0.9815
 4825.380  0.9978  0.9803
 4825.400  0.9893  0.9823
 4825.420  0.9771  0.9867
 4825.440  0.9664  0.9915
 4825.460  0.9615  0.9941
 4825.480  0.9633  0.9934
 4825.500  0.9691  0.9900
 4825.520  0.9739  0.9856
 4825.540  0.9722  0.9828
 4825.560  0.9615  0.9830
 4825.580  0.9426  0.9863
 4825.600  0.9203  0.9911
 4825.620  0.9014  0.9954
 4825.640  0.8924  0.9978
 4825.660  0.8976  0.9979
 4825.680  0.9177  0.9966
 4825.700  0.9499  0.9952
 4825.720  0.9883  0.9944
 4825.740  1.0248  0.9937
 4825.760  1.0514  0.9917
 4825.780  1.0608  0.9869
 4825.800  1.0489  0.9790
 4825.820  1.0155  0.9694
 4825.840  0.9656  0.9607
 4825.860  0.9095  0.9556
 4825.880  0.8607  0.9545
 4825.900  0.8316  0.9546
 4825.920  0.8305  0.9495
 4825.940  0.8589  0.9314
 4825.960  0.9129  0.8941
 4825.980  0.9791  0.8357
 4826.000  1.0333  0.7611
 4826.020 -1.0000  0.6812
 4826.040 -1.0000  0.6102
 4826.060 -1.0000  0.5618
 4826.080 -1.0000  0.5451
 4826.100 -1.0000  0.5619
 4826.120 -1.0000  0.6065
 4826.140 -1.0000  0.6679
 4826.160  1.0378  0.7337
 4826.180  1.0030  0.7927
 4826.200  0.9546  0.8385
 4826.220  0.9062  0.8691
 4826.240  0.8704  0.8863
 4826.260  0.8582  0.8937
 4826.280  0.8760  0.8949
 4826.300  0.9219  0.8922
 4826.320  0.9845  0.8867
 4826.340  1.0466  0.8786
 4826.360  1.0907  0.8673
 4826.380  1.1055  0.8520
 4826.400  1.0897  0.8310
 4826.420  1.0542  0.8019
 4826.440  1.0205  0.7611
 4826.460 -1.0000  0.7051
 4826.480 -1.0000  0.6315
 4826.500 -1.0000  0.5407
 4826.520 -1.0000  0.4371
 4826.540 -1.0000  0.3289
 4826.560 -1.0000  0.2276
 4826.580 -1.0000  0.1457
 4826.600 -1.0000  0.0944
 4826.620 -1.0000  0.0812
 4826.640 -1.0000  0.1088
 4826.660 -1.0000  0.1739
 4826.680 -1.0000  0.2681
 4826.700 -1.0000  0.3795
 4826.720 -1.0000  0.4947
 4826.740 -1.0000  0.6012
 4826.760 -1.0000  0.6900
 4826.780  0.9851  0.7567
 4826.800  0.9656  0.8018
 4826.820  0.9504  0.8303
 4826.840  0.9495  0.8488
 4826.860  0.9611  0.8640
 4826.880  0.9781  0.8797
 4826.900  0.9944  0.8964
 4826.920  1.0075  0.9118
 4826.940  1.0178  0.9222
 4826.960  1.0265  0.9254
 4826.980  1.0333  0.9215
 4827.000  1.0351  0.9136
 4827.020  1.0272  0.9063
 4827.040  1.0065  0.9039
 4827.060  0.9739  0.9081
 4827.080  0.9360  0.9175
 4827.100  0.9028  0.9284
 4827.120  0.8837  0.9368
 4827.140  0.8836  0.9407
 4827.160  0.9010  0.9410
 4827.180  0.9284  0.9409
 4827.200  0.9551  0.9434
 4827.220  0.9720  0.9491
 4827.240  0.9755  0.9535
 4827.260  0.9684  0.9490
 4827.280  0.9583  0.9269
 4827.300  0.9535  0.8819
 4827.320  0.9596  0.8163
 4827.340  0.9767  0.7406
 4827.360  0.9975  0.6715
 4827.380  1.0101  0.6266
 4827.400  1.0056  0.6185
 4827.420  0.9852  0.6503
 4827.440  0.9602  0.7139
 4827.460  0.9434  0.7930
 4827.480  0.9411  0.8689
 4827.500  0.9514  0.9265
 4827.520  0.9668  0.9590
 4827.540  0.9774  0.9689
 4827.560  0.9750  0.9649
 4827.580  0.9569  0.9580
 4827.600  0.9276  0.9562
 4827.620  0.8976  0.9621
 4827.640  0.8785  0.9730
 4827.660  0.8770  0.9832
 4827.680  0.8919  0.9880
 4827.700  0.9148  0.9857
 4827.720  0.9332  0.9785
 4827.740  0.9361  0.9710
 4827.760  0.9192  0.9672
 4827.780  0.8871  0.9688
 4827.800  0.8516  0.9740
 4827.820  0.8263  0.9789
 4827.840  0.8208  0.9794
 4827.860  0.8373  0.9736
 4827.880  0.8695  0.9630
 4827.900  0.9058  0.9517
 4827.920  0.9337  0.9445
 4827.940  0.9452  0.9448
 4827.960  0.9401  0.9533
 4827.980 -1.0000  0.9673
 4828.000 -1.0000  0.9825
 4797.000  0.0000        
 4797.020  0.0000        
 4797.040 -0.0097        
 4797.060 -0.0084        
 4797.080 -0.0078        
 4797.100 -0.0074        
 4797.120 -0.0079        
 4797.140 -0.0095        
 4797.160 -0.0112        
 4797.180 -0.0120        
 4797.200 -0.0113        
 4797.220 -0.0094        
 4797.240 -0.0071        
 4797.260 -0.0055        
 4797.280 -0.0053        
 4797.300 -0.0067        
 4797.320 -0.0091        
 4797.340 -0.0123        
 4797.360 -0.0155        
 4797.380 -0.0180        
 4797.400 -0.0188        
 4797.420 -0.0171        
 4797.440 -0.0128        
 4797.460 -0.0070        
 4797.480 -0.0012        
 4797.500  0.0028        
 4797.520  0.0042        
 4797.540  0.0032        
 4797.560  0.0005        
 4797.580 -0.0026        
 4797.600 -0.0049        
 4797.620 -0.0057        
 4797.640 -0.0048        
 4797.660 -0.0024        
 4797.680  0.0002        
 4797.700  0.0017        
 4797.720  0.0012        
 4797.740 -0.0014        
 4797.760 -0.0053        
 4797.780 -0.0094        
 4797.800 -0.0127        
 4797.820 -0.0147        
 4797.840 -0.0155        
 4797.860 -0.0152        
 4797.880 -0.0146        
 4797.900 -0.0137        
 4797.920 -0.0127        
 4797.940 -0.0110        
 4797.960 -0.0083        
 4797.980 -0.0040        
 4798.000  0.0017        
 4798.020  0.0080        
 4798.040  0.0131        
 4798.060  0.0155        
 4798.080  0.0145        
 4798.100  0.0110        
 4798.120  0.0069        
 4798.140  0.0038        
 4798.160  0.0025        
 4798.180  0.0029        
 4798.200  0.0040        
 4798.220  0.0047        
 4798.240  0.0040        
 4798.260  0.0016        
 4798.280 -0.0021        
 4798.300 -0.0059        
 4798.320 -0.0083        
 4798.340 -0.0084        
 4798.360 -0.0058        
 4798.380 -0.0013        
 4798.400  0.0035        
 4798.420  0.0070        
 4798.440  0.0082        
 4798.460  0.0071        
 4798.480  0.0044        
 4798.500  0.0016        
 4798.520 -0.0002        
 4798.540 -0.0001        
 4798.560  0.0017        
 4798.580  0.0043        
 4798.600  0.0065        
 4798.620  0.0073        
 4798.640  0.0064        
 4798.660  0.0046        
 4798.680  0.0030        
 4798.700  0.0032        
 4798.720  0.0061        
 4798.740  0.0114        
 4798.760  0.0174        
 4798.780  0.0211        
 4798.800  0.0203        
 4798.820  0.0146        
 4798.840  0.0056        
 4798.860 -0.0042        
 4798.880 -0.0122        
 4798.900 -0.0163        
 4798.920 -0.0159        
 4798.940 -0.0116        
 4798.960 -0.0054        
 4798.980 -0.0003        
 4799.000  0.0013        
 4799.020 -0.0018        
 4799.040 -0.0088        
 4799.060 -0.0171        
 4799.080 -0.0234        
 4799.100 -0.0252        
 4799.120 -0.0215        
 4799.140 -0.0131        
 4799.160 -0.0027        
 4799.180  0.0063        
 4799.200  0.0108        
 4799.220  0.0093        
 4799.240  0.0023        
 4799.260 -0.0081        
 4799.280 -0.0190        
 4799.300 -0.0279        
 4799.320 -0.0331        
 4799.340 -0.0342        
 4799.360 -0.0319        
 4799.380 -0.0273        
 4799.400 -0.0218        
 4799.420 -0.0162        
 4799.440 -0.0107        
 4799.460 -0.0052        
 4799.480  0.0001        
 4799.500  0.0047        
 4799.520  0.0077        
 4799.540  0.0081        
 4799.560  0.0053        
 4799.580 -0.0005        
 4799.600 -0.0082        
 4799.620 -0.0165        
 4799.640 -0.0236        
 4799.660 -0.0279        
 4799.680 -0.0286        
 4799.700 -0.0256        
 4799.720 -0.0205        
 4799.740 -0.0152        
 4799.760 -0.0113        
 4799.780 -0.0090        
 4799.800 -0.0075        
 4799.820 -0.0061        
 4799.840 -0.0042        
 4799.860 -0.0020        
 4799.880 -0.0005        
 4799.900 -0.0009        
 4799.920 -0.0042        
 4799.940 -0.0106        
 4799.960 -0.0188        
 4799.980 -0.0271        
 4800.000 -0.0334        
 4800.020 -0.0358        
 4800.040 -0.0336        
 4800.060 -0.0268        
 4800.080 -0.0171        
 4800.100 -0.0069        
 4800.120  0.0015        
 4800.140  0.0065        
 4800.160  0.0077        
 4800.180  0.0059        
 4800.200  0.0022        
 4800.220 -0.0020        
 4800.240 -0.0053        
 4800.260 -0.0072        
 4800.280 -0.0076        
 4800.300 -0.0069        
 4800.320 -0.0057        
 4800.340 -0.0042        
 4800.360 -0.0023        
 4800.380 -0.0001        
 4800.400  0.0023        
 4800.420  0.0043        
 4800.440  0.0051        
 4800.460  0.0042        
 4800.480  0.0016        
 4800.500 -0.0020        
 4800.520 -0.0055        
 4800.540 -0.0079        
 4800.560 -0.0084        
 4800.580 -0.0071        
 4800.600 -0.0043        
 4800.620 -0.0010        
 4800.640  0.0013        
 4800.660  0.0017        
 4800.680 -0.0002        
 4800.700 -0.0039        
 4800.720 -0.0083        
 4800.740 -0.0120        
 4800.760 -0.0140        
 4800.780 -0.0141        
 4800.800 -0.0126        
 4800.820 -0.0109        
 4800.840 -0.0101        
 4800.860 -0.0110        
 4800.880 -0.0139        
 4800.900 -0.0180        
 4800.920 -0.0224        
 4800.940 -0.0260        
 4800.960 -0.0277        
 4800.980 -0.0275        
 4801.000 -0.0255        
 4801.020 -0.0225        
 4801.040 -0.0196        
 4801.060 -0.0173        
 4801.080 -0.0157        
 4801.100 -0.0146        
 4801.120 -0.0137        
 4801.140 -0.0125        
 4801.160 -0.0108        
 4801.180 -0.0084        
 4801.200 -0.0053        
 4801.220 -0.0017        
 4801.240  0.0022        
 4801.260  0.0055        
 4801.280  0.0075        
 4801.300  0.0070        
 4801.320  0.0037        
 4801.340 -0.0017        
 4801.360 -0.0077        
 4801.380 -0.0119        
 4801.400 -0.0131        
 4801.420 -0.0108        
 4801.440 -0.0054        
 4801.460  0.0014        
 4801.480  0.0080        
 4801.500  0.0123        
 4801.520  0.0128        
 4801.540  0.0094        
 4801.560  0.0031        
 4801.580 -0.0040        
 4801.600 -0.0096        
 4801.620 -0.0123        
 4801.640 -0.0115        
 4801.660 -0.0076        
 4801.680 -0.0019        
 4801.700  0.0039        
 4801.720  0.0084        
 4801.740  0.0109        
 4801.760  0.0115        
 4801.780  0.0109        
 4801.800  0.0096        
 4801.820  0.0079        
 4801.840  0.0057        
 4801.860  0.0027        
 4801.880 -0.0011        
 4801.900 -0.0052        
 4801.920 -0.0088        
 4801.940 -0.0108        
 4801.960 -0.0109        
 4801.980 -0.0088        
 4802.000 -0.0052        
 4802.020 -0.0007        
 4802.040  0.0035        
 4802.060  0.0066        
 4802.080  0.0080        
 4802.100  0.0078        
 4802.120  0.0063        
 4802.140  0.0042        
 4802.160  0.0019        
 4802.180 -0.0007        
 4802.200 -0.0037        
 4802.220 -0.0071        
 4802.240 -0.0107        
 4802.260 -0.0141        
 4802.280 -0.0166        
 4802.300 -0.0176        
 4802.320 -0.0171        
 4802.340 -0.0152        
 4802.360 -0.0125        
 4802.380 -0.0096        
 4802.400 -0.0070        
 4802.420 -0.0049        
 4802.440 -0.0032        
 4802.460 -0.0017        
 4802.480 -0.0004        
 4802.500  0.0006        
 4802.520  0.0010        
 4802.540  0.0007        
 4802.560 -0.0005        
 4802.580 -0.0026        
 4802.600 -0.0051        
 4802.620 -0.0076        
 4802.640 -0.0100        
 4802.660 -0.0119        
 4802.680 -0.0132        
 4802.700 -0.0137        
 4802.720 -0.0132        
 4802.740 -0.0111        
 4802.760 -0.0073        
 4802.780 -0.0018        
 4802.800  0.0047        
 4802.820  0.0112        
 4802.840  0.0164        
 4802.860  0.0190        
 4802.880  0.0181        
 4802.900  0.0136        
 4802.920  0.0064        
 4802.940 -0.0017        
 4802.960 -0.0083        
 4802.980 -0.0118        
 4803.000 -0.0118        
 4803.020 -0.0093        
 4803.040 -0.0059        
 4803.060 -0.0031        
 4803.080 -0.0018        
 4803.100 -0.0022        
 4803.120 -0.0039        
 4803.140 -0.0062        
 4803.160 -0.0088        
 4803.180 -0.0111        
 4803.200 -0.0132        
 4803.220 -0.0149        
 4803.240 -0.0161        
 4803.260 -0.0164        
 4803.280 -0.0150        
 4803.300 -0.0116        
 4803.320 -0.0061        
 4803.340  0.0002        
 4803.360  0.0057        
 4803.380  0.0086        
 4803.400  0.0081        
 4803.420  0.0041        
 4803.440 -0.0020        
 4803.460 -0.0084        
 4803.480 -0.0127        
 4803.500 -0.0134        
 4803.520 -0.0099        
 4803.540 -0.0036        
 4803.560  0.0033        
 4803.580  0.0084        
 4803.600  0.0102        
 4803.620  0.0079        
 4803.640  0.0020        
 4803.660 -0.0062        
 4803.680 -0.0143        
 4803.700 -0.0199        
 4803.720 -0.0215        
 4803.740 -0.0190        
 4803.760 -0.0141        
 4803.780 -0.0088        
 4803.800 -0.0048        
 4803.820 -0.0029        
 4803.840 -0.0030        
 4803.860 -0.0043        
 4803.880 -0.0057        
 4803.900 -0.0062        
 4803.920 -0.0053        
 4803.940 -0.0030        
 4803.960  0.0000        
 4803.980  0.0027        
 4804.000  0.0041        
 4804.020  0.0038        
 4804.040  0.0016        
 4804.060 -0.0018        
 4804.080 -0.0055        
 4804.100 -0.0087        
 4804.120 -0.0108        
 4804.140 -0.0116        
 4804.160 -0.0114        
 4804.180 -0.0106        
 4804.200 -0.0096        
 4804.220 -0.0087        
 4804.240 -0.0078        
 4804.260 -0.0066        
 4804.280 -0.0046        
 4804.300 -0.0014        
 4804.320  0.0030        
 4804.340  0.0080        
 4804.360  0.0128        
 4804.380  0.0166        
 4804.400  0.0186        
 4804.420  0.0185        
 4804.440  0.0160        
 4804.460  0.0114        
 4804.480  0.0050        
 4804.500 -0.0022        
 4804.520 -0.0090        
 4804.540 -0.0139        
 4804.560 -0.0156        
 4804.580 -0.0138        
 4804.600 -0.0092        
 4804.620 -0.0031        
 4804.640  0.0027        
 4804.660  0.0065        
 4804.680  0.0070        
 4804.700  0.0038        
 4804.720 -0.0025        
 4804.740 -0.0104        
 4804.760 -0.0175        
 4804.780 -0.0219        
 4804.800 -0.0223        
 4804.820 -0.0187        
 4804.840 -0.0124        
 4804.860 -0.0051        
 4804.880  0.0012        
 4804.900  0.0052        
 4804.920  0.0066        
 4804.940  0.0060        
 4804.960  0.0046        
 4804.980  0.0038        
 4805.000  0.0043        
 4805.020  0.0059        
 4805.040  0.0079        
 4805.060  0.0089        
 4805.080  0.0079        
 4805.100  0.0044        
 4805.120 -0.0012        
 4805.140 -0.0079        
 4805.160 -0.0143        
 4805.180 -0.0190        
 4805.200 -0.0211        
 4805.220 -0.0205        
 4805.240 -0.0177        
 4805.260 -0.0135        
 4805.280 -0.0083        
 4805.300 -0.0027        
 4805.320  0.0028        
 4805.340  0.0076        
 4805.360  0.0110        
 4805.380  0.0125        
 4805.400  0.0121        
 4805.420  0.0103        
 4805.440  0.0077        
 4805.460  0.0049        
 4805.480  0.0025        
 4805.500  0.0003        
 4805.520 -0.0017        
 4805.540 -0.0040        
 4805.560 -0.0067        
 4805.580 -0.0098        
 4805.600 -0.0128        
 4805.620 -0.0152        
 4805.640 -0.0161        
 4805.660 -0.0152        
 4805.680 -0.0126        
 4805.700 -0.0089        
 4805.720 -0.0051        
 4805.740 -0.0024        
 4805.760 -0.0014        
 4805.780 -0.0023        
 4805.800 -0.0045        
 4805.820 -0.0070        
 4805.840 -0.0085        
 4805.860 -0.0083        
 4805.880 -0.0062        
 4805.900 -0.0029        
 4805.920  0.0007        
 4805.940  0.0033        
 4805.960  0.0045        
 4805.980  0.0041        
 4806.000  0.0029        
 4806.020  0.0018        
 4806.040  0.0016        
 4806.060  0.0026        
 4806.080  0.0044        
 4806.100  0.0061        
 4806.120  0.0065        
 4806.140  0.0051        
 4806.160  0.0020        
 4806.180 -0.0018        
 4806.200 -0.0049        
 4806.220 -0.0060        
 4806.240 -0.0043        
 4806.260 -0.0006        
 4806.280  0.0039        
 4806.300  0.0074        
 4806.320  0.0085        
 4806.340  0.0066        
 4806.360  0.0023        
 4806.380 -0.0029        
 4806.400 -0.0070        
 4806.420 -0.0082        
 4806.440 -0.0059        
 4806.460 -0.0007        
 4806.480  0.0057        
 4806.500  0.0112        
 4806.520  0.0138        
 4806.540  0.0127        
 4806.560  0.0081        
 4806.580  0.0017        
 4806.600 -0.0045        
 4806.620 -0.0085        
 4806.640 -0.0090        
 4806.660 -0.0060        
 4806.680 -0.0008        
 4806.700  0.0051        
 4806.720  0.0100        
 4806.740  0.0128        
 4806.760  0.0130        
 4806.780  0.0112        
 4806.800  0.0080        
 4806.820  0.0043        
 4806.840  0.0006        
 4806.860 -0.0028        
 4806.880 -0.0060        
 4806.900 -0.0089        
 4806.920 -0.0113        
 4806.940 -0.0131        
 4806.960 -0.0137        
 4806.980 -0.0132        
 4807.000 -0.0116        
 4807.020 -0.0096        
 4807.040 -0.0082        
 4807.060 -0.0079        
 4807.080 -0.0093        
 4807.100 -0.0120        
 4807.120 -0.0152        
 4807.140 -0.0178        
 4807.160 -0.0189        
 4807.180 -0.0179        
 4807.200 -0.0148        
 4807.220 -0.0100        
 4807.240 -0.0043        
 4807.260  0.0015        
 4807.280  0.0068        
 4807.300  0.0114        
 4807.320  0.0153        
 4807.340  0.0183        
 4807.360  0.0200        
 4807.380  0.0196        
 4807.400  0.0164        
 4807.420  0.0102        
 4807.440  0.0019        
 4807.460 -0.0065        
 4807.480 -0.0129        
 4807.500 -0.0161        
 4807.520 -0.0159        
 4807.540 -0.0128        
 4807.560 -0.0079        
 4807.580 -0.0024        
 4807.600  0.0026        
 4807.620  0.0059        
 4807.640  0.0066        
 4807.660  0.0046        
 4807.680  0.0008        
 4807.700 -0.0037        
 4807.720 -0.0078        
 4807.740 -0.0103        
 4807.760 -0.0109        
 4807.780 -0.0095        
 4807.800 -0.0065        
 4807.820 -0.0025        
 4807.840  0.0014        
 4807.860  0.0044        
 4807.880  0.0059        
 4807.900  0.0056        
 4807.920  0.0040        
 4807.940  0.0021        
 4807.960  0.0010        
 4807.980  0.0013        
 4808.000  0.0032        
 4808.020  0.0064        
 4808.040  0.0096        
 4808.060  0.0118        
 4808.080  0.0121        
 4808.100  0.0103        
 4808.120  0.0072        
 4808.140  0.0039        
 4808.160  0.0014        
 4808.180  0.0004        
 4808.200  0.0005        
 4808.220  0.0010        
 4808.240  0.0009        
 4808.260 -0.0004        
 4808.280 -0.0032        
 4808.300 -0.0068        
 4808.320 -0.0103        
 4808.340 -0.0124        
 4808.360 -0.0125        
 4808.380 -0.0106        
 4808.400 -0.0072        
 4808.420 -0.0035        
 4808.440 -0.0005        
 4808.460  0.0010        
 4808.480  0.0007        
 4808.500 -0.0011        
 4808.520 -0.0036        
 4808.540 -0.0063        
 4808.560 -0.0085        
 4808.580 -0.0099        
 4808.600 -0.0103        
 4808.620 -0.0097        
 4808.640 -0.0084        
 4808.660 -0.0066        
 4808.680 -0.0049        
 4808.700 -0.0038        
 4808.720 -0.0039        
 4808.740 -0.0055        
 4808.760 -0.0082        
 4808.780 -0.0115        
 4808.800 -0.0142        
 4808.820 -0.0152        
 4808.840 -0.0139        
 4808.860 -0.0100        
 4808.880 -0.0043        
 4808.900  0.0017        
 4808.920  0.0064        
 4808.940  0.0087        
 4808.960  0.0083        
 4808.980  0.0056        
 4809.000  0.0020        
 4809.020 -0.0010        
 4809.040 -0.0019        
 4809.060 -0.0003        
 4809.080  0.0034        
 4809.100  0.0081        
 4809.120  0.0121        
 4809.140  0.0143        
 4809.160  0.0138        
 4809.180  0.0103        
 4809.200  0.0043        
 4809.220 -0.0033        
 4809.240 -0.0109        
 4809.260 -0.0169        
 4809.280 -0.0204        
 4809.300 -0.0210        
 4809.320 -0.0193        
 4809.340 -0.0159        
 4809.360 -0.0116        
 4809.380 -0.0071        
 4809.400 -0.0029        
 4809.420  0.0001        
 4809.440  0.0016        
 4809.460  0.0013        
 4809.480 -0.0002        
 4809.500 -0.0026        
 4809.520 -0.0053        
 4809.540 -0.0083        
 4809.560 -0.0113        
 4809.580 -0.0142        
 4809.600 -0.0163        
 4809.620 -0.0172        
 4809.640 -0.0163        
 4809.660 -0.0136        
 4809.680 -0.0096        
 4809.700 -0.0053        
 4809.720 -0.0018        
 4809.740  0.0002        
 4809.760  0.0000        
 4809.780 -0.0021        
 4809.800 -0.0056        
 4809.820 -0.0093        
 4809.840 -0.0122        
 4809.860 -0.0136        
 4809.880 -0.0132        
 4809.900 -0.0115        
 4809.920 -0.0092        
 4809.940 -0.0068        
 4809.960 -0.0050        
 4809.980 -0.0039        
 4810.000 -0.0035        
 4810.020 -0.0040        
 4810.040 -0.0052        
 4810.060 -0.0072        
 4810.080 -0.0096        
 4810.100 -0.0120        
 4810.120 -0.0135        
 4810.140 -0.0132        
 4810.160 -0.0105        
 4810.180 -0.0053        
 4810.200  0.0016        
 4810.220  0.0086        
 4810.240  0.0138        
 4810.260  0.0155        
 4810.280  0.0133        
 4810.300  0.0079        
 4810.320  0.0014        
 4810.340 -0.0041        
 4810.360 -0.0066        
 4810.380 -0.0054        
 4810.400 -0.0011        
 4810.420  0.0044        
 4810.440  0.0086        
 4810.460  0.0095        
 4810.480  0.0065        
 4810.500  0.0008        
 4810.520 -0.0056        
 4810.540 -0.0103        
 4810.560 -0.0116        
 4810.580 -0.0092        
 4810.600 -0.0041        
 4810.620  0.0016        
 4810.640  0.0062        
 4810.660  0.0085        
 4810.680  0.0086        
 4810.700  0.0076        
 4810.720  0.0073        
 4810.740  0.0091        
 4810.760  0.0135        
 4810.780  0.0191        
 4810.800  0.0239        
 4810.820  0.0259        
 4810.840  0.0240        
 4810.860  0.0184        
 4810.880  0.0107        
 4810.900  0.0033        
 4810.920 -0.0015        
 4810.940 -0.0022        
 4810.960  0.0013        
 4810.980  0.0076        
 4811.000  0.0146        
 4811.020  0.0201        
 4811.040  0.0226        
 4811.060  0.0218        
 4811.080  0.0187        
 4811.100  0.0148        
 4811.120  0.0117        
 4811.140  0.0099        
 4811.160  0.0091        
 4811.180  0.0084        
 4811.200  0.0066        
 4811.220  0.0033        
 4811.240 -0.0013        
 4811.260 -0.0062        
 4811.280 -0.0101        
 4811.300 -0.0123        
 4811.320 -0.0128        
 4811.340 -0.0120        
 4811.360 -0.0111        
 4811.380 -0.0110        
 4811.400 -0.0121        
 4811.420 -0.0136        
 4811.440 -0.0140        
 4811.460 -0.0122        
 4811.480 -0.0076        
 4811.500 -0.0011        
 4811.520  0.0060        
 4811.540  0.0115        
 4811.560  0.0139        
 4811.580  0.0126        
 4811.600  0.0086        
 4811.620  0.0042        
 4811.640  0.0012        
 4811.660  0.0004        
 4811.680  0.0013        
 4811.700  0.0029        
 4811.720  0.0039        
 4811.740  0.0034        
 4811.760  0.0016        
 4811.780 -0.0007        
 4811.800 -0.0019        
 4811.820 -0.0009        
 4811.840  0.0025        
 4811.860  0.0077        
 4811.880  0.0131        
 4811.900  0.0167        
 4811.920  0.0174        
 4811.940  0.0150        
 4811.960  0.0106        
 4811.980  0.0060        
 4812.000  0.0030        
 4812.020  0.0026        
 4812.040  0.0047        
 4812.060  0.0082        
 4812.080  0.0112        
 4812.100  0.0120        
 4812.120  0.0098        
 4812.140  0.0046        
 4812.160 -0.0025        
 4812.180 -0.0103        
 4812.200 -0.0170        
 4812.220 -0.0213        
 4812.240 -0.0227        
 4812.260 -0.0213        
 4812.280 -0.0184        
 4812.300 -0.0151        
 4812.320 -0.0123        
 4812.340 -0.0103        
 4812.360 -0.0090        
 4812.380 -0.0085        
 4812.400 -0.0088        
 4812.420 -0.0100        
 4812.440 -0.0120        
 4812.460 -0.0147        
 4812.480 -0.0175        
 4812.500 -0.0197        
 4812.520 -0.0207        
 4812.540 -0.0199        
 4812.560 -0.0174        
 4812.580 -0.0139        
 4812.600 -0.0102        
 4812.620 -0.0073        
 4812.640 -0.0058        
 4812.660 -0.0057        
 4812.680 -0.0063        
 4812.700 -0.0070        
 4812.720 -0.0068        
 4812.740 -0.0050        
 4812.760 -0.0017        
 4812.780  0.0025        
 4812.800  0.0067        
 4812.820  0.0094        
 4812.840  0.0095        
 4812.860  0.0055        
 4812.880 -0.0027        
 4812.900 -0.0137        
 4812.920 -0.0238        
 4812.940 -0.0291        
 4812.960 -0.0279        
 4812.980 -0.0217        
 4813.000 -0.0137        
 4813.020 -0.0071        
 4813.040 -0.0036        
 4813.060 -0.0039        
 4813.080 -0.0070        
 4813.100 -0.0110        
 4813.120 -0.0139        
 4813.140 -0.0141        
 4813.160 -0.0113        
 4813.180 -0.0060        
 4813.200  0.0000        
 4813.220  0.0052        
 4813.240  0.0079        
 4813.260  0.0073        
 4813.280  0.0036        
 4813.300 -0.0024        
 4813.320 -0.0088        
 4813.340 -0.0134        
 4813.360 -0.0141        
 4813.380 -0.0100        
 4813.400 -0.0030        
 4813.420  0.0030        
 4813.440  0.0054        
 4813.460  0.0035        
 4813.480 -0.0017        
 4813.500 -0.0084        
 4813.520 -0.0146        
 4813.540 -0.0185        
 4813.560 -0.0190        
 4813.580 -0.0156        
 4813.600 -0.0091        
 4813.620 -0.0013        
 4813.640  0.0062        
 4813.660  0.0119        
 4813.680  0.0151        
 4813.700  0.0161        
 4813.720  0.0158        
 4813.740  0.0155        
 4813.760  0.0158        
 4813.780  0.0168        
 4813.800  0.0174        
 4813.820  0.0163        
 4813.840  0.0125        
 4813.860  0.0057        
 4813.880 -0.0034        
 4813.900 -0.0129        
 4813.920 -0.0203        
 4813.940 -0.0234        
 4813.960 -0.0216        
 4813.980 -0.0158        
 4814.000 -0.0084        
 4814.020 -0.0016        
 4814.040  0.0025        
 4814.060  0.0030        
 4814.080  0.0004        
 4814.100 -0.0036        
 4814.120 -0.0070        
 4814.140 -0.0081        
 4814.160 -0.0065        
 4814.180 -0.0027        
 4814.200  0.0017        
 4814.220  0.0053        
 4814.240  0.0067        
 4814.260  0.0056        
 4814.280  0.0028        
 4814.300 -0.0007        
 4814.320 -0.0036        
 4814.340 -0.0051        
 4814.360 -0.0050        
 4814.380 -0.0037        
 4814.400 -0.0021        
 4814.420 -0.0005        
 4814.440  0.0006        
 4814.460  0.0015        
 4814.480  0.0023        
 4814.500  0.0030        
 4814.520  0.0036        
 4814.540  0.0037        
 4814.560  0.0028        
 4814.580  0.0008        
 4814.600 -0.0019        
 4814.620 -0.0046        
 4814.640 -0.0070        
 4814.660 -0.0087        
 4814.680 -0.0100        
 4814.700 -0.0108        
 4814.720 -0.0114        
 4814.740 -0.0113        
 4814.760 -0.0105        
 4814.780 -0.0087        
 4814.800 -0.0061        
 4814.820 -0.0033        
 4814.840 -0.0013        
 4814.860 -0.0011        
 4814.880 -0.0035        
 4814.900 -0.0083        
 4814.920 -0.0148        
 4814.940 -0.0213        
 4814.960 -0.0257        
 4814.980 -0.0266        
 4815.000 -0.0235        
 4815.020 -0.0172        
 4815.040 -0.0089        
 4815.060 -0.0002        
 4815.080  0.0079        
 4815.100  0.0146        
 4815.120  0.0193        
 4815.140  0.0217        
 4815.160  0.0218        
 4815.180  0.0195        
 4815.200  0.0149        
 4815.220  0.0081        
 4815.240 -0.0008        
 4815.260 -0.0116        
 4815.280 -0.0239        
 4815.300 -0.0360        
 4815.320 -0.0447        
 4815.340 -0.0461        
 4815.360 -0.0392        
 4815.380 -0.0274        
 4815.400 -0.0161        
 4815.420 -0.0087        
 4815.440 -0.0058        
 4815.460 -0.0064        
 4815.480 -0.0092        
 4815.500 -0.0129        
 4815.520 -0.0159        
 4815.540 -0.0171        
 4815.560 -0.0159        
 4815.580 -0.0125        
 4815.600 -0.0080        
 4815.620 -0.0034        
 4815.640  0.0007        
 4815.660  0.0038        
 4815.680  0.0060        
 4815.700  0.0074        
 4815.720  0.0083        
 4815.740  0.0087        
 4815.760  0.0083        
 4815.780  0.0070        
 4815.800  0.0044        
 4815.820  0.0003        
 4815.840 -0.0045        
 4815.860 -0.0091        
 4815.880 -0.0116        
 4815.900 -0.0110        
 4815.920 -0.0067        
 4815.940  0.0006        
 4815.960  0.0094        
 4815.980  0.0175        
 4816.000  0.0221        
 4816.020  0.0211        
 4816.040  0.0135        
 4816.060  0.0016        
 4816.080 -0.0101        
 4816.100 -0.0172        
 4816.120 -0.0181        
 4816.140 -0.0138        
 4816.160 -0.0068        
 4816.180  0.0003        
 4816.200  0.0055        
 4816.220  0.0074        
 4816.240  0.0061        
 4816.260  0.0023        
 4816.280 -0.0020        
 4816.300 -0.0056        
 4816.320 -0.0075        
 4816.340 -0.0079        
 4816.360 -0.0073        
 4816.380 -0.0064        
 4816.400 -0.0056        
 4816.420 -0.0051        
 4816.440 -0.0047        
 4816.460 -0.0043        
 4816.480 -0.0039        
 4816.500 -0.0038        
 4816.520 -0.0044        
 4816.540 -0.0057        
 4816.560 -0.0075        
 4816.580 -0.0085        
 4816.600 -0.0076        
 4816.620 -0.0039        
 4816.640  0.0020        
 4816.660  0.0083        
 4816.680  0.0135        
 4816.700  0.0161        
 4816.720  0.0161        
 4816.740  0.0139        
 4816.760  0.0108        
 4816.780  0.0082        
 4816.800  0.0069        
 4816.820  0.0072        
 4816.840  0.0082        
 4816.860  0.0087        
 4816.880  0.0074        
 4816.900  0.0036        
 4816.920 -0.0023        
 4816.940 -0.0091        
 4816.960 -0.0154        
 4816.980 -0.0196        
 4817.000 -0.0210        
 4817.020 -0.0192        
 4817.040 -0.0148        
 4817.060 -0.0087        
 4817.080 -0.0024        
 4817.100  0.0030        
 4817.120  0.0064        
 4817.140  0.0068        
 4817.160  0.0031        
 4817.180 -0.0057        
 4817.200 -0.0202        
 4817.220 -0.0385        
 4817.240 -0.0546        
 4817.260 -0.0600        
 4817.280 -0.0494        
 4817.300 -0.0267        
 4817.320 -0.0019        
 4817.340  0.0166        
 4817.360  0.0257        
 4817.380  0.0267        
 4817.400  0.0218        
 4817.420  0.0138        
 4817.440  0.0054        
 4817.460 -0.0006        
 4817.480 -0.0017        
 4817.500  0.0027        
 4817.520  0.0107        
 4817.540  0.0183        
 4817.560  0.0223        
 4817.580  0.0215        
 4817.600  0.0175        
 4817.620  0.0125        
 4817.640  0.0086        
 4817.660  0.0066        
 4817.680  0.0062        
 4817.700  0.0063        
 4817.720  0.0052        
 4817.740  0.0021        
 4817.760 -0.0027        
 4817.780 -0.0080        
 4817.800 -0.0119        
 4817.820 -0.0125        
 4817.840 -0.0093        
 4817.860 -0.0031        
 4817.880  0.0045        
 4817.900  0.0111        
 4817.920  0.0150        
 4817.940  0.0154        
 4817.960  0.0121        
 4817.980  0.0060        
 4818.000 -0.0012        
 4818.020 -0.0074        
 4818.040 -0.0112        
 4818.060 -0.0122        
 4818.080 -0.0112        
 4818.100 -0.0093        
 4818.120 -0.0072        
 4818.140 -0.0053        
 4818.160 -0.0036        
 4818.180 -0.0023        
 4818.200 -0.0015        
 4818.220 -0.0014        
 4818.240 -0.0021        
 4818.260 -0.0035        
 4818.280 -0.0053        
 4818.300 -0.0069        
 4818.320 -0.0078        
 4818.340 -0.0076        
 4818.360 -0.0062        
 4818.380 -0.0037        
 4818.400 -0.0005        
 4818.420  0.0031        
 4818.440  0.0066        
 4818.460  0.0096        
 4818.480  0.0115        
 4818.500  0.0121        
 4818.520  0.0108        
 4818.540  0.0074        
 4818.560  0.0019        
 4818.580 -0.0049        
 4818.600 -0.0121        
 4818.620 -0.0183        
 4818.640 -0.0223        
 4818.660 -0.0234        
 4818.680 -0.0212        
 4818.700 -0.0164        
 4818.720 -0.0099        
 4818.740 -0.0032        
 4818.760  0.0027        
 4818.780  0.0067        
 4818.800  0.0085        
 4818.820  0.0079        
 4818.840  0.0052        
 4818.860  0.0009        
 4818.880 -0.0046        
 4818.900 -0.0105        
 4818.920 -0.0162        
 4818.940 -0.0212        
 4818.960 -0.0246        
 4818.980 -0.0256        
 4819.000 -0.0236        
 4819.020 -0.0194        
 4819.040 -0.0144        
 4819.060 -0.0101        
 4819.080 -0.0073        
 4819.100 -0.0061        
 4819.120 -0.0053        
 4819.140 -0.0033        
 4819.160  0.0012        
 4819.180  0.0077        
 4819.200  0.0135        
 4819.220  0.0159        
 4819.240  0.0150        
 4819.260  0.0121        
 4819.280  0.0085        
 4819.300  0.0049        
 4819.320  0.0018        
 4819.340 -0.0004        
 4819.360 -0.0014        
 4819.380 -0.0012        
 4819.400 -0.0002        
 4819.420  0.0004        
 4819.440 -0.0004        
 4819.460 -0.0030        
 4819.480 -0.0071        
 4819.500 -0.0115        
 4819.520 -0.0151        
 4819.540 -0.0167        
 4819.560 -0.0155        
 4819.580 -0.0112        
 4819.600 -0.0042        
 4819.620  0.0039        
 4819.640  0.0117        
 4819.660  0.0174        
 4819.680  0.0200        
 4819.700  0.0191        
 4819.720  0.0153        
 4819.740  0.0094        
 4819.760  0.0028        
 4819.780 -0.0034        
 4819.800 -0.0080        
 4819.820 -0.0107        
 4819.840 -0.0111        
 4819.860 -0.0093        
 4819.880 -0.0059        
 4819.900 -0.0016        
 4819.920  0.0028        
 4819.940  0.0061        
 4819.960  0.0076        
 4819.980  0.0071        
 4820.000  0.0048        
 4820.020  0.0016        
 4820.040 -0.0016        
 4820.060 -0.0038        
 4820.080 -0.0047        
 4820.100 -0.0047        
 4820.120 -0.0044        
 4820.140 -0.0049        
 4820.160 -0.0067        
 4820.180 -0.0095        
 4820.200 -0.0123        
 4820.220 -0.0137        
 4820.240 -0.0126        
 4820.260 -0.0088        
 4820.280 -0.0029        
 4820.300  0.0034        
 4820.320  0.0084        
 4820.340  0.0109        
 4820.360  0.0103        
 4820.380  0.0070        
 4820.400  0.0024        
 4820.420 -0.0015        
 4820.440 -0.0030        
 4820.460 -0.0019        
 4820.480  0.0004        
 4820.500  0.0022        
 4820.520  0.0026        
 4820.540  0.0014        
 4820.560 -0.0004        
 4820.580 -0.0018        
 4820.600 -0.0016        
 4820.620  0.0003        
 4820.640  0.0035        
 4820.660  0.0066        
 4820.680  0.0082        
 4820.700  0.0074        
 4820.720  0.0041        
 4820.740 -0.0011        
 4820.760 -0.0069        
 4820.780 -0.0114        
 4820.800 -0.0129        
 4820.820 -0.0112        
 4820.840 -0.0075        
 4820.860 -0.0040        
 4820.880 -0.0021        
 4820.900 -0.0027        
 4820.920 -0.0060        
 4820.940 -0.0123        
 4820.960 -0.0218        
 4820.980 -0.0338        
 4821.000 -0.0450        
 4821.020 -0.0482        
 4821.040 -0.0370        
 4821.060 -0.0136        
 4821.080  0.0110        
 4821.100  0.0263        
 4821.120  0.0298        
 4821.140  0.0243        
 4821.160  0.0140        
 4821.180  0.0027        
 4821.200 -0.0070        
 4821.220 -0.0130        
 4821.240 -0.0144        
 4821.260 -0.0117        
 4821.280 -0.0066        
 4821.300 -0.0017        
 4821.320  0.0003        
 4821.340 -0.0016        
 4821.360 -0.0069        
 4821.380 -0.0135        
 4821.400 -0.0183        
 4821.420 -0.0193        
 4821.440 -0.0156        
 4821.460 -0.0084        
 4821.480 -0.0001        
 4821.500  0.0061        
 4821.520  0.0084        
 4821.540  0.0066        
 4821.560  0.0025        
 4821.580 -0.0016        
 4821.600 -0.0036        
 4821.620 -0.0025        
 4821.640  0.0008        
 4821.660  0.0043        
 4821.680  0.0059        
 4821.700  0.0043        
 4821.720 -0.0002        
 4821.740 -0.0060        
 4821.760 -0.0110        
 4821.780 -0.0133        
 4821.800 -0.0118        
 4821.820 -0.0070        
 4821.840 -0.0008        
 4821.860  0.0040        
 4821.880  0.0058        
 4821.900  0.0046        
 4821.920  0.0019        
 4821.940 -0.0006        
 4821.960 -0.0020        
 4821.980 -0.0026        
 4822.000 -0.0034        
 4822.020 -0.0058        
 4822.040 -0.0106        
 4822.060 -0.0176        
 4822.080 -0.0259        
 4822.100 -0.0335        
 4822.120 -0.0379        
 4822.140 -0.0377        
 4822.160 -0.0332        
 4822.180 -0.0264        
 4822.200 -0.0195        
 4822.220 -0.0138        
 4822.240 -0.0094        
 4822.260 -0.0056        
 4822.280 -0.0017        
 4822.300  0.0023        
 4822.320  0.0056        
 4822.340  0.0071        
 4822.360  0.0061        
 4822.380  0.0025        
 4822.400 -0.0027        
 4822.420 -0.0079        
 4822.440 -0.0113        
 4822.460 -0.0118        
 4822.480 -0.0094        
 4822.500 -0.0053        
 4822.520 -0.0010        
 4822.540  0.0020        
 4822.560  0.0028        
 4822.580  0.0016        
 4822.600 -0.0006        
 4822.620 -0.0028        
 4822.640 -0.0043        
 4822.660 -0.0050        
 4822.680 -0.0054        
 4822.700 -0.0062        
 4822.720 -0.0078        
 4822.740 -0.0100        
 4822.760 -0.0122        
 4822.780 -0.0137        
 4822.800 -0.0138        
 4822.820 -0.0126        
 4822.840 -0.0112        
 4822.860 -0.0119        
 4822.880 -0.0169        
 4822.900 -0.0274        
 4822.920 -0.0409        
 4822.940 -0.0516        
 4822.960 -0.0545        
 4822.980 -0.0484        
 4823.000 -0.0359        
 4823.020 -0.0211        
 4823.040 -0.0075        
 4823.060  0.0029        
 4823.080  0.0094        
 4823.100  0.0118        
 4823.120  0.0108        
 4823.140  0.0073        
 4823.160  0.0023        
 4823.180 -0.0030        
 4823.200 -0.0078        
 4823.220 -0.0110        
 4823.240 -0.0120        
 4823.260 -0.0105        
 4823.280 -0.0075        
 4823.300 -0.0045        
 4823.320 -0.0027        
 4823.340 -0.0028        
 4823.360 -0.0045        
 4823.380 -0.0071        
 4823.400 -0.0098        
 4823.420 -0.0115        
 4823.440 -0.0114        
 4823.460 -0.0090        
 4823.480 -0.0053        
 4823.500 -0.0019        
 4823.520 -0.0001        
 4823.540 -0.0002        
 4823.560 -0.0016        
 4823.580 -0.0037        
 4823.600 -0.0060        
 4823.620 -0.0082        
 4823.640 -0.0100        
 4823.660 -0.0113        
 4823.680 -0.0117        
 4823.700 -0.0109        
 4823.720 -0.0089        
 4823.740 -0.0057        
 4823.760 -0.0021        
 4823.780  0.0010        
 4823.800  0.0025        
 4823.820  0.0015        
 4823.840 -0.0020        
 4823.860 -0.0071        
 4823.880 -0.0118        
 4823.900 -0.0141        
 4823.920 -0.0127        
 4823.940 -0.0075        
 4823.960  0.0002        
 4823.980  0.0079        
 4824.000  0.0129        
 4824.020  0.0133        
 4824.040  0.0087        
 4824.060  0.0007        
 4824.080 -0.0082        
 4824.100 -0.0150        
 4824.120 -0.0181        
 4824.140 -0.0168        
 4824.160 -0.0123        
 4824.180 -0.0066        
 4824.200 -0.0019        
 4824.220  0.0008        
 4824.240  0.0015        
 4824.260  0.0014        
 4824.280  0.0018        
 4824.300  0.0038        
 4824.320  0.0070        
 4824.340  0.0101        
 4824.360  0.0114        
 4824.380  0.0091        
 4824.400  0.0027        
 4824.420 -0.0068        
 4824.440 -0.0173        
 4824.460 -0.0257        
 4824.480 -0.0291        
 4824.500 -0.0259        
 4824.520 -0.0162        
 4824.540 -0.0019        
 4824.560  0.0137        
 4824.580  0.0275        
 4824.600  0.0363        
 4824.620  0.0379        
 4824.640  0.0306        
 4824.660  0.0143        
 4824.680 -0.0081        
 4824.700 -0.0293        
 4824.720 -0.0363        
 4824.740 -0.0165        
 4824.760  0.0307        
 4824.780  0.0849        
 4824.800  0.1172        
 4824.820  0.1153        
 4824.840  0.0887        
 4824.860  0.0553        
 4824.880  0.0268        
 4824.900  0.0073        
 4824.920 -0.0032        
 4824.940 -0.0062        
 4824.960 -0.0038        
 4824.980  0.0019        
 4825.000  0.0088        
 4825.020  0.0148        
 4825.040  0.0185        
 4825.060  0.0192        
 4825.080  0.0169        
 4825.100  0.0125        
 4825.120  0.0065        
 4825.140 -0.0001        
 4825.160 -0.0065        
 4825.180 -0.0118        
 4825.200 -0.0153        
 4825.220 -0.0163        
 4825.240 -0.0147        
 4825.260 -0.0112        
 4825.280 -0.0070        
 4825.300 -0.0036        
 4825.320 -0.0022        
 4825.340 -0.0035        
 4825.360 -0.0072        
 4825.380 -0.0121        
 4825.400 -0.0165        
 4825.420 -0.0187        
 4825.440 -0.0176        
 4825.460 -0.0133        
 4825.480 -0.0068        
 4825.500  0.0002        
 4825.520  0.0059        
 4825.540  0.0089        
 4825.560  0.0089        
 4825.580  0.0062        
 4825.600  0.0020        
 4825.620 -0.0024        
 4825.640 -0.0059        
 4825.660 -0.0080        
 4825.680 -0.0086        
 4825.700 -0.0078        
 4825.720 -0.0062        
 4825.740 -0.0040        
 4825.760 -0.0016        
 4825.780  0.0009        
 4825.800  0.0036        
 4825.820  0.0061        
 4825.840  0.0083        
 4825.860  0.0099        
 4825.880  0.0107        
 4825.900  0.0106        
 4825.920  0.0097        
 4825.940  0.0082        
 4825.960  0.0067        
 4825.980  0.0055        
 4826.000  0.0051        
 4826.020  0.0055        
 4826.040  0.0065        
 4826.060  0.0072        
 4826.080  0.0062        
 4826.100  0.0026        
 4826.120 -0.0037        
 4826.140 -0.0114        
 4826.160 -0.0189        
 4826.180 -0.0248        
 4826.200 -0.0280        
 4826.220 -0.0281        
 4826.240 -0.0253        
 4826.260 -0.0204        
 4826.280 -0.0151        
 4826.300 -0.0106        
 4826.320 -0.0081        
 4826.340 -0.0078        
 4826.360 -0.0089        
 4826.380 -0.0100        
 4826.400 -0.0099        
 4826.420 -0.0081        
 4826.440 -0.0049        
 4826.460 -0.0017        
 4826.480 -0.0007        
 4826.500 -0.0047        
 4826.520 -0.0169        
 4826.540 -0.0416        
 4826.560 -0.0821        
 4826.580 -0.1316        
 4826.600 -0.1624        
 4826.620 -0.1452        
 4826.640 -0.0887        
 4826.660 -0.0339        
 4826.680 -0.0062        
 4826.700 -0.0014        
 4826.720 -0.0065        
 4826.740 -0.0139        
 4826.760 -0.0199        
 4826.780 -0.0230        
 4826.800 -0.0226        
 4826.820 -0.0192        
 4826.840 -0.0139        
 4826.860 -0.0083        
 4826.880 -0.0038        
 4826.900 -0.0014        
 4826.920 -0.0013        
 4826.940 -0.0030        
 4826.960 -0.0056        
 4826.980 -0.0078        
 4827.000 -0.0089        
 4827.020 -0.0084        
 4827.040 -0.0068        
 4827.060 -0.0048        
 4827.080 -0.0036        
 4827.100 -0.0039        
 4827.120 -0.0061        
 4827.140 -0.0097        
 4827.160 -0.0138        
 4827.180 -0.0168        
 4827.200 -0.0175        
 4827.220 -0.0150        
 4827.240 -0.0097        
 4827.260 -0.0025        
 4827.280  0.0049        
 4827.300  0.0111        
 4827.320  0.0145        
 4827.340  0.0143        
 4827.360  0.0102        
 4827.380  0.0033        
 4827.400 -0.0040        
 4827.420 -0.0094        
 4827.440 -0.0118        
 4827.460 -0.0119        
 4827.480 -0.0110        
 4827.500 -0.0100        
 4827.520 -0.0096        
 4827.540 -0.0096        
 4827.560 -0.0095        
 4827.580 -0.0089        
 4827.600 -0.0073        
 4827.620 -0.0051        
 4827.640 -0.0025        
 4827.660 -0.0002        
 4827.680  0.0013        
 4827.700  0.0020        
 4827.720  0.0019        
 4827.740  0.0016        
 4827.760  0.0014        
 4827.780  0.0018        
 4827.800  0.0028        
 4827.820  0.0044        
 4827.840  0.0064        
 4827.860  0.0085        
 4827.880  0.0103        
 4827.900  0.0115        
 4827.920  0.0119        
 4827.940  0.0113        
 4827.960  0.0100        
 4827.980  0.0000        
 4828.000  0.0000        
